8 0.829102 0.397461 0.0175781 0.015625 0.000100076
11 0.34082 0.0878906 0.115234 0.0488281 0.000100613
11 0.350586 0.146484 0.210938 0.128906 0.000100911
6 0.769043 0.354492 0.131836 0.078125 0.000101089
0 0.623047 0.25 0.0703125 0.0800781 0.000101626
9 0.097168 0.228027 0.178711 0.209961 0.000101984
10 0.915039 0.547363 0.0625 0.108398 0.000101984
13 0.400391 0.193848 0.119141 0.168945 0.000102997
5 0.789062 0.188477 0.162109 0.166016 0.000103354
8 0.337891 0.447754 0.0175781 0.0166016 0.000103414
2 0.64209 0.256348 0.0224609 0.0205078 0.000103831
1 0.295898 0.130859 0.164062 0.132812 0.000103831
9 0.599121 0.159668 0.0771484 0.0869141 0.000104606
0 0.525879 0.30127 0.0947266 0.0927734 0.000105202
7 0.29541 0.399902 0.186523 0.112305 0.0001055
13 0.400391 0.337891 0.144531 0.279297 0.000105858
12 0.769531 0.138672 0.138672 0.0957031 0.000106156
8 0.321777 0.271973 0.00683594 0.00683594 0.000106394
0 0.518555 0.296387 0.0566406 0.0380859 0.000106931
10 0.784668 0.90332 0.37793 0.185547 0.00010699
3 0.769531 0.138672 0.138672 0.0957031 0.000107467
7 0.303223 0.326172 0.260742 0.285156 0.000108302
13 0.394043 0.257324 0.200195 0.204102 0.000108302
5 0.790527 0.342285 0.0966797 0.0517578 0.000109196
13 0.388672 0.435059 0.105469 0.0849609 0.000111401
9 0.800781 0.485352 0.228516 0.158203 0.000111878
9 0.704102 0.499512 0.210938 0.174805 0.000113606
8 0.389648 0.230469 0.0859375 0.0820312 0.000114322
9 0.634277 0.222168 0.0712891 0.0791016 0.000115156
5 0.273926 0.21582 0.286133 0.216797 0.000116825
13 0.738281 0.337402 0.152344 0.0712891 0.000117481
9 0.535645 0.364258 0.0986328 0.228516 0.0001176
5 0.547363 0.266113 0.241211 0.182617 0.0001176
13 0.380371 0.331055 0.0732422 0.0664062 0.000117779
5 0.176758 0.412109 0.115234 0.134766 0.000117958
9 0.0463867 0.860352 0.0302734 0.0761719 0.000118077
10 0.588379 0.255371 0.18457 0.166992 0.000118136
11 0.443359 0.119629 0.0839844 0.0732422 0.000118256
11 0.925781 0.584961 0.0371094 0.0605469 0.000120521
13 0.255859 0.327148 0.275391 0.283203 0.000121236
9 0.0112305 0.373535 0.0224609 0.163086 0.000123382
2 0.75 0.130371 0.15625 0.0869141 0.00012362
7 0.400879 0.269043 0.100586 0.124023 0.000123858
7 0.806152 0.346191 0.137695 0.149414 0.000124812
1 0.348633 0.106934 0.212891 0.0751953 0.000125647
11 0.90625 0.522949 0.0722656 0.141602 0.000126362
9 0.63623 0.120605 0.0712891 0.0439453 0.000126719
13 0.289062 0.224121 0.0742188 0.0556641 0.000128269
13 0.768555 0.354492 0.134766 0.0820312 0.000128865
3 0.625488 0.981445 0.411133 0.0351562 0.000131607
9 0.331543 0.109863 0.202148 0.0830078 0.000132918
6 0.766113 0.419434 0.208008 0.225586 0.000134349
3 0.4375 0.966309 0.474609 0.0673828 0.000134587
7 0.836426 0.394531 0.102539 0.195312 0.000136495
0 0.285156 0.124512 0.128906 0.0771484 0.000137568
13 0.328125 0.228027 0.232422 0.186523 0.000139713
0 0.943848 0.23291 0.112305 0.219727 0.000142932
9 0.0327148 0.181641 0.0654297 0.132812 0.000143051
5 0.791016 0.324219 0.158203 0.212891 0.000143647
0 0.538086 0.300293 0.183594 0.129883 0.000147462
7 0.872559 0.52002 0.133789 0.135742 0.000148296
9 0.260254 0.393555 0.229492 0.162109 0.000148416
3 0.289551 0.115723 0.124023 0.0673828 0.000149369
5 0.741699 0.334961 0.151367 0.0996094 0.000151396
9 0.173828 0.316895 0.347656 0.379883 0.000152826
9 0.718262 0.353027 0.272461 0.375977 0.000154376
12 0.294922 0.118164 0.169922 0.0859375 0.000154376
9 0.396484 0.29248 0.117188 0.198242 0.000157833
6 0.805176 0.368652 0.155273 0.186523 0.000158072
5 0.289551 0.327637 0.18457 0.0947266 0.000158906
8 0.792969 0.386719 0.0117188 0.00976562 0.000160813
8 0.746582 0.347168 0.0107422 0.0107422 0.000161529
9 0.22168 0.447266 0.285156 0.164062 0.000161767
9 0.459961 0.396973 0.177734 0.301758 0.000162363
9 0.65625 0.395508 0.015625 0.0117188 0.000164032
5 0.752441 0.138672 0.19043 0.0917969 0.000165701
8 0.40625 0.25293 0.0371094 0.03125 0.000168204
9 0.526367 0.209473 0.15625 0.124023 0.000169158
9 0.0629883 0.181152 0.124023 0.196289 0.000170112
3 0.274902 0.328125 0.299805 0.300781 0.000170469
13 0.790527 0.342285 0.0966797 0.0517578 0.000170469
13 0.369141 0.371582 0.0996094 0.116211 0.000172377
2 0.288086 0.120605 0.123047 0.0693359 0.000175476
5 0.232422 0.365234 0.185547 0.158203 0.000176191
11 0.605957 0.137695 0.0654297 0.078125 0.000177979
8 0.517578 0.297852 0.0488281 0.0390625 0.00018096
9 0.790039 0.946289 0.378906 0.101562 0.000181079
9 0.872559 0.52002 0.133789 0.135742 0.000181437
10 0.078125 0.554688 0.0390625 0.0742188 0.000184178
9 0.838379 0.421387 0.108398 0.233398 0.000184417
11 0.76123 0.123535 0.0791016 0.0537109 0.000185966
5 0.237305 0.501465 0.322266 0.102539 0.000187159
9 0.333984 0.269043 0.1875 0.131836 0.000187278
8 0.799805 0.280273 0.015625 0.0136719 0.000187874
7 0.760742 0.134766 0.146484 0.0898438 0.000193715
9 0.0961914 0.529785 0.0732422 0.106445 0.000196218
13 0.760742 0.134766 0.146484 0.0898438 0.000199795
0 0.533691 0.321289 0.223633 0.304688 0.000199914
7 0.772949 0.473145 0.266602 0.157227 0.000200629
7 0.464844 0.30957 0.0859375 0.126953 0.000200629
5 0.279785 0.325684 0.129883 0.0517578 0.000204206
11 0.652344 0.104492 0.0488281 0.0195312 0.000205874
13 0.810547 0.330566 0.0429688 0.0166016 0.000208139
13 0.279297 0.325195 0.128906 0.0488281 0.000212908
9 0.806152 0.346191 0.137695 0.149414 0.000213742
9 0.800293 0.530762 0.28418 0.129883 0.000213981
11 0.385742 0.0844727 0.164062 0.0322266 0.00021708
5 0.319336 0.41748 0.154297 0.0751953 0.000224471
0 0.497559 0.293457 0.155273 0.196289 0.000225902
13 0.405273 0.253906 0.0800781 0.0761719 0.000228763
3 0.588379 0.255371 0.18457 0.166992 0.000232458
5 0.178711 0.348633 0.335938 0.363281 0.000233889
5 0.692383 0.333984 0.285156 0.322266 0.000234485
8 0.61084 0.318848 0.0224609 0.0205078 0.00023675
9 0.731934 0.442871 0.202148 0.170898 0.000239491
10 0.790527 0.955566 0.379883 0.0849609 0.000242472
13 0.296875 0.278809 0.207031 0.161133 0.000251293
5 0.746582 0.449707 0.22168 0.180664 0.00026226
5 0.354492 0.359863 0.207031 0.254883 0.000267267
11 0.42041 0.10498 0.110352 0.0439453 0.000267267
13 0.364258 0.405762 0.0878906 0.0498047 0.000268459
9 0.288086 0.122559 0.128906 0.0771484 0.000269651
9 0.856445 0.475098 0.109375 0.15332 0.000271082
3 0.597656 0.46875 0.230469 0.134766 0.000277758
11 0.078125 0.554688 0.0390625 0.0742188 0.00027895
9 0.458984 0.305176 0.0683594 0.104492 0.000281096
13 0.380371 0.242676 0.0693359 0.0439453 0.000281096
9 0.591797 0.238281 0.177734 0.167969 0.000282288
10 0.760742 0.134766 0.146484 0.0898438 0.00028348
6 0.29541 0.399902 0.186523 0.112305 0.000293732
8 0.355469 0.279785 0.0117188 0.0126953 0.000302315
9 0.130371 0.504883 0.135742 0.15625 0.000308275
2 0.65625 0.395508 0.015625 0.0117188 0.000313044
10 0.92334 0.574219 0.0478516 0.0820312 0.000316381
9 0.75 0.130371 0.15625 0.0869141 0.000317812
11 0.816895 0.171387 0.0751953 0.0849609 0.000327349
11 0.616211 0.125 0.0644531 0.0429688 0.000332832
8 0.352051 0.192383 0.0146484 0.0117188 0.000334501
9 0.789062 0.394531 0.212891 0.277344 0.000338316
0 0.0864258 0.277344 0.172852 0.205078 0.000341892
13 0.803711 0.332031 0.0722656 0.0253906 0.000345945
11 0.640137 0.121582 0.0361328 0.0302734 0.000347614
0 0.0795898 0.19873 0.139648 0.0888672 0.000349998
11 0.251953 0.131836 0.132812 0.0742188 0.000381947
5 0.800781 0.324219 0.126953 0.111328 0.000382185
0 0.625488 0.27832 0.124023 0.189453 0.000387192
6 0.28418 0.328613 0.253906 0.268555 0.000390291
7 0.293457 0.118164 0.12793 0.0722656 0.000398636
6 0.388184 0.233398 0.0869141 0.0839844 0.000400066
11 0.272461 0.12793 0.0800781 0.0527344 0.000403166
6 0.831055 0.429688 0.136719 0.21875 0.000405788
6 0.61084 0.236816 0.118164 0.110352 0.000406742
2 0.643066 0.246094 0.0341797 0.0351562 0.00041008
7 0.817383 0.418945 0.189453 0.246094 0.000411272
0 0.544434 0.212891 0.225586 0.109375 0.000425339
13 0.293457 0.118164 0.12793 0.0722656 0.000434399
4 0.610352 0.23877 0.119141 0.114258 0.000439167
9 0.509766 0.30127 0.0761719 0.0615234 0.000441551
13 0.342285 0.397461 0.12793 0.0957031 0.000444174
9 0.391113 0.230957 0.0908203 0.0966797 0.000444412
13 0.293457 0.368652 0.204102 0.170898 0.000449657
7 0.610352 0.23877 0.119141 0.114258 0.000460148
11 0.650879 0.121094 0.118164 0.0566406 0.00046587
0 0.608887 0.231445 0.0615234 0.0800781 0.0004673
11 0.758789 0.137695 0.183594 0.164062 0.000469923
11 0.706543 0.102051 0.0751953 0.0244141 0.000473261
5 0.319336 0.274902 0.216797 0.202148 0.000483513
9 0.485352 0.210938 0.107422 0.269531 0.000484705
11 0.450195 0.103027 0.0566406 0.0341797 0.00048542
11 0.92041 0.567383 0.0537109 0.0878906 0.000487089
1 0.760742 0.134766 0.146484 0.0898438 0.000495911
5 0.385742 0.228027 0.107422 0.147461 0.000497818
0 0.0322266 0.219238 0.0644531 0.211914 0.000499725
8 0.331055 0.3125 0.0214844 0.0214844 0.000506878
5 0.315918 0.367676 0.19043 0.157227 0.000533104
8 0.63623 0.34082 0.0166016 0.0117188 0.000534058
5 0.610352 0.23877 0.119141 0.114258 0.000542164
10 0.293457 0.118164 0.12793 0.0722656 0.000544548
11 0.321777 0.102051 0.0751953 0.0400391 0.000602722
9 0.451172 0.233398 0.125 0.203125 0.00062418
12 0.610352 0.23877 0.119141 0.114258 0.000628471
2 0.63916 0.235352 0.0498047 0.0683594 0.000645638
7 0.469238 0.269531 0.116211 0.181641 0.000653744
13 0.341797 0.317871 0.195312 0.258789 0.000655651
5 0.751953 0.272461 0.21875 0.253906 0.000665665
9 0.303223 0.326172 0.260742 0.285156 0.000667095
0 0.61377 0.233398 0.180664 0.166016 0.000671387
8 0.310547 0.245605 0.0136719 0.0126953 0.000679016
7 0.391113 0.230957 0.0908203 0.0966797 0.000683784
9 0.223633 0.501953 0.314453 0.109375 0.000685692
11 0.404297 0.09375 0.126953 0.0273438 0.00068903
9 0.536133 0.345215 0.230469 0.358398 0.000704288
13 0.294922 0.414062 0.1875 0.0761719 0.00070858
2 0.650879 0.236328 0.0341797 0.0488281 0.000738621
11 0.299805 0.111816 0.0625 0.0400391 0.000741482
8 0.443848 0.492676 0.0224609 0.0166016 0.000766754
1 0.61084 0.236816 0.118164 0.110352 0.000786304
3 0.593262 0.388672 0.395508 0.267578 0.000807285
5 0.831543 0.458984 0.15332 0.166016 0.000816345
9 0.507812 0.302734 0.109375 0.132812 0.000818729
7 0.594238 0.458008 0.46582 0.162109 0.000819683
7 0.839355 0.47998 0.135742 0.137695 0.000824928
6 0.395508 0.249023 0.105469 0.152344 0.000855446
8 0.610352 0.23877 0.119141 0.114258 0.000855446
13 0.337891 0.248047 0.169922 0.105469 0.000861168
11 0.723633 0.107422 0.119141 0.0410156 0.000862598
11 0.594238 0.458008 0.46582 0.162109 0.00087595
5 0.396484 0.29248 0.117188 0.198242 0.000886917
12 0.594238 0.458008 0.46582 0.162109 0.000888824
1 0.594238 0.458008 0.46582 0.162109 0.000895977
11 0.637695 0.121582 0.0625 0.0400391 0.000901222
13 0.354492 0.42334 0.107422 0.0478516 0.000930309
2 0.594238 0.458008 0.46582 0.162109 0.000976086
4 0.594238 0.458008 0.46582 0.162109 0.000983238
3 0.0795898 0.244629 0.155273 0.18457 0.00098896
6 0.594238 0.458008 0.46582 0.162109 0.000990868
8 0.594238 0.458008 0.46582 0.162109 0.00101471
11 0.61084 0.236816 0.118164 0.110352 0.00104141
13 0.594238 0.458008 0.46582 0.162109 0.00109673
5 0.226562 0.411133 0.25 0.1875 0.00109863
10 0.610352 0.23877 0.119141 0.114258 0.0011282
13 0.61084 0.236816 0.118164 0.110352 0.00116539
9 0.516602 0.29834 0.0546875 0.0380859 0.00119305
1 0.293457 0.118164 0.12793 0.0722656 0.00121307
13 0.387207 0.42041 0.0849609 0.0478516 0.00122261
9 0.504883 0.361816 0.119141 0.301758 0.00124264
8 0.32373 0.272949 0.0126953 0.0107422 0.00124741
11 0.669922 0.103027 0.0996094 0.0185547 0.00128269
5 0.819336 0.370117 0.134766 0.183594 0.00148582
5 0.785645 0.355957 0.135742 0.0849609 0.00148964
10 0.594238 0.458008 0.46582 0.162109 0.00152016
5 0.594238 0.458008 0.46582 0.162109 0.00152683
9 0.61084 0.236816 0.118164 0.110352 0.00165367
13 0.388184 0.233398 0.0869141 0.0839844 0.00166702
9 0.594238 0.458008 0.46582 0.162109 0.00191879
2 0.615234 0.226074 0.107422 0.0888672 0.00192165
3 0.599609 0.51123 0.464844 0.143555 0.00205803
11 0.435059 0.0961914 0.0654297 0.0244141 0.00221825
11 0.645996 0.109863 0.0888672 0.0341797 0.0024395
5 0.27002 0.398926 0.204102 0.118164 0.00251389
3 0.61084 0.231445 0.116211 0.0957031 0.00280952
13 0.381348 0.256836 0.116211 0.152344 0.00281715
11 0.343262 0.108398 0.22168 0.0683594 0.00284576
0 0.59082 0.466309 0.464844 0.141602 0.00287056
11 0.291992 0.12793 0.1875 0.105469 0.00317383
11 0.375 0.0986328 0.191406 0.0410156 0.00321007
11 0.793945 0.151855 0.107422 0.104492 0.00364494
8 0.65625 0.395996 0.015625 0.0107422 0.00418472
13 0.374512 0.416992 0.0751953 0.0273438 0.00447464
9 0.474121 0.292969 0.0986328 0.191406 0.00518799
11 0.77832 0.136719 0.078125 0.0664062 0.00648499
5 0.789062 0.394531 0.212891 0.277344 0.00704956
9 0.510742 0.267578 0.179688 0.191406 0.00730896
0 0.630371 0.217285 0.0771484 0.0693359 0.00731659
0 0.0708008 0.221191 0.141602 0.19043 0.0116272
11 0.709961 0.117676 0.177734 0.0576172 0.0127029
11 0.321777 0.102539 0.124023 0.0546875 0.0142593
0 0.54541 0.256836 0.24707 0.140625 0.0174713
11 0.685059 0.104004 0.15332 0.0283203 0.0178528
5 0.277832 0.331543 0.25293 0.268555 0.0225983
11 0.760742 0.134766 0.146484 0.0898438 0.0601501
11 0.290039 0.115723 0.121094 0.0673828 0.139404
0 0.609863 0.231445 0.120117 0.0996094 0.67334
3 0.589844 0.457031 0.457031 0.128906 0.725586
