10 0.855957 0.657227 0.0654297 0.0683594 0.000100315
8 0.696289 0.489258 0.0371094 0.0332031 0.000101089
13 0.742188 0.567383 0.0800781 0.0996094 0.000101089
11 0.43457 0.125977 0.0410156 0.0234375 0.000102401
11 0.79834 0.593262 0.0380859 0.0341797 0.00010252
13 0.395996 0.116211 0.0498047 0.0390625 0.000102758
9 0.80957 0.220703 0.0449219 0.0566406 0.000102818
11 0.622559 0.0742188 0.0458984 0.0214844 0.000102937
11 0.820312 0.849609 0.359375 0.300781 0.000104785
7 0.387207 0.0878906 0.163086 0.0546875 0.000104845
2 0.572266 0.243652 0.0898438 0.0771484 0.000105679
7 0.782715 0.508301 0.15332 0.219727 0.000106037
13 0.36084 0.121582 0.0693359 0.0791016 0.000107586
5 0.769531 0.553223 0.162109 0.139648 0.000107765
13 0.217285 0.1875 0.0322266 0.0390625 0.000109076
2 0.435059 0.121582 0.0458984 0.0302734 0.000109375
11 0.378418 0.0556641 0.0537109 0.015625 0.000109494
13 0.338379 0.0957031 0.0439453 0.046875 0.00011009
11 0.866699 0.680664 0.0283203 0.046875 0.000112116
13 0.257324 0.230957 0.125977 0.125977 0.000113249
9 0.750977 0.55127 0.150391 0.139648 0.000113547
3 0.951172 0.578125 0.0976562 0.279297 0.000113904
8 0.450684 0.335938 0.0166016 0.015625 0.000114977
0 0.584473 0.230469 0.0576172 0.0488281 0.000115097
9 0.267578 0.229492 0.109375 0.0703125 0.000116408
8 0.662598 0.185059 0.0224609 0.0205078 0.000116527
9 0.775391 0.577148 0.126953 0.0839844 0.000116587
11 0.855957 0.657227 0.0654297 0.0683594 0.000116706
13 0.799805 0.592285 0.0332031 0.0302734 0.000116944
8 0.591797 0.236816 0.015625 0.0126953 0.000117719
13 0.380859 0.161133 0.03125 0.0253906 0.000117898
7 0.385254 0.11084 0.118164 0.0654297 0.000118852
11 0.330078 0.853516 0.660156 0.292969 0.000119567
8 0.696289 0.410156 0.0351562 0.0292969 0.000119865
13 0.967285 0.10791 0.0595703 0.0400391 0.000121474
13 0.687012 0.23291 0.0771484 0.125977 0.00012207
7 0.799805 0.59375 0.0605469 0.046875 0.000123024
0 0.796875 0.59375 0.0410156 0.0351562 0.000123024
9 0.708496 0.600098 0.149414 0.0556641 0.000126481
11 0.341797 0.0732422 0.0703125 0.0214844 0.000127554
13 0.981934 0.236816 0.0322266 0.0322266 0.000129342
7 0.348145 0.0756836 0.12207 0.0341797 0.000129342
13 0.812012 0.220215 0.0478516 0.0537109 0.000132918
11 0.395996 0.0800781 0.0947266 0.0351562 0.000133038
8 0.409668 0.135742 0.0869141 0.0625 0.000133157
11 0.609375 0.0922852 0.0507812 0.0244141 0.00013411
13 0.727051 0.586914 0.0419922 0.0390625 0.000134468
10 0.869629 0.655273 0.0322266 0.0507812 0.000136495
9 0.51709 0.383789 0.174805 0.486328 0.00013721
6 0.744141 0.566895 0.0917969 0.0986328 0.000137568
6 0.797852 0.59375 0.0390625 0.03125 0.000138164
13 0.303711 0.494141 0.105469 0.0996094 0.000138283
7 0.435547 0.118164 0.0410156 0.0273438 0.000139713
11 0.264648 0.94043 0.478516 0.115234 0.000139952
4 0.725586 0.585938 0.0429688 0.0390625 0.000140429
13 0.385254 0.161133 0.0537109 0.0390625 0.00014174
11 0.651855 0.078125 0.0576172 0.0175781 0.00014317
11 0.304199 0.11377 0.118164 0.0537109 0.00014317
9 0.742188 0.640625 0.28125 0.0859375 0.00014317
9 0.433594 0.112793 0.0644531 0.0478516 0.000144124
4 0.423828 0.125 0.0625 0.0371094 0.000144958
3 0.195312 0.874023 0.390625 0.236328 0.000146389
2 0.729004 0.584961 0.0419922 0.0390625 0.000146508
13 0.335449 0.246582 0.186523 0.0830078 0.000146985
9 0.258301 0.67041 0.321289 0.163086 0.000147343
11 0.583008 0.106934 0.0371094 0.0244141 0.000149727
8 0.410156 0.390137 0.0273438 0.0283203 0.000150919
9 0.484863 0.562012 0.172852 0.325195 0.000152111
11 0.571777 0.243652 0.0908203 0.0771484 0.00015378
9 0.150391 0.746094 0.0195312 0.0175781 0.000153899
7 0.429688 0.109375 0.078125 0.0683594 0.000154495
3 0.797852 0.59375 0.0390625 0.03125 0.000154734
8 0.472168 0.367188 0.0185547 0.0214844 0.000154734
13 0.40918 0.122559 0.0507812 0.0302734 0.000154972
8 0.110352 0.487793 0.0078125 0.00683594 0.000155091
13 0.350586 0.13623 0.0136719 0.0126953 0.000155687
13 0.431641 0.170898 0.0800781 0.111328 0.000156879
13 0.908203 0.928711 0.183594 0.142578 0.000157595
13 0.228516 0.222656 0.111328 0.0546875 0.000157714
13 0.430176 0.109863 0.0751953 0.0693359 0.00015986
11 0.74707 0.101562 0.0488281 0.0273438 0.000160575
8 0.651855 0.470215 0.0205078 0.0185547 0.000161529
3 0.863281 0.353516 0.273438 0.458984 0.000162244
9 0.732422 0.578125 0.0820312 0.0722656 0.000164628
13 0.245117 0.209961 0.03125 0.0234375 0.000164866
0 0.103516 0.376465 0.207031 0.75293 0.000165582
13 0.815918 0.219238 0.0283203 0.0302734 0.000168443
9 0.308105 0.360352 0.31543 0.490234 0.000169039
8 0.351562 0.137207 0.00976562 0.0107422 0.000169992
1 0.401367 0.12207 0.0996094 0.0605469 0.000170827
11 0.628906 0.103516 0.0859375 0.0390625 0.000174403
13 0.671875 0.179199 0.0429688 0.0283203 0.000177979
13 0.78418 0.594727 0.0644531 0.0410156 0.000178456
10 0.222656 0.829102 0.445312 0.341797 0.000179052
11 0.869629 0.655273 0.0322266 0.0488281 0.000180006
13 0.978516 0.126953 0.0351562 0.0605469 0.000183105
8 0.435059 0.118652 0.0380859 0.0283203 0.000186086
5 0.0605469 0.960938 0.121094 0.0742188 0.000186324
13 0.37793 0.108887 0.046875 0.0419922 0.00018847
11 0.395996 0.0566406 0.0478516 0.0136719 0.000190854
13 0.764648 0.58252 0.09375 0.0673828 0.000198722
2 0.406738 0.145508 0.112305 0.138672 0.000201464
13 0.350098 0.135254 0.0556641 0.0341797 0.000202537
11 0.759277 0.109375 0.0615234 0.0410156 0.000208139
2 0.399902 0.116699 0.100586 0.0556641 0.000210404
6 0.264648 0.94043 0.478516 0.115234 0.000211239
11 0.275879 0.0976562 0.106445 0.0722656 0.000217319
11 0.405762 0.137695 0.118164 0.136719 0.000218272
9 0.681641 0.615234 0.183594 0.0429688 0.000219345
13 0.344238 0.104004 0.0771484 0.0673828 0.000228167
13 0.218262 0.210449 0.0791016 0.0322266 0.000228763
8 0.774902 0.505371 0.0302734 0.0263672 0.000229239
7 0.750977 0.55127 0.150391 0.139648 0.000233173
8 0.42334 0.175781 0.0166016 0.0175781 0.000233173
5 0.264648 0.94043 0.478516 0.115234 0.00023365
11 0.360352 0.0673828 0.0742188 0.0195312 0.000239372
7 0.775391 0.577148 0.126953 0.0839844 0.000240207
1 0.423828 0.125 0.0625 0.0371094 0.000241041
9 0.734375 0.367676 0.294922 0.551758 0.000248194
4 0.797363 0.59375 0.0400391 0.0351562 0.000249863
0 0.92334 0.377441 0.15332 0.530273 0.000250578
11 0.609863 0.104004 0.0595703 0.0263672 0.000254631
13 0.435547 0.122559 0.0429688 0.0283203 0.000259161
13 0.210449 0.199707 0.0283203 0.0419922 0.000260115
11 0.318848 0.0922852 0.249023 0.0908203 0.000260115
12 0.253418 0.637695 0.295898 0.119141 0.000262976
9 0.575195 0.559082 0.371094 0.133789 0.000273466
13 0.249023 0.206055 0.0546875 0.0351562 0.000279665
8 0.825684 0.518066 0.0146484 0.0146484 0.000280619
8 0.414551 0.130371 0.0341797 0.0205078 0.000282764
9 0.571777 0.243652 0.0908203 0.0771484 0.000284672
8 0.430176 0.520508 0.0263672 0.0195312 0.000287771
9 0.240234 0.666992 0.285156 0.0742188 0.000289917
6 0.423828 0.125 0.0625 0.0371094 0.000290394
11 0.437988 0.111816 0.0498047 0.0322266 0.000291109
11 0.370117 0.0610352 0.0722656 0.0224609 0.000291348
13 0.668945 0.223633 0.105469 0.197266 0.000296831
11 0.778809 0.121582 0.0517578 0.0478516 0.000299931
13 0.378418 0.147461 0.0849609 0.0703125 0.000312567
9 0.607422 0.617188 0.0917969 0.0527344 0.000313759
11 0.62207 0.0703125 0.0839844 0.0195312 0.00031662
2 0.797852 0.59375 0.0390625 0.03125 0.000317574
13 0.223145 0.194336 0.0595703 0.0429688 0.000322104
9 0.727539 0.585449 0.0390625 0.0361328 0.000323772
11 0.696777 0.0932617 0.102539 0.0283203 0.00033164
13 0.640137 0.321777 0.0380859 0.0263672 0.000334263
3 0.571777 0.243652 0.0908203 0.0771484 0.000336409
9 0.435059 0.118652 0.0400391 0.0283203 0.000338316
8 0.396973 0.39502 0.0439453 0.0341797 0.000341177
13 0.318848 0.475586 0.0830078 0.0585938 0.000354052
7 0.732422 0.568359 0.0859375 0.0917969 0.000363111
13 0.264648 0.94043 0.478516 0.115234 0.000367641
13 0.385742 0.550781 0.0664062 0.0742188 0.00037837
11 0.316406 0.0849609 0.146484 0.0605469 0.00037837
9 0.110352 0.486816 0.0078125 0.00878906 0.000386238
6 0.400391 0.125977 0.101562 0.0800781 0.000395775
13 0.351562 0.194336 0.208984 0.193359 0.000396013
13 0.4375 0.46875 0.0449219 0.0351562 0.000409603
8 0.729492 0.579102 0.0859375 0.0703125 0.000455379
11 0.418457 0.0712891 0.0888672 0.0390625 0.000455856
3 0.111816 0.950684 0.223633 0.0966797 0.000467539
13 0.424805 0.13916 0.0625 0.0576172 0.00047493
7 0.727051 0.585938 0.0400391 0.0390625 0.000483036
13 0.33252 0.121582 0.112305 0.0576172 0.000492573
11 0.647461 0.0913086 0.103516 0.0341797 0.000504971
13 0.233887 0.209473 0.0791016 0.0517578 0.000519276
13 0.303223 0.122559 0.0986328 0.0400391 0.000525475
11 0.639648 0.0742188 0.0488281 0.015625 0.000530243
13 0.434082 0.474609 0.0380859 0.0175781 0.000535965
11 0.375977 0.104004 0.175781 0.0732422 0.000576496
3 0.573242 0.532227 0.400391 0.259766 0.00058794
8 0.737793 0.484375 0.0361328 0.0351562 0.000618935
11 0.593262 0.102051 0.0517578 0.0361328 0.000622272
2 0.408691 0.13623 0.0888672 0.0634766 0.000630856
13 0.348633 0.0893555 0.134766 0.0556641 0.00066328
13 0.287598 0.232422 0.145508 0.078125 0.0006814
7 0.405762 0.131836 0.0986328 0.078125 0.000715256
13 0.663086 0.266602 0.0800781 0.123047 0.000849724
9 0.25 0.625 0.277344 0.109375 0.000899315
13 0.363281 0.101562 0.0527344 0.0429688 0.000904083
13 0.375977 0.103027 0.0957031 0.0556641 0.000924587
2 0.422363 0.129883 0.0595703 0.0390625 0.000936508
9 0.405762 0.131836 0.0986328 0.078125 0.000939369
11 0.398438 0.0581055 0.0761719 0.0205078 0.000961781
11 0.40918 0.13623 0.0859375 0.0595703 0.000992775
11 0.613281 0.0947266 0.0761719 0.0371094 0.00106621
11 0.435059 0.104004 0.0732422 0.0615234 0.00109291
8 0.424316 0.12793 0.0537109 0.03125 0.0011158
8 0.799805 0.59375 0.0605469 0.046875 0.00116825
10 0.111816 0.669922 0.0322266 0.0351562 0.00123787
13 0.362305 0.115723 0.142578 0.0849609 0.00127983
13 0.386719 0.155273 0.138672 0.148438 0.0012846
11 0.671387 0.078125 0.0947266 0.0332031 0.00147152
11 0.111816 0.669922 0.0322266 0.0351562 0.00151253
11 0.446777 0.0908203 0.0556641 0.0449219 0.00154114
11 0.62207 0.0820312 0.0820312 0.0332031 0.00154686
11 0.387207 0.065918 0.12207 0.0302734 0.00161457
9 0.423828 0.125 0.0625 0.0371094 0.00198364
11 0.31543 0.0776367 0.078125 0.0341797 0.00200844
7 0.423828 0.125 0.0625 0.0371094 0.00208473
11 0.421875 0.0878906 0.09375 0.0527344 0.00214195
9 0.795898 0.594238 0.0371094 0.0322266 0.0022583
7 0.797852 0.59375 0.0390625 0.03125 0.00234222
11 0.406738 0.115234 0.102539 0.0664062 0.00238609
13 0.26416 0.222656 0.0830078 0.0605469 0.00246239
13 0.424805 0.12793 0.0488281 0.0292969 0.00285721
11 0.291992 0.0849609 0.0820312 0.0449219 0.0036335
11 0.428223 0.123535 0.0576172 0.0380859 0.00380707
13 0.410156 0.153809 0.0878906 0.0830078 0.00470352
11 0.862793 0.666016 0.0341797 0.0507812 0.00505066
10 0.862793 0.666016 0.0341797 0.0488281 0.00523758
11 0.648438 0.074707 0.0898438 0.0205078 0.006073
11 0.348633 0.0708008 0.119141 0.0302734 0.00870514
8 0.725586 0.586914 0.0410156 0.0390625 0.0113907
11 0.376953 0.081543 0.171875 0.0458984 0.0136948
13 0.411133 0.124023 0.0839844 0.0429688 0.0204163
11 0.262695 0.0976562 0.0683594 0.0429688 0.0262604
13 0.400391 0.125977 0.101562 0.0800781 0.0286407
3 0.576172 0.558105 0.376953 0.124023 0.0364685
8 0.797852 0.59375 0.0390625 0.03125 0.0441284
0 0.571777 0.243652 0.0908203 0.0771484 0.0754395
