13 0.335449 0.553711 0.196289 0.173828 0.000129104
13 0.41748 0.202637 0.0751953 0.106445 0.000129223
13 0.42334 0.36377 0.0595703 0.0458984 0.000129342
8 0.404297 0.632812 0.0136719 0.0136719 0.00012958
5 0.555664 0.31543 0.0859375 0.0957031 0.000130415
9 0.157227 0.45166 0.279297 0.586914 0.000132561
13 0.713379 0.348633 0.135742 0.103516 0.000133395
13 0.404297 0.162598 0.0527344 0.0576172 0.000133634
11 0.407715 0.14209 0.0498047 0.0283203 0.000133991
11 0.386719 0.208008 0.0761719 0.111328 0.000134587
12 0.701172 0.501465 0.212891 0.481445 0.000135064
9 0.390137 0.222656 0.0888672 0.105469 0.000136256
9 0.730469 0.646973 0.0683594 0.0537109 0.000136256
10 0.556152 0.314941 0.0849609 0.0927734 0.000136971
9 0.729492 0.350586 0.09375 0.0605469 0.000137091
7 0.40625 0.133301 0.0878906 0.0244141 0.00013721
9 0.985352 0.786621 0.0253906 0.0830078 0.000138521
9 0.279297 0.269531 0.03125 0.015625 0.000138879
9 0.0673828 0.449707 0.134766 0.635742 0.000138879
7 0.291504 0.598145 0.108398 0.174805 0.00014174
7 0.757324 0.716309 0.0205078 0.0205078 0.000141978
8 0.317383 0.526855 0.046875 0.0400391 0.000142336
11 0.710449 0.572754 0.0224609 0.0205078 0.000144005
9 0.739258 0.406738 0.115234 0.192383 0.000144839
9 0.540527 0.851562 0.186523 0.255859 0.000146031
11 0.644043 0.131348 0.106445 0.0283203 0.000147104
3 0.374023 0.243164 0.0429688 0.0351562 0.000147343
11 0.445801 0.145996 0.0576172 0.0419922 0.000147343
11 0.577148 0.141113 0.0507812 0.0419922 0.000148058
9 0.050293 0.885254 0.0927734 0.211914 0.000149131
2 0.758789 0.719727 0.0253906 0.0292969 0.0001508
10 0.749023 0.359863 0.0742188 0.0986328 0.000151634
9 0.880371 0.936523 0.233398 0.111328 0.000151634
13 0.326172 0.520508 0.0351562 0.0234375 0.000153422
6 0.710449 0.577148 0.0400391 0.046875 0.000154138
11 0.403809 0.162109 0.0654297 0.0664062 0.000154495
11 0.609375 0.13916 0.0488281 0.0263672 0.000154614
9 0.974609 0.878418 0.0488281 0.166992 0.000154734
4 0.326172 0.533691 0.09375 0.0751953 0.000156999
13 0.643066 0.657715 0.0927734 0.155273 0.000157833
12 0.932129 0.479004 0.135742 0.729492 0.00015986
0 0.375488 0.246094 0.0400391 0.03125 0.000162125
13 0.653809 0.611816 0.143555 0.225586 0.000165582
8 0.348633 0.556152 0.0078125 0.00878906 0.000167012
9 0.0283203 0.728027 0.0566406 0.43457 0.00016892
8 0.287109 0.431152 0.0195312 0.0166016 0.000170827
9 0.349609 0.519043 0.0820312 0.0537109 0.00017345
1 0.40625 0.133301 0.0878906 0.0244141 0.000174046
11 0.424805 0.137207 0.0488281 0.0166016 0.00017488
8 0.405273 0.262207 0.0195312 0.0185547 0.000177264
7 0.977051 0.78418 0.0439453 0.0957031 0.000177979
8 0.701172 0.578125 0.0429688 0.03125 0.000180006
11 0.208008 0.80957 0.0585938 0.0585938 0.000181556
3 0.135254 0.894531 0.270508 0.1875 0.000182033
8 0.638184 0.231445 0.0458984 0.0410156 0.000182748
8 0.365234 0.393555 0.0234375 0.0195312 0.000183225
11 0.567871 0.169922 0.0439453 0.0605469 0.000183702
11 0.390625 0.137695 0.0507812 0.0195312 0.000184417
11 0.555176 0.312988 0.0869141 0.0888672 0.000185132
8 0.638184 0.460449 0.0126953 0.0107422 0.000186563
10 0.975586 0.773926 0.0488281 0.112305 0.000186801
10 0.208008 0.80957 0.0585938 0.0585938 0.000187278
8 0.709961 0.569336 0.107422 0.173828 0.000187993
6 0.719727 0.575684 0.0800781 0.0927734 0.000188828
13 0.771484 0.340332 0.046875 0.0419922 0.000188947
0 0.881836 0.919922 0.236328 0.148438 0.000189304
5 0.33252 0.535645 0.108398 0.0849609 0.000189662
8 0.591797 0.579102 0.015625 0.015625 0.000191808
8 0.754395 0.429199 0.0341797 0.0244141 0.000192285
10 0.966797 0.806641 0.0625 0.105469 0.000192404
9 0.599609 0.715332 0.148438 0.0361328 0.000195742
11 0.978516 0.775391 0.0429688 0.111328 0.000195742
7 0.346191 0.621582 0.118164 0.133789 0.000196338
5 0.737305 0.681152 0.115234 0.143555 0.000197053
5 0.748535 0.583984 0.0791016 0.130859 0.000197291
7 0.349609 0.519043 0.0820312 0.0537109 0.000197649
9 0.866211 0.43457 0.267578 0.746094 0.000199676
8 0.326172 0.533691 0.09375 0.0751953 0.000200391
7 0.312012 0.53418 0.0517578 0.0625 0.000200748
13 0.589844 0.150879 0.0625 0.0556641 0.000204682
9 0.372559 0.254883 0.0322266 0.015625 0.00020504
7 0.710449 0.574219 0.0341797 0.0292969 0.000205636
13 0.376953 0.254883 0.0332031 0.0175781 0.000205636
11 0.415527 0.68457 0.0771484 0.0292969 0.00020659
7 0.719727 0.575684 0.0800781 0.0927734 0.000208497
8 0.301758 0.576172 0.0273438 0.0234375 0.000209332
13 0.618164 0.660645 0.0566406 0.135742 0.000209332
3 0.86084 0.927246 0.27832 0.124023 0.00021565
1 0.589355 0.150879 0.0634766 0.0556641 0.000216126
13 0.361816 0.504883 0.0361328 0.03125 0.000217915
9 0.970215 0.825195 0.0537109 0.0839844 0.000218272
9 0.33252 0.535645 0.108398 0.0849609 0.000220418
13 0.73584 0.669434 0.104492 0.165039 0.000221372
8 0.297363 0.569336 0.0498047 0.0390625 0.000221848
7 0.731445 0.643066 0.0800781 0.0693359 0.000222087
3 0.769043 0.999023 0.461914 0.00195312 0.000225782
9 0.758301 0.718262 0.0244141 0.0263672 0.000226498
13 0.340332 0.52002 0.0576172 0.0341797 0.000234842
8 0.372559 0.254883 0.0322266 0.015625 0.000238419
13 0.725098 0.648438 0.0908203 0.0820312 0.000240922
12 0.374023 0.243164 0.0429688 0.0351562 0.000241756
13 0.693359 0.498535 0.119141 0.202148 0.000244379
2 0.556152 0.314453 0.0849609 0.0898438 0.000246286
1 0.746582 0.353027 0.0771484 0.0751953 0.000246763
6 0.729492 0.461914 0.142578 0.447266 0.000247002
9 0.462402 0.320801 0.0322266 0.0380859 0.000250101
8 0.757812 0.711426 0.015625 0.0126953 0.000254869
6 0.378906 0.234863 0.0566406 0.0556641 0.000257254
13 0.281738 0.272461 0.0439453 0.0253906 0.000257969
8 0.67334 0.475098 0.0146484 0.0126953 0.000261307
5 0.713379 0.575195 0.0263672 0.0214844 0.000264168
0 0.756836 0.34375 0.0449219 0.046875 0.000264883
11 0.749023 0.359863 0.0742188 0.0986328 0.00026679
13 0.634277 0.691895 0.0322266 0.0654297 0.00026679
9 0.716309 0.574707 0.0380859 0.0322266 0.000267029
13 0.400391 0.136719 0.0878906 0.0273438 0.000267506
13 0.719727 0.575684 0.0800781 0.0927734 0.000267506
13 0.385254 0.680176 0.0458984 0.0400391 0.000268459
9 0.0532227 0.643555 0.106445 0.597656 0.000269413
9 0.464355 0.179199 0.0439453 0.12207 0.000271559
1 0.306152 0.556152 0.0966797 0.137695 0.000271797
7 0.729492 0.461914 0.142578 0.447266 0.000277281
3 0.555176 0.312988 0.0869141 0.0888672 0.000279903
10 0.0219727 0.657227 0.0439453 0.523438 0.000284195
11 0.60791 0.177246 0.106445 0.108398 0.000288725
4 0.758789 0.333496 0.0390625 0.0283203 0.000296116
2 0.386719 0.241211 0.0664062 0.0488281 0.000296593
13 0.457031 0.323242 0.0195312 0.0332031 0.000297308
7 0.591309 0.404297 0.0888672 0.0722656 0.000300646
11 0.623535 0.15918 0.112305 0.0488281 0.000302553
8 0.693848 0.46875 0.0224609 0.0175781 0.000305891
7 0.73291 0.61084 0.110352 0.178711 0.00030756
9 0.966309 0.503906 0.0634766 0.673828 0.000312328
10 0.374023 0.243164 0.0429688 0.0351562 0.000312805
9 0.675293 0.463867 0.25293 0.5 0.000317574
5 0.716309 0.569824 0.0400391 0.0302734 0.000318289
9 0.0927734 0.901367 0.132812 0.144531 0.000327587
13 0.399902 0.187012 0.0556641 0.0927734 0.000327826
7 0.767578 0.331055 0.0234375 0.0175781 0.00033164
10 0.803711 0.818848 0.03125 0.0478516 0.000338793
2 0.459961 0.323242 0.03125 0.0390625 0.0003407
13 0.621094 0.568848 0.0390625 0.0556641 0.000340939
5 0.709961 0.628906 0.199219 0.248047 0.000341654
9 0.592773 0.400879 0.0878906 0.0673828 0.000344992
6 0.725098 0.648438 0.0908203 0.0820312 0.00034833
13 0.385742 0.653809 0.0507812 0.0830078 0.000362635
13 0.372559 0.509277 0.0693359 0.0380859 0.000367165
6 0.713379 0.575195 0.0263672 0.0214844 0.000368357
13 0.743164 0.38623 0.0917969 0.141602 0.000373125
9 0.980469 0.704102 0.0390625 0.267578 0.000383854
11 0.803711 0.819336 0.03125 0.0488281 0.000386953
8 0.730957 0.647461 0.0654297 0.0527344 0.000386953
3 0.753906 0.34375 0.0449219 0.046875 0.000387192
13 0.349609 0.550293 0.105469 0.0380859 0.000388384
8 0.719727 0.575684 0.0800781 0.0927734 0.000388861
13 0.710449 0.49707 0.174805 0.400391 0.000390291
9 0.974121 0.932617 0.0517578 0.125 0.000399828
11 0.35791 0.151855 0.0869141 0.0556641 0.000400305
8 0.625977 0.375488 0.0175781 0.0146484 0.000407219
5 0.374023 0.244141 0.0410156 0.0332031 0.000412941
11 0.57959 0.177734 0.0537109 0.09375 0.000415802
0 0.532715 0.321289 0.15332 0.115234 0.000415802
9 0.758789 0.333496 0.0390625 0.0302734 0.000431299
11 0.410645 0.146484 0.120117 0.0683594 0.000433445
8 0.591309 0.404297 0.0888672 0.0742188 0.000441074
13 0.69043 0.503906 0.0371094 0.0273438 0.000449419
9 0.416504 0.684082 0.0771484 0.0322266 0.000449657
13 0.716309 0.574707 0.0380859 0.0322266 0.000456572
9 0.583008 0.151855 0.0585938 0.0556641 0.000458241
6 0.750488 0.388672 0.0966797 0.166016 0.000464201
9 0.932129 0.479004 0.135742 0.729492 0.000476122
5 0.750488 0.388672 0.0966797 0.166016 0.000481129
8 0.746094 0.362793 0.0800781 0.102539 0.000494957
8 0.760742 0.720703 0.0371094 0.0351562 0.000494957
9 0.0693359 0.930664 0.0761719 0.126953 0.000507832
12 0.303223 0.550781 0.0732422 0.0742188 0.00052166
9 0.556152 0.314941 0.0849609 0.0927734 0.000527382
11 0.30127 0.19873 0.0244141 0.0263672 0.000534534
1 0.374023 0.243164 0.0429688 0.0351562 0.000545979
8 0.62207 0.653809 0.015625 0.0146484 0.000547409
11 0.405273 0.120117 0.0839844 0.0332031 0.000555992
8 0.763184 0.732422 0.0166016 0.015625 0.00055933
13 0.384766 0.211426 0.0664062 0.0986328 0.000568867
12 0.752441 0.34668 0.0498047 0.0488281 0.000612736
9 0.0512695 0.84375 0.0595703 0.148438 0.000629902
8 0.323242 0.519043 0.0214844 0.0185547 0.00063324
11 0.652832 0.144043 0.0751953 0.0302734 0.000654697
9 0.306152 0.55127 0.106445 0.12793 0.00067997
11 0.618652 0.126953 0.0791016 0.0195312 0.000742912
11 0.307617 0.191406 0.0429688 0.0410156 0.000756741
2 0.710449 0.572754 0.0224609 0.0205078 0.000763893
6 0.729004 0.597168 0.129883 0.241211 0.00077343
5 0.302246 0.562012 0.106445 0.129883 0.00077486
10 0.303223 0.549805 0.0791016 0.0820312 0.00078249
8 0.45752 0.321777 0.0205078 0.0361328 0.000789642
7 0.381836 0.234863 0.0625 0.0537109 0.000804424
11 0.586914 0.165039 0.0507812 0.0429688 0.000809193
5 0.725098 0.648438 0.0908203 0.0820312 0.000848293
11 0.59375 0.131836 0.0625 0.0273438 0.00086689
3 0.303223 0.549805 0.0771484 0.0839844 0.000867844
9 0.386719 0.241211 0.0664062 0.0488281 0.000881672
11 0.637695 0.153809 0.160156 0.0810547 0.0008955
9 0.510254 0.535645 0.151367 0.415039 0.000909805
8 0.762207 0.337402 0.0400391 0.0341797 0.000946999
13 0.729004 0.597168 0.129883 0.241211 0.000947475
13 0.767578 0.331055 0.0234375 0.0175781 0.000950336
9 0.960938 0.8125 0.078125 0.146484 0.000991821
6 0.305664 0.553711 0.101562 0.175781 0.000995636
13 0.621582 0.585449 0.0537109 0.0927734 0.00099659
8 0.387695 0.241211 0.0683594 0.046875 0.00100231
8 0.306152 0.556152 0.0966797 0.137695 0.00100517
7 0.583008 0.151367 0.0566406 0.0546875 0.00101089
9 0.978027 0.756836 0.0400391 0.115234 0.00101757
7 0.33252 0.535645 0.108398 0.0849609 0.00101757
6 0.758789 0.333496 0.0390625 0.0283203 0.00103664
10 0.751465 0.347168 0.0498047 0.0498047 0.0010376
11 0.692871 0.160156 0.0595703 0.0488281 0.00105286
8 0.716309 0.574707 0.0380859 0.0322266 0.00106812
13 0.624512 0.62207 0.0791016 0.177734 0.00107002
9 0.942871 0.885254 0.114258 0.22168 0.00107479
4 0.306152 0.556152 0.0966797 0.137695 0.0011425
5 0.753418 0.369629 0.0673828 0.100586 0.00115585
5 0.720703 0.568359 0.0800781 0.0996094 0.00120068
7 0.743164 0.38623 0.0917969 0.141602 0.00121689
13 0.386719 0.241211 0.0664062 0.0488281 0.00122643
6 0.33252 0.535645 0.108398 0.0849609 0.00130844
2 0.750488 0.347168 0.0517578 0.0478516 0.00134182
13 0.631836 0.679199 0.0546875 0.0849609 0.00137138
9 0.73291 0.61084 0.110352 0.178711 0.00137806
9 0.746094 0.362793 0.0800781 0.102539 0.00137901
9 0.455566 0.32373 0.0146484 0.0302734 0.00140285
13 0.302246 0.562012 0.106445 0.129883 0.00144005
13 0.710449 0.572754 0.0224609 0.0205078 0.00146198
11 0.429688 0.138672 0.0820312 0.0273438 0.0014677
11 0.303223 0.546875 0.0810547 0.0898438 0.00148392
11 0.375488 0.244141 0.0400391 0.0332031 0.00150394
13 0.279297 0.269531 0.03125 0.015625 0.0015173
0 0.302246 0.548828 0.0732422 0.0761719 0.00158978
4 0.748535 0.353516 0.0654297 0.078125 0.00160217
11 0.633789 0.136719 0.0722656 0.0214844 0.00161076
8 0.763672 0.33252 0.0273438 0.0205078 0.00163078
4 0.374023 0.243164 0.0429688 0.0351562 0.00166798
11 0.752441 0.347168 0.0478516 0.0498047 0.00171947
5 0.724609 0.553711 0.109375 0.175781 0.00183868
9 0.73584 0.547852 0.137695 0.380859 0.00195694
7 0.710449 0.572754 0.0224609 0.0205078 0.00208282
9 0.710449 0.572754 0.0224609 0.0205078 0.00246811
11 0.576172 0.15625 0.0429688 0.046875 0.00248146
10 0.208984 0.813965 0.0332031 0.0439453 0.00253105
2 0.455078 0.32373 0.015625 0.0283203 0.0025425
8 0.405273 0.635254 0.00976562 0.00878906 0.00267029
11 0.32373 0.172852 0.0693359 0.0703125 0.00284386
5 0.701172 0.501465 0.212891 0.481445 0.00291252
6 0.374023 0.244141 0.0410156 0.0332031 0.00294495
11 0.208984 0.813477 0.0332031 0.0429688 0.00313568
1 0.751953 0.346191 0.0488281 0.0478516 0.00317001
2 0.303223 0.550293 0.0791016 0.0830078 0.00330162
7 0.758789 0.333496 0.0390625 0.0283203 0.00330353
13 0.746582 0.353027 0.0771484 0.0751953 0.00340271
13 0.331543 0.539062 0.108398 0.0898438 0.00343513
13 0.758789 0.333496 0.0390625 0.0302734 0.00348091
7 0.306152 0.55127 0.106445 0.12793 0.00357628
8 0.757324 0.716309 0.0205078 0.0205078 0.00415802
5 0.302734 0.550781 0.0742188 0.0800781 0.00418472
13 0.349609 0.518555 0.0800781 0.0546875 0.00435638
1 0.302734 0.550781 0.0742188 0.0800781 0.00450134
11 0.342285 0.152344 0.0458984 0.046875 0.0051918
11 0.406738 0.133789 0.0517578 0.015625 0.00557709
5 0.753418 0.34668 0.0498047 0.0507812 0.00627518
5 0.735352 0.621582 0.113281 0.168945 0.00698853
9 0.304199 0.550781 0.0751953 0.078125 0.00705338
11 0.420898 0.129883 0.09375 0.0253906 0.00737381
6 0.746582 0.353027 0.0771484 0.0751953 0.00766754
2 0.374023 0.243652 0.0429688 0.0341797 0.00799561
11 0.388184 0.140625 0.108398 0.0429688 0.0106659
9 0.974609 0.791504 0.0507812 0.0986328 0.0106735
7 0.746582 0.353027 0.0771484 0.0751953 0.0115585
11 0.612793 0.136719 0.0888672 0.0351562 0.0145264
9 0.751953 0.346191 0.0527344 0.0478516 0.0152206
11 0.594238 0.152344 0.0673828 0.0507812 0.0183411
13 0.374023 0.244141 0.0410156 0.0332031 0.0212402
11 0.63623 0.145508 0.133789 0.0390625 0.0237579
5 0.73291 0.551758 0.131836 0.322266 0.0252991
4 0.752441 0.346191 0.0478516 0.0478516 0.0259857
7 0.374512 0.243164 0.0419922 0.0351562 0.0269318
11 0.677246 0.150391 0.0693359 0.0449219 0.0297089
8 0.710449 0.572754 0.0224609 0.0205078 0.0305634
8 0.374512 0.243652 0.0419922 0.0341797 0.0349731
13 0.302734 0.549805 0.0761719 0.0800781 0.0370789
8 0.750488 0.347168 0.0517578 0.0478516 0.0443115
9 0.374512 0.243164 0.0419922 0.0351562 0.0462646
4 0.304199 0.550781 0.0751953 0.078125 0.0596924
13 0.754883 0.345215 0.0488281 0.0498047 0.0609131
6 0.302246 0.549316 0.0771484 0.0830078 0.0842285
11 0.402832 0.135742 0.0888672 0.0253906 0.115112
7 0.303711 0.550781 0.0742188 0.078125 0.116882
6 0.753906 0.34668 0.0507812 0.0507812 0.119995
0 0.556152 0.314941 0.0849609 0.0927734 0.13562
7 0.751953 0.346191 0.0488281 0.0478516 0.158569
8 0.303711 0.55127 0.0742188 0.0791016 0.178711
