3 0.82373 0.963379 0.352539 0.0732422 0.000100195
13 0.342773 0.648926 0.0957031 0.0576172 0.00010103
11 0.32373 0.187988 0.106445 0.0283203 0.00010103
9 0.30127 0.854004 0.34668 0.258789 0.000101149
7 0.233887 0.274902 0.0302734 0.0654297 0.000101745
8 0.936035 0.415039 0.106445 0.177734 0.00010258
9 0.990723 0.182129 0.0146484 0.0224609 0.000104725
7 0.256348 0.979492 0.264648 0.0410156 0.000104845
8 0.257324 0.442383 0.0166016 0.0214844 0.000106156
0 0.0639648 0.487793 0.12793 0.430664 0.000106812
8 0.332031 0.313477 0.0214844 0.0195312 0.000107169
7 0.587402 0.437988 0.0380859 0.0400391 0.000107825
2 0.32959 0.387207 0.0185547 0.0126953 0.00010848
8 0.818359 0.58252 0.00976562 0.00878906 0.000109315
8 0.352539 0.511719 0.0390625 0.0273438 0.000109553
8 0.322266 0.310059 0.0410156 0.0283203 0.000111878
11 0.603516 0.187988 0.123047 0.0341797 0.000112116
0 0.371582 0.0107422 0.137695 0.0214844 0.000114083
10 0.209473 0.980469 0.208008 0.0371094 0.000114918
13 0.349609 0.396484 0.078125 0.0566406 0.000115931
11 0.788086 0.554199 0.0292969 0.0205078 0.00011611
9 0.141602 0.136719 0.0820312 0.0566406 0.00011611
11 0.737793 0.131836 0.391602 0.263672 0.000116229
11 0.5625 0.194336 0.0507812 0.0214844 0.000120938
9 0.234375 0.274902 0.03125 0.0654297 0.000121117
7 0.548828 0.25 0.0742188 0.117188 0.000125766
9 0.535645 0.249512 0.0908203 0.124023 0.000130057
11 0.35498 0.227051 0.125977 0.0791016 0.000130296
13 0.652344 0.323242 0.0488281 0.0761719 0.000131249
1 0.227539 0.946777 0.351562 0.0966797 0.000133276
5 0.962891 0.919922 0.0703125 0.160156 0.000139236
11 0.353516 0.193359 0.0507812 0.0136719 0.000143766
10 0.519531 0.373535 0.199219 0.168945 0.000144005
11 0.37793 0.210938 0.0488281 0.0273438 0.000147462
8 0.36377 0.5 0.0126953 0.00976562 0.000151396
13 0.961426 0.896973 0.0693359 0.196289 0.000151634
0 0.499512 0.350098 0.172852 0.124023 0.000153542
10 0.936035 0.415039 0.106445 0.177734 0.000153899
8 0.114258 0.627441 0.0175781 0.0185547 0.000155568
0 0.0341797 0.480469 0.0683594 0.378906 0.000161529
10 0.241211 0.95459 0.111328 0.0849609 0.000167251
11 0.271484 0.222168 0.128906 0.0810547 0.000169516
9 0.941406 0.525879 0.117188 0.59082 0.000170946
13 0.20752 0.55957 0.0927734 0.0371094 0.000170946
9 0.194336 0.116211 0.0429688 0.03125 0.000172019
11 0.227539 0.946777 0.351562 0.0966797 0.000176072
5 0.737793 0.131836 0.391602 0.263672 0.000178456
12 0.75293 0.205566 0.494141 0.411133 0.000182152
8 0.171875 0.638672 0.0253906 0.0214844 0.000183344
10 0.242676 0.988281 0.198242 0.0234375 0.00019145
10 0.291016 0.981445 0.234375 0.0351562 0.000196457
13 0.333008 0.595703 0.0683594 0.0722656 0.000199318
9 0.48877 0.529297 0.217773 0.435547 0.000199795
9 0.255371 0.950195 0.329102 0.0917969 0.000201225
11 0.358887 0.204102 0.0595703 0.0195312 0.000211
11 0.247559 0.222656 0.0810547 0.0449219 0.000216365
10 0.192871 0.953125 0.106445 0.0839844 0.000219584
8 0.323242 0.387207 0.0253906 0.0205078 0.00022769
3 0.519531 0.373535 0.199219 0.168945 0.000229478
6 0.960449 0.894043 0.0791016 0.170898 0.000242591
2 0.588867 0.427734 0.03125 0.0195312 0.000252008
3 0.53418 0.651367 0.353516 0.140625 0.00026226
0 0.544434 0.367676 0.0615234 0.0830078 0.000270128
9 0.587402 0.437988 0.0380859 0.0400391 0.000279903
9 0.324219 0.385742 0.0175781 0.0136719 0.000283957
11 0.314941 0.197754 0.0595703 0.0205078 0.000293732
11 0.553223 0.20459 0.0634766 0.0361328 0.000306129
11 0.660645 0.200684 0.0869141 0.0322266 0.000310898
11 0.580078 0.188965 0.0507812 0.0146484 0.000326872
3 0.941895 0.448242 0.116211 0.251953 0.000329971
11 0.600098 0.199219 0.114258 0.0273438 0.000353336
9 0.984375 0.00927734 0.0195312 0.0185547 0.000366926
2 0.324219 0.385742 0.0175781 0.0136719 0.000380993
8 0.570312 0.314453 0.015625 0.015625 0.000381708
7 0.788086 0.554199 0.0292969 0.0205078 0.000397205
0 0.941895 0.448242 0.116211 0.251953 0.000401735
13 0.314941 0.631836 0.0673828 0.0820312 0.000402927
7 0.255371 0.950195 0.329102 0.0917969 0.000411272
6 0.544434 0.371094 0.118164 0.117188 0.000461578
11 0.581055 0.185547 0.0839844 0.0175781 0.000485182
9 0.495117 0.405273 0.212891 0.189453 0.000516415
0 0.0332031 0.413574 0.0664062 0.137695 0.00052309
8 0.587402 0.437988 0.0380859 0.0400391 0.000536919
4 0.54541 0.370605 0.116211 0.116211 0.00055027
7 0.54541 0.370605 0.116211 0.116211 0.000601768
8 0.330078 0.387207 0.0175781 0.0126953 0.000621796
2 0.788086 0.554199 0.0292969 0.0205078 0.00063467
11 0.308105 0.196289 0.106445 0.0273438 0.000683784
5 0.54541 0.370605 0.116211 0.116211 0.000722885
12 0.544434 0.371094 0.118164 0.117188 0.000725746
3 0.227539 0.946777 0.351562 0.0966797 0.000744343
11 0.33252 0.212402 0.166992 0.0400391 0.000808716
10 0.226074 0.924316 0.374023 0.151367 0.000848293
1 0.544434 0.371094 0.118164 0.117188 0.000848293
11 0.393555 0.217285 0.0625 0.0478516 0.000903606
8 0.686523 0.523438 0.0195312 0.015625 0.000916481
11 0.634277 0.194336 0.100586 0.0273438 0.00102043
13 0.186523 0.565918 0.0566406 0.0263672 0.00106525
11 0.544434 0.371094 0.118164 0.117188 0.00107193
13 0.544434 0.371094 0.118164 0.117188 0.00110626
0 0.55957 0.350586 0.078125 0.0761719 0.00122356
2 0.544434 0.371094 0.118164 0.117188 0.00123787
10 0.243652 0.967285 0.22168 0.0634766 0.00126934
8 0.326172 0.481934 0.0195312 0.0146484 0.00135612
8 0.54541 0.370605 0.116211 0.116211 0.00135899
10 0.54541 0.370605 0.116211 0.116211 0.0014143
13 0.199219 0.57373 0.0742188 0.0380859 0.00145912
11 0.568359 0.195801 0.0859375 0.0322266 0.00164509
13 0.788086 0.554199 0.0292969 0.0205078 0.00165749
11 0.267578 0.214355 0.0917969 0.0439453 0.00173664
9 0.788086 0.554199 0.0292969 0.0205078 0.00175095
8 0.788574 0.554688 0.0302734 0.0214844 0.00182819
13 0.234375 0.271484 0.0273438 0.0585938 0.00201797
11 0.341797 0.194336 0.0898438 0.0195312 0.0020504
9 0.54541 0.370605 0.116211 0.116211 0.00208664
3 0.54541 0.370605 0.116211 0.116211 0.00278473
11 0.371094 0.208984 0.0898438 0.0351562 0.00359344
8 0.324219 0.385742 0.0175781 0.0136719 0.00407791
10 0.255371 0.950195 0.329102 0.0917969 0.00672913
11 0.588379 0.191895 0.0927734 0.0185547 0.00679779
11 0.290039 0.205566 0.107422 0.0400391 0.0074234
11 0.333984 0.202637 0.132812 0.0244141 0.0094223
0 0.495117 0.405273 0.212891 0.189453 0.0172729
0 0.544434 0.368164 0.118164 0.111328 0.665039
