10 0.258301 0.821777 0.370117 0.334961 0.00010103
11 0.239258 0.160645 0.103516 0.0634766 0.000102222
13 0.702148 0.370117 0.15625 0.138672 0.000102282
9 0.647461 0.209473 0.0410156 0.0380859 0.000103354
8 0.459473 0.232422 0.0224609 0.0195312 0.000105619
13 0.224121 0.317383 0.0693359 0.0273438 0.000106514
9 0.257812 0.880859 0.34375 0.212891 0.000106573
8 0.419922 0.303711 0.0527344 0.0449219 0.000107229
9 0.511719 0.354492 0.1875 0.279297 0.000107884
9 0.740234 0.338867 0.09375 0.0527344 0.000107884
13 0.894531 0.776367 0.0351562 0.0507812 0.000108659
8 0.361328 0.448242 0.0351562 0.0292969 0.000108719
11 0.680176 0.09375 0.0517578 0.015625 0.00011003
9 0.983398 0.566895 0.0332031 0.0810547 0.000110328
3 0.496094 0.642578 0.1875 0.324219 0.000110507
13 0.17627 0.425293 0.0361328 0.0400391 0.000112295
9 0.742676 0.449707 0.31543 0.499023 0.000114143
11 0.403809 0.121094 0.0732422 0.0351562 0.000114202
7 0.339355 0.563965 0.0888672 0.118164 0.000115335
9 0.402832 0.709961 0.0732422 0.0371094 0.000115395
9 0.0224609 0.583008 0.0449219 0.232422 0.000115395
9 0.848633 0.291016 0.302734 0.197266 0.000116348
11 0.989258 0.605469 0.0214844 0.046875 0.000117302
9 0.736816 0.680176 0.106445 0.0400391 0.000118017
3 0.896484 0.773926 0.0351562 0.0498047 0.000118136
8 0.365234 0.607422 0.03125 0.03125 0.000120342
9 0.530762 0.66748 0.0751953 0.0869141 0.00012064
10 0.896484 0.769043 0.0546875 0.110352 0.000122666
10 0.0947266 0.717285 0.0449219 0.0810547 0.000127912
9 0.226562 0.322266 0.0117188 0.0117188 0.000128388
13 0.710449 0.328125 0.151367 0.0917969 0.0001297
8 0.365234 0.273438 0.0195312 0.0195312 0.000131607
13 0.258789 0.335449 0.101562 0.0732422 0.000132203
5 0.776367 0.546387 0.220703 0.327148 0.000133634
9 0.896973 0.776855 0.0341797 0.0478516 0.000134945
8 0.366699 0.336426 0.0185547 0.0146484 0.000138164
11 0.0947266 0.717285 0.0449219 0.0810547 0.000138402
13 0.271973 0.255859 0.0732422 0.0664062 0.000144243
9 0.22168 0.290039 0.0761719 0.0839844 0.000145316
9 0.490234 0.650879 0.0996094 0.0361328 0.000146985
8 0.03125 0.486328 0.0605469 0.140625 0.000148177
13 0.224121 0.319336 0.0478516 0.0175781 0.000150442
9 0.308105 0.424805 0.274414 0.484375 0.000157118
13 0.67627 0.19873 0.0126953 0.0185547 0.000158072
9 0.806641 0.555664 0.179688 0.291016 0.000158668
11 0.120605 0.733398 0.0888672 0.0898438 0.000160336
9 0.255371 0.95752 0.329102 0.0810547 0.000163078
9 0.348145 0.592773 0.0830078 0.0703125 0.000163317
7 0.838379 0.606934 0.104492 0.178711 0.000163436
9 0.84375 0.287598 0.0878906 0.0830078 0.000163674
7 0.896973 0.776855 0.0341797 0.0478516 0.000165343
10 0.128906 0.729004 0.117188 0.155273 0.000166535
12 0.308105 0.424805 0.274414 0.484375 0.000166655
11 0.124512 0.76416 0.0986328 0.0810547 0.000168324
8 0.249512 0.402832 0.0107422 0.00878906 0.0001719
8 0.312988 0.143066 0.0185547 0.0166016 0.000174642
9 0.493652 0.648438 0.0986328 0.0839844 0.000177026
8 0.748535 0.62793 0.0224609 0.015625 0.000177979
8 0.343262 0.598633 0.0693359 0.0625 0.000179887
9 0.98291 0.595215 0.0341797 0.0595703 0.000182033
8 0.259277 0.427246 0.0185547 0.0146484 0.000183582
9 0.976074 0.475098 0.0478516 0.0693359 0.000184059
6 0.593262 0.599121 0.416992 0.239258 0.000185132
7 0.594727 0.598633 0.412109 0.201172 0.000187874
9 0.749023 0.62793 0.0136719 0.0117188 0.000191689
13 0.754883 0.347656 0.144531 0.0761719 0.000192761
13 0.201172 0.435059 0.0917969 0.0517578 0.000198126
13 0.647949 0.210449 0.0361328 0.0361328 0.000203609
11 0.345215 0.120117 0.149414 0.0410156 0.000203967
4 0.595215 0.588867 0.40918 0.232422 0.000205159
8 0.258301 0.32373 0.0205078 0.0126953 0.000205636
0 0.0444336 0.372559 0.0888672 0.24707 0.000209928
9 0.839355 0.285645 0.0595703 0.0458984 0.000210047
11 0.367188 0.108887 0.0488281 0.0107422 0.00021255
12 0.226074 0.683105 0.282227 0.125977 0.000215054
8 0.677246 0.200195 0.0126953 0.0175781 0.00022006
3 0.245605 0.92334 0.491211 0.149414 0.000229001
5 0.266602 0.510254 0.203125 0.225586 0.000235319
13 0.755859 0.320312 0.117188 0.0800781 0.000235677
11 0.3125 0.115234 0.0507812 0.0253906 0.000237346
13 0.245605 0.321777 0.0751953 0.0361328 0.000241637
13 0.258789 0.277832 0.0429688 0.0419922 0.000242472
1 0.59375 0.59375 0.398438 0.197266 0.000243902
10 0.123535 0.756836 0.100586 0.0761719 0.000256777
11 0.617676 0.132324 0.0830078 0.0576172 0.000259161
9 0.978516 0.582031 0.0429688 0.169922 0.000259161
9 0.960938 0.662598 0.0742188 0.125977 0.000261307
8 0.224121 0.319336 0.0478516 0.0175781 0.000261784
11 0.623047 0.100098 0.0585938 0.0205078 0.000266314
7 0.806641 0.555664 0.179688 0.291016 0.000268459
0 0.0332031 0.474121 0.0605469 0.157227 0.000268698
8 0.841309 0.659668 0.0361328 0.0341797 0.000273943
9 0.253418 0.774414 0.350586 0.292969 0.000276327
11 0.59375 0.59375 0.398438 0.197266 0.000279427
13 0.629883 0.495117 0.0507812 0.1875 0.000279665
8 0.59375 0.59375 0.398438 0.197266 0.000282764
12 0.594727 0.598633 0.412109 0.201172 0.000285149
9 0.974609 0.499023 0.0488281 0.154297 0.000288963
10 0.899902 0.791992 0.0341797 0.0507812 0.00029707
10 0.255371 0.912109 0.348633 0.171875 0.000298262
2 0.59375 0.59375 0.398438 0.197266 0.0002985
11 0.377441 0.111816 0.104492 0.0322266 0.000309706
11 0.692383 0.11084 0.138672 0.0419922 0.000313997
8 0.224121 0.319336 0.0244141 0.015625 0.000331163
5 0.830078 0.598145 0.125 0.204102 0.000338554
9 0.519043 0.661133 0.0712891 0.0488281 0.000343084
11 0.631348 0.112305 0.131836 0.0507812 0.000344515
13 0.751953 0.328613 0.0996094 0.0380859 0.000353098
13 0.266113 0.282227 0.0673828 0.0664062 0.000372171
13 0.594727 0.598633 0.412109 0.201172 0.000381947
2 0.749023 0.62793 0.0136719 0.0117188 0.000393629
11 0.899902 0.791992 0.0341797 0.0488281 0.00039649
9 0.494629 0.625 0.131836 0.152344 0.000398159
8 0.224609 0.321777 0.0117188 0.0107422 0.000400305
11 0.58252 0.117676 0.0517578 0.0458984 0.000405788
7 0.348145 0.592773 0.0830078 0.0703125 0.000429869
13 0.1875 0.432617 0.0527344 0.0410156 0.000450611
13 0.280762 0.253906 0.0419922 0.0371094 0.00045085
9 0.53125 0.663574 0.0351562 0.0458984 0.000455856
0 0.0449219 0.287598 0.0859375 0.198242 0.000464201
13 0.684082 0.362793 0.110352 0.0830078 0.000471592
11 0.382812 0.109375 0.0507812 0.0136719 0.000480652
9 0.0341797 0.474121 0.0683594 0.155273 0.000482082
8 0.365234 0.309082 0.0214844 0.0205078 0.00048399
9 0.135254 0.705566 0.124023 0.155273 0.000486135
10 0.59375 0.59375 0.398438 0.197266 0.000488043
13 0.29248 0.269043 0.0927734 0.0595703 0.000491619
13 0.762695 0.646973 0.0527344 0.0556641 0.000496864
11 0.334473 0.108398 0.0595703 0.0175781 0.00050211
5 0.594727 0.598633 0.412109 0.201172 0.000535965
8 0.36377 0.593262 0.0478516 0.0537109 0.000535965
11 0.661133 0.0883789 0.111328 0.0185547 0.000546932
13 0.728027 0.34082 0.0478516 0.0390625 0.000552654
9 0.48291 0.82373 0.155273 0.311523 0.000556946
0 0.594727 0.598633 0.412109 0.201172 0.000574589
11 0.745117 0.124512 0.09375 0.0615234 0.000617027
9 0.499512 0.490723 0.192383 0.459961 0.000620365
8 0.415527 0.293457 0.0302734 0.0283203 0.000631809
10 0.900879 0.759766 0.0341797 0.078125 0.000678539
13 0.269531 0.297363 0.107422 0.0849609 0.000689507
11 0.246582 0.154785 0.0634766 0.0458984 0.000752926
10 0.256836 0.980469 0.3125 0.0390625 0.000872135
11 0.900391 0.753418 0.0332031 0.0888672 0.000949383
0 0.556152 0.280762 0.0966797 0.0966797 0.000993729
11 0.893555 0.76709 0.0585938 0.0693359 0.00115967
0 0.0322266 0.642578 0.0644531 0.0996094 0.00122452
8 0.647461 0.209473 0.0410156 0.0380859 0.00124931
8 0.35498 0.429688 0.0146484 0.0117188 0.00129509
9 0.591309 0.600586 0.407227 0.208984 0.00141811
11 0.606934 0.103027 0.0771484 0.0302734 0.00159359
11 0.304199 0.121582 0.0830078 0.0419922 0.00185394
11 0.664551 0.101074 0.149414 0.0361328 0.00193501
13 0.712402 0.352051 0.0712891 0.0595703 0.00195885
11 0.771484 0.13623 0.0546875 0.0478516 0.00197411
10 0.255371 0.95752 0.329102 0.0810547 0.0020256
11 0.653809 0.0922852 0.0712891 0.0146484 0.00218582
11 0.396484 0.110352 0.0683594 0.0195312 0.00234413
11 0.331543 0.112793 0.0966797 0.0263672 0.00236511
10 0.0991211 0.744141 0.0498047 0.0742188 0.0024147
9 0.0292969 0.63623 0.0566406 0.104492 0.00296211
13 0.731934 0.34082 0.0888672 0.0546875 0.00305367
11 0.284668 0.133301 0.0830078 0.0517578 0.00319481
11 0.0991211 0.744141 0.0498047 0.0742188 0.00325203
11 0.706543 0.105469 0.0830078 0.0332031 0.00341797
9 0.226074 0.683105 0.282227 0.125977 0.00346565
11 0.638672 0.0957031 0.107422 0.0214844 0.00580597
9 0.496582 0.640625 0.172852 0.302734 0.00580978
11 0.360352 0.110352 0.0996094 0.0175781 0.00720215
8 0.748535 0.62793 0.0146484 0.0117188 0.0076828
11 0.26416 0.143555 0.0712891 0.0449219 0.0111618
10 0.895508 0.776855 0.0371094 0.0537109 0.0202484
11 0.677734 0.0952148 0.09375 0.0224609 0.0223846
11 0.896973 0.776855 0.0341797 0.0478516 0.0263367
3 0.594727 0.599609 0.410156 0.1875 0.228516
