2 0.678711 0.0664062 0.263672 0.132812 0.000101209
1 0.591797 0.34668 0.103516 0.109375 0.000101268
9 0.76709 0.473633 0.231445 0.318359 0.000101328
0 0.816406 0.120117 0.367188 0.240234 0.000101626
13 0.271484 0.294434 0.0234375 0.0400391 0.000101984
7 0.234375 0.51416 0.03125 0.0263672 0.000103116
9 0.982422 0.0161133 0.0175781 0.0244141 0.000104845
12 0.591797 0.34668 0.103516 0.109375 0.000105262
6 0.0498047 0.827148 0.0996094 0.263672 0.000105441
9 0.0922852 0.609375 0.0361328 0.0253906 0.000106633
7 0.345215 0.554688 0.0439453 0.0410156 0.000107527
7 0.347656 0.860352 0.339844 0.244141 0.000107706
10 0.882324 0.693359 0.0400391 0.0722656 0.000108719
0 0.638184 0.0195312 0.260742 0.0390625 0.000111401
0 0.44873 0.0107422 0.131836 0.0214844 0.000114143
11 0.320312 0.895508 0.380859 0.208984 0.000118434
3 0.724609 0.964355 0.392578 0.0693359 0.000118673
7 0.0717773 0.612305 0.135742 0.0488281 0.000119567
9 0.369629 0.558105 0.0830078 0.0576172 0.000120044
7 0.0849609 0.493652 0.160156 0.288086 0.000120342
8 0.339844 0.478027 0.0117188 0.0107422 0.000121534
7 0.59082 0.342285 0.103516 0.100586 0.000121891
11 0.882324 0.693359 0.0400391 0.0722656 0.000124693
2 0.333008 0.54834 0.0234375 0.0205078 0.00012517
11 0.66748 0.209961 0.0986328 0.0292969 0.000127435
11 0.666016 0.182617 0.0507812 0.015625 0.000127912
8 0.381836 0.328613 0.0234375 0.0166016 0.000128508
9 0.105469 0.696289 0.0761719 0.212891 0.000130653
8 0.0566406 0.567383 0.113281 0.125 0.000131488
0 0.0834961 0.487305 0.166992 0.279297 0.000131845
11 0.620117 0.182617 0.046875 0.0253906 0.000131965
13 0.591797 0.34668 0.103516 0.109375 0.000132561
8 0.399414 0.563477 0.0390625 0.0429688 0.00013423
8 0.347656 0.572266 0.0253906 0.0234375 0.000136018
9 0.600586 0.549805 0.400391 0.205078 0.000136971
2 0.76123 0.340332 0.0185547 0.0166016 0.000137925
9 0.824219 0.257812 0.351562 0.515625 0.00013876
3 0.0336914 0.624512 0.0634766 0.0771484 0.000139117
9 0.208984 0.221191 0.417969 0.442383 0.000140071
10 0.958496 0.840332 0.0830078 0.239258 0.000141382
13 0.145996 0.199219 0.0751953 0.0253906 0.000142574
10 0.36377 0.97998 0.260742 0.0400391 0.000143647
0 0.407715 0.0478516 0.37793 0.0957031 0.000145674
5 0.592285 0.341797 0.100586 0.0957031 0.000145912
7 0.0390625 0.57959 0.0761719 0.102539 0.000147223
11 0.409668 0.206543 0.0966797 0.0263672 0.000147223
11 0.918945 0.803223 0.162109 0.219727 0.000148058
8 0.380371 0.567871 0.0400391 0.0400391 0.000148296
5 0.824219 0.546875 0.111328 0.146484 0.000149131
11 0.746094 0.214355 0.0507812 0.0380859 0.00015223
9 0.0664062 0.619629 0.0332031 0.0205078 0.000153422
3 0.336914 0.893066 0.517578 0.213867 0.00015831
10 0.816406 0.120117 0.367188 0.240234 0.000158668
8 0.591797 0.34668 0.103516 0.109375 0.000160456
11 0.446777 0.191895 0.0654297 0.0322266 0.00016427
7 0.11084 0.611328 0.0791016 0.0957031 0.000166774
11 0.605957 0.191406 0.0498047 0.0292969 0.000169635
4 0.82666 0.546875 0.118164 0.166016 0.000171661
11 0.641602 0.216797 0.111328 0.0488281 0.000174999
13 0.251953 0.40918 0.0800781 0.0214844 0.000176787
11 0.703125 0.196777 0.078125 0.0341797 0.000176907
7 0.816406 0.120117 0.367188 0.240234 0.000180721
8 0.387207 0.297852 0.0283203 0.0195312 0.000184655
1 0.816406 0.120117 0.367188 0.240234 0.00019002
2 0.592285 0.341797 0.102539 0.0976562 0.000190139
10 0.591797 0.34668 0.103516 0.109375 0.000190377
8 0.345703 0.580566 0.0195312 0.0166016 0.000190735
9 0.113281 0.595703 0.113281 0.154297 0.000192046
7 0.379395 0.540039 0.108398 0.101562 0.000195265
3 0.0473633 0.62207 0.0615234 0.03125 0.000198841
9 0.0795898 0.614746 0.0673828 0.0322266 0.000201344
11 0.591797 0.34668 0.103516 0.109375 0.000202537
11 0.40625 0.191406 0.078125 0.0234375 0.000203848
8 0.821289 0.119141 0.357422 0.236328 0.000210166
13 0.762207 0.339355 0.0146484 0.0146484 0.000212312
7 0.363281 0.917969 0.179688 0.164062 0.000212312
8 0.338867 0.544434 0.03125 0.0283203 0.000215888
10 0.35791 0.95459 0.268555 0.0830078 0.000228405
7 0.229492 0.506348 0.0429688 0.0439453 0.000230551
8 0.71875 0.435547 0.0253906 0.0175781 0.000234127
11 0.617188 0.208008 0.078125 0.046875 0.000234604
9 0.762207 0.339355 0.0146484 0.0146484 0.000235438
11 0.816406 0.120117 0.367188 0.240234 0.000235558
0 0.604492 0.327637 0.0683594 0.0654297 0.000260353
8 0.317383 0.378418 0.0136719 0.0126953 0.000262499
8 0.442383 0.519043 0.0117188 0.0107422 0.000265598
2 0.763672 0.337891 0.0117188 0.00976562 0.000280619
4 0.816406 0.120117 0.367188 0.240234 0.000286102
2 0.816406 0.120117 0.367188 0.240234 0.000298977
6 0.600586 0.569336 0.376953 0.0957031 0.000298977
8 0.76123 0.340332 0.0185547 0.0166016 0.000306606
4 0.600586 0.569336 0.376953 0.0957031 0.00031352
11 0.678711 0.0664062 0.263672 0.132812 0.000323534
1 0.600586 0.569336 0.376953 0.0957031 0.000344276
7 0.600586 0.569336 0.376953 0.0957031 0.000345707
0 0.678711 0.0664062 0.263672 0.132812 0.000347853
8 0.600586 0.569336 0.376953 0.0957031 0.000349522
11 0.0576172 0.618652 0.0976562 0.0302734 0.000350714
7 0.369629 0.557617 0.0830078 0.0585938 0.000352621
13 0.600586 0.569336 0.376953 0.0957031 0.000358105
9 0.0454102 0.626465 0.0771484 0.0439453 0.000373602
9 0.545898 0.36377 0.189453 0.137695 0.000379562
6 0.825195 0.555176 0.121094 0.15332 0.000382662
11 0.432617 0.199707 0.0722656 0.0302734 0.000382662
7 0.333984 0.547363 0.0234375 0.0224609 0.000397921
2 0.600586 0.569336 0.376953 0.0957031 0.000399351
11 0.644043 0.180176 0.0849609 0.0185547 0.000404835
8 0.369141 0.557617 0.0839844 0.0605469 0.000408411
9 0.984375 0.00878906 0.0195312 0.0175781 0.000409842
6 0.215332 0.116211 0.430664 0.216797 0.000425339
3 0.200684 0.119141 0.399414 0.214844 0.000427723
11 0.760742 0.226562 0.0722656 0.0664062 0.000434637
12 0.600586 0.569336 0.376953 0.0957031 0.000435114
3 0.592285 0.341797 0.100586 0.0957031 0.000457048
3 0.615234 0.59668 0.380859 0.0917969 0.000461578
13 0.210449 0.116211 0.413086 0.228516 0.000476122
7 0.0795898 0.560059 0.149414 0.135742 0.000477552
13 0.833496 0.116699 0.333008 0.229492 0.000479937
11 0.617188 0.217285 0.0605469 0.0263672 0.000496864
5 0.821289 0.119141 0.357422 0.236328 0.000526428
11 0.600098 0.5625 0.375977 0.113281 0.000570774
8 0.387695 0.566895 0.0214844 0.0322266 0.000573158
8 0.345703 0.584473 0.0136719 0.0126953 0.000573635
9 0.333984 0.547363 0.0234375 0.0224609 0.000580311
10 0.347656 0.860352 0.339844 0.244141 0.000628471
11 0.660645 0.200195 0.106445 0.0332031 0.000629425
0 0.92041 0.799316 0.139648 0.21582 0.000645638
9 0.591797 0.34668 0.103516 0.109375 0.000664711
11 0.662109 0.185059 0.0917969 0.0224609 0.000665665
10 0.600586 0.569336 0.376953 0.0957031 0.000684261
8 0.229004 0.509766 0.0439453 0.0351562 0.000686646
5 0.600586 0.569336 0.376953 0.0957031 0.000687122
9 0.0976562 0.60498 0.0585938 0.0439453 0.000702381
9 0.0371094 0.597656 0.0664062 0.0644531 0.000715733
11 0.414062 0.184082 0.0566406 0.0224609 0.00071907
8 0.345215 0.554688 0.0439453 0.0410156 0.000769138
11 0.628906 0.1875 0.0820312 0.0292969 0.000789642
10 0.363281 0.916992 0.183594 0.166016 0.000855923
9 0.0644531 0.608887 0.123047 0.112305 0.000860214
9 0.111328 0.599121 0.0859375 0.0888672 0.000981331
9 0.0991211 0.63916 0.104492 0.12793 0.00100231
10 0.876465 0.666016 0.0439453 0.0878906 0.00101662
5 0.200684 0.119141 0.399414 0.214844 0.00105572
9 0.230469 0.502441 0.0429688 0.0537109 0.00107384
9 0.600586 0.569336 0.376953 0.0957031 0.00107574
6 0.821289 0.119141 0.357422 0.236328 0.00115299
11 0.876465 0.666016 0.0439453 0.0878906 0.00117207
11 0.685059 0.191406 0.0712891 0.0253906 0.00125027
0 0.660645 0.0390625 0.223633 0.078125 0.0013237
3 0.821289 0.119141 0.357422 0.236328 0.00132561
8 0.763672 0.337891 0.0117188 0.00976562 0.00132561
9 0.825195 0.555176 0.121094 0.15332 0.00138187
9 0.100098 0.620605 0.0751953 0.0576172 0.00144863
11 0.43457 0.210449 0.0625 0.0283203 0.00151062
0 0.600586 0.567383 0.378906 0.101562 0.00161362
11 0.435059 0.181152 0.0810547 0.0205078 0.00177193
9 0.234375 0.51416 0.03125 0.0263672 0.00193977
13 0.23584 0.406738 0.0634766 0.0126953 0.00202942
9 0.0732422 0.553711 0.146484 0.150391 0.0020752
8 0.789062 0.490234 0.0117188 0.0078125 0.00234604
11 0.0551758 0.621582 0.0537109 0.0224609 0.00261116
9 0.0517578 0.613281 0.0917969 0.0332031 0.00322533
9 0.0532227 0.619141 0.0556641 0.0253906 0.00351906
9 0.0419922 0.575195 0.0820312 0.121094 0.00355721
7 0.825195 0.555176 0.121094 0.15332 0.00387001
3 0.600586 0.549805 0.400391 0.205078 0.00473022
11 0.63623 0.211914 0.0830078 0.0292969 0.00535583
11 0.458984 0.182129 0.046875 0.0224609 0.00682449
9 0.0737305 0.61084 0.137695 0.0498047 0.00759888
0 0.546875 0.362793 0.191406 0.143555 0.0120926
8 0.333008 0.54834 0.0234375 0.0205078 0.015152
0 0.592285 0.341797 0.102539 0.0976562 0.164917
3 0.599609 0.5625 0.376953 0.0976562 0.564453
