13 0.357422 0.305664 0.0722656 0.0683594 0.000274658
12 0.651855 0.142578 0.163086 0.0410156 0.00027585
8 0.669922 0.42041 0.0234375 0.0224609 0.000277042
3 0.557129 0.324707 0.110352 0.0947266 0.000277281
8 0.765625 0.38916 0.0410156 0.0224609 0.000277519
9 0.775391 0.45752 0.0136719 0.0107422 0.000277996
8 0.772949 0.459961 0.0322266 0.0234375 0.000279665
8 0.187012 0.57959 0.0126953 0.0126953 0.000281334
1 0.702148 0.150879 0.121094 0.0654297 0.000281811
10 0.339355 0.174316 0.231445 0.15918 0.000282288
11 0.229004 0.209961 0.0361328 0.0332031 0.000284672
1 0.254883 0.192871 0.0644531 0.0576172 0.000285149
13 0.750977 0.373535 0.126953 0.188477 0.000288248
8 0.745117 0.331055 0.0644531 0.0410156 0.000288963
8 0.680664 0.270996 0.0136719 0.0107422 0.000291348
8 0.316406 0.23584 0.0136719 0.0126953 0.000291824
13 0.748047 0.652832 0.0820312 0.137695 0.00029254
13 0.407227 0.15625 0.115234 0.0820312 0.000295162
12 0.280762 0.17627 0.104492 0.0888672 0.000297308
2 0.745117 0.331055 0.0644531 0.0410156 0.000297785
9 0.220703 0.385254 0.138672 0.0419922 0.000299215
9 0.911621 0.906738 0.176758 0.186523 0.000300884
7 0.775879 0.378906 0.0361328 0.0371094 0.000303745
11 0.755371 0.77002 0.0537109 0.0341797 0.000304937
9 0.394043 0.165527 0.0576172 0.0380859 0.000305653
13 0.649414 0.177734 0.0898438 0.0507812 0.000307083
8 0.785645 0.318848 0.0166016 0.0107422 0.000307083
5 0.761719 0.666992 0.128906 0.177734 0.000307322
9 0.556641 0.322754 0.109375 0.0908203 0.00030756
13 0.334473 0.699707 0.0498047 0.0654297 0.00030756
0 0.579102 0.314453 0.0625 0.0722656 0.000308514
9 0.407227 0.15625 0.115234 0.0820312 0.000308752
8 0.730469 0.338379 0.0175781 0.0166016 0.000309229
0 0.336426 0.169434 0.208008 0.0986328 0.000309229
8 0.354492 0.157715 0.046875 0.0322266 0.000310183
5 0.222168 0.654785 0.188477 0.231445 0.000313997
9 0.73291 0.166504 0.112305 0.0830078 0.000316143
9 0.786621 0.498535 0.147461 0.430664 0.000317812
8 0.364746 0.158691 0.0888672 0.0380859 0.000321865
13 0.790527 0.398438 0.0400391 0.0292969 0.000327826
7 0.352051 0.144531 0.0751953 0.0371094 0.000329494
9 0.26123 0.615234 0.157227 0.189453 0.000332355
8 0.758301 0.408203 0.0615234 0.0527344 0.000332594
9 0.271484 0.220703 0.0722656 0.0410156 0.000333548
9 0.746582 0.768555 0.100586 0.0546875 0.000333786
4 0.681152 0.155762 0.196289 0.0810547 0.000334263
8 0.783691 0.390625 0.0419922 0.0117188 0.000334501
11 0.738281 0.162109 0.0644531 0.0605469 0.000336647
13 0.745605 0.30957 0.129883 0.148438 0.000336885
8 0.780273 0.469727 0.0253906 0.0214844 0.000336885
8 0.141602 0.697266 0.0351562 0.03125 0.000340939
8 0.247559 0.427246 0.0341797 0.0205078 0.000341415
11 0.591797 0.178223 0.0722656 0.102539 0.000343323
8 0.742676 0.328125 0.0361328 0.0214844 0.000346422
13 0.731934 0.71582 0.112305 0.103516 0.000351906
11 0.783691 0.197266 0.0400391 0.0371094 0.000352144
1 0.299805 0.161133 0.113281 0.0722656 0.000356436
13 0.208496 0.412598 0.125977 0.0986328 0.000358105
13 0.727539 0.163574 0.119141 0.0791016 0.000359058
11 0.745605 0.769531 0.118164 0.0625 0.000362635
8 0.662598 0.172363 0.0126953 0.0107422 0.000366449
2 0.364746 0.158691 0.0888672 0.0380859 0.000370026
11 0.357422 0.188477 0.203125 0.158203 0.000372171
7 0.912109 0.924805 0.175781 0.150391 0.000378132
7 0.758301 0.354492 0.0888672 0.105469 0.000379324
7 0.345703 0.156738 0.046875 0.0302734 0.000383854
0 0.512695 0.362305 0.195312 0.160156 0.000386477
13 0.393555 0.172363 0.0488281 0.0322266 0.000387907
9 0.254883 0.192871 0.0644531 0.0576172 0.000387907
8 0.615723 0.233887 0.0283203 0.0166016 0.000396729
9 0.769531 0.37207 0.0507812 0.0527344 0.000400782
13 0.368652 0.229492 0.0888672 0.0957031 0.00040102
13 0.792969 0.716309 0.138672 0.125977 0.000401497
11 0.59082 0.180176 0.0546875 0.0380859 0.000421286
8 0.32373 0.390625 0.0126953 0.0117188 0.000436544
10 0.352051 0.159668 0.129883 0.0498047 0.000439644
9 0.232422 0.540039 0.177734 0.332031 0.00045681
8 0.728516 0.405762 0.015625 0.0146484 0.000457287
0 0.681152 0.155762 0.196289 0.0810547 0.000457764
8 0.67627 0.413086 0.0322266 0.0273438 0.000458956
3 0.658691 0.137695 0.165039 0.0371094 0.00046277
1 0.375977 0.136719 0.146484 0.0390625 0.000465155
11 0.27002 0.180664 0.0498047 0.0566406 0.0004673
2 0.364258 0.150879 0.146484 0.0478516 0.000467777
13 0.21582 0.36377 0.117188 0.0615234 0.000468969
11 0.300293 0.160156 0.0595703 0.0449219 0.00047493
11 0.773926 0.199707 0.0166016 0.0146484 0.000483751
13 0.298828 0.200684 0.144531 0.102539 0.000499249
6 0.35498 0.158203 0.0576172 0.0332031 0.000500679
13 0.269043 0.397461 0.0439453 0.0253906 0.00050354
2 0.681152 0.155762 0.196289 0.0810547 0.000504494
2 0.777832 0.372559 0.0283203 0.0400391 0.000510693
7 0.73291 0.166504 0.112305 0.0830078 0.000515461
8 0.298828 0.650391 0.0175781 0.0175781 0.00052309
9 0.773438 0.199219 0.0195312 0.0175781 0.000527382
13 0.765625 0.38916 0.046875 0.0244141 0.00053215
13 0.739258 0.755859 0.21875 0.148438 0.000534534
11 0.329102 0.717285 0.0214844 0.0322266 0.000535488
9 0.258301 0.216797 0.0478516 0.0273438 0.000540257
11 0.257812 0.217285 0.0507812 0.0283203 0.000554085
9 0.27002 0.178223 0.0869141 0.0830078 0.000555992
13 0.315918 0.289551 0.202148 0.208008 0.000557423
8 0.336426 0.169434 0.208008 0.0986328 0.00055933
11 0.64209 0.172852 0.137695 0.0898438 0.000563622
13 0.775879 0.319336 0.0791016 0.0214844 0.000564575
11 0.343262 0.15332 0.0888672 0.0371094 0.000565052
11 0.682129 0.163574 0.0986328 0.0361328 0.000574589
8 0.762695 0.42334 0.03125 0.0205078 0.00057888
8 0.769531 0.37207 0.0507812 0.0527344 0.000585079
13 0.774414 0.384277 0.0917969 0.116211 0.000586033
6 0.247559 0.591309 0.18457 0.264648 0.00058651
7 0.697266 0.802734 0.136719 0.0839844 0.000594616
7 0.244141 0.623535 0.183594 0.219727 0.000595093
13 0.19043 0.38623 0.0722656 0.0263672 0.000598907
9 0.681152 0.155762 0.196289 0.0810547 0.000600815
8 0.791504 0.404297 0.0400391 0.03125 0.000601292
9 0.731445 0.768555 0.150391 0.0878906 0.000601768
13 0.329102 0.709961 0.0292969 0.0449219 0.000607014
12 0.733887 0.509766 0.303711 0.560547 0.000608444
7 0.149414 0.709473 0.0292969 0.0263672 0.000622272
2 0.280762 0.17627 0.104492 0.0888672 0.000622749
11 0.779785 0.201172 0.0244141 0.0234375 0.00063324
9 0.609375 0.379883 0.0664062 0.0683594 0.000636101
8 0.150391 0.708984 0.0390625 0.0410156 0.000638962
10 0.874023 0.875488 0.03125 0.0478516 0.000642776
7 0.608398 0.379395 0.0722656 0.0654297 0.000644684
5 0.79541 0.605469 0.166992 0.328125 0.000644684
10 0.651367 0.137207 0.154297 0.0322266 0.000650883
9 0.0595703 0.582031 0.119141 0.597656 0.000655174
13 0.321289 0.299316 0.113281 0.0693359 0.000660419
11 0.369141 0.14502 0.0742188 0.0341797 0.00066185
13 0.345703 0.270996 0.138672 0.131836 0.00066328
4 0.352051 0.159668 0.129883 0.0498047 0.000667572
11 0.703125 0.723633 0.0644531 0.0566406 0.00067091
12 0.375488 0.148926 0.141602 0.0498047 0.000674725
13 0.233398 0.418457 0.109375 0.0380859 0.000676632
8 0.782227 0.474609 0.0175781 0.015625 0.000677586
11 0.678711 0.171387 0.148438 0.0615234 0.000678539
10 0.121094 0.865234 0.0371094 0.0371094 0.0006814
9 0.149414 0.709473 0.0292969 0.0263672 0.000682831
13 0.662598 0.140137 0.165039 0.0400391 0.000684738
8 0.775879 0.383789 0.0400391 0.0292969 0.000692368
13 0.749023 0.275391 0.046875 0.0488281 0.000703335
11 0.63623 0.161133 0.0595703 0.0546875 0.000711441
5 0.0595703 0.582031 0.119141 0.597656 0.000741005
7 0.662598 0.140137 0.165039 0.0400391 0.000745773
13 0.269531 0.205078 0.0722656 0.0410156 0.00074625
8 0.838867 0.724121 0.0136719 0.0107422 0.000759125
8 0.788574 0.573242 0.0185547 0.015625 0.000767708
7 0.32666 0.193848 0.19043 0.112305 0.000775337
11 0.351562 0.154785 0.0429688 0.0283203 0.000805855
13 0.786133 0.390137 0.0371094 0.0107422 0.000810623
11 0.874023 0.875488 0.03125 0.0478516 0.000819683
9 0.742188 0.744141 0.210938 0.185547 0.000825405
5 0.260254 0.601074 0.151367 0.176758 0.000826836
1 0.373535 0.15918 0.0986328 0.0429688 0.00083971
11 0.405762 0.131348 0.114258 0.0380859 0.00083971
7 0.394043 0.161133 0.0654297 0.0429688 0.00086832
13 0.345703 0.222656 0.0820312 0.0664062 0.00088501
9 0.359375 0.158203 0.0507812 0.0332031 0.000890255
7 0.407227 0.15625 0.115234 0.0820312 0.000911713
8 0.60791 0.379395 0.0673828 0.0654297 0.000960827
10 0.280762 0.17627 0.104492 0.0888672 0.000962257
9 0.365234 0.14502 0.140625 0.0458984 0.000968456
9 0.731934 0.508789 0.307617 0.574219 0.000971317
13 0.75293 0.265137 0.0234375 0.0224609 0.000977516
11 0.375977 0.130371 0.0742188 0.0205078 0.000988007
13 0.781738 0.390137 0.0830078 0.0322266 0.000991821
11 0.30127 0.20166 0.145508 0.102539 0.000995636
9 0.328613 0.170898 0.192383 0.0957031 0.00100899
11 0.121094 0.865234 0.0371094 0.0371094 0.00101376
8 0.777832 0.372559 0.0283203 0.0400391 0.00102901
13 0.773438 0.334961 0.105469 0.123047 0.0010376
7 0.270996 0.220703 0.0673828 0.0371094 0.00103951
8 0.756836 0.362305 0.0898438 0.107422 0.00106335
13 0.297852 0.245605 0.126953 0.102539 0.0010643
11 0.757324 0.770996 0.0302734 0.0244141 0.00106812
13 0.161621 0.388672 0.0341797 0.0175781 0.00107956
8 0.367188 0.381348 0.0195312 0.0146484 0.00109291
8 0.78125 0.36377 0.0214844 0.0283203 0.00110626
13 0.78125 0.36377 0.0214844 0.0283203 0.00111103
9 0.439453 0.195312 0.0761719 0.158203 0.00112534
11 0.673828 0.133301 0.0625 0.0205078 0.00112724
13 0.674316 0.154297 0.209961 0.0820312 0.00112915
1 0.651367 0.137207 0.15625 0.0361328 0.00113392
8 0.67627 0.271484 0.0205078 0.0175781 0.00113487
11 0.746582 0.757324 0.0458984 0.0498047 0.00113583
7 0.254883 0.192871 0.0644531 0.0576172 0.00113583
8 0.696289 0.802246 0.136719 0.0869141 0.00113964
2 0.336426 0.169434 0.208008 0.0986328 0.0011425
7 0.435547 0.176758 0.0683594 0.115234 0.00114727
8 0.662598 0.362793 0.0322266 0.0244141 0.0011692
8 0.76709 0.425781 0.0185547 0.0136719 0.00117207
13 0.783203 0.369629 0.0683594 0.0634766 0.00117302
3 0.336426 0.169434 0.208008 0.0986328 0.00119209
13 0.341797 0.294922 0.0585938 0.0410156 0.00119972
9 0.678711 0.755371 0.162109 0.0576172 0.00121212
11 0.638184 0.132812 0.0615234 0.0175781 0.00121307
2 0.769531 0.37207 0.0507812 0.0527344 0.0012207
13 0.763184 0.333008 0.0927734 0.0566406 0.0012331
13 0.254395 0.395508 0.0966797 0.0253906 0.00123596
3 0.674316 0.154297 0.209961 0.0820312 0.00125885
13 0.749023 0.332031 0.0644531 0.0332031 0.00127125
11 0.399902 0.166016 0.0712891 0.0410156 0.00127125
13 0.754883 0.324707 0.0429688 0.0224609 0.00127316
11 0.658691 0.123047 0.161133 0.046875 0.00128078
13 0.760742 0.68457 0.142578 0.167969 0.00129223
13 0.273926 0.22168 0.0869141 0.0664062 0.0012989
6 0.345215 0.162598 0.196289 0.0830078 0.00130177
13 0.777344 0.373535 0.0273438 0.0341797 0.00130558
11 0.398438 0.160645 0.148438 0.0986328 0.00134754
7 0.681152 0.155762 0.196289 0.0810547 0.00138664
6 0.352051 0.159668 0.129883 0.0498047 0.0014267
4 0.345215 0.163086 0.198242 0.0820312 0.00143719
12 0.334961 0.163086 0.189453 0.0839844 0.00144577
9 0.36084 0.160645 0.18457 0.0576172 0.00146484
13 0.756836 0.305176 0.0878906 0.0732422 0.00146675
9 0.716797 0.737793 0.09375 0.0712891 0.0014801
11 0.757324 0.180664 0.0654297 0.0546875 0.00159264
13 0.24707 0.426758 0.0371094 0.0175781 0.00162029
11 0.377441 0.125488 0.116211 0.0263672 0.0016346
9 0.757812 0.357422 0.0878906 0.109375 0.00163555
13 0.349609 0.225098 0.0371094 0.0380859 0.00164032
12 0.676758 0.158691 0.205078 0.0712891 0.00164795
7 0.283203 0.175293 0.105469 0.0908203 0.00169754
9 0.248047 0.210449 0.046875 0.0283203 0.0017395
8 0.796875 0.40625 0.0234375 0.0195312 0.00175095
10 0.89502 0.917969 0.209961 0.164062 0.00177288
11 0.600098 0.151855 0.0595703 0.0478516 0.00178051
8 0.802734 0.611328 0.0234375 0.0214844 0.00184059
10 0.676758 0.153809 0.207031 0.0751953 0.00187492
13 0.328613 0.220703 0.202148 0.164062 0.00188637
2 0.757812 0.357422 0.0878906 0.109375 0.00193501
11 0.239746 0.200195 0.0439453 0.0410156 0.00195694
8 0.773926 0.199219 0.0146484 0.0136719 0.00196457
7 0.365234 0.14502 0.140625 0.0458984 0.00199318
7 0.253418 0.212891 0.0478516 0.0273438 0.00201035
8 0.255371 0.429199 0.0205078 0.0146484 0.00203705
11 0.43457 0.17627 0.0703125 0.120117 0.00213623
13 0.766602 0.392578 0.0742188 0.0566406 0.00215721
1 0.360352 0.151855 0.199219 0.0595703 0.00220871
13 0.780762 0.384766 0.0419922 0.0234375 0.00222015
13 0.354492 0.157715 0.046875 0.0322266 0.00224495
13 0.186035 0.405273 0.0791016 0.0546875 0.00238037
11 0.769531 0.192383 0.0390625 0.0351562 0.002388
11 0.773926 0.196289 0.0244141 0.0253906 0.0025177
1 0.271973 0.175293 0.0908203 0.0810547 0.00255394
10 0.123535 0.852539 0.0419922 0.0351562 0.00272179
13 0.269531 0.18457 0.0839844 0.0742188 0.00285339
5 0.240234 0.549805 0.189453 0.320312 0.00304794
11 0.262695 0.212402 0.0742188 0.0439453 0.00313759
1 0.68457 0.158203 0.203125 0.0859375 0.00322914
13 0.17334 0.38916 0.0517578 0.0244141 0.00329018
11 0.282227 0.168457 0.0527344 0.0419922 0.00346184
13 0.207031 0.380859 0.115234 0.0410156 0.00349426
13 0.374512 0.169922 0.124023 0.0605469 0.00376129
11 0.71875 0.73877 0.0839844 0.0615234 0.00377655
7 0.364746 0.158203 0.0732422 0.0371094 0.00377655
8 0.682129 0.410645 0.0224609 0.0185547 0.00392914
13 0.782227 0.390137 0.0585938 0.0166016 0.00395203
11 0.617188 0.15332 0.111328 0.0703125 0.00408554
11 0.359375 0.135254 0.0761719 0.0244141 0.00426865
13 0.758301 0.320312 0.0673828 0.0351562 0.00434875
13 0.761719 0.687012 0.0859375 0.114258 0.00447845
13 0.394043 0.161133 0.0634766 0.0429688 0.00479507
10 0.345215 0.162598 0.196289 0.0830078 0.00484848
11 0.419434 0.150879 0.0888672 0.0673828 0.00509644
9 0.373535 0.15918 0.0986328 0.0429688 0.0052948
13 0.364258 0.150879 0.146484 0.0478516 0.0052948
13 0.223145 0.395508 0.141602 0.0410156 0.00534439
11 0.373535 0.15918 0.0986328 0.0429688 0.00547028
11 0.123535 0.852539 0.0419922 0.0351562 0.00547791
11 0.248047 0.210449 0.046875 0.0283203 0.00559998
8 0.775391 0.45752 0.0136719 0.0107422 0.0059166
11 0.337402 0.141113 0.12793 0.0576172 0.00596619
11 0.695312 0.138672 0.0742188 0.0371094 0.00675201
13 0.756348 0.360352 0.0791016 0.09375 0.00737
13 0.773438 0.379395 0.0449219 0.0439453 0.00853729
8 0.149414 0.708496 0.0273438 0.0205078 0.0086441
1 0.327637 0.172852 0.192383 0.0976562 0.00870514
11 0.254883 0.192871 0.0644531 0.0576172 0.00899506
13 0.253418 0.212891 0.0478516 0.0273438 0.0091629
9 0.729004 0.795898 0.211914 0.101562 0.00919342
13 0.341309 0.175293 0.206055 0.100586 0.00944519
13 0.364746 0.158691 0.0888672 0.0380859 0.0100098
13 0.270996 0.220703 0.0673828 0.0371094 0.0103912
11 0.672852 0.130371 0.103516 0.0302734 0.0108871
7 0.352051 0.159668 0.129883 0.0498047 0.0114594
7 0.345215 0.162598 0.194336 0.0810547 0.0147095
11 0.611816 0.140625 0.0771484 0.0351562 0.0154495
11 0.292969 0.162109 0.0996094 0.0683594 0.0261383
11 0.696777 0.144531 0.12207 0.0585938 0.0351562
11 0.374023 0.151367 0.167969 0.0546875 0.0417175
0 0.557129 0.324707 0.110352 0.0947266 0.0474854
11 0.727051 0.163574 0.118164 0.0830078 0.0567017
11 0.677246 0.153809 0.204102 0.0771484 0.101746
11 0.367676 0.135254 0.129883 0.0341797 0.106934
11 0.327637 0.163086 0.188477 0.0898438 0.140137
11 0.271973 0.177246 0.0849609 0.0810547 0.180786
11 0.651367 0.137207 0.154297 0.0322266 0.220337
