9 0.766602 0.672363 0.326172 0.202148 0.000100434
9 0.268066 0.771484 0.34668 0.291016 0.000101686
8 0.830078 0.586426 0.0488281 0.0263672 0.00010252
7 0.724609 0.239258 0.0644531 0.0644531 0.000104487
7 0.671387 0.442383 0.0166016 0.00976562 0.000104487
13 0.65625 0.401855 0.0839844 0.0986328 0.000104964
10 0.820312 0.275879 0.359375 0.407227 0.000105143
8 0.666016 0.436523 0.0429688 0.0253906 0.00010556
11 0.414551 0.0976562 0.0791016 0.0175781 0.000110865
11 0.791992 0.13916 0.0644531 0.0439453 0.000111163
9 0.785645 0.408203 0.428711 0.445312 0.000112534
7 0.504395 0.961914 0.165039 0.0742188 0.000113904
9 0.536621 0.388672 0.206055 0.466797 0.000114024
13 0.711914 0.223633 0.0585938 0.0644531 0.000115693
10 0.779297 0.756836 0.283203 0.0917969 0.000117242
9 0.25 0.58252 0.345703 0.356445 0.000120938
12 0.200195 0.553223 0.205078 0.303711 0.000120997
2 0.671387 0.442383 0.0244141 0.015625 0.000122666
13 0.299805 0.370117 0.0546875 0.0371094 0.000123382
0 0.0498047 0.869141 0.0996094 0.205078 0.000124454
13 0.279785 0.370605 0.356445 0.407227 0.000130177
9 0.818848 0.274414 0.362305 0.392578 0.000130296
13 0.253906 0.36377 0.269531 0.129883 0.000131488
11 0.625488 0.114258 0.0654297 0.0371094 0.000132322
13 0.206543 0.335449 0.0751953 0.0361328 0.000133514
13 0.32959 0.608887 0.0166016 0.0341797 0.000140429
0 0.0322266 0.841309 0.0644531 0.120117 0.000140548
13 0.285645 0.361816 0.0576172 0.0419922 0.000141025
8 0.762695 0.383301 0.0332031 0.0263672 0.000144124
9 0.173828 0.643555 0.162109 0.160156 0.000146031
9 0.763184 0.644531 0.28418 0.0683594 0.000148773
10 0.747559 0.680176 0.333008 0.114258 0.000150561
10 0.302734 0.955078 0.3125 0.0820312 0.000151634
2 0.248535 0.355469 0.157227 0.0566406 0.000152111
8 0.0273438 0.357422 0.0546875 0.148438 0.000154018
13 0.233398 0.359375 0.0917969 0.0410156 0.00015533
3 0.731934 0.684082 0.358398 0.12207 0.000159621
9 0.385742 0.62207 0.0839844 0.0292969 0.000160217
8 0.740234 0.263672 0.015625 0.0136719 0.000162363
13 0.26709 0.371094 0.237305 0.0644531 0.000163078
8 0.726074 0.348145 0.0146484 0.0126953 0.000163436
11 0.412598 0.115234 0.100586 0.0332031 0.000169158
9 0.73877 0.397949 0.0205078 0.0126953 0.00017643
9 0.48291 0.595215 0.0791016 0.0458984 0.000179172
0 0.920898 0.844238 0.158203 0.202148 0.000183344
2 0.73877 0.397949 0.0205078 0.0126953 0.000183582
10 0.102051 0.705566 0.0341797 0.0419922 0.000187039
0 0.965332 0.86377 0.0693359 0.149414 0.000187516
13 0.3125 0.379883 0.0839844 0.0371094 0.000188708
9 0.489258 0.765137 0.273438 0.448242 0.000188828
0 0.0454102 0.324219 0.0888672 0.181641 0.000188947
7 0.248535 0.355469 0.157227 0.0566406 0.000189543
13 0.671875 0.442383 0.015625 0.00976562 0.00019455
9 0.482422 0.600586 0.101562 0.0839844 0.000205517
3 0.587891 0.598145 0.359375 0.172852 0.000205755
7 0.49707 0.837402 0.185547 0.28418 0.000207424
9 0.572266 0.29541 0.0917969 0.0791016 0.000216007
13 0.733398 0.253906 0.0546875 0.0390625 0.000217795
8 0.642578 0.419922 0.0136719 0.00976562 0.000218153
11 0.101074 0.706543 0.0341797 0.0458984 0.000227571
13 0.706543 0.266602 0.114258 0.107422 0.000233531
8 0.656738 0.401855 0.0791016 0.0986328 0.000233889
13 0.190918 0.348145 0.0712891 0.0322266 0.000237346
13 0.231445 0.331055 0.125 0.0566406 0.000243902
11 0.273926 0.138672 0.0810547 0.0488281 0.000246525
11 0.433594 0.10498 0.0683594 0.0263672 0.000255585
7 0.656738 0.401855 0.0791016 0.0986328 0.000255823
11 0.247559 0.355469 0.157227 0.0566406 0.000255823
8 0.736328 0.256836 0.0410156 0.0292969 0.000261784
8 0.620605 0.419922 0.0146484 0.0136719 0.000261784
9 0.726074 0.239258 0.0634766 0.0664062 0.000270844
12 0.247559 0.679688 0.313477 0.134766 0.000273705
11 0.375 0.108887 0.105469 0.0302734 0.000286102
11 0.345703 0.115723 0.0878906 0.0322266 0.000286818
8 0.70752 0.209961 0.0185547 0.0136719 0.000324249
9 0.516602 0.661133 0.107422 0.125 0.000337601
11 0.648438 0.108887 0.0976562 0.0244141 0.000358582
0 0.572754 0.29541 0.0888672 0.0771484 0.000360727
11 0.644043 0.124023 0.0830078 0.0371094 0.000366688
8 0.811523 0.5625 0.0292969 0.0253906 0.000368357
11 0.404785 0.104492 0.0966797 0.0234375 0.000375509
8 0.672852 0.441895 0.0253906 0.0166016 0.000385523
10 0.90918 0.694824 0.0390625 0.0498047 0.000439644
8 0.737793 0.401855 0.0283203 0.0244141 0.000450373
9 0.491211 0.646973 0.0976562 0.0244141 0.00046587
9 0.671875 0.442383 0.015625 0.00976562 0.000494957
11 0.431641 0.124023 0.0742188 0.0371094 0.000497341
9 0.247559 0.355469 0.157227 0.0566406 0.000499249
9 0.500977 0.650879 0.111328 0.0634766 0.000546455
9 0.690918 0.653809 0.213867 0.0615234 0.000559807
11 0.315918 0.120117 0.0791016 0.0390625 0.000572681
3 0.231934 0.09375 0.463867 0.1875 0.000591278
11 0.90918 0.694824 0.0390625 0.0498047 0.000607967
9 0.483887 0.647949 0.12207 0.194336 0.000618458
9 0.660645 0.404785 0.0751953 0.0947266 0.000627041
9 0.256836 0.680176 0.330078 0.135742 0.000638008
11 0.672363 0.103027 0.0849609 0.0205078 0.000670433
9 0.49707 0.971191 0.166016 0.0576172 0.000679493
8 0.81543 0.598633 0.0585938 0.0449219 0.00069952
13 0.296875 0.368652 0.0996094 0.0458984 0.000723839
8 0.759766 0.421875 0.015625 0.0117188 0.000731468
8 0.739746 0.259766 0.0244141 0.0214844 0.000741959
9 0.538574 0.665039 0.0537109 0.0488281 0.000971317
11 0.619629 0.127441 0.0517578 0.0322266 0.00101566
9 0.291992 0.402344 0.361328 0.552734 0.00103188
9 0.500488 0.50293 0.186523 0.484375 0.00119972
2 0.671875 0.442383 0.015625 0.00976562 0.00125694
13 0.19873 0.339355 0.0693359 0.0185547 0.0012989
13 0.725586 0.23877 0.0722656 0.0673828 0.00144482
8 0.42334 0.347656 0.0185547 0.015625 0.00156975
11 0.447754 0.133301 0.0576172 0.0439453 0.00161552
12 0.291992 0.37207 0.365234 0.585938 0.00182247
11 0.294922 0.126953 0.0703125 0.0390625 0.00190067
9 0.501465 0.938965 0.168945 0.112305 0.00199127
9 0.736816 0.671875 0.350586 0.101562 0.00219727
13 0.22168 0.347168 0.109375 0.0380859 0.00306129
8 0.73877 0.397949 0.0205078 0.0126953 0.00536728
9 0.49707 0.837402 0.185547 0.28418 0.00714874
8 0.671875 0.442383 0.015625 0.00976562 0.0071907
9 0.48877 0.650391 0.172852 0.378906 0.00767136
13 0.248535 0.35791 0.157227 0.0556641 0.0126495
