7 0.217773 0.724121 0.261719 0.104492 0.000100791
13 0.216309 0.238281 0.100586 0.0742188 0.000101626
11 0.710449 0.251953 0.133789 0.107422 0.000103295
9 0.700684 0.513672 0.358398 0.494141 0.000104845
11 0.594727 0.210938 0.0605469 0.0234375 0.000105381
0 0.630371 0.600098 0.0302734 0.0185547 0.00010556
13 0.61377 0.363281 0.0830078 0.0761719 0.000106096
9 0.26123 0.957031 0.366211 0.0820312 0.000106215
13 0.67334 0.353027 0.0830078 0.0400391 0.000108123
13 0.692383 0.538086 0.121094 0.046875 0.00011009
11 0.612305 0.203613 0.117188 0.0400391 0.000111818
3 0.774902 0.454102 0.450195 0.488281 0.000112176
13 0.222656 0.355957 0.0683594 0.0302734 0.000112593
9 0.635742 0.553223 0.09375 0.0751953 0.000112951
12 0.838379 0.474609 0.323242 0.570312 0.000114441
13 0.629883 0.600098 0.0371094 0.0302734 0.000116229
2 0.523438 0.381348 0.101562 0.0869141 0.000118375
8 0.675293 0.591309 0.0322266 0.0283203 0.000118911
3 0.633789 0.996094 0.574219 0.0078125 0.000119567
8 0.680176 0.595215 0.0732422 0.0791016 0.000119746
11 0.523438 0.381348 0.101562 0.0869141 0.000121236
11 0.561035 0.219238 0.112305 0.0537109 0.000121295
13 0.209473 0.363281 0.100586 0.046875 0.000122011
8 0.645508 0.36377 0.0078125 0.00878906 0.000122666
3 0.557617 0.608887 0.419922 0.176758 0.000124216
10 0.209961 0.241699 0.105469 0.0810547 0.000125766
13 0.598145 0.341309 0.0185547 0.0341797 0.000126243
10 0.256836 0.864746 0.365234 0.243164 0.000129938
9 0.0170898 0.601074 0.0341797 0.192383 0.000133872
9 0.665039 0.671875 0.0175781 0.015625 0.000136852
9 0.741699 0.826172 0.352539 0.226562 0.00013721
6 0.691406 0.631836 0.154297 0.144531 0.000137448
9 0.629883 0.600098 0.0371094 0.0302734 0.000137806
10 0.122559 0.984863 0.0908203 0.0283203 0.000138521
13 0.741211 0.52002 0.119141 0.0341797 0.000141263
1 0.20752 0.240234 0.0869141 0.0722656 0.000142336
3 0.563477 0.739746 0.451172 0.249023 0.000143886
5 0.710938 0.619629 0.1875 0.196289 0.00014627
0 0.0551758 0.895996 0.110352 0.192383 0.000147104
5 0.71582 0.541504 0.246094 0.374023 0.000148773
3 0.837402 0.400391 0.325195 0.316406 0.000149727
2 0.628906 0.599121 0.0410156 0.0380859 0.000151157
2 0.667969 0.617188 0.113281 0.078125 0.00015223
8 0.287598 0.349121 0.0302734 0.0341797 0.00015676
8 0.651855 0.610352 0.116211 0.0742188 0.000159144
8 0.665039 0.669922 0.0253906 0.0253906 0.000160336
9 0.521973 0.552734 0.354492 0.380859 0.00016129
11 0.145508 0.306152 0.0507812 0.0654297 0.000161886
8 0.578125 0.443848 0.03125 0.0244141 0.000162244
3 0.116211 0.190918 0.232422 0.381836 0.000169277
8 0.343262 0.458984 0.0185547 0.015625 0.000169277
0 0.94043 0.461426 0.107422 0.239258 0.000174522
9 0.22168 0.558105 0.212891 0.28418 0.000174642
9 0.00830078 0.414062 0.0166016 0.078125 0.000174761
9 0.147461 0.180176 0.294922 0.219727 0.000177383
9 0.287109 0.348633 0.03125 0.0351562 0.000179172
0 0.00830078 0.414062 0.0166016 0.078125 0.000179291
3 0.630371 0.600098 0.0263672 0.0185547 0.000179648
6 0.555664 0.663086 0.435547 0.138672 0.000180364
2 0.287109 0.349121 0.03125 0.0341797 0.00018239
9 0.401367 0.647461 0.126953 0.195312 0.000183105
9 0.683105 0.172852 0.0517578 0.0449219 0.000184894
11 0.706543 0.256836 0.0478516 0.0390625 0.00019443
2 0.576172 0.443848 0.0214844 0.0185547 0.000196815
7 0.555664 0.663086 0.435547 0.138672 0.000198841
4 0.556152 0.666016 0.446289 0.166016 0.000203371
13 0.241699 0.364258 0.0771484 0.0371094 0.000205755
5 0.217285 0.699707 0.25293 0.149414 0.000206113
11 0.557129 0.204102 0.0830078 0.0253906 0.000206828
8 0.684082 0.619141 0.131836 0.123047 0.000207424
13 0.632812 0.629883 0.0664062 0.0859375 0.000207782
8 0.651855 0.341309 0.0126953 0.0126953 0.000208378
11 0.22168 0.231934 0.0625 0.0517578 0.000211716
11 0.682129 0.23584 0.0537109 0.0478516 0.000218749
10 0.268555 0.980469 0.369141 0.0390625 0.000224352
1 0.555664 0.663086 0.435547 0.138672 0.000230551
8 0.28418 0.632324 0.0136719 0.0126953 0.000233412
13 0.293457 0.35498 0.0478516 0.0517578 0.000234842
9 0.682617 0.559082 0.21875 0.30957 0.000238657
11 0.207031 0.263184 0.15625 0.163086 0.000241637
0 0.927246 0.59082 0.145508 0.373047 0.000243306
0 0.895508 0.368652 0.208984 0.336914 0.000247717
2 0.664551 0.671875 0.0185547 0.015625 0.000252724
0 0.957031 0.559082 0.0859375 0.25293 0.000257254
11 0.327148 0.224609 0.123047 0.046875 0.000258446
3 0.522461 0.382324 0.105469 0.0947266 0.000259399
13 0.686523 0.644043 0.146484 0.141602 0.000259876
7 0.686035 0.665527 0.19043 0.196289 0.000261784
11 0.149414 0.302246 0.0800781 0.104492 0.000266314
8 0.556152 0.666016 0.446289 0.166016 0.000267982
11 0.572754 0.199219 0.0673828 0.0175781 0.000268936
2 0.642578 0.611328 0.0644531 0.0429688 0.000274181
11 0.630371 0.600098 0.0263672 0.0185547 0.000277519
8 0.642578 0.611328 0.0644531 0.0429688 0.000278234
9 0.446289 0.0683594 0.177734 0.130859 0.000281811
8 0.302734 0.483887 0.0136719 0.0126953 0.000283003
2 0.555664 0.663086 0.435547 0.138672 0.000296116
12 0.556152 0.666016 0.446289 0.166016 0.000301123
11 0.687012 0.172363 0.0576172 0.0517578 0.000307322
11 0.259766 0.210938 0.0761719 0.0351562 0.000312567
13 0.667969 0.617188 0.113281 0.078125 0.000318289
9 0.675781 0.59082 0.0371094 0.03125 0.000321627
11 0.555664 0.663086 0.435547 0.138672 0.000332594
8 0.200195 0.754883 0.0214844 0.0195312 0.000336885
5 0.223633 0.643555 0.224609 0.146484 0.00033927
13 0.555664 0.663086 0.435547 0.138672 0.000350237
2 0.638184 0.598145 0.0478516 0.0224609 0.000370026
11 0.243164 0.21875 0.0625 0.0351562 0.000370502
9 0.523438 0.383301 0.103516 0.0966797 0.000386
9 0.463379 0.454102 0.217773 0.248047 0.000387669
0 0.536133 0.364258 0.0722656 0.0566406 0.00039959
10 0.556152 0.666016 0.446289 0.166016 0.000414371
10 0.26123 0.957031 0.366211 0.0820312 0.000430584
11 0.291504 0.205566 0.131836 0.0283203 0.000432253
8 0.652832 0.341309 0.00878906 0.00878906 0.000451803
3 0.571289 0.713867 0.429688 0.107422 0.000455141
7 0.630371 0.600098 0.0263672 0.0185547 0.000461578
0 0.463379 0.454102 0.217773 0.248047 0.000476599
13 0.287109 0.349121 0.03125 0.0341797 0.00048542
13 0.642578 0.611328 0.0644531 0.0429688 0.000488043
9 0.743164 0.766602 0.322266 0.117188 0.000519753
5 0.556152 0.666016 0.446289 0.166016 0.000571251
8 0.116211 0.709473 0.0175781 0.0146484 0.000586987
9 0.25 0.82373 0.355469 0.28418 0.000609398
13 0.719238 0.52832 0.0986328 0.0332031 0.000659466
0 0.501465 0.408203 0.151367 0.158203 0.000659466
9 0.694824 0.722656 0.163086 0.0605469 0.000659466
11 0.644531 0.229492 0.175781 0.0800781 0.000670433
11 0.588867 0.20166 0.103516 0.0244141 0.000680923
0 0.558594 0.666992 0.431641 0.144531 0.00070858
8 0.339844 0.555176 0.015625 0.0146484 0.000712395
11 0.656738 0.219238 0.0869141 0.0556641 0.000721455
7 0.681641 0.619141 0.132812 0.125 0.000738144
8 0.619141 0.570312 0.015625 0.0136719 0.000759602
8 0.32959 0.65918 0.0263672 0.0214844 0.000761509
11 0.696289 0.248047 0.0742188 0.0546875 0.000817299
9 0.666992 0.596191 0.0996094 0.0634766 0.000867367
8 0.683105 0.172852 0.0517578 0.0449219 0.000875473
11 0.348145 0.217773 0.0751953 0.0371094 0.00102425
11 0.54248 0.216797 0.0712891 0.0351562 0.00119686
9 0.236328 0.741211 0.3125 0.119141 0.0012579
11 0.613281 0.216797 0.154297 0.0429688 0.00127125
11 0.260254 0.231445 0.176758 0.078125 0.00132275
9 0.555664 0.671387 0.441406 0.145508 0.00134182
8 0.578125 0.442383 0.0195312 0.015625 0.00139332
13 0.630371 0.600098 0.0263672 0.0185547 0.00149345
11 0.176758 0.262207 0.0527344 0.0478516 0.0015173
9 0.663086 0.59082 0.132812 0.119141 0.00153255
8 0.377441 0.683105 0.0107422 0.00878906 0.00157261
9 0.687988 0.73877 0.213867 0.102539 0.0015974
3 0.155273 0.19043 0.310547 0.228516 0.0016346
11 0.31543 0.211914 0.113281 0.0253906 0.00182533
8 0.629883 0.600098 0.0371094 0.0302734 0.00204468
9 0.630371 0.600098 0.0263672 0.0185547 0.00215149
9 0.679199 0.638672 0.180664 0.193359 0.00244331
11 0.17041 0.275391 0.106445 0.117188 0.00281143
5 0.209961 0.59082 0.171875 0.193359 0.00304222
5 0.222656 0.52832 0.234375 0.335938 0.00312805
11 0.57666 0.210449 0.106445 0.0302734 0.0031929
9 0.67627 0.626465 0.139648 0.106445 0.00401688
8 0.665527 0.671875 0.0185547 0.015625 0.00432968
11 0.134766 0.317383 0.0429688 0.046875 0.0058136
2 0.630371 0.600098 0.0263672 0.0185547 0.0066185
11 0.278809 0.217285 0.157227 0.0380859 0.00671768
11 0.673828 0.233887 0.09375 0.0654297 0.0117798
11 0.189941 0.250977 0.0654297 0.0664062 0.0126724
11 0.237793 0.220215 0.0986328 0.0517578 0.0131226
11 0.212891 0.240723 0.105469 0.0810547 0.0180054
8 0.630371 0.600098 0.0263672 0.0185547 0.0276184
0 0.523438 0.381348 0.101562 0.0869141 0.0514526
3 0.556152 0.66748 0.438477 0.137695 0.239136
