3 0.585449 0.76123 0.483398 0.182617 0.000100315
13 0.763672 0.321777 0.142578 0.131836 0.000100553
11 0.00585938 0.0908203 0.0117188 0.0253906 0.000100613
8 0.229004 0.299316 0.0380859 0.0361328 0.000100911
8 0.757324 0.48877 0.0126953 0.00878906 0.000101447
11 0.348145 0.19043 0.182617 0.0996094 0.000102162
13 0.17627 0.626465 0.0595703 0.0244141 0.00010252
2 0.233398 0.263184 0.0410156 0.0947266 0.000102818
0 0.525879 0.51123 0.237305 0.456055 0.000103176
9 0.617676 0.429199 0.0341797 0.0361328 0.000103474
13 0.412598 0.493652 0.0732422 0.15332 0.000103593
3 0.586426 0.546387 0.459961 0.52832 0.000103951
11 0.416504 0.189453 0.110352 0.0761719 0.00010407
9 0.990234 0.222168 0.0195312 0.0517578 0.00010407
11 0.254883 0.373535 0.134766 0.0595703 0.000104547
13 0.646973 0.428223 0.0791016 0.0380859 0.000105083
11 0.782715 0.195312 0.258789 0.140625 0.000105739
13 0.304688 0.32666 0.162109 0.0693359 0.000105917
11 0.364746 0.146973 0.108398 0.0283203 0.000105977
9 0.43457 0.470215 0.0703125 0.106445 0.000106454
11 0.253906 0.36084 0.160156 0.12793 0.000106573
8 0.729004 0.404785 0.0146484 0.0126953 0.00010705
9 0.213379 0.357422 0.0888672 0.146484 0.000110507
9 0.979492 0.299316 0.0410156 0.192383 0.000110924
5 0.817871 0.443359 0.149414 0.166016 0.00011152
8 0.259766 0.621094 0.0136719 0.0136719 0.00011158
13 0.278809 0.212402 0.0224609 0.0263672 0.000114143
9 0.86084 0.807617 0.0107422 0.0117188 0.000116289
8 0.472168 0.353516 0.0302734 0.0292969 0.000116348
13 0.827148 0.342285 0.0859375 0.116211 0.000116706
11 0.662109 0.153809 0.0722656 0.0185547 0.000117123
13 0.70459 0.579102 0.0400391 0.0527344 0.000117719
9 0.393555 0.671875 0.0195312 0.015625 0.000119567
13 0.352539 0.161621 0.111328 0.0361328 0.000119686
2 0.580566 0.333496 0.104492 0.0947266 0.000119865
5 0.203613 0.677734 0.161133 0.148438 0.000120044
9 0.23877 0.853027 0.354492 0.24707 0.000120342
10 0.806152 0.925293 0.387695 0.149414 0.000121176
9 0.736816 0.513672 0.368164 0.582031 0.00012219
13 0.227051 0.424805 0.143555 0.158203 0.000123501
8 0.431641 0.600098 0.0390625 0.0341797 0.000125051
11 0.693359 0.161133 0.0507812 0.0214844 0.00012517
9 0.709961 0.625 0.0449219 0.0527344 0.000125527
13 0.79541 0.369629 0.155273 0.241211 0.000127912
5 0.80957 0.308105 0.0371094 0.0830078 0.000127912
2 0.253906 0.344727 0.144531 0.138672 0.000128627
8 0.170898 0.547363 0.0136719 0.0126953 0.000128627
2 0.36084 0.163574 0.116211 0.0400391 0.000129104
13 0.241211 0.240723 0.0546875 0.0673828 0.000129342
1 0.376953 0.155273 0.101562 0.0234375 0.000129342
11 0.908691 0.910645 0.182617 0.178711 0.0001297
10 0.081543 0.859375 0.0380859 0.0566406 0.000130177
13 0.342773 0.279785 0.123047 0.108398 0.00013113
9 0.539551 0.885254 0.19043 0.22168 0.000131369
9 0.264648 0.366211 0.128906 0.0605469 0.000134587
11 0.408691 0.150391 0.0595703 0.0175781 0.000135422
11 0.324219 0.169922 0.0742188 0.0332031 0.00013566
11 0.63916 0.19873 0.106445 0.0888672 0.000135899
11 0.081543 0.86377 0.0380859 0.0537109 0.000136018
13 0.580078 0.337402 0.109375 0.102539 0.00013721
9 0.40918 0.700195 0.142578 0.232422 0.000138044
8 0.304688 0.555176 0.0136719 0.0126953 0.000143051
13 0.739258 0.645508 0.125 0.15625 0.00014329
8 0.395508 0.67041 0.0371094 0.0224609 0.000143647
13 0.245605 0.371094 0.0693359 0.0292969 0.000145912
2 0.613281 0.431641 0.0390625 0.0390625 0.000146508
9 0.702637 0.607422 0.15332 0.179688 0.00014782
13 0.832031 0.496094 0.0605469 0.0332031 0.000150204
11 0.710938 0.581055 0.0429688 0.0546875 0.000150681
11 0.679688 0.17334 0.0742188 0.0380859 0.000150919
13 0.224609 0.321777 0.0371094 0.0771484 0.000151038
8 0.277832 0.208984 0.0185547 0.0195312 0.000151277
0 0.963379 0.984863 0.0732422 0.0302734 0.000151515
13 0.758789 0.316895 0.189453 0.225586 0.000151873
8 0.708008 0.628906 0.0371094 0.0488281 0.00015223
13 0.862793 0.371582 0.0166016 0.0126953 0.000152349
11 0.758789 0.182129 0.0859375 0.0458984 0.000154376
8 0.581055 0.335449 0.105469 0.0947266 0.000155091
13 0.25293 0.419922 0.15625 0.0605469 0.000155687
11 0.685059 0.146484 0.114258 0.0292969 0.000155807
8 0.802734 0.842285 0.113281 0.108398 0.000156283
9 0.703613 0.598633 0.0947266 0.0839844 0.000158429
13 0.251953 0.382324 0.0957031 0.0380859 0.000158429
7 0.223633 0.299805 0.0351562 0.0371094 0.000164986
8 0.379883 0.728027 0.0175781 0.0146484 0.000166178
13 0.293945 0.354492 0.0722656 0.0351562 0.000168324
9 0.478027 0.348633 0.0185547 0.0175781 0.000168562
2 0.227051 0.393555 0.124023 0.0742188 0.000169992
13 0.22168 0.376465 0.0234375 0.0185547 0.00018096
7 0.379883 0.155273 0.0996094 0.0214844 0.000181913
5 0.226074 0.619629 0.180664 0.231445 0.000182271
13 0.382812 0.359375 0.0644531 0.0898438 0.000182629
9 0.235352 0.267578 0.0449219 0.0957031 0.000184298
13 0.647461 0.204102 0.0722656 0.0351562 0.000184417
13 0.703613 0.623535 0.0361328 0.0341797 0.000184774
13 0.191406 0.432617 0.101562 0.0742188 0.000184894
8 0.475098 0.64502 0.0224609 0.0205078 0.000185847
11 0.604004 0.174805 0.0517578 0.0429688 0.000185847
13 0.296387 0.272949 0.19043 0.18457 0.00018692
8 0.855957 0.678711 0.00878906 0.0078125 0.000187159
9 0.179688 0.715332 0.015625 0.0126953 0.000187278
13 0.680664 0.245117 0.113281 0.117188 0.000196815
13 0.414551 0.52002 0.0556641 0.0810547 0.000199676
8 0.256836 0.55127 0.0136719 0.0146484 0.000200868
13 0.216309 0.373535 0.0419922 0.0185547 0.000203013
6 0.580078 0.693359 0.474609 0.175781 0.000205398
2 0.478516 0.349609 0.015625 0.0195312 0.000206113
7 0.580078 0.693359 0.474609 0.175781 0.00020802
13 0.285156 0.38916 0.224609 0.151367 0.000209928
9 0.709473 0.585938 0.0556641 0.0625 0.000211954
0 0.542969 0.352051 0.199219 0.133789 0.000222683
11 0.666504 0.205566 0.0263672 0.0146484 0.000226974
13 0.580078 0.693359 0.474609 0.175781 0.000228405
8 0.619141 0.42627 0.03125 0.0302734 0.000229716
8 0.742676 0.286621 0.0166016 0.0166016 0.000229955
9 0.678711 0.749023 0.134766 0.0546875 0.000231385
13 0.834961 0.396484 0.105469 0.0722656 0.000233412
2 0.379883 0.155273 0.0996094 0.0214844 0.000236988
13 0.666016 0.205566 0.0234375 0.0146484 0.000239372
2 0.631348 0.42334 0.0634766 0.0283203 0.000241518
13 0.334473 0.313965 0.174805 0.178711 0.000244141
8 0.261719 0.706055 0.00976562 0.00976562 0.000244617
4 0.580078 0.693359 0.474609 0.175781 0.000244856
13 0.782227 0.311523 0.0820312 0.0859375 0.000246763
8 0.848145 0.499023 0.0185547 0.0195312 0.000247717
13 0.620605 0.420898 0.0205078 0.0175781 0.000250578
9 0.782715 0.808594 0.268555 0.125 0.00025177
11 0.411621 0.193359 0.0927734 0.0371094 0.00025177
11 0.748535 0.189941 0.163086 0.0791016 0.000252008
11 0.800293 0.203613 0.0595703 0.0595703 0.000254154
13 0.877441 0.589355 0.0791016 0.0244141 0.000254631
11 0.23584 0.209961 0.0458984 0.0351562 0.00026083
13 0.701172 0.291504 0.169922 0.198242 0.000261784
9 0.223633 0.299805 0.0332031 0.0371094 0.000261784
0 0.937988 0.914062 0.124023 0.171875 0.000262737
8 0.146973 0.736328 0.0205078 0.0234375 0.000266314
11 0.580078 0.693359 0.474609 0.175781 0.000267744
0 0.960449 0.950684 0.0791016 0.0986328 0.000268221
9 0.372559 0.155762 0.0947266 0.0205078 0.000269175
9 0.253418 0.345703 0.135742 0.126953 0.000273943
1 0.580078 0.693359 0.474609 0.175781 0.000275135
8 0.443848 0.676758 0.0439453 0.0371094 0.000277519
9 0.862793 0.371582 0.0166016 0.0126953 0.000279665
11 0.429688 0.162109 0.0820312 0.0371094 0.00028038
13 0.196289 0.385254 0.0664062 0.0732422 0.000281096
2 0.582031 0.304199 0.0390625 0.0322266 0.000285149
2 0.347168 0.741699 0.0146484 0.0126953 0.000286341
13 0.666992 0.742188 0.130859 0.0566406 0.000287294
13 0.35791 0.319336 0.112305 0.119141 0.000290155
13 0.704102 0.591309 0.0585938 0.0791016 0.000295162
9 0.791016 0.87207 0.283203 0.185547 0.000295401
11 0.622559 0.193359 0.0771484 0.0527344 0.000303745
9 0.725098 0.668945 0.165039 0.216797 0.000304222
8 0.71582 0.644531 0.0214844 0.0234375 0.000308514
8 0.580078 0.693359 0.474609 0.175781 0.000314236
13 0.678223 0.432129 0.0380859 0.0341797 0.000319719
2 0.580078 0.693359 0.474609 0.175781 0.000322819
13 0.218262 0.372559 0.0830078 0.0263672 0.000323296
6 0.808594 0.307617 0.03125 0.0742188 0.000324726
11 0.660645 0.162109 0.0732422 0.0234375 0.000326633
9 0.526855 0.356934 0.22168 0.135742 0.000328064
13 0.814941 0.287109 0.0361328 0.0644531 0.000338554
11 0.446289 0.170898 0.0683594 0.0371094 0.000345945
2 0.179688 0.715332 0.015625 0.0126953 0.000348568
8 0.364746 0.540527 0.0439453 0.0380859 0.000349998
13 0.409668 0.550293 0.0654297 0.0751953 0.000350237
13 0.794434 0.346191 0.0966797 0.145508 0.000354767
12 0.580078 0.693359 0.474609 0.175781 0.00035882
2 0.80957 0.312012 0.0390625 0.0830078 0.000364304
13 0.848145 0.410156 0.0751953 0.0429688 0.000368834
13 0.372559 0.155762 0.0947266 0.0205078 0.000384331
13 0.891602 0.592285 0.0488281 0.0166016 0.00039053
9 0.808594 0.307617 0.03125 0.0742188 0.000397444
9 0.876953 0.15625 0.0625 0.0488281 0.000398159
9 0.227051 0.393555 0.124023 0.0742188 0.000415325
13 0.707031 0.615234 0.046875 0.0585938 0.00042367
11 0.808105 0.301758 0.0302734 0.0664062 0.000427246
13 0.65918 0.206055 0.0488281 0.0214844 0.000429153
9 0.620605 0.420898 0.0205078 0.0175781 0.000431299
13 0.213379 0.290039 0.0556641 0.0546875 0.000442505
11 0.387695 0.183105 0.109375 0.0419922 0.000454187
13 0.272949 0.353516 0.116211 0.0585938 0.000455379
11 0.65918 0.206055 0.0488281 0.0214844 0.000468731
7 0.80957 0.304199 0.03125 0.0693359 0.00047636
10 0.580078 0.693359 0.474609 0.175781 0.000483751
13 0.350098 0.288086 0.0634766 0.0644531 0.000488281
11 0.358887 0.159668 0.0615234 0.0224609 0.000503063
8 0.477051 0.349121 0.0185547 0.0185547 0.000507832
13 0.256348 0.274414 0.0947266 0.0996094 0.000535488
13 0.222656 0.328125 0.0605469 0.111328 0.000547409
11 0.393555 0.15332 0.0605469 0.0175781 0.000552654
9 0.444336 0.433105 0.0859375 0.18457 0.000559807
8 0.347168 0.741699 0.0146484 0.0126953 0.000559807
13 0.804199 0.330078 0.0302734 0.0839844 0.000568867
2 0.623047 0.425293 0.03125 0.0283203 0.000578403
0 0.576172 0.696289 0.457031 0.171875 0.000591278
13 0.252441 0.304199 0.0791016 0.0517578 0.000591278
13 0.268066 0.302734 0.114258 0.0800781 0.000631332
13 0.194824 0.417969 0.0576172 0.0292969 0.000643253
8 0.86084 0.807617 0.0107422 0.0117188 0.000655174
8 0.337402 0.553223 0.0302734 0.0263672 0.000662327
13 0.241211 0.327148 0.123047 0.179688 0.000710011
9 0.583984 0.333984 0.101562 0.09375 0.00071764
11 0.297852 0.184082 0.109375 0.0556641 0.000725269
9 0.506348 0.536133 0.241211 0.478516 0.000735283
13 0.222656 0.378906 0.0996094 0.0546875 0.000740051
5 0.580078 0.693359 0.474609 0.175781 0.000750065
11 0.695801 0.189453 0.110352 0.046875 0.000758171
11 0.65918 0.199219 0.0664062 0.03125 0.000770569
8 0.311035 0.32373 0.0146484 0.0126953 0.000781059
11 0.664062 0.197754 0.121094 0.0419922 0.000790596
13 0.792969 0.291504 0.0546875 0.0869141 0.000836849
13 0.799805 0.333008 0.0527344 0.123047 0.000852108
11 0.695312 0.17627 0.181641 0.0810547 0.000945091
13 0.213379 0.357422 0.0888672 0.146484 0.000992775
13 0.253418 0.369629 0.120117 0.0400391 0.000997543
9 0.480957 0.427246 0.161133 0.235352 0.000997543
8 0.72998 0.708008 0.0166016 0.0175781 0.00104809
13 0.421387 0.53125 0.0458984 0.0429688 0.00111103
10 0.930176 0.874023 0.0361328 0.0507812 0.00118828
13 0.215332 0.42041 0.102539 0.0439453 0.00119114
8 0.668945 0.20459 0.015625 0.0126953 0.00124645
13 0.23584 0.245117 0.0244141 0.0566406 0.0012598
13 0.818359 0.321777 0.0507812 0.0947266 0.00133896
9 0.579102 0.691406 0.462891 0.177734 0.00142288
11 0.930176 0.874023 0.0361328 0.0507812 0.00143623
11 0.413086 0.150391 0.126953 0.0234375 0.00146294
8 0.620605 0.420898 0.0205078 0.0175781 0.00153065
13 0.223633 0.277344 0.0371094 0.0605469 0.00157738
13 0.220703 0.304199 0.03125 0.0439453 0.00159931
11 0.638672 0.204102 0.0761719 0.0332031 0.00170803
13 0.238281 0.294922 0.0703125 0.0859375 0.00197029
11 0.374023 0.169922 0.126953 0.046875 0.00198555
9 0.831055 0.843262 0.197266 0.114258 0.00230789
11 0.679688 0.156738 0.0664062 0.0166016 0.00252151
9 0.225098 0.788574 0.293945 0.143555 0.00265694
13 0.267578 0.347656 0.138672 0.111328 0.00291634
11 0.663086 0.179688 0.134766 0.0507812 0.00296974
8 0.179688 0.715332 0.015625 0.0126953 0.00300789
13 0.225586 0.399902 0.125 0.0751953 0.0030098
13 0.798828 0.299805 0.03125 0.0683594 0.00301552
11 0.329102 0.17334 0.138672 0.0556641 0.00346756
11 0.71875 0.169922 0.121094 0.0488281 0.00356865
13 0.202148 0.40625 0.0722656 0.0546875 0.00362778
13 0.230469 0.294434 0.046875 0.0498047 0.00380516
11 0.78125 0.193359 0.0859375 0.0644531 0.00389099
8 0.862793 0.371582 0.0166016 0.0126953 0.00450516
8 0.393555 0.671875 0.0195312 0.015625 0.00469589
11 0.659668 0.154297 0.12793 0.0253906 0.00522232
2 0.620605 0.420898 0.0205078 0.0175781 0.00536728
11 0.388672 0.155762 0.130859 0.0400391 0.00536728
0 0.52002 0.40332 0.233398 0.212891 0.0055275
11 0.372559 0.155273 0.0595703 0.0175781 0.00607681
11 0.618652 0.166504 0.0712891 0.0400391 0.00624847
13 0.231934 0.265625 0.0419922 0.09375 0.00698853
13 0.25 0.376953 0.138672 0.078125 0.00858307
11 0.652344 0.164551 0.126953 0.0322266 0.0151367
11 0.69873 0.15918 0.0908203 0.0273438 0.0169067
0 0.581055 0.342285 0.109375 0.108398 0.0209045
11 0.347656 0.162109 0.105469 0.0332031 0.0504456
13 0.808594 0.307617 0.03125 0.0742188 0.0516968
11 0.376953 0.155273 0.101562 0.0234375 0.0731201
3 0.575195 0.695312 0.464844 0.162109 0.274658
