8 0.333496 0.316406 0.0322266 0.0273438 0.000100136
8 0.591309 0.378906 0.0224609 0.0214844 0.000100374
11 0.399902 0.154297 0.0712891 0.0859375 0.000100374
9 0.792969 0.624512 0.0742188 0.151367 0.000100672
13 0.276367 0.291992 0.0878906 0.0585938 0.00010103
9 0.583984 0.390137 0.03125 0.0380859 0.000101268
3 0.771973 0.884277 0.446289 0.231445 0.000101328
10 0.52832 0.30957 0.103516 0.0976562 0.000102103
12 0.527832 0.308105 0.102539 0.0888672 0.000103354
8 0.741211 0.439941 0.0390625 0.0224609 0.000103414
9 0.605957 0.15332 0.155273 0.0742188 0.000105917
9 0.756348 0.488281 0.0283203 0.0195312 0.000106633
0 0.608398 0.338379 0.0175781 0.0146484 0.000106633
5 0.527832 0.308105 0.102539 0.0888672 0.000108302
13 0.687988 0.259277 0.0361328 0.0458984 0.000110149
2 0.735352 0.386719 0.046875 0.0273438 0.000112891
13 0.528809 0.308594 0.102539 0.09375 0.00011313
0 0.855469 0.831055 0.289062 0.337891 0.000113428
9 0.983398 0.446289 0.0332031 0.0722656 0.000113785
11 0.5625 0.171875 0.0859375 0.0957031 0.000113964
8 0.76709 0.491699 0.0478516 0.0244141 0.000114322
11 0.662598 0.653809 0.0380859 0.0224609 0.00011456
12 0.0820312 0.452637 0.164062 0.547852 0.000114977
9 0.206055 0.554688 0.271484 0.285156 0.000115752
7 0.528809 0.308594 0.102539 0.09375 0.000115812
9 0.77832 0.501465 0.0546875 0.0400391 0.000115931
13 0.356934 0.120605 0.114258 0.0263672 0.000116408
7 0.203125 0.434082 0.167969 0.405273 0.000116527
12 0.331543 0.142578 0.157227 0.0683594 0.000116646
13 0.232422 0.353027 0.078125 0.0849609 0.000117481
13 0.317383 0.240234 0.0390625 0.03125 0.000118315
11 0.265625 0.186035 0.0507812 0.0341797 0.000118375
9 0.984375 0.0141602 0.0253906 0.0283203 0.000120699
11 0.273926 0.170898 0.0673828 0.0625 0.000123262
13 0.265137 0.21582 0.0205078 0.0332031 0.000123382
7 0.553223 0.169434 0.0654297 0.0849609 0.000127077
8 0.754395 0.415039 0.0439453 0.0253906 0.000127316
3 0.661133 0.980469 0.402344 0.0371094 0.000128031
2 0.602539 0.405762 0.0644531 0.106445 0.000129819
9 0.654297 0.644043 0.0859375 0.0458984 0.000131607
13 0.344727 0.277832 0.0878906 0.0908203 0.000131726
7 0.744629 0.473145 0.176758 0.413086 0.000132322
8 0.218262 0.506348 0.120117 0.133789 0.000132442
8 0.353027 0.595215 0.0205078 0.0302734 0.000132561
10 0.348145 0.12207 0.110352 0.0292969 0.00013411
7 0.239258 0.33252 0.107422 0.135742 0.00013423
8 0.220215 0.537109 0.0615234 0.0371094 0.00013423
13 0.6875 0.463867 0.0703125 0.0195312 0.000135899
2 0.549316 0.317383 0.0244141 0.0214844 0.000137329
8 0.759766 0.370605 0.00976562 0.0107422 0.000139832
3 0.602051 0.144043 0.143555 0.0380859 0.000141025
10 0.300293 0.963867 0.401367 0.0722656 0.000141621
13 0.652832 0.643555 0.0576172 0.0292969 0.000144124
8 0.588867 0.392578 0.0371094 0.0410156 0.000144362
12 0.0537109 0.44873 0.107422 0.452148 0.000144601
6 0.265137 0.196777 0.0419922 0.0302734 0.00014627
9 0.735352 0.386719 0.046875 0.0273438 0.0001477
2 0.585938 0.380859 0.0195312 0.0175781 0.000148535
8 0.192383 0.608887 0.0136719 0.0146484 0.000149012
2 0.606934 0.339844 0.0244141 0.0234375 0.000149369
13 0.706055 0.241211 0.046875 0.0371094 0.000150084
9 0.981445 0.416504 0.0351562 0.204102 0.000150323
2 0.734375 0.438965 0.0351562 0.0244141 0.000151634
9 0.224609 0.307129 0.140625 0.202148 0.000151992
1 0.351074 0.123535 0.118164 0.0322266 0.00015223
13 0.272949 0.459961 0.0849609 0.0371094 0.000152588
7 0.786621 0.598633 0.0654297 0.0996094 0.000152707
8 0.637695 0.253906 0.00976562 0.00976562 0.000153542
13 0.200684 0.63916 0.0126953 0.0126953 0.000154614
8 0.620605 0.345703 0.0166016 0.015625 0.000156403
4 0.782715 0.596191 0.0830078 0.15332 0.000156879
9 0.480957 0.34082 0.192383 0.142578 0.000157952
13 0.252441 0.449219 0.0908203 0.0292969 0.000159383
2 0.662109 0.645508 0.0351562 0.0214844 0.00015974
11 0.733887 0.440918 0.0166016 0.0126953 0.000160575
7 0.77832 0.496582 0.0253906 0.0166016 0.000162005
9 0.410645 0.202637 0.0615234 0.166992 0.000164747
2 0.527832 0.308105 0.102539 0.0888672 0.000165105
7 0.23291 0.518066 0.100586 0.114258 0.000165343
10 0.248535 0.852051 0.319336 0.27832 0.000165701
9 0.727539 0.446289 0.0292969 0.0234375 0.000166416
8 0.76709 0.609375 0.0400391 0.0625 0.000166655
9 0.780762 0.589844 0.0732422 0.101562 0.000171661
9 0.922363 0.609863 0.135742 0.19043 0.000173688
13 0.602539 0.143555 0.142578 0.0371094 0.000175118
9 0.771484 0.495117 0.0429688 0.0214844 0.000175476
13 0.194336 0.547363 0.15625 0.22168 0.000176907
7 0.602051 0.144043 0.143555 0.0380859 0.000176907
13 0.73584 0.387207 0.0693359 0.0478516 0.000177741
7 0.73291 0.441895 0.0166016 0.0126953 0.000178933
3 0.510254 0.567383 0.360352 0.259766 0.000179291
9 0.23291 0.337402 0.0869141 0.124023 0.00017941
13 0.73291 0.441895 0.0166016 0.0126953 0.000180244
7 0.410645 0.202637 0.0615234 0.166992 0.000181317
11 0.781738 0.490723 0.0419922 0.0244141 0.000181437
5 0.218262 0.506348 0.120117 0.133789 0.000181794
7 0.978516 0.366211 0.0410156 0.136719 0.000182867
8 0.759766 0.569824 0.144531 0.208008 0.000183105
13 0.602539 0.405762 0.0644531 0.106445 0.000184655
11 0.666016 0.640137 0.0605469 0.0478516 0.000187516
11 0.318848 0.125488 0.0712891 0.0380859 0.000190854
9 0.78125 0.518066 0.0800781 0.172852 0.000191212
13 0.754395 0.487305 0.0263672 0.0195312 0.000193238
8 0.735352 0.386719 0.046875 0.0273438 0.00019455
11 0.407715 0.138672 0.0419922 0.0390625 0.000194907
10 0.65918 0.646484 0.0253906 0.0234375 0.000196695
9 0.654297 0.648926 0.0332031 0.0205078 0.000196695
10 0.600098 0.139648 0.133789 0.0292969 0.00019896
11 0.37207 0.143555 0.109375 0.0527344 0.000201225
0 0.0498047 0.391113 0.0996094 0.249023 0.000201464
8 0.75 0.397949 0.0527344 0.0361328 0.000204563
10 0.105469 0.717285 0.046875 0.0419922 0.000205159
8 0.733398 0.446289 0.0332031 0.0507812 0.000209212
13 0.314941 0.27002 0.0439453 0.0908203 0.000209451
13 0.220215 0.463867 0.0654297 0.0292969 0.000210524
9 0.179199 0.332031 0.0439453 0.0371094 0.000213265
11 0.776855 0.499512 0.0283203 0.0107422 0.000216365
9 0.731934 0.5625 0.18457 0.199219 0.000219822
1 0.618652 0.157715 0.174805 0.0830078 0.000219941
8 0.227051 0.286621 0.0126953 0.00878906 0.000221252
13 0.609863 0.339355 0.0244141 0.0166016 0.000223398
3 0.202637 0.981934 0.405273 0.0361328 0.000224233
9 0.325195 0.612305 0.0351562 0.0410156 0.000226855
11 0.527832 0.308105 0.102539 0.0888672 0.00022912
13 0.776855 0.499512 0.0283203 0.0107422 0.000230193
7 0.78125 0.518066 0.0800781 0.172852 0.000232577
11 0.105957 0.719238 0.0458984 0.0419922 0.000234962
9 0.406738 0.382324 0.0517578 0.116211 0.000236869
9 0.228516 0.369629 0.0722656 0.0458984 0.000236869
13 0.753906 0.487793 0.0449219 0.0283203 0.000236988
11 0.588379 0.134277 0.0615234 0.0166016 0.000239491
9 0.468262 0.410156 0.178711 0.3125 0.000240684
8 0.766113 0.61084 0.0263672 0.0224609 0.000241518
7 0.770508 0.411133 0.0273438 0.0292969 0.000244379
9 0.504883 0.587891 0.322266 0.132812 0.000245094
8 0.802734 0.57959 0.0214844 0.0224609 0.000246286
11 0.335938 0.126465 0.0507812 0.0224609 0.000247002
4 0.218262 0.506348 0.120117 0.133789 0.000263929
13 0.218262 0.506348 0.120117 0.133789 0.000277042
8 0.670898 0.35791 0.0214844 0.0166016 0.000282288
9 0.671875 0.64502 0.0566406 0.0302734 0.00029254
2 0.781738 0.490723 0.0419922 0.0244141 0.000295639
8 0.756348 0.488281 0.0283203 0.0195312 0.000299215
13 0.257324 0.241211 0.0517578 0.0957031 0.000299215
13 0.288086 0.185547 0.0859375 0.0820312 0.00030303
9 0.793945 0.335449 0.0390625 0.0341797 0.000307322
8 0.63916 0.351074 0.0166016 0.0166016 0.000312328
8 0.196777 0.552734 0.166992 0.232422 0.000316381
12 0.613281 0.156738 0.162109 0.0615234 0.000319719
13 0.775879 0.58252 0.0947266 0.18457 0.000319719
13 0.224121 0.453613 0.0830078 0.0361328 0.00032258
8 0.608398 0.339355 0.0214844 0.0263672 0.000329971
4 0.759277 0.568359 0.137695 0.201172 0.000330687
7 0.602539 0.398438 0.0644531 0.103516 0.000330687
3 0.581543 0.966309 0.483398 0.0673828 0.000331402
8 0.764648 0.40918 0.0175781 0.015625 0.000333786
13 0.772461 0.493652 0.0585938 0.0283203 0.000336885
8 0.286133 0.461914 0.0136719 0.0117188 0.000337124
11 0.60791 0.135254 0.0751953 0.0263672 0.000346184
13 0.316406 0.508789 0.0585938 0.0800781 0.000350714
7 0.781738 0.490723 0.0419922 0.0244141 0.000351191
11 0.600098 0.127441 0.125977 0.0341797 0.000354052
13 0.3125 0.481445 0.0683594 0.046875 0.000355005
13 0.284668 0.464844 0.0400391 0.0234375 0.000361443
13 0.688477 0.253418 0.0234375 0.0322266 0.000368595
11 0.265137 0.196777 0.0419922 0.0302734 0.000373363
9 0.77832 0.496094 0.0234375 0.0136719 0.000386477
13 0.294922 0.270508 0.0761719 0.109375 0.000395298
0 0.543945 0.293945 0.0703125 0.0605469 0.000395775
5 0.782715 0.596191 0.0830078 0.15332 0.000396729
9 0.528809 0.308594 0.102539 0.09375 0.000396967
11 0.371582 0.116699 0.0517578 0.0126953 0.00039959
8 0.315918 0.308594 0.0126953 0.0117188 0.000399828
9 0.77002 0.410156 0.0205078 0.0214844 0.000400066
9 0.608398 0.337891 0.015625 0.0136719 0.000406981
1 0.602539 0.143555 0.142578 0.0371094 0.000407219
8 0.598145 0.395996 0.0556641 0.0830078 0.000410318
13 0.703125 0.245605 0.0722656 0.0576172 0.000426531
11 0.678711 0.643555 0.0410156 0.0273438 0.000433683
11 0.616211 0.143555 0.0761719 0.0273438 0.000441074
4 0.196777 0.552734 0.166992 0.232422 0.000446081
9 0.620117 0.649414 0.105469 0.0390625 0.000453234
11 0.353027 0.111816 0.116211 0.0244141 0.000468731
10 0.296875 0.913086 0.302734 0.167969 0.000486135
8 0.295898 0.320312 0.0253906 0.0234375 0.000488281
8 0.729004 0.445801 0.0322266 0.0224609 0.000491142
7 0.265137 0.196777 0.0419922 0.0302734 0.000501156
9 0.984375 0.00830078 0.0195312 0.0166016 0.000530243
11 0.652344 0.647949 0.0546875 0.0322266 0.00055027
11 0.573242 0.138672 0.0507812 0.0214844 0.000566959
8 0.779297 0.603516 0.0898438 0.160156 0.000570774
9 0.200195 0.63916 0.0117188 0.0126953 0.000571728
13 0.746582 0.379883 0.0419922 0.0253906 0.000572681
2 0.200684 0.63916 0.0126953 0.0126953 0.000588894
9 0.265137 0.196777 0.0419922 0.0302734 0.000617027
11 0.278809 0.149902 0.0791016 0.0654297 0.000617981
3 0.528809 0.308594 0.102539 0.09375 0.000627995
11 0.554199 0.15918 0.0654297 0.0566406 0.000633717
5 0.192383 0.554199 0.164062 0.229492 0.00063467
2 0.371582 0.396973 0.0146484 0.0126953 0.000640392
13 0.776367 0.498047 0.0429688 0.015625 0.000641346
13 0.267578 0.220215 0.0546875 0.0830078 0.000656128
9 0.781738 0.490723 0.0419922 0.0244141 0.000669479
11 0.381348 0.125 0.0966797 0.0351562 0.000721931
13 0.297363 0.46875 0.0576172 0.03125 0.000743866
11 0.335449 0.145996 0.163086 0.0830078 0.00074482
10 0.833496 0.717773 0.0283203 0.0429688 0.000790596
9 0.641602 0.648438 0.0585938 0.0273438 0.000825405
7 0.17627 0.569824 0.139648 0.250977 0.000833511
6 0.218262 0.506348 0.120117 0.133789 0.000840664
13 0.279297 0.243164 0.0957031 0.119141 0.000852108
8 0.584961 0.37793 0.0195312 0.015625 0.000864029
8 0.583984 0.383789 0.0253906 0.0273438 0.000874996
8 0.757324 0.611328 0.0205078 0.0195312 0.00090313
6 0.782227 0.59668 0.0839844 0.154297 0.000910759
11 0.833496 0.717773 0.0283203 0.0429688 0.000928879
9 0.20752 0.430664 0.186523 0.408203 0.000950336
8 0.324219 0.610352 0.0351562 0.0390625 0.00095129
9 0.744629 0.473145 0.176758 0.413086 0.000952721
6 0.196777 0.552734 0.166992 0.232422 0.000985146
7 0.745117 0.563477 0.160156 0.203125 0.00100994
13 0.265137 0.208008 0.0322266 0.03125 0.00100994
9 0.602539 0.405762 0.0644531 0.106445 0.00102425
13 0.222168 0.371094 0.0732422 0.0351562 0.00103951
13 0.270508 0.185059 0.0546875 0.0380859 0.00112629
0 0.483887 0.337891 0.19043 0.146484 0.00113106
11 0.344727 0.120605 0.0625 0.0205078 0.00116253
11 0.620605 0.163086 0.188477 0.09375 0.00130558
5 0.759277 0.568359 0.137695 0.201172 0.0013237
2 0.73291 0.441895 0.0166016 0.0126953 0.00136089
9 0.73291 0.441895 0.0166016 0.0126953 0.00138378
8 0.770508 0.410645 0.0214844 0.0224609 0.00141335
11 0.651367 0.646484 0.0371094 0.0214844 0.00149441
2 0.60791 0.338379 0.0166016 0.0146484 0.00154305
11 0.676758 0.170898 0.103516 0.0839844 0.00158978
13 0.695312 0.247559 0.0371094 0.0341797 0.00181675
9 0.662109 0.645508 0.0351562 0.0214844 0.00193882
6 0.759277 0.568359 0.137695 0.201172 0.00195885
8 0.371582 0.396973 0.0146484 0.0126953 0.00208282
13 0.733398 0.385742 0.046875 0.0253906 0.00209618
11 0.640625 0.143066 0.0703125 0.0380859 0.0021553
9 0.193848 0.54834 0.155273 0.22168 0.00236702
13 0.27832 0.205078 0.0605469 0.0449219 0.00241661
8 0.77832 0.496094 0.0234375 0.0136719 0.00248718
13 0.290039 0.217773 0.0800781 0.0625 0.00258255
9 0.218262 0.506348 0.120117 0.133789 0.00311661
8 0.782715 0.489746 0.0419922 0.0244141 0.0036068
10 0.105469 0.71875 0.0273438 0.03125 0.00409698
9 0.776367 0.583008 0.09375 0.181641 0.00445175
8 0.200195 0.63916 0.0117188 0.0126953 0.00447464
11 0.579102 0.133789 0.0878906 0.0253906 0.00469208
11 0.105469 0.71875 0.0273438 0.03125 0.00543213
11 0.665527 0.64502 0.0380859 0.0244141 0.00589752
7 0.77832 0.592285 0.0898438 0.163086 0.00721359
7 0.205078 0.518066 0.138672 0.161133 0.00765228
11 0.333008 0.133301 0.125 0.0458984 0.00787354
8 0.608398 0.338379 0.015625 0.0146484 0.00817871
11 0.603516 0.152344 0.152344 0.0507812 0.00925446
11 0.370605 0.117188 0.0888672 0.0175781 0.0108185
8 0.73291 0.441895 0.0166016 0.0126953 0.0119934
3 0.504883 0.593262 0.330078 0.12793 0.0140762
11 0.661133 0.647461 0.0234375 0.0175781 0.0151062
13 0.265137 0.196777 0.0419922 0.0302734 0.0152206
11 0.562988 0.144531 0.0634766 0.0390625 0.0157776
11 0.648926 0.151855 0.104492 0.0595703 0.028183
11 0.348145 0.12207 0.110352 0.0292969 0.0932007
11 0.600098 0.139648 0.133789 0.0292969 0.102722
0 0.528809 0.308594 0.102539 0.09375 0.120911
