11 0.641602 0.145508 0.140625 0.0507812 0.000101209
11 0.865234 0.937988 0.269531 0.124023 0.000101805
5 0.816895 0.407715 0.0419922 0.0419922 0.000101805
9 0.0644531 0.76709 0.0664062 0.213867 0.000102162
13 0.233887 0.54248 0.170898 0.186523 0.000102222
11 0.994629 0.134277 0.00878906 0.0224609 0.000102818
8 0.645996 0.539062 0.0205078 0.0195312 0.000102937
8 0.265625 0.70459 0.0507812 0.0419922 0.000103354
3 0.44043 0.824219 0.566406 0.300781 0.000103712
9 0.170898 0.379395 0.0761719 0.0654297 0.000103772
11 0.592773 0.129883 0.0566406 0.0234375 0.000104666
9 0.0478516 0.700195 0.0136719 0.0175781 0.000108957
13 0.233398 0.528809 0.146484 0.0908203 0.000109255
13 0.859375 0.447754 0.0273438 0.0322266 0.000109375
8 0.814941 0.421875 0.0888672 0.0820312 0.000109494
8 0.811035 0.494629 0.200195 0.301758 0.00011003
11 0.283203 0.602051 0.0273438 0.0224609 0.000110745
9 0.26709 0.628418 0.268555 0.0791016 0.000110924
11 0.910645 0.692871 0.0400391 0.0751953 0.000111759
9 0.273926 0.705078 0.0810547 0.0449219 0.000113785
11 0.121094 0.72998 0.0585938 0.0634766 0.000113904
11 0.425781 0.160156 0.0664062 0.046875 0.000114083
9 0.0185547 0.578613 0.0371094 0.174805 0.000115454
1 0.745605 0.12793 0.504883 0.255859 0.000115991
13 0.382324 0.311523 0.0791016 0.0722656 0.000116229
13 0.276367 0.503906 0.169922 0.216797 0.000116408
11 0.733887 0.165039 0.0732422 0.0625 0.000118256
6 0.768555 0.393555 0.160156 0.177734 0.000118971
3 0.552734 0.320312 0.1875 0.167969 0.000119627
7 0.185059 0.391602 0.0322266 0.0273438 0.000120282
9 0.0634766 0.677246 0.126953 0.311523 0.000120401
4 0.798828 0.396484 0.0742188 0.0605469 0.000121176
7 0.234863 0.524414 0.188477 0.210938 0.000121593
8 0.358398 0.628418 0.0527344 0.0380859 0.000122786
13 0.410156 0.471191 0.0527344 0.0341797 0.000122905
7 0.779297 0.368652 0.09375 0.0966797 0.00012362
11 0.393555 0.128906 0.109375 0.015625 0.000123978
9 0.477539 0.944336 0.181641 0.0996094 0.000124335
9 0.799805 0.382324 0.0488281 0.0498047 0.000124931
8 0.731934 0.138184 0.536133 0.276367 0.000125289
9 0.273438 0.774902 0.380859 0.30957 0.000126004
9 0.155762 0.468262 0.0341797 0.0244141 0.000126243
0 0.605469 0.328125 0.265625 0.214844 0.000126243
9 0.137695 0.0849609 0.275391 0.162109 0.000126481
8 0.704102 0.453125 0.0253906 0.0195312 0.000127196
9 0.758789 0.42041 0.310547 0.436523 0.000127316
13 0.798828 0.396484 0.0742188 0.0605469 0.000131488
4 0.816406 0.498535 0.195312 0.288086 0.000132322
8 0.243164 0.52002 0.0117188 0.0107422 0.000132442
11 0.169434 0.71582 0.0517578 0.0371094 0.00013268
13 0.731934 0.138184 0.536133 0.276367 0.000133634
11 0.625977 0.154297 0.0644531 0.0234375 0.000134349
11 0.611816 0.106445 0.0966797 0.0273438 0.000135064
13 0.806641 0.488281 0.195312 0.304688 0.000136971
9 0.0141602 0.662598 0.0263672 0.0673828 0.000138283
9 0.732422 0.95752 0.3125 0.0810547 0.000138402
13 0.77002 0.619141 0.139648 0.078125 0.000144839
5 0.260742 0.431641 0.271484 0.365234 0.000145555
9 0.937988 0.650879 0.0205078 0.0205078 0.000145912
9 0.0473633 0.654297 0.0947266 0.164062 0.000146747
13 0.746582 0.616211 0.0947266 0.046875 0.000146747
13 0.752441 0.353027 0.0654297 0.0244141 0.000147939
9 0.797852 0.370605 0.0195312 0.0166016 0.0001508
6 0.260742 0.525391 0.173828 0.179688 0.000155091
5 0.287109 0.536133 0.167969 0.146484 0.000157356
8 0.731445 0.312988 0.0117188 0.0126953 0.000159383
8 0.819824 0.61084 0.0302734 0.0263672 0.000160336
9 0.819336 0.435547 0.125 0.132812 0.000160575
10 0.819336 0.40625 0.0234375 0.0214844 0.000160575
5 0.759277 0.489258 0.290039 0.353516 0.000164866
11 0.393066 0.13916 0.0576172 0.0224609 0.000165343
8 0.36377 0.246094 0.0478516 0.0371094 0.000166655
0 0.819336 0.40625 0.0234375 0.0214844 0.000166893
9 0.0444336 0.550781 0.0888672 0.310547 0.000168562
2 0.731934 0.138184 0.536133 0.276367 0.000174284
11 0.365723 0.134766 0.0810547 0.0195312 0.000174999
9 0.234375 0.587402 0.21875 0.139648 0.000175595
11 0.59082 0.100586 0.0566406 0.0214844 0.000176191
13 0.77002 0.612793 0.0478516 0.0439453 0.000183702
11 0.636719 0.117676 0.078125 0.0205078 0.000184059
6 0.585938 0.588379 0.429688 0.170898 0.000184059
8 0.034668 0.59082 0.0693359 0.148438 0.000186801
7 0.585938 0.588379 0.429688 0.170898 0.000187635
8 0.788574 0.365723 0.0322266 0.0224609 0.000189662
9 0.762207 0.354004 0.0341797 0.0185547 0.000192881
8 0.817383 0.414551 0.0253906 0.0185547 0.000193357
11 0.416504 0.131348 0.0830078 0.0244141 0.000195742
8 0.765137 0.358887 0.0595703 0.0341797 0.000195861
7 0.818848 0.435059 0.12207 0.131836 0.000198841
9 0.509766 0.371582 0.207031 0.229492 0.000200033
12 0.731934 0.138184 0.536133 0.276367 0.000200272
4 0.585938 0.588379 0.429688 0.170898 0.000202894
13 0.717285 0.629395 0.163086 0.0595703 0.000203371
9 0.552734 0.320312 0.1875 0.167969 0.000205755
13 0.214355 0.531738 0.0537109 0.0205078 0.000207067
7 0.762207 0.368652 0.174805 0.217773 0.000207305
13 0.585938 0.587891 0.425781 0.150391 0.000209332
9 0.445801 0.782715 0.0908203 0.104492 0.000211
9 0.449219 0.769531 0.117188 0.232422 0.000211716
11 0.585938 0.588379 0.429688 0.170898 0.0002141
9 0.441406 0.78418 0.0683594 0.0332031 0.000214696
8 0.827637 0.410156 0.0341797 0.0253906 0.000218391
8 0.591797 0.395508 0.0449219 0.03125 0.000219822
8 0.612305 0.241699 0.0117188 0.00878906 0.000221491
8 0.667969 0.437012 0.0351562 0.0322266 0.000222921
11 0.327637 0.147461 0.0810547 0.046875 0.000223637
8 0.782715 0.413574 0.155273 0.192383 0.00022471
8 0.266602 0.575684 0.015625 0.0126953 0.000226498
1 0.585938 0.588379 0.429688 0.170898 0.000226974
9 0.466309 0.596191 0.174805 0.223633 0.000227213
13 0.34375 0.320312 0.0566406 0.0507812 0.000227451
3 0.819336 0.405762 0.0234375 0.0224609 0.000228047
11 0.616699 0.160645 0.0947266 0.0322266 0.000231028
8 0.61084 0.681152 0.0166016 0.0146484 0.000233173
8 0.866211 0.626953 0.0273438 0.0234375 0.000234008
4 0.816895 0.407715 0.0419922 0.0419922 0.000234246
11 0.660156 0.127441 0.0898438 0.0341797 0.000237226
9 0.482422 0.984863 0.154297 0.0302734 0.000240684
9 0.88623 0.348145 0.0361328 0.0517578 0.000244141
6 0.580078 0.305664 0.115234 0.111328 0.000244617
8 0.972656 0.439453 0.03125 0.0253906 0.000247955
8 0.585938 0.588379 0.429688 0.170898 0.000252247
9 0.238281 0.496582 0.181641 0.25293 0.000261068
9 0.108887 0.707031 0.0517578 0.0898438 0.000263214
2 0.585938 0.588379 0.429688 0.170898 0.000264168
6 0.826172 0.518066 0.177734 0.264648 0.000265837
8 0.697266 0.205078 0.015625 0.0136719 0.00027132
7 0.795898 0.370605 0.0253906 0.0205078 0.000273943
13 0.761719 0.354004 0.0351562 0.0185547 0.000279665
11 0.269043 0.182617 0.0400391 0.0371094 0.000279903
8 0.416992 0.46875 0.0253906 0.0273438 0.000281811
4 0.580078 0.305664 0.115234 0.111328 0.00028348
9 0.0419922 0.726562 0.0839844 0.199219 0.000285387
11 0.819336 0.406738 0.0234375 0.0224609 0.000289917
11 0.64209 0.144043 0.0869141 0.0322266 0.000293255
13 0.789062 0.43457 0.144531 0.171875 0.00029397
9 0.543457 0.714355 0.0595703 0.0751953 0.000295162
8 0.342773 0.40625 0.0136719 0.0117188 0.000297308
8 0.796875 0.373535 0.0351562 0.0302734 0.000297308
6 0.798828 0.396484 0.0742188 0.0605469 0.000299454
13 0.749023 0.193359 0.0371094 0.03125 0.000299931
7 0.799805 0.382324 0.0488281 0.0498047 0.000300646
12 0.585938 0.588379 0.429688 0.170898 0.0003016
9 0.782715 0.34375 0.206055 0.300781 0.00030303
5 0.256836 0.580078 0.238281 0.158203 0.000303984
8 0.59668 0.50293 0.0253906 0.0214844 0.000304937
7 0.0322266 0.611816 0.0644531 0.155273 0.000321388
11 0.30127 0.160156 0.0673828 0.0507812 0.000323057
8 0.734375 0.375 0.0234375 0.0195312 0.000326872
7 0.580078 0.305664 0.115234 0.111328 0.000332832
3 0.593262 0.655273 0.397461 0.205078 0.000333071
9 0.47168 0.731934 0.078125 0.0947266 0.000333548
9 0.81543 0.408691 0.0390625 0.0302734 0.000336647
8 0.155762 0.468262 0.0341797 0.0244141 0.000346184
3 0.593262 0.515137 0.442383 0.237305 0.000349283
0 0.57959 0.302734 0.0615234 0.0800781 0.00034976
8 0.209473 0.395508 0.00878906 0.00976562 0.000360489
6 0.816895 0.407715 0.0419922 0.0419922 0.000362635
10 0.00537109 0.669922 0.0107422 0.0234375 0.000362635
9 0.0913086 0.640137 0.0224609 0.0224609 0.000370264
11 0.586914 0.138672 0.0585938 0.0332031 0.000379801
5 0.818359 0.40625 0.0234375 0.0214844 0.000380278
11 0.745605 0.12793 0.504883 0.255859 0.000380754
13 0.76709 0.62207 0.0322266 0.0371094 0.000383615
8 0.20752 0.532715 0.0400391 0.0224609 0.000385284
9 0.493652 0.96875 0.149414 0.0605469 0.000388622
4 0.790527 0.400391 0.0966797 0.107422 0.000391006
9 0.53125 0.753418 0.150391 0.155273 0.000401497
10 0.585938 0.588379 0.429688 0.170898 0.000408173
4 0.78418 0.432129 0.160156 0.194336 0.000409365
12 0.580078 0.307617 0.113281 0.113281 0.000417233
10 0.116699 0.700195 0.0419922 0.0527344 0.000422478
0 0.509766 0.371582 0.207031 0.229492 0.000427246
7 0.81543 0.416504 0.078125 0.0791016 0.000430584
11 0.432617 0.146973 0.0625 0.0341797 0.000439882
8 0.791016 0.399902 0.0976562 0.106445 0.000454903
0 0.585938 0.588379 0.429688 0.170898 0.000454903
13 0.792969 0.40625 0.09375 0.113281 0.000457048
5 0.580078 0.307617 0.113281 0.113281 0.000461817
5 0.125488 0.0844727 0.250977 0.163086 0.000470161
9 0.474121 0.647461 0.108398 0.269531 0.000475883
9 0.134277 0.961914 0.0458984 0.0332031 0.00047946
1 0.580078 0.305664 0.115234 0.111328 0.000485659
11 0.00537109 0.669922 0.0107422 0.0234375 0.000504017
11 0.412598 0.177246 0.0634766 0.0263672 0.000505924
11 0.614746 0.118652 0.102539 0.0322266 0.000521183
9 0.185059 0.391602 0.0322266 0.0273438 0.000522614
11 0.116699 0.700195 0.0419922 0.0527344 0.00053072
5 0.826172 0.518066 0.177734 0.264648 0.000535488
9 0.973145 0.712402 0.0146484 0.0166016 0.000542164
11 0.623535 0.130371 0.102539 0.0263672 0.000547409
9 0.710449 0.637207 0.180664 0.0673828 0.000555515
13 0.67041 0.305176 0.0595703 0.102539 0.000556946
13 0.580078 0.305664 0.115234 0.111328 0.00055933
5 0.585938 0.588379 0.429688 0.170898 0.000596523
8 0.696777 0.476562 0.0205078 0.0195312 0.000608444
11 0.351562 0.13916 0.0898438 0.0341797 0.000612736
11 0.600098 0.152344 0.0732422 0.0332031 0.000630856
9 0.798828 0.396484 0.0742188 0.0605469 0.000639915
9 0.458496 0.82373 0.34668 0.305664 0.000645638
8 0.580078 0.305664 0.115234 0.111328 0.000650406
2 0.580078 0.305664 0.115234 0.111328 0.000677109
9 0.779785 0.430176 0.168945 0.198242 0.000683308
8 0.791992 0.386719 0.0625 0.0683594 0.000700474
5 0.792969 0.40625 0.09375 0.113281 0.000706196
9 0.837891 0.890137 0.115234 0.0986328 0.000717163
3 0.166504 0.0766602 0.333008 0.15332 0.000728607
11 0.580078 0.305664 0.115234 0.111328 0.00074625
13 0.819336 0.40625 0.0234375 0.0214844 0.000748158
8 0.798828 0.497559 0.0175781 0.0166016 0.00082159
10 0.580078 0.305664 0.115234 0.111328 0.000864506
13 0.357422 0.330078 0.0976562 0.0976562 0.000895977
11 0.28125 0.172363 0.0664062 0.0556641 0.000966549
2 0.819336 0.407715 0.0234375 0.0185547 0.00101185
4 0.818359 0.40625 0.0234375 0.0214844 0.00102139
9 0.0297852 0.682129 0.0595703 0.141602 0.00105476
9 0.811035 0.494629 0.200195 0.301758 0.00111485
7 0.816895 0.407715 0.0419922 0.0419922 0.00111866
9 0.258301 0.665527 0.297852 0.114258 0.0011282
11 0.419922 0.139648 0.0664062 0.0253906 0.00119305
9 0.585938 0.587891 0.425781 0.150391 0.00119495
10 0.904785 0.671875 0.0439453 0.0722656 0.00132847
9 0.54541 0.727539 0.0947266 0.107422 0.00143719
11 0.904785 0.671875 0.0439453 0.0722656 0.00144386
9 0.580078 0.305664 0.115234 0.111328 0.00144577
8 0.81543 0.408691 0.0390625 0.0302734 0.00145149
8 0.811035 0.408691 0.0595703 0.0478516 0.00150204
7 0.798828 0.396484 0.0742188 0.0605469 0.00156975
9 0.790039 0.411133 0.107422 0.130859 0.00158978
8 0.763672 0.354004 0.03125 0.0185547 0.00165272
6 0.792969 0.40625 0.09375 0.113281 0.00174809
3 0.580078 0.305664 0.115234 0.111328 0.00179672
6 0.818359 0.40625 0.0234375 0.0214844 0.00185013
9 0.0253906 0.669922 0.0507812 0.0683594 0.00203133
6 0.791504 0.45166 0.165039 0.204102 0.00211143
9 0.169922 0.716309 0.0585938 0.0380859 0.00219345
5 0.791504 0.45166 0.165039 0.204102 0.0022049
8 0.186523 0.391602 0.0332031 0.0273438 0.0023613
9 0.486328 0.691406 0.183594 0.330078 0.00245667
7 0.816406 0.498535 0.195312 0.288086 0.00256348
9 0.0991211 0.650879 0.0302734 0.0458984 0.00265312
9 0.479492 0.739258 0.134766 0.142578 0.00265503
0 0.554199 0.330078 0.163086 0.15625 0.00279427
11 0.391113 0.137695 0.108398 0.0273438 0.002985
5 0.253418 0.495605 0.18457 0.243164 0.00333786
9 0.0322266 0.614258 0.0625 0.162109 0.00363731
8 0.797363 0.370117 0.0205078 0.0175781 0.00442123
11 0.613281 0.141113 0.0976562 0.0341797 0.00450134
9 0.48877 0.810547 0.166992 0.275391 0.00492859
9 0.820801 0.406738 0.0244141 0.0205078 0.00498581
7 0.790527 0.400391 0.0966797 0.107422 0.00626373
7 0.78418 0.432129 0.160156 0.194336 0.0069046
10 0.110352 0.71582 0.0410156 0.0625 0.00783539
7 0.818359 0.40625 0.0234375 0.0214844 0.00805664
11 0.110352 0.71582 0.0410156 0.0625 0.00917816
8 0.819336 0.40625 0.0234375 0.0214844 0.111084
3 0.587402 0.588379 0.428711 0.145508 0.148926
0 0.581055 0.300293 0.113281 0.0986328 0.489502
