8 0.75 0.742676 0.0351562 0.0361328 0.000433207
11 0.23877 0.409668 0.288086 0.358398 0.000433922
8 0.382812 0.378906 0.0273438 0.0273438 0.000433922
5 0.739746 0.497559 0.186523 0.223633 0.000435829
4 0.166992 0.339844 0.164062 0.0898438 0.000442982
5 0.486816 0.554199 0.209961 0.631836 0.000443697
11 0.84375 0.251465 0.0429688 0.0498047 0.000446796
13 0.241699 0.335938 0.116211 0.0585938 0.000449657
13 0.152832 0.248047 0.112305 0.121094 0.000449896
13 0.10791 0.340332 0.0634766 0.0654297 0.00045085
13 0.657227 0.24707 0.101562 0.126953 0.000452518
9 0.199219 0.45459 0.191406 0.299805 0.000457048
13 0.702637 0.65918 0.112305 0.152344 0.000458241
11 0.255859 0.146484 0.115234 0.078125 0.000464439
3 0.171875 0.349121 0.166016 0.0966797 0.000466824
5 0.547363 0.304199 0.141602 0.137695 0.000467777
12 0.166992 0.339844 0.164062 0.0898438 0.000468016
13 0.186523 0.144531 0.107422 0.078125 0.0004704
13 0.736328 0.504883 0.232422 0.328125 0.000475407
13 0.167969 0.410156 0.0488281 0.0351562 0.000475645
5 0.114746 0.321289 0.0654297 0.0488281 0.000481367
0 0.269043 0.131348 0.225586 0.0947266 0.000481367
1 0.218262 0.381348 0.249023 0.174805 0.000487328
11 0.827637 0.236816 0.0986328 0.125977 0.000494003
12 0.547852 0.296387 0.144531 0.120117 0.000495911
2 0.727539 0.415527 0.341797 0.43457 0.000495911
13 0.256348 0.654785 0.170898 0.0966797 0.000497818
8 0.166992 0.339844 0.164062 0.0898438 0.000497818
9 0.188477 0.556641 0.130859 0.125 0.000506878
11 0.31543 0.759277 0.0449219 0.0341797 0.000508308
8 0.345703 0.437012 0.078125 0.0634766 0.000511169
0 0.166992 0.339844 0.164062 0.0898438 0.000517845
13 0.368652 0.295898 0.12793 0.138672 0.000518322
6 0.250488 0.177734 0.249023 0.15625 0.000518322
1 0.547852 0.296387 0.144531 0.120117 0.00052166
13 0.325684 0.316406 0.120117 0.107422 0.00052166
12 0.114746 0.321289 0.0654297 0.0488281 0.000522137
13 0.42041 0.236328 0.0400391 0.0839844 0.000531673
7 0.19873 0.145508 0.12793 0.0839844 0.000535011
9 0.358398 0.150879 0.0625 0.0498047 0.000537395
2 0.116699 0.301758 0.0771484 0.101562 0.00054121
10 0.546387 0.306152 0.139648 0.139648 0.00054121
1 0.803711 0.205566 0.119141 0.157227 0.000542641
8 0.782715 0.404297 0.0302734 0.0175781 0.000544548
13 0.712402 0.145996 0.18457 0.0927734 0.000545025
2 0.173828 0.30957 0.179688 0.113281 0.000556946
13 0.212402 0.366699 0.116211 0.0947266 0.000557423
7 0.15332 0.224609 0.0820312 0.0625 0.000558853
13 0.147461 0.297852 0.115234 0.123047 0.000561237
13 0.228027 0.173828 0.0771484 0.0566406 0.000566006
9 0.50293 0.918945 0.181641 0.146484 0.000566959
7 0.54834 0.290527 0.133789 0.108398 0.000571728
9 0.75 0.583008 0.271484 0.505859 0.000573635
13 0.146484 0.324707 0.0742188 0.0361328 0.000586987
13 0.15332 0.544434 0.0742188 0.0634766 0.000588894
11 0.242676 0.123047 0.0517578 0.0390625 0.000593185
11 0.325195 0.768555 0.0371094 0.0429688 0.000593662
2 0.174316 0.410645 0.0302734 0.0263672 0.00059557
9 0.347168 0.146484 0.0869141 0.0878906 0.000596523
7 0.226074 0.3125 0.260742 0.146484 0.000597477
13 0.134766 0.570312 0.0507812 0.134766 0.000609398
12 0.240723 0.140137 0.237305 0.106445 0.000609875
2 0.332031 0.755371 0.0351562 0.0361328 0.000610352
11 0.600586 0.159668 0.0820312 0.0634766 0.000618935
6 0.22998 0.541504 0.211914 0.219727 0.00062561
8 0.79248 0.402344 0.0498047 0.0273438 0.000629902
11 0.32959 0.738281 0.0341797 0.0507812 0.000631809
5 0.76123 0.40625 0.258789 0.355469 0.000648022
11 0.693848 0.125488 0.0634766 0.0302734 0.000652313
7 0.135742 0.53418 0.0410156 0.0625 0.00065279
13 0.416016 0.269531 0.0625 0.181641 0.000654221
9 0.511719 0.327148 0.210938 0.199219 0.000661373
13 0.323242 0.710938 0.0839844 0.125 0.000670433
11 0.709961 0.789062 0.0996094 0.0800781 0.000671864
2 0.228027 0.135254 0.129883 0.0849609 0.0006814
7 0.242188 0.454102 0.292969 0.373047 0.000683308
13 0.401855 0.307129 0.241211 0.182617 0.000686169
11 0.348145 0.762207 0.0654297 0.0458984 0.000687122
1 0.226562 0.178223 0.185547 0.135742 0.000688076
11 0.210449 0.141602 0.291992 0.158203 0.00068903
9 0.248535 0.160156 0.25293 0.144531 0.00069809
13 0.699219 0.20752 0.189453 0.196289 0.000699043
2 0.673828 0.347656 0.0253906 0.0273438 0.000703812
13 0.694824 0.73291 0.0517578 0.131836 0.00070715
9 0.71582 0.417969 0.0195312 0.015625 0.000714779
5 0.171875 0.349121 0.166016 0.0966797 0.000716209
13 0.710449 0.696289 0.0888672 0.0683594 0.000717163
13 0.711914 0.316895 0.154297 0.145508 0.000728607
11 0.563965 0.108398 0.0595703 0.0273438 0.000731945
3 0.240723 0.140137 0.237305 0.106445 0.000737667
11 0.332031 0.126953 0.128906 0.0839844 0.000744343
11 0.0981445 0.334961 0.0771484 0.0605469 0.000745296
9 0.345703 0.779785 0.0957031 0.0888672 0.000748158
13 0.172852 0.40918 0.0253906 0.0234375 0.000750065
13 0.32666 0.60791 0.0595703 0.0791016 0.00075388
13 0.196777 0.566406 0.124023 0.0761719 0.000758171
9 0.217773 0.143066 0.152344 0.0908203 0.000758648
13 0.146973 0.218262 0.0439453 0.0380859 0.000762939
9 0.416504 0.200195 0.0634766 0.291016 0.000763893
11 0.899414 0.901367 0.0449219 0.0566406 0.000763893
13 0.333496 0.135254 0.104492 0.0908203 0.000769615
7 0.114746 0.277344 0.0693359 0.140625 0.000777245
9 0.238281 0.357422 0.28125 0.171875 0.000788212
13 0.677246 0.711914 0.186523 0.201172 0.000789165
5 0.218262 0.381348 0.249023 0.174805 0.000790596
13 0.229004 0.135742 0.125977 0.0839844 0.000801086
13 0.20752 0.40918 0.194336 0.175781 0.000804424
13 0.70166 0.544922 0.143555 0.140625 0.000829697
13 0.172852 0.555176 0.0878906 0.0439453 0.00083828
9 0.11377 0.304688 0.0673828 0.078125 0.000840187
13 0.331543 0.749512 0.0458984 0.0419922 0.000853062
7 0.226562 0.178223 0.185547 0.131836 0.00085783
0 0.494141 0.442383 0.244141 0.443359 0.000863075
13 0.286621 0.131836 0.139648 0.0742188 0.000867844
8 0.777344 0.564941 0.0195312 0.0166016 0.000869274
5 0.716309 0.677246 0.139648 0.250977 0.00088644
7 0.344727 0.135254 0.09375 0.0869141 0.000891209
11 0.140137 0.212891 0.0615234 0.0527344 0.000892639
9 0.135742 0.530273 0.0371094 0.0566406 0.000895023
2 0.240723 0.140137 0.237305 0.106445 0.000895023
7 0.218262 0.381348 0.249023 0.174805 0.000901699
11 0.299805 0.76709 0.0527344 0.0419922 0.00090313
13 0.65918 0.267578 0.230469 0.214844 0.000905514
11 0.620605 0.14502 0.124023 0.0634766 0.000918865
1 0.689453 0.137207 0.199219 0.0869141 0.000941277
11 0.745117 0.19043 0.195312 0.164062 0.000952721
11 0.547852 0.296387 0.144531 0.120117 0.000968456
9 0.174316 0.410645 0.0302734 0.0263672 0.000984192
7 0.174316 0.410645 0.0302734 0.0263672 0.000984192
9 0.22998 0.541016 0.204102 0.199219 0.00098896
13 0.733887 0.368164 0.227539 0.339844 0.00100327
9 0.65332 0.807617 0.199219 0.0878906 0.00102329
8 0.329102 0.726074 0.0117188 0.0146484 0.00102615
1 0.154785 0.333496 0.129883 0.0498047 0.00104713
13 0.693359 0.200195 0.0625 0.0429688 0.00105
8 0.347168 0.73584 0.0224609 0.0146484 0.00105
13 0.163086 0.333008 0.0625 0.03125 0.00110435
11 0.300293 0.102051 0.165039 0.0556641 0.00111961
9 0.709961 0.811035 0.0664062 0.0498047 0.00113392
13 0.704102 0.538574 0.0859375 0.0712891 0.00115967
11 0.199219 0.139648 0.0800781 0.0664062 0.00116253
8 0.715332 0.419922 0.0302734 0.03125 0.00116444
11 0.888184 0.907715 0.0576172 0.0947266 0.0011692
8 0.546875 0.285156 0.136719 0.0976562 0.0011692
13 0.244629 0.189941 0.114258 0.0634766 0.00117874
9 0.171875 0.349121 0.166016 0.0966797 0.00118732
13 0.29834 0.645508 0.110352 0.154297 0.00119209
7 0.174805 0.367676 0.166016 0.118164 0.00120068
8 0.188965 0.57373 0.0263672 0.0244141 0.00122738
13 0.780273 0.239746 0.142578 0.186523 0.0012331
9 0.692383 0.731445 0.154297 0.197266 0.00124359
11 0.590332 0.104492 0.0908203 0.0253906 0.00126362
13 0.1875 0.209961 0.166016 0.150391 0.00126743
8 0.720703 0.429688 0.0449219 0.046875 0.00128365
0 0.23877 0.261719 0.297852 0.238281 0.00128555
6 0.160156 0.224121 0.0546875 0.0419922 0.0012989
8 0.23877 0.261719 0.297852 0.238281 0.00129986
9 0.160156 0.225098 0.0546875 0.0419922 0.00130463
9 0.558594 0.708496 0.412109 0.27832 0.00131702
9 0.734375 0.401367 0.291016 0.382812 0.00134277
10 0.106934 0.320312 0.0634766 0.0507812 0.00134563
2 0.238281 0.358398 0.291016 0.203125 0.0013485
11 0.218262 0.381348 0.249023 0.174805 0.00135326
13 0.16748 0.22168 0.0869141 0.0605469 0.00136089
11 0.222168 0.169434 0.106445 0.0654297 0.00137329
11 0.120605 0.226074 0.0439453 0.0615234 0.00140667
9 0.158203 0.333496 0.134766 0.0498047 0.00141716
1 0.222656 0.301758 0.269531 0.201172 0.00141716
13 0.22998 0.541016 0.204102 0.199219 0.00142097
13 0.193359 0.342285 0.0644531 0.0380859 0.00142193
3 0.550781 0.299316 0.134766 0.124023 0.00143814
13 0.338867 0.442871 0.0761719 0.0634766 0.00144196
1 0.206055 0.140137 0.136719 0.0830078 0.00146294
13 0.164062 0.555664 0.09375 0.113281 0.0014925
8 0.193848 0.715332 0.0146484 0.0126953 0.00156879
11 0.150391 0.271973 0.134766 0.161133 0.00157261
9 0.244141 0.489746 0.279297 0.483398 0.00159168
9 0.682129 0.826172 0.125977 0.09375 0.00161076
1 0.166992 0.339844 0.164062 0.0898438 0.00163555
13 0.744141 0.274414 0.109375 0.0957031 0.00164127
10 0.230957 0.133301 0.172852 0.0830078 0.00164795
12 0.237793 0.253418 0.305664 0.24707 0.00168133
4 0.23877 0.261719 0.297852 0.238281 0.00170326
7 0.254395 0.136719 0.24707 0.103516 0.00178242
8 0.161621 0.227539 0.0439453 0.0410156 0.00180817
5 0.206055 0.606445 0.160156 0.193359 0.0018177
2 0.335449 0.606445 0.0380859 0.0585938 0.00185966
6 0.242188 0.454102 0.292969 0.373047 0.00187492
13 0.18457 0.19873 0.121094 0.0927734 0.00190163
11 0.155762 0.210449 0.0869141 0.0791016 0.00194836
11 0.839355 0.24707 0.0615234 0.0820312 0.00195503
13 0.286133 0.200684 0.224609 0.196289 0.00195694
8 0.674316 0.348145 0.0244141 0.0283203 0.00197029
13 0.547852 0.296387 0.144531 0.120117 0.00197601
3 0.244629 0.260254 0.299805 0.243164 0.00203323
10 0.23877 0.261719 0.297852 0.238281 0.00203514
9 0.330078 0.757812 0.0332031 0.03125 0.00213432
13 0.259766 0.66748 0.126953 0.0537109 0.00214005
5 0.237793 0.635254 0.223633 0.333008 0.00214577
5 0.244629 0.260254 0.299805 0.243164 0.00216103
0 0.561035 0.274902 0.106445 0.0751953 0.00218582
7 0.158203 0.330566 0.142578 0.0537109 0.00218773
9 0.497559 0.82959 0.204102 0.329102 0.0022049
9 0.54834 0.290527 0.133789 0.108398 0.0022831
11 0.15332 0.225586 0.0605469 0.0410156 0.00231361
2 0.71582 0.417969 0.0195312 0.015625 0.00231743
9 0.23877 0.237793 0.299805 0.264648 0.00236511
13 0.20459 0.34082 0.125977 0.046875 0.00236511
5 0.772949 0.55127 0.180664 0.393555 0.00246429
9 0.333008 0.756348 0.0585938 0.0439453 0.00250435
11 0.138184 0.231445 0.0810547 0.0800781 0.0026207
13 0.738281 0.272949 0.138672 0.180664 0.00264168
13 0.253418 0.645996 0.202148 0.291992 0.00269508
4 0.114746 0.325684 0.0576172 0.0400391 0.00271988
11 0.299805 0.133789 0.0859375 0.0410156 0.0027504
11 0.341309 0.747559 0.0458984 0.0361328 0.00286865
13 0.183594 0.277832 0.1875 0.180664 0.00287437
11 0.717285 0.804199 0.0634766 0.0517578 0.0028801
13 0.797363 0.382812 0.0771484 0.0605469 0.00292206
11 0.343262 0.763184 0.0888672 0.0830078 0.00296783
11 0.106934 0.30957 0.0654297 0.0703125 0.00300789
2 0.196777 0.355469 0.211914 0.117188 0.00305939
13 0.32666 0.26123 0.161133 0.213867 0.00316811
11 0.616211 0.112793 0.138672 0.0361328 0.00325584
11 0.289551 0.160156 0.223633 0.111328 0.00328445
5 0.188477 0.556641 0.130859 0.125 0.00331116
7 0.114746 0.325195 0.0732422 0.0644531 0.00334167
2 0.550781 0.287598 0.130859 0.100586 0.00350952
1 0.114746 0.321289 0.0654297 0.0488281 0.00351524
13 0.792969 0.399414 0.0546875 0.0292969 0.003582
9 0.693848 0.796875 0.12207 0.0566406 0.00359535
2 0.15918 0.333984 0.134766 0.0507812 0.00365257
8 0.529297 0.591309 0.0332031 0.0244141 0.00365639
6 0.158203 0.34082 0.144531 0.0703125 0.00371933
11 0.168945 0.192383 0.142578 0.154297 0.0037632
13 0.168945 0.359375 0.117188 0.0839844 0.00382996
6 0.114746 0.32373 0.0615234 0.0400391 0.00387192
11 0.12793 0.304199 0.101562 0.102539 0.00395203
1 0.237305 0.205078 0.279297 0.226562 0.00412369
13 0.254395 0.136719 0.24707 0.103516 0.00426865
11 0.317871 0.757324 0.0673828 0.0537109 0.00448608
11 0.304688 0.145996 0.128906 0.0751953 0.00460815
6 0.196777 0.355469 0.211914 0.117188 0.00486374
13 0.116699 0.301758 0.0771484 0.101562 0.00502396
8 0.167969 0.410156 0.0488281 0.0351562 0.00531769
7 0.160156 0.224121 0.0546875 0.0419922 0.00536346
13 0.135742 0.53418 0.0410156 0.0625 0.00557327
11 0.222656 0.301758 0.269531 0.201172 0.00561523
10 0.145996 0.912109 0.0498047 0.0585938 0.00569153
13 0.137207 0.317871 0.106445 0.0556641 0.00631332
1 0.240723 0.140137 0.237305 0.106445 0.00649643
13 0.236816 0.46875 0.256836 0.359375 0.00652313
2 0.243164 0.259277 0.285156 0.254883 0.00657654
13 0.700195 0.723633 0.103516 0.158203 0.00730896
11 0.226562 0.178223 0.185547 0.135742 0.00750732
11 0.111328 0.273926 0.0644531 0.137695 0.00775909
11 0.145996 0.912109 0.0498047 0.0585938 0.00790405
6 0.244629 0.260254 0.299805 0.243164 0.00804138
7 0.246582 0.234375 0.305664 0.255859 0.00824738
13 0.226562 0.178223 0.185547 0.131836 0.00852203
11 0.799805 0.20459 0.105469 0.131836 0.00906372
3 0.562988 0.726074 0.446289 0.188477 0.009758
0 0.51416 0.32666 0.225586 0.192383 0.0104141
13 0.263672 0.67334 0.103516 0.0283203 0.0107269
11 0.277832 0.118652 0.137695 0.0517578 0.010849
5 0.22998 0.541016 0.204102 0.199219 0.0116806
13 0.160156 0.225098 0.0546875 0.0419922 0.0116882
11 0.154785 0.333496 0.129883 0.0498047 0.0118408
11 0.649902 0.130859 0.165039 0.0488281 0.0119019
5 0.23291 0.470703 0.249023 0.402344 0.0131302
8 0.115234 0.327148 0.0585938 0.0371094 0.0132294
13 0.265625 0.326172 0.232422 0.111328 0.0134735
11 0.166992 0.339844 0.164062 0.0898438 0.0138245
11 0.689453 0.137207 0.199219 0.0869141 0.0145264
9 0.117188 0.326172 0.0566406 0.0371094 0.0163422
10 0.891113 0.911621 0.0458984 0.0595703 0.016861
11 0.177246 0.15625 0.102539 0.0722656 0.0176086
11 0.694336 0.125488 0.105469 0.0498047 0.0177612
8 0.716309 0.416992 0.0244141 0.0175781 0.0180206
2 0.115234 0.327148 0.0585938 0.0371094 0.018219
11 0.114746 0.325684 0.0634766 0.0400391 0.0274048
11 0.889648 0.913086 0.0449219 0.0546875 0.02742
11 0.661621 0.115723 0.135742 0.0419922 0.0278015
13 0.180176 0.322754 0.180664 0.0830078 0.0278931
11 0.777344 0.17627 0.0644531 0.0673828 0.0294189
9 0.485352 0.59082 0.216797 0.599609 0.0299225
11 0.75293 0.160156 0.113281 0.0878906 0.03302
7 0.114746 0.325195 0.0556641 0.0371094 0.0348511
8 0.173828 0.411133 0.03125 0.0234375 0.0368652
13 0.238281 0.358398 0.291016 0.203125 0.0388794
11 0.331055 0.756348 0.0488281 0.0380859 0.0414734
11 0.237305 0.205078 0.279297 0.226562 0.0423279
11 0.241699 0.125 0.0986328 0.0585938 0.0524597
11 0.258789 0.128418 0.208984 0.0849609 0.127686
13 0.243164 0.259277 0.285156 0.254883 0.137817
13 0.116699 0.324707 0.0654297 0.0380859 0.140869
13 0.196777 0.355469 0.211914 0.117188 0.160156
11 0.208008 0.14209 0.154297 0.0908203 0.240967
0 0.546875 0.30127 0.140625 0.129883 0.305176
13 0.158203 0.333496 0.134766 0.0498047 0.364746
