8 0.399902 0.342285 0.0126953 0.00878906 0.000102341
9 0.846191 0.634766 0.200195 0.375 0.00010258
10 0.822754 0.486328 0.12207 0.117188 0.000103354
2 0.40918 0.319824 0.0566406 0.0556641 0.000104129
0 0.946289 0.873047 0.107422 0.253906 0.000105441
13 0.809082 0.439453 0.110352 0.0390625 0.000106096
1 0.193359 0.134277 0.386719 0.250977 0.000106454
13 0.836914 0.338379 0.0722656 0.0244141 0.00010711
1 0.831055 0.499023 0.119141 0.117188 0.000108302
13 0.273438 0.562988 0.105469 0.0224609 0.000108719
7 0.836914 0.456055 0.09375 0.0839844 0.000109255
9 0.363281 0.290039 0.111328 0.0722656 0.00011009
9 0.805176 0.441406 0.172852 0.181641 0.000111222
9 0.806641 0.351074 0.0859375 0.0341797 0.000111639
11 0.816895 0.337891 0.0927734 0.0566406 0.000112414
8 0.686035 0.510254 0.0556641 0.0361328 0.000112474
8 0.814941 0.342773 0.0732422 0.0234375 0.000112772
7 0.84375 0.155273 0.294922 0.263672 0.000113368
3 0.046875 0.88916 0.0898438 0.202148 0.000113666
7 0.193359 0.134277 0.386719 0.250977 0.000113726
9 0.833008 0.386719 0.142578 0.15625 0.000116348
6 0.846191 0.455566 0.102539 0.129883 0.000116527
13 0.373535 0.421387 0.0634766 0.0400391 0.00011915
8 0.193359 0.134277 0.386719 0.250977 0.000119269
8 0.84082 0.60498 0.00976562 0.00878906 0.000119388
11 0.193359 0.134277 0.386719 0.250977 0.000119865
9 0.166016 0.697754 0.03125 0.0302734 0.000120103
3 0.629883 0.377441 0.1875 0.165039 0.000120938
0 0.672363 0.448242 0.223633 0.332031 0.000121057
11 0.651855 0.00683594 0.0400391 0.0136719 0.000121355
0 0.581543 0.35498 0.204102 0.114258 0.000123382
9 0.464355 0.273926 0.0908203 0.0966797 0.000123739
8 0.563477 0.422852 0.236328 0.212891 0.000124335
11 0.660645 0.25293 0.0751953 0.0292969 0.000124574
9 0.403809 0.280273 0.176758 0.101562 0.000125647
8 0.394043 0.355957 0.00878906 0.00683594 0.000125766
13 0.774414 0.702148 0.0449219 0.0410156 0.000125885
11 0.318359 0.28125 0.0507812 0.0351562 0.000126958
6 0.423828 0.318359 0.0214844 0.0175781 0.000127196
13 0.353027 0.665039 0.0830078 0.0410156 0.000128031
7 0.438965 0.277344 0.112305 0.09375 0.000129342
8 0.428223 0.379395 0.0126953 0.0126953 0.000129461
0 0.63916 0.422852 0.0908203 0.232422 0.000130653
13 0.747559 0.378418 0.254883 0.225586 0.000130892
9 0.520996 0.880371 0.186523 0.211914 0.000131369
8 0.302246 0.462891 0.0107422 0.00976562 0.00013268
7 0.869141 0.505371 0.107422 0.131836 0.000135899
7 0.40625 0.312012 0.0546875 0.0478516 0.000136614
9 0.274902 0.729004 0.264648 0.102539 0.000137448
3 0.561035 0.501953 0.235352 0.195312 0.000138283
10 0.282715 0.938477 0.473633 0.123047 0.000138402
9 0.258789 0.446777 0.105469 0.110352 0.000138521
2 0.780762 0.364746 0.124023 0.0693359 0.00013864
13 0.320801 0.38623 0.120117 0.110352 0.000139594
6 0.797363 0.356445 0.110352 0.0605469 0.000139832
9 0.64209 0.487305 0.0654297 0.103516 0.00014317
10 0.287598 0.953613 0.102539 0.0849609 0.000145912
12 0.269043 0.218262 0.538086 0.422852 0.000146151
2 0.42334 0.318848 0.0322266 0.0322266 0.000146866
9 0.722168 0.649414 0.0693359 0.0957031 0.000146866
7 0.806641 0.351562 0.0839844 0.0332031 0.000147223
10 0.193359 0.134277 0.386719 0.250977 0.000149012
11 0.314941 0.335449 0.0654297 0.0302734 0.000149965
7 0.837891 0.428223 0.152344 0.258789 0.000150084
13 0.818359 0.334473 0.0488281 0.0224609 0.000150084
9 0.627441 0.38916 0.19043 0.170898 0.000151634
11 0.440918 0.276855 0.114258 0.0966797 0.000152349
9 0.78125 0.79248 0.314453 0.168945 0.000153542
13 0.375 0.290039 0.117188 0.0742188 0.00015533
13 0.810059 0.452637 0.124023 0.0888672 0.000156522
2 0.193359 0.134277 0.386719 0.250977 0.000157356
6 0.408203 0.295898 0.0527344 0.0664062 0.000157356
11 0.35498 0.280762 0.118164 0.0830078 0.000159621
4 0.86084 0.578613 0.129883 0.151367 0.000161409
10 0.814941 0.342773 0.0732422 0.0234375 0.000161529
9 0.751465 0.744629 0.188477 0.0576172 0.000163436
5 0.833496 0.485352 0.118164 0.123047 0.000165582
4 0.193359 0.134277 0.386719 0.250977 0.000166535
11 0.431152 0.224121 0.0478516 0.0146484 0.000167966
9 0.828125 0.595215 0.046875 0.0419922 0.00017035
0 0.424316 0.317871 0.0224609 0.0185547 0.000170588
7 0.269531 0.429199 0.136719 0.147461 0.000174642
9 0.408691 0.294434 0.0712891 0.118164 0.000175714
11 0.646973 0.223633 0.0888672 0.0488281 0.000177741
9 0.849121 0.447266 0.0947266 0.115234 0.000177979
11 0.449707 0.221191 0.0751953 0.0126953 0.000178337
0 0.564941 0.494141 0.274414 0.296875 0.000181556
10 0.327148 0.979004 0.289062 0.0419922 0.000181675
9 0.571777 0.538086 0.241211 0.326172 0.000182509
9 0.866211 0.514648 0.0976562 0.130859 0.00018549
8 0.741699 0.560059 0.0126953 0.0107422 0.000191808
11 0.634277 0.21582 0.0478516 0.015625 0.000192523
9 0.83252 0.470703 0.0927734 0.0644531 0.000194311
0 0.623535 0.368652 0.0615234 0.0830078 0.000194788
9 0.50293 0.411621 0.119141 0.270508 0.000195503
6 0.848633 0.155762 0.302734 0.266602 0.000199556
2 0.808594 0.342285 0.0742188 0.0244141 0.00020051
3 0.568848 0.60791 0.305664 0.260742 0.000201225
13 0.6875 0.313965 0.0625 0.0419922 0.000201344
11 0.662598 0.21582 0.0458984 0.0136719 0.000205159
7 0.797363 0.356445 0.110352 0.0605469 0.000206351
13 0.341797 0.353516 0.0527344 0.0410156 0.000208378
13 0.877441 0.229492 0.241211 0.259766 0.000209332
8 0.714355 0.634766 0.0185547 0.0175781 0.000211835
13 0.82959 0.345215 0.0498047 0.0166016 0.00021553
11 0.424316 0.317383 0.0205078 0.015625 0.000216484
13 0.397949 0.317383 0.0908203 0.123047 0.000222802
11 0.736816 0.246582 0.0869141 0.0380859 0.00022316
8 0.825195 0.498535 0.125 0.116211 0.000223875
3 0.841797 0.533691 0.15625 0.208008 0.000225425
13 0.720703 0.349121 0.0839844 0.108398 0.000226736
7 0.834961 0.347168 0.0917969 0.0283203 0.000229597
13 0.424316 0.319336 0.0205078 0.015625 0.000229597
13 0.321777 0.648926 0.0751953 0.0517578 0.000233769
13 0.806152 0.42627 0.0791016 0.0498047 0.000234604
7 0.361816 0.280762 0.106445 0.0693359 0.000236273
3 0.279785 0.20166 0.55957 0.329102 0.000238419
6 0.842285 0.470215 0.0751953 0.0458984 0.000239015
13 0.296387 0.331543 0.0810547 0.0283203 0.000244856
9 0.800293 0.540039 0.25293 0.320312 0.000247955
13 0.807129 0.426758 0.0595703 0.0273438 0.000247955
8 0.165527 0.69873 0.0322266 0.0283203 0.000249386
13 0.298828 0.33252 0.0253906 0.0146484 0.000250578
3 0.564941 0.407227 0.227539 0.183594 0.000254154
7 0.415527 0.3125 0.0380859 0.0273438 0.000258446
6 0.19043 0.139648 0.380859 0.251953 0.000258684
9 0.834473 0.347168 0.0966797 0.0322266 0.000262022
11 0.795898 0.351074 0.101562 0.0419922 0.000264406
7 0.830078 0.595703 0.0546875 0.0449219 0.000265837
3 0.32373 0.943359 0.47168 0.113281 0.000274658
11 0.668457 0.22168 0.0458984 0.0175781 0.00029254
9 0.797363 0.356445 0.110352 0.0605469 0.000292778
11 0.441406 0.230469 0.111328 0.0253906 0.000293255
1 0.814941 0.342773 0.0732422 0.0234375 0.000296593
13 0.822754 0.486328 0.12207 0.117188 0.00031352
6 0.626953 0.373047 0.107422 0.119141 0.000329256
7 0.48584 0.325195 0.0791016 0.197266 0.000340223
9 0.485352 0.325195 0.078125 0.1875 0.000343561
13 0.842285 0.470215 0.0771484 0.0458984 0.000349522
4 0.626953 0.373047 0.107422 0.119141 0.00035882
12 0.8125 0.235352 0.375 0.470703 0.000363827
13 0.8125 0.350098 0.0527344 0.0224609 0.00036931
13 0.78125 0.445312 0.0839844 0.0429688 0.000376225
6 0.814941 0.342773 0.0732422 0.0234375 0.000377655
13 0.771973 0.330566 0.163086 0.0751953 0.000380516
5 0.84375 0.155273 0.294922 0.263672 0.000384569
13 0.821777 0.390137 0.12793 0.120117 0.000384808
9 0.863281 0.590332 0.130859 0.143555 0.000388145
12 0.841309 0.52832 0.15332 0.208984 0.000388861
13 0.693848 0.296875 0.0615234 0.0605469 0.000398636
2 0.841309 0.52832 0.15332 0.208984 0.00039959
9 0.984375 0.00878906 0.0195312 0.0175781 0.000401258
8 0.330078 0.602051 0.0214844 0.0185547 0.000417471
9 0.826172 0.779785 0.201172 0.112305 0.000440836
7 0.625977 0.380859 0.111328 0.136719 0.000448704
13 0.366699 0.363281 0.157227 0.121094 0.000451088
4 0.825195 0.498535 0.125 0.116211 0.000455379
13 0.338379 0.331055 0.12207 0.0527344 0.000473976
9 0.771973 0.864258 0.375977 0.236328 0.000505447
8 0.424316 0.316406 0.0283203 0.0273438 0.000507355
10 0.93457 0.825195 0.03125 0.0390625 0.000524998
12 0.626953 0.373047 0.107422 0.119141 0.000534058
0 0.490723 0.487305 0.0830078 0.162109 0.000552177
11 0.834473 0.347168 0.0966797 0.0322266 0.000554085
7 0.852051 0.45459 0.106445 0.151367 0.000561237
5 0.626953 0.375977 0.105469 0.126953 0.000584126
1 0.626953 0.373047 0.107422 0.119141 0.000617027
11 0.65625 0.225586 0.0878906 0.0253906 0.000617981
9 0.419434 0.299805 0.0322266 0.0507812 0.000620842
13 0.403809 0.317871 0.0576172 0.0615234 0.000635147
8 0.48584 0.488281 0.0693359 0.152344 0.000639915
11 0.93457 0.825195 0.0332031 0.0410156 0.000654697
9 0.819824 0.754883 0.137695 0.0664062 0.000696659
9 0.407227 0.316406 0.0546875 0.0488281 0.000703812
11 0.410156 0.29248 0.0566406 0.0712891 0.000732899
8 0.407227 0.299316 0.0527344 0.0576172 0.000743866
13 0.816895 0.337891 0.0927734 0.0566406 0.000768185
12 0.836426 0.439453 0.174805 0.308594 0.000768661
9 0.836426 0.439453 0.174805 0.308594 0.000798702
9 0.848145 0.470215 0.0693359 0.0419922 0.000807285
13 0.758301 0.361816 0.188477 0.102539 0.000816822
8 0.626953 0.373047 0.107422 0.119141 0.000853062
11 0.433594 0.225098 0.0800781 0.0185547 0.000857353
5 0.151855 0.122559 0.303711 0.227539 0.00085783
8 0.828125 0.595703 0.046875 0.0410156 0.000871658
0 0.644043 0.350586 0.0693359 0.0761719 0.000875473
2 0.626953 0.373047 0.107422 0.119141 0.000887394
9 0.790527 0.755371 0.305664 0.0712891 0.000894547
13 0.630371 0.382812 0.104492 0.146484 0.000897884
11 0.626953 0.373047 0.107422 0.119141 0.000926018
6 0.822754 0.48584 0.12207 0.118164 0.000993729
13 0.412598 0.310059 0.0439453 0.0361328 0.00100803
13 0.70166 0.326172 0.0810547 0.109375 0.00101376
11 0.551758 0.246582 0.0527344 0.0146484 0.00101948
7 0.410156 0.29248 0.0566406 0.0712891 0.0010643
13 0.306152 0.334473 0.0439453 0.0224609 0.00111866
5 0.841309 0.533203 0.155273 0.203125 0.0011301
13 0.758301 0.380859 0.120117 0.0820312 0.00114918
11 0.630859 0.223145 0.0507812 0.0283203 0.00115395
10 0.626953 0.373047 0.107422 0.119141 0.00115585
10 0.30957 0.949707 0.347656 0.0908203 0.0012188
9 0.564941 0.416992 0.223633 0.207031 0.00124168
13 0.366699 0.320312 0.135742 0.0859375 0.00124645
7 0.848633 0.470703 0.0683594 0.0429688 0.00130367
3 0.19043 0.139648 0.380859 0.251953 0.00131321
13 0.326172 0.347168 0.0917969 0.0576172 0.00131321
7 0.849121 0.483887 0.0849609 0.0849609 0.00143814
8 0.413574 0.312012 0.0419922 0.0302734 0.00151157
7 0.423828 0.318359 0.0214844 0.0175781 0.00154209
2 0.407227 0.299316 0.0527344 0.0576172 0.00162029
11 0.841309 0.52832 0.15332 0.208984 0.00170994
7 0.48584 0.48291 0.0693359 0.147461 0.00175762
13 0.42041 0.313965 0.0283203 0.0244141 0.00179958
13 0.794434 0.434082 0.0634766 0.0302734 0.00180149
3 0.580566 0.682129 0.350586 0.120117 0.00181007
9 0.626953 0.373047 0.107422 0.119141 0.0018158
13 0.841309 0.52832 0.15332 0.208984 0.00189781
9 0.814941 0.342773 0.0732422 0.0234375 0.00201416
0 0.627441 0.38916 0.19043 0.170898 0.00206757
13 0.813965 0.355957 0.100586 0.0400391 0.00218391
9 0.52832 0.481445 0.171875 0.199219 0.00218582
9 0.833008 0.484863 0.119141 0.124023 0.00233078
7 0.86084 0.578613 0.129883 0.151367 0.00239182
10 0.841309 0.52832 0.15332 0.208984 0.00241089
7 0.814941 0.342773 0.0732422 0.0234375 0.00244522
1 0.841309 0.52832 0.15332 0.208984 0.00246811
11 0.459961 0.226074 0.0683594 0.0185547 0.00252533
3 0.626953 0.373047 0.107422 0.119141 0.00257683
9 0.415527 0.3125 0.0380859 0.0273438 0.0026226
11 0.814941 0.342773 0.0732422 0.0234375 0.00314331
0 0.557617 0.488281 0.214844 0.169922 0.00324631
13 0.317871 0.338379 0.0693359 0.0341797 0.00413895
13 0.834473 0.347168 0.0966797 0.0322266 0.00447083
2 0.413574 0.311523 0.0439453 0.0292969 0.00447464
13 0.797363 0.343262 0.0966797 0.0361328 0.0045166
2 0.424316 0.316895 0.0205078 0.0185547 0.00548172
8 0.841797 0.533691 0.15625 0.208008 0.00596237
13 0.408203 0.295898 0.0527344 0.0664062 0.00602722
9 0.42334 0.318359 0.0224609 0.0175781 0.00630188
9 0.406738 0.295898 0.0517578 0.0644531 0.00667572
7 0.822754 0.486328 0.12207 0.117188 0.00777435
9 0.487305 0.483887 0.0703125 0.151367 0.00930023
6 0.841309 0.52832 0.15332 0.208984 0.0114746
13 0.787598 0.361816 0.12207 0.0634766 0.012619
4 0.841309 0.52832 0.15332 0.208984 0.0126801
9 0.841797 0.531738 0.15625 0.198242 0.0133896
8 0.423828 0.317871 0.0214844 0.0166016 0.0139771
11 0.648438 0.21875 0.0722656 0.0195312 0.0263977
0 0.564941 0.416992 0.223633 0.207031 0.0303192
7 0.841309 0.52832 0.15332 0.208984 0.0884399
13 0.814941 0.342773 0.0732422 0.0234375 0.0987549
0 0.628906 0.371094 0.101562 0.117188 0.496582
