3 0.60498 0.325684 0.147461 0.118164 0.000481606
2 0.317383 0.226562 0.1875 0.144531 0.000481844
11 0.312012 0.6875 0.0732422 0.03125 0.000487328
11 0.389648 0.169434 0.101562 0.0400391 0.000489712
8 0.362793 0.370117 0.0595703 0.128906 0.000492096
9 0.833008 0.77832 0.287109 0.101562 0.00049305
9 0.928711 0.680664 0.0371094 0.0351562 0.000497341
6 0.320801 0.675781 0.311523 0.111328 0.000498295
8 0.84375 0.564453 0.0761719 0.0527344 0.000499725
13 0.226074 0.677734 0.102539 0.0761719 0.000510693
8 0.92627 0.623535 0.0283203 0.0322266 0.000511169
6 0.345215 0.250488 0.208008 0.15332 0.000513077
13 0.238281 0.635742 0.134766 0.160156 0.000518322
11 0.694336 0.204102 0.158203 0.103516 0.000520229
5 0.268066 0.580078 0.178711 0.25 0.000521183
9 0.870605 0.667969 0.168945 0.205078 0.000524044
8 0.877441 0.494141 0.0673828 0.0898438 0.000524521
13 0.245117 0.494141 0.167969 0.421875 0.000527382
6 0.811035 0.306641 0.0517578 0.0527344 0.000529766
8 0.881348 0.481445 0.0166016 0.0136719 0.000529766
8 0.804688 0.303711 0.0878906 0.0683594 0.000533104
9 0.0493164 0.349609 0.0986328 0.367188 0.000535488
12 0.348633 0.318359 0.267578 0.291016 0.000535965
9 0.0546875 0.55127 0.109375 0.540039 0.000537395
7 0.328613 0.454102 0.297852 0.234375 0.000538826
11 0.967773 0.835449 0.0449219 0.0791016 0.000540733
7 0.928711 0.680664 0.0371094 0.0351562 0.000543118
8 0.194336 0.700195 0.0273438 0.0214844 0.000544071
9 0.339844 0.674316 0.330078 0.155273 0.000551701
9 0.729004 0.713379 0.0302734 0.0322266 0.000559807
9 0.462402 0.720215 0.0966797 0.131836 0.000563145
8 0.714844 0.338379 0.0175781 0.0166016 0.000566006
8 0.894043 0.441895 0.0537109 0.0458984 0.00056839
8 0.260742 0.575195 0.158203 0.232422 0.000568867
9 0.245117 0.494141 0.167969 0.421875 0.00056982
7 0.401367 0.571289 0.0488281 0.0566406 0.000574112
5 0.31543 0.724121 0.306641 0.102539 0.000583172
13 0.876465 0.566895 0.112305 0.202148 0.000586987
8 0.894531 0.467773 0.0507812 0.0332031 0.000590801
9 0.305176 0.688965 0.0888672 0.0283203 0.000596523
8 0.860352 0.652344 0.173828 0.175781 0.000597
8 0.907227 0.441406 0.0195312 0.0175781 0.000599861
9 0.685059 0.757812 0.0849609 0.0742188 0.000622749
13 0.383301 0.272461 0.192383 0.169922 0.000628471
4 0.880371 0.458008 0.0400391 0.0292969 0.000631332
7 0.874023 0.453613 0.0253906 0.0185547 0.000636578
4 0.817871 0.645996 0.149414 0.180664 0.000636578
9 0.944824 0.750977 0.0263672 0.0273438 0.000637531
8 0.863281 0.350098 0.0195312 0.0166016 0.000646591
10 0.348633 0.318359 0.267578 0.291016 0.00065279
8 0.780273 0.623047 0.03125 0.0292969 0.000654221
8 0.343262 0.305664 0.168945 0.166016 0.000657082
8 0.894043 0.696289 0.0654297 0.0800781 0.000664234
9 0.410156 0.169922 0.0429688 0.0253906 0.000671864
8 0.911621 0.683105 0.0673828 0.0439453 0.000673771
13 0.876953 0.565918 0.0625 0.0302734 0.000687599
5 0.736816 0.272949 0.192383 0.192383 0.000693798
6 0.359863 0.265625 0.0302734 0.0273438 0.000694275
13 0.287598 0.302246 0.149414 0.206055 0.000695229
13 0.807617 0.317383 0.0742188 0.0820312 0.000697136
0 0.756836 0.309082 0.226562 0.260742 0.000697613
0 0.616211 0.301758 0.117188 0.0761719 0.00069952
3 0.832031 0.588379 0.216797 0.311523 0.000710964
8 0.385254 0.344727 0.0244141 0.0214844 0.000717163
2 0.895508 0.510254 0.03125 0.0244141 0.000719547
11 0.719238 0.147461 0.192383 0.0664062 0.000721455
13 0.347656 0.260254 0.0898438 0.0556641 0.000728607
8 0.693848 0.313965 0.0224609 0.0205078 0.000729561
9 0.89502 0.510254 0.0302734 0.0263672 0.000731945
7 0.870605 0.667969 0.168945 0.205078 0.000734806
9 0.967773 0.850586 0.0390625 0.0546875 0.000737667
8 0.779785 0.623047 0.0498047 0.0488281 0.000745296
9 0.0195312 0.533203 0.0390625 0.492188 0.000745773
8 0.348633 0.318359 0.267578 0.291016 0.000751019
8 0.138672 0.529297 0.0371094 0.0351562 0.000751495
6 0.261719 0.561035 0.152344 0.213867 0.000757217
11 0.960938 0.789062 0.0429688 0.09375 0.000758648
13 0.741211 0.27832 0.138672 0.175781 0.000776768
8 0.875 0.65332 0.113281 0.115234 0.000780106
13 0.319336 0.713379 0.287109 0.0732422 0.000780582
7 0.90625 0.710449 0.105469 0.118164 0.000782013
9 0.935547 0.225098 0.0488281 0.0458984 0.00078392
7 0.736816 0.256348 0.166992 0.15332 0.000796318
8 0.39209 0.577148 0.0888672 0.0839844 0.000798702
11 0.245605 0.692871 0.0302734 0.0283203 0.000802994
8 0.730469 0.178223 0.238281 0.0986328 0.000807762
8 0.898926 0.67041 0.0556641 0.0478516 0.000810623
1 0.750488 0.20166 0.243164 0.110352 0.000811577
13 0.333496 0.249512 0.165039 0.0830078 0.000827312
5 0.859375 0.625977 0.140625 0.164062 0.000840187
3 0.756836 0.309082 0.226562 0.260742 0.000854015
9 0.314941 0.695312 0.21582 0.0410156 0.0008564
1 0.321289 0.222656 0.201172 0.128906 0.000861645
1 0.348633 0.318359 0.267578 0.291016 0.000863552
0 0.730469 0.178223 0.238281 0.0986328 0.000883102
11 0.348633 0.318359 0.267578 0.291016 0.000886917
13 0.300781 0.244141 0.0625 0.0527344 0.000894547
8 0.870117 0.469727 0.0253906 0.0214844 0.000898361
8 0.671875 0.280273 0.0214844 0.0175781 0.000902653
9 0.322266 0.841309 0.382812 0.288086 0.000905037
9 0.88916 0.668945 0.0185547 0.015625 0.000908852
6 0.270996 0.626465 0.194336 0.178711 0.000918865
9 0.607422 0.333008 0.148438 0.140625 0.000919819
8 0.270996 0.549316 0.0400391 0.0341797 0.00092268
8 0.820801 0.405762 0.0322266 0.0263672 0.000923634
12 0.756836 0.309082 0.226562 0.260742 0.000926971
7 0.889648 0.671387 0.0175781 0.0146484 0.000936985
13 0.848145 0.291504 0.0673828 0.0458984 0.000955105
8 0.34082 0.586426 0.300781 0.256836 0.00095892
13 0.837891 0.249512 0.109375 0.112305 0.000959396
1 0.32666 0.583984 0.311523 0.267578 0.000963688
2 0.348633 0.318359 0.267578 0.291016 0.000988007
9 0.551758 0.352051 0.265625 0.192383 0.000995636
7 0.832031 0.588379 0.216797 0.311523 0.00100231
11 0.79834 0.478027 0.31543 0.575195 0.00101566
8 0.343262 0.291016 0.0771484 0.0585938 0.00102329
6 0.731934 0.180664 0.227539 0.0878906 0.00103092
13 0.791504 0.305664 0.125977 0.150391 0.00107098
7 0.810059 0.305664 0.0478516 0.0488281 0.00107288
8 0.924805 0.62207 0.015625 0.0214844 0.00107861
8 0.80127 0.298828 0.0361328 0.03125 0.00108337
12 0.730469 0.178223 0.238281 0.0986328 0.00109768
6 0.818848 0.688965 0.22168 0.180664 0.00111771
9 0.730957 0.178223 0.233398 0.0908203 0.00112724
13 0.283203 0.242676 0.119141 0.0947266 0.00113106
7 0.43457 0.674805 0.158203 0.212891 0.00113392
4 0.359863 0.265625 0.0302734 0.0273438 0.00113487
5 0.88916 0.549316 0.135742 0.360352 0.00114059
8 0.887207 0.658691 0.0400391 0.0400391 0.00118637
8 0.250488 0.344238 0.0244141 0.0263672 0.00118732
8 0.92334 0.643066 0.0146484 0.0146484 0.00119591
4 0.730469 0.178223 0.238281 0.0986328 0.00119972
10 0.756836 0.309082 0.226562 0.260742 0.00120735
8 0.891602 0.462402 0.0292969 0.0224609 0.00121975
8 0.84082 0.5625 0.15625 0.300781 0.00122166
2 0.730469 0.178223 0.238281 0.0986328 0.00122833
13 0.220215 0.68457 0.0771484 0.0449219 0.00123978
11 0.309082 0.235352 0.0380859 0.046875 0.00124645
8 0.705566 0.618652 0.0166016 0.0126953 0.00127125
13 0.328613 0.44043 0.291992 0.230469 0.00127602
13 0.318848 0.23584 0.0712891 0.0634766 0.00128555
9 0.328613 0.753418 0.348633 0.15332 0.00130272
8 0.79248 0.596191 0.0439453 0.0205078 0.00131989
7 0.89502 0.510254 0.0302734 0.0263672 0.00134373
11 0.299316 0.228516 0.0654297 0.0644531 0.00134563
7 0.42334 0.548828 0.166992 0.3125 0.00135708
6 0.245117 0.494141 0.167969 0.421875 0.00138569
2 0.360352 0.265625 0.0332031 0.0273438 0.0013876
13 0.282227 0.695312 0.199219 0.0410156 0.00139236
8 0.795898 0.478516 0.298828 0.572266 0.00141144
6 0.736816 0.256348 0.166992 0.15332 0.00142097
8 0.743652 0.407227 0.0244141 0.0292969 0.00142193
8 0.876465 0.652832 0.0205078 0.0185547 0.00143147
1 0.792969 0.472656 0.300781 0.576172 0.00148964
8 0.910156 0.484375 0.0195312 0.015625 0.0015049
8 0.875488 0.477539 0.116211 0.326172 0.0015192
3 0.734863 0.181152 0.239258 0.102539 0.00152779
9 0.827148 0.658691 0.138672 0.155273 0.00153255
8 0.767578 0.635254 0.0175781 0.0146484 0.00154018
8 0.87793 0.476074 0.046875 0.0439453 0.00155258
8 0.756348 0.308105 0.219727 0.262695 0.00155354
9 0.359863 0.265137 0.0322266 0.0263672 0.00160027
8 0.836426 0.398926 0.0185547 0.0146484 0.00161457
9 0.325684 0.586426 0.313477 0.268555 0.00162792
9 0.348633 0.318359 0.267578 0.291016 0.00163841
8 0.75 0.437988 0.0273438 0.0302734 0.00164509
7 0.256836 0.55127 0.169922 0.31543 0.00164986
8 0.350098 0.270996 0.0947266 0.0634766 0.00165749
1 0.756836 0.309082 0.226562 0.260742 0.00170517
4 0.79834 0.478027 0.31543 0.575195 0.0017643
11 0.652832 0.196777 0.0791016 0.0400391 0.0017767
2 0.792969 0.472656 0.300781 0.576172 0.0018301
11 0.300781 0.224121 0.113281 0.100586 0.00185108
5 0.327148 0.618652 0.316406 0.213867 0.0018568
10 0.959473 0.808594 0.0654297 0.0703125 0.00185966
4 0.348633 0.318359 0.267578 0.291016 0.00186634
10 0.794922 0.474609 0.306641 0.582031 0.00187206
2 0.756348 0.308105 0.219727 0.262695 0.00187206
8 0.92041 0.646973 0.0146484 0.0126953 0.00187588
13 0.878906 0.459961 0.0429688 0.0332031 0.00195217
8 0.93457 0.675293 0.0253906 0.0244141 0.00201988
8 0.87793 0.485352 0.0214844 0.015625 0.0020752
12 0.803711 0.484375 0.300781 0.566406 0.00209618
0 0.336426 0.452148 0.327148 0.517578 0.00214005
5 0.819336 0.506836 0.253906 0.244141 0.00215912
6 0.328613 0.44043 0.291992 0.230469 0.00218201
8 0.870117 0.464355 0.0371094 0.0341797 0.00219154
5 0.245117 0.462402 0.175781 0.459961 0.00219345
8 0.904785 0.485352 0.0244141 0.0214844 0.00224113
11 0.959961 0.811035 0.0644531 0.0693359 0.00224304
8 0.294922 0.302734 0.03125 0.0292969 0.00224495
8 0.89209 0.465332 0.0166016 0.0146484 0.00227165
3 0.336426 0.452148 0.327148 0.517578 0.00227737
8 0.895508 0.703613 0.0449219 0.0361328 0.00232315
8 0.268066 0.503418 0.0263672 0.0224609 0.00234795
0 0.795898 0.478516 0.298828 0.572266 0.00239563
13 0.818848 0.601074 0.233398 0.30957 0.00240135
11 0.247559 0.263672 0.0615234 0.0488281 0.00250435
11 0.363281 0.177734 0.105469 0.0625 0.00252533
9 0.756836 0.309082 0.226562 0.260742 0.00255775
11 0.771484 0.282715 0.228516 0.21582 0.00257683
8 0.944824 0.750977 0.0263672 0.0234375 0.0026207
7 0.737793 0.201172 0.245117 0.107422 0.00262833
9 0.440918 0.699707 0.165039 0.19043 0.0026474
7 0.880371 0.45752 0.0400391 0.0283203 0.00265312
8 0.69873 0.579102 0.0322266 0.0273438 0.00266266
4 0.34082 0.586426 0.300781 0.256836 0.00269127
13 0.357422 0.266113 0.0390625 0.0302734 0.00272179
8 0.900391 0.493652 0.0292969 0.0380859 0.00273705
8 0.358398 0.268555 0.0546875 0.0410156 0.00297165
7 0.360352 0.265625 0.0332031 0.0273438 0.00303268
13 0.284668 0.583984 0.21582 0.246094 0.00305557
12 0.331055 0.454102 0.330078 0.529297 0.00308037
10 0.726562 0.172852 0.230469 0.0820312 0.00309753
13 0.313477 0.237305 0.0351562 0.0429688 0.00313568
8 0.928711 0.680176 0.0390625 0.0361328 0.00315857
9 0.137207 0.531738 0.0341797 0.0283203 0.00316238
8 0.234863 0.631348 0.0341797 0.0341797 0.00330544
4 0.756836 0.309082 0.226562 0.260742 0.00336266
9 0.880859 0.459473 0.0410156 0.0322266 0.00361061
8 0.893555 0.509277 0.0507812 0.0400391 0.00362968
13 0.808594 0.305176 0.0429688 0.0419922 0.00371742
11 0.336426 0.452148 0.327148 0.517578 0.00384712
5 0.811035 0.679199 0.262695 0.213867 0.00384712
9 0.970215 0.856934 0.0244141 0.0322266 0.00392151
9 0.833984 0.592285 0.193359 0.297852 0.00401688
2 0.880371 0.458984 0.0419922 0.03125 0.00402069
13 0.34082 0.21875 0.21875 0.132812 0.00403214
8 0.364746 0.370117 0.0283203 0.0253906 0.00403595
8 0.871094 0.461914 0.0585938 0.0488281 0.00439453
7 0.79834 0.478027 0.31543 0.575195 0.00441742
2 0.335449 0.449219 0.321289 0.542969 0.0045166
8 0.889648 0.671387 0.0253906 0.0263672 0.00457764
11 0.868164 0.255859 0.0644531 0.0722656 0.00462341
13 0.829102 0.300293 0.0878906 0.0576172 0.00474167
8 0.40332 0.572754 0.0585938 0.0576172 0.00477982
8 0.343262 0.291992 0.0419922 0.0390625 0.00482559
8 0.782227 0.617188 0.0195312 0.0214844 0.0049324
8 0.892578 0.506348 0.0195312 0.0185547 0.00494766
8 0.846191 0.382324 0.0166016 0.0126953 0.00508118
3 0.593262 0.680664 0.393555 0.158203 0.00517654
11 0.832031 0.233398 0.123047 0.111328 0.00534058
6 0.819336 0.598633 0.236328 0.3125 0.00535583
7 0.827148 0.658691 0.138672 0.155273 0.00540924
8 0.728027 0.712891 0.0283203 0.03125 0.00576401
3 0.792969 0.472656 0.300781 0.576172 0.0057869
11 0.66748 0.184082 0.112305 0.0615234 0.00591278
13 0.733398 0.234375 0.1875 0.130859 0.00624466
8 0.334473 0.452637 0.321289 0.538086 0.00644684
8 0.899902 0.441895 0.0283203 0.0283203 0.00671005
8 0.839355 0.561035 0.0224609 0.0185547 0.00706863
7 0.720215 0.168945 0.206055 0.0742188 0.00710297
8 0.258301 0.311523 0.0341797 0.03125 0.00720978
11 0.790527 0.194824 0.131836 0.0712891 0.00743866
8 0.810059 0.305664 0.0478516 0.0488281 0.0079422
11 0.761719 0.213867 0.244141 0.138672 0.0083847
7 0.348633 0.318359 0.267578 0.291016 0.00849152
13 0.731934 0.180664 0.227539 0.0878906 0.00868225
9 0.343262 0.452148 0.31543 0.511719 0.00871277
5 0.348633 0.318359 0.267578 0.291016 0.00871277
8 0.793457 0.594727 0.0166016 0.0136719 0.00912476
6 0.34082 0.586426 0.300781 0.256836 0.00917053
11 0.338379 0.194824 0.116211 0.0771484 0.00968933
1 0.725098 0.172363 0.227539 0.0830078 0.0100327
1 0.339355 0.460938 0.331055 0.566406 0.010498
13 0.827148 0.658691 0.138672 0.155273 0.0113754
8 0.882324 0.648926 0.0146484 0.0126953 0.0113907
10 0.335938 0.455078 0.328125 0.521484 0.0120392
11 0.321289 0.222656 0.201172 0.128906 0.0132904
7 0.756348 0.308105 0.219727 0.262695 0.0136261
13 0.788086 0.480469 0.320312 0.585938 0.0142365
7 0.34082 0.586426 0.300781 0.256836 0.0171051
9 0.817871 0.481445 0.27832 0.556641 0.0186768
11 0.689453 0.164551 0.160156 0.0576172 0.0197144
6 0.827148 0.658691 0.138672 0.155273 0.02005
10 0.961426 0.812988 0.0361328 0.0537109 0.0206299
8 0.874023 0.453613 0.0253906 0.0185547 0.0221405
11 0.271484 0.241699 0.0996094 0.0888672 0.023941
4 0.333984 0.452148 0.322266 0.533203 0.0249023
11 0.961426 0.812988 0.0361328 0.0537109 0.0252991
5 0.827148 0.658691 0.138672 0.155273 0.0257874
6 0.348145 0.316895 0.256836 0.290039 0.0267029
6 0.799805 0.478516 0.302734 0.570312 0.0290527
0 0.557129 0.346191 0.264648 0.172852 0.0322266
13 0.348145 0.316895 0.256836 0.290039 0.0364075
5 0.77002 0.338867 0.233398 0.318359 0.0455017
8 0.889648 0.67041 0.0175781 0.0166016 0.0496521
6 0.756836 0.307617 0.220703 0.263672 0.0615845
8 0.89502 0.510254 0.0302734 0.0263672 0.0617371
8 0.880371 0.45752 0.0400391 0.0283203 0.0663452
13 0.333008 0.450195 0.324219 0.537109 0.0795898
13 0.756836 0.307617 0.220703 0.263672 0.0881348
5 0.833984 0.592285 0.193359 0.297852 0.0968628
7 0.335449 0.454102 0.329102 0.533203 0.102295
5 0.331055 0.454102 0.330078 0.529297 0.103394
0 0.609375 0.333496 0.144531 0.133789 0.110413
8 0.360352 0.265625 0.0332031 0.0273438 0.118591
6 0.333008 0.451172 0.324219 0.537109 0.202148
11 0.730957 0.178223 0.233398 0.0908203 0.225098
5 0.806152 0.482422 0.290039 0.570312 0.448975
