3 0.269043 0.127441 0.538086 0.254883 0.000117242
5 0.821289 0.644043 0.146484 0.149414 0.00011754
5 0.760742 0.683105 0.0429688 0.0498047 0.000118077
5 0.835449 0.526855 0.137695 0.0771484 0.000118136
7 0.728027 0.664551 0.149414 0.178711 0.000118315
8 0.231445 0.353516 0.148438 0.105469 0.000118494
7 0.106445 0.632324 0.0175781 0.0205078 0.000118732
2 0.206543 0.662598 0.0224609 0.0224609 0.00012064
9 0.586914 0.687012 0.402344 0.198242 0.000123143
3 0.634766 0.996094 0.53125 0.0078125 0.000123382
7 0.226074 0.628418 0.313477 0.270508 0.000123858
0 0.540527 0.396973 0.24707 0.15918 0.000124812
8 0.730469 0.250488 0.0761719 0.0966797 0.000125051
9 0.45752 0.272461 0.262695 0.228516 0.000125647
9 0.108398 0.632812 0.0234375 0.0234375 0.000126123
9 0.0600586 0.840332 0.108398 0.227539 0.000126481
9 0.222168 0.394043 0.231445 0.137695 0.000126481
7 0.616699 0.316406 0.161133 0.132812 0.000127435
9 0.761719 0.486328 0.0234375 0.0214844 0.000128984
10 0.909668 0.736328 0.0908203 0.109375 0.000132442
13 0.241699 0.386719 0.266602 0.140625 0.000132442
9 0.342773 0.548828 0.263672 0.376953 0.000133038
9 0.327637 0.70752 0.0419922 0.0263672 0.000133395
8 0.198242 0.387207 0.119141 0.102539 0.000133514
6 0.759277 0.308105 0.358398 0.307617 0.000133991
13 0.836426 0.527344 0.196289 0.392578 0.00013411
8 0.705078 0.670898 0.0351562 0.03125 0.00013411
4 0.754395 0.489746 0.0439453 0.0322266 0.000135064
3 0.536621 0.508789 0.258789 0.578125 0.000135303
13 0.0375977 0.271973 0.0751953 0.208008 0.000136256
0 0.22998 0.609863 0.295898 0.301758 0.000137687
7 0.833496 0.675781 0.198242 0.189453 0.000137806
12 0.536621 0.508789 0.258789 0.578125 0.000138998
9 0.786133 0.798828 0.339844 0.117188 0.000139594
8 0.213867 0.664062 0.0371094 0.03125 0.000140309
8 0.266113 0.671875 0.176758 0.0859375 0.000141263
9 0.268555 0.28125 0.244141 0.150391 0.000141621
8 0.387695 0.550293 0.0253906 0.0244141 0.000141978
2 0.611816 0.283691 0.12207 0.0966797 0.000142097
13 0.0605469 0.297852 0.117188 0.289062 0.000142336
8 0.229004 0.355469 0.0751953 0.0527344 0.000143647
13 0.744141 0.377441 0.09375 0.0615234 0.000143766
9 0.731445 0.251465 0.0957031 0.106445 0.000144243
9 0.475098 0.641113 0.15918 0.368164 0.000144243
9 0.704102 0.648926 0.302734 0.293945 0.000144601
8 0.850098 0.712402 0.0146484 0.0146484 0.000146151
13 0.34082 0.351562 0.144531 0.119141 0.000147223
8 0.201172 0.660645 0.152344 0.149414 0.0001477
6 0.851074 0.754883 0.204102 0.125 0.000148892
8 0.755859 0.544434 0.015625 0.0166016 0.00014925
2 0.82959 0.245117 0.0810547 0.0644531 0.000151038
9 0.24707 0.670898 0.300781 0.152344 0.000151277
13 0.224121 0.336426 0.188477 0.143555 0.000156045
11 0.70752 0.183105 0.174805 0.0751953 0.000156522
9 0.1875 0.677734 0.251953 0.259766 0.000156999
11 0.80957 0.615234 0.277344 0.328125 0.000157118
13 0.354492 0.350586 0.205078 0.216797 0.000161409
13 0.412109 0.640625 0.0527344 0.0585938 0.000161648
10 0.223145 0.959961 0.317383 0.0742188 0.00016284
8 0.443359 0.354004 0.0351562 0.0361328 0.000163555
9 0.231934 0.416992 0.317383 0.339844 0.00016427
4 0.80957 0.615234 0.277344 0.328125 0.000167847
11 0.918945 0.773926 0.0839844 0.116211 0.000167966
0 0.0336914 0.290039 0.0673828 0.175781 0.000170231
0 0.0605469 0.535645 0.121094 0.299805 0.000173092
13 0.344727 0.419434 0.171875 0.202148 0.000174284
8 0.697266 0.698242 0.0195312 0.0234375 0.000175595
5 0.204102 0.661621 0.0390625 0.0263672 0.000176191
8 0.268555 0.667969 0.0175781 0.015625 0.000176668
9 0.895996 0.788574 0.125977 0.0927734 0.000178933
11 0.304688 0.187988 0.117188 0.0693359 0.000179052
13 0.238281 0.701172 0.347656 0.222656 0.000182867
13 0.751953 0.491699 0.0429688 0.0322266 0.000183225
8 0.315918 0.446289 0.0185547 0.0175781 0.000185013
9 0.729492 0.666992 0.164062 0.199219 0.000187993
9 0.707031 0.741699 0.144531 0.0537109 0.000188351
13 0.726562 0.735352 0.240234 0.101562 0.000188708
13 0.265625 0.355469 0.285156 0.275391 0.000188947
1 0.80957 0.615234 0.277344 0.328125 0.000190973
13 0.274414 0.269043 0.160156 0.0966797 0.000193357
0 0.672852 0.385254 0.306641 0.364258 0.00019443
9 0.281738 0.0644531 0.0654297 0.046875 0.000194788
11 0.837891 0.251953 0.0878906 0.0800781 0.000195265
13 0.245117 0.28125 0.0585938 0.0351562 0.000197053
13 0.739746 0.371582 0.0615234 0.0380859 0.000197768
6 0.26416 0.634766 0.21582 0.173828 0.000200748
9 0.54834 0.226074 0.28418 0.235352 0.000201464
13 0.699219 0.356445 0.310547 0.359375 0.000201583
3 0.248047 0.27002 0.447266 0.264648 0.000203848
9 0.868164 0.720703 0.164062 0.15625 0.000205278
9 0.82373 0.238281 0.0439453 0.0429688 0.000205517
8 0.74707 0.500488 0.0722656 0.0654297 0.00020647
8 0.32666 0.70752 0.0361328 0.0263672 0.000207186
0 0.956055 0.955078 0.0878906 0.0859375 0.000210047
13 0.622559 0.342285 0.211914 0.208008 0.000212789
5 0.203613 0.662109 0.112305 0.132812 0.000213623
11 0.80957 0.219727 0.171875 0.103516 0.000215411
5 0.17041 0.3125 0.34082 0.369141 0.000218272
10 0.750977 0.959961 0.347656 0.0761719 0.000222564
13 0.353027 0.401367 0.112305 0.0722656 0.000222921
8 0.80957 0.615234 0.277344 0.328125 0.000223994
9 0.322266 0.199707 0.263672 0.114258 0.000224829
1 0.616699 0.316406 0.161133 0.132812 0.00023067
11 0.36377 0.171387 0.139648 0.0517578 0.000232816
7 0.867188 0.749023 0.167969 0.109375 0.000234485
2 0.761719 0.486328 0.0234375 0.0214844 0.000234604
13 0.86377 0.723145 0.15918 0.137695 0.000235677
13 0.348633 0.418457 0.263672 0.43457 0.000237823
13 0.388184 0.654785 0.0751953 0.0400391 0.000241399
13 0.36377 0.401855 0.0849609 0.0361328 0.000241518
5 0.838379 0.697754 0.116211 0.108398 0.000243545
11 0.378906 0.161621 0.0527344 0.0244141 0.00024581
8 0.821777 0.238281 0.0458984 0.0429688 0.000250816
6 0.791504 0.727539 0.288086 0.132812 0.000251055
8 0.762695 0.482422 0.0371094 0.0332031 0.000251293
8 0.163086 0.44873 0.0351562 0.0341797 0.000251293
9 0.82959 0.245117 0.0810547 0.0644531 0.000254631
9 0.229004 0.759277 0.336914 0.174805 0.000257015
11 0.266113 0.216309 0.374023 0.151367 0.000257254
9 0.728027 0.0385742 0.389648 0.0771484 0.000259399
13 0.261719 0.307617 0.138672 0.125 0.000259876
5 0.755371 0.229004 0.323242 0.170898 0.000261545
7 0.754395 0.489746 0.0439453 0.0322266 0.000263214
8 0.137207 0.704102 0.0146484 0.0136719 0.000269651
4 0.547852 0.34082 0.289062 0.197266 0.00027132
8 0.730469 0.663574 0.148438 0.178711 0.000271559
9 0.754395 0.489258 0.0419922 0.03125 0.000272036
2 0.80957 0.615234 0.277344 0.328125 0.000273228
6 0.548828 0.330078 0.279297 0.15625 0.000278473
2 0.821777 0.238281 0.0458984 0.0429688 0.000278711
5 0.724609 0.749023 0.253906 0.0859375 0.000280619
7 0.548828 0.330078 0.279297 0.15625 0.000283957
11 0.822266 0.232422 0.0371094 0.0332031 0.000283957
9 0.0375977 0.271973 0.0751953 0.208008 0.000287056
10 0.80957 0.615234 0.277344 0.328125 0.000288486
9 0.262695 0.615234 0.205078 0.216797 0.000295639
0 0.938477 0.387207 0.123047 0.262695 0.000295639
9 0.200195 0.386719 0.121094 0.105469 0.000296354
3 0.540527 0.0498047 0.52832 0.0898438 0.000296593
5 0.88623 0.730469 0.129883 0.117188 0.0002985
11 0.249512 0.236816 0.143555 0.129883 0.000305414
11 0.77832 0.498535 0.390625 0.682617 0.00030756
8 0.783203 0.589355 0.0664062 0.0341797 0.000309706
12 0.80957 0.615234 0.277344 0.328125 0.000321627
5 0.71582 0.409668 0.330078 0.518555 0.000322342
5 0.326172 0.635254 0.195312 0.194336 0.000322819
11 0.246582 0.474609 0.370117 0.578125 0.000323296
8 0.764648 0.683594 0.134766 0.107422 0.00032711
8 0.347656 0.58252 0.0253906 0.0263672 0.000328541
0 0.80957 0.615234 0.277344 0.328125 0.000329494
5 0.847168 0.526367 0.145508 0.207031 0.000332594
8 0.750488 0.680664 0.0517578 0.0585938 0.00033617
2 0.754883 0.48877 0.0429688 0.0322266 0.000345945
5 0.223633 0.508789 0.271484 0.208984 0.00034833
9 0.754883 0.255371 0.300781 0.200195 0.000352621
9 0.395508 0.462891 0.298828 0.605469 0.000356197
8 0.208496 0.662598 0.0673828 0.0712891 0.000359535
7 0.702637 0.73584 0.198242 0.100586 0.000360727
13 0.217285 0.379883 0.137695 0.09375 0.000360966
2 0.319336 0.709473 0.015625 0.0146484 0.000363111
5 0.547852 0.334473 0.279297 0.170898 0.00036335
9 0.791504 0.727539 0.288086 0.132812 0.000367165
7 0.707031 0.250977 0.138672 0.130859 0.000367641
5 0.342773 0.548828 0.263672 0.376953 0.000368118
5 0.261719 0.330566 0.205078 0.209961 0.000372648
10 0.547852 0.34082 0.289062 0.197266 0.000377893
9 0.0166016 0.840332 0.0332031 0.303711 0.000378132
12 0.548828 0.330078 0.279297 0.15625 0.000387907
9 0.538574 0.0585938 0.526367 0.113281 0.000388145
5 0.147461 0.686523 0.15625 0.216797 0.000389099
11 0.520996 0.246582 0.0791016 0.0185547 0.000390768
4 0.246582 0.474609 0.370117 0.578125 0.000394344
0 0.638672 0.324707 0.199219 0.223633 0.000397921
4 0.77832 0.498535 0.390625 0.682617 0.00039959
11 0.431152 0.155762 0.0751953 0.0244141 0.000401974
8 0.260742 0.679199 0.015625 0.0166016 0.000419617
8 0.305664 0.629883 0.0195312 0.0195312 0.000423431
9 0.583984 0.602539 0.402344 0.4375 0.000423431
10 0.933594 0.799316 0.0449219 0.0673828 0.000427246
9 0.248047 0.27002 0.447266 0.264648 0.000430107
8 0.897461 0.396484 0.0371094 0.0371094 0.00043869
7 0.80957 0.615234 0.277344 0.328125 0.000439167
11 0.755859 0.198242 0.154297 0.09375 0.000439882
11 0.407227 0.175781 0.113281 0.0507812 0.000444651
1 0.77832 0.498535 0.390625 0.682617 0.000449181
5 0.764648 0.683594 0.134766 0.107422 0.000451565
2 0.445312 0.355469 0.0371094 0.0390625 0.000459671
9 0.445312 0.355469 0.0371094 0.0390625 0.000463009
1 0.246582 0.474609 0.370117 0.578125 0.00047183
8 0.246582 0.474609 0.370117 0.578125 0.000475407
0 0.605957 0.37793 0.15918 0.197266 0.000479221
11 0.72168 0.175293 0.0917969 0.0517578 0.000486851
3 0.834473 0.676758 0.200195 0.193359 0.000498295
2 0.0419922 0.279297 0.0839844 0.226562 0.000500679
5 0.536621 0.508789 0.258789 0.578125 0.000506401
2 0.667969 0.391602 0.0175781 0.0175781 0.000516415
5 0.165039 0.55957 0.285156 0.488281 0.000516415
11 0.367676 0.162598 0.0869141 0.0380859 0.000524044
5 0.399414 0.489258 0.308594 0.582031 0.000544548
2 0.77832 0.498535 0.390625 0.682617 0.000545502
8 0.756836 0.513184 0.388672 0.598633 0.00054884
1 0.548828 0.330078 0.279297 0.15625 0.000555038
2 0.246582 0.474609 0.370117 0.578125 0.000568867
0 0.246582 0.474609 0.370117 0.578125 0.000579834
0 0.787109 0.478516 0.384766 0.611328 0.00060606
13 0.40332 0.65332 0.0371094 0.0351562 0.000656605
13 0.268555 0.28125 0.244141 0.150391 0.000657082
6 0.22998 0.609863 0.295898 0.301758 0.000672817
8 0.704102 0.250977 0.140625 0.128906 0.000707626
3 0.245605 0.589844 0.336914 0.298828 0.000715733
6 0.825195 0.67627 0.189453 0.180664 0.000725746
5 0.224121 0.381836 0.149414 0.109375 0.000729084
9 0.841309 0.76416 0.219727 0.106445 0.000740528
5 0.266602 0.669922 0.265625 0.121094 0.000765324
8 0.548828 0.330078 0.279297 0.15625 0.000769615
10 0.873047 0.766602 0.173828 0.107422 0.000771523
9 0.0327148 0.869141 0.0634766 0.232422 0.000789165
5 0.711426 0.591309 0.336914 0.416992 0.000798225
3 0.548828 0.330078 0.279297 0.15625 0.000800133
13 0.182129 0.36084 0.0654297 0.0380859 0.000806332
10 0.787109 0.478516 0.384766 0.611328 0.000821114
11 0.674805 0.164062 0.123047 0.0292969 0.000836372
9 0.695801 0.754883 0.217773 0.0722656 0.000844479
0 0.53125 0.441895 0.255859 0.430664 0.000858784
0 0.576172 0.287598 0.238281 0.125977 0.000861645
9 0.625 0.309082 0.109375 0.106445 0.000863075
10 0.240723 0.50293 0.383789 0.556641 0.00090456
8 0.62207 0.320312 0.115234 0.115234 0.000927448
5 0.220215 0.409668 0.258789 0.272461 0.000957966
8 0.728516 0.42627 0.015625 0.0126953 0.000988007
7 0.77832 0.498535 0.390625 0.682617 0.00098896
11 0.616699 0.316406 0.161133 0.132812 0.000993729
13 0.825195 0.67627 0.189453 0.180664 0.00100517
8 0.78125 0.557617 0.015625 0.015625 0.00101089
7 0.246582 0.474609 0.370117 0.578125 0.00101471
13 0.249023 0.608887 0.304688 0.276367 0.00102806
2 0.548828 0.330078 0.279297 0.15625 0.00105
8 0.667969 0.391602 0.0175781 0.0175781 0.00106335
5 0.73291 0.647461 0.165039 0.214844 0.00107384
13 0.264648 0.63623 0.189453 0.151367 0.00107861
8 0.713379 0.671875 0.0166016 0.015625 0.00110149
5 0.836426 0.527344 0.196289 0.392578 0.0011158
11 0.928711 0.790039 0.0566406 0.078125 0.00115585
11 0.29248 0.209473 0.178711 0.112305 0.00118542
0 0.416504 0.0341797 0.383789 0.0683594 0.00120354
9 0.702148 0.242188 0.158203 0.144531 0.00120735
5 0.850586 0.754883 0.208984 0.128906 0.00121498
12 0.246582 0.474609 0.370117 0.578125 0.00137711
12 0.77832 0.498535 0.390625 0.682617 0.00138474
11 0.548828 0.330078 0.279297 0.15625 0.00138855
3 0.80957 0.615234 0.277344 0.328125 0.00142193
10 0.922852 0.779785 0.0683594 0.0849609 0.001441
11 0.399414 0.159668 0.109375 0.0283203 0.00147533
9 0.547852 0.334473 0.279297 0.170898 0.00153255
5 0.279297 0.276855 0.296875 0.25293 0.00158882
13 0.77832 0.498535 0.390625 0.682617 0.00161648
13 0.548828 0.330078 0.279297 0.15625 0.00165272
9 0.245605 0.589844 0.336914 0.298828 0.00168037
13 0.199707 0.366211 0.108398 0.0527344 0.00169659
11 0.340332 0.187012 0.206055 0.0888672 0.00172615
8 0.757324 0.684082 0.0361328 0.0361328 0.00175285
13 0.804688 0.625977 0.269531 0.300781 0.00177765
9 0.833496 0.675781 0.198242 0.189453 0.00181198
11 0.825684 0.23877 0.0654297 0.0478516 0.00185204
8 0.362793 0.63916 0.0205078 0.0146484 0.00189972
3 0.589355 0.66748 0.401367 0.217773 0.00190067
3 0.250977 0.46582 0.384766 0.626953 0.00196838
13 0.624512 0.320801 0.129883 0.147461 0.0020237
3 0.787109 0.478516 0.384766 0.611328 0.00209808
8 0.319336 0.709473 0.015625 0.0146484 0.00210953
13 0.258789 0.282227 0.0878906 0.0546875 0.00211906
13 0.246582 0.474609 0.370117 0.578125 0.00212288
8 0.782715 0.588867 0.0185547 0.0195312 0.00214195
0 0.0546875 0.290527 0.109375 0.25293 0.00218201
8 0.11084 0.633789 0.0322266 0.0292969 0.00238228
6 0.804688 0.625977 0.269531 0.300781 0.00239944
5 0.775391 0.310547 0.353516 0.298828 0.0024662
8 0.105957 0.632324 0.0166016 0.0205078 0.00269127
5 0.229492 0.697754 0.322266 0.245117 0.00302124
8 0.206543 0.662598 0.0224609 0.0224609 0.003088
11 0.27832 0.202637 0.101562 0.0810547 0.00350761
9 0.811035 0.613281 0.262695 0.332031 0.00359726
6 0.787109 0.478516 0.384766 0.611328 0.00418091
5 0.189453 0.641602 0.199219 0.228516 0.00424194
6 0.246582 0.474609 0.370117 0.578125 0.00457764
9 0.250977 0.46582 0.384766 0.626953 0.00501251
8 0.761719 0.486328 0.0234375 0.0214844 0.00505829
2 0.62207 0.318359 0.115234 0.115234 0.00509644
5 0.791504 0.727539 0.288086 0.132812 0.0051651
9 0.787109 0.478516 0.384766 0.611328 0.00604248
5 0.262695 0.615234 0.205078 0.216797 0.00800323
9 0.511719 0.504883 0.232422 0.585938 0.00849915
0 0.624512 0.320801 0.129883 0.147461 0.00991821
8 0.754395 0.489258 0.0419922 0.03125 0.0136337
5 0.851562 0.681641 0.167969 0.179688 0.0328674
5 0.23291 0.592773 0.317383 0.314453 0.0529175
5 0.248535 0.463867 0.374023 0.623047 0.166382
5 0.817871 0.637207 0.239258 0.280273 0.1698
5 0.79834 0.509766 0.30957 0.558594 0.172363
0 0.547852 0.334473 0.279297 0.170898 0.181274
