11 0.952148 0.318848 0.0957031 0.209961 0.000204921
1 0.627441 0.216797 0.0830078 0.03125 0.000205398
13 0.196777 0.577148 0.157227 0.09375 0.000207663
9 0.977539 0.568359 0.0449219 0.308594 0.000208259
7 0.627441 0.214355 0.0791016 0.0263672 0.000210404
4 0.740723 0.542969 0.342773 0.554688 0.000210881
9 0.939941 0.249512 0.0654297 0.0361328 0.000211477
3 0.851074 0.31543 0.297852 0.169922 0.000211716
13 0.760254 0.368164 0.120117 0.148438 0.000212669
7 0.396973 0.619629 0.0732422 0.0732422 0.000213027
10 0.130859 0.803223 0.117188 0.15332 0.000215173
3 0.611328 0.777344 0.40625 0.181641 0.000216842
5 0.499023 0.379883 0.3125 0.197266 0.000217199
6 0.740234 0.65625 0.236328 0.316406 0.000218868
10 0.303223 0.96875 0.397461 0.0605469 0.000219345
9 0.568848 0.474609 0.241211 0.310547 0.000219464
11 0.227539 0.29541 0.15625 0.116211 0.000219941
8 0.272949 0.634277 0.0732422 0.0341797 0.000220299
6 0.297363 0.413086 0.290039 0.189453 0.000223875
9 0.190918 0.495117 0.178711 0.375 0.000225186
4 0.271973 0.339844 0.24707 0.230469 0.000226259
12 0.499023 0.379883 0.3125 0.197266 0.000229239
6 0.702637 0.40332 0.25293 0.265625 0.000229478
9 0.496094 0.907715 0.164062 0.18457 0.000229597
2 0.862793 0.230957 0.0283203 0.0224609 0.000231028
9 0.89209 0.277344 0.21582 0.222656 0.000232339
7 0.652344 0.288574 0.119141 0.102539 0.000233412
5 0.873535 0.657227 0.129883 0.382812 0.000233769
9 0.0849609 0.255371 0.0957031 0.0888672 0.000233769
9 0.922363 0.369629 0.15332 0.282227 0.000234365
9 0.29541 0.650391 0.0166016 0.015625 0.000234485
5 0.683594 0.356934 0.259766 0.233398 0.0002352
9 0.974609 0.571289 0.0429688 0.0839844 0.000238061
8 0.328613 0.695312 0.0947266 0.0820312 0.000239253
5 0.291016 0.584473 0.34375 0.40332 0.000239611
10 0.34082 0.577637 0.078125 0.0693359 0.000239968
9 0.45752 0.696289 0.198242 0.255859 0.000241399
1 0.275879 0.325684 0.245117 0.202148 0.000244141
9 0.794434 0.693848 0.182617 0.233398 0.000244379
8 0.331543 0.563965 0.0498047 0.0400391 0.000244856
9 0.739258 0.819824 0.277344 0.100586 0.000245571
9 0.275879 0.325684 0.245117 0.202148 0.000246048
7 0.358887 0.265137 0.145508 0.131836 0.00024724
9 0.409668 0.651855 0.145508 0.227539 0.00024724
11 0.599609 0.207031 0.123047 0.0332031 0.000249386
9 0.130859 0.803223 0.117188 0.15332 0.000249863
1 0.740723 0.542969 0.342773 0.554688 0.00025034
7 0.245605 0.609863 0.28418 0.178711 0.000250578
5 0.79248 0.721191 0.15918 0.192383 0.000251532
7 0.291504 0.690918 0.186523 0.104492 0.000254631
7 0.65332 0.787598 0.0488281 0.0693359 0.000257254
9 0.272461 0.633789 0.0195312 0.0175781 0.000259161
11 0.499023 0.379883 0.3125 0.197266 0.000260353
7 0.177734 0.725098 0.183594 0.18457 0.000261068
13 0.181641 0.581543 0.177734 0.202148 0.000263453
8 0.740723 0.542969 0.342773 0.554688 0.000266552
8 0.245117 0.51709 0.240234 0.161133 0.000272512
5 0.193359 0.602539 0.201172 0.333984 0.000273228
8 0.231934 0.588867 0.135742 0.0371094 0.00027442
13 0.657715 0.800781 0.116211 0.117188 0.000274658
13 0.163086 0.588379 0.105469 0.0693359 0.000277519
11 0.0737305 0.922852 0.147461 0.154297 0.00028038
2 0.666504 0.788574 0.0888672 0.0576172 0.000281572
13 0.671387 0.318848 0.0654297 0.0380859 0.000282526
13 0.638672 0.274414 0.132812 0.117188 0.000283003
0 0.503418 0.489258 0.303711 0.414062 0.000286341
7 0.618652 0.26416 0.141602 0.108398 0.000287771
9 0.768555 0.107422 0.462891 0.197266 0.000288725
9 0.150391 0.717285 0.144531 0.217773 0.00028944
8 0.83252 0.459961 0.0322266 0.0273438 0.000291109
8 0.575195 0.323242 0.103516 0.0703125 0.000292063
3 0.609863 0.568848 0.426758 0.485352 0.000293493
13 0.73291 0.804688 0.118164 0.0429688 0.000300169
9 0.762207 0.367188 0.114258 0.146484 0.000301123
11 0.719238 0.240723 0.0947266 0.0556641 0.000302553
11 0.637695 0.208984 0.115234 0.0390625 0.000304222
9 0.733398 0.453613 0.224609 0.313477 0.000304699
9 0.73291 0.804688 0.118164 0.0429688 0.00030899
8 0.862793 0.230957 0.0283203 0.0224609 0.000311136
5 0.177734 0.725098 0.183594 0.18457 0.000312328
10 0.499023 0.379883 0.3125 0.197266 0.000316858
2 0.627441 0.216797 0.0830078 0.03125 0.000317335
8 0.499023 0.379883 0.3125 0.197266 0.00031805
8 0.856934 0.646973 0.0224609 0.0166016 0.00032115
11 0.600098 0.213867 0.0751953 0.0214844 0.000326157
13 0.280273 0.568848 0.195312 0.239258 0.000327587
11 0.563965 0.225098 0.0732422 0.0498047 0.000328302
2 0.740723 0.542969 0.342773 0.554688 0.000328779
9 0.065918 0.305176 0.12793 0.208008 0.000333548
0 0.740723 0.542969 0.342773 0.554688 0.000334024
11 0.183105 0.310547 0.0595703 0.0507812 0.000335455
13 0.705566 0.40332 0.249023 0.257812 0.000336409
13 0.627441 0.216309 0.0791016 0.0283203 0.000336885
13 0.685059 0.668457 0.260742 0.30957 0.00033927
1 0.239258 0.589844 0.294922 0.435547 0.000353098
12 0.224609 0.694336 0.277344 0.21875 0.000356436
6 0.190918 0.495117 0.178711 0.375 0.000358105
13 0.771484 0.384277 0.0917969 0.0849609 0.000366926
9 0.321289 0.410645 0.25 0.333008 0.000369549
10 0.740723 0.542969 0.342773 0.554688 0.000374079
11 0.633789 0.246094 0.123047 0.0859375 0.000378132
11 0.252441 0.575684 0.317383 0.467773 0.000378609
5 0.342285 0.577148 0.0771484 0.0703125 0.000378847
7 0.950195 0.393066 0.0976562 0.260742 0.000379324
9 0.631348 0.216309 0.0869141 0.0283203 0.000381947
9 0.215332 0.689453 0.0146484 0.0117188 0.000386238
12 0.34082 0.578125 0.0800781 0.0683594 0.000386715
7 0.72998 0.69873 0.21582 0.231445 0.000388622
11 0.101074 0.82373 0.0693359 0.135742 0.000392199
8 0.823242 0.635254 0.0253906 0.0283203 0.000396013
0 0.52832 0.326172 0.201172 0.111328 0.000397444
4 0.231445 0.683105 0.283203 0.237305 0.000397682
8 0.196289 0.709961 0.0234375 0.0214844 0.000401974
3 0.586426 0.37793 0.241211 0.205078 0.000404835
7 0.665039 0.791992 0.0996094 0.0683594 0.000408411
9 0.512207 0.768555 0.321289 0.298828 0.000410318
6 0.568359 0.35791 0.152344 0.133789 0.000411272
5 0.859375 0.505371 0.222656 0.491211 0.000413895
5 0.776855 0.438477 0.131836 0.195312 0.000424147
8 0.760254 0.664062 0.0380859 0.0371094 0.000426531
7 0.352539 0.588379 0.123047 0.145508 0.000429392
5 0.72998 0.69873 0.21582 0.231445 0.000430346
5 0.683594 0.464844 0.248047 0.330078 0.000430822
4 0.568359 0.35791 0.152344 0.133789 0.000434399
10 0.917969 0.882324 0.0429688 0.0849609 0.000436544
13 0.293945 0.578125 0.173828 0.0664062 0.000444889
13 0.70459 0.802734 0.0537109 0.046875 0.000446081
9 0.575684 0.323242 0.102539 0.0703125 0.00044775
10 0.101074 0.82373 0.0693359 0.135742 0.000448465
2 0.252441 0.575684 0.317383 0.467773 0.000451088
8 0.22168 0.686523 0.261719 0.234375 0.000456333
11 0.652344 0.793945 0.0625 0.078125 0.000458241
4 0.960449 0.322266 0.0791016 0.205078 0.000458241
2 0.214844 0.688477 0.0136719 0.0117188 0.000461102
0 0.0512695 0.915039 0.102539 0.169922 0.000466824
11 0.686035 0.237305 0.166992 0.0742188 0.000470161
11 0.700195 0.800781 0.0351562 0.0351562 0.000470638
9 0.327637 0.75 0.114258 0.0390625 0.000475168
8 0.252441 0.575684 0.317383 0.467773 0.000478268
8 0.723145 0.413086 0.0244141 0.0214844 0.000478745
13 0.275391 0.682129 0.166016 0.0869141 0.000498772
7 0.740723 0.542969 0.342773 0.554688 0.000500679
9 0.697754 0.797363 0.0615234 0.0458984 0.000510216
11 0.917969 0.882324 0.0429688 0.0849609 0.000510693
13 0.193359 0.453613 0.177734 0.34668 0.000519276
11 0.279785 0.253906 0.135742 0.078125 0.000521183
8 0.339355 0.693359 0.0576172 0.0507812 0.00052166
3 0.481445 0.367188 0.333984 0.193359 0.000525475
13 0.233887 0.693359 0.28418 0.232422 0.000528812
7 0.671875 0.317383 0.0605469 0.0371094 0.000539303
5 0.244629 0.783203 0.311523 0.111328 0.000543118
8 0.633789 0.482422 0.105469 0.123047 0.000548363
7 0.571777 0.350586 0.135742 0.123047 0.00055027
12 0.568359 0.361328 0.148438 0.146484 0.000551224
9 0.677734 0.797852 0.162109 0.0917969 0.000582218
9 0.630859 0.52002 0.123047 0.254883 0.000582695
10 0.239258 0.589844 0.294922 0.435547 0.000584126
9 0.740234 0.65625 0.236328 0.316406 0.00059557
0 0.580078 0.39502 0.292969 0.245117 0.000597477
8 0.182129 0.313965 0.0556641 0.0498047 0.000607014
8 0.230469 0.589844 0.0234375 0.0195312 0.000620842
9 0.469238 0.215332 0.0380859 0.0419922 0.000628948
12 0.740723 0.542969 0.342773 0.554688 0.000634193
11 0.275391 0.324707 0.257812 0.209961 0.000638485
9 0.622559 0.557617 0.319336 0.423828 0.000641346
13 0.652832 0.782715 0.0419922 0.0634766 0.000645638
13 0.3125 0.662109 0.0664062 0.0410156 0.000649452
9 0.249023 0.861816 0.345703 0.235352 0.000650406
7 0.634766 0.480957 0.101562 0.124023 0.000653267
9 0.82666 0.555664 0.21582 0.53125 0.000657082
9 0.943359 0.544434 0.113281 0.69043 0.000658989
2 0.57666 0.371582 0.147461 0.165039 0.000662804
1 0.568359 0.35791 0.152344 0.133789 0.000667095
13 0.180664 0.634766 0.113281 0.0390625 0.000680447
9 0.291016 0.587891 0.261719 0.320312 0.000682831
5 0.567871 0.355957 0.15332 0.131836 0.000685215
9 0.963867 0.361328 0.0722656 0.160156 0.000703335
8 0.985352 0.428223 0.0253906 0.0283203 0.000725746
8 0.327148 0.500977 0.0390625 0.0351562 0.000745296
11 0.70459 0.79541 0.168945 0.0556641 0.000762463
9 0.352539 0.588379 0.123047 0.145508 0.00076437
11 0.697754 0.797363 0.0615234 0.0458984 0.000780582
11 0.341797 0.580078 0.0820312 0.0742188 0.000782013
8 0.803711 0.381836 0.0136719 0.0117188 0.000833988
8 0.962402 0.342773 0.0751953 0.173828 0.000836372
7 0.973145 0.365723 0.0537109 0.149414 0.000837803
11 0.348633 0.233398 0.130859 0.0410156 0.000842571
7 0.190918 0.495117 0.178711 0.375 0.00084877
8 0.392578 0.614746 0.0488281 0.0517578 0.000917912
8 0.776367 0.427246 0.0136719 0.0146484 0.000949383
9 0.180664 0.311035 0.0507812 0.0458984 0.000967026
9 0.970215 0.53125 0.0576172 0.605469 0.000971794
10 0.568359 0.36084 0.150391 0.143555 0.000990868
13 0.293945 0.578125 0.234375 0.113281 0.00101757
11 0.591797 0.238281 0.130859 0.0820312 0.00102997
11 0.564453 0.34668 0.154297 0.113281 0.00103188
13 0.681152 0.793457 0.0849609 0.0537109 0.00103951
9 0.638184 0.804199 0.0791016 0.0908203 0.00104523
9 0.589355 0.404297 0.149414 0.234375 0.00104713
8 0.335449 0.591309 0.106445 0.15918 0.00105381
6 0.275879 0.325684 0.245117 0.202148 0.00106049
9 0.500488 0.852539 0.219727 0.259766 0.00114346
9 0.65332 0.787109 0.0507812 0.0683594 0.0011816
13 0.740723 0.542969 0.342773 0.554688 0.00118256
11 0.334473 0.245605 0.163086 0.0810547 0.00118828
3 0.34082 0.578125 0.0800781 0.0683594 0.00119686
9 0.718262 0.794434 0.192383 0.0537109 0.0012455
9 0.671875 0.318848 0.0585938 0.0361328 0.00125122
7 0.59668 0.703125 0.484375 0.220703 0.00128937
13 0.718262 0.794434 0.192383 0.0537109 0.00129795
7 0.299316 0.327637 0.243164 0.202148 0.00130749
11 0.59668 0.703125 0.484375 0.220703 0.00131989
2 0.573242 0.335449 0.119141 0.0927734 0.00134563
3 0.740723 0.542969 0.342773 0.554688 0.00137901
9 0.499023 0.379883 0.3125 0.197266 0.00140667
9 0.494141 0.542969 0.253906 0.558594 0.00140667
4 0.252441 0.575684 0.317383 0.467773 0.00142193
8 0.570801 0.360352 0.145508 0.140625 0.00142193
12 0.59668 0.703125 0.484375 0.220703 0.0014267
13 0.567383 0.350098 0.142578 0.124023 0.00144672
13 0.59668 0.703125 0.484375 0.220703 0.00146008
1 0.59668 0.703125 0.484375 0.220703 0.00146008
2 0.59668 0.703125 0.484375 0.220703 0.00147724
6 0.59668 0.703125 0.484375 0.220703 0.00149536
5 0.852051 0.693848 0.116211 0.223633 0.00158596
8 0.59668 0.703125 0.484375 0.220703 0.00159073
4 0.59668 0.703125 0.484375 0.220703 0.00159073
1 0.341797 0.578613 0.0800781 0.0751953 0.00161171
11 0.307617 0.271484 0.232422 0.125 0.00172234
7 0.273438 0.437988 0.285156 0.196289 0.00182152
10 0.921875 0.859863 0.03125 0.0478516 0.00186729
11 0.63916 0.225586 0.196289 0.0703125 0.00187683
8 0.671875 0.317383 0.0605469 0.0371094 0.00198746
9 0.947754 0.315918 0.104492 0.211914 0.00198936
5 0.762207 0.367188 0.114258 0.146484 0.00199127
6 0.342285 0.57666 0.0771484 0.0712891 0.00200272
6 0.740723 0.542969 0.342773 0.554688 0.0020237
9 0.915527 0.910156 0.0458984 0.0546875 0.00203323
9 0.86084 0.233398 0.0283203 0.0253906 0.00203705
10 0.59668 0.703125 0.484375 0.220703 0.0021553
9 0.244629 0.783203 0.311523 0.111328 0.00218391
13 0.305664 0.669434 0.0957031 0.0634766 0.00221252
7 0.960449 0.322266 0.0791016 0.205078 0.00227928
6 0.231445 0.685059 0.287109 0.231445 0.00228691
0 0.594727 0.696777 0.482422 0.225586 0.00234985
9 0.571777 0.350586 0.135742 0.123047 0.00237656
0 0.272949 0.419434 0.311523 0.368164 0.00256157
11 0.921875 0.86084 0.0332031 0.0478516 0.00274849
3 0.568359 0.36084 0.150391 0.143555 0.00275803
8 0.342773 0.69043 0.0332031 0.0292969 0.00283813
5 0.59668 0.703125 0.484375 0.220703 0.00320244
13 0.252441 0.575684 0.317383 0.467773 0.00357246
12 0.270996 0.442871 0.331055 0.418945 0.00359535
9 0.629883 0.484375 0.0996094 0.130859 0.00364304
3 0.272949 0.419434 0.311523 0.368164 0.00379181
8 0.29541 0.650391 0.0166016 0.015625 0.00388718
13 0.275879 0.325684 0.245117 0.202148 0.00400162
9 0.59668 0.703125 0.484375 0.220703 0.00429916
0 0.343262 0.578613 0.0810547 0.0712891 0.00435638
0 0.586914 0.413574 0.146484 0.231445 0.0045433
2 0.272949 0.419434 0.311523 0.368164 0.00473022
7 0.22998 0.688477 0.293945 0.220703 0.00492477
11 0.272949 0.419434 0.311523 0.368164 0.00527191
10 0.100586 0.827148 0.0507812 0.0820312 0.00538635
5 0.769531 0.478027 0.191406 0.342773 0.0056839
9 0.666992 0.793945 0.0976562 0.0644531 0.00571823
5 0.732422 0.407227 0.199219 0.238281 0.00616455
11 0.100098 0.833008 0.0498047 0.0820312 0.00617599
5 0.803711 0.655762 0.208984 0.30957 0.00625229
8 0.272461 0.633789 0.0214844 0.0175781 0.007061
13 0.651855 0.792969 0.0771484 0.0800781 0.00708389
11 0.660156 0.220703 0.154297 0.0390625 0.00717545
13 0.341797 0.579102 0.0800781 0.0722656 0.00731277
9 0.725098 0.544434 0.305664 0.557617 0.00737762
9 0.233398 0.666504 0.294922 0.260742 0.00762558
0 0.574219 0.331055 0.105469 0.0820312 0.00785065
9 0.268555 0.481445 0.341797 0.560547 0.00799561
8 0.215332 0.689453 0.0146484 0.0117188 0.00802612
4 0.342285 0.578125 0.0810547 0.0742188 0.00873566
7 0.25293 0.578125 0.316406 0.472656 0.00883484
6 0.25293 0.578125 0.316406 0.472656 0.0113831
5 0.242188 0.676758 0.302734 0.267578 0.011734
2 0.341797 0.57959 0.0820312 0.0751953 0.013298
10 0.270996 0.442871 0.331055 0.418945 0.013588
11 0.60498 0.22168 0.131836 0.0429688 0.0152512
1 0.273926 0.435547 0.329102 0.378906 0.0153122
8 0.271973 0.42334 0.313477 0.375977 0.0154648
9 0.342773 0.577637 0.0820312 0.0751953 0.0247955
5 0.271484 0.431152 0.324219 0.399414 0.0330811
0 0.507812 0.362305 0.292969 0.15625 0.0384827
13 0.271973 0.42334 0.313477 0.375977 0.0394287
7 0.341309 0.577148 0.0791016 0.0683594 0.0409546
11 0.627441 0.216309 0.0791016 0.0283203 0.0500183
4 0.269531 0.427734 0.314453 0.382812 0.0770874
5 0.739746 0.544922 0.291992 0.53125 0.0802002
6 0.269531 0.428223 0.308594 0.37207 0.145386
7 0.271484 0.430664 0.328125 0.384766 0.155884
8 0.341797 0.577148 0.078125 0.0703125 0.306641
0 0.568359 0.356934 0.148438 0.137695 0.463867
3 0.594238 0.702148 0.475586 0.220703 0.56543
