9 0.522949 0.524414 0.143555 0.173828 0.000100076
9 0.492188 0.450684 0.0742188 0.131836 0.000100672
11 0.0888672 0.983887 0.0566406 0.0322266 0.000100791
5 0.555664 0.394531 0.207031 0.185547 0.000100851
11 0.70459 0.151855 0.204102 0.0947266 0.000101328
9 0.490234 0.521973 0.0625 0.0439453 0.000102639
9 0.552734 0.605469 0.015625 0.015625 0.000103056
0 0.0410156 0.333008 0.0722656 0.146484 0.000103235
12 0.920898 0.915039 0.158203 0.169922 0.000103951
13 0.373535 0.268066 0.0322266 0.0224609 0.000104368
7 0.234863 0.828125 0.338867 0.0683594 0.000104725
13 0.247559 0.54248 0.0380859 0.0166016 0.000104904
3 0.352051 0.883789 0.52832 0.222656 0.000105083
8 0.633789 0.451172 0.0527344 0.0351562 0.000105858
9 0.556152 0.584473 0.0244141 0.0146484 0.000105977
9 0.773438 0.179199 0.09375 0.0634766 0.000106692
9 0.488281 0.908203 0.167969 0.173828 0.000107825
8 0.635742 0.465332 0.0644531 0.0537109 0.000109315
6 0.604492 0.362793 0.107422 0.114258 0.00011009
7 0.773438 0.179199 0.09375 0.0634766 0.000110447
11 0.670898 0.169434 0.0742188 0.0283203 0.00011307
8 0.481934 0.452637 0.0576172 0.0849609 0.000113249
13 0.344238 0.312012 0.0498047 0.0361328 0.000113547
8 0.703125 0.619141 0.0234375 0.015625 0.000113666
9 0.439453 0.643066 0.0742188 0.0986328 0.000114918
13 0.710449 0.161133 0.147461 0.0273438 0.000114918
5 0.219238 0.575195 0.124023 0.121094 0.000116289
8 0.567871 0.470215 0.0166016 0.0166016 0.000119627
13 0.383301 0.265137 0.0517578 0.0537109 0.000119865
9 0.740723 0.816895 0.313477 0.0966797 0.000119925
4 0.604492 0.362793 0.107422 0.114258 0.000121355
0 0.602051 0.360352 0.0615234 0.0839844 0.000121713
3 0.554199 0.378906 0.209961 0.171875 0.000123858
9 0.225586 0.959961 0.320312 0.0761719 0.000123978
1 0.918457 0.92041 0.163086 0.15918 0.000124216
11 0.0488281 0.794922 0.0917969 0.0859375 0.000124454
5 0.852539 0.728516 0.0957031 0.171875 0.000124812
8 0.306152 0.543945 0.0146484 0.0136719 0.000125766
3 0.769531 0.552246 0.273438 0.561523 0.00012815
5 0.743164 0.697754 0.220703 0.229492 0.000129223
4 0.485352 0.454102 0.0429688 0.0371094 0.000129938
8 0.342285 0.642578 0.0224609 0.0234375 0.000129938
8 0.416504 0.557129 0.0263672 0.0263672 0.000131488
6 0.819336 0.689941 0.154297 0.235352 0.000132442
1 0.710449 0.161621 0.139648 0.0244141 0.000132918
10 0.222656 0.850586 0.363281 0.101562 0.00013566
13 0.399414 0.358398 0.0996094 0.117188 0.000136256
9 0.222656 0.551758 0.259766 0.400391 0.000136495
2 0.626953 0.461426 0.0410156 0.0341797 0.000137329
9 0.592285 0.599121 0.0537109 0.0361328 0.000137687
13 0.771484 0.174805 0.0917969 0.0625 0.000137806
10 0.0473633 0.79541 0.0869141 0.0869141 0.000139236
9 0.943359 0.512207 0.0371094 0.0302734 0.000139236
5 0.136719 0.549316 0.273438 0.469727 0.000141382
9 0.0766602 0.803223 0.0615234 0.0947266 0.000142097
11 0.787109 0.192383 0.115234 0.128906 0.000142455
8 0.813477 0.650879 0.0253906 0.0263672 0.000143409
5 0.784668 0.477051 0.196289 0.366211 0.000144243
9 0.0170898 0.97168 0.0322266 0.0546875 0.000144243
13 0.799805 0.384766 0.0507812 0.0273438 0.000144482
3 0.533691 0.549805 0.21582 0.496094 0.000146985
9 0.547363 0.523926 0.0751953 0.0517578 0.000147343
2 0.418457 0.558105 0.0185547 0.0244141 0.000148892
8 0.47168 0.456543 0.0292969 0.0380859 0.000149965
8 0.935059 0.91748 0.129883 0.165039 0.000155568
1 0.73877 0.175781 0.182617 0.0800781 0.000157356
11 0.386719 0.152344 0.128906 0.0351562 0.000159979
9 0.554199 0.57373 0.0986328 0.319336 0.000160098
11 0.368652 0.141602 0.0732422 0.0175781 0.000161529
2 0.248047 0.541504 0.0175781 0.0107422 0.000162125
5 0.541504 0.547852 0.196289 0.533203 0.00016427
13 0.669922 0.218262 0.0683594 0.0947266 0.000165462
11 0.771484 0.175293 0.0527344 0.0419922 0.00016737
8 0.333984 0.549805 0.0117188 0.0117188 0.000169039
11 0.814453 0.203125 0.0683594 0.0703125 0.000171304
9 0.810059 0.651855 0.172852 0.311523 0.000172019
8 0.618652 0.466309 0.0439453 0.0400391 0.000172377
8 0.72998 0.363281 0.0126953 0.0117188 0.000174165
11 0.239746 0.8125 0.34668 0.105469 0.000175714
11 0.675293 0.145996 0.102539 0.0244141 0.000176668
5 0.209961 0.575195 0.0371094 0.0292969 0.000181198
3 0.569824 0.665527 0.30957 0.352539 0.000185728
9 0.461914 0.512207 0.0390625 0.0263672 0.000190735
8 0.458984 0.580078 0.0371094 0.03125 0.000199795
10 0.774414 0.179199 0.09375 0.0634766 0.000199795
1 0.773438 0.179199 0.09375 0.0634766 0.000200272
1 0.604492 0.361816 0.105469 0.110352 0.000200391
7 0.604492 0.362793 0.107422 0.114258 0.000200748
2 0.632812 0.451172 0.03125 0.0253906 0.000205636
12 0.604492 0.362793 0.107422 0.114258 0.000207067
8 0.25 0.54248 0.0371094 0.0166016 0.000213265
9 0.54834 0.526855 0.0751953 0.143555 0.000214696
7 0.820801 0.697754 0.155273 0.225586 0.000215411
2 0.935059 0.91748 0.129883 0.165039 0.000218272
8 0.631836 0.460938 0.0371094 0.0351562 0.000218391
2 0.633789 0.451172 0.0527344 0.0351562 0.000222683
11 0.449219 0.125488 0.0546875 0.0185547 0.000225425
8 0.293945 0.552734 0.0195312 0.015625 0.000225425
9 0.520996 0.594238 0.139648 0.194336 0.000227332
8 0.82373 0.449219 0.0185547 0.0136719 0.000228882
11 0.735352 0.148926 0.107422 0.0478516 0.000230908
9 0.498047 0.601074 0.121094 0.34082 0.000231743
5 0.267578 0.578125 0.162109 0.183594 0.000233769
13 0.654785 0.454102 0.0732422 0.0625 0.000233889
9 0.240234 0.898438 0.384766 0.199219 0.000235081
11 0.674805 0.160645 0.0605469 0.0166016 0.00023663
8 0.668457 0.446777 0.0361328 0.0283203 0.000238061
9 0.548828 0.527344 0.0488281 0.03125 0.000248909
0 0.48584 0.456055 0.0458984 0.0390625 0.000251055
8 0.615723 0.472168 0.0263672 0.0185547 0.000252724
8 0.671875 0.652832 0.0175781 0.0185547 0.000254393
9 0.633301 0.805664 0.0830078 0.0585938 0.00025773
0 0.941895 0.512207 0.0361328 0.0302734 0.000258684
8 0.169922 0.651367 0.0273438 0.0214844 0.000260353
8 0.674805 0.444336 0.0234375 0.0195312 0.000264168
0 0.120605 0.531738 0.241211 0.438477 0.000270844
13 0.351562 0.324707 0.0683594 0.0771484 0.000272751
8 0.868652 0.759766 0.0283203 0.0273438 0.000275373
10 0.135742 0.984375 0.136719 0.0292969 0.000276327
5 0.604492 0.362793 0.107422 0.114258 0.000281811
8 0.237793 0.517578 0.0166016 0.015625 0.000282764
13 0.382812 0.273438 0.0429688 0.0273438 0.000287056
9 0.655273 0.45459 0.0703125 0.0595703 0.000290871
9 0.423828 0.123047 0.0527344 0.0195312 0.000292301
9 0.560059 0.520996 0.0458984 0.0263672 0.0002985
9 0.490234 0.808105 0.166016 0.383789 0.000299692
10 0.0795898 0.797852 0.0654297 0.0703125 0.000306368
9 0.608887 0.533691 0.0478516 0.0361328 0.00030756
8 0.604492 0.362793 0.107422 0.114258 0.000320435
8 0.654785 0.455566 0.0751953 0.0615234 0.000322819
9 0.230469 0.780762 0.34375 0.141602 0.000324249
13 0.604492 0.361816 0.105469 0.110352 0.000324965
2 0.616699 0.467285 0.0341797 0.0283203 0.000325918
2 0.635742 0.465332 0.0644531 0.0537109 0.000326157
8 0.271484 0.443359 0.0136719 0.0117188 0.00032711
13 0.397461 0.278809 0.0429688 0.0517578 0.000329494
2 0.625977 0.455566 0.0253906 0.0224609 0.000330687
8 0.625977 0.45459 0.0234375 0.0224609 0.000337362
5 0.200195 0.655762 0.144531 0.15918 0.000351667
0 0.614258 0.339355 0.078125 0.0712891 0.000356913
13 0.395508 0.277832 0.0214844 0.0361328 0.000366211
13 0.396484 0.294434 0.0605469 0.0595703 0.000366926
9 0.658691 0.79834 0.151367 0.0673828 0.000370502
10 0.604492 0.362793 0.107422 0.114258 0.000371695
11 0.918457 0.92041 0.163086 0.15918 0.000374317
11 0.604492 0.361816 0.105469 0.110352 0.000385523
5 0.255859 0.51123 0.277344 0.481445 0.000388622
2 0.602539 0.36084 0.109375 0.110352 0.000407696
8 0.375 0.268555 0.03125 0.0234375 0.000413179
11 0.0805664 0.79541 0.0673828 0.0810547 0.000422239
5 0.248047 0.685059 0.296875 0.313477 0.000436306
10 0.909668 0.86084 0.0537109 0.0693359 0.000454187
8 0.421875 0.609863 0.0117188 0.00878906 0.000454664
11 0.429688 0.122559 0.0820312 0.0341797 0.000465155
10 0.267578 0.980469 0.355469 0.0390625 0.000474453
13 0.371094 0.34082 0.0976562 0.111328 0.000486851
11 0.480957 0.171875 0.0498047 0.0507812 0.000493526
11 0.63916 0.179199 0.0537109 0.0458984 0.000500679
11 0.294922 0.164551 0.0703125 0.0517578 0.000501156
11 0.698242 0.160645 0.0722656 0.0185547 0.000525951
13 0.395996 0.255859 0.0615234 0.0898438 0.000564098
11 0.909668 0.86084 0.0537109 0.0693359 0.000564575
8 0.476074 0.740234 0.0146484 0.0117188 0.000588894
9 0.231445 0.834473 0.363281 0.147461 0.000614643
10 0.239258 0.812988 0.337891 0.110352 0.000623226
9 0.769531 0.552246 0.273438 0.561523 0.000636578
13 0.484375 0.455566 0.0410156 0.0380859 0.000637054
9 0.448242 0.647949 0.0625 0.0498047 0.00069952
7 0.485352 0.454102 0.0429688 0.0371094 0.000713825
11 0.32666 0.157715 0.116211 0.0498047 0.000716209
2 0.668457 0.446777 0.0361328 0.0283203 0.000758648
9 0.555664 0.394531 0.207031 0.185547 0.000759602
11 0.650391 0.15625 0.0703125 0.03125 0.000761509
11 0.455078 0.120605 0.0839844 0.0244141 0.000792027
8 0.209961 0.576172 0.0351562 0.03125 0.000792503
3 0.604492 0.362793 0.107422 0.114258 0.000844002
9 0.458984 0.580566 0.0410156 0.0341797 0.000896454
9 0.604492 0.362793 0.107422 0.114258 0.000901699
8 0.248047 0.541504 0.0175781 0.0107422 0.000917435
8 0.428711 0.468262 0.0175781 0.0185547 0.000925064
10 0.225586 0.959961 0.320312 0.0761719 0.000974655
11 0.734375 0.181152 0.197266 0.0908203 0.000982285
9 0.234863 0.828125 0.338867 0.0683594 0.00111866
11 0.697266 0.152832 0.150391 0.0322266 0.00113964
11 0.402832 0.128906 0.0986328 0.03125 0.00115871
2 0.65918 0.453613 0.0722656 0.0576172 0.00143051
11 0.349609 0.146973 0.101562 0.0283203 0.00146866
11 0.723633 0.161621 0.0761719 0.0205078 0.00149632
0 0.54541 0.51416 0.206055 0.430664 0.0016613
0 0.935059 0.91748 0.129883 0.165039 0.00166798
5 0.755371 0.547363 0.297852 0.571289 0.00181961
5 0.222656 0.591797 0.201172 0.283203 0.00184727
11 0.678711 0.168457 0.138672 0.0361328 0.00189304
11 0.37793 0.13916 0.121094 0.0322266 0.00206757
9 0.566895 0.702148 0.336914 0.203125 0.00208664
8 0.283691 0.395996 0.0205078 0.0146484 0.00243759
5 0.825684 0.695312 0.147461 0.244141 0.00256538
9 0.485352 0.454102 0.0429688 0.0371094 0.00379372
2 0.483887 0.455078 0.0400391 0.0371094 0.00404358
9 0.496094 0.678223 0.179688 0.327148 0.00466537
5 0.797852 0.606445 0.195312 0.392578 0.00550842
3 0.578125 0.716797 0.347656 0.164062 0.00569534
11 0.75293 0.163574 0.0820312 0.0361328 0.00572586
11 0.67627 0.159668 0.100586 0.0244141 0.00628662
11 0.427734 0.122559 0.0625 0.0205078 0.00783539
11 0.798828 0.189941 0.0683594 0.0615234 0.00939178
11 0.737305 0.17041 0.142578 0.0498047 0.0127716
8 0.485352 0.454102 0.0429688 0.0371094 0.0198669
9 0.529297 0.548828 0.193359 0.474609 0.0231781
0 0.555176 0.385254 0.208008 0.165039 0.0252228
11 0.773438 0.179199 0.09375 0.0634766 0.0343018
11 0.71875 0.162109 0.134766 0.0273438 0.0878296
0 0.602051 0.36084 0.108398 0.110352 0.269287
