8 0.631836 0.264648 0.015625 0.0195312 0.000100255
5 0.308105 0.587891 0.0869141 0.0644531 0.00010103
3 0.163574 0.251465 0.327148 0.299805 0.000101388
8 0.437012 0.193359 0.0185547 0.0136719 0.000102043
6 0.336914 0.496094 0.0820312 0.046875 0.000102937
7 0.295898 0.253418 0.0195312 0.0166016 0.000103176
0 0.587402 0.345703 0.0908203 0.212891 0.000103295
11 0.619141 0.166504 0.0566406 0.0400391 0.000103533
12 0.114746 0.490234 0.229492 0.476562 0.000103533
0 0.629883 0.312988 0.212891 0.174805 0.000103712
5 0.259277 0.437012 0.0927734 0.0869141 0.000104785
8 0.329102 0.591797 0.0390625 0.0410156 0.000105321
9 0.404297 0.640137 0.0957031 0.0888672 0.000106275
13 0.667969 0.23584 0.0351562 0.0400391 0.000107706
8 0.258301 0.58252 0.0107422 0.0107422 0.000108361
7 0.300293 0.428223 0.200195 0.331055 0.0001086
12 0.251465 0.657715 0.186523 0.125977 0.000109196
11 0.67334 0.126953 0.0771484 0.0253906 0.000109494
11 0.833496 0.937988 0.333008 0.124023 0.000110447
11 0.619629 0.131348 0.0576172 0.0263672 0.000113547
13 0.693359 0.254395 0.078125 0.0537109 0.000114799
8 0.630371 0.200684 0.0107422 0.0107422 0.000116169
13 0.293945 0.253906 0.0214844 0.0175781 0.000117242
9 0.730469 0.407715 0.273438 0.506836 0.000117779
9 0.272949 0.554688 0.0888672 0.03125 0.000117958
5 0.316406 0.34668 0.212891 0.208984 0.000118315
11 0.733887 0.161133 0.0615234 0.0527344 0.000118792
4 0.290039 0.58252 0.0996094 0.0732422 0.000119746
8 0.382324 0.495117 0.0205078 0.015625 0.000120044
11 0.625488 0.109375 0.0537109 0.0234375 0.000121057
8 0.404785 0.271973 0.0126953 0.0146484 0.000124335
9 0.341309 0.603516 0.106445 0.0527344 0.000126004
8 0.236816 0.410156 0.0400391 0.0390625 0.000126839
6 0.278809 0.548828 0.0888672 0.0410156 0.000129461
9 0.282227 0.577637 0.214844 0.180664 0.000130892
13 0.230957 0.442383 0.0302734 0.0234375 0.000133038
8 0.231934 0.439453 0.0302734 0.0234375 0.000135899
11 0.678223 0.135742 0.0556641 0.0214844 0.000139236
8 0.227051 0.441406 0.0185547 0.0136719 0.000141621
13 0.319336 0.49707 0.0917969 0.0742188 0.000142097
5 0.730469 0.407715 0.273438 0.506836 0.000143766
9 0.31543 0.587891 0.0839844 0.0625 0.000146389
6 0.961914 0.541992 0.0761719 0.376953 0.000152111
13 0.67627 0.297852 0.102539 0.105469 0.000155687
11 0.628906 0.176758 0.0605469 0.0273438 0.000157356
0 0.593262 0.277344 0.0517578 0.0683594 0.00015831
11 0.459473 0.141602 0.0439453 0.0351562 0.000160217
13 0.227539 0.441895 0.0195312 0.0146484 0.000162959
13 0.390625 0.23291 0.0625 0.0810547 0.000165343
11 0.29834 0.494141 0.186523 0.236328 0.000169992
11 0.424805 0.132324 0.0488281 0.0146484 0.000173569
13 0.331543 0.493164 0.0498047 0.03125 0.000173926
9 0.435547 0.601562 0.121094 0.1875 0.000174999
11 0.608887 0.152832 0.0419922 0.0361328 0.000179648
3 0.855469 0.352539 0.289062 0.34375 0.000179887
13 0.32666 0.322266 0.0673828 0.046875 0.000181079
1 0.29834 0.494141 0.186523 0.236328 0.000183821
13 0.662109 0.262695 0.03125 0.0214844 0.000183821
5 0.259766 0.554199 0.0625 0.0283203 0.000186086
11 0.409668 0.134766 0.0478516 0.015625 0.000186443
9 0.293945 0.253906 0.0214844 0.0175781 0.000190258
13 0.282715 0.539551 0.0654297 0.0517578 0.000191569
8 0.259766 0.554199 0.0625 0.0283203 0.000197649
11 0.657715 0.125 0.0537109 0.015625 0.000197887
4 0.29834 0.494141 0.186523 0.236328 0.000198722
8 0.631348 0.547852 0.0107422 0.00976562 0.000199199
6 0.325684 0.495117 0.124023 0.128906 0.000205874
6 0.592773 0.28418 0.0957031 0.101562 0.000207067
10 0.297852 0.474609 0.1875 0.265625 0.000210047
8 0.291016 0.584961 0.09375 0.0664062 0.000210404
7 0.333496 0.583496 0.108398 0.0693359 0.000212312
11 0.433105 0.145508 0.0458984 0.0253906 0.000213265
13 0.696777 0.261719 0.116211 0.105469 0.000216007
4 0.594727 0.291016 0.0917969 0.111328 0.000217915
6 0.280762 0.555664 0.116211 0.0917969 0.000220299
8 0.288574 0.49707 0.15332 0.210938 0.00022769
5 0.337891 0.486328 0.09375 0.0800781 0.000229955
11 0.366699 0.14209 0.0556641 0.0283203 0.000231504
11 0.626953 0.124023 0.0839844 0.03125 0.000233412
3 0.210938 0.125488 0.386719 0.250977 0.000243545
13 0.24707 0.551758 0.0566406 0.0273438 0.000253677
12 0.297852 0.474609 0.1875 0.265625 0.00026226
13 0.720703 0.234375 0.078125 0.0722656 0.000264883
9 0.323242 0.536133 0.146484 0.158203 0.000266552
13 0.66748 0.23877 0.0556641 0.0576172 0.000278711
9 0.304199 0.381348 0.239258 0.452148 0.000282526
7 0.594727 0.291016 0.0917969 0.111328 0.000291109
0 0.907715 0.842285 0.18457 0.262695 0.000292301
7 0.325195 0.554688 0.146484 0.125 0.000295877
6 0.325195 0.554688 0.146484 0.125 0.000296593
5 0.3125 0.591309 0.0488281 0.0458984 0.000297785
8 0.721191 0.619629 0.0400391 0.0439453 0.000307798
12 0.592773 0.291016 0.0957031 0.113281 0.000309467
8 0.684082 0.332031 0.0166016 0.0136719 0.000315428
0 0.297852 0.474609 0.1875 0.265625 0.000323296
1 0.594727 0.291016 0.0917969 0.111328 0.000324726
4 0.3125 0.590332 0.0507812 0.0498047 0.000325203
2 0.291992 0.494141 0.154297 0.222656 0.000329733
11 0.395996 0.137695 0.0595703 0.0195312 0.000337839
11 0.627441 0.146973 0.0810547 0.0458984 0.000341892
8 0.324219 0.585449 0.0800781 0.0634766 0.000342369
13 0.312012 0.552246 0.133789 0.129883 0.000361919
8 0.662109 0.265625 0.0234375 0.0175781 0.000365257
8 0.821289 0.656738 0.00976562 0.00878906 0.000365257
13 0.3125 0.591309 0.0488281 0.0458984 0.000376225
11 0.706543 0.14209 0.0361328 0.0283203 0.000383377
8 0.417969 0.416504 0.0292969 0.0224609 0.000386715
5 0.594727 0.291016 0.0917969 0.111328 0.000388145
5 0.961914 0.541992 0.0761719 0.357422 0.000398159
13 0.592773 0.291016 0.0957031 0.113281 0.000400305
11 0.402344 0.129883 0.0800781 0.0214844 0.000408173
11 0.418945 0.14209 0.105469 0.0400391 0.00041151
10 0.849609 0.732422 0.0332031 0.0488281 0.000413895
8 0.376953 0.5625 0.0195312 0.0195312 0.000416279
11 0.849609 0.732422 0.0332031 0.0507812 0.000433207
5 0.276367 0.554199 0.107422 0.0498047 0.000460148
13 0.810547 0.192871 0.03125 0.0478516 0.000465155
13 0.265137 0.56543 0.102539 0.0410156 0.000473022
5 0.262695 0.421875 0.115234 0.171875 0.000482559
9 0.527832 0.320801 0.194336 0.204102 0.000495434
11 0.664062 0.139648 0.105469 0.0292969 0.000511169
6 0.29834 0.427734 0.180664 0.322266 0.000518322
8 0.594727 0.291016 0.0917969 0.111328 0.000530243
13 0.340332 0.33252 0.0576172 0.0400391 0.000537395
11 0.722168 0.152344 0.0439453 0.0390625 0.00054884
9 0.266602 0.660645 0.220703 0.106445 0.000553608
5 0.279785 0.471191 0.118164 0.15332 0.000555038
5 0.289062 0.515137 0.285156 0.270508 0.000557423
11 0.592773 0.28418 0.0957031 0.101562 0.000582695
0 0.612793 0.272461 0.0595703 0.0742188 0.000627995
13 0.383789 0.540527 0.0625 0.118164 0.000639439
10 0.592773 0.291016 0.0957031 0.113281 0.000641823
2 0.631836 0.264648 0.015625 0.0195312 0.000676632
2 0.592773 0.285156 0.09375 0.101562 0.000682354
13 0.264648 0.558594 0.046875 0.0195312 0.000696182
13 0.325684 0.495605 0.129883 0.141602 0.000710964
11 0.441406 0.137207 0.0703125 0.0263672 0.000728607
8 0.32959 0.393555 0.0126953 0.00976562 0.000730515
9 0.282227 0.578125 0.111328 0.078125 0.00075531
13 0.637695 0.595703 0.0722656 0.111328 0.000761509
9 0.53125 0.45166 0.203125 0.456055 0.000813484
0 0.544922 0.299316 0.189453 0.12207 0.000814438
8 0.212891 0.608887 0.0136719 0.0107422 0.000816345
8 0.320312 0.597656 0.0273438 0.0292969 0.000850677
5 0.770996 0.533203 0.157227 0.234375 0.000874043
9 0.313477 0.591797 0.046875 0.046875 0.000876427
5 0.313477 0.540527 0.164062 0.15918 0.000941753
8 0.369141 0.584473 0.0195312 0.0244141 0.000974178
3 0.297852 0.474609 0.1875 0.265625 0.0010004
11 0.659668 0.132324 0.0654297 0.0205078 0.00100327
13 0.290039 0.58252 0.0996094 0.0732422 0.00100708
9 0.592773 0.291016 0.0957031 0.113281 0.00101089
11 0.606445 0.111816 0.046875 0.0283203 0.0010252
6 0.3125 0.591309 0.0488281 0.0458984 0.00104618
13 0.336914 0.496094 0.0820312 0.046875 0.00111008
11 0.392578 0.140137 0.0957031 0.0283203 0.00127983
5 0.260742 0.519531 0.140625 0.195312 0.00128174
7 0.296387 0.511719 0.151367 0.205078 0.00151539
3 0.592773 0.291016 0.0957031 0.113281 0.00155735
0 0.53125 0.361328 0.197266 0.242188 0.00162697
8 0.390137 0.472168 0.0244141 0.0185547 0.00163078
6 0.290039 0.58252 0.0996094 0.0732422 0.0016489
11 0.618164 0.142578 0.0527344 0.0273438 0.00177765
5 0.325684 0.495605 0.129883 0.141602 0.00195694
7 0.290527 0.580078 0.100586 0.0742188 0.00202179
8 0.29541 0.254395 0.0205078 0.0166016 0.00220108
5 0.290527 0.562012 0.110352 0.104492 0.00228119
13 0.280762 0.555664 0.116211 0.0917969 0.00259018
3 0.54248 0.616699 0.334961 0.100586 0.0026741
13 0.272949 0.554688 0.0888672 0.03125 0.0030117
7 0.3125 0.591309 0.0488281 0.0458984 0.0031147
5 0.299805 0.382812 0.220703 0.423828 0.00369263
9 0.294922 0.475586 0.164062 0.248047 0.00375748
11 0.637695 0.137695 0.0683594 0.0234375 0.00466537
13 0.291992 0.494141 0.154297 0.222656 0.00814819
6 0.296387 0.511719 0.151367 0.205078 0.00999451
8 0.312988 0.591309 0.0458984 0.0478516 0.0102768
11 0.416504 0.135254 0.0791016 0.0205078 0.0158844
5 0.294922 0.475586 0.164062 0.248047 0.165894
0 0.59375 0.285645 0.09375 0.100586 0.498291
