9 0.76709 0.618164 0.0576172 0.03125 0.000140071
8 0.618652 0.197266 0.0244141 0.0195312 0.000140309
6 0.767578 0.562012 0.318359 0.243164 0.000141025
9 0.757324 0.621582 0.106445 0.0439453 0.000141144
7 0.702637 0.587402 0.0283203 0.0283203 0.000141263
11 0.401367 0.127441 0.0898438 0.0400391 0.00014174
11 0.0322266 0.907227 0.0644531 0.142578 0.000142932
9 0.437012 0.279297 0.0654297 0.212891 0.000143051
13 0.305664 0.415039 0.0742188 0.0351562 0.00014317
8 0.349609 0.547852 0.0136719 0.0136719 0.000143647
8 0.236328 0.364258 0.0175781 0.015625 0.000143647
10 0.742676 0.901855 0.416992 0.188477 0.000143886
8 0.270508 0.490234 0.0546875 0.0234375 0.00014472
4 0.518555 0.333008 0.230469 0.158203 0.000148296
0 0.776855 0.544922 0.227539 0.201172 0.000148654
2 0.702637 0.587402 0.0283203 0.0283203 0.000148654
9 0.509766 0.447754 0.265625 0.420898 0.000148773
9 0.504883 0.0380859 0.351562 0.0683594 0.00014925
10 0.885742 0.989746 0.09375 0.0205078 0.000150323
8 0.855957 0.57959 0.0146484 0.0126953 0.000150323
13 0.709961 0.556641 0.158203 0.166016 0.000150442
9 0.98291 0.705078 0.0322266 0.0683594 0.000150561
13 0.255371 0.552734 0.116211 0.0957031 0.000150681
10 0.0947266 0.706055 0.0585938 0.0722656 0.000153422
2 0.595703 0.288574 0.0742188 0.0791016 0.000154734
5 0.759277 0.345703 0.22168 0.349609 0.000155568
13 0.35498 0.57959 0.0556641 0.0595703 0.000155807
11 0.136719 0.989746 0.121094 0.0205078 0.000159979
10 0.938477 0.710938 0.0800781 0.078125 0.000160217
13 0.266602 0.410156 0.195312 0.251953 0.000160694
11 0.427734 0.102051 0.0664062 0.0263672 0.000160933
0 0.139648 0.318359 0.279297 0.341797 0.000161648
11 0.626465 0.10498 0.0751953 0.0224609 0.000162363
8 0.547852 0.579102 0.400391 0.134766 0.000162601
13 0.319824 0.415039 0.0361328 0.0175781 0.000163198
9 0.938965 0.610352 0.118164 0.230469 0.000164747
9 0.856934 0.964844 0.141602 0.0703125 0.000166059
1 0.547852 0.579102 0.400391 0.134766 0.000167727
11 0.96582 0.708008 0.0664062 0.0800781 0.000168204
7 0.547852 0.579102 0.400391 0.134766 0.000169754
8 0.684082 0.45459 0.0361328 0.0283203 0.000170112
13 0.663086 0.628418 0.0878906 0.0517578 0.000173688
7 0.444336 0.181152 0.0605469 0.141602 0.000173926
9 0.134277 0.661133 0.18457 0.0917969 0.000175595
13 0.6875 0.286133 0.125 0.140625 0.000176787
8 0.713379 0.337402 0.0205078 0.0205078 0.000177264
8 0.832031 0.563965 0.128906 0.12207 0.000179529
10 0.00683594 0.699219 0.0136719 0.0488281 0.000179768
12 0.518555 0.333008 0.230469 0.158203 0.000180125
9 0.126465 0.227539 0.25293 0.242188 0.000181079
1 0.788574 0.599609 0.0869141 0.0742188 0.000182152
13 0.278809 0.27002 0.133789 0.104492 0.000182271
9 0.444336 0.181152 0.0605469 0.141602 0.000183225
4 0.835938 0.560547 0.166016 0.183594 0.000183344
8 0.793945 0.46582 0.0175781 0.0117188 0.00018537
13 0.765625 0.453125 0.246094 0.386719 0.000186205
13 0.42334 0.250977 0.0439453 0.0703125 0.000186324
7 0.132324 0.605957 0.0517578 0.0517578 0.000187278
8 0.174316 0.48584 0.0185547 0.0185547 0.000187516
9 0.706055 0.656738 0.28125 0.0869141 0.000187993
13 0.313965 0.334473 0.0830078 0.0322266 0.00018847
9 0.32959 0.645996 0.151367 0.104492 0.000188708
13 0.743164 0.58252 0.152344 0.106445 0.000189185
0 0.516113 0.269531 0.239258 0.173828 0.000189424
9 0.17627 0.679688 0.209961 0.0683594 0.000190854
11 0.597168 0.135742 0.0595703 0.0390625 0.000195265
5 0.516602 0.333008 0.240234 0.167969 0.000196457
8 0.332031 0.334473 0.0117188 0.0107422 0.000196457
10 0.981445 0.705078 0.0371094 0.0722656 0.000198126
13 0.78418 0.218262 0.0332031 0.0283203 0.000199318
7 0.833008 0.568848 0.0878906 0.0810547 0.00020051
9 0.268066 0.407227 0.250977 0.398438 0.000202417
13 0.36377 0.346191 0.0791016 0.0869141 0.000204682
2 0.547852 0.579102 0.400391 0.134766 0.000207067
2 0.34375 0.434082 0.0683594 0.0654297 0.000207067
11 0.580566 0.137695 0.0517578 0.0546875 0.000212312
13 0.853027 0.492188 0.0595703 0.0214844 0.000213146
7 0.518555 0.333008 0.230469 0.158203 0.000213861
7 0.79541 0.642578 0.28418 0.0996094 0.000216007
10 0.172852 0.972656 0.232422 0.0546875 0.000216722
13 0.391113 0.249512 0.0791016 0.0849609 0.000217795
9 0.991211 0.697754 0.0175781 0.0458984 0.000218868
13 0.294434 0.328125 0.0849609 0.03125 0.000218987
8 0.762207 0.59082 0.12793 0.09375 0.000222683
13 0.80957 0.576172 0.119141 0.121094 0.000223517
9 0.158203 0.990723 0.09375 0.0185547 0.000224113
8 0.796387 0.486328 0.0107422 0.00976562 0.000226021
11 0.599121 0.113281 0.0673828 0.0371094 0.000226855
13 0.547852 0.579102 0.400391 0.134766 0.000227451
12 0.547852 0.579102 0.400391 0.134766 0.000227451
1 0.518555 0.333008 0.230469 0.158203 0.000227571
7 0.751953 0.589844 0.146484 0.0898438 0.00022912
9 0.127441 0.624023 0.0771484 0.0957031 0.000231147
7 0.164551 0.566406 0.116211 0.171875 0.000231624
10 0.547852 0.579102 0.400391 0.134766 0.000238419
11 0.547852 0.579102 0.400391 0.134766 0.000240088
2 0.518555 0.333008 0.230469 0.158203 0.000240326
8 0.345703 0.434082 0.0664062 0.0673828 0.000242591
8 0.409668 0.177734 0.0107422 0.00976562 0.000244617
0 0.512695 0.407227 0.255859 0.318359 0.000245333
7 0.837891 0.569336 0.046875 0.0371094 0.000256538
9 0.102539 0.688965 0.0664062 0.100586 0.000256777
12 0.771973 0.549316 0.202148 0.178711 0.000258207
13 0.254395 0.52832 0.166992 0.171875 0.000258684
13 0.318359 0.331543 0.119141 0.0537109 0.000259876
13 0.17334 0.494141 0.0322266 0.0195312 0.000262737
11 0.980469 0.685059 0.0390625 0.0361328 0.000262737
11 0.98291 0.713867 0.0341797 0.0839844 0.000263453
11 0.00683594 0.699707 0.0136719 0.0478516 0.000267982
9 0.702637 0.587402 0.0283203 0.0283203 0.000271559
7 0.23877 0.657227 0.295898 0.101562 0.000276327
11 0.518555 0.333008 0.230469 0.158203 0.000283003
5 0.297852 0.355469 0.169922 0.181641 0.000283718
11 0.0932617 0.693359 0.0419922 0.0839844 0.000284433
7 0.800293 0.481934 0.229492 0.327148 0.000287533
9 0.19873 0.542969 0.178711 0.193359 0.000288248
6 0.575195 0.306641 0.119141 0.117188 0.000288486
10 0.896973 0.969727 0.102539 0.0605469 0.000292063
8 0.708008 0.578125 0.169922 0.140625 0.000294924
4 0.575684 0.309082 0.118164 0.12207 0.000302553
5 0.547852 0.579102 0.400391 0.134766 0.000303507
10 0.518555 0.333008 0.230469 0.158203 0.000308514
13 0.275391 0.520996 0.144531 0.0927734 0.000308752
13 0.431641 0.224121 0.0390625 0.0380859 0.00031209
9 0.888184 0.589844 0.15918 0.201172 0.000312805
3 0.550293 0.626953 0.395508 0.121094 0.000315666
3 0.779785 0.548828 0.186523 0.177734 0.000316381
8 0.290527 0.282715 0.0166016 0.0146484 0.000318289
13 0.78125 0.241699 0.0488281 0.0771484 0.000321865
0 0.541992 0.580566 0.400391 0.149414 0.000324249
5 0.248535 0.59375 0.270508 0.207031 0.000326633
13 0.227051 0.36377 0.0556641 0.0263672 0.000327349
13 0.406738 0.228027 0.0693359 0.0380859 0.000328779
9 0.504883 0.850098 0.193359 0.299805 0.000329494
9 0.346191 0.435547 0.0693359 0.0703125 0.00033021
13 0.317383 0.351074 0.158203 0.151367 0.000330925
6 0.762207 0.479492 0.233398 0.3125 0.00033164
10 0.908691 0.979004 0.0654297 0.0419922 0.000332117
9 0.230469 0.616211 0.269531 0.158203 0.000335217
7 0.682129 0.620605 0.166992 0.0966797 0.000335217
11 0.0615234 0.667969 0.115234 0.0390625 0.000336885
9 0.0668945 0.255859 0.133789 0.234375 0.000340939
9 0.756836 0.427246 0.318359 0.444336 0.000341654
7 0.951172 0.682129 0.0976562 0.0517578 0.000342846
8 0.697754 0.597168 0.0693359 0.0693359 0.000346661
13 0.372559 0.319824 0.0400391 0.0439453 0.000348806
5 0.729492 0.51416 0.210938 0.245117 0.000356913
10 0.950684 0.685059 0.0986328 0.0732422 0.000366688
13 0.420898 0.227539 0.0527344 0.0761719 0.000366926
9 0.838379 0.690918 0.290039 0.0517578 0.000369549
0 0.0673828 0.290527 0.134766 0.272461 0.000371933
7 0.767578 0.562012 0.318359 0.243164 0.000374794
13 0.364746 0.257812 0.104492 0.109375 0.000375748
13 0.280273 0.407715 0.107422 0.0400391 0.000377178
5 0.794434 0.578125 0.120117 0.119141 0.000379086
7 0.230957 0.259277 0.0439453 0.0341797 0.000380993
8 0.354004 0.417969 0.0400391 0.0332031 0.000383615
10 0.0424805 0.912109 0.0849609 0.173828 0.000384092
10 0.00439453 0.693359 0.00878906 0.03125 0.000389576
13 0.1875 0.492676 0.0644531 0.0283203 0.000391006
11 0.921875 0.700195 0.0898438 0.0761719 0.000392675
11 0.909668 0.972656 0.0654297 0.0546875 0.000394106
8 0.768555 0.612793 0.0527344 0.0380859 0.000396252
9 0.231445 0.259766 0.0449219 0.0351562 0.000397205
9 0.715332 0.580078 0.18457 0.158203 0.000399113
7 0.575684 0.309082 0.118164 0.12207 0.000403881
8 0.741211 0.29834 0.0234375 0.0205078 0.000404835
0 0.947266 0.899414 0.105469 0.201172 0.000412941
11 0.349609 0.116699 0.0761719 0.0302734 0.000415087
5 0.84375 0.556641 0.160156 0.179688 0.000423908
3 0.535645 0.466797 0.344727 0.269531 0.000424862
11 0.658691 0.106445 0.106445 0.0214844 0.000432253
13 0.852051 0.684082 0.188477 0.0439453 0.000433207
9 0.921875 0.700195 0.0898438 0.0761719 0.00043416
13 0.431152 0.22998 0.0166016 0.0224609 0.000439405
9 0.79541 0.642578 0.28418 0.0996094 0.000442266
7 0.211426 0.544434 0.204102 0.211914 0.000443935
8 0.83252 0.569336 0.0830078 0.0800781 0.000445127
13 0.771973 0.605469 0.0654297 0.0488281 0.000448227
13 0.321777 0.30957 0.137695 0.0722656 0.000470877
9 0.130371 0.666992 0.102539 0.0703125 0.00047183
12 0.575684 0.309082 0.118164 0.12207 0.000483036
9 0.0268555 0.651367 0.0537109 0.0410156 0.000499249
8 0.35791 0.589844 0.0146484 0.0136719 0.000499725
8 0.133789 0.606445 0.0507812 0.0527344 0.000504017
13 0.774902 0.293457 0.110352 0.0927734 0.000506878
8 0.518555 0.333008 0.230469 0.158203 0.000515461
9 0.984863 0.671387 0.0302734 0.0361328 0.000517845
1 0.575195 0.306641 0.119141 0.117188 0.000520229
11 0.657227 0.118164 0.130859 0.0410156 0.000520229
2 0.794434 0.554199 0.157227 0.166992 0.000521183
13 0.672852 0.257324 0.0703125 0.124023 0.000522137
7 0.715332 0.580078 0.18457 0.158203 0.00053072
2 0.173828 0.637207 0.0136719 0.0126953 0.000533104
9 0.977051 0.608887 0.0439453 0.176758 0.00054121
8 0.76709 0.442383 0.0146484 0.0117188 0.000544548
11 0.401855 0.109863 0.0947266 0.0224609 0.000549793
9 0.173828 0.637207 0.0136719 0.0126953 0.000556469
9 0.661133 0.645996 0.117188 0.0556641 0.000557423
0 0.574219 0.300781 0.183594 0.169922 0.00056076
13 0.16748 0.499512 0.0400391 0.0205078 0.000572681
5 0.575684 0.309082 0.118164 0.12207 0.000578403
6 0.84375 0.557129 0.160156 0.182617 0.00058651
11 0.370605 0.109375 0.0517578 0.0175781 0.000597477
5 0.788574 0.599609 0.0869141 0.0742188 0.00060606
13 0.331055 0.432129 0.09375 0.0673828 0.000612736
11 0.626953 0.0976562 0.125 0.03125 0.000616074
8 0.434082 0.36084 0.0791016 0.137695 0.000645638
3 0.375488 0.981934 0.418945 0.0341797 0.000649452
13 0.780273 0.259277 0.0800781 0.0927734 0.000660896
13 0.416016 0.23877 0.0429688 0.0361328 0.00067091
5 0.215332 0.540039 0.198242 0.193359 0.000687122
9 0.790039 0.678711 0.347656 0.09375 0.000690937
13 0.575195 0.306641 0.119141 0.117188 0.000707626
11 0.00439453 0.693359 0.00878906 0.03125 0.000730038
13 0.365723 0.313965 0.0712891 0.0537109 0.000751495
10 0.137207 0.985352 0.129883 0.0292969 0.000755787
8 0.231445 0.259766 0.0449219 0.0351562 0.000761032
10 0.922363 0.70752 0.0419922 0.0673828 0.000765324
11 0.611816 0.124512 0.0947266 0.0439453 0.000776291
11 0.575195 0.306641 0.119141 0.117188 0.000776768
9 0.507812 0.034668 0.0390625 0.0341797 0.000781536
11 0.397461 0.10791 0.111328 0.0439453 0.000785828
10 0.775391 0.546875 0.189453 0.179688 0.000790119
2 0.575195 0.306641 0.119141 0.117188 0.000807762
8 0.575195 0.306641 0.119141 0.117188 0.0008111
8 0.70459 0.588379 0.0458984 0.0380859 0.000819206
11 0.779785 0.548828 0.186523 0.177734 0.000822544
9 0.979492 0.660645 0.0410156 0.0927734 0.000823975
5 0.313477 0.283691 0.164062 0.149414 0.000840664
9 0.0532227 0.67334 0.106445 0.0791016 0.0008564
13 0.350586 0.325684 0.115234 0.0830078 0.000863552
9 0.541992 0.580566 0.400391 0.149414 0.000895977
13 0.291016 0.412598 0.160156 0.137695 0.000907421
8 0.323242 0.416016 0.0234375 0.0175781 0.00091362
10 0.575684 0.309082 0.118164 0.12207 0.000923157
4 0.794434 0.578125 0.120117 0.119141 0.000929356
9 0.133789 0.606445 0.0507812 0.0527344 0.000939846
13 0.332031 0.269531 0.144531 0.146484 0.000970364
8 0.851074 0.582031 0.0166016 0.0117188 0.000974655
11 0.922363 0.70752 0.0419922 0.0673828 0.000983238
9 0.941406 0.6875 0.117188 0.136719 0.00106239
5 0.268066 0.407227 0.250977 0.398438 0.00110912
9 0.986816 0.683594 0.0263672 0.0332031 0.00116825
9 0.680176 0.633301 0.186523 0.0791016 0.00117779
8 0.764648 0.61377 0.0332031 0.0263672 0.00120258
9 0.0424805 0.912109 0.0849609 0.173828 0.00121689
9 0.762695 0.516113 0.21875 0.241211 0.00131893
11 0.407227 0.0961914 0.0917969 0.0185547 0.00144482
9 0.788574 0.599609 0.0869141 0.0742188 0.0015974
11 0.370117 0.106934 0.0839844 0.0263672 0.00162506
9 0.518555 0.333008 0.230469 0.158203 0.00163651
8 0.271484 0.490234 0.0117188 0.00976562 0.00165558
13 0.38916 0.331543 0.0693359 0.0634766 0.00166035
4 0.788574 0.599609 0.0869141 0.0742188 0.00166225
10 0.0888672 0.71582 0.0351562 0.0507812 0.00167179
1 0.779785 0.548828 0.186523 0.177734 0.00171566
9 0.773438 0.572754 0.134766 0.133789 0.0017519
11 0.952148 0.687012 0.0957031 0.0576172 0.00180054
9 0.883789 0.685547 0.123047 0.0605469 0.00180054
9 0.575195 0.306641 0.119141 0.117188 0.00180149
9 0.836426 0.682129 0.182617 0.0400391 0.00185871
13 0.794434 0.275391 0.0791016 0.0566406 0.00197601
11 0.0883789 0.714355 0.0341797 0.0498047 0.00204086
3 0.575684 0.309082 0.118164 0.12207 0.00205803
8 0.837891 0.569336 0.046875 0.0371094 0.00207138
0 0.591797 0.285645 0.078125 0.0712891 0.00210571
7 0.435059 0.358887 0.0771484 0.135742 0.00215721
11 0.588379 0.124023 0.0576172 0.0371094 0.00251007
8 0.17334 0.63623 0.0126953 0.0107422 0.00260735
3 0.518555 0.333008 0.230469 0.158203 0.00261879
13 0.422852 0.231445 0.0390625 0.0292969 0.0026722
9 0.0537109 0.662109 0.103516 0.0332031 0.0028038
13 0.304199 0.419922 0.124023 0.0527344 0.00293922
9 0.897461 0.689941 0.193359 0.0888672 0.00294685
8 0.790039 0.603516 0.0839844 0.0683594 0.00298309
9 0.434082 0.36084 0.0791016 0.137695 0.00311279
9 0.226074 0.668457 0.299805 0.102539 0.0031147
9 0.969238 0.696289 0.0615234 0.0546875 0.00340843
8 0.794434 0.554199 0.157227 0.166992 0.0036602
7 0.835938 0.560547 0.166016 0.183594 0.00380135
8 0.702637 0.587402 0.0283203 0.0283203 0.00426102
5 0.782227 0.458008 0.232422 0.369141 0.00474167
9 0.816406 0.554688 0.169922 0.171875 0.0050621
13 0.781738 0.595703 0.0927734 0.0839844 0.00509262
9 0.977051 0.682129 0.0458984 0.0439453 0.00510025
6 0.794922 0.591309 0.0917969 0.0888672 0.0069046
11 0.631348 0.109863 0.124023 0.0322266 0.00703812
7 0.794434 0.578125 0.120117 0.119141 0.00708008
13 0.779785 0.548828 0.186523 0.177734 0.008461
11 0.39502 0.102051 0.0947266 0.0224609 0.0103912
5 0.779785 0.548828 0.186523 0.177734 0.01194
4 0.775391 0.546875 0.189453 0.179688 0.0130844
7 0.788574 0.599609 0.0869141 0.0742188 0.0146408
9 0.951172 0.682129 0.0976562 0.0517578 0.0270386
6 0.779785 0.548828 0.186523 0.177734 0.0684204
0 0.518555 0.333008 0.230469 0.158203 0.0841064
7 0.775391 0.546875 0.189453 0.179688 0.0914307
3 0.545898 0.577148 0.404297 0.134766 0.182617
0 0.575195 0.303223 0.117188 0.110352 0.458252
