9 0.149414 0.440918 0.298828 0.610352 0.000100315
11 0.342773 0.128418 0.0683594 0.0205078 0.000100851
3 0.0556641 0.523438 0.111328 0.292969 0.000104725
2 0.672363 0.385254 0.0341797 0.0283203 0.000104964
2 0.602051 0.304688 0.0341797 0.0371094 0.000105202
13 0.742676 0.600586 0.0615234 0.101562 0.000106037
9 0.591797 0.487305 0.347656 0.455078 0.000106394
9 0.974121 0.0400391 0.0517578 0.0800781 0.000106454
2 0.570312 0.312988 0.105469 0.12793 0.000106871
7 0.575195 0.615234 0.390625 0.140625 0.000107408
9 0.688965 0.676758 0.0576172 0.0253906 0.000107944
13 0.770996 0.628906 0.161133 0.152344 0.0001086
7 0.737305 0.71582 0.265625 0.107422 0.000109673
5 0.765625 0.490234 0.285156 0.460938 0.000112236
9 0.43457 0.687012 0.0976562 0.116211 0.000113666
0 0.563965 0.287598 0.0517578 0.0634766 0.000114262
9 0.509766 0.366211 0.167969 0.208984 0.000114918
11 0.374512 0.139648 0.137695 0.0351562 0.000116706
0 0.589355 0.323242 0.0771484 0.144531 0.000117421
0 0.0556641 0.523438 0.111328 0.292969 0.00011754
9 0.374023 0.625488 0.0390625 0.0517578 0.000118911
11 0.379883 0.116211 0.09375 0.0175781 0.00011909
5 0.770996 0.628906 0.161133 0.152344 0.00012058
1 0.572754 0.614258 0.393555 0.144531 0.000121295
11 0.370117 0.132812 0.0664062 0.0214844 0.000122309
9 0.769531 0.633301 0.0898438 0.116211 0.000122666
6 0.569336 0.296387 0.101562 0.0927734 0.000125527
9 0.428223 0.607422 0.12793 0.201172 0.000126123
13 0.284668 0.148926 0.0732422 0.0595703 0.000129819
4 0.569336 0.291016 0.103516 0.0820312 0.000132322
9 0.479492 0.529785 0.181641 0.399414 0.000136733
8 0.415527 0.421387 0.0146484 0.0146484 0.000137925
11 0.400391 0.121582 0.103516 0.0263672 0.00014317
11 0.637695 0.125 0.0605469 0.0175781 0.000143528
13 0.961914 0.0415039 0.0761719 0.0830078 0.000143647
8 0.572754 0.614258 0.393555 0.144531 0.000144005
11 0.583984 0.120117 0.0566406 0.0273438 0.000144362
11 0.572754 0.614258 0.393555 0.144531 0.000148058
7 0.374023 0.625488 0.0429688 0.0537109 0.00015223
11 0.627441 0.120605 0.0517578 0.0166016 0.00015521
5 0.266113 0.506348 0.223633 0.331055 0.000156522
11 0.874512 0.747559 0.0458984 0.0732422 0.000157237
7 0.509277 0.845703 0.217773 0.28125 0.000161767
11 0.378906 0.121094 0.0585938 0.015625 0.000162005
9 0.693359 0.689453 0.140625 0.03125 0.000162363
10 0.262695 0.77002 0.3125 0.112305 0.000163436
11 0.269531 0.164062 0.0683594 0.0546875 0.000163555
8 0.707031 0.662109 0.0664062 0.046875 0.000166774
3 0.406738 0.833008 0.536133 0.306641 0.000167608
2 0.572754 0.614258 0.393555 0.144531 0.000169635
8 0.672363 0.385254 0.0341797 0.0283203 0.0001719
10 0.575195 0.615234 0.390625 0.140625 0.000172257
13 0.572754 0.614258 0.393555 0.144531 0.000174999
3 0.946289 0.478027 0.107422 0.272461 0.000175714
12 0.572754 0.614258 0.393555 0.144531 0.000178456
13 0.610352 0.613281 0.154297 0.171875 0.000182986
9 0.591309 0.655273 0.166992 0.0800781 0.000183463
13 0.792969 0.274414 0.0292969 0.0507812 0.000184417
8 0.393555 0.242188 0.0195312 0.0136719 0.000184774
11 0.322754 0.133301 0.0927734 0.0458984 0.000187278
9 0.46875 0.661621 0.113281 0.151367 0.000189424
11 0.605469 0.65625 0.0820312 0.0820312 0.000195622
5 0.97998 0.0297852 0.0400391 0.0595703 0.000204086
9 0.466309 0.651855 0.0712891 0.100586 0.000207901
8 0.711914 0.650391 0.0371094 0.03125 0.000208139
7 0.570312 0.296387 0.103516 0.0947266 0.000208378
12 0.570312 0.296387 0.103516 0.0947266 0.000210047
11 0.422363 0.13623 0.0615234 0.0185547 0.000212073
8 0.734375 0.682129 0.0195312 0.0146484 0.000214338
11 0.332031 0.143066 0.148438 0.0517578 0.000215292
3 0.164062 0.213379 0.328125 0.426758 0.00021565
11 0.133789 0.726074 0.0507812 0.0869141 0.000217557
9 0.594727 0.687012 0.0566406 0.0576172 0.000221491
7 0.68457 0.668457 0.128906 0.0458984 0.000223875
11 0.672363 0.132324 0.15332 0.0478516 0.000224471
12 0.298828 0.417969 0.3125 0.572266 0.000235558
11 0.679199 0.678223 0.133789 0.0322266 0.000236392
1 0.570801 0.303711 0.104492 0.107422 0.000238657
9 0.294434 0.70459 0.311523 0.125977 0.000241399
5 0.572754 0.614258 0.393555 0.144531 0.000250578
9 0.601074 0.67334 0.120117 0.0654297 0.000252962
9 0.548828 0.328125 0.15625 0.15625 0.000254869
5 0.569336 0.296387 0.101562 0.0927734 0.000257254
9 0.729492 0.452148 0.326172 0.539062 0.000262976
8 0.669434 0.303223 0.0185547 0.0146484 0.00026989
8 0.570801 0.303711 0.104492 0.107422 0.00027132
9 0.681152 0.666504 0.106445 0.0380859 0.000272036
13 0.570312 0.296387 0.103516 0.0947266 0.000277042
5 0.790527 0.560547 0.165039 0.277344 0.000304699
11 0.587891 0.129883 0.0546875 0.0253906 0.000329733
9 0.274414 0.416992 0.304688 0.574219 0.000336885
11 0.602051 0.677734 0.0361328 0.046875 0.000338793
9 0.653809 0.681152 0.295898 0.0986328 0.000343084
9 0.503418 0.686035 0.192383 0.37207 0.000345469
8 0.280273 0.545898 0.0136719 0.0136719 0.000352144
2 0.67334 0.385742 0.0205078 0.0175781 0.000353575
0 0.575195 0.615234 0.390625 0.140625 0.000363827
11 0.631348 0.126953 0.116211 0.0429688 0.000365734
10 0.871094 0.766602 0.0625 0.0957031 0.000385284
9 0.728516 0.708008 0.28125 0.117188 0.000402689
11 0.63623 0.110352 0.0908203 0.0214844 0.000425577
10 0.570312 0.303711 0.105469 0.107422 0.000433445
11 0.869141 0.771484 0.078125 0.0800781 0.000434399
8 0.384766 0.377441 0.015625 0.0166016 0.000435591
0 0.941406 0.446777 0.117188 0.266602 0.000451326
11 0.621582 0.115723 0.0498047 0.0126953 0.000460863
9 0.743652 0.833496 0.323242 0.282227 0.000474691
13 0.804199 0.253418 0.0361328 0.0380859 0.000486135
13 0.345215 0.559082 0.0654297 0.0830078 0.000511169
0 0.581543 0.276855 0.0732422 0.0556641 0.000511646
11 0.353516 0.121582 0.0917969 0.0205078 0.000522614
11 0.569336 0.296387 0.101562 0.0927734 0.000531673
10 0.13623 0.741699 0.0791016 0.0751953 0.000570774
5 0.961914 0.0415039 0.0761719 0.0830078 0.00070715
13 0.677734 0.260254 0.0585938 0.0888672 0.000711441
5 0.260742 0.58252 0.181641 0.172852 0.000722408
9 0.570801 0.293945 0.102539 0.0878906 0.000730038
9 0.574707 0.611328 0.37793 0.162109 0.000759602
11 0.13623 0.746094 0.0771484 0.0742188 0.000761986
0 0.916992 0.861816 0.166016 0.258789 0.00079298
13 0.725586 0.59082 0.123047 0.167969 0.000803471
0 0.0961914 0.432617 0.192383 0.623047 0.000806332
8 0.373047 0.627441 0.0390625 0.0458984 0.000820637
2 0.58252 0.288086 0.0810547 0.0742188 0.00082922
9 0.606445 0.670898 0.0605469 0.0546875 0.000852585
9 0.509277 0.845703 0.217773 0.28125 0.000867367
9 0.675781 0.67627 0.183594 0.0595703 0.00090456
11 0.378418 0.126953 0.0673828 0.015625 0.00103664
0 0.521484 0.378418 0.197266 0.266602 0.00139999
8 0.67334 0.385742 0.0224609 0.0195312 0.0014143
9 0.469727 0.671875 0.169922 0.222656 0.0015192
3 0.570312 0.296387 0.103516 0.0947266 0.00158787
11 0.401855 0.131348 0.0869141 0.0224609 0.00161171
13 0.769531 0.633301 0.0898438 0.116211 0.00162697
9 0.507812 0.422852 0.208984 0.373047 0.00179195
13 0.758789 0.617676 0.0546875 0.0810547 0.00188446
9 0.632812 0.680176 0.134766 0.0439453 0.00189686
11 0.298828 0.140137 0.0703125 0.0517578 0.00230789
11 0.608398 0.123535 0.078125 0.0283203 0.00238037
11 0.722168 0.145996 0.0849609 0.0595703 0.00269318
11 0.347656 0.131836 0.119141 0.0273438 0.00270081
9 0.760254 0.743164 0.239258 0.0996094 0.00379944
11 0.375 0.126465 0.115234 0.0224609 0.00393295
11 0.646973 0.123047 0.112305 0.0234375 0.00400925
0 0.548828 0.328125 0.15625 0.15625 0.00523376
9 0.679199 0.678223 0.133789 0.0322266 0.00531006
10 0.867676 0.767578 0.0439453 0.0605469 0.00551987
11 0.869141 0.768066 0.0449219 0.0615234 0.00707626
11 0.624023 0.116699 0.0839844 0.0185547 0.00886536
10 0.140625 0.749023 0.0449219 0.0546875 0.0154037
11 0.739258 0.157715 0.0625 0.0498047 0.0169067
11 0.282227 0.152344 0.0605469 0.0429688 0.0170593
11 0.140625 0.749023 0.0449219 0.0546875 0.0200958
3 0.572754 0.614258 0.393555 0.144531 0.15625
0 0.570801 0.293945 0.102539 0.0878906 0.4375
