6 0.744141 0.50293 0.146484 0.0878906 0.000140429
13 0.732422 0.351074 0.046875 0.0341797 0.000141025
9 0.401855 0.62793 0.12207 0.0546875 0.000143528
6 0.315918 0.45752 0.200195 0.0947266 0.000144601
9 0.769531 0.654785 0.199219 0.0595703 0.000146031
5 0.825195 0.17627 0.349609 0.307617 0.000146866
8 0.72168 0.663086 0.146484 0.0410156 0.000147343
1 0.835938 0.139648 0.328125 0.242188 0.000148416
13 0.38623 0.566895 0.112305 0.0654297 0.000150204
13 0.420898 0.631348 0.0703125 0.0361328 0.000153184
4 0.59668 0.350098 0.103516 0.108398 0.000154495
9 0.240234 0.590332 0.119141 0.204102 0.000156879
13 0.36084 0.56543 0.303711 0.265625 0.000157475
6 0.316895 0.566406 0.256836 0.238281 0.000157475
9 0.0537109 0.461426 0.103516 0.108398 0.000158072
10 0.280273 0.549316 0.189453 0.208008 0.00015831
6 0.279297 0.485352 0.142578 0.101562 0.000159264
11 0.388184 0.178223 0.0478516 0.0205078 0.00015986
8 0.825195 0.17627 0.349609 0.307617 0.000160813
13 0.259766 0.317383 0.0234375 0.0273438 0.000161171
11 0.362793 0.990234 0.133789 0.0195312 0.00016439
9 0.0683594 0.385742 0.136719 0.287109 0.000165224
9 0.565918 0.373535 0.170898 0.15332 0.000166416
13 0.764648 0.355957 0.03125 0.0634766 0.000166535
8 0.722168 0.599609 0.0185547 0.015625 0.000167012
13 0.767578 0.654785 0.1875 0.0498047 0.000167847
13 0.779785 0.32373 0.0400391 0.0341797 0.000172496
13 0.20459 0.114258 0.40918 0.199219 0.000173926
7 0.326172 0.441895 0.212891 0.188477 0.000174522
9 0.768066 0.63623 0.21582 0.168945 0.00017488
13 0.256348 0.32666 0.0283203 0.0380859 0.000175476
10 0.781738 0.428223 0.176758 0.28418 0.000176072
9 0.0927734 0.544434 0.185547 0.553711 0.000176549
7 0.24707 0.365723 0.0625 0.116211 0.000176668
13 0.734375 0.493164 0.128906 0.0859375 0.000178218
9 0.243652 0.508301 0.0947266 0.139648 0.000179648
10 0.696289 0.667969 0.185547 0.0449219 0.000180364
9 0.674805 0.678711 0.203125 0.0527344 0.000180483
13 0.759766 0.372559 0.0839844 0.139648 0.000180602
1 0.254883 0.501465 0.113281 0.143555 0.000181437
1 0.32373 0.672852 0.270508 0.0800781 0.000182748
11 0.320312 0.216309 0.0566406 0.0458984 0.000183821
13 0.925293 0.641602 0.0654297 0.0605469 0.000184178
9 0.342773 0.498535 0.142578 0.0869141 0.000184655
2 0.323242 0.671875 0.271484 0.0820312 0.000184774
8 0.51709 0.603516 0.0107422 0.00976562 0.000187755
2 0.314941 0.652344 0.209961 0.0390625 0.000188828
7 0.0620117 0.409668 0.124023 0.198242 0.000188828
9 0.283691 0.650391 0.133789 0.0273438 0.000191927
9 0.0478516 0.500977 0.0957031 0.0917969 0.000191927
13 0.3125 0.635742 0.269531 0.146484 0.000192881
9 0.158203 0.235352 0.0644531 0.0449219 0.000194788
8 0.321289 0.5625 0.263672 0.267578 0.000196218
7 0.250977 0.546387 0.144531 0.233398 0.000197172
12 0.72168 0.666992 0.154297 0.0410156 0.000198841
8 0.359375 0.276855 0.0117188 0.0107422 0.000199437
8 0.680664 0.498535 0.0429688 0.0556641 0.000199556
13 0.274414 0.341797 0.03125 0.0566406 0.000200033
9 0.24707 0.646484 0.125 0.0839844 0.000201106
12 0.825195 0.17627 0.349609 0.307617 0.000201464
9 0.522949 0.177734 0.0283203 0.0234375 0.000201702
8 0.641113 0.348145 0.0126953 0.0107422 0.000204682
11 0.768066 0.28418 0.0888672 0.09375 0.000206709
9 0.232422 0.23291 0.464844 0.46582 0.000207067
4 0.835938 0.139648 0.328125 0.242188 0.000208259
9 0.773438 0.331543 0.0566406 0.0517578 0.000208735
1 0.308594 0.572754 0.259766 0.280273 0.000211
7 0.263184 0.330566 0.0224609 0.0380859 0.000211716
8 0.19873 0.664551 0.0322266 0.0458984 0.000212073
11 0.594727 0.205566 0.0527344 0.0478516 0.000214577
7 0.264648 0.345703 0.0332031 0.0722656 0.000216484
7 0.597168 0.342773 0.100586 0.0917969 0.000216722
9 0.682129 0.503418 0.0576172 0.0732422 0.00022006
11 0.835938 0.139648 0.328125 0.242188 0.000220418
9 0.744629 0.502441 0.135742 0.0869141 0.00022161
11 0.254883 0.501465 0.113281 0.143555 0.000221968
13 0.281738 0.649414 0.0693359 0.0214844 0.000222325
9 0.600586 0.583984 0.271484 0.167969 0.000225186
13 0.249023 0.505371 0.103516 0.135742 0.000226498
12 0.596191 0.349609 0.104492 0.107422 0.000227094
9 0.258789 0.345215 0.0371094 0.0791016 0.000229478
9 0.40625 0.522461 0.0703125 0.0898438 0.000231624
10 0.323242 0.671875 0.271484 0.0820312 0.000236869
9 0.530273 0.60791 0.152344 0.268555 0.000237107
4 0.31543 0.458984 0.205078 0.101562 0.000237584
9 0.430664 0.62207 0.0703125 0.0449219 0.000238299
7 0.811523 0.538574 0.123047 0.174805 0.000239849
10 0.383301 0.880371 0.374023 0.225586 0.000240564
11 0.601074 0.164551 0.0498047 0.0185547 0.000241876
7 0.307129 0.473633 0.116211 0.0761719 0.000244617
1 0.59668 0.350098 0.103516 0.108398 0.000245571
9 0.63916 0.348145 0.00878906 0.00878906 0.000247478
13 0.310059 0.264648 0.0400391 0.0273438 0.000250816
9 0.812012 0.539062 0.116211 0.136719 0.000252485
6 0.422852 0.519043 0.0898438 0.124023 0.000253677
11 0.342773 0.647461 0.130859 0.0234375 0.000253677
5 0.59668 0.350098 0.103516 0.108398 0.0002563
7 0.325684 0.641113 0.262695 0.0634766 0.000256538
10 0.182617 0.744141 0.0253906 0.0292969 0.000258446
2 0.835938 0.139648 0.328125 0.242188 0.000259876
7 0.781738 0.474121 0.120117 0.0771484 0.000262499
9 0.328125 0.457031 0.214844 0.0957031 0.000263929
9 0.333008 0.804199 0.273438 0.237305 0.000264883
13 0.748535 0.352051 0.0595703 0.0439453 0.000266075
4 0.279785 0.504883 0.143555 0.0878906 0.000272512
9 0.85498 0.34375 0.0478516 0.0390625 0.000272989
9 0.787598 0.366211 0.0908203 0.134766 0.000280142
0 0.62207 0.367676 0.203125 0.165039 0.00028038
8 0.502441 0.56543 0.0380859 0.0253906 0.000284433
9 0.749512 0.353027 0.256836 0.34668 0.000285864
5 0.204102 0.105469 0.408203 0.191406 0.000286579
11 0.792969 0.413086 0.148438 0.277344 0.000287533
13 0.36377 0.63916 0.182617 0.0439453 0.000287533
11 0.350098 0.199707 0.0615234 0.0341797 0.000291348
7 0.735352 0.501953 0.142578 0.0820312 0.000292301
9 0.32373 0.428711 0.237305 0.232422 0.000293732
11 0.76709 0.544922 0.208008 0.210938 0.00029397
7 0.293457 0.64502 0.186523 0.0380859 0.00031662
13 0.596191 0.349609 0.104492 0.107422 0.000317335
11 0.723145 0.203125 0.0537109 0.0410156 0.000319004
6 0.837402 0.139648 0.325195 0.25 0.00032115
11 0.388672 0.183105 0.0683594 0.0185547 0.00032568
9 0.269531 0.536133 0.154297 0.173828 0.000326633
11 0.325684 0.641113 0.262695 0.0634766 0.000326872
13 0.65918 0.297363 0.046875 0.0927734 0.000332355
7 0.824707 0.487305 0.0966797 0.111328 0.00033474
4 0.316895 0.566406 0.256836 0.238281 0.000335693
13 0.835938 0.139648 0.328125 0.242188 0.000336409
8 0.59668 0.350098 0.103516 0.108398 0.000339508
10 0.321777 0.600586 0.290039 0.294922 0.000342607
13 0.338867 0.29834 0.101562 0.0556641 0.000347614
9 0.26416 0.330078 0.0224609 0.0390625 0.000348806
13 0.208496 0.67041 0.0498047 0.0400391 0.000350475
9 0.503418 0.566406 0.0400391 0.03125 0.000360012
2 0.648926 0.390625 0.0283203 0.0214844 0.000360489
5 0.813477 0.097168 0.373047 0.194336 0.000360966
12 0.297852 0.632812 0.244141 0.130859 0.00036335
3 0.196777 0.111328 0.393555 0.191406 0.000366688
2 0.72168 0.663086 0.146484 0.0410156 0.000370502
7 0.199219 0.664551 0.0332031 0.0458984 0.000375509
10 0.754395 0.533691 0.262695 0.262695 0.000377178
12 0.770508 0.293457 0.107422 0.133789 0.000379324
12 0.773926 0.416992 0.192383 0.332031 0.000382662
7 0.40625 0.522461 0.0703125 0.0898438 0.000383854
9 0.740234 0.677246 0.181641 0.0419922 0.000384331
8 0.708984 0.566406 0.0351562 0.0351562 0.000404358
7 0.75293 0.470703 0.134766 0.113281 0.000407219
9 0.0776367 0.496094 0.155273 0.179688 0.000408411
11 0.59668 0.350098 0.103516 0.108398 0.000409126
9 0.200684 0.63916 0.0478516 0.106445 0.000409126
13 0.291992 0.630371 0.207031 0.0830078 0.00041461
6 0.751953 0.541992 0.228516 0.191406 0.000416756
7 0.765625 0.302734 0.101562 0.130859 0.000416756
12 0.773926 0.561035 0.198242 0.237305 0.000426292
13 0.28125 0.351074 0.0585938 0.0810547 0.000426769
11 0.26416 0.328125 0.0283203 0.0371094 0.000430822
13 0.337402 0.491699 0.149414 0.0888672 0.000436783
7 0.324219 0.638672 0.28125 0.148438 0.000445604
7 0.330566 0.498535 0.151367 0.0986328 0.00044632
10 0.59668 0.350098 0.103516 0.108398 0.000458002
2 0.596191 0.342773 0.102539 0.09375 0.000458717
11 0.182617 0.744141 0.0253906 0.0292969 0.000458956
9 0.646973 0.387695 0.0185547 0.0136719 0.00046277
13 0.308594 0.294922 0.0644531 0.046875 0.0004704
13 0.302246 0.259277 0.0205078 0.0146484 0.000478029
2 0.263184 0.328613 0.0224609 0.0341797 0.000484943
9 0.739258 0.26123 0.0410156 0.0400391 0.00048542
9 0.279785 0.641602 0.166992 0.0527344 0.000499249
11 0.451172 0.168457 0.046875 0.0146484 0.000502586
9 0.275879 0.632324 0.198242 0.157227 0.00050354
7 0.350098 0.649414 0.180664 0.0371094 0.000510693
7 0.740234 0.261719 0.0410156 0.0390625 0.000523567
9 0.37207 0.521484 0.191406 0.140625 0.000544071
8 0.76709 0.544922 0.208008 0.210938 0.000545502
11 0.422852 0.177734 0.0839844 0.0214844 0.000547886
9 0.192383 0.653809 0.0292969 0.0712891 0.00054884
9 0.981934 0.0112305 0.0166016 0.0205078 0.000549316
11 0.628418 0.188477 0.0498047 0.0136719 0.000555038
13 0.342773 0.647461 0.130859 0.0234375 0.000555992
9 0.735352 0.676758 0.195312 0.0878906 0.000572205
13 0.37793 0.504883 0.179688 0.154297 0.000580788
12 0.325684 0.641113 0.262695 0.0634766 0.000583172
13 0.39502 0.529297 0.112305 0.119141 0.000586033
9 0.765625 0.302734 0.101562 0.130859 0.000590324
7 0.249023 0.505371 0.103516 0.135742 0.000600338
8 0.648926 0.390625 0.0283203 0.0214844 0.000606537
13 0.724609 0.660156 0.136719 0.0371094 0.000609398
9 0.24707 0.365723 0.0625 0.116211 0.000621319
9 0.291504 0.669434 0.151367 0.0634766 0.000621796
9 0.706055 0.664551 0.119141 0.0283203 0.000625134
9 0.0292969 0.484375 0.0585938 0.0898438 0.000635624
9 0.748047 0.835938 0.261719 0.285156 0.000648975
11 0.39209 0.191895 0.104492 0.0224609 0.000664711
11 0.323242 0.671875 0.271484 0.0820312 0.000664711
13 0.266602 0.641113 0.138672 0.0419922 0.000671387
7 0.370605 0.521484 0.196289 0.140625 0.000676632
11 0.612305 0.194336 0.0878906 0.0390625 0.000677586
8 0.437012 0.448242 0.0166016 0.0136719 0.000683308
9 0.206543 0.667969 0.0498047 0.0429688 0.000696659
7 0.793457 0.501953 0.108398 0.09375 0.00069809
4 0.751953 0.541504 0.230469 0.192383 0.00070715
13 0.770996 0.33252 0.0478516 0.0498047 0.000713825
8 0.736328 0.263184 0.03125 0.0361328 0.000741482
9 0.761719 0.542969 0.224609 0.195312 0.00075531
13 0.402344 0.532715 0.0664062 0.0791016 0.000775814
3 0.59668 0.350098 0.103516 0.108398 0.000817299
12 0.300781 0.651367 0.197266 0.0371094 0.00082016
7 0.782715 0.423828 0.172852 0.289062 0.00082159
11 0.40332 0.188477 0.0683594 0.0136719 0.000832081
0 0.609375 0.32373 0.0664062 0.0517578 0.000855446
9 0.319824 0.723633 0.28418 0.212891 0.000877857
13 0.335449 0.3125 0.0732422 0.03125 0.000938416
13 0.279785 0.492188 0.141602 0.0898438 0.000947475
9 0.59668 0.350098 0.103516 0.108398 0.000950336
8 0.634766 0.349609 0.015625 0.0136719 0.000967503
9 0.540527 0.496582 0.170898 0.379883 0.000999451
7 0.720703 0.666504 0.150391 0.0400391 0.00104904
9 0.77002 0.35791 0.0615234 0.0927734 0.00105476
0 0.304688 0.500488 0.207031 0.166992 0.00112152
11 0.645996 0.187012 0.0478516 0.0126953 0.00117016
9 0.279785 0.504883 0.143555 0.0878906 0.00117683
9 0.783691 0.35498 0.12793 0.22168 0.00118637
11 0.635254 0.179688 0.106445 0.0234375 0.00120544
12 0.308594 0.572754 0.259766 0.280273 0.00121117
0 0.779785 0.499512 0.168945 0.125977 0.00121307
13 0.259766 0.361816 0.0507812 0.106445 0.00123119
11 0.433105 0.17041 0.0830078 0.0185547 0.00127983
13 0.401855 0.629883 0.118164 0.0488281 0.00133133
3 0.302734 0.499512 0.205078 0.15918 0.00134754
11 0.601562 0.194824 0.0527344 0.0244141 0.00137806
8 0.63916 0.347656 0.00878906 0.0078125 0.00147152
5 0.791016 0.500488 0.160156 0.124023 0.00148487
13 0.437012 0.616699 0.0693359 0.0517578 0.00153828
12 0.3125 0.498535 0.222656 0.157227 0.00153923
9 0.739746 0.657715 0.155273 0.0341797 0.00154209
7 0.311523 0.660645 0.210938 0.0556641 0.00156498
2 0.303223 0.501465 0.202148 0.15918 0.00156784
9 0.426758 0.516113 0.0878906 0.139648 0.00158596
2 0.634766 0.349609 0.015625 0.0136719 0.0015974
11 0.708496 0.663086 0.161133 0.0410156 0.00160885
11 0.707031 0.196289 0.0664062 0.0371094 0.00164509
13 0.269531 0.328613 0.0488281 0.0478516 0.00164509
9 0.374512 0.64209 0.176758 0.0439453 0.00165081
12 0.779785 0.499512 0.168945 0.125977 0.00175762
9 0.336914 0.648438 0.134766 0.0253906 0.00180531
11 0.334961 0.206543 0.0605469 0.0400391 0.00181103
2 0.778809 0.5 0.168945 0.128906 0.00195026
0 0.563965 0.363281 0.172852 0.132812 0.00195503
5 0.304688 0.500488 0.207031 0.166992 0.00204468
13 0.769043 0.358887 0.0498047 0.0966797 0.00204849
9 0.338379 0.641113 0.280273 0.100586 0.00211334
3 0.779785 0.499512 0.168945 0.125977 0.00214195
11 0.305664 0.650391 0.191406 0.0371094 0.00226021
11 0.414551 0.185547 0.0927734 0.0253906 0.002388
10 0.876465 0.756348 0.0244141 0.0283203 0.00241089
13 0.415039 0.505859 0.0761719 0.107422 0.00244522
11 0.876465 0.756348 0.0244141 0.0283203 0.00250816
3 0.604492 0.602051 0.3125 0.129883 0.00257492
7 0.316895 0.566406 0.256836 0.238281 0.00258064
7 0.751465 0.543945 0.231445 0.21875 0.00263405
2 0.647461 0.387207 0.0175781 0.0126953 0.00269699
7 0.279785 0.504883 0.143555 0.0878906 0.0028019
7 0.305664 0.458496 0.193359 0.0986328 0.00304794
7 0.426758 0.516113 0.0878906 0.139648 0.00320053
2 0.63916 0.348145 0.00878906 0.00878906 0.00322342
12 0.331543 0.671875 0.274414 0.0839844 0.0033493
11 0.310059 0.505371 0.223633 0.163086 0.00341988
9 0.321289 0.5625 0.263672 0.267578 0.003479
10 0.187012 0.73291 0.0302734 0.0380859 0.00406647
11 0.78125 0.493652 0.166016 0.118164 0.00437546
13 0.321777 0.305176 0.0478516 0.0302734 0.00450134
11 0.660645 0.189453 0.139648 0.03125 0.00475311
9 0.782715 0.423828 0.172852 0.289062 0.00511169
11 0.187012 0.73291 0.0302734 0.0380859 0.00535202
13 0.264648 0.344727 0.0332031 0.0722656 0.00547028
10 0.78125 0.501953 0.171875 0.130859 0.00764465
11 0.662109 0.187012 0.0859375 0.0185547 0.00812531
8 0.646973 0.387207 0.0166016 0.0126953 0.00933838
13 0.305664 0.650391 0.191406 0.0371094 0.00981903
13 0.309082 0.495117 0.211914 0.150391 0.00985718
13 0.775391 0.503418 0.183594 0.12207 0.0109329
1 0.308594 0.503418 0.210938 0.165039 0.0127411
1 0.775391 0.50293 0.181641 0.121094 0.0129318
9 0.779785 0.499512 0.168945 0.125977 0.0132904
10 0.309082 0.49707 0.213867 0.160156 0.0141296
9 0.325195 0.651367 0.220703 0.0410156 0.0153122
8 0.296875 0.500977 0.193359 0.158203 0.0177765
9 0.323242 0.671875 0.271484 0.0820312 0.0211639
13 0.26416 0.330566 0.0224609 0.0380859 0.0266266
9 0.3125 0.498047 0.216797 0.154297 0.0288849
6 0.303223 0.501465 0.202148 0.15918 0.0362854
8 0.783203 0.494629 0.169922 0.116211 0.0370789
6 0.78418 0.5 0.171875 0.125 0.0431519
11 0.631348 0.188477 0.0908203 0.0234375 0.0517883
9 0.70752 0.66748 0.174805 0.0439453 0.0647583
4 0.302246 0.503906 0.198242 0.154297 0.0858154
4 0.78125 0.500977 0.171875 0.123047 0.104492
7 0.774902 0.503906 0.18457 0.123047 0.269043
7 0.305176 0.503906 0.211914 0.162109 0.306641
0 0.597168 0.342773 0.100586 0.0917969 0.400879
