12 0.174316 0.411621 0.342773 0.577148 0.000100493
3 0.0605469 0.841309 0.121094 0.264648 0.000101268
11 0.691895 0.185059 0.161133 0.133789 0.000102401
11 0.744629 0.203125 0.0986328 0.113281 0.00010258
0 0.916016 0.791992 0.167969 0.359375 0.000103116
8 0.753418 0.597656 0.0419922 0.0371094 0.000105202
11 0.409668 0.202148 0.12793 0.109375 0.000105381
11 0.84375 0.705566 0.046875 0.0615234 0.000106394
9 0.163086 0.578125 0.0175781 0.0234375 0.000106633
9 0.852051 0.644043 0.0185547 0.0185547 0.000107169
9 0.196777 0.622559 0.0556641 0.0576172 0.000107348
0 0.897949 0.896973 0.204102 0.19043 0.000107944
13 0.845215 0.245117 0.30957 0.490234 0.000109732
12 0.916016 0.791992 0.167969 0.359375 0.000110328
8 0.749512 0.252441 0.0458984 0.0537109 0.000111163
13 0.362793 0.327148 0.0537109 0.0449219 0.000111401
13 0.400391 0.291016 0.0878906 0.0859375 0.000111461
0 0.595703 0.312988 0.0625 0.0810547 0.000112355
13 0.768066 0.414062 0.0322266 0.0175781 0.000113487
5 0.0576172 0.889648 0.111328 0.212891 0.000113785
0 0.886719 0.411133 0.226562 0.5625 0.000116587
9 0.74707 0.251465 0.0507812 0.0537109 0.000116706
9 0.202637 0.438965 0.405273 0.555664 0.000116706
3 0.986816 0.400879 0.0263672 0.145508 0.00011766
9 0.520508 0.755371 0.175781 0.157227 0.000120103
8 0.770508 0.579102 0.0175781 0.0195312 0.000120759
8 0.463867 0.291016 0.0253906 0.0195312 0.000123024
9 0.344238 0.626465 0.114258 0.0380859 0.000123262
3 0.771973 0.133789 0.428711 0.267578 0.00012362
9 0.550293 0.563965 0.24707 0.24707 0.000127554
3 0.130371 0.984863 0.0517578 0.0224609 0.000128508
9 0.552734 0.619629 0.046875 0.0537109 0.000129223
10 0.44043 0.63916 0.0683594 0.0966797 0.00012958
11 0.425293 0.161133 0.0498047 0.0214844 0.000130415
5 0.305664 0.472168 0.107422 0.0849609 0.000135303
4 0.438965 0.63916 0.0712891 0.0830078 0.000138402
13 0.404785 0.227539 0.0849609 0.123047 0.00014019
9 0.874512 0.574219 0.0166016 0.0390625 0.000142455
7 0.749512 0.249512 0.0419922 0.0517578 0.000144839
9 0.164062 0.587891 0.0136719 0.00976562 0.000144839
11 0.44043 0.179688 0.0722656 0.0488281 0.000145793
10 0.20459 0.724609 0.0263672 0.03125 0.000148654
8 0.418457 0.262207 0.0107422 0.00878906 0.000151634
9 0.164551 0.564941 0.0224609 0.0478516 0.000151753
13 0.652832 0.250488 0.0927734 0.12793 0.000151992
13 0.32959 0.527344 0.165039 0.220703 0.000152349
13 0.295898 0.474609 0.103516 0.0527344 0.000154376
13 0.933594 0.175781 0.132812 0.351562 0.000156999
5 0.349121 0.577148 0.204102 0.179688 0.000157237
3 0.130371 0.586914 0.260742 0.449219 0.000158429
8 0.772949 0.575684 0.00878906 0.00878906 0.000158548
8 0.467773 0.297852 0.0332031 0.0351562 0.000162125
11 0.414062 0.155273 0.0507812 0.0136719 0.000162244
12 0.44043 0.632812 0.0683594 0.0761719 0.000162601
0 0.61084 0.320312 0.274414 0.220703 0.000162721
8 0.610352 0.363281 0.0546875 0.0546875 0.000163317
10 0.21582 0.702148 0.0351562 0.0507812 0.00017035
11 0.41748 0.636719 0.0673828 0.0644531 0.000171661
7 0.450195 0.621582 0.0585938 0.0556641 0.000172615
13 0.37207 0.337891 0.0449219 0.0371094 0.00017333
3 0.25 0.154785 0.5 0.28418 0.000175714
9 0.347168 0.587402 0.209961 0.163086 0.000179648
11 0.21582 0.702148 0.0351562 0.0507812 0.000185013
11 0.916016 0.791992 0.167969 0.359375 0.000186801
2 0.602539 0.306641 0.0351562 0.0390625 0.000187159
0 0.586426 0.293457 0.0517578 0.0673828 0.000189424
9 0.489746 0.60498 0.166992 0.180664 0.0001899
9 0.425781 0.650879 0.0839844 0.104492 0.000192404
8 0.799316 0.62793 0.0361328 0.03125 0.000193715
9 0.43457 0.246582 0.0761719 0.149414 0.000197172
9 0.205078 0.637207 0.0390625 0.0341797 0.000200391
9 0.839844 0.634766 0.0429688 0.0390625 0.000203013
8 0.779785 0.620117 0.0185547 0.0175781 0.000203252
13 0.391602 0.266602 0.130859 0.158203 0.000205398
9 0.565918 0.634277 0.0595703 0.0771484 0.000210285
11 0.635254 0.15332 0.0751953 0.0253906 0.000222325
11 0.712402 0.166504 0.0673828 0.0517578 0.000223279
7 0.349121 0.577148 0.204102 0.179688 0.00022471
11 0.20459 0.724609 0.0263672 0.03125 0.000230789
13 0.252441 0.449219 0.0283203 0.0175781 0.000233769
13 0.401367 0.338379 0.134766 0.182617 0.000234365
9 0.351074 0.626465 0.231445 0.0576172 0.00023675
13 0.750977 0.598145 0.0449219 0.0458984 0.000248194
13 0.956543 0.161133 0.0830078 0.0390625 0.000253201
8 0.672363 0.321289 0.0205078 0.0175781 0.000254631
9 0.499512 0.674805 0.166992 0.207031 0.000254631
6 0.326172 0.540039 0.148438 0.181641 0.000267982
9 0.647949 0.670898 0.21582 0.0800781 0.000268459
9 0.844238 0.560059 0.0537109 0.178711 0.000271797
0 0.528809 0.297363 0.161133 0.110352 0.000273943
9 0.867676 0.594727 0.0107422 0.00976562 0.000275135
9 0.473145 0.793457 0.0751953 0.0341797 0.000277758
1 0.44043 0.632812 0.0683594 0.0761719 0.000283718
7 0.802246 0.628906 0.0244141 0.0214844 0.000284672
6 0.583496 0.300293 0.0947266 0.110352 0.000290871
7 0.754395 0.525391 0.129883 0.21875 0.000294685
13 0.447754 0.226562 0.0556641 0.107422 0.000294924
11 0.407715 0.150391 0.0966797 0.0195312 0.000294924
9 0.342773 0.435547 0.246094 0.419922 0.000298262
0 0.93457 0.84082 0.115234 0.144531 0.000304222
0 0.196289 0.413574 0.333984 0.538086 0.000306606
13 0.370117 0.322754 0.130859 0.0986328 0.000311852
9 0.867676 0.594238 0.0146484 0.0166016 0.000319004
11 0.844238 0.560059 0.0537109 0.178711 0.000319242
3 0.571777 0.636719 0.15918 0.0878906 0.000325918
9 0.70166 0.419922 0.254883 0.480469 0.000328779
11 0.583984 0.183105 0.0566406 0.0751953 0.000335932
10 0.833984 0.69873 0.0488281 0.0615234 0.000357866
4 0.583496 0.300293 0.0947266 0.110352 0.000357866
13 0.385254 0.344727 0.0673828 0.0566406 0.000364304
9 0.745117 0.498047 0.166016 0.289062 0.000365257
13 0.370605 0.333984 0.0244141 0.03125 0.000366449
2 0.607422 0.307617 0.0214844 0.0253906 0.000375748
8 0.753418 0.523926 0.0205078 0.0166016 0.000382662
7 0.583496 0.300293 0.0947266 0.110352 0.000386715
11 0.834473 0.689941 0.0400391 0.0634766 0.000397444
5 0.303223 0.576172 0.129883 0.128906 0.000409126
7 0.452148 0.624023 0.101562 0.15625 0.000416756
12 0.583496 0.300293 0.0947266 0.110352 0.000431538
9 0.32666 0.541016 0.143555 0.179688 0.000439167
8 0.653809 0.402344 0.0126953 0.0117188 0.000459671
13 0.273438 0.465332 0.0664062 0.0400391 0.000462532
5 0.583496 0.300293 0.0947266 0.110352 0.000470161
9 0.547363 0.322754 0.182617 0.166992 0.000471354
11 0.73584 0.179688 0.0615234 0.0605469 0.00050354
11 0.386719 0.15918 0.0605469 0.0214844 0.00051403
9 0.802246 0.629395 0.0244141 0.0205078 0.00055933
5 0.758301 0.540527 0.124023 0.194336 0.000564098
9 0.572266 0.635254 0.300781 0.124023 0.000565052
1 0.583496 0.300293 0.0947266 0.110352 0.000576019
11 0.828125 0.57373 0.03125 0.145508 0.00058794
11 0.430664 0.154297 0.0488281 0.015625 0.000592232
13 0.412109 0.320312 0.101562 0.105469 0.000610352
11 0.320801 0.191895 0.0576172 0.0595703 0.000618935
5 0.719727 0.441406 0.228516 0.410156 0.000621319
9 0.849609 0.624512 0.0371094 0.0634766 0.000631809
13 0.583496 0.300293 0.0947266 0.110352 0.000631809
8 0.773438 0.572266 0.0117188 0.0117188 0.000632286
11 0.45752 0.171387 0.0478516 0.0400391 0.000636578
11 0.641113 0.143066 0.106445 0.0224609 0.000677586
8 0.44043 0.632812 0.0683594 0.0761719 0.000712872
8 0.583496 0.300293 0.0947266 0.110352 0.000724792
9 0.458008 0.621094 0.0566406 0.0507812 0.000778675
13 0.287598 0.469727 0.0830078 0.0234375 0.000817299
9 0.532227 0.439453 0.195312 0.4375 0.000817299
8 0.769531 0.595703 0.0195312 0.0175781 0.000854492
11 0.583496 0.300293 0.0947266 0.110352 0.0008564
11 0.64502 0.169922 0.165039 0.0585938 0.000881195
2 0.58252 0.293945 0.0947266 0.0996094 0.000905037
13 0.647949 0.582031 0.0654297 0.113281 0.000994682
11 0.6875 0.150879 0.0683594 0.0341797 0.00100517
9 0.56543 0.626465 0.158203 0.102539 0.00100803
10 0.583496 0.300293 0.0947266 0.110352 0.00104141
11 0.61377 0.157715 0.0869141 0.0380859 0.00107002
9 0.347168 0.655762 0.272461 0.143555 0.00110245
0 0.543457 0.363281 0.204102 0.238281 0.00114441
11 0.384277 0.172852 0.139648 0.0488281 0.00115013
11 0.660645 0.148438 0.0751953 0.0234375 0.00117397
11 0.749023 0.197266 0.0683594 0.0722656 0.00118828
9 0.583496 0.300293 0.0947266 0.110352 0.00143242
13 0.648438 0.242188 0.0449219 0.123047 0.00145912
10 0.839844 0.704102 0.0273438 0.0410156 0.00150967
11 0.720215 0.179688 0.100586 0.0820312 0.00166416
10 0.209961 0.715332 0.03125 0.0439453 0.00167561
0 0.597168 0.276367 0.0615234 0.0625 0.00170326
13 0.443359 0.62207 0.0625 0.0703125 0.00182438
8 0.400879 0.538086 0.0205078 0.0175781 0.0018568
5 0.348145 0.453125 0.225586 0.382812 0.00196838
11 0.209961 0.715332 0.03125 0.0458984 0.00209618
11 0.344727 0.175293 0.0761719 0.0576172 0.00211716
3 0.583496 0.300293 0.0947266 0.110352 0.00215149
9 0.450195 0.631348 0.107422 0.149414 0.00221062
11 0.59668 0.167969 0.0683594 0.046875 0.00228691
11 0.839844 0.704102 0.0273438 0.0410156 0.00231171
11 0.44043 0.632812 0.0683594 0.0761719 0.00238228
11 0.435547 0.164062 0.078125 0.0351562 0.00240326
13 0.431641 0.255371 0.0820312 0.15918 0.00307465
2 0.442871 0.62793 0.0654297 0.0683594 0.00334167
7 0.438965 0.638184 0.0712891 0.0869141 0.00353813
3 0.572266 0.624023 0.3125 0.126953 0.00424957
8 0.802246 0.628906 0.0244141 0.0214844 0.00495529
11 0.420898 0.156738 0.0800781 0.0205078 0.00537491
11 0.684082 0.159668 0.110352 0.0517578 0.00663376
5 0.314941 0.516113 0.151367 0.227539 0.00695038
11 0.367188 0.164551 0.0820312 0.0380859 0.0164185
0 0.569336 0.314941 0.134766 0.151367 0.0217438
11 0.651367 0.152832 0.138672 0.0341797 0.0277252
11 0.396484 0.161133 0.119141 0.0292969 0.0358276
9 0.443848 0.632324 0.0693359 0.0732422 0.0402527
0 0.583496 0.291504 0.0927734 0.0947266 0.583008
