1 0.175781 0.248535 0.351562 0.444336 0.000100195
9 0.257812 0.95459 0.337891 0.0849609 0.000100851
10 0.543945 0.318359 0.199219 0.169922 0.000101686
13 0.291504 0.304199 0.0732422 0.0576172 0.000102162
11 0.440918 0.138672 0.0458984 0.0253906 0.00010258
11 0.388672 0.127441 0.0683594 0.0205078 0.000103116
3 0.57959 0.636719 0.350586 0.144531 0.000103891
8 0.26416 0.487305 0.0126953 0.0117188 0.00010407
12 0.741211 0.126465 0.445312 0.25293 0.000104725
8 0.368164 0.600098 0.0429688 0.0361328 0.000105858
13 0.230469 0.419434 0.0546875 0.0166016 0.000106692
9 0.293457 0.556152 0.149414 0.204102 0.000109494
13 0.773926 0.663086 0.0283203 0.0273438 0.00011152
5 0.16748 0.536133 0.290039 0.324219 0.000111938
2 0.604492 0.317871 0.03125 0.0263672 0.000112593
0 0.88623 0.411133 0.227539 0.642578 0.000118494
10 0.0708008 0.745605 0.0380859 0.0615234 0.000119746
8 0.286133 0.601562 0.015625 0.015625 0.000122309
13 0.633789 0.503418 0.0351562 0.0166016 0.000124454
7 0.310547 0.560059 0.0703125 0.0419922 0.000127435
11 0.0693359 0.746094 0.0390625 0.0605469 0.000128865
5 0.746094 0.426758 0.326172 0.544922 0.000136018
8 0.175781 0.248535 0.351562 0.444336 0.000137806
13 0.393555 0.300293 0.0839844 0.0849609 0.000138164
1 0.400879 0.134277 0.104492 0.0244141 0.000139236
9 0.576172 0.317383 0.183594 0.162109 0.000139475
3 0.601074 0.981445 0.407227 0.0351562 0.000141144
13 0.310547 0.560059 0.0703125 0.0419922 0.000146627
13 0.285645 0.291992 0.0439453 0.0527344 0.000149965
8 0.445312 0.396973 0.0703125 0.12207 0.000155568
9 0.258789 0.850586 0.392578 0.265625 0.000155687
13 0.676758 0.253906 0.015625 0.0195312 0.000163555
2 0.175781 0.248535 0.351562 0.444336 0.00016439
12 0.209961 0.324219 0.419922 0.648438 0.000166774
11 0.175781 0.248535 0.351562 0.444336 0.000166774
11 0.412598 0.137207 0.0498047 0.0166016 0.000170112
0 0.521973 0.437988 0.227539 0.40332 0.000172257
8 0.180176 0.617188 0.0341797 0.03125 0.000175118
0 0.137207 0.429199 0.274414 0.483398 0.000184298
9 0.00830078 0.349121 0.0166016 0.0224609 0.00018549
2 0.602539 0.268555 0.0488281 0.0410156 0.000187874
5 0.800781 0.556152 0.189453 0.256836 0.000187993
8 0.657227 0.23877 0.0273438 0.0126953 0.0001899
11 0.381836 0.137207 0.0488281 0.0205078 0.000194192
8 0.377441 0.392578 0.0263672 0.0332031 0.00019598
0 0.0483398 0.92041 0.0966797 0.151367 0.000201106
8 0.67627 0.254883 0.0166016 0.0234375 0.000201702
2 0.606445 0.305664 0.0390625 0.0488281 0.000211835
11 0.59082 0.160156 0.0527344 0.0332031 0.000212312
0 0.595703 0.334473 0.078125 0.18457 0.000214219
13 0.355469 0.563965 0.0332031 0.0498047 0.000225544
8 0.390625 0.449707 0.0449219 0.0341797 0.000234485
13 0.75293 0.253418 0.0605469 0.0517578 0.000239849
8 0.242188 0.554199 0.0136719 0.0107422 0.000240684
0 0.580566 0.302734 0.0615234 0.078125 0.000240803
9 0.377441 0.391113 0.0205078 0.0185547 0.000245094
7 0.440918 0.394043 0.0654297 0.124023 0.000246286
10 0.234863 0.910156 0.31543 0.167969 0.000255823
8 0.61377 0.263672 0.0166016 0.015625 0.000257015
11 0.411621 0.127441 0.0712891 0.0146484 0.000260592
9 0.219238 0.55127 0.213867 0.24707 0.000263691
0 0.979004 0.804199 0.0419922 0.12207 0.000264645
8 0.773926 0.601074 0.0244141 0.0263672 0.000273943
8 0.141113 0.685059 0.0322266 0.0322266 0.000283957
9 0.0146484 0.351074 0.0292969 0.0283203 0.000283957
9 0.511719 0.541504 0.199219 0.444336 0.000284195
8 0.400879 0.40625 0.0185547 0.015625 0.000284195
3 0.523438 0.329102 0.222656 0.160156 0.000291348
2 0.377441 0.391113 0.0185547 0.0185547 0.000299931
11 0.683594 0.139648 0.103516 0.0429688 0.000307322
8 0.625 0.59375 0.0195312 0.0117188 0.000325441
6 0.578613 0.301758 0.110352 0.111328 0.00033021
5 0.239258 0.62207 0.271484 0.197266 0.000335693
10 0.916992 0.749512 0.0371094 0.0576172 0.000355005
13 0.222656 0.419434 0.101562 0.0244141 0.00036025
8 0.30127 0.562012 0.0537109 0.0341797 0.000362158
13 0.30957 0.29541 0.111328 0.0849609 0.00036335
9 0.250977 0.45752 0.304688 0.43457 0.000367641
9 0.522949 0.34668 0.22168 0.203125 0.0003829
11 0.916992 0.749023 0.0371094 0.0566406 0.000385284
7 0.578613 0.301758 0.110352 0.111328 0.000385761
4 0.578613 0.301758 0.110352 0.111328 0.00039196
9 0.440918 0.394043 0.0654297 0.124023 0.000392199
10 0.244141 0.97998 0.341797 0.0400391 0.000443935
8 0.213379 0.650879 0.0126953 0.0107422 0.000465631
0 0.59668 0.275879 0.0683594 0.0615234 0.000471592
9 0.489258 0.655762 0.148438 0.342773 0.000480413
11 0.605469 0.147949 0.0722656 0.0419922 0.000492096
10 0.0727539 0.758789 0.0595703 0.0488281 0.000499725
2 0.595215 0.30127 0.0341797 0.0341797 0.000524044
2 0.598633 0.305176 0.0546875 0.0830078 0.000535488
5 0.579102 0.304688 0.107422 0.121094 0.000538349
9 0.694824 0.696289 0.137695 0.0390625 0.000544071
5 0.305664 0.581055 0.138672 0.154297 0.000552654
12 0.578613 0.301758 0.110352 0.111328 0.000552654
11 0.625 0.125488 0.0585938 0.0126953 0.000555992
13 0.404785 0.294922 0.0458984 0.0683594 0.000576973
11 0.0727539 0.758789 0.0595703 0.0488281 0.000585079
2 0.605469 0.261719 0.0292969 0.0234375 0.000591278
11 0.412109 0.125977 0.0996094 0.0273438 0.000630856
1 0.578613 0.301758 0.110352 0.111328 0.000687122
13 0.635742 0.40918 0.0546875 0.0527344 0.000690937
13 0.578613 0.301758 0.110352 0.111328 0.000709057
11 0.426758 0.137695 0.0800781 0.0332031 0.00077343
8 0.578613 0.301758 0.110352 0.111328 0.000809669
5 0.186035 0.581055 0.163086 0.193359 0.000816345
11 0.397949 0.143555 0.12207 0.0566406 0.000944138
11 0.578613 0.301758 0.110352 0.111328 0.00102234
10 0.257812 0.95459 0.337891 0.0849609 0.00113201
11 0.402832 0.132812 0.0595703 0.015625 0.00118828
10 0.578613 0.301758 0.110352 0.111328 0.00128174
11 0.630371 0.137207 0.100586 0.0322266 0.0013237
2 0.583496 0.304199 0.100586 0.118164 0.00138187
9 0.578613 0.301758 0.110352 0.111328 0.0014286
0 0.519531 0.388672 0.214844 0.185547 0.0014677
8 0.37207 0.59668 0.0253906 0.0253906 0.00147247
2 0.61377 0.263672 0.0166016 0.015625 0.0014782
11 0.59375 0.135254 0.0546875 0.0283203 0.00149918
8 0.770508 0.662598 0.0214844 0.0224609 0.00162029
11 0.350586 0.143066 0.0898438 0.0400391 0.0017662
3 0.578613 0.301758 0.110352 0.111328 0.00238609
5 0.250977 0.45752 0.304688 0.43457 0.002985
11 0.662598 0.132324 0.0810547 0.0302734 0.00416946
5 0.237305 0.54834 0.220703 0.239258 0.00558853
8 0.377441 0.391113 0.0205078 0.0185547 0.00568771
11 0.608887 0.128906 0.0673828 0.0175781 0.00704575
11 0.633301 0.127441 0.0908203 0.0224609 0.00817108
11 0.427246 0.133301 0.0634766 0.0185547 0.00865936
0 0.548828 0.32959 0.175781 0.163086 0.00963593
11 0.368164 0.137207 0.0625 0.0283203 0.0107651
10 0.0688477 0.759766 0.0322266 0.0332031 0.0120621
11 0.0693359 0.761719 0.03125 0.0332031 0.015419
11 0.400879 0.134277 0.104492 0.0244141 0.0686646
0 0.57959 0.292969 0.108398 0.0957031 0.609375
