13 0.82373 0.56543 0.0517578 0.0507812 0.000102043
5 0.159668 0.530273 0.143555 0.150391 0.000102639
9 0.837402 0.602051 0.0791016 0.0849609 0.000102878
13 0.626465 0.395508 0.0576172 0.0644531 0.000103295
0 0.592773 0.333496 0.318359 0.264648 0.00010401
5 0.75293 0.583496 0.234375 0.120117 0.000104249
0 0.661621 0.981934 0.268555 0.0341797 0.000105202
13 0.637695 0.545898 0.046875 0.0800781 0.000105739
11 0.232422 0.165039 0.121094 0.0742188 0.000106454
13 0.52002 0.300781 0.19043 0.175781 0.000107467
3 0.597656 0.49707 0.357422 0.224609 0.000108063
10 0.188477 0.787109 0.376953 0.167969 0.000109434
2 0.0732422 0.788086 0.146484 0.253906 0.000110388
9 0.244141 0.592285 0.261719 0.0576172 0.00011158
9 0.852539 0.410645 0.294922 0.573242 0.000112534
9 0.708496 0.586426 0.291992 0.118164 0.000112593
13 0.660645 0.410645 0.110352 0.0751953 0.000112832
7 0.750488 0.588379 0.239258 0.114258 0.000113845
9 0.852539 0.626465 0.0371094 0.0302734 0.000114501
9 0.609375 0.94873 0.234375 0.100586 0.000114739
9 0.851074 0.893066 0.297852 0.196289 0.000116467
8 0.507324 0.467285 0.0146484 0.0126953 0.000117183
8 0.277344 0.440918 0.0136719 0.0185547 0.000117779
12 0.544434 0.568359 0.40332 0.101562 0.000118613
7 0.780273 0.516113 0.158203 0.227539 0.000118673
8 0.281738 0.49707 0.0185547 0.0195312 0.000118852
11 0.983398 0.970703 0.0332031 0.0566406 0.000119805
8 0.0732422 0.788086 0.146484 0.253906 0.000120044
11 0.282227 0.138184 0.107422 0.0205078 0.000120878
5 0.52002 0.300781 0.19043 0.175781 0.00012207
9 0.70752 0.479004 0.0341797 0.0419922 0.000124454
13 0.811035 0.619629 0.118164 0.0849609 0.000126243
9 0.942871 0.895996 0.114258 0.194336 0.000127435
13 0.205566 0.263672 0.0771484 0.0332031 0.000128984
13 0.802246 0.39209 0.0361328 0.0126953 0.0001297
2 0.569824 0.290039 0.0673828 0.109375 0.000130653
11 0.336914 0.143555 0.0566406 0.0175781 0.000132084
3 0.547363 0.310059 0.227539 0.196289 0.000132203
9 0.813965 0.585938 0.0869141 0.0429688 0.00013423
3 0.410645 0.958984 0.420898 0.078125 0.00013566
7 0.850586 0.626953 0.0390625 0.03125 0.000136375
9 0.22168 0.0854492 0.0644531 0.0419922 0.000136733
8 0.52002 0.300781 0.19043 0.175781 0.000137448
9 0.681152 0.592773 0.135742 0.0390625 0.000137806
2 0.538086 0.284668 0.171875 0.15918 0.00013864
5 0.819336 0.600098 0.105469 0.0771484 0.000141263
9 0.765625 0.50293 0.197266 0.242188 0.000142217
5 0.214844 0.581543 0.279297 0.15918 0.000142336
9 0.220215 0.681152 0.362305 0.200195 0.000142932
13 0.264648 0.276367 0.134766 0.0429688 0.000144958
9 0.743164 0.623047 0.273438 0.101562 0.000147581
12 0.220215 0.621582 0.307617 0.118164 0.000148177
11 0.314941 0.141113 0.0732422 0.0166016 0.000148773
10 0.544434 0.568359 0.40332 0.101562 0.00015521
8 0.70752 0.479004 0.0341797 0.0419922 0.000160575
2 0.848145 0.626465 0.0322266 0.0166016 0.000161886
3 0.868164 0.390625 0.263672 0.394531 0.000167131
13 0.640625 0.513672 0.0371094 0.0625 0.000167727
9 0.656738 0.534668 0.149414 0.151367 0.0001688
13 0.835449 0.578613 0.0400391 0.0244141 0.000169396
13 0.676758 0.557129 0.115234 0.0888672 0.000169873
11 0.633301 0.15625 0.145508 0.0351562 0.000170231
7 0.816895 0.580566 0.0869141 0.0576172 0.000171542
0 0.544434 0.568359 0.40332 0.101562 0.000173092
9 0.729492 0.961914 0.3125 0.0761719 0.000174284
9 0.352539 0.611816 0.119141 0.0791016 0.000174522
8 0.320312 0.433594 0.0664062 0.0488281 0.00018239
9 0.231445 0.564941 0.333984 0.217773 0.000182629
13 0.859375 0.626465 0.0332031 0.0244141 0.000187516
8 0.598633 0.478516 0.0175781 0.015625 0.000188112
2 0.647461 0.534668 0.0839844 0.12207 0.000194073
13 0.818359 0.589844 0.0859375 0.0449219 0.00019908
8 0.714355 0.489746 0.0146484 0.0146484 0.000202894
7 0.208984 0.613281 0.283203 0.105469 0.000203371
11 0.556641 0.145508 0.0488281 0.0175781 0.000208616
11 0.290527 0.154297 0.18457 0.0429688 0.000212908
8 0.200195 0.537109 0.0117188 0.00976562 0.000217795
9 0.705078 0.924316 0.207031 0.145508 0.000218749
13 0.810059 0.576172 0.0615234 0.0292969 0.000222206
11 0.595215 0.145996 0.0595703 0.0146484 0.00022316
5 0.544434 0.568359 0.40332 0.101562 0.000226617
0 0.489258 0.408203 0.244141 0.400391 0.000229478
5 0.780273 0.516113 0.158203 0.227539 0.000229836
11 0.37207 0.151855 0.0585938 0.0302734 0.000233293
3 0.547363 0.577148 0.426758 0.259766 0.000234008
13 0.792969 0.172852 0.0566406 0.0195312 0.000239968
0 0.457031 0.279785 0.1875 0.139648 0.000240445
0 0.888672 0.408203 0.222656 0.578125 0.000240922
9 0.854004 0.956055 0.291992 0.0800781 0.000241518
3 0.555176 0.614258 0.395508 0.123047 0.000248909
5 0.203613 0.498535 0.243164 0.288086 0.00025773
11 0.574219 0.143066 0.0605469 0.0185547 0.000265121
0 0.568359 0.278809 0.0644531 0.0908203 0.000269651
13 0.816895 0.55957 0.0830078 0.0917969 0.000273228
12 0.821777 0.0927734 0.352539 0.177734 0.000277042
11 0.530762 0.169434 0.0615234 0.0517578 0.000277519
8 0.618164 0.38916 0.0507812 0.0498047 0.000281334
0 0.543457 0.275391 0.0615234 0.0800781 0.00028491
7 0.799805 0.578613 0.128906 0.0888672 0.000289202
9 0.641113 0.533691 0.0732422 0.120117 0.000293732
11 0.575684 0.148926 0.125977 0.0419922 0.000299215
9 0.510254 0.312012 0.198242 0.188477 0.000300407
2 0.580566 0.283691 0.0361328 0.0400391 0.000316143
13 0.631836 0.509277 0.0566406 0.104492 0.000316858
13 0.837891 0.631836 0.0664062 0.0390625 0.000328541
9 0.490234 0.408203 0.240234 0.412109 0.000330925
9 0.808105 0.587402 0.12207 0.0908203 0.00033617
2 0.590332 0.289551 0.0166016 0.0205078 0.000337601
2 0.570312 0.287109 0.0527344 0.0605469 0.000341892
6 0.808105 0.585938 0.124023 0.105469 0.000351667
3 0.422363 0.981934 0.416992 0.0341797 0.000357151
6 0.847656 0.625488 0.0371094 0.0205078 0.000364542
13 0.772949 0.56543 0.161133 0.0976562 0.000505924
4 0.540039 0.280273 0.126953 0.123047 0.000540733
7 0.540039 0.28418 0.128906 0.130859 0.000546932
9 0.544434 0.568359 0.40332 0.101562 0.000566006
8 0.848145 0.626465 0.0322266 0.0166016 0.000585079
6 0.541992 0.277832 0.123047 0.116211 0.000585556
8 0.714844 0.462402 0.0175781 0.0126953 0.000591278
11 0.850098 0.625977 0.0341797 0.0175781 0.000614643
9 0.275879 0.0170898 0.0849609 0.0341797 0.000648499
5 0.19873 0.486328 0.168945 0.179688 0.000654697
13 0.232422 0.268066 0.107422 0.0341797 0.000725746
0 0.0732422 0.788086 0.146484 0.253906 0.000771523
5 0.541992 0.277832 0.123047 0.116211 0.000809193
5 0.804199 0.562012 0.12793 0.143555 0.000826359
12 0.540039 0.28418 0.128906 0.130859 0.000840187
2 0.583984 0.289551 0.0234375 0.0244141 0.000876427
1 0.540039 0.280273 0.126953 0.123047 0.000901699
13 0.854492 0.616211 0.0371094 0.0371094 0.000914574
13 0.648926 0.532227 0.131836 0.148438 0.000937939
11 0.687988 0.16748 0.0732422 0.0478516 0.00100231
9 0.789551 0.937988 0.295898 0.114258 0.00100613
13 0.837402 0.602051 0.0791016 0.0849609 0.00103474
11 0.540039 0.280273 0.126953 0.123047 0.00106621
11 0.621582 0.149414 0.100586 0.0253906 0.0010767
9 0.849609 0.625977 0.0332031 0.015625 0.00114822
11 0.345703 0.145508 0.0917969 0.0234375 0.00122166
11 0.539551 0.155762 0.0673828 0.0361328 0.00126553
10 0.540039 0.28418 0.128906 0.130859 0.00131607
7 0.848145 0.626465 0.0322266 0.0166016 0.00136852
8 0.186523 0.438477 0.0117188 0.00976562 0.00140095
8 0.541992 0.277832 0.123047 0.116211 0.00145149
13 0.541992 0.277832 0.123047 0.116211 0.00165749
13 0.828125 0.580566 0.0527344 0.0400391 0.00167656
2 0.54541 0.268555 0.116211 0.101562 0.00202942
9 0.540039 0.280273 0.126953 0.123047 0.00215149
11 0.253418 0.150879 0.0908203 0.0439453 0.00222969
13 0.837402 0.613281 0.0595703 0.0449219 0.00234222
0 0.555176 0.254395 0.0869141 0.0654297 0.00308228
3 0.540039 0.280273 0.126953 0.123047 0.00314903
11 0.305664 0.144531 0.136719 0.0234375 0.00343895
9 0.213379 0.614746 0.291992 0.108398 0.00383949
11 0.587891 0.146973 0.101562 0.0205078 0.00417328
13 0.802246 0.577637 0.102539 0.0478516 0.00430298
13 0.808105 0.587402 0.12207 0.0908203 0.00646591
11 0.555176 0.146484 0.0810547 0.0273438 0.00774384
11 0.227051 0.157715 0.0654297 0.0458984 0.0104065
0 0.510254 0.312012 0.198242 0.188477 0.0124893
13 0.64502 0.532715 0.0654297 0.12793 0.0128403
13 0.847656 0.625488 0.0371094 0.0205078 0.0157776
3 0.544434 0.568359 0.40332 0.101562 0.115417
0 0.540039 0.276855 0.123047 0.116211 0.686523
