8 0.18457 0.47998 0.0390625 0.0400391 0.000357151
6 0.746094 0.306641 0.101562 0.0996094 0.000357866
7 0.618164 0.157715 0.160156 0.0478516 0.00035882
2 0.376465 0.385742 0.0322266 0.0234375 0.000360727
8 0.260254 0.0957031 0.00878906 0.0078125 0.000360727
4 0.182129 0.654785 0.0498047 0.0537109 0.000366449
8 0.181641 0.715332 0.128906 0.165039 0.000367641
0 0.550781 0.323242 0.0546875 0.0644531 0.00036931
11 0.855469 0.831055 0.0507812 0.0957031 0.000371933
7 0.722656 0.727051 0.191406 0.145508 0.000374794
5 0.714844 0.339355 0.203125 0.208008 0.000375271
11 0.391113 0.141602 0.223633 0.0917969 0.000375271
13 0.383789 0.193359 0.0859375 0.0761719 0.000377893
11 0.00683594 0.162598 0.0117188 0.0244141 0.000378847
13 0.249023 0.288086 0.046875 0.0449219 0.000389099
13 0.381836 0.339355 0.078125 0.120117 0.00039053
13 0.306152 0.211426 0.0966797 0.0771484 0.000391245
8 0.669922 0.496094 0.0195312 0.0175781 0.000391483
5 0.279785 0.293457 0.106445 0.102539 0.00039196
13 0.334961 0.269531 0.078125 0.0664062 0.000397921
8 0.77002 0.644043 0.0380859 0.0576172 0.000400066
8 0.797363 0.698242 0.0224609 0.0175781 0.000400543
13 0.319824 0.275391 0.0146484 0.0117188 0.000404835
13 0.563965 0.213867 0.157227 0.162109 0.000410557
2 0.350098 0.47168 0.0927734 0.0820312 0.000412464
12 0.266113 0.495605 0.268555 0.602539 0.000413418
9 0.662109 0.174316 0.214844 0.0908203 0.000414133
13 0.647461 0.210449 0.113281 0.112305 0.000415325
13 0.262695 0.329102 0.115234 0.111328 0.000422478
11 0.559082 0.201172 0.0986328 0.123047 0.000427008
8 0.188965 0.642578 0.0263672 0.0234375 0.000430346
9 0.379883 0.489258 0.0878906 0.125 0.000439405
11 0.286621 0.203125 0.100586 0.0664062 0.00044322
4 0.193848 0.672852 0.0849609 0.0957031 0.000445127
13 0.345215 0.45752 0.141602 0.370117 0.000447989
7 0.348145 0.208496 0.129883 0.108398 0.000449419
2 0.197266 0.666504 0.0820312 0.0869141 0.000452042
13 0.263672 0.253906 0.0664062 0.0917969 0.000454426
9 0.563965 0.213867 0.157227 0.162109 0.000458717
11 0.090332 0.874512 0.0419922 0.0576172 0.000463009
6 0.29541 0.345703 0.180664 0.1875 0.000466347
9 0.280762 0.299805 0.149414 0.169922 0.000468493
11 0.617188 0.143555 0.125 0.0332031 0.000469685
8 0.735352 0.451172 0.0136719 0.0175781 0.000472546
9 0.475098 0.166016 0.116211 0.166016 0.000476837
9 0.455566 0.159668 0.301758 0.166992 0.000478506
6 0.624023 0.24707 0.128906 0.15625 0.00048089
1 0.383301 0.478027 0.0654297 0.0595703 0.000482798
13 0.583984 0.29248 0.046875 0.0341797 0.000486851
5 0.262207 0.319824 0.0986328 0.0947266 0.000487566
8 0.287598 0.696289 0.0205078 0.0214844 0.000491142
8 0.200195 0.61084 0.0195312 0.0205078 0.000492573
1 0.631348 0.163086 0.180664 0.0507812 0.00049448
7 0.328125 0.262207 0.265625 0.268555 0.000494957
10 0.654785 0.172363 0.211914 0.0751953 0.000495434
5 0.771484 0.625 0.0976562 0.191406 0.000495911
6 0.648926 0.189453 0.196289 0.111328 0.000496387
2 0.656738 0.260254 0.182617 0.180664 0.000504971
6 0.188965 0.657715 0.0556641 0.0537109 0.000505447
0 0.328125 0.23291 0.203125 0.19043 0.000510216
11 0.714355 0.176758 0.116211 0.0839844 0.000511169
13 0.630859 0.160156 0.171875 0.0429688 0.000511646
13 0.722168 0.336914 0.116211 0.0898438 0.000515461
13 0.693848 0.219727 0.209961 0.160156 0.000517368
13 0.615234 0.292969 0.123047 0.128906 0.000526428
7 0.662109 0.174316 0.214844 0.0908203 0.000527859
3 0.329102 0.25293 0.199219 0.191406 0.000528336
4 0.197266 0.697266 0.125 0.158203 0.000529289
10 0.185059 0.647949 0.0322266 0.0302734 0.000534534
11 0.66748 0.214355 0.243164 0.204102 0.000539303
6 0.347656 0.208984 0.132812 0.109375 0.000543118
11 0.619141 0.154785 0.0742188 0.0263672 0.000545502
13 0.662598 0.260742 0.116211 0.125 0.000571728
8 0.277344 0.744141 0.0175781 0.015625 0.000589371
6 0.229492 0.601074 0.205078 0.319336 0.00059557
13 0.402344 0.243652 0.0898438 0.194336 0.00059557
12 0.325195 0.225586 0.183594 0.171875 0.000604153
9 0.487305 0.0546875 0.427734 0.105469 0.000610828
8 0.319336 0.275879 0.0429688 0.0205078 0.000612259
11 0.38916 0.185547 0.168945 0.113281 0.000615597
13 0.62207 0.404785 0.0625 0.0712891 0.000619888
12 0.686035 0.494141 0.268555 0.621094 0.000627995
11 0.404785 0.172363 0.0927734 0.0791016 0.000627995
8 0.198242 0.49707 0.0234375 0.0175781 0.000634193
11 0.323242 0.186035 0.119141 0.0986328 0.000659466
8 0.529785 0.330566 0.0966797 0.0869141 0.000669956
8 0.769043 0.647461 0.0107422 0.0117188 0.000669956
8 0.38623 0.489258 0.0830078 0.125 0.000676155
11 0.526855 0.332031 0.104492 0.0898438 0.00067997
9 0.312012 0.344238 0.198242 0.319336 0.000691891
13 0.293457 0.311035 0.104492 0.0439453 0.000695229
8 0.770508 0.644043 0.0175781 0.0126953 0.000704288
5 0.691895 0.390137 0.241211 0.418945 0.00070715
3 0.266113 0.495605 0.268555 0.602539 0.000718117
13 0.348145 0.151855 0.165039 0.0595703 0.00071907
8 0.193359 0.697754 0.0527344 0.0595703 0.000728607
7 0.293457 0.26123 0.141602 0.147461 0.000730991
9 0.768066 0.737793 0.0986328 0.112305 0.000752449
5 0.271484 0.645508 0.189453 0.199219 0.000777721
11 0.251465 0.186035 0.0615234 0.0654297 0.000788689
5 0.307129 0.473633 0.145508 0.373047 0.000789642
8 0.649414 0.735352 0.0253906 0.0253906 0.000790596
13 0.303223 0.310547 0.274414 0.314453 0.000799179
8 0.220215 0.609863 0.0126953 0.0126953 0.00080204
6 0.384766 0.475586 0.0625 0.0546875 0.000803471
9 0.678223 0.269043 0.22168 0.174805 0.000804901
7 0.177246 0.658203 0.0439453 0.0488281 0.000809669
13 0.634766 0.401855 0.0351562 0.0517578 0.000818729
8 0.201172 0.671875 0.119141 0.119141 0.000824928
13 0.30127 0.240723 0.112305 0.100586 0.000836372
13 0.303711 0.490723 0.0625 0.0556641 0.000844955
13 0.634277 0.258789 0.0693359 0.0429688 0.000849247
7 0.289551 0.174316 0.114258 0.0869141 0.000852585
11 0.621094 0.211914 0.169922 0.136719 0.00086832
7 0.358887 0.150879 0.155273 0.0537109 0.000872135
5 0.726562 0.30127 0.136719 0.125977 0.000876904
9 0.185547 0.493164 0.0136719 0.015625 0.000881672
11 0.18457 0.648438 0.0332031 0.03125 0.000882626
7 0.185547 0.493164 0.0136719 0.015625 0.000883579
13 0.205566 0.416992 0.0751953 0.03125 0.000885487
7 0.215332 0.705078 0.22168 0.21875 0.00088644
13 0.32959 0.280762 0.0634766 0.0341797 0.000886917
9 0.195801 0.653809 0.0595703 0.0537109 0.000899792
13 0.327637 0.277832 0.0341797 0.0224609 0.000900269
11 0.664551 0.163574 0.106445 0.0517578 0.000920296
13 0.749023 0.319336 0.0878906 0.0742188 0.00092268
5 0.241211 0.71582 0.232422 0.220703 0.000932217
6 0.266113 0.495605 0.268555 0.602539 0.000957966
6 0.285156 0.272461 0.123047 0.121094 0.000958443
0 0.523926 0.317383 0.124023 0.177734 0.000959396
5 0.768066 0.737793 0.0986328 0.112305 0.000971794
8 0.197754 0.69873 0.0244141 0.0263672 0.000979424
11 0.73877 0.202637 0.112305 0.110352 0.000981331
13 0.271973 0.246582 0.0400391 0.0341797 0.000984192
1 0.289551 0.183594 0.125977 0.0996094 0.00098896
0 0.545898 0.34668 0.0605469 0.0722656 0.000991821
7 0.226074 0.664062 0.147461 0.128906 0.00102139
9 0.259766 0.0957031 0.00976562 0.0078125 0.0010252
0 0.183594 0.648926 0.03125 0.0302734 0.00103092
11 0.288086 0.169434 0.148438 0.165039 0.00104713
2 0.567871 0.349121 0.0185547 0.0263672 0.00104809
13 0.307129 0.291016 0.0986328 0.0625 0.00105476
8 0.255371 0.682129 0.0302734 0.0263672 0.00108051
13 0.222168 0.668945 0.149414 0.162109 0.00109196
3 0.526855 0.332031 0.106445 0.0898438 0.00111008
5 0.333984 0.208008 0.185547 0.150391 0.00111389
13 0.287109 0.305664 0.0644531 0.03125 0.00112152
6 0.755859 0.737793 0.107422 0.110352 0.00112724
0 0.332031 0.171387 0.207031 0.0986328 0.00113201
7 0.195801 0.653809 0.0595703 0.0537109 0.00113773
8 0.331543 0.169434 0.196289 0.0947266 0.00114632
7 0.182617 0.48584 0.0234375 0.0302734 0.00115299
13 0.200195 0.671875 0.09375 0.103516 0.00115395
13 0.347168 0.453125 0.0927734 0.134766 0.00115681
9 0.182617 0.48584 0.0234375 0.0302734 0.00115776
13 0.641602 0.235352 0.0644531 0.0957031 0.00116348
8 0.667969 0.828613 0.0507812 0.0458984 0.0011673
6 0.193848 0.709473 0.135742 0.165039 0.00117111
13 0.294434 0.20752 0.145508 0.133789 0.0011816
13 0.289062 0.306641 0.0253906 0.0195312 0.00118256
3 0.183594 0.649414 0.0332031 0.0292969 0.00119305
9 0.761719 0.687988 0.113281 0.194336 0.00120354
10 0.328125 0.23291 0.203125 0.19043 0.00120735
13 0.259766 0.283691 0.0664062 0.0693359 0.00121593
9 0.237793 0.587402 0.202148 0.334961 0.00122166
8 0.325195 0.225586 0.183594 0.171875 0.00123215
9 0.686035 0.494141 0.268555 0.621094 0.00123692
8 0.586426 0.293945 0.0478516 0.0371094 0.001297
8 0.74707 0.600098 0.0136719 0.0126953 0.00130272
7 0.757812 0.736816 0.101562 0.112305 0.00131321
1 0.358887 0.150391 0.155273 0.0546875 0.00131893
9 0.325195 0.477051 0.0449219 0.0712891 0.00133324
6 0.328125 0.262207 0.265625 0.268555 0.00134182
9 0.529297 0.330078 0.101562 0.0859375 0.00137615
11 0.642578 0.149414 0.0742188 0.0214844 0.00137806
9 0.335938 0.167969 0.197266 0.0957031 0.00137997
8 0.180176 0.72168 0.0224609 0.0214844 0.00139332
11 0.264648 0.20166 0.103516 0.100586 0.00140285
13 0.337402 0.248047 0.0947266 0.136719 0.00140667
2 0.553711 0.342773 0.0429688 0.0585938 0.00142574
9 0.492676 0.102539 0.28418 0.197266 0.00144958
9 0.220215 0.758789 0.239258 0.222656 0.00146008
13 0.394043 0.290039 0.0341797 0.0605469 0.00148582
12 0.335938 0.167969 0.197266 0.0957031 0.00149155
8 0.181641 0.540527 0.0273438 0.0224609 0.00150681
9 0.748535 0.611328 0.135742 0.322266 0.00152874
13 0.381836 0.478027 0.0664062 0.0615234 0.00155544
10 0.867188 0.854004 0.0371094 0.0595703 0.00156403
6 0.678223 0.269043 0.22168 0.174805 0.00158215
13 0.768066 0.737793 0.0986328 0.112305 0.00159836
13 0.18457 0.648438 0.0332031 0.03125 0.00169754
13 0.665039 0.331055 0.220703 0.255859 0.00171661
6 0.183594 0.649414 0.0332031 0.0292969 0.00175285
13 0.276367 0.249023 0.0625 0.0566406 0.00176239
4 0.335938 0.167969 0.197266 0.0957031 0.00176907
9 0.458008 0.249023 0.296875 0.273438 0.0018425
1 0.662109 0.174316 0.214844 0.0908203 0.00187016
13 0.529785 0.330566 0.0966797 0.0869141 0.00191593
5 0.306152 0.356934 0.28418 0.387695 0.00191689
5 0.302246 0.256348 0.147461 0.145508 0.00193787
0 0.48584 0.356445 0.188477 0.183594 0.00195217
11 0.867188 0.854004 0.0371094 0.0595703 0.00196075
8 0.151855 0.774414 0.0185547 0.0175781 0.00197029
0 0.383789 0.478027 0.0644531 0.0595703 0.00204468
9 0.468262 0.257812 0.116211 0.257812 0.00206566
9 0.493652 0.204102 0.180664 0.199219 0.0021286
4 0.325195 0.225586 0.183594 0.171875 0.0021553
5 0.193848 0.709473 0.135742 0.165039 0.00216293
3 0.331543 0.169434 0.196289 0.0947266 0.00219345
2 0.331543 0.169434 0.196289 0.0947266 0.00224304
11 0.592285 0.161133 0.114258 0.0410156 0.00225067
13 0.735352 0.295898 0.115234 0.0976562 0.00226974
13 0.301758 0.490723 0.119141 0.336914 0.00233459
13 0.354492 0.296875 0.154297 0.251953 0.00239372
4 0.384277 0.476562 0.0615234 0.0585938 0.00251389
8 0.180664 0.539062 0.015625 0.0136719 0.00255966
9 0.19043 0.706543 0.144531 0.170898 0.00261116
10 0.335449 0.167969 0.198242 0.0898438 0.00265694
6 0.200195 0.671875 0.09375 0.103516 0.0026741
8 0.188477 0.493164 0.0292969 0.0292969 0.00268936
8 0.321777 0.275879 0.0205078 0.0146484 0.00271797
9 0.222168 0.668945 0.149414 0.162109 0.00273705
13 0.316895 0.501465 0.0654297 0.106445 0.00285339
9 0.315918 0.255859 0.176758 0.169922 0.00289345
4 0.18457 0.648438 0.0332031 0.03125 0.00297356
2 0.534668 0.330566 0.0908203 0.0810547 0.00302696
9 0.492676 0.544922 0.211914 0.550781 0.00303268
7 0.755859 0.682617 0.117188 0.203125 0.00319672
9 0.266113 0.495605 0.268555 0.602539 0.00334549
8 0.800781 0.696289 0.0136719 0.00976562 0.00335884
6 0.333008 0.176758 0.199219 0.103516 0.00337029
11 0.313965 0.155762 0.112305 0.0673828 0.00342178
7 0.193848 0.672852 0.0849609 0.0957031 0.00358582
6 0.230469 0.678223 0.167969 0.157227 0.00366592
8 0.290039 0.306152 0.0234375 0.0185547 0.00370216
2 0.325195 0.477051 0.0449219 0.0712891 0.00389481
5 0.200195 0.671875 0.09375 0.103516 0.00399017
5 0.287598 0.335938 0.165039 0.181641 0.00402069
2 0.18457 0.648438 0.0332031 0.0332031 0.00412369
2 0.326172 0.249023 0.177734 0.1875 0.00416183
9 0.20166 0.672363 0.0947266 0.102539 0.00430679
8 0.376953 0.385742 0.0332031 0.0234375 0.0043602
1 0.325195 0.225586 0.183594 0.171875 0.00437546
11 0.370117 0.160156 0.142578 0.046875 0.00439072
13 0.280762 0.497559 0.245117 0.55957 0.00471878
13 0.341797 0.474609 0.0742188 0.0722656 0.0047226
5 0.678223 0.269043 0.22168 0.174805 0.00487137
2 0.381836 0.478027 0.0664062 0.0615234 0.00500488
13 0.202148 0.426758 0.0625 0.0214844 0.00531006
7 0.197266 0.697266 0.125 0.158203 0.00531387
13 0.70166 0.29541 0.186523 0.135742 0.00556564
13 0.37793 0.272461 0.0820312 0.183594 0.00564575
2 0.562012 0.350098 0.0302734 0.0380859 0.00576019
3 0.532227 0.719238 0.347656 0.147461 0.00596619
8 0.19043 0.660156 0.0761719 0.0722656 0.00624084
11 0.602051 0.177246 0.157227 0.0673828 0.00647354
7 0.337402 0.172852 0.196289 0.105469 0.00662613
13 0.285645 0.271973 0.120117 0.118164 0.00705719
13 0.629395 0.244141 0.110352 0.125 0.00722504
13 0.648926 0.189453 0.196289 0.111328 0.00744247
13 0.348145 0.208496 0.129883 0.108398 0.00750732
13 0.755859 0.682617 0.117188 0.203125 0.00754929
7 0.325195 0.225586 0.183594 0.171875 0.00777817
11 0.680664 0.1875 0.226562 0.0976562 0.00795746
6 0.755859 0.682617 0.117188 0.203125 0.00856781
9 0.18457 0.648438 0.0332031 0.03125 0.00891113
11 0.385742 0.149414 0.0957031 0.0410156 0.00892639
8 0.183105 0.649414 0.0478516 0.0488281 0.00932312
13 0.290527 0.303711 0.176758 0.214844 0.0102921
5 0.222168 0.668945 0.149414 0.162109 0.0104675
13 0.390137 0.307617 0.0498047 0.132812 0.0111847
13 0.273926 0.300293 0.0908203 0.0498047 0.0117569
5 0.732422 0.53418 0.193359 0.535156 0.0120773
13 0.295898 0.307617 0.142578 0.0859375 0.0132446
11 0.325195 0.225586 0.183594 0.171875 0.0152283
1 0.335938 0.167969 0.197266 0.0957031 0.0153122
7 0.383301 0.476562 0.0615234 0.0585938 0.0159302
13 0.317383 0.48877 0.0273438 0.0400391 0.0164948
9 0.383301 0.476562 0.0615234 0.0585938 0.0172272
5 0.761719 0.687988 0.113281 0.194336 0.0186462
8 0.182129 0.48584 0.0224609 0.0302734 0.0189056
7 0.183594 0.649414 0.0332031 0.0292969 0.0201569
13 0.333008 0.176758 0.199219 0.103516 0.0214233
8 0.185547 0.493164 0.0136719 0.015625 0.021698
5 0.317871 0.276855 0.192383 0.249023 0.0243835
5 0.237793 0.587402 0.202148 0.334961 0.0244293
13 0.656738 0.260254 0.182617 0.180664 0.026825
6 0.318848 0.242676 0.174805 0.170898 0.0299377
5 0.748535 0.611328 0.135742 0.322266 0.037323
11 0.350586 0.143555 0.15625 0.0488281 0.0389404
13 0.319824 0.481934 0.0439453 0.0751953 0.0422058
5 0.266113 0.495605 0.268555 0.602539 0.0440979
11 0.649902 0.165039 0.200195 0.0664062 0.0549927
11 0.289551 0.174316 0.114258 0.0869141 0.103027
8 0.384766 0.476562 0.0644531 0.0566406 0.143311
11 0.629883 0.15332 0.162109 0.0371094 0.17981
13 0.320801 0.24707 0.174805 0.183594 0.216064
11 0.341797 0.166992 0.195312 0.0878906 0.275146
8 0.183594 0.648926 0.03125 0.0302734 0.332764
0 0.526855 0.332031 0.104492 0.0898438 0.346924
