6 0.548828 0.670898 0.457031 0.240234 0.000249624
0 0.506348 0.234863 0.227539 0.15918 0.000249863
8 0.682129 0.458984 0.0302734 0.0292969 0.000250578
9 0.0214844 0.227051 0.0429688 0.254883 0.000252962
4 0.808594 0.780762 0.294922 0.15332 0.000253439
10 0.0927734 0.727051 0.0605469 0.112305 0.000253439
11 0.372559 0.134277 0.0615234 0.0224609 0.000253677
11 0.923828 0.800781 0.0742188 0.107422 0.0002563
10 0.231445 0.981445 0.363281 0.0371094 0.000257969
9 0.328125 0.155273 0.226562 0.0996094 0.000258446
13 0.626465 0.386719 0.180664 0.314453 0.000259638
11 0.0927734 0.727051 0.0605469 0.112305 0.000259876
7 0.705566 0.759766 0.219727 0.138672 0.000260592
10 0.831543 0.852539 0.28418 0.162109 0.000262499
12 0.796875 0.642578 0.292969 0.376953 0.000263453
13 0.548828 0.670898 0.457031 0.240234 0.000263691
13 0.754883 0.771973 0.292969 0.112305 0.000264168
1 0.652344 0.130859 0.167969 0.046875 0.000266552
3 0.832031 0.748047 0.236328 0.191406 0.000266552
13 0.339355 0.456543 0.114258 0.116211 0.000267744
0 0.229004 0.57959 0.239258 0.196289 0.000270367
13 0.415039 0.318848 0.292969 0.28418 0.000270844
9 0.0664062 0.0263672 0.132812 0.0527344 0.000272036
5 0.683105 0.374512 0.262695 0.385742 0.000272989
8 0.775391 0.256348 0.0507812 0.0498047 0.000273943
12 0.683105 0.141602 0.229492 0.0839844 0.00027442
0 0.364746 0.524414 0.100586 0.0898438 0.000275612
13 0.418457 0.220215 0.129883 0.202148 0.000277519
8 0.349609 0.532715 0.0527344 0.0576172 0.00027895
2 0.547852 0.305176 0.337891 0.166992 0.000280142
8 0.212891 0.577148 0.222656 0.183594 0.000280857
9 0.915527 0.838379 0.0966797 0.118164 0.000281096
8 0.21875 0.340332 0.0292969 0.0302734 0.000286818
11 0.501465 0.279785 0.325195 0.21582 0.000288486
9 0.183105 0.684082 0.229492 0.206055 0.000290632
5 0.266113 0.660645 0.233398 0.155273 0.000293732
7 0.548828 0.670898 0.457031 0.240234 0.00029397
11 0.260742 0.20459 0.392578 0.245117 0.000299215
12 0.230469 0.741211 0.345703 0.205078 0.000300646
10 0.25 0.86377 0.398438 0.260742 0.000303268
6 0.245605 0.598145 0.15332 0.137695 0.000304461
4 0.548828 0.670898 0.457031 0.240234 0.000305891
9 0.387207 0.537598 0.131836 0.114258 0.000306606
13 0.501465 0.279785 0.325195 0.21582 0.000308275
8 0.370605 0.504395 0.143555 0.206055 0.000310183
13 0.366211 0.530273 0.0917969 0.0761719 0.000311375
10 0.223145 0.958984 0.34082 0.0761719 0.000314713
13 0.225098 0.656738 0.303711 0.286133 0.000316143
13 0.289062 0.325684 0.222656 0.198242 0.000317812
0 0.448242 0.253418 0.167969 0.22168 0.000318289
5 0.53418 0.555176 0.396484 0.526367 0.000319242
9 0.779785 0.790039 0.254883 0.0742188 0.000320673
13 0.706055 0.296875 0.359375 0.359375 0.000324726
12 0.348633 0.149414 0.216797 0.078125 0.000324965
1 0.61084 0.356934 0.143555 0.186523 0.000328779
10 0.923828 0.800781 0.0742188 0.107422 0.000331402
13 0.29248 0.256836 0.194336 0.175781 0.000332594
1 0.350098 0.137695 0.155273 0.0351562 0.000335217
11 0.548828 0.670898 0.457031 0.240234 0.000335693
2 0.224121 0.710449 0.323242 0.198242 0.000336647
11 0.754395 0.496094 0.366211 0.736328 0.000337124
9 0.255371 0.364746 0.313477 0.338867 0.000340462
3 0.682617 0.148926 0.236328 0.102539 0.000343084
2 0.253906 0.297852 0.261719 0.201172 0.000346899
1 0.548828 0.670898 0.457031 0.240234 0.000348806
5 0.739746 0.670898 0.161133 0.251953 0.000349522
13 0.32373 0.205566 0.22168 0.172852 0.000350237
13 0.921875 0.824219 0.0722656 0.101562 0.000352621
3 0.904785 0.95166 0.19043 0.0966797 0.000353336
9 0.687012 0.803223 0.15918 0.102539 0.000356197
2 0.609863 0.342285 0.104492 0.137695 0.000356436
2 0.625977 0.39502 0.150391 0.243164 0.000363111
6 0.232422 0.675293 0.328125 0.24707 0.000363827
9 0.0366211 0.0600586 0.0732422 0.116211 0.000365973
11 0.692383 0.120117 0.142578 0.0507812 0.000368595
0 0.590332 0.418945 0.196289 0.208984 0.00036931
11 0.84375 0.797852 0.238281 0.126953 0.000370741
13 0.241211 0.541016 0.302734 0.328125 0.000373363
11 0.766602 0.180176 0.105469 0.0810547 0.000385523
13 0.424805 0.305176 0.146484 0.22168 0.000386953
2 0.248535 0.323242 0.168945 0.113281 0.000392914
2 0.548828 0.670898 0.457031 0.240234 0.000396729
9 0.399414 0.191406 0.148438 0.146484 0.000398874
7 0.799316 0.666992 0.291992 0.351562 0.000399828
9 0.251465 0.342285 0.192383 0.118164 0.000401497
7 0.683105 0.141602 0.229492 0.0839844 0.000406265
10 0.348633 0.149414 0.216797 0.078125 0.000406504
8 0.548828 0.670898 0.457031 0.240234 0.000407696
9 0.322754 0.0678711 0.295898 0.12207 0.000409842
2 0.788086 0.793945 0.345703 0.130859 0.00041151
0 0.348633 0.149414 0.216797 0.078125 0.000414133
4 0.754395 0.496094 0.366211 0.736328 0.000415802
8 0.71875 0.364746 0.046875 0.0498047 0.000416279
9 0.871094 0.961914 0.257812 0.0761719 0.000416756
13 0.26709 0.602539 0.15918 0.140625 0.000421047
7 0.295898 0.270508 0.335938 0.28125 0.000426292
9 0.6875 0.150391 0.224609 0.09375 0.000435352
13 0.709473 0.198242 0.31543 0.179688 0.000437498
7 0.348633 0.149414 0.216797 0.078125 0.000438929
2 0.212891 0.577148 0.222656 0.183594 0.000442505
5 0.849121 0.54541 0.301758 0.629883 0.000451565
8 0.282715 0.598633 0.0830078 0.0742188 0.000452757
9 0.993652 0.875 0.0126953 0.078125 0.000456095
8 0.214355 0.327637 0.0966797 0.0732422 0.000457287
10 0.679199 0.144531 0.213867 0.0800781 0.000460148
0 0.547852 0.695801 0.470703 0.229492 0.000464678
12 0.548828 0.670898 0.457031 0.240234 0.000465393
13 0.334961 0.154297 0.222656 0.0859375 0.000468254
3 0.224609 0.262207 0.449219 0.317383 0.000476837
9 0.0737305 0.212891 0.147461 0.296875 0.00047946
1 0.754395 0.496094 0.366211 0.736328 0.000482321
8 0.754395 0.496094 0.366211 0.736328 0.000485897
2 0.6875 0.150391 0.224609 0.09375 0.000487089
3 0.766602 0.261719 0.451172 0.302734 0.00049305
5 0.775391 0.538086 0.261719 0.462891 0.000494003
13 0.6875 0.150391 0.224609 0.09375 0.000496864
2 0.688477 0.459961 0.0234375 0.0234375 0.000496864
8 0.672363 0.515625 0.0654297 0.0507812 0.000501156
5 0.365234 0.651367 0.189453 0.242188 0.000508785
11 0.272461 0.140137 0.326172 0.102539 0.0005126
9 0.38916 0.546875 0.165039 0.375 0.000513077
9 0.21582 0.32666 0.046875 0.0478516 0.00051403
6 0.76416 0.767578 0.336914 0.136719 0.000518799
11 0.26123 0.42334 0.375977 0.633789 0.000520229
11 0.904785 0.95166 0.19043 0.0966797 0.00052309
9 0.733887 0.264648 0.375977 0.306641 0.000539303
9 0.226562 0.318359 0.0976562 0.0722656 0.000540733
10 0.223145 0.758301 0.333008 0.22168 0.000543594
9 0.591309 0.0527344 0.793945 0.101562 0.000546932
9 0.791504 0.852051 0.350586 0.15918 0.000548363
0 0.26123 0.42334 0.375977 0.633789 0.000549316
11 0.763184 0.177734 0.178711 0.107422 0.000549316
9 0.0273438 0.75293 0.0527344 0.345703 0.000553131
11 0.341797 0.136719 0.0761719 0.0234375 0.000556469
5 0.831543 0.669434 0.19043 0.200195 0.000567913
0 0.754395 0.496094 0.366211 0.736328 0.000581264
0 0.495605 0.420898 0.229492 0.167969 0.000586033
12 0.788086 0.793945 0.345703 0.130859 0.00058651
7 0.919434 0.813965 0.0732422 0.100586 0.000590801
7 0.417969 0.227051 0.121094 0.217773 0.000597954
2 0.754395 0.496094 0.366211 0.736328 0.000609398
4 0.26123 0.42334 0.375977 0.633789 0.000609875
0 0.48584 0.32666 0.206055 0.168945 0.000611305
10 0.548828 0.670898 0.457031 0.240234 0.000617981
8 0.26123 0.42334 0.375977 0.633789 0.000619411
11 0.930664 0.842285 0.0703125 0.102539 0.000619888
7 0.253906 0.591797 0.199219 0.162109 0.000628948
3 0.53418 0.555176 0.396484 0.526367 0.000653267
9 0.0996094 0.777344 0.123047 0.21875 0.000659943
7 0.228516 0.756348 0.34375 0.225586 0.000675678
8 0.293945 0.611816 0.0390625 0.0302734 0.000689983
11 0.272461 0.155762 0.113281 0.0673828 0.000689983
5 0.90625 0.80127 0.0917969 0.100586 0.000698566
2 0.358398 0.527832 0.0820312 0.0849609 0.000698566
9 0.442871 0.163086 0.0888672 0.179688 0.000702858
9 0.210938 0.179688 0.421875 0.285156 0.000703335
12 0.209961 0.114258 0.419922 0.222656 0.000705719
1 0.26123 0.42334 0.375977 0.633789 0.000709534
0 0.611328 0.278809 0.203125 0.25293 0.000714779
4 0.365234 0.529785 0.0917969 0.0771484 0.000720024
9 0.358398 0.702637 0.162109 0.178711 0.000723362
2 0.214355 0.325195 0.0498047 0.0488281 0.000731468
13 0.243652 0.305664 0.133789 0.130859 0.000740528
6 0.262695 0.269043 0.384766 0.290039 0.000771999
9 0.37793 0.492676 0.130859 0.157227 0.000772476
7 0.824219 0.80957 0.285156 0.136719 0.000775337
0 0.635254 0.4375 0.176758 0.308594 0.000775814
10 0.930664 0.842285 0.0683594 0.104492 0.00078249
2 0.226562 0.318359 0.0957031 0.0683594 0.000785351
2 0.26123 0.42334 0.375977 0.633789 0.000794411
8 0.284668 0.543945 0.0244141 0.0273438 0.000802517
9 0.384277 0.139648 0.213867 0.09375 0.000832558
5 0.23291 0.759277 0.368164 0.235352 0.000833511
11 0.412109 0.180664 0.136719 0.126953 0.000884533
3 0.799316 0.666992 0.291992 0.351562 0.000899315
5 0.707031 0.645508 0.314453 0.369141 0.000907421
10 0.766602 0.493652 0.367188 0.741211 0.000912666
9 0.703125 0.774902 0.21875 0.106445 0.000929832
9 0.501953 0.231445 0.298828 0.21875 0.000950336
3 0.230469 0.741211 0.345703 0.205078 0.000955105
11 0.385742 0.143555 0.109375 0.0429688 0.000963211
9 0.603027 0.365723 0.163086 0.178711 0.000988007
3 0.591309 0.0527344 0.793945 0.101562 0.00100422
1 0.346191 0.154785 0.219727 0.0869141 0.00101471
9 0.241211 0.541016 0.302734 0.328125 0.00101852
0 0.546387 0.551758 0.43457 0.511719 0.00102997
11 0.59375 0.333008 0.183594 0.160156 0.00104713
5 0.548828 0.670898 0.457031 0.240234 0.00106621
1 0.683105 0.141602 0.229492 0.0839844 0.00106907
8 0.286621 0.591797 0.0244141 0.0214844 0.00107098
7 0.766602 0.493652 0.367188 0.741211 0.00107861
5 0.306152 0.59668 0.211914 0.208984 0.00109005
8 0.858398 0.433594 0.0429688 0.0429688 0.00113106
12 0.766602 0.493652 0.367188 0.741211 0.00113392
9 0.0703125 0.0732422 0.140625 0.144531 0.00114441
10 0.26123 0.42334 0.375977 0.633789 0.00115299
7 0.37793 0.492676 0.130859 0.157227 0.00116253
9 0.164551 0.103516 0.329102 0.207031 0.00117207
9 0.295898 0.270508 0.335938 0.28125 0.00117493
8 0.686035 0.458984 0.0205078 0.0195312 0.00118637
9 0.107422 0.727539 0.0878906 0.132812 0.0012064
13 0.161621 0.504883 0.0947266 0.0253906 0.00120926
11 0.371094 0.129883 0.113281 0.03125 0.00123787
9 0.53418 0.555176 0.396484 0.526367 0.00125885
5 0.528809 0.365723 0.313477 0.209961 0.00125885
8 0.84668 0.692383 0.015625 0.015625 0.00126457
8 0.60791 0.350586 0.15332 0.166016 0.00129223
11 0.709961 0.140137 0.125 0.0751953 0.00132751
11 0.718262 0.175781 0.311523 0.154297 0.00134563
3 0.258301 0.441895 0.342773 0.551758 0.00135899
3 0.239258 0.558105 0.273438 0.249023 0.00137806
9 0.445312 0.112305 0.253906 0.207031 0.00138283
11 0.896484 0.821289 0.138672 0.125 0.00142479
9 0.32666 0.713867 0.325195 0.212891 0.00148392
7 0.528809 0.365723 0.313477 0.209961 0.00152302
7 0.26123 0.42334 0.375977 0.633789 0.00154114
10 0.870605 0.799316 0.211914 0.202148 0.00155544
5 0.766113 0.782715 0.327148 0.116211 0.00156498
12 0.528809 0.365723 0.313477 0.209961 0.00165749
9 0.90625 0.80127 0.0917969 0.100586 0.00166512
13 0.227539 0.307617 0.111328 0.0742188 0.00171089
5 0.262695 0.269043 0.384766 0.290039 0.00172901
13 0.221191 0.319336 0.0634766 0.0488281 0.00174332
3 0.754395 0.496094 0.366211 0.736328 0.00174999
5 0.186523 0.583496 0.177734 0.172852 0.00177479
13 0.788574 0.697266 0.28418 0.277344 0.0018177
11 0.336914 0.17627 0.283203 0.15332 0.00183392
12 0.26123 0.42334 0.375977 0.633789 0.00188351
6 0.533691 0.37793 0.329102 0.238281 0.00188541
4 0.528809 0.365723 0.313477 0.209961 0.00190544
9 0.832031 0.748047 0.236328 0.191406 0.00194168
9 0.548828 0.670898 0.457031 0.240234 0.00194836
6 0.805664 0.704102 0.283203 0.287109 0.00208092
13 0.333984 0.458984 0.0703125 0.0800781 0.00210571
1 0.528809 0.365723 0.313477 0.209961 0.00210571
13 0.754395 0.496094 0.366211 0.736328 0.00212288
10 0.787109 0.810547 0.357422 0.121094 0.00214195
9 0.799316 0.666992 0.291992 0.351562 0.00225449
13 0.89209 0.808105 0.12207 0.104492 0.00226593
13 0.251465 0.342285 0.192383 0.118164 0.00234222
9 0.436523 0.0541992 0.367188 0.108398 0.00235748
13 0.255371 0.364746 0.313477 0.338867 0.00238609
7 0.787598 0.764648 0.327148 0.167969 0.00242996
2 0.533691 0.37793 0.329102 0.238281 0.00243187
10 0.530762 0.380859 0.31543 0.214844 0.00254059
5 0.755371 0.728027 0.24707 0.18457 0.00257111
6 0.890137 0.797852 0.12207 0.101562 0.00265503
8 0.530762 0.380859 0.31543 0.214844 0.00266075
6 0.229004 0.57959 0.239258 0.196289 0.00275612
9 0.228516 0.580566 0.234375 0.188477 0.00282097
5 0.733887 0.264648 0.375977 0.306641 0.0028801
11 0.533691 0.37793 0.329102 0.238281 0.00289917
13 0.217773 0.580078 0.232422 0.189453 0.00322533
10 0.896484 0.821289 0.138672 0.125 0.00325012
13 0.59082 0.360352 0.183594 0.185547 0.0034771
8 0.295898 0.61084 0.0234375 0.0224609 0.00362587
9 0.528809 0.365723 0.313477 0.209961 0.00365067
6 0.841797 0.786621 0.220703 0.125977 0.00372314
13 0.26123 0.42334 0.375977 0.633789 0.00392151
11 0.308594 0.143066 0.136719 0.0576172 0.00400543
7 0.893555 0.807617 0.136719 0.121094 0.0041008
9 0.43457 0.220215 0.144531 0.219727 0.00418472
6 0.754395 0.496094 0.366211 0.736328 0.00426102
7 0.366211 0.530273 0.0917969 0.0761719 0.00434113
6 0.260742 0.441895 0.371094 0.575195 0.00436401
13 0.848145 0.791992 0.211914 0.123047 0.00463104
0 0.904785 0.95166 0.19043 0.0966797 0.00498962
10 0.853516 0.955566 0.292969 0.0888672 0.00527954
13 0.29541 0.271973 0.325195 0.280273 0.00544357
9 0.754395 0.496094 0.366211 0.736328 0.00558853
9 0.873535 0.806152 0.172852 0.12793 0.00561905
2 0.585449 0.348633 0.194336 0.169922 0.0057869
8 0.21582 0.327148 0.0449219 0.0488281 0.00622177
9 0.26123 0.42334 0.375977 0.633789 0.00635147
9 0.358398 0.527832 0.0820312 0.0849609 0.00674438
9 0.13623 0.735352 0.15332 0.179688 0.0071373
3 0.528809 0.365723 0.313477 0.209961 0.00722885
11 0.652832 0.120117 0.141602 0.0292969 0.00728607
0 0.527344 0.448242 0.351562 0.273438 0.00899506
13 0.533691 0.37793 0.329102 0.238281 0.0112839
5 0.232422 0.675293 0.328125 0.24707 0.0117645
11 0.742676 0.157227 0.108398 0.0917969 0.0121002
5 0.254395 0.600098 0.192383 0.147461 0.0133362
0 0.532715 0.281738 0.317383 0.182617 0.0134125
5 0.866211 0.791016 0.177734 0.121094 0.0140762
0 0.61084 0.356934 0.143555 0.186523 0.0189514
11 0.346191 0.154785 0.219727 0.0869141 0.0213165
9 0.788086 0.793945 0.345703 0.130859 0.0265503
9 0.22168 0.73584 0.332031 0.188477 0.0314331
11 0.6875 0.150391 0.224609 0.09375 0.0342102
8 0.366211 0.530273 0.0917969 0.0761719 0.0356445
5 0.832031 0.748047 0.236328 0.191406 0.0395813
5 0.806152 0.665039 0.270508 0.326172 0.0636597
11 0.662598 0.133301 0.172852 0.0537109 0.0670776
11 0.345703 0.138184 0.164062 0.0380859 0.10614
3 0.549805 0.675781 0.464844 0.240234 0.109375
5 0.255859 0.442383 0.332031 0.548828 0.120605
5 0.239258 0.558105 0.273438 0.249023 0.128174
5 0.754395 0.496094 0.366211 0.736328 0.132202
0 0.53125 0.364746 0.316406 0.192383 0.415039
