10 0.112793 0.463379 0.225586 0.680664 0.000100493
10 0.421875 0.985352 0.212891 0.0292969 0.000101388
8 0.811035 0.585938 0.0263672 0.0332031 0.000103772
5 0.0644531 0.817871 0.126953 0.364258 0.000104725
13 0.375 0.44873 0.121094 0.0400391 0.000105321
13 0.345215 0.245117 0.0869141 0.126953 0.000105798
13 0.700195 0.344238 0.0410156 0.0498047 0.000106037
0 0.861328 0.394043 0.277344 0.325195 0.000106096
9 0.710938 0.449707 0.300781 0.430664 0.000106633
8 0.723145 0.237793 0.0185547 0.0166016 0.000107646
9 0.351562 0.987793 0.0507812 0.0224609 0.00010848
1 0.0917969 0.458008 0.183594 0.640625 0.00011003
9 0.34668 0.263672 0.0527344 0.0546875 0.000110626
2 0.66748 0.401855 0.0400391 0.0283203 0.00011152
0 0.0444336 0.408691 0.0888672 0.299805 0.000111759
11 0.34375 0.255371 0.046875 0.0400391 0.000111878
8 0.666992 0.401367 0.0390625 0.03125 0.000111878
8 0.835938 0.646973 0.0195312 0.0185547 0.000114322
12 0.197754 0.503906 0.395508 0.798828 0.000114441
3 0.818848 0.394043 0.362305 0.545898 0.000114858
9 0.683594 0.981934 0.136719 0.0361328 0.000114977
3 0.602051 0.635742 0.319336 0.132812 0.000115752
11 0.751953 0.200684 0.0859375 0.0634766 0.000115871
3 0.14209 0.606934 0.28418 0.235352 0.000116289
2 0.558594 0.338867 0.261719 0.255859 0.000118375
6 0.601562 0.576172 0.335938 0.160156 0.000118375
10 0.85498 0.694824 0.0498047 0.0966797 0.000119984
11 0.464844 0.1875 0.105469 0.0644531 0.000121117
11 0.85498 0.692383 0.0517578 0.0976562 0.000122309
7 0.804199 0.573242 0.100586 0.160156 0.0001266
11 0.558594 0.338867 0.261719 0.255859 0.000128746
0 0.544434 0.312988 0.120117 0.100586 0.000128865
8 0.401855 0.572754 0.0322266 0.0263672 0.00013113
11 0.496094 0.167969 0.0546875 0.0410156 0.000131249
7 0.601562 0.576172 0.335938 0.160156 0.000131965
13 0.558594 0.338867 0.261719 0.255859 0.000134945
4 0.601562 0.576172 0.335938 0.160156 0.000138164
13 0.333008 0.254883 0.078125 0.0527344 0.000139356
0 0.622559 0.317871 0.0634766 0.0849609 0.000140071
11 0.436523 0.167969 0.119141 0.0234375 0.000140429
0 0.132812 0.635742 0.107422 0.103516 0.000141501
8 0.480957 0.46582 0.0361328 0.03125 0.000143051
5 0.804688 0.554199 0.0996094 0.19043 0.000151634
13 0.600098 0.581543 0.327148 0.129883 0.000153184
1 0.601562 0.576172 0.335938 0.160156 0.000153542
9 0.493652 0.313477 0.0732422 0.158203 0.000159383
11 0.112793 0.463379 0.225586 0.680664 0.000160933
5 0.0878906 0.103027 0.175781 0.206055 0.000165939
0 0.0688477 0.411133 0.137695 0.576172 0.000166893
11 0.690918 0.179199 0.12793 0.0322266 0.000168085
8 0.558594 0.338867 0.261719 0.255859 0.000169754
11 0.490723 0.202148 0.0712891 0.105469 0.000176549
9 0.638184 0.984375 0.135742 0.03125 0.000179768
11 0.598633 0.581543 0.333984 0.125977 0.000182509
8 0.601562 0.576172 0.335938 0.160156 0.000182867
9 0.513672 0.96582 0.125 0.0683594 0.000188828
2 0.601562 0.576172 0.335938 0.160156 0.000190258
0 0.189941 0.40332 0.379883 0.589844 0.000197053
12 0.601562 0.576172 0.335938 0.160156 0.000198483
8 0.451172 0.421875 0.0332031 0.03125 0.000206709
11 0.288574 0.257324 0.0458984 0.0439453 0.000208735
11 0.401367 0.197266 0.177734 0.0820312 0.000212789
9 0.584473 0.439453 0.268555 0.373047 0.000216961
12 0.619141 0.325195 0.103516 0.119141 0.000219464
5 0.354004 0.461426 0.245117 0.307617 0.000221014
13 0.362793 0.282715 0.0732422 0.0849609 0.000222921
11 0.473145 0.164062 0.0830078 0.0292969 0.000238895
0 0.56543 0.407715 0.205078 0.149414 0.000241041
13 0.622559 0.317871 0.0947266 0.108398 0.000242233
8 0.621582 0.31543 0.0947266 0.0996094 0.000250816
4 0.614258 0.326172 0.115234 0.123047 0.000260592
9 0.335938 0.671387 0.271484 0.165039 0.000271797
13 0.362305 0.274902 0.0390625 0.0576172 0.000280619
9 0.51709 0.983887 0.100586 0.0322266 0.000281572
10 0.600098 0.581543 0.327148 0.129883 0.00029254
5 0.785645 0.496582 0.133789 0.291992 0.000309944
11 0.493164 0.1875 0.0585938 0.0546875 0.000318289
5 0.600098 0.581543 0.327148 0.129883 0.000324726
11 0.299805 0.24707 0.0664062 0.0664062 0.000341892
11 0.315918 0.229004 0.0888672 0.0849609 0.000342369
5 0.320312 0.493652 0.160156 0.192383 0.000356674
11 0.617188 0.196777 0.046875 0.0419922 0.000366211
12 0.0917969 0.458008 0.183594 0.640625 0.000370741
9 0.558594 0.338867 0.261719 0.255859 0.000409365
5 0.619141 0.325195 0.103516 0.119141 0.00041461
3 0.244629 0.123535 0.489258 0.24707 0.000417233
0 0.599121 0.592773 0.329102 0.121094 0.000436544
7 0.57666 0.327637 0.194336 0.131836 0.000444174
10 0.615723 0.333008 0.112305 0.136719 0.000445604
3 0.591797 0.446289 0.300781 0.279297 0.000458002
11 0.619141 0.325195 0.103516 0.119141 0.000463963
13 0.349121 0.44043 0.0849609 0.0449219 0.0004673
9 0.620605 0.318848 0.0986328 0.106445 0.000519276
5 0.735352 0.456055 0.220703 0.380859 0.000524044
6 0.577148 0.327148 0.195312 0.130859 0.000528336
4 0.571289 0.342773 0.214844 0.179688 0.000550747
2 0.620605 0.318848 0.0986328 0.106445 0.000585079
11 0.642578 0.175293 0.0878906 0.0302734 0.000597
11 0.662598 0.185547 0.12793 0.0332031 0.000620365
12 0.569336 0.334961 0.210938 0.146484 0.000639915
1 0.577148 0.327148 0.195312 0.130859 0.000733376
9 0.257324 0.209961 0.0439453 0.03125 0.000737667
11 0.434082 0.181641 0.166992 0.0390625 0.000748158
13 0.341797 0.25293 0.0410156 0.0390625 0.000783443
0 0.65332 0.388184 0.285156 0.290039 0.000785828
11 0.571289 0.326172 0.212891 0.134766 0.000831604
9 0.600586 0.584473 0.330078 0.133789 0.000864029
11 0.737793 0.188477 0.0693359 0.0390625 0.000874996
5 0.569336 0.334961 0.210938 0.146484 0.000902176
0 0.564941 0.285645 0.202148 0.0888672 0.00090313
3 0.614258 0.326172 0.115234 0.123047 0.00099659
11 0.382812 0.182129 0.0820312 0.0439453 0.0011282
10 0.571289 0.342773 0.214844 0.179688 0.00120163
11 0.352051 0.211914 0.112305 0.0878906 0.00120354
7 0.492188 0.254395 0.078125 0.172852 0.00120926
11 0.47998 0.17627 0.0712891 0.0439453 0.00123596
11 0.459961 0.172852 0.0917969 0.0253906 0.00124645
9 0.492188 0.254395 0.078125 0.172852 0.00127697
8 0.577148 0.327148 0.195312 0.130859 0.00133133
10 0.855957 0.683594 0.0400391 0.0527344 0.00133801
11 0.85498 0.683594 0.0400391 0.0546875 0.00179482
11 0.629883 0.185547 0.0722656 0.0410156 0.00213814
9 0.57666 0.327637 0.194336 0.131836 0.00244522
3 0.600586 0.550293 0.357422 0.260742 0.00245094
13 0.57666 0.327637 0.194336 0.131836 0.00272369
0 0.60791 0.368164 0.137695 0.207031 0.00382614
2 0.57373 0.319336 0.206055 0.126953 0.00390053
11 0.364746 0.192383 0.0849609 0.0546875 0.00533295
13 0.350586 0.265137 0.0488281 0.0537109 0.00591278
0 0.558594 0.361328 0.267578 0.261719 0.00719833
3 0.567383 0.33252 0.224609 0.155273 0.0133667
0 0.620605 0.327148 0.100586 0.123047 0.193115
3 0.600586 0.586426 0.332031 0.120117 0.200928
0 0.571289 0.326172 0.212891 0.134766 0.45459
