3 0.888184 0.406738 0.223633 0.334961 0.000101328
13 0.208008 0.32959 0.113281 0.0537109 0.000101447
11 0.397949 0.115234 0.0908203 0.0507812 0.000103235
7 0.388672 0.27002 0.03125 0.0244141 0.000105202
10 0.258789 0.143555 0.0878906 0.0625 0.000106454
13 0.971191 0.019043 0.0576172 0.0361328 0.000107765
8 0.206055 0.462402 0.0390625 0.0224609 0.000107884
2 0.625 0.103516 0.0683594 0.0195312 0.000108123
6 0.763184 0.478516 0.102539 0.15625 0.000108361
9 0.426758 0.404297 0.0273438 0.0273438 0.000109315
13 0.172852 0.269531 0.0292969 0.0332031 0.000109613
8 0.133301 0.198242 0.0810547 0.0996094 0.000110269
13 0.354004 0.419922 0.0634766 0.0957031 0.000110924
3 0.911133 0.549805 0.144531 0.292969 0.000111938
11 0.706543 0.133789 0.0908203 0.0410156 0.000112116
13 0.258789 0.143555 0.0878906 0.0625 0.000113249
13 0.709473 0.256836 0.0810547 0.0449219 0.000115097
13 0.222168 0.268066 0.0712891 0.0380859 0.000115216
10 0.105469 0.701172 0.0429688 0.0488281 0.000115931
13 0.314941 0.524902 0.0283203 0.0302734 0.000116825
11 0.208496 0.990234 0.0791016 0.0195312 0.000117123
0 0.0981445 0.365723 0.196289 0.62207 0.000118792
13 0.182617 0.36084 0.0898438 0.0263672 0.000121117
8 0.797852 0.507812 0.0195312 0.0234375 0.000121891
8 0.269531 0.0947266 0.0332031 0.0292969 0.00012362
8 0.213867 0.405273 0.0351562 0.0195312 0.000123739
9 0.388672 0.27002 0.03125 0.0244141 0.000125408
11 0.376953 0.108887 0.0488281 0.0166016 0.000126004
12 0.68457 0.462402 0.306641 0.555664 0.000126243
9 0.406738 0.18457 0.0673828 0.0898438 0.000126362
13 0.770508 0.243164 0.0429688 0.0292969 0.000127792
13 0.407715 0.273438 0.0673828 0.0371094 0.000128984
11 0.0908203 0.719238 0.0273438 0.0322266 0.000131607
0 0.302246 0.98291 0.282227 0.0341797 0.000131965
7 0.43457 0.981445 0.140625 0.0371094 0.000131965
11 0.600586 0.100586 0.0761719 0.0175781 0.000133634
13 0.775879 0.34082 0.0830078 0.0625 0.000133753
8 0.400391 0.27002 0.0527344 0.0322266 0.000133991
2 0.423828 0.402344 0.0195312 0.0273438 0.00013411
11 0.733887 0.143066 0.0673828 0.0478516 0.000134826
9 0.49707 0.372559 0.183594 0.282227 0.000139594
8 0.760742 0.355469 0.0253906 0.0214844 0.000142336
13 0.808105 0.313965 0.0341797 0.0166016 0.000143886
13 0.81543 0.403809 0.0566406 0.0341797 0.000144482
9 0.969727 0.0268555 0.0605469 0.0537109 0.000146508
9 0.53125 0.303223 0.113281 0.0947266 0.000147581
13 0.619141 0.546875 0.130859 0.177734 0.0001477
13 0.341797 0.241699 0.03125 0.0302734 0.000150442
13 0.22168 0.418457 0.107422 0.0654297 0.000150561
13 0.20752 0.314453 0.0947266 0.0234375 0.000150561
8 0.208984 0.402832 0.00976562 0.00878906 0.000153422
11 0.413086 0.145996 0.0585938 0.0400391 0.000154376
13 0.759277 0.527832 0.0791016 0.0341797 0.000154853
11 0.557129 0.146973 0.0439453 0.0419922 0.000159383
8 0.367188 0.387695 0.0292969 0.0292969 0.000159383
9 0.455078 0.936035 0.115234 0.118164 0.000159383
2 0.595703 0.400391 0.0664062 0.0742188 0.000161529
2 0.980469 0.0195312 0.0390625 0.0371094 0.000162601
8 0.770996 0.348145 0.0146484 0.0126953 0.000165939
9 0.220215 0.441406 0.137695 0.113281 0.000167847
13 0.626953 0.104004 0.0683594 0.0185547 0.0001688
13 0.614258 0.436523 0.0917969 0.167969 0.000169992
11 0.307617 0.125488 0.0605469 0.0205078 0.000170231
9 0.880859 0.996094 0.0273438 0.0078125 0.000170588
13 0.651855 0.347656 0.0322266 0.0273438 0.000171065
0 0.0517578 0.400879 0.103516 0.606445 0.000173211
9 0.63916 0.370117 0.0654297 0.0722656 0.000173926
7 0.406738 0.18457 0.0673828 0.0898438 0.000176787
13 0.641602 0.387207 0.0957031 0.12793 0.000177741
11 0.63916 0.12793 0.170898 0.0839844 0.000181437
11 0.256348 0.137207 0.112305 0.110352 0.00018239
13 0.567383 0.379395 0.0605469 0.0283203 0.000183463
9 0.351074 0.103516 0.0439453 0.015625 0.000184059
13 0.606445 0.508789 0.0644531 0.15625 0.000189185
13 0.76709 0.534668 0.0537109 0.0224609 0.000190139
13 0.773926 0.316406 0.0693359 0.0605469 0.000190496
9 0.420898 0.520508 0.0371094 0.0332031 0.000195384
7 0.427734 0.959473 0.171875 0.0791016 0.000197172
3 0.827148 0.310547 0.345703 0.326172 0.000198841
9 0.631348 0.103516 0.0693359 0.0195312 0.000201583
11 0.984375 0.984863 0.0292969 0.0283203 0.000204086
8 0.400391 0.340332 0.0390625 0.0263672 0.000204802
8 0.214355 0.405273 0.0771484 0.0292969 0.000205398
9 0.697266 0.417969 0.269531 0.488281 0.000210881
9 0.484375 0.95166 0.21875 0.0888672 0.000220895
10 0.821777 0.721191 0.0341797 0.0458984 0.000223279
13 0.616699 0.400391 0.0517578 0.0390625 0.000224829
8 0.582031 0.543457 0.0117188 0.0107422 0.000228882
9 0.752441 0.406738 0.15332 0.301758 0.000231981
9 0.456543 0.270508 0.143555 0.318359 0.000231981
13 0.363281 0.463867 0.0761719 0.0449219 0.000232935
1 0.258789 0.143555 0.0878906 0.0625 0.000232935
13 0.826172 0.403809 0.03125 0.0107422 0.00023365
11 0.821777 0.721191 0.0341797 0.0458984 0.000234604
9 0.816406 0.40332 0.0507812 0.0175781 0.000238538
11 0.373047 0.144043 0.125 0.0654297 0.000239253
11 0.275879 0.134277 0.0517578 0.0341797 0.000242233
11 0.570312 0.118652 0.046875 0.0439453 0.000242352
5 0.755859 0.519043 0.119141 0.186523 0.000245571
9 0.762207 0.469727 0.110352 0.166016 0.00024724
0 0.551758 0.983398 0.212891 0.0332031 0.000252962
11 0.913086 0.993164 0.0625 0.0117188 0.000253916
13 0.193848 0.314453 0.0517578 0.015625 0.000255585
5 0.721191 0.4375 0.229492 0.326172 0.000262976
8 0.77002 0.241699 0.0107422 0.0107422 0.000264883
9 0.444824 0.981934 0.129883 0.0361328 0.000265598
2 0.63916 0.370117 0.0654297 0.0722656 0.00027132
8 0.202148 0.439453 0.0136719 0.0078125 0.000289679
8 0.65625 0.341797 0.0214844 0.015625 0.000301838
9 0.430664 0.34375 0.0234375 0.0234375 0.000308752
3 0.507324 0.980469 0.21582 0.0351562 0.000309706
11 0.407715 0.109863 0.0615234 0.0322266 0.000313997
8 0.343262 0.243652 0.0341797 0.0283203 0.000321627
13 0.649902 0.356934 0.0458984 0.0498047 0.000324249
8 0.42334 0.402832 0.0185547 0.0244141 0.000328541
9 0.980469 0.0195312 0.0390625 0.0371094 0.000345945
11 0.880859 0.996094 0.0273438 0.0078125 0.000350714
9 0.234375 0.671875 0.300781 0.125 0.000355244
2 0.429199 0.343262 0.0283203 0.0244141 0.000372887
11 0.610352 0.136719 0.0976562 0.0410156 0.000375032
13 0.147461 0.353027 0.0273438 0.0126953 0.000388861
11 0.237305 0.152832 0.0625 0.0556641 0.000400305
13 0.776855 0.329102 0.0380859 0.0800781 0.000408411
3 0.525391 0.583496 0.345703 0.135742 0.000408649
11 0.680664 0.125488 0.0878906 0.0263672 0.000439882
5 0.219727 0.439941 0.136719 0.110352 0.000461578
11 0.583008 0.11084 0.0566406 0.0322266 0.00046277
11 0.649902 0.105957 0.0537109 0.0166016 0.000468731
11 0.345215 0.10791 0.0693359 0.0205078 0.000469685
9 0.325684 0.603516 0.131836 0.0390625 0.000475168
11 0.347168 0.104492 0.0400391 0.015625 0.000489712
11 0.376465 0.125488 0.0869141 0.0400391 0.000524998
11 0.405273 0.158203 0.0625 0.0371094 0.000531197
3 0.879395 0.587891 0.241211 0.392578 0.000531197
2 0.581055 0.388672 0.0488281 0.0410156 0.00054121
13 0.601562 0.499023 0.0429688 0.0917969 0.000544548
0 0.55127 0.991211 0.137695 0.0175781 0.00056076
5 0.20459 0.497559 0.168945 0.229492 0.000574112
11 0.628906 0.106934 0.117188 0.0439453 0.000608921
11 0.572266 0.140137 0.0605469 0.0400391 0.000617981
13 0.57959 0.384277 0.0791016 0.0537109 0.000633717
11 0.74707 0.155762 0.0488281 0.0439453 0.00064373
3 0.248535 0.0932617 0.49707 0.186523 0.000726223
8 0.431641 0.344238 0.0253906 0.0244141 0.000734806
9 0.595703 0.405273 0.0761719 0.0820312 0.000749111
13 0.59375 0.551758 0.0585938 0.1875 0.000754833
13 0.625488 0.395996 0.0341797 0.0263672 0.000771523
11 0.353027 0.110352 0.0966797 0.0332031 0.000820637
8 0.203613 0.46582 0.0185547 0.015625 0.000821114
11 0.598633 0.122559 0.101562 0.0517578 0.000833511
9 0.580566 0.387695 0.0478516 0.0449219 0.000837803
8 0.417969 0.519043 0.03125 0.0283203 0.000972748
9 0.442383 0.868164 0.164062 0.25 0.00101662
5 0.77002 0.467285 0.0986328 0.15332 0.00102139
13 0.583496 0.387207 0.0458984 0.0419922 0.00122929
11 0.386719 0.137695 0.0800781 0.0371094 0.00129795
11 0.302734 0.139648 0.175781 0.0761719 0.0013895
13 0.595215 0.404297 0.0751953 0.0839844 0.00140476
13 0.815918 0.40332 0.0478516 0.015625 0.00144196
8 0.388672 0.269531 0.03125 0.0253906 0.00162888
11 0.344727 0.132324 0.166016 0.0380859 0.00186634
0 0.538574 0.300293 0.0947266 0.0830078 0.00206947
11 0.660156 0.118652 0.117188 0.0458984 0.00210762
9 0.435059 0.963379 0.141602 0.0712891 0.00244331
11 0.382324 0.107422 0.0888672 0.0273438 0.00286102
5 0.759766 0.437988 0.132812 0.254883 0.00292206
10 0.0976562 0.710449 0.0332031 0.0400391 0.00292778
13 0.628906 0.38916 0.0546875 0.0556641 0.00295258
11 0.326172 0.119629 0.117188 0.0322266 0.00344467
11 0.0976562 0.709473 0.0351562 0.0439453 0.00347328
11 0.304199 0.126953 0.0986328 0.0273438 0.00407028
13 0.616699 0.388184 0.0927734 0.0791016 0.00411224
9 0.470215 0.430664 0.182617 0.513672 0.00484085
13 0.638184 0.37207 0.0634766 0.0761719 0.0051651
11 0.36377 0.10498 0.0634766 0.0185547 0.00702286
11 0.649414 0.107422 0.103516 0.0273438 0.0102615
11 0.288574 0.135254 0.110352 0.0478516 0.0127716
11 0.607422 0.107422 0.0996094 0.0273438 0.0196381
11 0.258789 0.143555 0.0878906 0.0625 0.0212097
11 0.625 0.103516 0.0683594 0.0195312 0.0604858
