11 0.30127 0.851562 0.47168 0.265625 0.000101447
11 0.419434 0.158691 0.0771484 0.0673828 0.000101447
8 0.728027 0.257324 0.0126953 0.0126953 0.000102043
11 0.44043 0.147461 0.0625 0.0605469 0.000104189
7 0.303223 0.496094 0.0849609 0.0664062 0.000104487
8 0.518066 0.307129 0.219727 0.133789 0.000104904
0 0.0800781 0.745605 0.146484 0.237305 0.000105679
10 0.371094 0.849121 0.585938 0.301758 0.000106394
9 0.547363 0.411621 0.329102 0.31543 0.000107586
11 0.661133 0.111816 0.0761719 0.0185547 0.0001086
8 0.677246 0.363281 0.0244141 0.0195312 0.000108957
7 0.307129 0.956055 0.333008 0.0839844 0.000109792
11 0.73291 0.152832 0.106445 0.0712891 0.000114799
13 0.208984 0.466797 0.0527344 0.0371094 0.000115573
3 0.324707 0.853027 0.450195 0.25293 0.00011605
13 0.358887 0.303711 0.100586 0.0664062 0.000116467
8 0.306641 0.510742 0.0644531 0.0371094 0.000116825
9 0.808105 0.42334 0.180664 0.264648 0.0001176
11 0.967285 0.790039 0.0654297 0.148438 0.000118911
11 0.32959 0.124023 0.0634766 0.0292969 0.000120938
13 0.330566 0.274902 0.0556641 0.0419922 0.000125647
11 0.657227 0.106934 0.107422 0.0244141 0.000128984
13 0.961914 0.0810547 0.0683594 0.0527344 0.000130057
1 0.572754 0.296875 0.112305 0.109375 0.000132561
13 0.400879 0.309082 0.0751953 0.0849609 0.000132799
8 0.654297 0.345215 0.0527344 0.0400391 0.000133276
12 0.573242 0.291504 0.109375 0.0966797 0.000133514
10 0.898438 0.59082 0.0429688 0.0820312 0.000137448
13 0.254883 0.293945 0.0390625 0.0292969 0.000140548
9 0.65332 0.40625 0.0566406 0.0527344 0.000141382
3 0.680176 0.964844 0.401367 0.0703125 0.000146031
0 0.960449 0.725098 0.0771484 0.12207 0.000146508
13 0.41748 0.303223 0.0810547 0.0439453 0.0001477
13 0.200684 0.458008 0.0322266 0.0234375 0.000151992
13 0.687012 0.353027 0.0693359 0.0595703 0.000152349
8 0.676758 0.48584 0.0234375 0.0224609 0.000155449
10 0.314453 0.981445 0.236328 0.0371094 0.000157475
8 0.736816 0.40332 0.0205078 0.0175781 0.000158668
9 0.441895 0.313477 0.0693359 0.146484 0.000159502
9 0.319824 0.128418 0.118164 0.0458984 0.000160933
7 0.570801 0.292969 0.110352 0.101562 0.000161767
11 0.902832 0.603516 0.0400391 0.0761719 0.000162601
2 0.967285 0.790039 0.0654297 0.148438 0.000170231
13 0.570801 0.292969 0.110352 0.101562 0.000174165
5 0.572754 0.296875 0.112305 0.109375 0.000177622
0 0.12207 0.839844 0.195312 0.320312 0.000180244
9 0.307617 0.938965 0.326172 0.112305 0.000182271
3 0.55127 0.524902 0.24707 0.116211 0.000183344
3 0.415039 0.964844 0.486328 0.0703125 0.000196457
13 0.964355 0.100098 0.0634766 0.0478516 0.00019908
11 0.635742 0.122559 0.126953 0.0517578 0.000212431
11 0.748047 0.134766 0.0820312 0.0488281 0.000219822
2 0.70459 0.461914 0.0810547 0.0898438 0.000226736
9 0.983398 0.00830078 0.0195312 0.0166016 0.000235081
11 0.572754 0.296875 0.112305 0.109375 0.0002352
8 0.572754 0.296875 0.112305 0.109375 0.000238776
2 0.573242 0.291504 0.109375 0.0966797 0.000241518
10 0.572754 0.296875 0.112305 0.109375 0.000248432
13 0.677734 0.272949 0.078125 0.100586 0.000267506
4 0.706543 0.466797 0.0888672 0.09375 0.000277281
11 0.35498 0.143555 0.18457 0.0800781 0.000278473
11 0.700195 0.127441 0.166016 0.0458984 0.000281334
8 0.742676 0.443848 0.0146484 0.0126953 0.000285625
13 0.350098 0.279785 0.108398 0.0595703 0.000293732
7 0.272949 0.48584 0.149414 0.0869141 0.000294209
13 0.708496 0.335938 0.0302734 0.0273438 0.000298738
11 0.263184 0.148926 0.0849609 0.0654297 0.000305891
11 0.371094 0.114746 0.125 0.0224609 0.000318527
11 0.349121 0.118652 0.0732422 0.0185547 0.00032115
7 0.804199 0.458496 0.163086 0.182617 0.000323534
11 0.596191 0.146973 0.0673828 0.0693359 0.00033021
13 0.706543 0.466797 0.0888672 0.09375 0.000331163
6 0.557129 0.508789 0.448242 0.164062 0.000333071
11 0.634277 0.112793 0.0712891 0.0244141 0.000333071
0 0.504395 0.32959 0.276367 0.258789 0.000350952
4 0.557129 0.508789 0.448242 0.164062 0.000353098
10 0.324707 0.853027 0.450195 0.25293 0.000371456
1 0.554199 0.508301 0.43457 0.124023 0.000376463
0 0.946777 0.78418 0.106445 0.306641 0.0003829
7 0.554199 0.508301 0.43457 0.124023 0.000391483
8 0.557129 0.508789 0.448242 0.164062 0.000401258
12 0.554199 0.508301 0.43457 0.124023 0.000413656
2 0.554199 0.508301 0.43457 0.124023 0.000429869
11 0.61084 0.132812 0.0751953 0.0546875 0.000439167
6 0.706543 0.466797 0.0888672 0.09375 0.000454903
13 0.381348 0.277832 0.0478516 0.0537109 0.000460386
13 0.554199 0.508301 0.43457 0.124023 0.000475883
11 0.554199 0.508301 0.43457 0.124023 0.000545979
10 0.291016 0.969238 0.337891 0.0595703 0.00055027
8 0.705078 0.34082 0.0390625 0.0371094 0.000554562
7 0.710449 0.334961 0.0263672 0.0214844 0.000559807
7 0.687988 0.455078 0.137695 0.166016 0.00061655
11 0.418457 0.134766 0.0751953 0.0488281 0.000635147
3 0.573242 0.291504 0.109375 0.0966797 0.000637054
8 0.745117 0.374512 0.0175781 0.0126953 0.000645638
10 0.557129 0.508789 0.448242 0.164062 0.000675678
5 0.557129 0.508789 0.448242 0.164062 0.000718594
11 0.371094 0.124512 0.160156 0.0419922 0.000727654
3 0.518066 0.307129 0.219727 0.133789 0.000745296
9 0.687988 0.455078 0.137695 0.166016 0.000772953
9 0.572754 0.296875 0.112305 0.109375 0.000814915
9 0.519531 0.311035 0.216797 0.137695 0.000844479
0 0.557617 0.522949 0.4375 0.129883 0.000893593
8 0.823242 0.526855 0.0117188 0.0107422 0.000894547
9 0.710449 0.334961 0.0263672 0.0214844 0.000901222
11 0.287109 0.137695 0.103516 0.0644531 0.000946522
11 0.592773 0.140625 0.0507812 0.0410156 0.000979424
8 0.69873 0.459473 0.102539 0.100586 0.000992775
13 0.26416 0.30127 0.0556641 0.0361328 0.00100803
2 0.709961 0.335449 0.0253906 0.0224609 0.00107765
11 0.623535 0.121094 0.0712891 0.0351562 0.00108147
13 0.379883 0.285645 0.0859375 0.0771484 0.00113106
0 0.967285 0.790039 0.0654297 0.148438 0.00117111
9 0.556152 0.512695 0.44043 0.134766 0.00130749
10 0.307617 0.938965 0.326172 0.112305 0.00157547
3 0.555176 0.555176 0.442383 0.133789 0.00185394
11 0.663086 0.116211 0.128906 0.0292969 0.00370789
13 0.397949 0.292969 0.0517578 0.0566406 0.00383949
7 0.706543 0.466797 0.0888672 0.09375 0.0047493
3 0.553223 0.480957 0.46582 0.268555 0.0057373
11 0.767578 0.145508 0.0683594 0.0566406 0.00597763
11 0.342285 0.119629 0.116211 0.0283203 0.00677872
9 0.70166 0.460449 0.0966797 0.0986328 0.0123672
8 0.709961 0.335449 0.0253906 0.0224609 0.0198059
11 0.317383 0.126953 0.117188 0.0449219 0.0198975
0 0.518066 0.307129 0.219727 0.133789 0.0262146
0 0.572754 0.291992 0.110352 0.0996094 0.187134
3 0.555176 0.508301 0.452148 0.118164 0.5625
