9 0.626465 0.393066 0.131836 0.223633 0.000102997
11 0.0996094 0.572266 0.0878906 0.101562 0.000105202
9 0.425781 0.575195 0.0507812 0.0429688 0.000105679
8 0.222656 0.43457 0.0976562 0.185547 0.000106096
8 0.699219 0.46875 0.0195312 0.0175781 0.000106931
9 0.353027 0.549316 0.0693359 0.0732422 0.000111103
8 0.34082 0.26709 0.0214844 0.0263672 0.000111997
9 0.0507812 0.510254 0.101562 0.0673828 0.000112534
8 0.638672 0.425781 0.046875 0.0605469 0.000112712
9 0.681641 0.533203 0.193359 0.251953 0.00011307
10 0.26416 0.438965 0.194336 0.237305 0.000113428
13 0.666016 0.244141 0.078125 0.166016 0.000114679
9 0.854004 0.487305 0.0380859 0.0839844 0.00011605
12 0.290527 0.839844 0.356445 0.298828 0.000119925
13 0.347656 0.291016 0.0449219 0.0683594 0.000121117
3 0.844727 0.205078 0.310547 0.242188 0.000122309
13 0.228516 0.44043 0.0996094 0.183594 0.000122666
13 0.725586 0.432617 0.121094 0.125 0.000123262
7 0.724609 0.342285 0.224609 0.446289 0.00012362
13 0.373535 0.166992 0.0751953 0.0703125 0.00012362
9 0.735352 0.500488 0.09375 0.124023 0.000125289
9 0.501953 0.40918 0.193359 0.339844 0.000125289
3 0.258301 0.908691 0.473633 0.176758 0.000125647
9 0.065918 0.541992 0.12793 0.265625 0.000125766
6 0.833496 0.0830078 0.333008 0.166016 0.000126719
2 0.675293 0.372559 0.0205078 0.0166016 0.000127077
3 0.650391 0.884766 0.648438 0.230469 0.000127554
9 0.592285 0.374512 0.0595703 0.0908203 0.000127673
13 0.361328 0.355957 0.125 0.0810547 0.000132322
13 0.143066 0.09375 0.286133 0.1875 0.000132442
11 0.253906 0.433105 0.173828 0.233398 0.00013268
9 0.0219727 0.487305 0.0439453 0.0800781 0.000132799
9 0.852051 0.485352 0.0263672 0.0410156 0.00013566
3 0.655273 0.944336 0.689453 0.111328 0.000136614
3 0.894531 0.312988 0.210938 0.249023 0.00013721
9 0.0258789 0.119141 0.0517578 0.0488281 0.00014019
8 0.290527 0.839844 0.356445 0.298828 0.000140429
0 0.100586 0.573242 0.0878906 0.0996094 0.000141025
7 0.290527 0.839844 0.356445 0.298828 0.000141978
9 0.549316 0.278809 0.0888672 0.0908203 0.000143051
8 0.254395 0.0908203 0.0751953 0.078125 0.000144243
13 0.63623 0.216797 0.0302734 0.0234375 0.00014472
9 0.709473 0.652344 0.213867 0.0898438 0.000147343
5 0.833008 0.0615234 0.333984 0.123047 0.00014782
13 0.833008 0.0615234 0.333984 0.123047 0.000148892
2 0.290527 0.839844 0.356445 0.298828 0.000150084
13 0.348633 0.135742 0.0429688 0.0292969 0.0001508
1 0.253906 0.433105 0.173828 0.233398 0.000152469
13 0.286621 0.430664 0.147461 0.0859375 0.00015378
11 0.721191 0.138184 0.0537109 0.0400391 0.000154257
9 0.775879 0.46582 0.0576172 0.0390625 0.000154257
9 0.0546875 0.11377 0.109375 0.0517578 0.000155449
8 0.244141 0.585938 0.0292969 0.0273438 0.000156045
4 0.290527 0.839844 0.356445 0.298828 0.000157714
0 0.503418 0.312988 0.182617 0.149414 0.000157952
11 0.347168 0.14502 0.0341797 0.0283203 0.000158072
0 0.85498 0.770508 0.0615234 0.0820312 0.000158429
7 0.353027 0.141113 0.0302734 0.0263672 0.000158548
13 0.671875 0.233398 0.03125 0.0703125 0.000165701
8 0.688965 0.44043 0.0205078 0.0214844 0.000166297
9 0.871094 0.583496 0.0820312 0.106445 0.000166535
8 0.043457 0.477539 0.0849609 0.103516 0.0001688
12 0.722656 0.266602 0.277344 0.482422 0.000173569
12 0.681152 0.203125 0.241211 0.189453 0.000173807
9 0.765625 0.387207 0.126953 0.268555 0.000179768
9 0.67334 0.48291 0.106445 0.12793 0.000179887
7 0.772949 0.469727 0.0869141 0.0898438 0.000181437
9 0.260254 0.338379 0.208008 0.348633 0.000183225
11 0.614746 0.15918 0.0712891 0.0292969 0.000183582
3 0.822754 0.0800781 0.354492 0.160156 0.000184298
9 0.740234 0.530273 0.0507812 0.0234375 0.000185609
11 0.609375 0.136719 0.105469 0.0371094 0.000185728
2 0.0996094 0.572266 0.0878906 0.101562 0.000188947
9 0.675781 0.373047 0.0195312 0.015625 0.000190854
9 0.856445 0.45166 0.0351562 0.0947266 0.000190973
11 0.420898 0.129883 0.0664062 0.0371094 0.000192642
7 0.734863 0.474121 0.114258 0.124023 0.000193238
11 0.566895 0.149902 0.0419922 0.0380859 0.000195622
9 0.353516 0.144531 0.03125 0.0273438 0.000196934
1 0.290527 0.839844 0.356445 0.298828 0.000200152
11 0.0415039 0.125488 0.0771484 0.0458984 0.000202298
9 0.0512695 0.411621 0.102539 0.227539 0.000202656
13 0.317383 0.324219 0.09375 0.0410156 0.000205398
7 0.311035 0.492676 0.194336 0.208008 0.000211596
7 0.364746 0.526855 0.0595703 0.118164 0.000212431
13 0.690918 0.409668 0.0595703 0.0341797 0.000213265
9 0.955566 0.196289 0.0830078 0.0917969 0.000215054
1 0.76123 0.45166 0.129883 0.194336 0.000216961
7 0.694824 0.470215 0.297852 0.319336 0.00022006
11 0.379395 0.111328 0.0810547 0.0175781 0.000221133
9 0.636719 0.42627 0.0507812 0.0693359 0.000231504
9 0.73584 0.636719 0.137695 0.0371094 0.000236273
3 0.268066 0.956543 0.436523 0.0869141 0.000243425
11 0.308105 0.143066 0.0927734 0.0615234 0.000248432
9 0.776855 0.468262 0.0732422 0.0966797 0.000252247
7 0.681641 0.533203 0.193359 0.251953 0.000252962
8 0.649902 0.333008 0.0205078 0.015625 0.000253916
11 0.290527 0.839844 0.356445 0.298828 0.000257254
9 0.422363 0.576172 0.0341797 0.0234375 0.000257492
11 0.331055 0.141113 0.109375 0.0361328 0.000260353
13 0.737305 0.630859 0.119141 0.0390625 0.000263929
11 0.76123 0.45166 0.129883 0.194336 0.000273228
2 0.34082 0.265625 0.0136719 0.0136719 0.000273943
13 0.637207 0.319336 0.0634766 0.0742188 0.000281096
13 0.772949 0.496582 0.0830078 0.0341797 0.000285625
5 0.266113 0.444336 0.194336 0.246094 0.000290394
6 0.223633 0.406738 0.119141 0.208008 0.000290871
9 0.34082 0.265625 0.0136719 0.0136719 0.000295162
7 0.0454102 0.46582 0.0908203 0.123047 0.000295401
9 0.101562 0.58252 0.105469 0.19043 0.000300407
13 0.265137 0.44043 0.19043 0.232422 0.00031209
13 0.772461 0.492188 0.0898438 0.0742188 0.00031662
7 0.270508 0.388184 0.146484 0.147461 0.000322342
11 0.606934 0.126953 0.0830078 0.0292969 0.000327826
13 0.74707 0.477051 0.113281 0.0751953 0.000332117
6 0.143066 0.09375 0.286133 0.1875 0.000332594
7 0.613281 0.390625 0.0742188 0.113281 0.000340462
11 0.287598 0.625488 0.19043 0.0361328 0.000344515
9 0.848145 0.487305 0.0107422 0.00976562 0.000345469
9 0.987305 0.287109 0.0214844 0.0449219 0.000352144
9 0.217285 0.491699 0.0634766 0.0517578 0.000366449
10 0.296387 0.939941 0.487305 0.120117 0.00037241
9 0.871582 0.459961 0.0283203 0.0605469 0.000378609
11 0.383789 0.125977 0.103516 0.0273438 0.0003829
9 0.364258 0.556152 0.0371094 0.0537109 0.000405073
9 0.716797 0.463379 0.230469 0.219727 0.000415564
8 0.253906 0.433105 0.173828 0.233398 0.000416994
11 0.577148 0.139648 0.0605469 0.0390625 0.000421286
13 0.360352 0.15625 0.0488281 0.0527344 0.000423908
11 0.373535 0.115234 0.133789 0.0234375 0.000438213
11 0.65332 0.132812 0.150391 0.0351562 0.000445366
8 0.76123 0.45166 0.129883 0.194336 0.000451565
9 0.983398 0.00830078 0.0175781 0.0166016 0.000501156
9 0.270508 0.40332 0.164062 0.171875 0.000509739
9 0.850098 0.487305 0.0166016 0.0214844 0.0005126
5 0.143066 0.09375 0.286133 0.1875 0.0005126
8 0.239746 0.609863 0.00878906 0.00878906 0.000519276
9 0.613281 0.390625 0.0742188 0.113281 0.000534058
7 0.365234 0.550781 0.0390625 0.0605469 0.000534534
7 0.777832 0.433594 0.0908203 0.117188 0.000542641
13 0.654785 0.273926 0.0654297 0.0966797 0.000545025
13 0.34375 0.332031 0.117188 0.0566406 0.000551224
9 0.291992 0.607422 0.183594 0.0683594 0.000597477
11 0.645508 0.118164 0.0996094 0.0195312 0.000629902
4 0.76123 0.45166 0.129883 0.194336 0.000718594
11 0.35791 0.13623 0.0556641 0.0322266 0.000729561
6 0.756836 0.45752 0.130859 0.188477 0.000730991
9 0.724609 0.342285 0.224609 0.446289 0.000758648
4 0.253906 0.433105 0.173828 0.233398 0.000767708
7 0.563477 0.557617 0.369141 0.193359 0.000778675
9 0.77832 0.418457 0.09375 0.149414 0.000793934
11 0.564941 0.558594 0.37207 0.167969 0.000810146
6 0.564941 0.558594 0.37207 0.167969 0.000816345
1 0.564941 0.558594 0.37207 0.167969 0.000842094
13 0.564941 0.558594 0.37207 0.167969 0.000872135
4 0.564941 0.558594 0.37207 0.167969 0.00087595
9 0.672852 0.646973 0.216797 0.0517578 0.000893593
7 0.710938 0.473633 0.199219 0.181641 0.000897408
9 0.861328 0.474609 0.03125 0.0429688 0.000899315
12 0.564941 0.558594 0.37207 0.167969 0.000910759
2 0.564941 0.558594 0.37207 0.167969 0.000910759
8 0.632812 0.214844 0.0351562 0.0273438 0.000921249
8 0.366211 0.557617 0.0332031 0.046875 0.000976086
13 0.352051 0.14502 0.0341797 0.0302734 0.00105476
8 0.0942383 0.574707 0.0712891 0.0908203 0.00106144
8 0.562988 0.560059 0.364258 0.172852 0.00106621
13 0.75293 0.465332 0.123047 0.172852 0.00109196
10 0.166992 0.670898 0.0351562 0.0585938 0.00111675
10 0.817871 0.691895 0.0302734 0.0478516 0.00114155
10 0.290527 0.839844 0.356445 0.298828 0.00122452
6 0.266113 0.444336 0.194336 0.246094 0.00124741
8 0.637695 0.242188 0.0175781 0.0117188 0.00131798
11 0.817871 0.693359 0.0341797 0.046875 0.00131893
10 0.564941 0.558594 0.37207 0.167969 0.00132751
11 0.293945 0.137695 0.0703125 0.0371094 0.00144005
11 0.166992 0.670898 0.0351562 0.0585938 0.00147629
11 0.345703 0.126465 0.128906 0.0361328 0.00168133
5 0.564941 0.558594 0.37207 0.167969 0.00169563
11 0.69873 0.131348 0.0732422 0.0380859 0.00173473
7 0.0942383 0.572266 0.0791016 0.0976562 0.00180149
0 0.545898 0.28125 0.0957031 0.0859375 0.0018158
9 0.273926 0.474609 0.204102 0.28125 0.00187778
9 0.276855 0.625488 0.186523 0.0419922 0.00223541
13 0.648438 0.302734 0.0410156 0.0488281 0.00252342
9 0.563965 0.566406 0.364258 0.162109 0.00296974
8 0.675781 0.373047 0.0195312 0.015625 0.00306892
0 0.563965 0.566406 0.364258 0.162109 0.00342941
9 0.229004 0.433105 0.116211 0.198242 0.00385094
11 0.661621 0.124512 0.0986328 0.0263672 0.00401688
7 0.223633 0.406738 0.119141 0.208008 0.00403976
8 0.34082 0.265625 0.0136719 0.0136719 0.00497055
9 0.043457 0.477539 0.0849609 0.103516 0.0051918
9 0.754395 0.466309 0.125977 0.170898 0.00548935
7 0.76123 0.45166 0.129883 0.194336 0.0080719
7 0.266113 0.444336 0.194336 0.246094 0.00989532
9 0.0996094 0.572266 0.0878906 0.101562 0.0174103
11 0.312988 0.131836 0.0712891 0.0332031 0.0187531
3 0.563477 0.558105 0.369141 0.163086 0.597656
