7 0.694336 0.966797 0.164062 0.0664062 0.000100553
7 0.244141 0.980469 0.310547 0.0390625 0.000101447
9 0.890137 0.141113 0.0830078 0.0419922 0.000102937
8 0.865234 0.501465 0.0410156 0.0302734 0.000103295
13 0.663086 0.563965 0.0800781 0.165039 0.000104249
13 0.35498 0.386719 0.0712891 0.03125 0.000104666
13 0.852539 0.499512 0.0117188 0.0146484 0.000105619
9 0.940918 0.250977 0.116211 0.357422 0.000105679
11 0.623047 0.183594 0.0605469 0.0234375 0.0001086
9 0.525879 0.449219 0.235352 0.388672 0.000110388
11 0.259277 0.202637 0.0771484 0.0341797 0.000110805
8 0.694336 0.966797 0.164062 0.0664062 0.000110865
9 0.259766 0.429199 0.316406 0.40332 0.000111222
9 0.645508 0.835938 0.380859 0.316406 0.000113249
0 0.176758 0.352051 0.353516 0.30957 0.000114739
9 0.496094 0.112793 0.253906 0.223633 0.000115752
2 0.728516 0.764648 0.144531 0.119141 0.000115871
11 0.665527 0.187012 0.0595703 0.0244141 0.000116408
9 0.296875 0.237305 0.185547 0.113281 0.000116467
13 0.258301 0.471191 0.256836 0.295898 0.000118494
8 0.766602 0.552246 0.0136719 0.0126953 0.00012058
11 0.295898 0.191895 0.140625 0.0498047 0.000120699
9 0.27002 0.378906 0.163086 0.158203 0.000124097
9 0.515137 0.710449 0.0927734 0.0849609 0.000124216
7 0.245117 0.264648 0.0761719 0.0449219 0.000125289
10 0.0922852 0.710938 0.0322266 0.0507812 0.000125527
2 0.258301 0.471191 0.256836 0.295898 0.000125885
8 0.213379 0.508301 0.0166016 0.0126953 0.000126481
8 0.853516 0.5 0.015625 0.0175781 0.000127316
7 0.789062 0.442871 0.1875 0.241211 0.000131369
6 0.25293 0.482422 0.226562 0.259766 0.000132561
11 0.400879 0.172852 0.100586 0.0195312 0.000133395
9 0.878418 0.671387 0.0908203 0.0888672 0.00013566
7 0.252441 0.476074 0.231445 0.274414 0.000136614
11 0.359375 0.177246 0.105469 0.0205078 0.000136971
11 0.635254 0.168457 0.0869141 0.0224609 0.000140429
9 0.681641 0.961914 0.183594 0.0761719 0.000140786
9 0.77002 0.383789 0.178711 0.140625 0.000141501
11 0.600586 0.190918 0.0546875 0.0380859 0.000141501
5 0.788574 0.416504 0.166992 0.182617 0.000144124
11 0.0922852 0.710449 0.0322266 0.0517578 0.000144243
9 0.75 0.83252 0.267578 0.270508 0.000144243
9 0.258789 0.280762 0.0898438 0.0654297 0.000145674
11 0.60791 0.190918 0.0458984 0.0224609 0.00014627
8 0.713867 0.541016 0.0214844 0.0195312 0.0001477
9 0.26709 0.625488 0.239258 0.0751953 0.000149488
8 0.626953 0.384277 0.0273438 0.0283203 0.000152826
11 0.70166 0.190918 0.186523 0.0400391 0.000154257
9 0.981934 0.0966797 0.0361328 0.167969 0.000159502
11 0.418945 0.192383 0.0625 0.0292969 0.000160575
8 0.251465 0.456055 0.0224609 0.0136719 0.000166297
3 0.390137 0.981445 0.362305 0.0351562 0.000169039
13 0.270508 0.39502 0.132812 0.0751953 0.000170469
5 0.272461 0.398438 0.128906 0.0742188 0.000170827
13 0.320801 0.407715 0.0419922 0.0458984 0.000177741
9 0.23291 0.410645 0.180664 0.110352 0.000178218
8 0.836426 0.411133 0.0185547 0.0214844 0.000182152
11 0.615723 0.185547 0.0224609 0.0136719 0.00018692
11 0.0078125 0.62793 0.015625 0.03125 0.000187755
2 0.868652 0.504883 0.0458984 0.03125 0.000188112
11 0.366699 0.185547 0.0634766 0.0175781 0.000191331
3 0.602051 0.981445 0.405273 0.0351562 0.000193238
9 0.24707 0.719727 0.337891 0.244141 0.000198245
9 0.854004 0.499512 0.0166016 0.0185547 0.000198603
13 0.251953 0.458008 0.0136719 0.0117188 0.000198841
9 0.974609 0.154297 0.0488281 0.191406 0.000199199
8 0.310059 0.223633 0.0439453 0.0429688 0.000199676
3 0.574707 0.548828 0.43457 0.269531 0.000203252
11 0.347656 0.187012 0.185547 0.0419922 0.000203967
9 0.966309 0.696289 0.0654297 0.107422 0.000210166
8 0.219238 0.56543 0.0166016 0.0136719 0.000210762
10 0.0078125 0.62793 0.015625 0.03125 0.000210881
7 0.257812 0.39209 0.175781 0.137695 0.000213265
9 0.15625 0.469727 0.0195312 0.0214844 0.0002141
11 0.753906 0.193359 0.119141 0.0625 0.00021863
0 0.0966797 0.320312 0.193359 0.273438 0.000219345
3 0.569336 0.319824 0.101562 0.0908203 0.00022471
8 0.15625 0.469238 0.0292969 0.0380859 0.000227928
7 0.582031 0.593262 0.414062 0.135742 0.000230312
9 0.251953 0.458008 0.0136719 0.0117188 0.000233889
6 0.581055 0.592773 0.417969 0.162109 0.000237703
4 0.581055 0.592773 0.417969 0.162109 0.000245094
11 0.581055 0.592773 0.417969 0.162109 0.000257015
9 0.255371 0.957031 0.333008 0.0820312 0.000261307
11 0.622559 0.177246 0.0888672 0.0341797 0.000261784
5 0.203613 0.534668 0.165039 0.200195 0.000263691
9 0.789062 0.442871 0.1875 0.241211 0.000267982
1 0.581055 0.592773 0.417969 0.162109 0.000269175
9 0.778809 0.74707 0.258789 0.134766 0.000270844
7 0.255371 0.957031 0.333008 0.0820312 0.000273705
9 0.149414 0.653809 0.117188 0.102539 0.000282288
10 0.909668 0.699707 0.0517578 0.0830078 0.000282288
13 0.878418 0.510254 0.0341797 0.0166016 0.000283241
9 0.507812 0.709473 0.115234 0.192383 0.000285387
11 0.297852 0.183105 0.0742188 0.0185547 0.000291348
2 0.581055 0.592773 0.417969 0.162109 0.000305891
8 0.582031 0.593262 0.414062 0.135742 0.000307322
13 0.582031 0.593262 0.414062 0.135742 0.000312328
3 0.591309 0.643066 0.407227 0.131836 0.000318289
10 0.233887 0.911133 0.329102 0.169922 0.000324488
9 0.570312 0.323242 0.105469 0.109375 0.00032711
8 0.236328 0.540039 0.0273438 0.0234375 0.000333548
13 0.278809 0.306152 0.118164 0.0830078 0.000334501
8 0.821777 0.588379 0.0224609 0.0205078 0.000346184
11 0.604492 0.166504 0.0605469 0.0224609 0.000352144
12 0.582031 0.593262 0.414062 0.135742 0.000352144
7 0.725586 0.762695 0.134766 0.111328 0.000361919
13 0.260742 0.286621 0.09375 0.0576172 0.000362158
2 0.251953 0.458008 0.0136719 0.0117188 0.000370979
6 0.272461 0.398438 0.128906 0.0742188 0.000377655
11 0.352539 0.181641 0.0703125 0.015625 0.000409603
5 0.806641 0.491699 0.181641 0.313477 0.000410557
11 0.429688 0.175781 0.0664062 0.0214844 0.00041151
9 0.487793 0.692383 0.168945 0.316406 0.000414848
11 0.396484 0.180176 0.0722656 0.0185547 0.000431538
9 0.961914 0.100586 0.0761719 0.201172 0.000433445
10 0.581055 0.592773 0.417969 0.162109 0.000506878
9 0.510254 0.374512 0.200195 0.202148 0.000507355
11 0.774902 0.192383 0.0654297 0.0390625 0.000537872
11 0.909668 0.699707 0.0517578 0.0830078 0.00055027
9 0.769043 0.427734 0.268555 0.384766 0.000556946
5 0.25293 0.585938 0.234375 0.146484 0.00057888
9 0.237305 0.474609 0.203125 0.261719 0.000600815
5 0.240234 0.649414 0.28125 0.111328 0.000632763
13 0.341309 0.398438 0.0556641 0.0546875 0.000644684
9 0.924805 0.128906 0.150391 0.251953 0.00067234
9 0.270996 0.395508 0.135742 0.078125 0.00069046
11 0.628906 0.162109 0.0605469 0.0136719 0.000711441
13 0.245605 0.272461 0.0830078 0.046875 0.000712872
5 0.582031 0.593262 0.414062 0.135742 0.000732899
9 0.493652 0.825684 0.18457 0.321289 0.000747681
0 0.582031 0.597656 0.410156 0.130859 0.000759125
11 0.674805 0.171875 0.119141 0.03125 0.000890732
10 0.231934 0.980469 0.301758 0.0390625 0.000893593
13 0.868652 0.505859 0.0478516 0.0253906 0.000902176
8 0.36084 0.418457 0.0185547 0.0185547 0.000904083
11 0.639648 0.19043 0.0996094 0.0332031 0.000909805
11 0.387695 0.190918 0.0957031 0.0283203 0.000982285
9 0.866211 0.50293 0.0429688 0.0292969 0.00108528
11 0.413574 0.181641 0.0849609 0.0273438 0.00109196
11 0.277832 0.193359 0.0869141 0.0332031 0.00127506
5 0.250488 0.530273 0.15332 0.142578 0.00127888
13 0.331055 0.398926 0.0273438 0.0498047 0.00139236
8 0.725586 0.762695 0.134766 0.111328 0.00151443
9 0.582031 0.593262 0.414062 0.135742 0.00152111
7 0.270996 0.395508 0.135742 0.078125 0.00161076
11 0.648438 0.163086 0.0761719 0.0175781 0.00183487
8 0.155762 0.467285 0.0205078 0.0205078 0.00183773
9 0.227539 0.658203 0.267578 0.130859 0.00195503
11 0.310547 0.183594 0.128906 0.0253906 0.00209236
11 0.708984 0.180664 0.140625 0.03125 0.0022316
11 0.663086 0.183105 0.105469 0.0302734 0.00261116
10 0.255371 0.957031 0.333008 0.0820312 0.0031395
0 0.516602 0.353516 0.207031 0.15625 0.00358009
8 0.251953 0.458496 0.0117188 0.0107422 0.0036335
9 0.728516 0.764648 0.144531 0.119141 0.0038147
11 0.36377 0.183594 0.137695 0.0234375 0.00382233
10 0.908691 0.699219 0.0361328 0.0527344 0.00416183
11 0.907715 0.698242 0.0361328 0.0527344 0.0050354
11 0.745117 0.186035 0.09375 0.0361328 0.00589371
5 0.251465 0.48291 0.206055 0.25293 0.00623322
0 0.570312 0.318848 0.105469 0.0986328 0.0593262
3 0.582031 0.594238 0.414062 0.125977 0.303955
