8 0.561035 0.49707 0.374023 0.107422 0.000102043
13 0.625 0.364746 0.0664062 0.0361328 0.000106037
11 0.0141602 0.615234 0.0244141 0.0449219 0.000106156
8 0.72998 0.205566 0.0283203 0.0126953 0.000106573
8 0.752441 0.393066 0.0146484 0.0146484 0.000107169
2 0.996094 0.810059 0.0078125 0.0166016 0.000108659
12 0.119629 0.48877 0.188477 0.25293 0.000108957
7 0.816895 0.470215 0.0771484 0.0966797 0.000109434
13 0.624023 0.299805 0.1875 0.167969 0.000110149
9 0.498535 0.344727 0.213867 0.302734 0.000110984
9 0.888672 0.355469 0.21875 0.423828 0.000112116
13 0.772949 0.204102 0.0439453 0.0566406 0.000113308
8 0.995117 0.807129 0.00976562 0.0322266 0.000113845
9 0.175781 0.96582 0.0390625 0.0234375 0.00011462
8 0.206055 0.466309 0.0351562 0.0283203 0.000115037
9 0.981445 0.578613 0.0332031 0.112305 0.000115275
3 0.966309 0.466797 0.0673828 0.111328 0.000116289
11 0.00488281 0.556641 0.00976562 0.0371094 0.000116587
8 0.737305 0.208984 0.0195312 0.0195312 0.000118315
2 0.561035 0.49707 0.374023 0.107422 0.000119328
7 0.711426 0.242676 0.0966797 0.0888672 0.000119686
9 0.574219 0.166016 0.0507812 0.0371094 0.000121534
8 0.307617 0.327637 0.00976562 0.0126953 0.000121653
11 0.59082 0.122559 0.0917969 0.0458984 0.000122309
8 0.76123 0.525391 0.0244141 0.015625 0.000122428
7 0.996094 0.810059 0.0078125 0.0166016 0.000123143
9 0.15918 0.48584 0.0390625 0.0400391 0.00012362
13 0.375488 0.0922852 0.0771484 0.0185547 0.000125885
10 0.0297852 0.626953 0.0576172 0.0644531 0.000126243
11 0.601562 0.0952148 0.09375 0.0166016 0.000131249
7 0.575195 0.166016 0.0507812 0.0390625 0.000136256
9 0.00927734 0.538574 0.0185547 0.0322266 0.000136971
0 0.569336 0.285645 0.0878906 0.15332 0.000137568
8 0.786133 0.510254 0.0195312 0.0185547 0.000137568
13 0.71875 0.250977 0.0976562 0.0800781 0.000138402
3 0.224121 0.0512695 0.448242 0.102539 0.000139594
9 0.929688 0.779297 0.130859 0.306641 0.000139832
8 0.166992 0.400391 0.0332031 0.0234375 0.000139832
12 0.900391 0.633301 0.199219 0.532227 0.000144124
9 0.821289 0.297852 0.0566406 0.0371094 0.000144362
6 0.184082 0.451172 0.139648 0.132812 0.000146627
9 0.0195312 0.560059 0.0390625 0.0927734 0.000146985
11 0.0297852 0.626953 0.0576172 0.0644531 0.00014782
0 0.496094 0.339844 0.207031 0.279297 0.000148773
12 0.561035 0.49707 0.374023 0.107422 0.000149608
8 0.794922 0.444824 0.130859 0.178711 0.000150323
7 0.0371094 0.458984 0.0742188 0.183594 0.0001508
10 0.23584 0.626465 0.323242 0.0810547 0.000150919
10 0.561035 0.501953 0.375977 0.115234 0.00015223
11 0.914551 0.64209 0.170898 0.467773 0.000152588
7 0.330078 0.463379 0.101562 0.0947266 0.000153661
13 0.707031 0.275879 0.109375 0.0576172 0.000154138
9 0.166504 0.457031 0.112305 0.132812 0.00015676
11 0.0102539 0.601074 0.0185547 0.0400391 0.000157118
13 0.996094 0.810059 0.0078125 0.0166016 0.00015974
9 0.799805 0.496582 0.0292969 0.0283203 0.000163436
9 0.824219 0.333496 0.0429688 0.0341797 0.000170588
9 0.182129 0.40625 0.0615234 0.0371094 0.000174046
13 0.640625 0.273438 0.105469 0.128906 0.000175476
13 0.266113 0.319336 0.0654297 0.0234375 0.00017786
11 0.625 0.102051 0.0859375 0.0322266 0.00018084
9 0.943359 0.65625 0.113281 0.601562 0.000181079
9 0.708984 0.240234 0.09375 0.0820312 0.000181198
8 0.358887 0.486328 0.0380859 0.0410156 0.000182152
9 0.462891 0.513672 0.15625 0.171875 0.00018549
9 0.443359 0.0395508 0.46875 0.0791016 0.000195265
2 0.377441 0.311035 0.0146484 0.0146484 0.000198007
8 0.568848 0.166992 0.0400391 0.0351562 0.000201702
5 0.725098 0.380859 0.243164 0.3125 0.000202179
10 0.015625 0.547852 0.03125 0.0527344 0.000203848
9 0.499512 0.279297 0.219727 0.136719 0.000208139
7 0.182129 0.40625 0.0615234 0.0371094 0.000210524
11 0.564941 0.129883 0.0537109 0.0664062 0.000211239
11 0.580566 0.104004 0.0458984 0.0185547 0.000213742
7 0.236816 0.44873 0.239258 0.12793 0.000213981
13 0.712891 0.211914 0.0664062 0.0292969 0.000215173
10 0.0268555 0.532227 0.0537109 0.214844 0.000216126
9 0.131348 0.448242 0.180664 0.21875 0.000216484
0 0.544922 0.248535 0.0625 0.0732422 0.000222087
10 0.00830078 0.549805 0.0166016 0.0390625 0.000225544
8 0.681152 0.046875 0.0126953 0.00976562 0.000227571
9 0.0390625 0.591797 0.078125 0.150391 0.000228643
8 0.449707 0.184082 0.0185547 0.0166016 0.000229239
8 0.182129 0.40625 0.0556641 0.0351562 0.000233889
11 0.350098 0.101562 0.104492 0.03125 0.000233889
8 0.303223 0.357422 0.0107422 0.00976562 0.000235796
11 0.0166016 0.538574 0.0332031 0.0419922 0.00023675
8 0.354004 0.353516 0.0205078 0.015625 0.000237823
4 0.794922 0.444824 0.130859 0.178711 0.00023818
3 0.557617 0.467773 0.40625 0.271484 0.000242829
0 0.568359 0.23877 0.0703125 0.0673828 0.000244856
11 0.398438 0.104004 0.0722656 0.0419922 0.000260592
5 0.561523 0.496582 0.376953 0.108398 0.000264168
11 0.617188 0.100098 0.0507812 0.0126953 0.000264645
7 0.762695 0.416504 0.191406 0.237305 0.000268221
9 0.0239258 0.514648 0.0478516 0.199219 0.000270844
9 0.947266 0.396973 0.105469 0.475586 0.000274658
9 0.996094 0.810059 0.0078125 0.0166016 0.000274658
8 0.306641 0.472656 0.0253906 0.0214844 0.00027585
9 0.23584 0.625977 0.313477 0.0761719 0.000277042
5 0.22998 0.479004 0.272461 0.186523 0.000277042
9 0.015625 0.540527 0.03125 0.0478516 0.000277758
13 0.64502 0.348145 0.0751953 0.0634766 0.000280619
13 0.775391 0.20166 0.0195312 0.0458984 0.000286818
11 0.00830078 0.549316 0.0166016 0.0380859 0.000287533
11 0.603027 0.109863 0.112305 0.0400391 0.000290632
6 0.550781 0.262207 0.109375 0.110352 0.000303507
0 0.0620117 0.953613 0.0849609 0.0908203 0.000303745
6 0.253418 0.440918 0.233398 0.141602 0.000310898
9 0.065918 0.520996 0.131836 0.391602 0.000318766
8 0.760742 0.519531 0.03125 0.0273438 0.000329733
9 0.0629883 0.419434 0.0419922 0.219727 0.000329971
3 0.0336914 0.459473 0.0673828 0.168945 0.000338554
9 0.0380859 0.62793 0.0722656 0.0644531 0.000344515
9 0.213379 0.441406 0.196289 0.134766 0.000344992
12 0.95459 0.532715 0.0869141 0.356445 0.000346661
8 0.771484 0.486328 0.0136719 0.0136719 0.000353098
9 0.11084 0.350586 0.22168 0.419922 0.000356197
4 0.55127 0.263184 0.108398 0.114258 0.000357866
8 0.790039 0.505371 0.0292969 0.0263672 0.00036931
8 0.15918 0.48584 0.0390625 0.0400391 0.000384092
7 0.803223 0.493164 0.0341797 0.0371094 0.000391722
7 0.55127 0.263184 0.108398 0.114258 0.000399113
8 0.816406 0.479004 0.0390625 0.0322266 0.000413656
13 0.727051 0.288086 0.0595703 0.0351562 0.000415325
8 0.37207 0.15332 0.0117188 0.00976562 0.000421286
9 0.807129 0.487793 0.0419922 0.0439453 0.000436783
0 0.561035 0.501953 0.375977 0.115234 0.000455379
13 0.64502 0.253418 0.0576172 0.0966797 0.0004673
5 0.782227 0.436035 0.162109 0.198242 0.000475883
13 0.696289 0.300781 0.126953 0.0996094 0.000484705
12 0.55127 0.263184 0.108398 0.114258 0.000496864
9 0.741699 0.355957 0.235352 0.374023 0.000497341
11 0.378906 0.0854492 0.0859375 0.0166016 0.00050354
11 0.402344 0.0913086 0.0507812 0.0146484 0.000513554
10 0.199707 0.64502 0.399414 0.143555 0.000543118
7 0.169434 0.456055 0.114258 0.130859 0.000552177
5 0.55127 0.263184 0.108398 0.114258 0.000555992
7 0.811035 0.483887 0.0439453 0.0380859 0.000558376
8 0.807129 0.487793 0.0419922 0.0439453 0.00055933
9 0.168457 0.347656 0.0380859 0.0292969 0.000564098
1 0.550781 0.262207 0.109375 0.110352 0.000590801
13 0.72998 0.274902 0.0751953 0.0419922 0.000606537
11 0.416504 0.0981445 0.0478516 0.0322266 0.000619411
5 0.20752 0.442383 0.180664 0.158203 0.000628471
9 0.234375 0.370117 0.263672 0.3125 0.000641823
13 0.550781 0.262207 0.109375 0.110352 0.000667095
9 0.561035 0.496094 0.375977 0.126953 0.000684261
13 0.663574 0.324219 0.106445 0.0976562 0.000718117
9 0.803223 0.447266 0.106445 0.158203 0.000734329
5 0.288086 0.447266 0.177734 0.117188 0.000736713
2 0.550781 0.262207 0.109375 0.110352 0.000776291
11 0.550781 0.262207 0.109375 0.110352 0.000816822
6 0.797363 0.449707 0.12793 0.168945 0.000823021
8 0.55127 0.263184 0.108398 0.114258 0.000864029
8 0.378906 0.310059 0.015625 0.0146484 0.00104713
10 0.55127 0.263184 0.108398 0.114258 0.00105
11 0.595215 0.100098 0.0595703 0.0126953 0.00105762
9 0.962891 0.51123 0.0703125 0.268555 0.00112057
8 0.996094 0.810059 0.0078125 0.0166016 0.00121212
9 0.782715 0.405273 0.151367 0.257812 0.00127602
11 0.37793 0.0922852 0.0996094 0.0341797 0.00133324
9 0.550781 0.262207 0.109375 0.110352 0.00146484
8 0.799805 0.500488 0.0292969 0.0244141 0.00151157
9 0.0473633 0.450684 0.0947266 0.213867 0.00197601
11 0.399902 0.0932617 0.0908203 0.0224609 0.00227547
3 0.550781 0.253906 0.109375 0.0957031 0.00243187
11 0.574707 0.11377 0.0615234 0.0361328 0.00269699
3 0.964844 0.490723 0.0683594 0.241211 0.00308609
11 0.630859 0.101562 0.0625 0.0175781 0.00343895
7 0.80127 0.444824 0.112305 0.157227 0.00388336
0 0.518555 0.277344 0.189453 0.142578 0.00452805
5 0.248047 0.400391 0.25 0.232422 0.00577927
11 0.603516 0.103027 0.0878906 0.0205078 0.00627136
11 0.353516 0.09375 0.0722656 0.0214844 0.00720596
11 0.375 0.0908203 0.0761719 0.0175781 0.0321045
3 0.554688 0.495117 0.375 0.111328 0.145874
0 0.550781 0.253906 0.109375 0.0957031 0.602051
