0 0.572266 0.379395 0.130859 0.0966797 0.000103712
7 0.475586 0.317383 0.0566406 0.0488281 0.000104368
11 0.449219 0.25293 0.105469 0.0332031 0.000104427
4 0.322266 0.601562 0.109375 0.115234 0.000104427
11 0.734863 0.232422 0.0810547 0.113281 0.00010556
13 0.712891 0.640625 0.15625 0.185547 0.000106037
11 0.208008 0.790527 0.03125 0.0458984 0.000106096
11 0.316895 0.614258 0.0712891 0.0488281 0.000106394
12 0.336914 0.643555 0.146484 0.138672 0.000106752
13 0.769043 0.63916 0.0791016 0.124023 0.000106752
9 0.453125 0.708008 0.0195312 0.0175781 0.000107706
5 0.333496 0.599609 0.118164 0.111328 0.000109792
11 0.696777 0.732422 0.0615234 0.0214844 0.000109971
11 0.459473 0.211426 0.0947266 0.0361328 0.000110149
7 0.374023 0.384766 0.0878906 0.0527344 0.000110388
8 0.355469 0.382812 0.0703125 0.0351562 0.000110388
10 0.338867 0.640137 0.150391 0.141602 0.000110567
10 0.718262 0.76709 0.229492 0.0361328 0.000111103
8 0.780273 0.647949 0.0410156 0.0400391 0.000113606
11 0.730957 0.162109 0.538086 0.324219 0.000113845
11 0.640137 0.209961 0.0478516 0.0195312 0.000114322
13 0.673828 0.602539 0.0625 0.0585938 0.000114501
11 0.19873 0.78418 0.0634766 0.0761719 0.000114739
3 0.785645 0.376465 0.428711 0.743164 0.000114918
9 0.661621 0.755859 0.161133 0.046875 0.000115931
4 0.739746 0.583008 0.129883 0.181641 0.000117421
10 0.904785 0.875 0.19043 0.25 0.00011766
7 0.397949 0.641602 0.118164 0.134766 0.000119686
13 0.360352 0.383301 0.0214844 0.0166016 0.000120342
0 0.739746 0.0859375 0.374023 0.171875 0.000120878
7 0.291016 0.625 0.09375 0.121094 0.000121117
7 0.904785 0.875 0.19043 0.25 0.000122428
8 0.333008 0.600098 0.115234 0.112305 0.000125051
8 0.28125 0.651855 0.0292969 0.0283203 0.000125289
9 0.276855 0.488281 0.0185547 0.0175781 0.000126004
9 0.477539 0.66748 0.152344 0.204102 0.000126481
9 0.27002 0.223633 0.0419922 0.0351562 0.0001266
11 0.754395 0.26123 0.0595703 0.0556641 0.0001266
4 0.904785 0.875 0.19043 0.25 0.000130296
8 0.741699 0.579102 0.0205078 0.0175781 0.000130296
1 0.172852 0.497559 0.345703 0.43457 0.000130773
12 0.725586 0.40918 0.279297 0.720703 0.000131726
13 0.359375 0.278809 0.0273438 0.0439453 0.000132918
9 0.161621 0.530762 0.323242 0.567383 0.000133157
8 0.306641 0.630859 0.0527344 0.0566406 0.000136614
7 0.29834 0.607422 0.0302734 0.0253906 0.000138283
2 0.336914 0.643555 0.146484 0.138672 0.00014019
6 0.303711 0.662109 0.0976562 0.111328 0.000140667
8 0.289551 0.653809 0.0244141 0.0224609 0.000141144
9 0.303711 0.662109 0.0976562 0.111328 0.000141144
7 0.409668 0.677734 0.0654297 0.0722656 0.000143051
8 0.895996 0.862305 0.208008 0.275391 0.00014317
4 0.305664 0.640137 0.0898438 0.102539 0.00014329
1 0.598633 0.367676 0.0839844 0.0751953 0.000144482
6 0.30127 0.676758 0.0400391 0.0332031 0.000144482
13 0.904785 0.875 0.19043 0.25 0.000145197
11 0.417969 0.225098 0.113281 0.0439453 0.000145674
2 0.497559 0.681641 0.0810547 0.134766 0.000145912
8 0.172852 0.497559 0.345703 0.43457 0.000146151
4 0.172852 0.497559 0.345703 0.43457 0.000149488
9 0.32373 0.615723 0.0498047 0.0380859 0.000150323
11 0.449219 0.203125 0.078125 0.0175781 0.000151277
11 0.481934 0.325684 0.0361328 0.0283203 0.000152111
13 0.671387 0.625488 0.0888672 0.0986328 0.000152588
8 0.79248 0.70752 0.0107422 0.00878906 0.000153303
8 0.739746 0.583008 0.129883 0.181641 0.000154614
13 0.333496 0.599609 0.118164 0.111328 0.00015533
5 0.759766 0.623047 0.0566406 0.0878906 0.000155926
9 0.299805 0.678223 0.0390625 0.0341797 0.000158191
9 0.69873 0.745605 0.131836 0.0322266 0.000158787
11 0.614258 0.274902 0.0507812 0.0322266 0.000161409
7 0.32373 0.615723 0.0498047 0.0380859 0.000163317
11 0.477051 0.256836 0.0751953 0.0488281 0.000164151
2 0.172852 0.497559 0.345703 0.43457 0.000166059
9 0.37207 0.493652 0.255859 0.459961 0.000167608
2 0.904785 0.875 0.19043 0.25 0.000168681
9 0.51416 0.723633 0.0869141 0.0566406 0.000169873
10 0.759766 0.623047 0.0566406 0.0878906 0.000169992
10 0.172852 0.497559 0.345703 0.43457 0.000172138
11 0.172852 0.497559 0.345703 0.43457 0.000172496
9 0.348633 0.604492 0.138672 0.0878906 0.000172853
3 0.759766 0.624023 0.0585938 0.0820312 0.000173807
7 0.600586 0.367676 0.0800781 0.0751953 0.000175118
9 0.474121 0.678223 0.0146484 0.0166016 0.000175476
13 0.479004 0.674805 0.0263672 0.0371094 0.000175953
7 0.487305 0.666016 0.0410156 0.0488281 0.000176311
9 0.515137 0.754395 0.0947266 0.143555 0.000179768
5 0.600586 0.367676 0.0800781 0.0751953 0.000182033
8 0.352051 0.289551 0.0419922 0.0478516 0.000183582
13 0.633301 0.618652 0.0478516 0.139648 0.000183702
8 0.29248 0.610352 0.0302734 0.03125 0.000184536
8 0.475098 0.318848 0.0556641 0.0419922 0.000185251
1 0.904785 0.875 0.19043 0.25 0.000193
9 0.475586 0.317383 0.0566406 0.0488281 0.000194311
0 0.608398 0.349121 0.0546875 0.0361328 0.000195622
5 0.306152 0.628906 0.0712891 0.0761719 0.000198483
8 0.30127 0.602051 0.0283203 0.0146484 0.000201821
7 0.763672 0.660156 0.111328 0.160156 0.000202537
11 0.439453 0.241699 0.0996094 0.0361328 0.000203133
12 0.172852 0.497559 0.345703 0.43457 0.000203729
12 0.598633 0.367676 0.0839844 0.0751953 0.000205278
8 0.450684 0.501465 0.0380859 0.0380859 0.000212669
9 0.69043 0.733887 0.0878906 0.0244141 0.000213265
6 0.365723 0.610352 0.219727 0.220703 0.000214458
11 0.611816 0.255371 0.0517578 0.0830078 0.000214696
11 0.485352 0.662598 0.0332031 0.0537109 0.000216365
8 0.71875 0.706543 0.03125 0.0302734 0.000216842
11 0.443359 0.207031 0.0507812 0.0136719 0.000217676
6 0.743652 0.590332 0.0966797 0.163086 0.000219345
9 0.858887 0.63623 0.0146484 0.0126953 0.000219822
9 0.730469 0.48877 0.216797 0.459961 0.000221014
11 0.336914 0.643555 0.146484 0.138672 0.000222206
11 0.657227 0.24707 0.0625 0.0214844 0.000223279
9 0.748535 0.600098 0.0634766 0.0654297 0.000224233
13 0.306152 0.628906 0.0712891 0.0761719 0.000227094
9 0.525879 0.791504 0.131836 0.360352 0.000228286
0 0.758789 0.623047 0.0546875 0.0820312 0.000229001
4 0.755371 0.612305 0.0732422 0.158203 0.00022912
8 0.598633 0.367676 0.0839844 0.0751953 0.000234365
3 0.52002 0.693848 0.141602 0.174805 0.000238061
13 0.600098 0.368164 0.0849609 0.0761719 0.000240922
8 0.419922 0.636719 0.0234375 0.0273438 0.00024128
10 0.600098 0.368164 0.0810547 0.0761719 0.000241995
11 0.647949 0.240234 0.0927734 0.0507812 0.000244856
11 0.828125 0.810547 0.0585938 0.0625 0.000253916
7 0.352051 0.289551 0.0419922 0.0478516 0.000259876
0 0.601074 0.38623 0.0927734 0.161133 0.000263929
12 0.904785 0.875 0.19043 0.25 0.000264883
0 0.901855 0.494629 0.196289 0.551758 0.00026536
13 0.359375 0.37793 0.0449219 0.0292969 0.000270844
13 0.349121 0.309082 0.0556641 0.0966797 0.000278711
13 0.476562 0.676758 0.015625 0.0214844 0.000282526
11 0.651367 0.220215 0.117188 0.0458984 0.000286579
0 0.904785 0.875 0.19043 0.25 0.000294685
11 0.487793 0.222168 0.0439453 0.0302734 0.000295401
11 0.61377 0.225098 0.0439453 0.0478516 0.000298738
10 0.828125 0.810547 0.0585938 0.0625 0.000303745
9 0.588867 0.693359 0.283203 0.125 0.000307083
7 0.303711 0.661621 0.0957031 0.110352 0.000309706
7 0.30127 0.676758 0.0400391 0.0332031 0.000312328
8 0.453125 0.708008 0.0195312 0.0175781 0.000313044
12 0.304199 0.61377 0.0400391 0.0380859 0.000314474
9 0.20752 0.640625 0.0185547 0.0253906 0.000317097
2 0.481934 0.325684 0.0361328 0.0283203 0.000318527
13 0.369141 0.35791 0.09375 0.0966797 0.000321388
2 0.487305 0.666016 0.0625 0.0605469 0.000322342
9 0.374023 0.384766 0.0878906 0.0527344 0.000328779
11 0.602539 0.268066 0.0390625 0.0380859 0.000334263
11 0.664062 0.739258 0.148438 0.03125 0.000337839
9 0.495117 0.666016 0.0625 0.0625 0.000340462
5 0.357422 0.559082 0.216797 0.325195 0.000342846
6 0.333496 0.599609 0.118164 0.111328 0.0003438
11 0.6875 0.211426 0.0507812 0.0224609 0.000344753
1 0.336914 0.643555 0.146484 0.138672 0.000351429
8 0.748535 0.600098 0.0634766 0.0654297 0.000354528
13 0.63623 0.672363 0.0458984 0.151367 0.000354528
12 0.759277 0.60791 0.0400391 0.0439453 0.00035882
8 0.666992 0.446289 0.0214844 0.0175781 0.000359297
11 0.354492 0.250488 0.0585938 0.0498047 0.000377655
12 0.759766 0.623047 0.0566406 0.0878906 0.000387669
5 0.330078 0.613281 0.0976562 0.0527344 0.000394344
10 0.209473 0.237793 0.418945 0.475586 0.000398159
11 0.387207 0.22998 0.0732422 0.0517578 0.000399351
8 0.742676 0.578613 0.0107422 0.00878906 0.000400066
13 0.479004 0.666016 0.0615234 0.0625 0.00040102
13 0.677734 0.61377 0.0507812 0.0302734 0.000401258
11 0.351562 0.290039 0.0449219 0.046875 0.000403643
2 0.597656 0.368652 0.0859375 0.0771484 0.000403643
13 0.659668 0.469727 0.0478516 0.0546875 0.000406027
11 0.639648 0.205566 0.0703125 0.0205078 0.000412703
13 0.652344 0.604004 0.0605469 0.102539 0.000413179
11 0.42334 0.210449 0.0751953 0.0283203 0.000413895
9 0.449219 0.712402 0.0292969 0.0283203 0.0004251
9 0.478027 0.676758 0.0185547 0.0253906 0.000432491
13 0.277344 0.488281 0.0195312 0.0175781 0.000433922
1 0.759766 0.623047 0.0566406 0.0878906 0.000456572
8 0.277344 0.488281 0.0195312 0.0175781 0.000471354
0 0.111816 0.461426 0.223633 0.512695 0.000477076
10 0.213867 0.776367 0.0351562 0.0488281 0.000482559
4 0.325195 0.621094 0.0917969 0.0546875 0.000483513
11 0.759766 0.623047 0.0566406 0.0878906 0.000485897
11 0.459961 0.24707 0.0625 0.0253906 0.000493526
5 0.304199 0.615723 0.0419922 0.0400391 0.000494003
11 0.431641 0.21875 0.0878906 0.0253906 0.000527382
5 0.756836 0.61084 0.0449219 0.0478516 0.000528336
11 0.904785 0.875 0.19043 0.25 0.000533104
11 0.600098 0.368164 0.0849609 0.0761719 0.000540257
6 0.306152 0.628906 0.0712891 0.0761719 0.000545025
13 0.71582 0.291504 0.0351562 0.0517578 0.000547409
2 0.352051 0.289551 0.0419922 0.0478516 0.000553608
7 0.718262 0.285645 0.0400391 0.0517578 0.000585556
8 0.450684 0.711914 0.0283203 0.0273438 0.000590324
9 0.71582 0.758789 0.189453 0.0371094 0.000599384
8 0.35498 0.617676 0.163086 0.180664 0.00061655
8 0.476562 0.676758 0.015625 0.0214844 0.000620842
13 0.384766 0.39502 0.105469 0.0751953 0.000640869
7 0.365723 0.610352 0.219727 0.220703 0.00064373
11 0.688965 0.225586 0.139648 0.0625 0.000648022
1 0.304199 0.61377 0.0400391 0.0380859 0.000659943
9 0.527344 0.58252 0.148438 0.43457 0.000660896
13 0.649414 0.658203 0.0878906 0.148438 0.000674248
9 0.600586 0.368164 0.0800781 0.0761719 0.000688076
10 0.303711 0.61377 0.0410156 0.0380859 0.000689983
9 0.71875 0.285156 0.0390625 0.0527344 0.000690937
8 0.366699 0.568359 0.0126953 0.00976562 0.000696659
8 0.755371 0.612305 0.0732422 0.158203 0.00069952
11 0.472168 0.216797 0.0595703 0.0234375 0.000702858
8 0.413574 0.68457 0.0498047 0.0585938 0.000711918
8 0.708984 0.579102 0.015625 0.0136719 0.00071764
11 0.634277 0.254395 0.0732422 0.0341797 0.000718117
11 0.213867 0.776367 0.0351562 0.0488281 0.000720978
13 0.336914 0.643555 0.146484 0.138672 0.000741482
9 0.664062 0.739258 0.148438 0.03125 0.000784874
7 0.481934 0.325195 0.0361328 0.0292969 0.00080204
8 0.274902 0.598145 0.0166016 0.0126953 0.000810623
8 0.685059 0.679199 0.0341797 0.0341797 0.000818729
8 0.709961 0.698242 0.015625 0.0117188 0.000824928
13 0.321777 0.614258 0.0751953 0.0449219 0.000841618
11 0.616699 0.262695 0.0634766 0.0410156 0.000871658
13 0.758789 0.625 0.0546875 0.078125 0.000876904
3 0.303223 0.613281 0.0400391 0.0410156 0.000882149
11 0.483398 0.255859 0.0488281 0.0332031 0.000898361
9 0.316406 0.60791 0.107422 0.161133 0.000905514
11 0.637695 0.214355 0.0800781 0.0302734 0.000908375
3 0.757812 0.61084 0.0429688 0.0478516 0.000916481
9 0.763672 0.618164 0.0761719 0.154297 0.000950813
7 0.763672 0.618164 0.0761719 0.154297 0.00095892
8 0.299805 0.677734 0.0390625 0.03125 0.00100422
9 0.739746 0.583008 0.129883 0.181641 0.0010128
3 0.598633 0.367676 0.0839844 0.0751953 0.00102711
5 0.35498 0.617676 0.163086 0.180664 0.00114727
11 0.68457 0.214844 0.0878906 0.03125 0.00115776
8 0.720215 0.282715 0.0400391 0.0517578 0.00116062
8 0.349609 0.156738 0.0585938 0.0576172 0.0011673
1 0.758301 0.610352 0.0419922 0.046875 0.00117207
10 0.759766 0.606934 0.0371094 0.0380859 0.00119114
0 0.304199 0.615723 0.0419922 0.0419922 0.00123978
2 0.476562 0.676758 0.015625 0.0214844 0.00124931
11 0.742188 0.249023 0.0566406 0.0507812 0.00127888
9 0.497559 0.681641 0.0810547 0.134766 0.00130749
9 0.345215 0.588379 0.188477 0.256836 0.00133705
6 0.759766 0.624023 0.0585938 0.0820312 0.00140572
5 0.323242 0.648438 0.121094 0.123047 0.00140762
2 0.758789 0.623047 0.0546875 0.0820312 0.00144577
7 0.739746 0.583008 0.129883 0.181641 0.00146389
11 0.749512 0.253906 0.0341797 0.0371094 0.00146866
8 0.318848 0.634766 0.0966797 0.121094 0.00148106
11 0.304199 0.61377 0.0400391 0.0380859 0.00148582
6 0.330078 0.61377 0.0957031 0.0517578 0.00158405
11 0.759277 0.60791 0.0400391 0.0439453 0.00164223
7 0.333496 0.599609 0.118164 0.111328 0.00164604
9 0.20459 0.635742 0.0146484 0.0136719 0.00166225
9 0.307617 0.628906 0.0683594 0.0800781 0.00168133
4 0.336914 0.643555 0.146484 0.138672 0.00179577
11 0.70752 0.221191 0.0810547 0.0439453 0.00181103
8 0.486328 0.669434 0.0371094 0.0380859 0.00184059
0 0.759766 0.606934 0.0371094 0.0380859 0.00186157
13 0.352051 0.289551 0.0439453 0.0478516 0.0019474
11 0.446289 0.210938 0.0761719 0.0195312 0.0021286
9 0.324707 0.615723 0.0869141 0.0498047 0.00225258
3 0.586426 0.689941 0.282227 0.129883 0.00271797
3 0.209473 0.237793 0.418945 0.475586 0.00272369
4 0.758789 0.623047 0.0546875 0.0820312 0.00289345
6 0.758789 0.60791 0.0371094 0.0400391 0.0029335
13 0.37207 0.378906 0.0839844 0.046875 0.00343513
9 0.349609 0.289551 0.0449219 0.0478516 0.00356483
8 0.316895 0.614258 0.0712891 0.0488281 0.003582
7 0.306152 0.628906 0.0712891 0.0761719 0.0036068
13 0.484863 0.666504 0.0322266 0.0517578 0.00368118
9 0.481934 0.325195 0.0361328 0.0292969 0.00377655
13 0.758789 0.60791 0.0390625 0.0419922 0.00410843
13 0.304199 0.61377 0.0400391 0.0380859 0.00428009
2 0.484863 0.66748 0.0341797 0.0498047 0.00436783
11 0.662109 0.208984 0.101562 0.0234375 0.004776
10 0.833008 0.8125 0.03125 0.0507812 0.00492859
6 0.338867 0.640137 0.150391 0.141602 0.00494003
6 0.305664 0.615234 0.0429688 0.0410156 0.00516129
7 0.325195 0.615723 0.0859375 0.0498047 0.00559616
11 0.833008 0.8125 0.03125 0.0507812 0.00561905
2 0.304199 0.61377 0.0400391 0.0380859 0.00565338
2 0.759277 0.609863 0.0400391 0.0439453 0.0078125
9 0.341309 0.644043 0.147461 0.137695 0.008461
4 0.305664 0.615234 0.0429688 0.0410156 0.00856018
9 0.486816 0.667969 0.0400391 0.0429688 0.00906372
9 0.759766 0.623047 0.0566406 0.0878906 0.0106583
9 0.513184 0.70459 0.129883 0.188477 0.0133972
8 0.481934 0.325195 0.0361328 0.0292969 0.0138931
4 0.758301 0.610352 0.0419922 0.046875 0.014122
11 0.370605 0.239746 0.0673828 0.0517578 0.0142822
7 0.338867 0.640137 0.150391 0.141602 0.0174561
11 0.725586 0.234375 0.0800781 0.0605469 0.018219
9 0.303223 0.613281 0.0400391 0.0410156 0.0205536
7 0.759766 0.623047 0.0566406 0.0878906 0.0233917
9 0.758301 0.608887 0.0380859 0.0419922 0.0320435
8 0.758789 0.623047 0.0546875 0.0820312 0.033844
7 0.305664 0.615234 0.0429688 0.0410156 0.0457153
7 0.758301 0.609863 0.0419922 0.0458984 0.0586853
0 0.600098 0.367676 0.0830078 0.0751953 0.26709
8 0.304199 0.61377 0.0400391 0.0380859 0.412354
8 0.759277 0.609375 0.0400391 0.0449219 0.538086
