9 0.217285 0.675293 0.0595703 0.0517578 0.000100136
8 0.166992 0.532227 0.333984 0.462891 0.000100434
7 0.128418 0.669434 0.110352 0.135742 0.00010103
4 0.147949 0.133789 0.28418 0.265625 0.000101209
9 0.231445 0.707031 0.208984 0.173828 0.000101686
13 0.722168 0.650391 0.204102 0.046875 0.000101745
8 0.483887 0.360352 0.202148 0.138672 0.00010252
9 0.651367 0.646973 0.130859 0.0986328 0.000102878
8 0.775879 0.569336 0.0205078 0.0214844 0.000103056
9 0.987305 0.828125 0.0234375 0.222656 0.000104368
10 0.275391 0.506836 0.248047 0.392578 0.000105321
8 0.689453 0.431152 0.242188 0.24707 0.00010556
9 0.828613 0.170898 0.0966797 0.0351562 0.000107646
8 0.72998 0.519043 0.0166016 0.0126953 0.000107706
0 0.576172 0.0698242 0.240234 0.139648 0.000107884
2 0.574707 0.334961 0.0126953 0.0117188 0.000108302
7 0.547852 0.609863 0.363281 0.129883 0.000108361
2 0.166992 0.532227 0.333984 0.462891 0.000109673
13 0.0239258 0.254883 0.0478516 0.0195312 0.000110149
2 0.540527 0.0180664 0.0673828 0.0361328 0.000110567
9 0.60498 0.96875 0.209961 0.0625 0.000110686
9 0.13916 0.730957 0.0966797 0.0966797 0.000110745
8 0.708008 0.517578 0.199219 0.195312 0.000112236
13 0.705078 0.503906 0.191406 0.230469 0.000112593
9 0.293457 0.628906 0.241211 0.236328 0.00011307
9 0.0668945 0.516113 0.124023 0.370117 0.000113547
6 0.786133 0.116699 0.427734 0.233398 0.000113785
9 0.943848 0.715332 0.110352 0.524414 0.000114799
9 0.0673828 0.646484 0.121094 0.140625 0.000114799
4 0.689453 0.431152 0.242188 0.24707 0.000115573
13 0.644043 0.604492 0.0849609 0.0761719 0.000115633
9 0.225586 0.686523 0.0273438 0.0234375 0.000116587
13 0.20459 0.442871 0.0791016 0.0673828 0.000116825
13 0.208984 0.537109 0.0722656 0.0546875 0.000116944
6 0.741699 0.451172 0.0869141 0.0917969 0.000120282
11 0.737305 0.114258 0.525391 0.228516 0.000120461
13 0.59082 0.276367 0.0253906 0.0195312 0.000121772
11 0.330566 0.219727 0.141602 0.0488281 0.000122905
11 0.349609 0.20166 0.0898438 0.0224609 0.000122905
13 0.243652 0.527832 0.0673828 0.0283203 0.000123024
0 0.0854492 0.768555 0.170898 0.201172 0.000123501
13 0.200684 0.519531 0.0361328 0.0195312 0.000123978
9 0.399902 0.296387 0.0478516 0.137695 0.00012517
11 0.54541 0.193359 0.0478516 0.0136719 0.000126004
8 0.217773 0.374512 0.015625 0.0185547 0.000126123
9 0.387695 0.290039 0.0371094 0.0332031 0.000127554
0 0.522461 0.335449 0.0625 0.0732422 0.000127912
13 0.263184 0.412109 0.0517578 0.0273438 0.000128865
1 0.20166 0.211426 0.40332 0.407227 0.000129223
12 0.524414 0.341309 0.111328 0.0927734 0.000129342
11 0.483887 0.360352 0.202148 0.138672 0.000130892
9 0.740723 0.646484 0.12207 0.03125 0.000132322
0 0.637695 0.989746 0.15625 0.0205078 0.000132918
8 0.547852 0.609863 0.363281 0.129883 0.000133157
9 0.182617 0.746582 0.0371094 0.0439453 0.000133276
1 0.524414 0.341309 0.111328 0.0927734 0.000133514
9 0.636719 0.694336 0.0878906 0.0644531 0.000133991
9 0.689941 0.668457 0.166992 0.0517578 0.000135064
2 0.737305 0.114258 0.525391 0.228516 0.000135303
4 0.20166 0.211426 0.40332 0.407227 0.000137925
10 0.737305 0.114258 0.525391 0.228516 0.000138164
8 0.0571289 0.583984 0.114258 0.121094 0.000140071
9 0.248535 0.366211 0.108398 0.103516 0.000140309
7 0.59082 0.275391 0.0253906 0.0175781 0.000140548
10 0.971191 0.846191 0.0576172 0.280273 0.000140786
0 0.182129 0.745605 0.0341797 0.0458984 0.000142217
5 0.233398 0.523438 0.130859 0.103516 0.000142217
0 0.133301 0.853516 0.266602 0.267578 0.000142813
11 0.194824 0.741699 0.0947266 0.0771484 0.000144243
13 0.0668945 0.234863 0.124023 0.0498047 0.000144362
7 0.521973 0.34082 0.116211 0.0957031 0.000144482
9 0.230469 0.692871 0.132812 0.12207 0.000144601
3 0.182129 0.749023 0.0322266 0.0410156 0.00014472
5 0.209961 0.644043 0.0859375 0.106445 0.000145912
1 0.547852 0.609863 0.363281 0.129883 0.00014627
8 0.244629 0.424805 0.0107422 0.0117188 0.000146389
9 0.0961914 0.710938 0.192383 0.228516 0.000147462
13 0.181641 0.749023 0.0332031 0.0410156 0.000149131
8 0.694336 0.518066 0.0390625 0.0322266 0.000151157
13 0.243652 0.53418 0.125977 0.0390625 0.000154734
7 0.132812 0.135742 0.244141 0.261719 0.000154853
13 0.20166 0.527832 0.0458984 0.0361328 0.000155449
9 0.724609 0.637207 0.224609 0.0908203 0.000156403
2 0.59082 0.275879 0.0273438 0.0185547 0.000157356
5 0.214844 0.475586 0.121094 0.140625 0.000158072
8 0.429199 0.51709 0.0341797 0.0263672 0.000158906
13 0.311523 0.476562 0.0957031 0.0546875 0.000159264
3 0.709961 0.17334 0.580078 0.293945 0.000161886
12 0.166992 0.532227 0.333984 0.462891 0.000162244
11 0.153809 0.52832 0.307617 0.427734 0.000163078
13 0.655273 0.618164 0.0546875 0.0390625 0.000165105
5 0.524902 0.34082 0.110352 0.0917969 0.000165343
13 0.290527 0.485352 0.0439453 0.0175781 0.000165462
0 0.134277 0.527344 0.268555 0.449219 0.000167012
13 0.233398 0.523438 0.130859 0.103516 0.00016737
13 0.547852 0.609863 0.363281 0.129883 0.000168443
8 0.750977 0.465332 0.0410156 0.0341797 0.000169873
9 0.98291 0.768555 0.0341797 0.185547 0.000169873
9 0.168457 0.751953 0.0595703 0.0683594 0.000171661
8 0.20166 0.211426 0.40332 0.407227 0.000172615
11 0.664551 0.19043 0.0810547 0.0644531 0.000173688
9 0.561523 0.961426 0.101562 0.0771484 0.000176311
7 0.275391 0.506836 0.248047 0.392578 0.00017643
12 0.282715 0.501465 0.258789 0.40332 0.00018537
5 0.249512 0.366699 0.110352 0.0986328 0.000185728
8 0.463379 0.65332 0.0380859 0.0351562 0.000187278
9 0.69873 0.663574 0.254883 0.180664 0.000190258
11 0.573242 0.203613 0.117188 0.0224609 0.000190973
13 0.524902 0.34082 0.110352 0.0917969 0.000191808
2 0.547852 0.609863 0.363281 0.129883 0.000193
10 0.549805 0.616211 0.365234 0.132812 0.00019455
11 0.518555 0.229492 0.0410156 0.03125 0.00019455
8 0.524902 0.34082 0.110352 0.0917969 0.000195503
11 0.286621 0.220703 0.0576172 0.0390625 0.000197649
9 0.963379 0.777832 0.0712891 0.307617 0.000197887
11 0.20166 0.211426 0.40332 0.407227 0.000198722
8 0.387207 0.289062 0.0400391 0.03125 0.000198722
9 0.657227 0.679688 0.132812 0.0839844 0.000199437
9 0.742188 0.45166 0.0878906 0.0908203 0.00020051
7 0.181641 0.749023 0.0332031 0.0410156 0.000206113
9 0.233887 0.637695 0.170898 0.171875 0.000209093
13 0.224121 0.438477 0.0615234 0.046875 0.000212073
2 0.20166 0.211426 0.40332 0.407227 0.000212431
12 0.547852 0.609863 0.363281 0.129883 0.000220418
11 0.547852 0.609863 0.363281 0.129883 0.000220418
10 0.523438 0.342285 0.113281 0.0966797 0.00022316
13 0.635742 0.612305 0.154297 0.0976562 0.00022471
9 0.198242 0.63623 0.0800781 0.0732422 0.000225306
8 0.22168 0.686523 0.0253906 0.0234375 0.000228763
10 0.720215 0.456543 0.133789 0.15332 0.000236988
3 0.188477 0.209473 0.376953 0.418945 0.000245571
6 0.132812 0.135742 0.244141 0.261719 0.000246048
8 0.322266 0.356445 0.0175781 0.015625 0.000247955
8 0.585449 0.308594 0.0166016 0.0136719 0.000253201
12 0.20166 0.211426 0.40332 0.407227 0.000254631
10 0.925293 0.901855 0.141602 0.19043 0.000254869
11 0.550781 0.190918 0.0761719 0.0146484 0.000256062
9 0.462891 0.655273 0.0390625 0.0351562 0.00025773
11 0.720215 0.458008 0.139648 0.15625 0.000257969
13 0.816895 0.167969 0.12207 0.0390625 0.000258923
5 0.547363 0.615723 0.364258 0.143555 0.000262976
9 0.155762 0.666016 0.0986328 0.126953 0.000265837
8 0.358887 0.583984 0.0302734 0.0390625 0.000266075
8 0.574707 0.334961 0.0126953 0.0117188 0.000268459
5 0.265137 0.524902 0.211914 0.18457 0.000270367
3 0.275391 0.506836 0.248047 0.392578 0.00027132
11 0.522949 0.341309 0.114258 0.0927734 0.000272989
13 0.282715 0.501465 0.258789 0.40332 0.000277042
12 0.748047 0.650391 0.166016 0.0449219 0.000278234
3 0.570312 0.547852 0.369141 0.248047 0.000281572
11 0.719727 0.64502 0.195312 0.0439453 0.000282764
8 0.65918 0.458496 0.00976562 0.0107422 0.000284672
7 0.697266 0.502441 0.191406 0.180664 0.000286341
3 0.555664 0.671387 0.367188 0.147461 0.000288248
8 0.328125 0.380859 0.0136719 0.00976562 0.000289679
4 0.0571289 0.583984 0.114258 0.121094 0.000293255
7 0.722168 0.650391 0.204102 0.046875 0.000299692
2 0.524902 0.34082 0.110352 0.0917969 0.000309944
9 0.20166 0.665039 0.0771484 0.0917969 0.000314713
4 0.705078 0.503906 0.191406 0.230469 0.000319958
9 0.495117 0.495605 0.222656 0.418945 0.000321627
0 0.902344 0.897949 0.195312 0.204102 0.000328064
5 0.290039 0.636719 0.220703 0.183594 0.000332117
9 0.0996094 0.649902 0.123047 0.196289 0.0003407
10 0.161621 0.766602 0.0791016 0.0820312 0.000342369
0 0.566895 0.0424805 0.209961 0.0849609 0.000351191
5 0.132812 0.135742 0.244141 0.261719 0.000374794
9 0.586914 0.974609 0.0898438 0.0507812 0.000395775
5 0.722656 0.51416 0.175781 0.237305 0.000397205
11 0.541992 0.187012 0.101562 0.0283203 0.000398874
8 0.37207 0.492188 0.0429688 0.0371094 0.000407457
9 0.967285 0.756836 0.0576172 0.15625 0.000408888
11 0.379395 0.21582 0.0595703 0.0292969 0.000413179
1 0.720215 0.458008 0.139648 0.15625 0.000414371
13 0.200195 0.333496 0.0566406 0.0263672 0.00042057
11 0.320312 0.658203 0.0332031 0.0253906 0.000422716
0 0.547852 0.609863 0.363281 0.129883 0.000424147
9 0.59082 0.275879 0.0273438 0.0185547 0.0004282
9 0.73584 0.54834 0.0634766 0.0341797 0.000431776
5 0.243164 0.454102 0.181641 0.216797 0.000448227
13 0.307129 0.483887 0.0849609 0.0263672 0.000476837
8 0.32666 0.338867 0.0185547 0.015625 0.000481129
7 0.741699 0.451172 0.0869141 0.0917969 0.000499725
5 0.662598 0.408691 0.266602 0.282227 0.000508308
13 0.720215 0.456543 0.133789 0.15332 0.000513554
9 0.0498047 0.633789 0.078125 0.0507812 0.000524998
6 0.282715 0.501465 0.258789 0.40332 0.000527382
13 0.209473 0.514648 0.0458984 0.0214844 0.000528812
9 0.483887 0.360352 0.202148 0.138672 0.000529289
10 0.836914 0.705078 0.0410156 0.0800781 0.000529766
9 0.140137 0.777344 0.0693359 0.0800781 0.000533104
8 0.260254 0.287598 0.0283203 0.0205078 0.000546455
3 0.13916 0.137207 0.27832 0.266602 0.000551701
9 0.682129 0.649414 0.125977 0.0644531 0.000563622
9 0.748535 0.507812 0.170898 0.244141 0.000579357
3 0.524902 0.34082 0.110352 0.0917969 0.000584602
3 0.0458984 0.645508 0.0917969 0.0820312 0.000600815
3 0.925293 0.901855 0.141602 0.19043 0.00060463
9 0.768066 0.664062 0.129883 0.0507812 0.000607014
10 0.183594 0.733887 0.0410156 0.0595703 0.000611782
13 0.21582 0.432617 0.0351562 0.0371094 0.000612736
6 0.705078 0.503906 0.191406 0.230469 0.000646591
11 0.540527 0.206055 0.0810547 0.0292969 0.000647068
9 0.977539 0.844727 0.0429688 0.277344 0.000648975
13 0.845215 0.163574 0.0498047 0.0166016 0.000664711
11 0.305176 0.211914 0.0751953 0.0332031 0.000675678
9 0.197266 0.638184 0.0683594 0.0341797 0.000678062
13 0.243652 0.380371 0.102539 0.118164 0.000686169
9 0.523926 0.341797 0.112305 0.09375 0.000744343
11 0.836914 0.705078 0.0410156 0.0800781 0.000751019
11 0.161621 0.766602 0.0791016 0.0820312 0.000753403
8 0.373047 0.416504 0.0195312 0.0205078 0.000763893
11 0.553223 0.196777 0.0888672 0.0205078 0.000801086
13 0.836914 0.166992 0.0800781 0.0253906 0.000899792
9 0.547363 0.615723 0.364258 0.143555 0.00092268
13 0.222168 0.523438 0.0830078 0.0390625 0.000966549
0 0.491699 0.430176 0.208008 0.286133 0.00108814
11 0.183594 0.733887 0.0410156 0.0595703 0.00117207
11 0.372559 0.20459 0.0673828 0.0224609 0.00118732
13 0.666016 0.62793 0.0820312 0.0585938 0.00119019
5 0.247559 0.591797 0.165039 0.230469 0.00119114
7 0.0571289 0.583984 0.114258 0.121094 0.0012188
8 0.720215 0.458008 0.139648 0.15625 0.00128269
9 0.689453 0.431152 0.242188 0.24707 0.00130272
13 0.22168 0.337891 0.103516 0.0429688 0.00141239
5 0.720215 0.456543 0.133789 0.15332 0.00141811
9 0.723145 0.671875 0.260742 0.0800781 0.00148964
13 0.204102 0.42627 0.0605469 0.0478516 0.00150299
7 0.689453 0.431152 0.242188 0.24707 0.00156879
7 0.742188 0.513672 0.177734 0.263672 0.00164223
9 0.275391 0.506836 0.248047 0.392578 0.00190067
11 0.358887 0.200684 0.0673828 0.0126953 0.00211525
9 0.290039 0.702637 0.226562 0.0986328 0.00220871
9 0.120117 0.679688 0.0761719 0.113281 0.00260544
11 0.346191 0.209961 0.116211 0.0273438 0.00281334
9 0.0498047 0.588379 0.0996094 0.135742 0.00297737
4 0.720215 0.456543 0.133789 0.15332 0.00299072
9 0.720215 0.458008 0.139648 0.15625 0.00394821
8 0.59082 0.275879 0.0273438 0.0185547 0.00431061
13 0.249023 0.350586 0.0800781 0.0683594 0.0043869
6 0.720215 0.456543 0.133789 0.15332 0.00582123
9 0.731934 0.650391 0.192383 0.0449219 0.00804138
10 0.174805 0.750977 0.0566406 0.0585938 0.00831604
11 0.174805 0.750977 0.0566406 0.0585938 0.0116272
0 0.5 0.366699 0.175781 0.149414 0.0224915
5 0.273438 0.519043 0.234375 0.393555 0.0232697
10 0.181641 0.749023 0.0332031 0.0410156 0.0297241
7 0.720215 0.458008 0.139648 0.15625 0.0301514
11 0.181641 0.749023 0.0332031 0.0410156 0.0401001
3 0.549805 0.616211 0.365234 0.132812 0.151001
0 0.524414 0.341309 0.111328 0.0927734 0.233765
