7 0.277344 0.653809 0.123047 0.0771484 0.000306129
2 0.731445 0.249023 0.103516 0.0605469 0.000306129
5 0.769531 0.512695 0.191406 0.169922 0.000306845
12 0.25293 0.343262 0.171875 0.0537109 0.000308037
11 0.808105 0.522461 0.118164 0.0859375 0.000308037
2 0.805664 0.503906 0.107422 0.0390625 0.000308752
7 0.639648 0.422363 0.146484 0.124023 0.000316143
12 0.556641 0.382324 0.121094 0.12207 0.000316381
11 0.719238 0.178223 0.0732422 0.0419922 0.00031662
13 0.671387 0.272461 0.0771484 0.0976562 0.000317097
10 0.791504 0.959473 0.319336 0.0771484 0.000317335
6 0.243164 0.631836 0.189453 0.117188 0.000319004
13 0.71582 0.266602 0.146484 0.046875 0.000319481
10 0.733887 0.590332 0.254883 0.182617 0.000324011
10 0.24707 0.352051 0.160156 0.0439453 0.000325203
0 0.677246 0.478027 0.280273 0.27832 0.000326633
11 0.623535 0.217773 0.0595703 0.0546875 0.000328064
7 0.556641 0.382324 0.121094 0.12207 0.000329018
13 0.619141 0.241211 0.09375 0.115234 0.000341177
2 0.837891 0.423828 0.0371094 0.0371094 0.000346661
9 0.219727 0.675781 0.242188 0.123047 0.000346899
11 0.632812 0.188965 0.046875 0.0380859 0.000347137
9 0.234375 0.634766 0.195312 0.119141 0.000347853
11 0.342773 0.19043 0.0839844 0.0351562 0.000348806
0 0.68457 0.414062 0.101562 0.09375 0.000350714
13 0.699707 0.398438 0.0732422 0.0664062 0.000352383
8 0.636719 0.417969 0.142578 0.109375 0.000357628
4 0.698242 0.647461 0.214844 0.191406 0.000359058
11 0.724121 0.503906 0.243164 0.287109 0.000360966
13 0.194824 0.376465 0.0849609 0.0830078 0.000360966
11 0.310547 0.195312 0.214844 0.0976562 0.000360966
8 0.740234 0.474121 0.015625 0.0166016 0.000361919
5 0.556641 0.382324 0.121094 0.12207 0.000366926
2 0.241699 0.379395 0.147461 0.100586 0.000375986
10 0.833496 0.665039 0.196289 0.115234 0.000378609
7 0.734375 0.615234 0.175781 0.109375 0.000380993
4 0.800781 0.566406 0.185547 0.185547 0.000385284
13 0.556152 0.379883 0.12207 0.119141 0.000389576
4 0.253906 0.351074 0.162109 0.0439453 0.000390291
11 0.241699 0.379395 0.147461 0.100586 0.00039053
7 0.628418 0.199219 0.0458984 0.0449219 0.000391006
9 0.99707 0.43457 0.00585938 0.0117188 0.000391483
9 0.758301 0.263672 0.0615234 0.0195312 0.000392675
11 0.38916 0.160645 0.0908203 0.0263672 0.000394106
11 0.187012 0.283203 0.0400391 0.0449219 0.000397444
13 0.769043 0.371094 0.0556641 0.0546875 0.000402689
7 0.79248 0.631348 0.270508 0.174805 0.000415325
12 0.310547 0.195312 0.214844 0.0976562 0.000417233
11 0.397949 0.205566 0.0673828 0.0439453 0.000421286
11 0.649902 0.22168 0.0712891 0.0839844 0.000423908
9 0.256348 0.362305 0.182617 0.117188 0.000428915
9 0.848145 0.718262 0.182617 0.149414 0.000430822
11 0.794922 0.338379 0.0507812 0.0419922 0.000432253
13 0.214844 0.454102 0.0800781 0.046875 0.000438452
13 0.628906 0.470215 0.304688 0.274414 0.000441074
10 0.808105 0.505859 0.0986328 0.03125 0.000442028
11 0.628906 0.470215 0.304688 0.274414 0.000445366
13 0.292969 0.348145 0.0605469 0.0380859 0.000447035
13 0.246582 0.33252 0.276367 0.170898 0.000450134
2 0.556152 0.379883 0.12207 0.119141 0.000451803
7 0.82373 0.385742 0.0830078 0.121094 0.000454187
11 0.609863 0.206055 0.106445 0.0644531 0.000454664
8 0.305176 0.446289 0.0205078 0.0195312 0.000454664
8 0.175293 0.496094 0.0126953 0.0117188 0.000456333
7 0.751953 0.262207 0.0683594 0.0205078 0.000460386
11 0.556152 0.379883 0.12207 0.119141 0.000462532
6 0.696777 0.398926 0.0791016 0.0693359 0.0004673
9 0.875 0.644043 0.0136719 0.0126953 0.000467777
8 0.242676 0.473633 0.0224609 0.015625 0.000468016
3 0.564941 0.580078 0.438477 0.230469 0.000472546
1 0.20752 0.352539 0.0771484 0.0371094 0.000473022
7 0.769531 0.512695 0.191406 0.169922 0.000477552
9 0.83252 0.394531 0.0771484 0.121094 0.00048089
13 0.793457 0.46875 0.12793 0.130859 0.000482082
10 0.677246 0.478027 0.280273 0.27832 0.000488758
7 0.559082 0.648926 0.46582 0.163086 0.000500202
11 0.277344 0.189941 0.0332031 0.0244141 0.000500679
13 0.200195 0.328125 0.0625 0.0527344 0.000502586
11 0.650879 0.203613 0.15332 0.0908203 0.000508308
10 0.876465 0.694336 0.133789 0.148438 0.000513077
5 0.811523 0.563477 0.148438 0.169922 0.000513554
13 0.683105 0.419434 0.116211 0.108398 0.000517368
7 0.682617 0.581543 0.21875 0.323242 0.000519276
7 0.728027 0.411621 0.139648 0.161133 0.000524998
7 0.819336 0.614258 0.152344 0.123047 0.000525475
11 0.585449 0.00683594 0.102539 0.0136719 0.000525475
11 0.359375 0.174805 0.125 0.0332031 0.000525951
13 0.811523 0.531738 0.09375 0.0732422 0.000527382
13 0.289062 0.35498 0.224609 0.0634766 0.000529289
8 0.292969 0.266113 0.251953 0.194336 0.00053072
6 0.794922 0.338379 0.0507812 0.0419922 0.000543594
9 0.794922 0.337402 0.0507812 0.0419922 0.000548363
6 0.557617 0.649414 0.464844 0.166016 0.000552654
9 0.755371 0.674316 0.354492 0.276367 0.000557899
13 0.769043 0.289551 0.0595703 0.0712891 0.000562191
1 0.628906 0.470215 0.304688 0.274414 0.000562668
8 0.15918 0.650391 0.0175781 0.015625 0.000564098
4 0.702148 0.396973 0.0683594 0.0673828 0.000565052
13 0.782715 0.424805 0.0947266 0.0625 0.000565529
1 0.724121 0.503906 0.243164 0.287109 0.000566006
11 0.240723 0.246582 0.143555 0.147461 0.000567436
13 0.249512 0.404297 0.0849609 0.103516 0.000569344
9 0.799805 0.556152 0.171875 0.192383 0.00056982
11 0.835449 0.424316 0.0400391 0.0361328 0.000580311
10 0.556641 0.382324 0.121094 0.12207 0.000581264
11 0.764648 0.264648 0.0410156 0.0175781 0.000584126
1 0.557617 0.649414 0.464844 0.166016 0.000597477
9 0.806152 0.655273 0.266602 0.103516 0.000602245
6 0.769531 0.512695 0.191406 0.169922 0.000602245
11 0.559082 0.648926 0.46582 0.163086 0.000607491
4 0.557617 0.649414 0.464844 0.166016 0.000608921
4 0.733887 0.590332 0.254883 0.182617 0.000616074
10 0.695312 0.65625 0.208984 0.15625 0.000618935
11 0.263184 0.219238 0.129883 0.0830078 0.000620365
8 0.668457 0.275391 0.0166016 0.015625 0.000622272
13 0.83252 0.424805 0.0419922 0.03125 0.000626564
9 0.701172 0.394043 0.0742188 0.0654297 0.000629902
7 0.781738 0.35498 0.0712891 0.0771484 0.000637054
12 0.557617 0.649414 0.464844 0.166016 0.000640869
11 0.640625 0.199219 0.0507812 0.0429688 0.000646114
9 0.628906 0.470215 0.304688 0.274414 0.000647068
1 0.808105 0.505859 0.0986328 0.03125 0.000647545
13 0.557617 0.649414 0.464844 0.166016 0.000650883
10 0.898926 0.683594 0.0654297 0.0917969 0.000650883
9 0.808105 0.522461 0.118164 0.0859375 0.000658989
11 0.59375 0.181641 0.0898438 0.0546875 0.00066185
8 0.724121 0.503906 0.243164 0.287109 0.000666142
8 0.557617 0.649414 0.464844 0.166016 0.000666142
2 0.557617 0.649414 0.464844 0.166016 0.000668526
10 0.288574 0.265625 0.250977 0.197266 0.000671864
11 0.696289 0.181641 0.144531 0.0625 0.000676632
8 0.164551 0.667969 0.0107422 0.00976562 0.000697136
8 0.628906 0.470215 0.304688 0.274414 0.000700474
9 0.0292969 0.896484 0.0585938 0.195312 0.000710011
11 0.898926 0.683594 0.0654297 0.0917969 0.000714302
13 0.775391 0.276367 0.0371094 0.0390625 0.000727177
1 0.68457 0.414062 0.101562 0.09375 0.000729561
11 0.333008 0.16748 0.0976562 0.0322266 0.000731468
2 0.216797 0.352539 0.0976562 0.0371094 0.000747681
2 0.782227 0.356934 0.0683594 0.0810547 0.000757694
0 0.597656 0.433105 0.175781 0.19043 0.000759125
13 0.642578 0.195312 0.0703125 0.0527344 0.00076437
9 0.743652 0.259277 0.0849609 0.0341797 0.000782013
8 0.249023 0.348633 0.162109 0.0488281 0.000793934
13 0.774414 0.414551 0.125 0.200195 0.000801563
6 0.733887 0.590332 0.254883 0.182617 0.000803947
13 0.836914 0.612305 0.103516 0.0644531 0.000817776
11 0.34668 0.187988 0.160156 0.0419922 0.000831127
13 0.792969 0.44043 0.0683594 0.0507812 0.000860691
11 0.576172 0.194824 0.0625 0.0595703 0.000876904
13 0.657227 0.259766 0.125 0.146484 0.0008955
6 0.782227 0.356934 0.0683594 0.0810547 0.000897884
2 0.287598 0.268066 0.24707 0.198242 0.000911236
7 0.243164 0.631836 0.189453 0.117188 0.000913143
13 0.618164 0.211914 0.0546875 0.0449219 0.000917435
9 0.30127 0.673828 0.0537109 0.03125 0.000918865
11 0.630859 0.176758 0.0625 0.0253906 0.000941753
6 0.628906 0.470215 0.304688 0.274414 0.000948906
1 0.291016 0.269043 0.269531 0.188477 0.000953674
9 0.733887 0.590332 0.254883 0.182617 0.000963211
13 0.259766 0.38623 0.191406 0.172852 0.000969887
3 0.297852 0.266113 0.263672 0.200195 0.000983238
13 0.728027 0.411621 0.139648 0.161133 0.00102997
10 0.559082 0.648926 0.46582 0.163086 0.00104618
6 0.678711 0.416016 0.117188 0.105469 0.00106239
9 0.779785 0.359863 0.0732422 0.0888672 0.00109005
9 0.208496 0.353027 0.0751953 0.0341797 0.001091
11 0.75 0.261719 0.0742188 0.0292969 0.00109768
8 0.556152 0.389648 0.12207 0.128906 0.00111389
7 0.835449 0.424316 0.0400391 0.0361328 0.00111485
11 0.626465 0.169434 0.0966797 0.0341797 0.00111675
5 0.557617 0.649414 0.464844 0.166016 0.00112534
7 0.794922 0.338379 0.0507812 0.0419922 0.00112724
8 0.176758 0.623047 0.0214844 0.015625 0.00113106
6 0.20752 0.352051 0.0771484 0.0400391 0.00113678
6 0.800781 0.527344 0.128906 0.09375 0.00113773
13 0.208496 0.405762 0.102539 0.139648 0.00117397
7 0.780762 0.693848 0.303711 0.120117 0.00118923
9 0.724121 0.503906 0.243164 0.287109 0.001194
7 0.292969 0.266113 0.251953 0.194336 0.00119972
13 0.23291 0.334473 0.200195 0.0947266 0.00122261
13 0.812988 0.507324 0.0517578 0.0205078 0.00122452
13 0.79248 0.490723 0.124023 0.0595703 0.00123596
13 0.828613 0.515625 0.0771484 0.0449219 0.00124073
13 0.237305 0.350586 0.0761719 0.0332031 0.00125217
13 0.82373 0.495117 0.0908203 0.0410156 0.00126362
13 0.791992 0.320801 0.0566406 0.0576172 0.00126648
11 0.726074 0.243164 0.108398 0.0664062 0.00128937
5 0.724121 0.503906 0.243164 0.287109 0.00130939
0 0.563477 0.661621 0.466797 0.143555 0.00135708
13 0.720703 0.26709 0.177734 0.131836 0.00135803
3 0.556641 0.382324 0.121094 0.12207 0.00144577
11 0.401367 0.168945 0.0761719 0.0253906 0.00144577
8 0.268066 0.595215 0.0224609 0.0185547 0.00147629
13 0.76123 0.384277 0.0810547 0.110352 0.00148964
6 0.800781 0.566406 0.185547 0.185547 0.00150967
9 0.84668 0.67627 0.160156 0.106445 0.00150967
9 0.556152 0.379883 0.12207 0.119141 0.00151539
11 0.642578 0.198242 0.0898438 0.0605469 0.00153637
13 0.751465 0.494141 0.280273 0.310547 0.00153828
11 0.735352 0.189941 0.0742188 0.0556641 0.00155449
9 0.68457 0.414062 0.101562 0.09375 0.00157452
11 0.361328 0.164551 0.105469 0.0224609 0.00163269
9 0.557129 0.650879 0.459961 0.143555 0.00163651
7 0.701172 0.393555 0.0722656 0.0664062 0.00164318
9 0.808105 0.505859 0.0986328 0.03125 0.00164604
4 0.628906 0.470215 0.304688 0.274414 0.00165272
13 0.287598 0.268066 0.24707 0.198242 0.00166607
0 0.293945 0.26709 0.261719 0.198242 0.00168705
13 0.650879 0.236816 0.0771484 0.0986328 0.00171089
5 0.66748 0.470703 0.137695 0.21875 0.00175285
13 0.810059 0.560059 0.145508 0.170898 0.00182247
6 0.807129 0.506348 0.102539 0.0419922 0.00183868
6 0.24707 0.352051 0.162109 0.0439453 0.00185585
11 0.208496 0.353027 0.0751953 0.0341797 0.00185585
1 0.249023 0.348633 0.162109 0.0488281 0.00197029
12 0.249023 0.331543 0.199219 0.135742 0.00200844
11 0.292969 0.266113 0.251953 0.194336 0.00204468
13 0.284668 0.342285 0.125977 0.0517578 0.00205994
11 0.808105 0.505859 0.0986328 0.03125 0.00212669
13 0.76123 0.306152 0.12207 0.180664 0.00217819
10 0.779297 0.700195 0.300781 0.134766 0.00220108
12 0.245605 0.31543 0.327148 0.269531 0.00224495
13 0.223633 0.36377 0.103516 0.0556641 0.00224686
13 0.769531 0.268555 0.0332031 0.0214844 0.00236702
0 0.544922 0.398438 0.181641 0.166016 0.00242043
7 0.800781 0.527344 0.128906 0.09375 0.00250816
11 0.251953 0.20752 0.078125 0.0576172 0.00252151
8 0.26123 0.442383 0.0185547 0.015625 0.00253487
13 0.623535 0.193848 0.0478516 0.0439453 0.00258446
13 0.746582 0.270996 0.0791016 0.0380859 0.00258636
7 0.208008 0.353516 0.0742188 0.0351562 0.00277138
13 0.78418 0.513184 0.136719 0.0341797 0.0028038
12 0.66748 0.466797 0.137695 0.216797 0.00282097
8 0.837891 0.423828 0.0371094 0.0371094 0.00285912
11 0.690918 0.23291 0.18457 0.0966797 0.00286102
13 0.783203 0.304199 0.0742188 0.110352 0.00286293
4 0.724121 0.503906 0.243164 0.287109 0.00290489
8 0.703125 0.396484 0.0683594 0.0664062 0.00292206
13 0.760742 0.386719 0.0527344 0.0488281 0.00312996
9 0.293945 0.26709 0.261719 0.198242 0.00333595
13 0.765625 0.494629 0.203125 0.188477 0.00357437
11 0.660645 0.17627 0.143555 0.0400391 0.00363731
7 0.696777 0.655273 0.211914 0.15625 0.00363922
9 0.696777 0.655273 0.211914 0.15625 0.00383759
13 0.802246 0.428223 0.0517578 0.0283203 0.00384331
10 0.666992 0.467773 0.136719 0.222656 0.00391388
11 0.26709 0.194336 0.0537109 0.0332031 0.00408936
13 0.764648 0.265137 0.0507812 0.0361328 0.00424957
9 0.837891 0.423828 0.0371094 0.0371094 0.0043335
7 0.628906 0.470215 0.304688 0.274414 0.00439453
2 0.249023 0.348633 0.162109 0.0488281 0.00443268
13 0.194336 0.34375 0.0644531 0.0371094 0.00467682
7 0.808105 0.505859 0.0986328 0.03125 0.00482178
11 0.618164 0.195312 0.0703125 0.046875 0.00520325
13 0.783203 0.356445 0.101562 0.150391 0.00524902
3 0.665527 0.461426 0.143555 0.202148 0.00528717
12 0.240723 0.246582 0.143555 0.147461 0.00536728
7 0.248535 0.349609 0.163086 0.0507812 0.00537872
7 0.800781 0.566406 0.185547 0.185547 0.00540924
2 0.665527 0.461426 0.143555 0.202148 0.00555801
13 0.700195 0.23584 0.160156 0.0830078 0.00556183
8 0.875 0.644043 0.0136719 0.0126953 0.00572968
13 0.669434 0.466797 0.133789 0.21875 0.00597
11 0.665039 0.467285 0.144531 0.21582 0.00606155
7 0.733887 0.590332 0.254883 0.182617 0.00636292
13 0.831055 0.501953 0.0585938 0.03125 0.00646973
4 0.68457 0.414062 0.101562 0.09375 0.00671768
13 0.802246 0.32959 0.0380859 0.0244141 0.0068779
9 0.249023 0.348633 0.162109 0.0488281 0.00709152
13 0.633789 0.216797 0.0742188 0.078125 0.00750732
9 0.765625 0.6875 0.306641 0.119141 0.0087738
13 0.214844 0.342285 0.0996094 0.0673828 0.0101395
6 0.724121 0.503906 0.243164 0.287109 0.0101929
0 0.665527 0.461426 0.143555 0.202148 0.0105057
13 0.808105 0.509766 0.118164 0.0722656 0.011467
11 0.249023 0.348633 0.162109 0.0488281 0.0118027
1 0.66748 0.466797 0.137695 0.216797 0.0146866
7 0.68457 0.414062 0.101562 0.09375 0.0155487
9 0.666992 0.470703 0.142578 0.21875 0.0159149
13 0.632812 0.205566 0.0429688 0.0537109 0.0194702
13 0.241699 0.379395 0.147461 0.100586 0.0254517
8 0.68457 0.414062 0.101562 0.09375 0.026001
7 0.724121 0.503906 0.243164 0.287109 0.0266418
11 0.629395 0.182617 0.0986328 0.0371094 0.0283051
13 0.731445 0.249023 0.103516 0.0605469 0.0283661
6 0.66748 0.475586 0.141602 0.222656 0.0328369
13 0.758301 0.263672 0.0556641 0.0175781 0.0349731
13 0.744629 0.257324 0.0791016 0.0341797 0.0483704
13 0.782227 0.356934 0.0683594 0.0810547 0.0665894
13 0.794922 0.337402 0.0507812 0.0419922 0.0717163
12 0.297363 0.260254 0.258789 0.194336 0.0948486
4 0.666992 0.468262 0.136719 0.219727 0.110535
8 0.668457 0.459473 0.143555 0.198242 0.171997
7 0.666992 0.47168 0.140625 0.21875 0.188721
13 0.808105 0.505859 0.0986328 0.03125 0.198975
13 0.208008 0.353516 0.0742188 0.0351562 0.203247
13 0.247559 0.352539 0.161133 0.0429688 0.303955
0 0.557617 0.376465 0.117188 0.110352 0.308105
3 0.558105 0.648926 0.458008 0.135742 0.469727
