13 0.69873 0.316895 0.174805 0.208008 0.000100434
2 0.222656 0.538086 0.00976562 0.0078125 0.000100791
13 0.234863 0.556641 0.149414 0.101562 0.00010097
9 0.500977 0.577148 0.185547 0.238281 0.000101507
2 0.992188 0.0180664 0.015625 0.0361328 0.000101686
0 0.589844 0.351074 0.0703125 0.0654297 0.00010246
8 0.3125 0.729492 0.0273438 0.0253906 0.000104249
8 0.669922 0.432617 0.0390625 0.0273438 0.000104725
8 0.223633 0.535645 0.0371094 0.0244141 0.000105262
9 0.55957 0.259277 0.125 0.235352 0.000105441
13 0.709961 0.375488 0.222656 0.143555 0.000105858
9 0.352539 0.395508 0.0703125 0.105469 0.000106037
13 0.230469 0.378906 0.123047 0.09375 0.000106692
9 0.571777 0.691895 0.342773 0.40918 0.000106931
11 0.251465 0.241211 0.116211 0.0917969 0.000107229
10 0.0795898 0.933105 0.110352 0.133789 0.00011152
13 0.269043 0.398438 0.202148 0.0742188 0.000112057
9 0.339355 0.54541 0.0380859 0.0283203 0.000112593
13 0.679199 0.35791 0.102539 0.12793 0.000112653
12 0.0576172 0.941895 0.0429688 0.0439453 0.00011307
13 0.985352 0.0214844 0.0292969 0.0410156 0.000113189
5 0.571777 0.365234 0.110352 0.09375 0.000113845
9 0.295898 0.116699 0.476562 0.223633 0.000113964
9 0.518555 0.015625 0.142578 0.03125 0.000114501
9 0.17627 0.935059 0.270508 0.114258 0.000114858
13 0.696289 0.403809 0.105469 0.118164 0.00011605
8 0.902832 0.940918 0.0419922 0.0400391 0.000116467
11 0.050293 0.95752 0.0615234 0.0712891 0.000116765
8 0.482422 0.554688 0.167969 0.595703 0.000117123
8 0.711914 0.289551 0.0234375 0.0224609 0.000117362
2 0.373047 0.0195312 0.0917969 0.0390625 0.000118554
9 0.644043 0.600586 0.180664 0.435547 0.00011909
12 0.756836 0.591797 0.320312 0.544922 0.000120759
8 0.89502 0.757812 0.00878906 0.0078125 0.000121295
2 0.90625 0.941895 0.046875 0.0458984 0.000122428
9 0.268555 0.541992 0.330078 0.470703 0.000124693
5 0.772461 0.594238 0.320312 0.545898 0.000125051
13 0.608398 0.725586 0.0859375 0.205078 0.000126004
11 0.376953 0.178223 0.0722656 0.0185547 0.000126243
9 0.365723 0.553223 0.194336 0.401367 0.000126243
9 0.0585938 0.941895 0.0449219 0.0498047 0.000126481
13 0.348633 0.355469 0.0820312 0.128906 0.000127077
9 0.709961 0.812012 0.0527344 0.0400391 0.000127077
4 0.90332 0.942383 0.0429688 0.0449219 0.000127673
13 0.791504 0.409668 0.0947266 0.0400391 0.000128984
13 0.339355 0.54541 0.0380859 0.0283203 0.000129938
13 0.0986328 0.738281 0.125 0.0351562 0.000132442
10 0.050293 0.95752 0.0615234 0.0712891 0.00013411
13 0.205078 0.424805 0.138672 0.0878906 0.000134945
13 0.82959 0.483887 0.0439453 0.0244141 0.000135303
10 0.572754 0.366211 0.110352 0.0976562 0.000135422
9 0.503906 0.200684 0.199219 0.401367 0.000136614
8 0.392578 0.234863 0.0332031 0.0283203 0.000137448
8 0.222656 0.41748 0.0800781 0.0341797 0.000137448
13 0.822266 0.414062 0.0996094 0.0273438 0.000137687
9 0.243652 0.297363 0.0908203 0.0830078 0.000137806
12 0.57373 0.366211 0.106445 0.0917969 0.000141263
7 0.572754 0.366211 0.110352 0.0957031 0.000141621
8 0.226074 0.535645 0.139648 0.0556641 0.000143528
13 0.266602 0.215332 0.0898438 0.0576172 0.000143647
10 0.184082 0.981445 0.30957 0.0371094 0.000144362
3 0.233887 0.147461 0.467773 0.216797 0.000144362
11 0.643066 0.205566 0.0830078 0.0263672 0.000145197
13 0.79248 0.286621 0.0791016 0.0458984 0.000146627
10 0.0581055 0.945801 0.116211 0.108398 0.000147104
11 0.302734 0.18457 0.28125 0.119141 0.000147104
8 0.224121 0.416992 0.0107422 0.00976562 0.000149488
13 0.254883 0.272461 0.0410156 0.0351562 0.000151277
11 0.272461 0.21582 0.236328 0.0957031 0.000151396
11 0.687012 0.820801 0.110352 0.0322266 0.000152588
11 0.383301 0.19043 0.0517578 0.0195312 0.000153065
5 0.206543 0.67627 0.307617 0.393555 0.000153303
13 0.0576172 0.941895 0.0429688 0.0458984 0.00015533
10 0.918945 0.938965 0.115234 0.100586 0.000155568
11 0.395996 0.230469 0.0400391 0.0351562 0.000156879
11 0.0078125 0.19873 0.0136719 0.0302734 0.000156879
8 0.368652 0.693848 0.0224609 0.0166016 0.000157833
9 0.250488 0.538574 0.108398 0.0634766 0.00015831
9 0.371094 0.538086 0.0332031 0.0253906 0.000159502
13 0.572754 0.366211 0.110352 0.0957031 0.000160456
11 0.660645 0.197266 0.0673828 0.015625 0.000161171
13 0.369141 0.552246 0.0664062 0.0732422 0.000162125
11 0.672852 0.203125 0.132812 0.0390625 0.000163913
1 0.0581055 0.941895 0.0458984 0.0517578 0.000165701
9 0.842773 0.0957031 0.314453 0.191406 0.00016892
13 0.226074 0.313965 0.0771484 0.0595703 0.000169754
11 0.337891 0.774414 0.111328 0.0273438 0.000169992
0 0.0463867 0.336914 0.0908203 0.199219 0.000170588
0 0.955566 0.330566 0.0888672 0.18457 0.000170588
10 0.912598 0.922852 0.0478516 0.0625 0.000172138
10 0.0756836 0.984375 0.0693359 0.03125 0.000173688
9 0.461914 0.73291 0.123047 0.188477 0.000174522
13 0.214844 0.52832 0.0839844 0.03125 0.000175714
13 0.967285 0.0214844 0.0654297 0.0429688 0.000176191
8 0.374512 0.556152 0.0869141 0.0966797 0.000176311
2 0.37793 0.533691 0.0605469 0.0517578 0.000182629
9 0.980469 0.019043 0.0390625 0.0380859 0.000182748
8 0.269531 0.617188 0.0117188 0.0117188 0.000184417
7 0.482422 0.554688 0.167969 0.595703 0.000184536
11 0.61084 0.19873 0.0595703 0.0224609 0.000189304
13 0.208984 0.525391 0.0371094 0.0214844 0.000190616
9 0.571777 0.564941 0.249023 0.508789 0.000193
11 0.0415039 0.932617 0.0498047 0.0566406 0.000194192
13 0.783203 0.378418 0.0625 0.0615234 0.000198722
13 0.253418 0.27832 0.0615234 0.0546875 0.000199437
8 0.362793 0.719238 0.0205078 0.0146484 0.000200272
7 0.0576172 0.941895 0.0429688 0.0458984 0.000200987
11 0.266602 0.214844 0.119141 0.0839844 0.000201344
8 0.648926 0.507812 0.0380859 0.0371094 0.000204206
10 0.277832 0.206543 0.0791016 0.0439453 0.00021112
9 0.68457 0.824219 0.111328 0.0292969 0.000212193
5 0.836426 0.589844 0.131836 0.179688 0.000216007
12 0.90625 0.941895 0.0449219 0.0439453 0.000216365
11 0.412598 0.20459 0.0712891 0.0283203 0.000218868
11 0.704102 0.200195 0.0957031 0.0273438 0.000221014
9 0.512695 0.369141 0.214844 0.28125 0.000221848
13 0.805176 0.367188 0.0888672 0.0664062 0.000222445
9 0.367188 0.554199 0.0664062 0.0732422 0.000223994
8 0.217285 0.527832 0.0458984 0.0283203 0.000225425
11 0.76123 0.218262 0.0751953 0.0400391 0.000227571
10 0.500977 0.590332 0.193359 0.610352 0.000227571
9 0.368164 0.747559 0.0410156 0.0380859 0.000230312
10 0.132812 0.96875 0.179688 0.0527344 0.000231862
1 0.282227 0.205566 0.078125 0.0419922 0.000237823
2 0.245117 0.536133 0.105469 0.0605469 0.000239134
9 0.90625 0.941895 0.046875 0.0458984 0.000239491
8 0.706543 0.593262 0.0126953 0.0107422 0.00024128
12 0.500977 0.590332 0.193359 0.610352 0.00024581
0 0.0576172 0.941895 0.0429688 0.0458984 0.000246286
7 0.377441 0.530273 0.0458984 0.0292969 0.00024724
5 0.821289 0.603516 0.173828 0.326172 0.000248909
8 0.42041 0.453613 0.0224609 0.0205078 0.000249386
13 0.674316 0.431641 0.0224609 0.015625 0.000249863
11 0.572754 0.366211 0.110352 0.0957031 0.000253201
9 0.462402 0.57666 0.131836 0.395508 0.000261784
0 0.545898 0.386719 0.160156 0.142578 0.000272274
2 0.354004 0.00390625 0.0166016 0.0078125 0.000272512
13 0.296387 0.375977 0.198242 0.132812 0.000283957
9 0.772461 0.594238 0.320312 0.545898 0.000287533
13 0.725098 0.379395 0.155273 0.0888672 0.000287771
13 0.251953 0.345703 0.15625 0.158203 0.000290871
8 0.57373 0.366211 0.106445 0.0917969 0.0002985
8 0.676758 0.54834 0.0136719 0.0126953 0.000298977
2 0.371094 0.538086 0.0332031 0.0253906 0.000305891
3 0.0566406 0.939941 0.0449219 0.0537109 0.000309229
13 0.90332 0.942383 0.0429688 0.0449219 0.000309467
11 0.897949 0.952637 0.0498047 0.0517578 0.000312805
2 0.57373 0.366211 0.106445 0.0917969 0.000315189
11 0.265625 0.215332 0.0527344 0.0361328 0.000322819
9 0.305664 0.780762 0.201172 0.0419922 0.000325918
13 0.345215 0.376465 0.0341797 0.0537109 0.000328064
11 0.0854492 0.983398 0.0791016 0.03125 0.000328541
2 0.358398 0.00683594 0.09375 0.0136719 0.000335932
11 0.357422 0.199219 0.167969 0.0410156 0.000342607
8 0.356934 0.555176 0.0576172 0.0673828 0.000350237
8 0.225098 0.538086 0.0244141 0.0117188 0.000351906
8 0.716309 0.807617 0.0380859 0.0371094 0.000355244
5 0.188965 0.578125 0.151367 0.146484 0.000355482
2 0.985352 0.0214844 0.0292969 0.0410156 0.000370502
2 0.353027 0.00488281 0.0302734 0.00976562 0.000374079
10 0.0478516 0.953125 0.0957031 0.09375 0.00037694
8 0.209961 0.525391 0.0214844 0.0175781 0.000388622
8 0.356445 0.556641 0.03125 0.0253906 0.000391006
8 0.674316 0.431152 0.0244141 0.0185547 0.000394106
8 0.346191 0.553223 0.0341797 0.0224609 0.000404358
3 0.500977 0.590332 0.193359 0.610352 0.000410557
13 0.347168 0.37207 0.0478516 0.0859375 0.000412703
9 0.664062 0.81543 0.148438 0.0390625 0.000416756
1 0.904297 0.937988 0.0488281 0.0478516 0.000430584
11 0.411621 0.185059 0.0927734 0.0224609 0.000441551
8 0.382324 0.583496 0.0224609 0.0205078 0.000469923
13 0.324707 0.40918 0.133789 0.0898438 0.000472069
5 0.208984 0.641602 0.203125 0.267578 0.000477552
7 0.905273 0.939453 0.0449219 0.0449219 0.000487804
11 0.737793 0.209961 0.0693359 0.0332031 0.000499249
9 0.483887 0.45166 0.139648 0.483398 0.000501156
2 0.358398 0.561035 0.0449219 0.0458984 0.000501633
2 0.346191 0.553223 0.0341797 0.0224609 0.000504017
9 0.216797 0.875488 0.347656 0.192383 0.000510216
13 0.09375 0.737793 0.0996094 0.0185547 0.000512123
10 0.111328 0.97998 0.126953 0.0400391 0.000516891
8 0.37793 0.533691 0.0605469 0.0517578 0.000524998
11 0.364258 0.185059 0.0625 0.0146484 0.000526905
8 0.702148 0.483887 0.0214844 0.0205078 0.000533104
2 0.339355 0.54541 0.0380859 0.0283203 0.000547886
11 0.639648 0.186035 0.0488281 0.0146484 0.000550747
0 0.904297 0.937988 0.0488281 0.0478516 0.000575066
2 0.352051 0.557617 0.0166016 0.0117188 0.000576973
0 0.499023 0.588379 0.183594 0.594727 0.000607491
13 0.377441 0.530273 0.0458984 0.0292969 0.000609875
10 0.880371 0.953125 0.239258 0.09375 0.000649452
2 0.356445 0.556641 0.03125 0.0253906 0.000656605
9 0.57373 0.366211 0.108398 0.09375 0.000668049
11 0.0625 0.933594 0.078125 0.0703125 0.000685692
9 0.327148 0.777832 0.132812 0.0283203 0.000686169
10 0.0581055 0.932129 0.0771484 0.0693359 0.000700951
5 0.499023 0.588379 0.183594 0.594727 0.000720024
8 0.352051 0.557617 0.0166016 0.0117188 0.000772953
3 0.57373 0.366211 0.106445 0.0917969 0.000833511
3 0.905762 0.936035 0.0458984 0.0439453 0.000867367
9 0.377441 0.530273 0.0458984 0.0292969 0.000906944
11 0.311035 0.203125 0.149414 0.0585938 0.000921249
13 0.245117 0.536133 0.105469 0.0605469 0.00104904
8 0.369629 0.746582 0.0380859 0.0361328 0.00105953
13 0.780762 0.387207 0.131836 0.0791016 0.00110245
2 0.367188 0.554199 0.0664062 0.0732422 0.0011425
10 0.897949 0.950195 0.0458984 0.046875 0.00114822
13 0.209961 0.401367 0.115234 0.0605469 0.0012989
8 0.222656 0.538086 0.00976562 0.0078125 0.00145245
8 0.289062 0.60791 0.0214844 0.0185547 0.00154877
10 0.90332 0.935059 0.078125 0.0634766 0.00174046
2 0.377441 0.530273 0.0458984 0.0292969 0.00175571
13 0.352539 0.395508 0.0703125 0.105469 0.00177097
11 0.631348 0.194824 0.0771484 0.0244141 0.00178242
13 0.243652 0.297363 0.0908203 0.0830078 0.00187492
11 0.67041 0.193359 0.108398 0.0214844 0.00218391
13 0.690918 0.390625 0.0654297 0.0839844 0.00253868
10 0.0810547 0.967285 0.0761719 0.0615234 0.00258255
11 0.402344 0.196777 0.0820312 0.0302734 0.00263405
11 0.360352 0.188477 0.128906 0.0253906 0.00279427
11 0.0810547 0.967285 0.0761719 0.0615234 0.00292778
11 0.90625 0.930664 0.0585938 0.0761719 0.00322723
8 0.371094 0.538086 0.0371094 0.0273438 0.00324821
8 0.333008 0.544922 0.0253906 0.0234375 0.00334167
11 0.297852 0.19873 0.0898438 0.0419922 0.00578308
11 0.257324 0.216309 0.0888672 0.0498047 0.00847626
8 0.377441 0.530273 0.0458984 0.0292969 0.00848389
10 0.0639648 0.951172 0.0498047 0.0507812 0.00868988
9 0.472168 0.730469 0.165039 0.388672 0.00886536
11 0.646973 0.189941 0.0712891 0.0185547 0.0109863
11 0.385742 0.183594 0.0683594 0.0195312 0.0119476
11 0.0639648 0.951172 0.0498047 0.0507812 0.0135727
10 0.0561523 0.9375 0.0419922 0.046875 0.0547791
9 0.495605 0.59082 0.192383 0.603516 0.0733032
11 0.0566406 0.9375 0.0429688 0.046875 0.074646
11 0.277832 0.206543 0.0771484 0.0419922 0.0966187
10 0.90625 0.937988 0.046875 0.0478516 0.110352
11 0.905273 0.939453 0.0449219 0.0429688 0.146729
0 0.575684 0.367676 0.104492 0.0966797 0.151489
