8 0.3125 0.324219 0.0332031 0.0214844 0.000162721
9 0.260742 0.472168 0.134766 0.104492 0.00016284
7 0.20166 0.56543 0.19043 0.0800781 0.000163794
9 0.333008 0.483887 0.134766 0.0419922 0.000164032
9 0.37793 0.522461 0.0898438 0.113281 0.00016427
10 0.541016 0.540527 0.378906 0.12793 0.000164628
12 0.128418 0.580078 0.0419922 0.0605469 0.000166535
11 0.305176 0.486816 0.100586 0.0595703 0.000168562
3 0.708496 0.89209 0.583008 0.21582 0.000169158
6 0.255859 0.314453 0.0820312 0.0683594 0.000171065
10 0.156738 0.55957 0.0908203 0.0683594 0.000171781
13 0.233887 0.435059 0.0908203 0.0458984 0.000171781
9 0.904785 0.420898 0.0146484 0.0175781 0.000172138
11 0.208496 0.980469 0.149414 0.0390625 0.000172257
11 0.634277 0.59375 0.0712891 0.0683594 0.000173211
9 0.125488 0.57959 0.0439453 0.0615234 0.00017345
8 0.32959 0.488281 0.0341797 0.0234375 0.000173926
8 0.275879 0.447266 0.0107422 0.00976562 0.00017488
9 0.428223 0.203613 0.0712891 0.149414 0.000175238
13 0.733398 0.255859 0.0800781 0.0664062 0.000176787
8 0.333984 0.30957 0.0742188 0.0449219 0.000177145
9 0.408203 0.229004 0.0371094 0.0283203 0.000177503
7 0.327637 0.294922 0.0849609 0.0683594 0.000177979
9 0.312012 0.30957 0.0400391 0.0253906 0.000181198
9 0.104492 0.155273 0.0761719 0.0898438 0.000182152
7 0.260742 0.472168 0.134766 0.104492 0.000183463
10 0.246094 0.561035 0.300781 0.268555 0.000186205
13 0.743652 0.499512 0.0791016 0.0927734 0.000187039
9 0.644043 0.564453 0.0849609 0.111328 0.000187516
0 0.571289 0.327637 0.107422 0.19043 0.000187993
7 0.162109 0.577148 0.126953 0.136719 0.000189185
11 0.16748 0.606445 0.12793 0.0917969 0.000189662
2 0.358398 0.339355 0.0175781 0.0146484 0.000190735
13 0.247559 0.359375 0.0966797 0.0664062 0.000190735
9 0.358398 0.339355 0.0175781 0.0146484 0.000191927
1 0.239746 0.568359 0.260742 0.103516 0.000192046
13 0.711426 0.310059 0.0244141 0.0283203 0.000193357
11 0.767578 0.986816 0.138672 0.0263672 0.000194073
5 0.306152 0.290527 0.174805 0.106445 0.000195384
9 0.540527 0.286133 0.180664 0.160156 0.000195622
8 0.380371 0.339355 0.0419922 0.0263672 0.000196218
10 0.118652 0.590332 0.0673828 0.129883 0.000201702
12 0.043457 0.185547 0.0771484 0.0839844 0.000203848
9 0.930664 0.412109 0.132812 0.441406 0.000204921
8 0.0151367 0.214355 0.0283203 0.0341797 0.000205278
6 0.287109 0.469238 0.158203 0.133789 0.000205874
9 0.378418 0.078125 0.0185547 0.015625 0.000206351
10 0.648926 0.959473 0.362305 0.0771484 0.000209928
13 0.321777 0.305664 0.0458984 0.0292969 0.00021112
9 0.327148 0.275391 0.123047 0.117188 0.000213623
5 0.297363 0.481445 0.0966797 0.0722656 0.000213623
8 0.351074 0.24707 0.0595703 0.0703125 0.000216007
8 0.929199 0.130859 0.0185547 0.015625 0.000216246
8 0.753906 0.557617 0.0332031 0.0273438 0.000216246
13 0.71582 0.304688 0.0136719 0.015625 0.000216961
2 0.541016 0.540527 0.378906 0.12793 0.000221372
10 0.767578 0.990234 0.126953 0.0195312 0.000222087
11 0.365723 0.134277 0.0869141 0.0224609 0.000223279
9 0.246094 0.561035 0.300781 0.268555 0.000225425
13 0.304688 0.314453 0.0292969 0.0175781 0.000225902
13 0.711914 0.31543 0.0546875 0.0546875 0.000227809
8 0.260742 0.529297 0.0175781 0.015625 0.000228047
13 0.650879 0.572754 0.0478516 0.0830078 0.000229239
10 0.649902 0.981934 0.303711 0.0361328 0.000230074
9 0.862305 0.0883789 0.078125 0.0771484 0.0002321
7 0.330078 0.493164 0.0234375 0.0175781 0.000233889
6 0.345703 0.250977 0.0527344 0.0585938 0.000237584
11 0.388184 0.158691 0.0537109 0.0302734 0.000238895
5 0.541016 0.540527 0.378906 0.12793 0.000239372
8 0.253906 0.290527 0.0488281 0.0458984 0.000239849
13 0.541016 0.540527 0.378906 0.12793 0.000240207
4 0.248047 0.581543 0.269531 0.12207 0.000241041
12 0.541016 0.540527 0.378906 0.12793 0.00024116
9 0.911133 0.370117 0.0253906 0.0351562 0.000241399
13 0.836914 0.55957 0.0195312 0.015625 0.00024724
8 0.0527344 0.181152 0.0527344 0.0537109 0.000249624
0 0.125977 0.581055 0.0449219 0.0722656 0.000251532
13 0.697754 0.331055 0.0478516 0.0566406 0.000252962
7 0.339355 0.265625 0.0595703 0.0800781 0.000253439
8 0.338867 0.279785 0.0273438 0.0185547 0.000253916
11 0.608398 0.148438 0.0605469 0.0234375 0.000254393
11 0.541016 0.540527 0.378906 0.12793 0.000256538
9 0.327637 0.294434 0.0810547 0.0654297 0.000261307
13 0.128418 0.57959 0.0419922 0.0615234 0.000261545
8 0.17334 0.455078 0.0146484 0.0136719 0.000264168
7 0.337891 0.500977 0.148438 0.0917969 0.000265121
5 0.280762 0.489258 0.0498047 0.0410156 0.000267982
9 0.343262 0.25293 0.0419922 0.0332031 0.000269175
6 0.265137 0.512207 0.223633 0.12207 0.000269651
13 0.641602 0.581543 0.130859 0.108398 0.000272512
9 0.381348 0.0830078 0.0244141 0.015625 0.000273943
11 0.576172 0.162598 0.0664062 0.0517578 0.000278234
10 0.147949 0.570801 0.0576172 0.0537109 0.000278711
11 0.370117 0.142578 0.105469 0.0410156 0.000279188
9 0.929199 0.130859 0.0185547 0.015625 0.000279188
6 0.277344 0.492188 0.0429688 0.0351562 0.000285149
9 0.642578 0.605469 0.117188 0.0898438 0.000287533
9 0.354492 0.240723 0.142578 0.166992 0.000287771
13 0.656738 0.5 0.0439453 0.0800781 0.00028944
11 0.148438 0.589844 0.0976562 0.167969 0.000290155
13 0.287109 0.469238 0.158203 0.133789 0.000291586
13 0.271973 0.449219 0.0673828 0.0507812 0.000295877
6 0.352539 0.260254 0.0839844 0.112305 0.000297308
8 0.249023 0.429688 0.0214844 0.0195312 0.000303507
13 0.043457 0.185547 0.0771484 0.0839844 0.000305414
3 0.125977 0.581055 0.0449219 0.0722656 0.000305653
7 0.308594 0.314453 0.015625 0.0136719 0.00030756
12 0.703125 0.131836 0.498047 0.263672 0.000309944
7 0.339355 0.250488 0.0361328 0.0322266 0.000310421
7 0.248535 0.54541 0.250977 0.0693359 0.000311375
7 0.837891 0.55957 0.0175781 0.015625 0.000312805
8 0.394531 0.281738 0.0351562 0.0302734 0.00031662
7 0.408203 0.205078 0.0703125 0.103516 0.000319004
9 0.895508 0.14502 0.0429688 0.0322266 0.000319481
11 0.70166 0.12207 0.438477 0.244141 0.000319481
8 0.275391 0.333008 0.0253906 0.0214844 0.00032115
13 0.282227 0.472656 0.0859375 0.0820312 0.000324249
13 0.338867 0.483398 0.0585938 0.0234375 0.000324726
13 0.263184 0.285645 0.0849609 0.0810547 0.000326633
8 0.308594 0.30957 0.0507812 0.0234375 0.000329971
11 0.043457 0.185547 0.0771484 0.0839844 0.000331402
13 0.250488 0.428711 0.0400391 0.0253906 0.000332832
13 0.775879 0.318359 0.0146484 0.0117188 0.000334024
13 0.33252 0.467285 0.151367 0.0888672 0.000338793
11 0.379395 0.144531 0.0517578 0.015625 0.000339508
9 0.0947266 0.234863 0.0351562 0.12793 0.000339985
13 0.300781 0.339355 0.177734 0.180664 0.000342607
11 0.352051 0.141602 0.0673828 0.0136719 0.000344276
11 0.147949 0.570801 0.0576172 0.0537109 0.000344515
6 0.557129 0.28418 0.112305 0.115234 0.000359774
13 0.243164 0.348145 0.09375 0.0283203 0.000361443
8 0.785645 0.496582 0.0126953 0.0126953 0.000362396
11 0.402344 0.162598 0.0410156 0.0341797 0.000364065
0 0.541016 0.540527 0.378906 0.12793 0.000364542
12 0.242188 0.57666 0.273438 0.110352 0.000369787
9 0.257324 0.530762 0.15332 0.0263672 0.000371456
13 0.368164 0.411133 0.0566406 0.0449219 0.000374556
8 0.291016 0.484375 0.0742188 0.0566406 0.000378847
9 0.278809 0.402832 0.176758 0.250977 0.000381947
10 0.720215 0.986816 0.225586 0.0263672 0.000384808
11 0.131836 0.554688 0.0605469 0.0957031 0.000389338
9 0.262695 0.310059 0.0859375 0.0673828 0.000391245
2 0.288086 0.313477 0.128906 0.078125 0.000392675
13 0.770508 0.3125 0.03125 0.0351562 0.000404835
8 0.343262 0.247559 0.0439453 0.0400391 0.000410318
9 0.135742 0.58252 0.0625 0.0966797 0.000412703
9 0.180176 0.606934 0.163086 0.104492 0.000413418
1 0.128906 0.577637 0.0449219 0.0654297 0.000416517
4 0.557129 0.28418 0.112305 0.115234 0.000417471
11 0.11377 0.578125 0.0478516 0.0761719 0.000426292
11 0.39209 0.137695 0.0595703 0.0175781 0.000428438
9 0.275879 0.500488 0.120117 0.0810547 0.000432491
9 0.271484 0.551758 0.212891 0.0605469 0.000433445
7 0.324219 0.48877 0.09375 0.0380859 0.000434399
4 0.297363 0.48584 0.0888672 0.0556641 0.000438213
0 0.558594 0.28125 0.0625 0.0820312 0.000440359
6 0.306152 0.290527 0.174805 0.106445 0.000441313
6 0.276367 0.298828 0.107422 0.078125 0.000441551
8 0.303711 0.316895 0.103516 0.0517578 0.000447989
10 0.131836 0.554688 0.0605469 0.0957031 0.00045085
13 0.394043 0.15918 0.0673828 0.0351562 0.000460863
7 0.557617 0.286133 0.113281 0.117188 0.000472784
9 0.249023 0.526855 0.226562 0.0556641 0.000473976
8 0.251953 0.289062 0.0214844 0.015625 0.000478268
13 0.273926 0.332031 0.0302734 0.0214844 0.000482082
13 0.260254 0.435547 0.0419922 0.0273438 0.000486135
13 0.737305 0.490234 0.0527344 0.0625 0.000506401
13 0.311523 0.30957 0.0253906 0.0195312 0.000506878
9 0.0209961 0.190918 0.0400391 0.0869141 0.000522614
4 0.280762 0.490234 0.0498047 0.0390625 0.000528812
13 0.744629 0.296875 0.0771484 0.0527344 0.000530243
13 0.336426 0.311035 0.0517578 0.0302734 0.000531673
13 0.339355 0.250488 0.0361328 0.0322266 0.000531673
9 0.345703 0.250977 0.0527344 0.0585938 0.000531673
9 0.291016 0.299805 0.140625 0.09375 0.000539303
13 0.725098 0.238281 0.0712891 0.0351562 0.000540733
7 0.326172 0.275879 0.128906 0.118164 0.000550747
7 0.271484 0.308105 0.111328 0.0830078 0.000561237
9 0.838379 0.560059 0.0166016 0.0146484 0.000572205
5 0.557617 0.286133 0.113281 0.117188 0.00057888
13 0.255859 0.433105 0.0253906 0.0126953 0.000588894
7 0.352051 0.246582 0.0654297 0.0849609 0.000590324
8 0.375977 0.0825195 0.0117188 0.00878906 0.000590324
11 0.410156 0.15332 0.0546875 0.0351562 0.000612259
9 0.0952148 0.254883 0.0244141 0.0390625 0.000613213
12 0.557617 0.286133 0.113281 0.117188 0.000626087
13 0.15625 0.570801 0.0859375 0.0576172 0.000626564
2 0.637695 0.584961 0.0546875 0.0625 0.000636101
8 0.304688 0.314453 0.0292969 0.0175781 0.000638962
10 0.248535 0.556152 0.258789 0.0751953 0.000647068
7 0.0449219 0.18457 0.0839844 0.0839844 0.000648022
13 0.308594 0.30957 0.0507812 0.0234375 0.000650883
9 0.541016 0.541504 0.376953 0.133789 0.000658035
9 0.306641 0.481934 0.115234 0.0966797 0.000660896
9 0.359375 0.250488 0.0839844 0.0966797 0.000669003
8 0.408203 0.229004 0.0371094 0.0283203 0.000675201
11 0.190918 0.987793 0.106445 0.0224609 0.000678062
7 0.128906 0.577637 0.0449219 0.0654297 0.000685692
8 0.314941 0.327637 0.0185547 0.0166016 0.000698566
9 0.500488 0.325195 0.213867 0.197266 0.000703812
11 0.200684 0.58252 0.198242 0.106445 0.000720501
8 0.681641 0.368652 0.0234375 0.0185547 0.000725746
1 0.557129 0.28418 0.112305 0.115234 0.000743389
7 0.275879 0.500488 0.120117 0.0810547 0.000785828
2 0.251953 0.431152 0.0234375 0.0166016 0.000801563
9 0.251953 0.431152 0.0234375 0.0166016 0.000803947
8 0.253906 0.432617 0.0195312 0.0117188 0.000826359
10 0.157227 0.604492 0.109375 0.0976562 0.00083828
8 0.311523 0.30957 0.0253906 0.0195312 0.000842571
9 0.17334 0.567383 0.12793 0.0722656 0.000849724
11 0.166016 0.567383 0.109375 0.0820312 0.000852108
13 0.557129 0.28418 0.112305 0.115234 0.000855923
8 0.780762 0.536133 0.0283203 0.03125 0.000857353
13 0.758789 0.307129 0.0527344 0.0380859 0.000864983
9 0.262695 0.528809 0.240234 0.133789 0.000869274
13 0.332031 0.483887 0.0976562 0.0341797 0.000874519
13 0.308594 0.314453 0.015625 0.0136719 0.000891209
9 0.308594 0.314941 0.015625 0.0126953 0.0008955
13 0.251465 0.334961 0.0869141 0.0566406 0.000897884
13 0.706543 0.321777 0.0341797 0.0380859 0.000904083
13 0.303711 0.316895 0.103516 0.0517578 0.000905514
9 0.0146484 0.219238 0.0273438 0.0361328 0.000920773
13 0.654297 0.540039 0.126953 0.150391 0.000963211
10 0.118164 0.590332 0.0429688 0.0673828 0.000966549
13 0.248047 0.305664 0.0664062 0.0527344 0.000974178
8 0.557129 0.28418 0.112305 0.115234 0.000980377
11 0.557129 0.28418 0.112305 0.115234 0.00101566
2 0.557129 0.28418 0.112305 0.115234 0.00102329
13 0.345703 0.250977 0.0527344 0.0585938 0.00102711
8 0.345215 0.314941 0.0380859 0.0263672 0.00104904
2 0.308594 0.314453 0.015625 0.0136719 0.00107098
8 0.71582 0.304199 0.0136719 0.0126953 0.00107384
7 0.0527344 0.17627 0.0546875 0.0576172 0.00109196
11 0.352539 0.14502 0.113281 0.0224609 0.00110435
10 0.181641 0.582031 0.142578 0.0644531 0.0011158
11 0.12207 0.600586 0.0507812 0.0820312 0.00111675
8 0.043457 0.185547 0.0771484 0.0839844 0.00111866
13 0.25 0.430664 0.0195312 0.0175781 0.00114155
13 0.273438 0.327637 0.0800781 0.0439453 0.0011425
7 0.366699 0.239746 0.0947266 0.133789 0.00114727
11 0.624023 0.146973 0.126953 0.0341797 0.00114918
6 0.309082 0.481934 0.114258 0.0791016 0.00117874
13 0.280762 0.489258 0.0498047 0.0410156 0.001194
9 0.279785 0.490234 0.0498047 0.0390625 0.00122833
11 0.393066 0.155273 0.0888672 0.0488281 0.00125599
13 0.771973 0.313965 0.0224609 0.0224609 0.00127029
10 0.557617 0.286133 0.113281 0.117188 0.00130272
13 0.352539 0.260254 0.0839844 0.112305 0.00131321
2 0.043457 0.185547 0.0771484 0.0839844 0.00133228
8 0.251465 0.289062 0.0107422 0.00976562 0.00133801
11 0.670898 0.148438 0.0703125 0.0371094 0.00144291
0 0.577148 0.265625 0.0664062 0.0761719 0.00146675
9 0.203613 0.550781 0.161133 0.0742188 0.00151825
9 0.196289 0.980469 0.128906 0.0390625 0.00154018
13 0.327637 0.294434 0.0810547 0.0654297 0.00156784
9 0.89209 0.101562 0.108398 0.105469 0.00160789
7 0.265137 0.512207 0.223633 0.12207 0.00169945
8 0.337891 0.251953 0.0332031 0.0234375 0.00171471
9 0.557129 0.28418 0.112305 0.115234 0.00174522
9 0.375977 0.0825195 0.0117188 0.00878906 0.00176048
10 0.241211 0.608887 0.287109 0.125977 0.00176716
9 0.0639648 0.21875 0.125977 0.167969 0.00179958
8 0.326172 0.453125 0.0214844 0.015625 0.00190639
13 0.648926 0.560059 0.0595703 0.151367 0.00198174
9 0.0722656 0.159668 0.103516 0.108398 0.00207329
13 0.635742 0.590332 0.0644531 0.0712891 0.00213242
6 0.291016 0.483887 0.0742188 0.0556641 0.00214195
8 0.72168 0.279785 0.0117188 0.00878906 0.0021534
0 0.540527 0.286133 0.180664 0.160156 0.00219917
7 0.306641 0.481934 0.115234 0.0966797 0.00243187
9 0.297363 0.48584 0.0888672 0.0556641 0.00245667
9 0.634277 0.59375 0.0712891 0.0683594 0.00263023
13 0.299316 0.283691 0.165039 0.120117 0.00298882
3 0.557617 0.286133 0.113281 0.117188 0.0031395
7 0.248047 0.581543 0.269531 0.12207 0.00354958
8 0.358398 0.339355 0.0175781 0.0146484 0.00376892
9 0.23877 0.623535 0.288086 0.125977 0.00403214
8 0.330078 0.495117 0.0253906 0.0175781 0.00411987
13 0.662109 0.533203 0.0566406 0.121094 0.00412369
8 0.838379 0.560059 0.0166016 0.0146484 0.00443649
7 0.280273 0.490234 0.0488281 0.0390625 0.00468063
10 0.200684 0.58252 0.198242 0.106445 0.00571823
11 0.13916 0.58252 0.0810547 0.0888672 0.00624084
8 0.27832 0.491699 0.046875 0.0361328 0.00649261
11 0.592773 0.152344 0.0761719 0.0390625 0.00661087
13 0.267578 0.315918 0.105469 0.0771484 0.00661087
11 0.375488 0.141113 0.0810547 0.0205078 0.00662994
0 0.500488 0.325195 0.213867 0.197266 0.00749969
13 0.305176 0.486816 0.100586 0.0595703 0.00766373
7 0.297363 0.48584 0.0888672 0.0556641 0.00891876
10 0.13916 0.58252 0.0810547 0.0888672 0.0101166
9 0.237305 0.580078 0.265625 0.113281 0.0188904
8 0.308594 0.314941 0.015625 0.0126953 0.0236664
11 0.38916 0.147461 0.0771484 0.0234375 0.0248413
9 0.0419922 0.195312 0.0839844 0.103516 0.0264435
9 0.0493164 0.175781 0.0673828 0.0585938 0.0693359
10 0.128906 0.577637 0.0449219 0.0654297 0.0789185
11 0.128906 0.577637 0.0449219 0.0654297 0.086792
3 0.541016 0.540527 0.378906 0.12793 0.144775
0 0.557129 0.280762 0.110352 0.106445 0.614258
