2 0.9375 0.678711 0.125 0.642578 0.000132918
11 0.437988 0.197754 0.0634766 0.178711 0.000133634
8 0.379883 0.265137 0.0371094 0.0283203 0.00013411
6 0.788086 0.469238 0.0214844 0.0224609 0.000134826
11 0.407715 0.114258 0.0595703 0.0195312 0.000136614
13 0.390137 0.279785 0.0556641 0.0634766 0.000136971
9 0.706055 0.538574 0.253906 0.120117 0.000137925
11 0.40332 0.100098 0.111328 0.0283203 0.000138283
9 0.434082 0.454102 0.0712891 0.0878906 0.000138521
2 0.626465 0.291992 0.0966797 0.162109 0.00013876
12 0.928223 0.691406 0.143555 0.617188 0.000139713
13 0.591797 0.131836 0.0585938 0.0625 0.000140071
9 0.788574 0.473633 0.0283203 0.0351562 0.000141025
11 0.229492 0.575684 0.0761719 0.135742 0.000141501
1 0.396973 0.118652 0.12793 0.0361328 0.000141501
10 0.0361328 0.642578 0.0703125 0.109375 0.000141978
0 0.5625 0.283203 0.0546875 0.0585938 0.000143051
3 0.193359 0.840332 0.386719 0.31543 0.00014317
7 0.741699 0.483887 0.0517578 0.0576172 0.000143647
7 0.770508 0.494141 0.103516 0.121094 0.000144601
11 0.662598 0.0913086 0.0498047 0.0205078 0.000147462
11 0.37207 0.145996 0.193359 0.124023 0.00014925
6 0.73584 0.472168 0.0810547 0.0869141 0.000149488
9 0.343262 0.476562 0.186523 0.166016 0.000150561
13 0.661133 0.485352 0.146484 0.119141 0.0001508
8 0.445801 0.15332 0.0498047 0.0644531 0.000150919
11 0.740723 0.167969 0.0537109 0.0625 0.000153303
2 0.3125 0.428223 0.160156 0.174805 0.000153422
12 0.325684 0.37207 0.192383 0.296875 0.000154853
8 0.446777 0.297852 0.0654297 0.205078 0.00015521
9 0.429199 0.537598 0.0654297 0.0712891 0.000158668
10 0.262207 0.535645 0.116211 0.0927734 0.000161529
9 0.45459 0.337402 0.102539 0.208008 0.000163436
10 0.652832 0.0957031 0.0810547 0.0234375 0.000163674
11 0.262207 0.535645 0.116211 0.0927734 0.00016737
8 0.736328 0.491699 0.0332031 0.0361328 0.000168085
11 0.888672 0.689453 0.222656 0.300781 0.000169516
11 0.317383 0.421387 0.158203 0.172852 0.000169754
8 0.587402 0.129395 0.0615234 0.0693359 0.000170588
8 0.38916 0.425781 0.0537109 0.0527344 0.000170708
8 0.317871 0.481934 0.0439453 0.0361328 0.000172377
8 0.394531 0.330078 0.0390625 0.03125 0.000173092
13 0.713867 0.382812 0.1875 0.322266 0.000174761
8 0.345703 0.461914 0.103516 0.078125 0.00017488
3 0.729004 0.452637 0.145508 0.157227 0.00017643
6 0.29248 0.399414 0.100586 0.138672 0.000176907
12 0.186523 0.162598 0.291016 0.325195 0.000177145
13 0.61084 0.239258 0.0322266 0.0390625 0.000177264
5 0.777344 0.318848 0.310547 0.477539 0.000179529
1 0.652832 0.0957031 0.0810547 0.0234375 0.000180483
3 0.71875 0.364746 0.199219 0.34082 0.00018096
8 0.62793 0.317871 0.0253906 0.0244141 0.00018239
5 0.679199 0.221191 0.161133 0.19043 0.00018239
5 0.319824 0.512207 0.198242 0.129883 0.000182629
0 0.888672 0.672363 0.1875 0.270508 0.00018537
9 0.61377 0.242676 0.0283203 0.0341797 0.00018549
9 0.267578 0.265625 0.0175781 0.0234375 0.000186682
9 0.251465 0.364258 0.0302734 0.015625 0.000187397
2 0.530762 0.28125 0.266602 0.248047 0.000191092
8 0.393555 0.405273 0.046875 0.0507812 0.000193119
7 0.388184 0.432617 0.0400391 0.0371094 0.000194192
5 0.356934 0.44043 0.124023 0.113281 0.000196695
8 0.307129 0.323242 0.0126953 0.0117188 0.000197887
11 0.321289 0.150391 0.0546875 0.0585938 0.000198364
13 0.651367 0.0957031 0.0839844 0.0253906 0.000201225
9 0.93457 0.494629 0.0820312 0.0927734 0.000204802
5 0.288086 0.367188 0.0957031 0.046875 0.000204921
10 0.314941 0.428711 0.168945 0.173828 0.000207424
9 0.32959 0.476562 0.0673828 0.046875 0.000209093
8 0.789551 0.470703 0.0380859 0.0351562 0.000210404
11 0.741699 0.460938 0.139648 0.150391 0.000210881
7 0.187012 0.155762 0.301758 0.311523 0.000211477
7 0.280273 0.493652 0.138672 0.165039 0.000212312
9 0.484863 0.200684 0.0517578 0.151367 0.000213385
5 0.186523 0.162598 0.291016 0.325195 0.000215411
13 0.249023 0.367676 0.03125 0.0185547 0.000216603
9 0.29248 0.399414 0.100586 0.138672 0.000216842
6 0.554199 0.489746 0.319336 0.110352 0.000216961
9 0.444336 0.159668 0.0449219 0.0595703 0.000217795
11 0.266113 0.265137 0.0224609 0.0263672 0.000218987
0 0.521973 0.247559 0.116211 0.0927734 0.000219464
7 0.228516 0.542969 0.046875 0.0742188 0.000221968
10 0.741699 0.460938 0.139648 0.150391 0.000223637
13 0.424316 0.205566 0.0732422 0.157227 0.000226498
7 0.32959 0.480957 0.0654297 0.0419922 0.000229597
3 0.599121 0.550781 0.385742 0.146484 0.000233531
13 0.303223 0.481934 0.15918 0.131836 0.00023365
4 0.554199 0.495117 0.321289 0.109375 0.000236154
11 0.456055 0.124023 0.046875 0.0429688 0.000237584
7 0.313965 0.543457 0.211914 0.112305 0.000237703
7 0.723145 0.464844 0.225586 0.208984 0.000238657
0 0.609375 0.275879 0.0585938 0.0732422 0.000238657
5 0.751953 0.47998 0.113281 0.12207 0.000242233
0 0.562012 0.276855 0.106445 0.102539 0.000244379
3 0.325684 0.37207 0.192383 0.296875 0.000248432
6 0.187012 0.155762 0.301758 0.311523 0.00025034
1 0.317383 0.421387 0.158203 0.172852 0.000251532
0 0.457031 0.352051 0.166016 0.25293 0.000254631
5 0.331055 0.472656 0.0917969 0.0644531 0.000257492
7 0.553223 0.491699 0.321289 0.12207 0.000264645
5 0.339844 0.439941 0.275391 0.258789 0.000267744
9 0.606934 0.257324 0.0634766 0.0869141 0.000273228
2 0.629883 0.316406 0.0253906 0.0234375 0.000274897
13 0.29248 0.494141 0.110352 0.0703125 0.000275612
2 0.566895 0.28125 0.0263672 0.0253906 0.000276566
13 0.325684 0.476562 0.0673828 0.046875 0.000279188
8 0.61377 0.242676 0.0283203 0.0341797 0.000279903
9 0.186523 0.162598 0.291016 0.325195 0.000280857
2 0.617188 0.246094 0.0488281 0.0488281 0.000281096
0 0.460938 0.325684 0.0898438 0.172852 0.000282049
2 0.490723 0.246582 0.0244141 0.0244141 0.000282526
13 0.366699 0.294434 0.0830078 0.0830078 0.000287294
7 0.375488 0.42627 0.124023 0.12793 0.000288963
0 0.908203 0.69043 0.183594 0.498047 0.000289917
5 0.708984 0.473633 0.222656 0.1875 0.000289917
8 0.41748 0.610352 0.0224609 0.0175781 0.000294924
13 0.282227 0.365723 0.0957031 0.102539 0.000300169
9 0.91748 0.466797 0.0498047 0.0507812 0.000300169
5 0.678711 0.275879 0.232422 0.250977 0.000300884
13 0.356934 0.44043 0.124023 0.113281 0.000302792
1 0.554199 0.495117 0.321289 0.109375 0.000303268
7 0.605469 0.12793 0.0273438 0.0292969 0.000306368
6 0.719238 0.364258 0.182617 0.335938 0.000306606
13 0.555664 0.492676 0.324219 0.124023 0.000306845
9 0.548828 0.415039 0.294922 0.302734 0.000307322
8 0.554199 0.495117 0.321289 0.109375 0.000309229
0 0.603516 0.248535 0.0664062 0.0712891 0.000319958
12 0.556152 0.489746 0.323242 0.116211 0.000328302
13 0.288086 0.367188 0.0957031 0.046875 0.00033164
8 0.269043 0.26709 0.0126953 0.0185547 0.000334263
2 0.619141 0.296875 0.0527344 0.0664062 0.000341892
2 0.554199 0.495117 0.321289 0.109375 0.00035429
5 0.333496 0.307617 0.151367 0.169922 0.000354528
1 0.741699 0.460938 0.139648 0.150391 0.000356674
11 0.439941 0.133301 0.0654297 0.0634766 0.000360489
11 0.553223 0.491699 0.321289 0.12207 0.000361443
8 0.334961 0.475098 0.0683594 0.0498047 0.000364065
13 0.662598 0.482422 0.0693359 0.0976562 0.000364542
7 0.740723 0.47998 0.0771484 0.0849609 0.000365257
7 0.434082 0.454102 0.0712891 0.0878906 0.00037384
13 0.606934 0.257324 0.0634766 0.0869141 0.00037694
11 0.236816 0.523926 0.0556641 0.0947266 0.000377655
13 0.270508 0.383301 0.0683594 0.0595703 0.000377893
9 0.226562 0.551758 0.0507812 0.09375 0.000379324
9 0.944336 0.529785 0.103516 0.165039 0.000385284
11 0.610352 0.109863 0.140625 0.0537109 0.000387669
7 0.353027 0.37793 0.219727 0.265625 0.000389814
9 0.297363 0.500488 0.15332 0.112305 0.000390291
0 0.553223 0.432617 0.319336 0.207031 0.000391006
13 0.381836 0.269531 0.0410156 0.0390625 0.000405073
2 0.562012 0.282715 0.0751953 0.0634766 0.000408173
11 0.372559 0.117188 0.0537109 0.03125 0.000408649
8 0.317383 0.421387 0.158203 0.172852 0.000413895
4 0.347168 0.450195 0.124023 0.103516 0.000425816
9 0.491699 0.243164 0.120117 0.144531 0.000427246
5 0.303223 0.365234 0.120117 0.0957031 0.000433922
11 0.41748 0.151855 0.104492 0.0927734 0.000442266
11 0.388184 0.112793 0.0615234 0.0244141 0.000443935
10 0.229492 0.524414 0.0429688 0.0917969 0.000444651
8 0.259277 0.436035 0.0146484 0.0126953 0.000448227
11 0.418457 0.10791 0.0498047 0.0126953 0.000449896
0 0.505371 0.350098 0.180664 0.135742 0.000450134
2 0.562012 0.276855 0.106445 0.102539 0.000459671
13 0.405762 0.191895 0.0439453 0.131836 0.000461102
9 0.256348 0.535645 0.108398 0.0947266 0.000463724
9 0.327637 0.477539 0.104492 0.0722656 0.000476599
11 0.702148 0.131836 0.0996094 0.0878906 0.000477314
5 0.554199 0.494141 0.319336 0.111328 0.000495434
9 0.605469 0.12793 0.0273438 0.0292969 0.000500202
9 0.591797 0.131836 0.0585938 0.0625 0.000501156
8 0.740723 0.47998 0.0771484 0.0849609 0.00050211
9 0.339844 0.352539 0.210938 0.314453 0.000506878
13 0.331543 0.364746 0.204102 0.311523 0.000514984
11 0.427246 0.118164 0.108398 0.0449219 0.000522137
10 0.585938 0.271973 0.121094 0.133789 0.000524044
5 0.282715 0.411621 0.0908203 0.139648 0.000578403
10 0.233398 0.553223 0.0800781 0.100586 0.000586987
7 0.788086 0.469238 0.0214844 0.0224609 0.00058794
6 0.340332 0.480957 0.194336 0.143555 0.000594616
0 0.608887 0.302734 0.0830078 0.142578 0.000598431
7 0.534668 0.279785 0.237305 0.168945 0.000610828
11 0.34668 0.136719 0.0917969 0.0683594 0.000611305
2 0.626953 0.307129 0.0332031 0.0439453 0.000621796
4 0.590332 0.270996 0.110352 0.129883 0.000632286
9 0.787109 0.468262 0.0214844 0.0205078 0.000647068
11 0.656738 0.123047 0.176758 0.0917969 0.000647545
8 0.606445 0.257324 0.0664062 0.0888672 0.000656605
8 0.657715 0.351074 0.0244141 0.0244141 0.000661373
9 0.425293 0.605469 0.0341797 0.03125 0.00067091
13 0.262695 0.358887 0.0488281 0.0224609 0.000675201
8 0.393555 0.394043 0.03125 0.0302734 0.000678062
7 0.585938 0.271973 0.121094 0.133789 0.000678062
9 0.702637 0.361816 0.22168 0.350586 0.000693798
11 0.672852 0.100586 0.0566406 0.0292969 0.000710011
10 0.553223 0.491699 0.321289 0.12207 0.000715256
6 0.534668 0.274902 0.235352 0.170898 0.000716686
13 0.258789 0.370117 0.0488281 0.0351562 0.000720024
8 0.741699 0.460938 0.139648 0.150391 0.000738621
7 0.591797 0.131836 0.0585938 0.0625 0.000743866
2 0.608887 0.23291 0.0380859 0.0458984 0.000765324
5 0.585938 0.271973 0.121094 0.133789 0.00080204
11 0.60498 0.0947266 0.0810547 0.0214844 0.000810623
12 0.534668 0.279785 0.237305 0.168945 0.000817299
4 0.534668 0.279785 0.237305 0.168945 0.000846386
11 0.727051 0.145996 0.0751953 0.0947266 0.00087595
1 0.534668 0.279785 0.237305 0.168945 0.000893116
11 0.640625 0.0917969 0.0507812 0.0136719 0.000896931
8 0.425293 0.604004 0.0341797 0.0302734 0.000913143
7 0.44873 0.15332 0.0576172 0.09375 0.000925064
9 0.450684 0.15625 0.0576172 0.105469 0.000963688
10 0.214355 0.575195 0.0419922 0.0976562 0.000979424
12 0.590332 0.270996 0.110352 0.129883 0.00100136
11 0.606934 0.125 0.0283203 0.0292969 0.00102806
5 0.662598 0.354492 0.319336 0.412109 0.00102901
0 0.49707 0.280762 0.179688 0.147461 0.00102997
13 0.186523 0.162598 0.291016 0.325195 0.0010519
11 0.534668 0.279785 0.237305 0.168945 0.00106812
9 0.297852 0.549805 0.189453 0.105469 0.00108051
6 0.331055 0.472656 0.0917969 0.0644531 0.00108242
3 0.587402 0.266602 0.116211 0.125 0.00108528
6 0.331543 0.364746 0.204102 0.311523 0.00108624
8 0.741211 0.483398 0.046875 0.0566406 0.0010891
9 0.348145 0.458496 0.110352 0.0869141 0.00109482
7 0.340332 0.480957 0.194336 0.143555 0.00110149
6 0.590332 0.270996 0.110352 0.129883 0.00110435
7 0.444824 0.222168 0.0634766 0.202148 0.00111675
4 0.317383 0.421387 0.158203 0.172852 0.00114441
2 0.563477 0.282227 0.0410156 0.0410156 0.00119495
5 0.533691 0.277344 0.239258 0.15625 0.00123787
5 0.292969 0.364746 0.117188 0.209961 0.00128078
11 0.214355 0.575195 0.0419922 0.0976562 0.00130272
11 0.437012 0.114258 0.0673828 0.0253906 0.00130558
1 0.590332 0.270996 0.110352 0.129883 0.00132084
9 0.553223 0.491699 0.321289 0.12207 0.00132847
10 0.534668 0.279785 0.237305 0.168945 0.00143719
8 0.536133 0.27832 0.238281 0.146484 0.00144577
9 0.469727 0.200195 0.0957031 0.210938 0.00156021
9 0.443848 0.297852 0.0615234 0.205078 0.00163841
5 0.325684 0.460938 0.131836 0.109375 0.00164032
7 0.443848 0.297852 0.0615234 0.205078 0.00167084
0 0.604004 0.310059 0.135742 0.208008 0.00169754
11 0.590332 0.104492 0.0595703 0.0371094 0.0018034
0 0.553223 0.500488 0.321289 0.118164 0.00183105
7 0.338379 0.476562 0.0947266 0.0664062 0.00190258
13 0.274902 0.363281 0.0771484 0.0273438 0.00193405
4 0.741699 0.460938 0.139648 0.150391 0.0019722
11 0.590332 0.270996 0.110352 0.129883 0.00200272
11 0.585449 0.133789 0.0673828 0.0859375 0.00205421
8 0.391602 0.430176 0.0371094 0.0263672 0.00205994
9 0.444824 0.222168 0.0634766 0.202148 0.00207901
2 0.609375 0.275879 0.0585938 0.0732422 0.00214195
11 0.668945 0.102539 0.0917969 0.0410156 0.00223541
13 0.729004 0.452637 0.145508 0.157227 0.00224304
11 0.609863 0.117676 0.0732422 0.0458984 0.0023632
11 0.395508 0.12793 0.148438 0.0683594 0.00238228
11 0.634277 0.0898438 0.0966797 0.0234375 0.00252914
3 0.552246 0.46875 0.350586 0.267578 0.00268555
9 0.535156 0.273926 0.244141 0.170898 0.00271797
8 0.605469 0.12793 0.0273438 0.0292969 0.00291061
11 0.227051 0.561035 0.0517578 0.0849609 0.00295067
9 0.313477 0.420898 0.164062 0.193359 0.00339508
11 0.335449 0.13623 0.0517578 0.0478516 0.00343895
9 0.590332 0.270996 0.110352 0.129883 0.00352859
13 0.544434 0.276855 0.21582 0.149414 0.00353241
13 0.343262 0.469238 0.106445 0.0791016 0.0036087
8 0.788086 0.469238 0.0214844 0.0205078 0.00421143
13 0.3125 0.428223 0.160156 0.174805 0.0044899
3 0.537598 0.348145 0.274414 0.231445 0.00453568
9 0.739258 0.453613 0.125 0.147461 0.00460434
6 0.347168 0.450195 0.124023 0.103516 0.00467682
0 0.529297 0.238281 0.222656 0.0976562 0.00624466
13 0.254395 0.363281 0.0322266 0.015625 0.00666428
8 0.590332 0.270996 0.110352 0.129883 0.00687408
10 0.223633 0.548828 0.0429688 0.0820312 0.00717163
7 0.347168 0.450195 0.124023 0.103516 0.00785828
2 0.558105 0.273438 0.18457 0.144531 0.00815582
11 0.224609 0.542969 0.0371094 0.0664062 0.0083313
2 0.61377 0.242676 0.0283203 0.0341797 0.00865173
2 0.603516 0.248535 0.0664062 0.0712891 0.00888062
11 0.731934 0.151855 0.0537109 0.0576172 0.00889587
5 0.339844 0.352539 0.210938 0.314453 0.0103531
11 0.414062 0.109863 0.09375 0.0166016 0.0109863
11 0.63623 0.0976562 0.12207 0.0351562 0.0150604
11 0.374023 0.121094 0.0996094 0.0449219 0.0151291
6 0.738281 0.452637 0.138672 0.157227 0.0162506
7 0.317383 0.421387 0.158203 0.172852 0.0175629
13 0.590332 0.270996 0.110352 0.129883 0.0178375
5 0.72168 0.366211 0.177734 0.330078 0.0178833
7 0.741699 0.460938 0.139648 0.150391 0.0195007
0 0.529785 0.32373 0.262695 0.211914 0.0207977
6 0.3125 0.428223 0.160156 0.174805 0.0219574
0 0.596191 0.265137 0.0947266 0.116211 0.0339661
5 0.736816 0.437012 0.141602 0.180664 0.0557556
2 0.594727 0.268066 0.0976562 0.12207 0.0566406
11 0.397949 0.114258 0.116211 0.0292969 0.0583191
5 0.313477 0.420898 0.164062 0.193359 0.0654297
3 0.530273 0.271973 0.230469 0.141602 0.0700684
11 0.652832 0.0957031 0.0810547 0.0234375 0.151123
3 0.554199 0.495117 0.321289 0.109375 0.461182
0 0.561523 0.270508 0.181641 0.138672 0.579102
