11 0.368164 0.115723 0.0644531 0.0224609 0.000100791
5 0.26709 0.391113 0.295898 0.415039 0.000100791
8 0.309082 0.485352 0.0107422 0.00976562 0.000101626
10 0.160645 0.844727 0.161133 0.158203 0.000102162
0 0.966309 0.750977 0.0673828 0.138672 0.000102282
10 0.185059 0.98291 0.180664 0.0322266 0.000103354
9 0.606445 0.236328 0.0351562 0.0273438 0.000103414
10 0.848145 0.994141 0.0869141 0.0117188 0.00010401
0 0.259277 0.87207 0.344727 0.224609 0.000104964
11 0.356934 0.110352 0.0576172 0.015625 0.00010556
3 0.591797 0.619141 0.451172 0.162109 0.000106931
7 0.805176 0.444336 0.174805 0.285156 0.000106931
10 0.196777 0.970215 0.243164 0.0576172 0.000107169
13 0.193359 0.379883 0.0625 0.015625 0.000107586
5 0.773438 0.352539 0.105469 0.0820312 0.000108719
6 0.849121 0.517578 0.0849609 0.160156 0.000109255
13 0.708984 0.32666 0.119141 0.0908203 0.000110328
13 0.288086 0.520996 0.0292969 0.0205078 0.00011462
12 0.647949 0.131348 0.178711 0.0751953 0.000117123
10 0.0307617 0.83252 0.0615234 0.241211 0.000117362
11 0.595703 0.126465 0.0625 0.0361328 0.000117362
8 0.366211 0.503906 0.0214844 0.0253906 0.000118554
11 0.362305 0.144531 0.0996094 0.0429688 0.000120103
7 0.259766 0.95752 0.289062 0.0810547 0.000120938
3 0.547363 0.272461 0.0947266 0.0742188 0.000122666
13 0.68457 0.312988 0.078125 0.0712891 0.000123262
11 0.266113 0.130859 0.0576172 0.0449219 0.000124693
3 0.907715 0.984863 0.100586 0.0283203 0.000124812
9 0.259766 0.95752 0.289062 0.0810547 0.000125289
2 0.0307617 0.810059 0.0615234 0.209961 0.000125647
12 0.0273438 0.777832 0.0546875 0.145508 0.000126123
9 0.499023 0.411133 0.177734 0.367188 0.000128031
9 0.647949 0.131348 0.178711 0.0751953 0.000129461
3 0.648438 0.127441 0.177734 0.0576172 0.000131011
9 0.211426 0.416504 0.208008 0.333008 0.000131607
8 0.583496 0.234375 0.0224609 0.0175781 0.000131965
3 0.165039 0.842285 0.199219 0.143555 0.000135422
10 0.84375 0.971191 0.109375 0.0576172 0.000136971
13 0.710938 0.314453 0.0839844 0.0546875 0.000137091
3 0.15332 0.0737305 0.306641 0.147461 0.000137925
11 0.843262 0.991211 0.0830078 0.0175781 0.000139713
7 0.291504 0.883789 0.27832 0.207031 0.00014019
10 0.658203 0.12207 0.171875 0.0449219 0.000141382
8 0.349609 0.283203 0.015625 0.015625 0.000142217
8 0.755859 0.330566 0.015625 0.0126953 0.000144601
5 0.727051 0.411621 0.317383 0.420898 0.000146866
11 0.6875 0.117676 0.0625 0.0263672 0.000149608
11 0.806641 0.991211 0.0976562 0.0175781 0.000154138
11 0.385742 0.132324 0.103516 0.0712891 0.00015676
11 0.314453 0.132324 0.175781 0.0810547 0.000158429
6 0.574707 0.545898 0.420898 0.115234 0.000159025
9 0.774414 0.0869141 0.03125 0.0214844 0.000159502
4 0.574707 0.545898 0.420898 0.115234 0.000160217
9 0.806641 0.412598 0.144531 0.31543 0.000161409
11 0.62793 0.109375 0.125 0.0273438 0.000162959
3 0.259277 0.87207 0.344727 0.224609 0.000163555
13 0.639648 0.374023 0.0761719 0.0800781 0.000165462
10 0.8125 0.994629 0.09375 0.0107422 0.00016582
13 0.788574 0.337402 0.0712891 0.0458984 0.000166535
4 0.0273438 0.777832 0.0546875 0.145508 0.000171185
5 0.97168 0.918945 0.0566406 0.15625 0.000172853
10 0.26123 0.913086 0.305664 0.173828 0.000180483
7 0.858398 0.570801 0.0625 0.0556641 0.000181079
3 0.410156 0.981445 0.439453 0.0371094 0.000184655
7 0.848145 0.589355 0.0419922 0.0263672 0.000184774
8 0.0273438 0.777832 0.0546875 0.145508 0.000185132
7 0.574707 0.545898 0.420898 0.115234 0.000192523
11 0.0273438 0.777832 0.0546875 0.145508 0.000193238
11 0.335938 0.109375 0.0507812 0.0117188 0.000193477
10 0.0273438 0.777832 0.0546875 0.145508 0.000193954
13 0.766113 0.204102 0.0166016 0.0605469 0.000199437
8 0.840332 0.588379 0.0224609 0.0166016 0.000200987
13 0.652344 0.226074 0.109375 0.165039 0.000201344
1 0.648926 0.123535 0.172852 0.0478516 0.000203609
13 0.627441 0.38916 0.0634766 0.0458984 0.000210643
8 0.69043 0.213379 0.0136719 0.0107422 0.000212312
11 0.330078 0.130371 0.121094 0.0498047 0.00021553
5 0.160156 0.476562 0.134766 0.226562 0.00021708
3 0.489258 0.964844 0.507812 0.0703125 0.000219345
8 0.574707 0.545898 0.420898 0.115234 0.000220537
1 0.574707 0.545898 0.420898 0.115234 0.000221491
8 0.821289 0.30127 0.0117188 0.0107422 0.000222325
13 0.854004 0.571289 0.0595703 0.0507812 0.00022316
0 0.95752 0.751953 0.0849609 0.167969 0.000228643
9 0.547363 0.274414 0.0947266 0.0722656 0.000231981
8 0.364746 0.367676 0.0166016 0.0146484 0.00023663
9 0.85791 0.57959 0.0595703 0.0400391 0.000242591
9 0.837891 0.47998 0.109375 0.237305 0.000243545
0 0.0307617 0.755371 0.0615234 0.204102 0.000243902
13 0.653809 0.287598 0.0927734 0.0830078 0.00024581
1 0.0273438 0.777832 0.0546875 0.145508 0.000249863
9 0.160156 0.476562 0.134766 0.226562 0.000255823
13 0.721191 0.310059 0.0458984 0.0419922 0.0002563
0 0.941406 0.768555 0.117188 0.263672 0.000261545
13 0.574707 0.545898 0.420898 0.115234 0.000269175
13 0.353516 0.475098 0.0585938 0.0478516 0.000272989
2 0.574707 0.545898 0.420898 0.115234 0.000278711
12 0.574707 0.545898 0.420898 0.115234 0.000280857
11 0.371094 0.105469 0.0722656 0.0175781 0.000282764
11 0.574707 0.545898 0.420898 0.115234 0.000296831
13 0.848145 0.589355 0.0419922 0.0263672 0.000323296
6 0.187012 0.445801 0.178711 0.293945 0.000324965
11 0.634277 0.114258 0.0751953 0.0214844 0.000327349
11 0.311523 0.115234 0.0488281 0.0214844 0.000329494
2 0.0263672 0.754395 0.0527344 0.114258 0.000332355
10 0.779785 0.98584 0.18457 0.0283203 0.00033927
9 0.76416 0.0791016 0.0791016 0.0585938 0.000360727
10 0.256348 0.980469 0.266602 0.0390625 0.000369072
11 0.674316 0.112305 0.0615234 0.0195312 0.000374556
10 0.574707 0.545898 0.420898 0.115234 0.000388384
5 0.575195 0.548828 0.423828 0.128906 0.000397682
10 0.848633 0.984375 0.0820312 0.03125 0.000402451
11 0.82666 0.98584 0.133789 0.0283203 0.000406981
10 0.747559 0.968262 0.333008 0.0634766 0.000417471
0 0.574707 0.545898 0.420898 0.115234 0.000473976
9 0.852539 0.530762 0.0761719 0.133789 0.000475407
8 0.348145 0.30127 0.0126953 0.0126953 0.000477314
9 0.848145 0.589355 0.0419922 0.0263672 0.000482798
11 0.401855 0.137695 0.0576172 0.0546875 0.000491619
11 0.617676 0.119629 0.0732422 0.0283203 0.000513077
8 0.758789 0.366699 0.03125 0.0244141 0.000520229
11 0.253418 0.143555 0.0712891 0.0644531 0.000547409
7 0.143555 0.54834 0.109375 0.131836 0.000662804
5 0.811035 0.424805 0.161133 0.330078 0.000669003
10 0.814941 0.990234 0.129883 0.0195312 0.000673771
9 0.143555 0.54834 0.109375 0.131836 0.000701427
11 0.575195 0.147949 0.0566406 0.0439453 0.000730038
7 0.839844 0.501465 0.121094 0.182617 0.000733852
8 0.80127 0.298828 0.00878906 0.0078125 0.000751972
7 0.852539 0.530762 0.0761719 0.133789 0.000752449
8 0.847168 0.589355 0.0400391 0.0244141 0.000770569
8 0.290527 0.520508 0.0341797 0.0234375 0.000789165
7 0.187012 0.445801 0.178711 0.293945 0.000799179
8 0.606445 0.236328 0.0351562 0.0273438 0.00080061
10 0.0878906 0.632324 0.0371094 0.0537109 0.000823498
9 0.805664 0.0703125 0.0917969 0.0625 0.000849247
13 0.649414 0.249512 0.0683594 0.104492 0.000878811
9 0.576172 0.549805 0.423828 0.130859 0.00098896
11 0.359375 0.110352 0.109375 0.0253906 0.00111675
11 0.0878906 0.632324 0.0371094 0.0537109 0.00115871
9 0.786133 0.0791016 0.0664062 0.0429688 0.00123978
10 0.259766 0.95752 0.289062 0.0810547 0.00131512
5 0.202148 0.435059 0.201172 0.293945 0.00176334
3 0.575195 0.536133 0.451172 0.261719 0.00218964
11 0.657227 0.129883 0.179688 0.0761719 0.00238991
11 0.391113 0.124023 0.0693359 0.046875 0.00324249
11 0.356934 0.120117 0.135742 0.0410156 0.00325775
11 0.333008 0.110352 0.0761719 0.0175781 0.00329399
0 0.0263672 0.754395 0.0527344 0.114258 0.00371552
11 0.278809 0.131836 0.100586 0.0625 0.00377655
11 0.672363 0.109863 0.100586 0.0283203 0.00415039
11 0.695801 0.123535 0.124023 0.0478516 0.00511932
11 0.29834 0.119629 0.0986328 0.0419922 0.00859833
11 0.602051 0.136719 0.106445 0.0585938 0.00901794
0 0.547363 0.272461 0.0947266 0.0742188 0.0228577
11 0.626465 0.124512 0.133789 0.0458984 0.0248718
11 0.325684 0.113281 0.116211 0.0273438 0.0283661
11 0.662109 0.117676 0.150391 0.0322266 0.0354919
3 0.575684 0.556641 0.422852 0.113281 0.265625
