13 0.338379 0.318359 0.0498047 0.0429688 0.000100672
9 0.24707 0.233887 0.0996094 0.100586 0.000101924
5 0.260742 0.612305 0.224609 0.228516 0.000103593
9 0.641113 0.122559 0.200195 0.0927734 0.000104129
9 0.542969 0.209961 0.222656 0.253906 0.000104606
6 0.508301 0.308594 0.217773 0.179688 0.000104666
0 0.910645 0.550781 0.178711 0.398438 0.000106871
9 0.737305 0.662109 0.388672 0.322266 0.000107586
6 0.173828 0.654785 0.1875 0.249023 0.000107884
5 0.743652 0.646973 0.151367 0.204102 0.000109196
6 0.220215 0.26709 0.418945 0.305664 0.000109494
9 0.393066 0.836426 0.581055 0.299805 0.000111282
9 0.33252 0.104492 0.59668 0.208984 0.00011158
13 0.304688 0.327148 0.201172 0.177734 0.000111997
7 0.26123 0.228027 0.350586 0.268555 0.000114083
0 0.939453 0.641602 0.121094 0.332031 0.000114799
8 0.34082 0.323242 0.0703125 0.0605469 0.000115812
13 0.666016 0.182617 0.144531 0.15625 0.000116348
10 0.764648 0.873047 0.470703 0.253906 0.000116646
11 0.31543 0.102539 0.078125 0.0332031 0.000118017
9 0.614746 0.39209 0.452148 0.543945 0.000118852
2 0.593262 0.301758 0.125977 0.160156 0.00012058
9 0.394043 0.116699 0.0400391 0.0263672 0.000121832
3 0.110352 0.308105 0.210938 0.305664 0.000122011
10 0.862793 0.730469 0.12207 0.146484 0.000122011
8 0.625488 0.245605 0.0107422 0.0107422 0.000122011
9 0.648926 0.496582 0.0810547 0.0693359 0.000124454
10 0.344727 0.965332 0.525391 0.0693359 0.000124812
0 0.0805664 0.903809 0.161133 0.192383 0.000125527
9 0.681152 0.0854492 0.383789 0.151367 0.0001266
3 0.419922 0.996094 0.507812 0.0078125 0.000128627
9 0.329102 0.219238 0.310547 0.268555 0.000129342
10 0.782715 0.766113 0.28418 0.114258 0.0001297
4 0.557617 0.286621 0.113281 0.118164 0.000132203
9 0.616699 0.194824 0.211914 0.245117 0.000133157
13 0.575684 0.262695 0.0537109 0.0605469 0.000133872
8 0.575195 0.262695 0.0566406 0.0625 0.000137925
8 0.252441 0.223633 0.0615234 0.0527344 0.000140786
8 0.17334 0.69873 0.0283203 0.0263672 0.00014329
9 0.245605 0.0683594 0.104492 0.078125 0.000143528
2 0.56543 0.248535 0.0429688 0.0341797 0.000144839
5 0.20459 0.563965 0.22168 0.206055 0.000145197
11 0.766113 0.611816 0.276367 0.317383 0.000146985
10 0.314453 0.980469 0.417969 0.0371094 0.000147223
11 0.602051 0.108887 0.0615234 0.0224609 0.000147462
9 0.657715 0.506836 0.112305 0.144531 0.0001477
13 0.255371 0.231445 0.0869141 0.0917969 0.000149608
5 0.650391 0.552734 0.341797 0.425781 0.000149727
5 0.190918 0.644043 0.151367 0.176758 0.000150204
13 0.167969 0.676758 0.177734 0.203125 0.000151157
7 0.867676 0.727539 0.0986328 0.123047 0.000151992
9 0.536133 0.38916 0.224609 0.30957 0.000154495
5 0.272461 0.28418 0.171875 0.119141 0.000156403
7 0.509766 0.296875 0.214844 0.146484 0.000157714
13 0.134766 0.705566 0.113281 0.100586 0.000157952
5 0.53125 0.502441 0.320312 0.549805 0.00015974
4 0.766113 0.611816 0.276367 0.317383 0.000162721
13 0.662109 0.297363 0.207031 0.250977 0.000163317
4 0.508301 0.308594 0.217773 0.179688 0.000164151
3 0.774414 0.263672 0.441406 0.339844 0.000164866
2 0.557129 0.334961 0.0595703 0.046875 0.000167608
9 0.575684 0.262695 0.0537109 0.0605469 0.000169396
13 0.621094 0.229492 0.21875 0.244141 0.000172377
9 0.37207 0.624023 0.0292969 0.0332031 0.000173688
1 0.766113 0.611816 0.276367 0.317383 0.000173926
11 0.682129 0.123047 0.295898 0.121094 0.000177026
11 0.893555 0.772461 0.0664062 0.0957031 0.000177145
12 0.757812 0.22168 0.433594 0.294922 0.000178337
11 0.347656 0.105469 0.154297 0.0410156 0.000181675
8 0.385254 0.620605 0.0556641 0.0498047 0.000183225
0 0.836914 0.532227 0.326172 0.431641 0.000185251
10 0.88916 0.754883 0.0712891 0.0996094 0.000186563
11 0.0712891 0.891602 0.140625 0.216797 0.000187278
13 0.272461 0.268555 0.132812 0.0605469 0.000187993
11 0.604492 0.09375 0.113281 0.0292969 0.000188351
11 0.740234 0.442383 0.400391 0.71875 0.000188828
9 0.564453 0.155762 0.0917969 0.124023 0.000193596
2 0.564453 0.333496 0.0332031 0.0361328 0.000200033
9 0.782715 0.766113 0.28418 0.114258 0.000200391
9 0.577637 0.309082 0.12207 0.170898 0.000201702
2 0.506836 0.316895 0.238281 0.200195 0.000202656
2 0.37207 0.624023 0.0292969 0.0332031 0.000206351
9 0.208496 0.874023 0.416992 0.234375 0.000207424
9 0.411133 0.0478516 0.699219 0.0917969 0.000208735
5 0.292969 0.306152 0.304688 0.299805 0.000209689
8 0.268066 0.27002 0.163086 0.110352 0.000212312
8 0.640137 0.427734 0.0263672 0.0195312 0.000213623
0 0.580566 0.276367 0.250977 0.191406 0.00021565
4 0.740234 0.442383 0.400391 0.71875 0.00021565
11 0.233398 0.455566 0.398438 0.709961 0.000217557
3 0.836914 0.532227 0.326172 0.431641 0.000217795
10 0.733398 0.958496 0.328125 0.0771484 0.00022769
6 0.557617 0.283691 0.111328 0.112305 0.000229001
10 0.557617 0.286621 0.113281 0.118164 0.000230908
9 0.585449 0.407227 0.0732422 0.0898438 0.000231743
6 0.222656 0.614746 0.304688 0.34082 0.000232816
9 0.709473 0.0458984 0.500977 0.0917969 0.000234127
0 0.108398 0.325195 0.216797 0.283203 0.000235558
13 0.297852 0.208008 0.291016 0.255859 0.000237465
9 0.249023 0.0703125 0.0566406 0.0371094 0.000237942
8 0.774902 0.328125 0.0537109 0.046875 0.000237942
9 0.399902 0.412109 0.325195 0.617188 0.000237942
13 0.338379 0.308594 0.0927734 0.0703125 0.000239015
5 0.557617 0.286621 0.113281 0.118164 0.000239253
9 0.556152 0.726074 0.282227 0.319336 0.000239372
13 0.216309 0.260254 0.12793 0.0927734 0.000240207
0 0.516602 0.373535 0.230469 0.149414 0.000240207
0 0.925781 0.446289 0.148438 0.326172 0.000240922
12 0.228516 0.212402 0.400391 0.344727 0.000243187
11 0.70459 0.131836 0.0751953 0.0664062 0.00024581
13 0.825684 0.648438 0.163086 0.228516 0.000246286
8 0.834473 0.506836 0.0400391 0.03125 0.000246763
2 0.766113 0.611816 0.276367 0.317383 0.000247717
13 0.120605 0.720215 0.0888672 0.0244141 0.000249624
9 0.474121 0.714355 0.313477 0.206055 0.000252247
12 0.557617 0.283691 0.111328 0.112305 0.000252485
7 0.557617 0.277832 0.109375 0.100586 0.000258207
5 0.509766 0.296875 0.214844 0.146484 0.000258684
1 0.740234 0.442383 0.400391 0.71875 0.000262022
11 0.634766 0.0966797 0.134766 0.0410156 0.000262737
10 0.779785 0.615234 0.249023 0.310547 0.000263453
5 0.777832 0.702148 0.25293 0.183594 0.000267029
3 0.229492 0.637695 0.341797 0.367188 0.000268221
4 0.233398 0.455566 0.398438 0.709961 0.000271559
12 0.779785 0.615234 0.249023 0.310547 0.000272036
3 0.220215 0.26709 0.418945 0.305664 0.000272274
5 0.774414 0.263672 0.441406 0.339844 0.000274181
8 0.740234 0.442383 0.400391 0.71875 0.000276566
5 0.811035 0.591797 0.135742 0.210938 0.000276804
12 0.509766 0.296875 0.214844 0.146484 0.000278711
10 0.0722656 0.884277 0.142578 0.231445 0.000279188
3 0.393066 0.836426 0.581055 0.299805 0.000279903
8 0.741699 0.633789 0.342773 0.298828 0.000285625
5 0.241211 0.698242 0.373047 0.388672 0.000287533
9 0.754883 0.227539 0.457031 0.296875 0.000288248
1 0.509766 0.296875 0.214844 0.146484 0.000290871
8 0.245117 0.455566 0.382812 0.717773 0.000293493
5 0.408691 0.450195 0.317383 0.650391 0.000296116
8 0.373047 0.421875 0.0195312 0.0175781 0.000304461
1 0.233398 0.455566 0.398438 0.709961 0.000305176
8 0.762207 0.562988 0.0146484 0.0107422 0.000307322
0 0.766113 0.611816 0.276367 0.317383 0.000309229
9 0.245117 0.0776367 0.177734 0.141602 0.000311375
0 0.0458984 0.331055 0.0898438 0.228516 0.000317574
1 0.557617 0.283691 0.111328 0.112305 0.000325203
9 0.516602 0.797852 0.222656 0.226562 0.000329256
9 0.608398 0.561035 0.412109 0.391602 0.000329256
9 0.235352 0.299805 0.398438 0.296875 0.000329494
8 0.277344 0.633301 0.0273438 0.0224609 0.000329733
8 0.258301 0.0625 0.0185547 0.0136719 0.00033021
0 0.740234 0.442383 0.400391 0.71875 0.000338793
0 0.549316 0.443359 0.350586 0.513672 0.000342131
13 0.241211 0.230957 0.146484 0.125977 0.000342846
2 0.740234 0.442383 0.400391 0.71875 0.000344038
2 0.245117 0.455566 0.382812 0.717773 0.000345469
0 0.762207 0.908691 0.34668 0.182617 0.000363827
0 0.239746 0.459473 0.381836 0.704102 0.00036478
9 0.172852 0.653809 0.193359 0.249023 0.000370979
3 0.557617 0.286621 0.113281 0.118164 0.000371456
10 0.508301 0.308594 0.217773 0.179688 0.000376225
2 0.235352 0.299805 0.398438 0.296875 0.0003829
10 0.208496 0.874023 0.416992 0.234375 0.000389338
9 0.836914 0.631836 0.126953 0.234375 0.00039196
13 0.129883 0.720215 0.0976562 0.0498047 0.000400305
9 0.258301 0.0625 0.0185547 0.0136719 0.000409126
13 0.257324 0.64209 0.327148 0.256836 0.000409842
3 0.505371 0.304688 0.243164 0.166016 0.000410795
7 0.766113 0.611816 0.276367 0.317383 0.000415802
8 0.335938 0.318359 0.0488281 0.0390625 0.000421524
7 0.577148 0.644531 0.460938 0.189453 0.000430584
2 0.256836 0.277344 0.296875 0.158203 0.000431776
11 0.648438 0.121094 0.167969 0.0683594 0.000434875
5 0.152832 0.698242 0.166992 0.177734 0.000440598
13 0.660156 0.168457 0.0644531 0.104492 0.000453949
10 0.732422 0.981445 0.330078 0.0371094 0.000454187
6 0.577148 0.644531 0.460938 0.189453 0.000465631
13 0.577148 0.644531 0.460938 0.189453 0.000484228
0 0.574707 0.335938 0.137695 0.246094 0.000490665
3 0.470703 0.0395508 0.464844 0.0791016 0.000502586
5 0.708008 0.595703 0.212891 0.300781 0.000515461
8 0.509766 0.296875 0.214844 0.146484 0.000515461
7 0.740234 0.442383 0.400391 0.71875 0.000519753
5 0.219238 0.223633 0.438477 0.326172 0.000519753
11 0.577148 0.644531 0.460938 0.189453 0.000527382
4 0.577148 0.644531 0.460938 0.189453 0.000527382
10 0.740234 0.442383 0.400391 0.71875 0.000535965
1 0.577148 0.644531 0.460938 0.189453 0.000566006
9 0.216309 0.179199 0.432617 0.333008 0.000584602
5 0.762695 0.495605 0.263672 0.481445 0.00060606
7 0.825684 0.648438 0.163086 0.228516 0.000619411
11 0.367188 0.100586 0.105469 0.0253906 0.000620365
8 0.577148 0.644531 0.460938 0.189453 0.000620842
2 0.577148 0.644531 0.460938 0.189453 0.000620842
13 0.507324 0.297852 0.239258 0.148438 0.000652313
12 0.577148 0.644531 0.460938 0.189453 0.000666142
11 0.507324 0.297852 0.239258 0.148438 0.000669956
12 0.740234 0.442383 0.400391 0.71875 0.000679493
9 0.558105 0.139648 0.0595703 0.0742188 0.000693321
7 0.233398 0.455566 0.398438 0.709961 0.000705719
0 0.494629 0.246582 0.243164 0.161133 0.000710487
13 0.741699 0.633789 0.342773 0.298828 0.000755787
2 0.580078 0.29541 0.0722656 0.110352 0.000756264
9 0.257324 0.277344 0.305664 0.154297 0.000787735
9 0.229492 0.637695 0.341797 0.367188 0.000802994
13 0.220703 0.256348 0.0644531 0.0810547 0.000808239
2 0.268066 0.27002 0.163086 0.110352 0.000819206
11 0.557617 0.283691 0.111328 0.112305 0.000822544
10 0.233398 0.455566 0.398438 0.709961 0.000852585
5 0.237305 0.5625 0.294922 0.398438 0.000854969
13 0.304688 0.293457 0.136719 0.112305 0.000893116
13 0.245117 0.431152 0.386719 0.723633 0.000912666
9 0.268066 0.27002 0.163086 0.110352 0.000925541
10 0.577148 0.644531 0.460938 0.189453 0.000945568
13 0.716797 0.441895 0.384766 0.698242 0.000955582
6 0.825684 0.650391 0.161133 0.230469 0.000956535
0 0.577148 0.644531 0.460938 0.189453 0.000967503
5 0.737305 0.662109 0.388672 0.322266 0.000982285
2 0.542969 0.291016 0.150391 0.138672 0.00112057
3 0.239746 0.459473 0.381836 0.704102 0.00112724
11 0.60791 0.104004 0.102539 0.0263672 0.00113487
12 0.245117 0.455566 0.382812 0.717773 0.0012207
3 0.566895 0.557617 0.458008 0.398438 0.00126648
9 0.508301 0.308594 0.217773 0.179688 0.00127506
13 0.254883 0.299805 0.345703 0.273438 0.00128365
3 0.740234 0.442383 0.400391 0.71875 0.00135899
13 0.577637 0.309082 0.12207 0.170898 0.00140762
3 0.766113 0.611816 0.276367 0.317383 0.00159454
13 0.273438 0.277832 0.251953 0.15918 0.00196266
6 0.77002 0.61084 0.262695 0.305664 0.00206184
6 0.239746 0.459473 0.381836 0.704102 0.00209236
5 0.580078 0.619629 0.431641 0.233398 0.00211334
6 0.740234 0.442383 0.400391 0.71875 0.00211716
2 0.567871 0.260254 0.0615234 0.0595703 0.00211716
9 0.499512 0.466797 0.293945 0.583984 0.00215721
8 0.374023 0.624512 0.0332031 0.0361328 0.00219154
9 0.577148 0.644531 0.460938 0.189453 0.00221634
2 0.582031 0.27832 0.0488281 0.0722656 0.00242615
9 0.557617 0.277832 0.109375 0.100586 0.00243568
8 0.563965 0.276367 0.100586 0.0957031 0.00255775
9 0.202148 0.0820312 0.361328 0.158203 0.00264359
0 0.562012 0.266113 0.0888672 0.0830078 0.0031414
0 0.48584 0.355469 0.282227 0.320312 0.00325775
13 0.268066 0.27002 0.163086 0.110352 0.00352669
9 0.786621 0.614258 0.229492 0.291016 0.00354767
9 0.239746 0.459473 0.381836 0.704102 0.00380516
9 0.740234 0.442383 0.400391 0.71875 0.00399399
13 0.563965 0.276367 0.100586 0.0957031 0.00414276
11 0.633301 0.11084 0.151367 0.0361328 0.00485992
5 0.839355 0.661133 0.131836 0.212891 0.00600052
5 0.194824 0.649414 0.239258 0.263672 0.0191193
2 0.562012 0.271484 0.0927734 0.0878906 0.0240784
0 0.505371 0.304688 0.243164 0.166016 0.0830688
5 0.237793 0.456543 0.375977 0.698242 0.0883789
5 0.740234 0.442383 0.400391 0.71875 0.0911255
5 0.786621 0.614258 0.229492 0.291016 0.143921
0 0.552734 0.292969 0.126953 0.132812 0.15979
3 0.57666 0.645996 0.458008 0.180664 0.266113
