9 0.314453 0.379395 0.0214844 0.0224609 0.000100136
8 0.336914 0.15625 0.0253906 0.0195312 0.000100493
7 0.764648 0.369141 0.0117188 0.00976562 0.000102282
13 0.556641 0.513672 0.404297 0.119141 0.000103354
8 0.294434 0.400879 0.0205078 0.0166016 0.00010407
8 0.765137 0.37207 0.0224609 0.0234375 0.000107229
8 0.63916 0.312012 0.0380859 0.0283203 0.000109076
11 0.413086 0.161621 0.0566406 0.0439453 0.000109911
8 0.757812 0.375 0.0273438 0.0195312 0.000111163
13 0.0668945 0.0673828 0.12793 0.134766 0.000113904
2 0.311035 0.382812 0.0263672 0.0253906 0.000119567
7 0.402344 0.23584 0.0429688 0.0498047 0.000121474
2 0.556152 0.237305 0.0400391 0.03125 0.000121474
12 0.557129 0.52002 0.411133 0.129883 0.000123501
2 0.634766 0.347168 0.0488281 0.0341797 0.000127435
11 0.34375 0.120605 0.0605469 0.0185547 0.000127792
11 0.63916 0.102539 0.110352 0.03125 0.000130773
9 0.42334 0.304688 0.0537109 0.111328 0.000131726
8 0.804199 0.537109 0.0244141 0.0234375 0.000133395
9 0.630859 0.351074 0.0390625 0.0322266 0.00013411
7 0.408691 0.205566 0.0693359 0.129883 0.000135064
3 0.558594 0.563965 0.417969 0.118164 0.000135899
12 0.205566 0.200195 0.411133 0.345703 0.000136018
9 0.317871 0.374023 0.0126953 0.00976562 0.000138044
9 0.538086 0.276367 0.109375 0.0917969 0.000139117
8 0.259277 0.525879 0.0224609 0.0185547 0.000139356
8 0.273438 0.316895 0.0136719 0.0107422 0.000142813
8 0.427246 0.282715 0.0458984 0.0576172 0.000145316
8 0.307617 0.509766 0.0527344 0.0507812 0.000146508
8 0.859375 0.556641 0.0273438 0.0234375 0.000151157
12 0.272461 0.338379 0.330078 0.458008 0.000151992
11 0.556641 0.513672 0.404297 0.119141 0.000153184
8 0.25 0.34375 0.0117188 0.0136719 0.000154972
9 0.777832 0.453613 0.147461 0.176758 0.00015533
11 0.590332 0.105957 0.0810547 0.0185547 0.000155807
8 0.253906 0.38916 0.015625 0.0126953 0.000157237
9 0.0253906 0.694336 0.0507812 0.220703 0.000157356
10 0.557129 0.52002 0.411133 0.129883 0.000158429
3 0.938477 0.243164 0.119141 0.191406 0.000159025
13 0.64209 0.336914 0.0634766 0.0625 0.000161767
8 0.381836 0.458008 0.0175781 0.015625 0.000162721
3 0.589844 0.952637 0.53125 0.0947266 0.000165462
9 0.653809 0.40625 0.0615234 0.0507812 0.000166416
13 0.348633 0.291016 0.0371094 0.0429688 0.000169039
11 0.356934 0.116699 0.0576172 0.0126953 0.0001719
11 0.616211 0.137695 0.0664062 0.0488281 0.000178933
13 0.274902 0.26709 0.0302734 0.0244141 0.000182152
13 0.349609 0.242188 0.0800781 0.119141 0.000185728
8 0.257324 0.44873 0.0146484 0.0126953 0.000186324
0 0.558105 0.521973 0.40918 0.125977 0.000186443
2 0.42041 0.488281 0.0322266 0.0292969 0.000188947
9 0.491699 0.3125 0.180664 0.177734 0.000190258
11 0.324219 0.12207 0.0507812 0.0253906 0.000190854
7 0.658691 0.113281 0.0908203 0.0371094 0.000191212
12 0.32666 0.196777 0.22168 0.176758 0.000193834
8 0.603027 0.160645 0.0146484 0.0107422 0.00019443
13 0.759766 0.373535 0.0214844 0.0166016 0.000198245
8 0.250977 0.367188 0.0117188 0.00976562 0.000198483
13 0.763672 0.370605 0.0136719 0.0107422 0.000198722
0 0.0854492 0.437988 0.0732422 0.0927734 0.000201702
9 0.427246 0.282715 0.0458984 0.0576172 0.00020349
12 0.305664 0.140625 0.101562 0.0644531 0.000208855
9 0.727539 0.324707 0.330078 0.459961 0.000210524
8 0.673828 0.303711 0.015625 0.0136719 0.000211
9 0.762207 0.37207 0.0185547 0.0136719 0.000211477
9 0.42041 0.489746 0.0341797 0.0302734 0.000212431
13 0.262695 0.493652 0.046875 0.0439453 0.000215888
11 0.412598 0.132324 0.0556641 0.0400391 0.000217199
10 0.12793 0.881836 0.255859 0.236328 0.000219703
8 0.294922 0.377441 0.0234375 0.0146484 0.000224352
2 0.317871 0.374023 0.0126953 0.00976562 0.000225186
5 0.557129 0.52002 0.411133 0.129883 0.000225782
1 0.658691 0.113281 0.0908203 0.0371094 0.000225902
11 0.394531 0.115723 0.0625 0.0185547 0.000227094
12 0.69043 0.144531 0.214844 0.101562 0.000228763
8 0.828125 0.53125 0.0136719 0.0117188 0.000231624
8 0.208984 0.518555 0.0253906 0.0253906 0.00023222
7 0.777832 0.453613 0.147461 0.176758 0.000241041
11 0.685059 0.136719 0.213867 0.0996094 0.00024271
9 0.253418 0.436035 0.18457 0.209961 0.00024581
9 0.272461 0.338379 0.330078 0.458008 0.000246525
5 0.0668945 0.0673828 0.12793 0.134766 0.000252485
10 0.912598 0.625977 0.0341797 0.0546875 0.000252962
11 0.639648 0.109863 0.0585938 0.0244141 0.000256062
13 0.272949 0.265137 0.0615234 0.0400391 0.000263214
8 0.673828 0.302734 0.0117188 0.0078125 0.000264168
3 0.233887 0.0795898 0.467773 0.15918 0.000265121
13 0.365234 0.255859 0.046875 0.0488281 0.000271082
8 0.381836 0.189941 0.0117188 0.0126953 0.000273466
7 0.778809 0.53418 0.0302734 0.0273438 0.000278473
8 0.789062 0.478516 0.0429688 0.0371094 0.000281334
7 0.249512 0.431152 0.188477 0.208008 0.000284195
8 0.263184 0.521484 0.0146484 0.0136719 0.000289202
9 0.40332 0.236328 0.0429688 0.0488281 0.000292778
8 0.313965 0.37793 0.0224609 0.0195312 0.000295162
11 0.280273 0.144531 0.107422 0.0625 0.000300646
8 0.305664 0.390137 0.0253906 0.0263672 0.000309944
11 0.39209 0.126465 0.0908203 0.0380859 0.000331163
8 0.250977 0.529297 0.015625 0.015625 0.000341415
11 0.912598 0.625977 0.0341797 0.0546875 0.000344038
11 0.570312 0.114746 0.0566406 0.0302734 0.000349045
8 0.706543 0.45459 0.0126953 0.0126953 0.000352144
5 0.249512 0.431152 0.188477 0.208008 0.000354528
11 0.675293 0.119141 0.0693359 0.03125 0.000355244
9 0.306641 0.388672 0.015625 0.015625 0.000399828
9 0.764648 0.368652 0.0117188 0.00878906 0.000417709
11 0.742676 0.145508 0.0673828 0.0449219 0.000424862
9 0.778809 0.53418 0.0302734 0.0273438 0.000452518
9 0.556152 0.234863 0.0400391 0.0341797 0.00045681
13 0.366211 0.252441 0.0332031 0.0302734 0.00046587
2 0.762207 0.37207 0.0185547 0.0136719 0.000473738
11 0.71875 0.135742 0.105469 0.0605469 0.000520229
13 0.353027 0.270508 0.0615234 0.0820312 0.00052309
11 0.629883 0.126953 0.103516 0.0507812 0.000533581
0 0.494141 0.309082 0.191406 0.163086 0.000591278
9 0.558105 0.51709 0.40918 0.133789 0.000625134
2 0.306641 0.38916 0.0136719 0.0126953 0.000651836
8 0.281738 0.40332 0.0107422 0.00976562 0.000660896
2 0.764648 0.368652 0.0117188 0.00878906 0.000660896
8 0.331055 0.342773 0.015625 0.0136719 0.000716686
8 0.310059 0.383301 0.0224609 0.0244141 0.000726223
8 0.305176 0.47998 0.0361328 0.0283203 0.00075531
8 0.740234 0.413574 0.015625 0.0126953 0.000770569
11 0.342773 0.130859 0.167969 0.0585938 0.000792503
8 0.762207 0.37207 0.0185547 0.0136719 0.000803471
3 0.556152 0.484863 0.438477 0.270508 0.000846863
13 0.258301 0.256348 0.0732422 0.0478516 0.000850677
8 0.40332 0.236328 0.0429688 0.0488281 0.000878334
11 0.37793 0.118652 0.0742188 0.0185547 0.000930309
11 0.619629 0.11084 0.125977 0.0283203 0.0013237
11 0.34375 0.116699 0.0976562 0.0185547 0.00156593
8 0.317871 0.374023 0.0126953 0.00976562 0.00188351
8 0.418945 0.487793 0.0351562 0.0283203 0.00239754
13 0.630859 0.351074 0.0390625 0.0322266 0.00396347
11 0.302246 0.132324 0.0927734 0.0478516 0.00477982
0 0.540039 0.271973 0.103516 0.0947266 0.00527191
8 0.764648 0.369629 0.0117188 0.00878906 0.0053215
8 0.779297 0.533203 0.03125 0.0253906 0.00765991
8 0.306152 0.38916 0.0146484 0.0126953 0.00820923
11 0.676758 0.121094 0.128906 0.0546875 0.00846863
11 0.327148 0.124512 0.0996094 0.0361328 0.0113754
11 0.40332 0.123047 0.0605469 0.0253906 0.0176697
11 0.36084 0.12207 0.141602 0.0253906 0.0235138
11 0.657715 0.111328 0.0849609 0.0332031 0.0547791
3 0.557617 0.518555 0.412109 0.115234 0.108337
