10 0.696289 0.140625 0.169922 0.046875 0.000194669
13 0.177246 0.368164 0.102539 0.144531 0.000195265
2 0.804688 0.350098 0.148438 0.192383 0.000195265
7 0.199219 0.314941 0.144531 0.237305 0.000196695
8 0.310547 0.189453 0.0234375 0.0195312 0.000198007
13 0.695801 0.192383 0.124023 0.103516 0.000200152
12 0.687988 0.145508 0.178711 0.0488281 0.000204563
9 0.630371 0.600098 0.323242 0.62793 0.00020504
9 0.833496 0.742676 0.0283203 0.0556641 0.000205517
3 0.385254 0.980469 0.456055 0.0371094 0.000205755
8 0.695801 0.202637 0.0419922 0.0478516 0.000207663
13 0.598633 0.339844 0.117188 0.140625 0.000209808
2 0.726562 0.440918 0.292969 0.62207 0.000210404
5 0.296387 0.49707 0.334961 0.638672 0.000211
13 0.604004 0.233887 0.0908203 0.125977 0.000211477
9 0.189941 0.394531 0.0244141 0.0234375 0.0002141
7 0.851562 0.737793 0.0371094 0.0322266 0.000216126
0 0.743164 0.456543 0.291016 0.586914 0.000216365
10 0.13623 0.958496 0.106445 0.0830078 0.000217319
7 0.335449 0.306641 0.106445 0.125 0.000218511
8 0.205078 0.719727 0.0136719 0.0136719 0.00022018
8 0.862305 0.537109 0.015625 0.015625 0.000220895
7 0.0161133 0.24707 0.0322266 0.0957031 0.000222206
13 0.846191 0.38916 0.0771484 0.0556641 0.000222683
8 0.682129 0.541504 0.0205078 0.0302734 0.000222683
8 0.212402 0.335449 0.0205078 0.0185547 0.000223875
9 0.676758 0.776855 0.111328 0.151367 0.000224829
2 0.649902 0.259277 0.174805 0.225586 0.000226498
9 0.861328 0.73291 0.03125 0.0224609 0.000226617
9 0.199219 0.314941 0.144531 0.237305 0.000226855
7 0.890625 0.932617 0.046875 0.0507812 0.000226974
7 0.618652 0.178223 0.0576172 0.0615234 0.000227809
3 0.533691 0.598145 0.198242 0.666992 0.000227928
9 0.625 0.38623 0.046875 0.0341797 0.0002321
13 0.706543 0.796875 0.131836 0.0917969 0.000235558
0 0.533691 0.598145 0.198242 0.666992 0.000236869
13 0.821289 0.330566 0.103516 0.125977 0.000238657
13 0.251465 0.489258 0.0849609 0.0410156 0.000242829
8 0.60791 0.382324 0.0810547 0.0439453 0.000246048
8 0.706055 0.663574 0.0175781 0.0185547 0.000246525
7 0.859863 0.731934 0.0263672 0.0322266 0.000247002
9 0.662109 0.782715 0.0722656 0.102539 0.000248671
2 0.810547 0.374512 0.0449219 0.0400391 0.000249624
11 0.742676 0.783691 0.0615234 0.0556641 0.000250816
13 0.815918 0.262207 0.166992 0.237305 0.000251055
11 0.729004 0.132812 0.174805 0.0546875 0.000251293
9 0.60791 0.382324 0.0810547 0.0439453 0.00025177
13 0.209473 0.26123 0.116211 0.0791016 0.000252485
7 0.8125 0.375 0.0449219 0.0410156 0.000252962
13 0.683105 0.819824 0.0986328 0.0576172 0.000257015
13 0.695801 0.207031 0.0810547 0.0644531 0.000257015
9 0.468262 0.464355 0.0224609 0.0263672 0.000257015
8 0.229004 0.49707 0.0361328 0.0214844 0.000257969
8 0.668457 0.429688 0.0322266 0.03125 0.00026536
13 0.6875 0.145508 0.179688 0.0488281 0.000268936
8 0.250977 0.476562 0.0253906 0.015625 0.000270605
8 0.839844 0.635254 0.0234375 0.0224609 0.000273705
4 0.77832 0.200195 0.138672 0.113281 0.000273943
6 0.34668 0.217285 0.115234 0.149414 0.000275373
13 0.354004 0.304199 0.0556641 0.0419922 0.00027585
13 0.373047 0.26416 0.164062 0.231445 0.000277281
8 0.352051 0.229004 0.0517578 0.0595703 0.000280142
2 0.833496 0.742676 0.0283203 0.0556641 0.000282526
5 0.208008 0.0693359 0.353516 0.138672 0.000283003
7 0.34375 0.24707 0.0351562 0.0292969 0.000283241
11 0.722656 0.145508 0.277344 0.175781 0.000284672
7 0.601074 0.214355 0.0888672 0.145508 0.000284672
2 0.62207 0.38623 0.0507812 0.0341797 0.000285149
8 0.182129 0.428711 0.0185547 0.0214844 0.000285387
7 0.599121 0.338867 0.118164 0.140625 0.000287056
13 0.611816 0.270508 0.12207 0.208984 0.00028801
12 0.785645 0.200195 0.12207 0.0957031 0.000288248
13 0.806152 0.369141 0.0712891 0.0566406 0.000290155
13 0.335449 0.306641 0.106445 0.125 0.0002985
13 0.656738 0.221191 0.15332 0.149414 0.000300646
8 0.252441 0.479004 0.0458984 0.0205078 0.000302076
3 0.401367 0.89209 0.505859 0.209961 0.000303507
11 0.299316 0.140625 0.0517578 0.0273438 0.000305653
13 0.287109 0.375977 0.337891 0.240234 0.000306368
11 0.422363 0.161133 0.0712891 0.0566406 0.000307798
8 0.743164 0.456543 0.291016 0.586914 0.000309229
13 0.73291 0.279785 0.174805 0.165039 0.000309706
8 0.375977 0.40625 0.0195312 0.015625 0.000318766
13 0.34082 0.170898 0.0546875 0.0585938 0.000319719
2 0.695801 0.193848 0.0751953 0.0517578 0.000323057
8 0.625 0.174805 0.0371094 0.0371094 0.000329971
8 0.715332 0.159668 0.231445 0.0908203 0.000332355
13 0.425781 0.6875 0.0546875 0.0351562 0.000339031
2 0.618164 0.181641 0.0546875 0.0585938 0.000339746
10 0.184082 0.984375 0.102539 0.0292969 0.000341415
9 0.575195 0.737793 0.320312 0.44043 0.000342607
2 0.682617 0.821289 0.103516 0.0566406 0.000343323
8 0.595703 0.616699 0.0429688 0.0302734 0.000346422
5 0.807617 0.527832 0.162109 0.317383 0.000349045
6 0.208008 0.0693359 0.353516 0.138672 0.000358105
6 0.764648 0.538574 0.267578 0.594727 0.000360489
8 0.213379 0.511719 0.0224609 0.0195312 0.000361919
13 0.81543 0.371582 0.115234 0.0849609 0.000362396
10 0.889648 0.92041 0.0742188 0.0732422 0.000369072
9 0.525879 0.822754 0.166992 0.354492 0.000369787
1 0.758789 0.428223 0.261719 0.500977 0.000372171
4 0.743164 0.456543 0.291016 0.586914 0.000380993
8 0.848145 0.741699 0.0576172 0.0537109 0.000381708
13 0.342773 0.249023 0.03125 0.0253906 0.000388145
11 0.39502 0.146484 0.116211 0.0429688 0.000389099
6 0.307617 0.231445 0.207031 0.1875 0.00039506
8 0.601074 0.241699 0.0732422 0.0654297 0.000399351
5 0.756348 0.271484 0.249023 0.271484 0.000401735
9 0.715332 0.159668 0.231445 0.0908203 0.000406981
9 0.601074 0.217285 0.129883 0.19043 0.000409842
4 0.345703 0.306152 0.0429688 0.0361328 0.000413179
7 0.711914 0.236328 0.240234 0.152344 0.000417233
10 0.890625 0.941895 0.0390625 0.0380859 0.000417709
13 0.363281 0.226562 0.0800781 0.09375 0.000419855
8 0.219727 0.505371 0.0449219 0.0302734 0.000423431
13 0.858887 0.388672 0.0478516 0.0390625 0.000429153
7 0.6875 0.140137 0.162109 0.0439453 0.000431538
11 0.848633 0.111328 0.292969 0.195312 0.000436306
11 0.891113 0.921875 0.0673828 0.107422 0.00043726
9 0.703125 0.79541 0.128906 0.0869141 0.000438452
11 0.636719 0.180176 0.113281 0.0908203 0.000441313
8 0.77002 0.595215 0.0283203 0.0283203 0.000442743
9 0.510742 0.300293 0.207031 0.395508 0.000444412
13 0.864746 0.733398 0.0302734 0.0195312 0.000446558
11 0.68457 0.818848 0.101562 0.0595703 0.000451088
5 0.532227 0.597656 0.193359 0.644531 0.000451326
11 0.80957 0.17041 0.253906 0.174805 0.000456333
6 0.340332 0.307129 0.0400391 0.0322266 0.000465631
12 0.743164 0.456543 0.291016 0.586914 0.000467539
8 0.191895 0.394531 0.0400391 0.0351562 0.000475168
2 0.468262 0.464355 0.0224609 0.0263672 0.000476122
9 0.344238 0.305176 0.0419922 0.0380859 0.000477076
11 0.347656 0.131348 0.0976562 0.0244141 0.000488281
8 0.615234 0.290039 0.03125 0.0292969 0.000495434
8 0.848145 0.560059 0.0244141 0.0224609 0.000497341
13 0.758789 0.260742 0.150391 0.0742188 0.000499249
11 0.308594 0.145996 0.216797 0.0986328 0.000505924
8 0.240723 0.492188 0.0556641 0.0410156 0.000508785
9 0.598633 0.243164 0.078125 0.0683594 0.000511646
11 0.416992 0.132324 0.0742188 0.0361328 0.000513077
9 0.606934 0.202637 0.0869141 0.112305 0.000518799
2 0.771484 0.436523 0.226562 0.384766 0.000527859
13 0.830566 0.708984 0.0712891 0.128906 0.000529766
10 0.905762 0.941406 0.0830078 0.113281 0.000531673
9 0.733398 0.833984 0.226562 0.109375 0.000536442
11 0.623535 0.176758 0.0458984 0.0507812 0.000537395
13 0.35498 0.224121 0.0537109 0.0634766 0.000545025
10 0.147461 0.98877 0.0371094 0.0224609 0.000552177
11 0.606445 0.195801 0.0878906 0.106445 0.000561237
7 0.702637 0.151367 0.206055 0.078125 0.000578403
13 0.721191 0.737305 0.106445 0.166016 0.00058794
8 0.468262 0.464355 0.0224609 0.0263672 0.000589848
11 0.786621 0.200195 0.0771484 0.0722656 0.000594139
13 0.779785 0.213867 0.129883 0.113281 0.000594616
9 0.306641 0.885254 0.314453 0.208008 0.000596523
8 0.855469 0.454102 0.0234375 0.0214844 0.000609875
6 0.779785 0.326172 0.219727 0.214844 0.000614643
0 0.599121 0.337891 0.118164 0.132812 0.000630856
11 0.208496 0.192871 0.0849609 0.0732422 0.000638485
13 0.846191 0.749023 0.0517578 0.0605469 0.000645161
9 0.599121 0.337402 0.118164 0.133789 0.000648022
13 0.659668 0.77002 0.0517578 0.0810547 0.000649452
2 0.344727 0.305176 0.0390625 0.0361328 0.000697613
13 0.208008 0.0693359 0.353516 0.138672 0.00069952
6 0.199219 0.314941 0.144531 0.237305 0.000703812
2 0.860352 0.732422 0.0195312 0.015625 0.000706673
8 0.253906 0.476562 0.0136719 0.0117188 0.000713348
1 0.73584 0.223633 0.231445 0.154297 0.000720024
5 0.199219 0.314941 0.144531 0.237305 0.000751019
11 0.794434 0.27832 0.192383 0.283203 0.000775814
2 0.0161133 0.24707 0.0322266 0.0957031 0.000778198
8 0.725586 0.209961 0.242188 0.175781 0.000789165
11 0.803223 0.217285 0.12207 0.129883 0.00080061
6 0.717285 0.186035 0.254883 0.131836 0.000813007
8 0.791504 0.677734 0.0224609 0.0195312 0.000823498
11 0.663086 0.199707 0.212891 0.151367 0.000825405
11 0.893555 0.907715 0.0429688 0.0478516 0.000838757
2 0.715332 0.159668 0.231445 0.0908203 0.000850201
13 0.810547 0.374512 0.0449219 0.0400391 0.000856876
9 0.623047 0.174805 0.0390625 0.0390625 0.000865936
13 0.223145 0.257812 0.18457 0.148438 0.000883579
12 0.723633 0.168457 0.240234 0.106445 0.000898361
4 0.733398 0.188477 0.251953 0.154297 0.000924587
10 0.87793 0.908203 0.244141 0.183594 0.000944614
0 0.725098 0.171387 0.24707 0.110352 0.000954628
7 0.785156 0.201172 0.126953 0.103516 0.00095892
2 0.625 0.174805 0.0371094 0.0371094 0.000984192
8 0.625 0.38623 0.046875 0.0341797 0.00100231
10 0.147461 0.969727 0.0664062 0.0605469 0.00101566
11 0.146973 0.98877 0.0380859 0.0224609 0.00101757
7 0.344727 0.305176 0.0390625 0.0361328 0.00102425
9 0.725586 0.209961 0.242188 0.175781 0.0010252
8 0.350586 0.306152 0.0644531 0.0517578 0.00102997
9 0.523438 0.525391 0.162109 0.441406 0.00104713
13 0.349121 0.189453 0.0791016 0.0917969 0.00104904
8 0.264648 0.54248 0.0117188 0.00878906 0.00107193
8 0.335449 0.306641 0.106445 0.125 0.00109386
10 0.893555 0.907715 0.0429688 0.0478516 0.00109959
11 0.317383 0.14502 0.142578 0.0615234 0.00111294
7 0.758789 0.428223 0.261719 0.500977 0.00112438
11 0.632324 0.166016 0.0732422 0.0546875 0.00113869
10 0.725098 0.163086 0.227539 0.0917969 0.0011425
13 0.789062 0.476562 0.193359 0.300781 0.00115108
8 0.345215 0.245117 0.0478516 0.0390625 0.0011692
13 0.75293 0.397949 0.251953 0.276367 0.00117207
1 0.702148 0.145996 0.181641 0.0615234 0.00117874
9 0.860352 0.732422 0.0195312 0.015625 0.0011797
9 0.51709 0.694824 0.149414 0.37793 0.00118351
11 0.389648 0.126465 0.113281 0.0283203 0.00121021
7 0.860352 0.732422 0.0195312 0.015625 0.00122166
9 0.544434 0.213379 0.176758 0.323242 0.00123787
10 0.905762 0.930664 0.188477 0.138672 0.00124454
8 0.396973 0.241211 0.0244141 0.0234375 0.00127506
13 0.851562 0.737793 0.0371094 0.0322266 0.00129032
13 0.340332 0.307129 0.0400391 0.0322266 0.00133133
1 0.778809 0.193359 0.145508 0.125 0.00134087
8 0.414062 0.459473 0.0351562 0.0341797 0.00134087
9 0.743164 0.456543 0.291016 0.586914 0.00134182
13 0.668457 0.26416 0.21582 0.241211 0.00136185
13 0.831055 0.729492 0.046875 0.0859375 0.00136662
3 0.725586 0.178711 0.257812 0.136719 0.00137424
6 0.733398 0.236328 0.255859 0.158203 0.00146866
5 0.770996 0.577637 0.264648 0.573242 0.00149059
8 0.238281 0.492676 0.0332031 0.0283203 0.00164413
13 0.731934 0.226562 0.149414 0.128906 0.00168419
13 0.300781 0.174805 0.207031 0.109375 0.00175762
8 0.217285 0.362793 0.0185547 0.0166016 0.0017643
13 0.695801 0.764648 0.12207 0.105469 0.00184345
11 0.636719 0.151855 0.121094 0.0576172 0.00185013
11 0.149902 0.970703 0.0673828 0.0566406 0.00193024
13 0.307617 0.231445 0.207031 0.1875 0.00217247
11 0.373047 0.13623 0.123047 0.0283203 0.00231552
13 0.664551 0.741699 0.0830078 0.145508 0.00232697
8 0.811035 0.373535 0.0419922 0.0380859 0.00266838
13 0.789551 0.338867 0.182617 0.179688 0.00271034
10 0.738281 0.290527 0.277344 0.282227 0.00272179
10 0.267578 0.290527 0.285156 0.288086 0.00272942
8 0.151855 0.370117 0.0322266 0.0253906 0.00278854
8 0.851562 0.737793 0.0371094 0.0322266 0.00279808
7 0.732422 0.182129 0.228516 0.12793 0.00293922
11 0.234375 0.173828 0.117188 0.0820312 0.00296402
12 0.272461 0.291992 0.298828 0.291016 0.00311089
9 0.682617 0.821289 0.103516 0.0566406 0.00322151
0 0.273438 0.29248 0.300781 0.28418 0.00345993
13 0.715332 0.159668 0.231445 0.0908203 0.00354195
11 0.273438 0.175781 0.228516 0.109375 0.0035553
13 0.199219 0.314941 0.144531 0.237305 0.00362015
8 0.86084 0.731934 0.0263672 0.0283203 0.00364113
10 0.879395 0.937988 0.0634766 0.0595703 0.00366211
13 0.34668 0.217285 0.115234 0.149414 0.00411987
8 0.266602 0.291016 0.285156 0.291016 0.0042572
9 0.738281 0.290527 0.277344 0.282227 0.00433731
9 0.272461 0.291992 0.298828 0.291016 0.00462341
2 0.725098 0.211914 0.241211 0.173828 0.00470352
11 0.273438 0.29248 0.300781 0.28418 0.00498199
13 0.668945 0.791992 0.0742188 0.09375 0.00517273
11 0.291992 0.145996 0.0742188 0.0419922 0.00519943
9 0.0161133 0.24707 0.0322266 0.0957031 0.00520325
3 0.272461 0.291992 0.298828 0.291016 0.00542068
8 0.233398 0.495605 0.0195312 0.0126953 0.00546265
11 0.271973 0.15625 0.12207 0.0625 0.00556564
12 0.738281 0.290527 0.277344 0.282227 0.00579834
1 0.273438 0.29248 0.300781 0.28418 0.00588608
11 0.687012 0.140625 0.125977 0.0371094 0.00624084
8 0.738281 0.290527 0.277344 0.282227 0.00705719
0 0.738281 0.290527 0.277344 0.282227 0.00727844
8 0.189941 0.394531 0.0244141 0.0234375 0.0073204
11 0.746582 0.354004 0.268555 0.413086 0.00732422
13 0.833496 0.742676 0.0283203 0.0556641 0.0075264
2 0.272949 0.293945 0.301758 0.298828 0.00772095
11 0.881836 0.936035 0.0566406 0.0556641 0.00786591
10 0.148926 0.978516 0.0419922 0.0410156 0.00819397
4 0.267578 0.290527 0.285156 0.288086 0.00868225
4 0.738281 0.290527 0.277344 0.282227 0.00906372
8 0.344238 0.248047 0.0302734 0.0273438 0.00980377
11 0.150879 0.979004 0.0419922 0.0400391 0.0102158
1 0.723633 0.168457 0.240234 0.106445 0.0107574
3 0.738281 0.290527 0.277344 0.282227 0.0114899
5 0.742676 0.387695 0.286133 0.441406 0.0132904
7 0.738281 0.290527 0.277344 0.282227 0.0135574
1 0.739258 0.29248 0.275391 0.291992 0.0143051
11 0.324707 0.138672 0.116211 0.0332031 0.0181427
13 0.742188 0.430176 0.287109 0.551758 0.018219
7 0.267578 0.290527 0.285156 0.288086 0.0207672
13 0.721191 0.21582 0.250977 0.173828 0.0252991
2 0.739746 0.291504 0.27832 0.293945 0.0269928
10 0.89209 0.925781 0.0439453 0.0488281 0.0289001
9 0.527832 0.617188 0.208008 0.765625 0.030426
8 0.344727 0.305176 0.0390625 0.0361328 0.0332336
11 0.77832 0.186035 0.144531 0.120117 0.0349426
6 0.746582 0.354004 0.268555 0.413086 0.040863
11 0.733398 0.225586 0.259766 0.220703 0.0451355
5 0.266602 0.291016 0.285156 0.291016 0.0463562
11 0.892578 0.925781 0.0449219 0.0488281 0.0468445
8 0.860352 0.732422 0.0195312 0.015625 0.0641479
11 0.697266 0.146973 0.189453 0.0537109 0.0692749
6 0.275391 0.288574 0.292969 0.295898 0.134155
11 0.724609 0.163574 0.224609 0.0947266 0.225098
13 0.74707 0.29541 0.257812 0.272461 0.305176
13 0.267578 0.288574 0.279297 0.295898 0.305176
