5 0.282227 0.538574 0.154297 0.272461 0.000101388
4 0.443848 0.233398 0.0419922 0.0371094 0.000101745
9 0.356445 0.5625 0.0273438 0.0332031 0.000102162
11 0.761719 0.654297 0.03125 0.0859375 0.000102282
10 0.738281 0.582031 0.0820312 0.169922 0.000102341
13 0.703613 0.270508 0.0400391 0.0390625 0.00010246
11 0.763184 0.697266 0.0341797 0.0585938 0.00010246
8 0.437988 0.127441 0.0205078 0.0263672 0.000103295
9 0.252441 0.79541 0.0126953 0.0146484 0.000103414
11 0.438965 0.0893555 0.0419922 0.0205078 0.000104487
9 0.666016 0.420898 0.0566406 0.0996094 0.000104725
11 0.652344 0.059082 0.0644531 0.0556641 0.000104845
10 0.259277 0.570312 0.116211 0.191406 0.000105381
9 0.124512 0.158203 0.0537109 0.0351562 0.000106514
11 0.4375 0.118652 0.0507812 0.0400391 0.000106692
6 0.232422 0.595215 0.0605469 0.143555 0.000106812
8 0.341309 0.465332 0.0166016 0.0166016 0.00010854
7 0.352051 0.490234 0.165039 0.208984 0.000109494
7 0.361816 0.556152 0.0771484 0.0712891 0.000109971
9 0.233887 0.632812 0.0771484 0.244141 0.000110984
8 0.447266 0.188477 0.046875 0.0371094 0.000111997
7 0.562012 0.554199 0.34668 0.129883 0.000112772
8 0.662598 0.222656 0.0146484 0.0136719 0.000116408
11 0.447266 0.136719 0.0429688 0.0507812 0.000116467
9 0.27002 0.666992 0.157227 0.232422 0.000118017
11 0.751953 0.550781 0.0742188 0.179688 0.000118077
10 0.692871 0.655273 0.15918 0.0546875 0.000118077
8 0.598145 0.349609 0.0126953 0.0136719 0.000118852
4 0.299316 0.495117 0.172852 0.263672 0.00011915
9 0.681152 0.501953 0.15918 0.246094 0.00012064
8 0.291504 0.474609 0.0166016 0.015625 0.000120819
10 0.646484 0.489258 0.166016 0.253906 0.000122309
13 0.287109 0.37793 0.046875 0.0214844 0.000122905
10 0.759277 0.626465 0.0341797 0.0712891 0.000124097
9 0.693359 0.324707 0.0488281 0.0224609 0.000124335
7 0.719238 0.450195 0.0888672 0.238281 0.000125289
9 0.650391 0.322266 0.179688 0.367188 0.000125527
8 0.658691 0.140625 0.0400391 0.0351562 0.000128031
7 0.648438 0.379883 0.0742188 0.09375 0.000128508
11 0.286621 0.51709 0.163086 0.288086 0.000129104
2 0.653809 0.428223 0.157227 0.237305 0.0001297
10 0.286621 0.51709 0.163086 0.288086 0.000130057
9 0.240234 0.592285 0.0488281 0.0693359 0.000130296
3 0.839844 0.501465 0.320312 0.368164 0.000130534
8 0.40918 0.268555 0.0273438 0.0253906 0.000132084
8 0.373535 0.491699 0.0322266 0.0283203 0.00013268
9 0.741699 0.672852 0.0693359 0.0449219 0.000133991
12 0.239746 0.612793 0.145508 0.145508 0.000135541
9 0.618164 0.348633 0.0566406 0.0410156 0.000137925
6 0.644043 0.396973 0.0908203 0.137695 0.000138879
11 0.730469 0.575195 0.0976562 0.115234 0.000141501
11 0.349121 0.58252 0.0947266 0.0458984 0.000144958
7 0.328613 0.57373 0.0947266 0.0810547 0.000145316
10 0.63623 0.605469 0.231445 0.0917969 0.000149488
9 0.604004 0.341797 0.0322266 0.0234375 0.000151277
12 0.653809 0.428223 0.157227 0.237305 0.000151396
1 0.25 0.601074 0.107422 0.165039 0.000152588
9 0.365234 0.569336 0.0644531 0.0527344 0.000153422
9 0.671387 0.329102 0.0185547 0.015625 0.000154495
3 0.622559 0.632812 0.307617 0.15625 0.000155568
11 0.695312 0.694336 0.193359 0.0488281 0.000156283
8 0.53418 0.430176 0.0292969 0.0244141 0.000157833
10 0.29541 0.61377 0.180664 0.108398 0.000158072
12 0.324219 0.580078 0.0429688 0.0292969 0.000158191
7 0.442383 0.128418 0.0332031 0.0302734 0.000158429
4 0.557129 0.546387 0.348633 0.141602 0.00015974
11 0.625977 0.0908203 0.0605469 0.0195312 0.000160336
2 0.670898 0.329102 0.0175781 0.0136719 0.000161052
8 0.624512 0.364746 0.0810547 0.0751953 0.000161409
9 0.699707 0.081543 0.0302734 0.0107422 0.000161648
9 0.42627 0.419922 0.0341797 0.0292969 0.000162125
9 0.304199 0.961914 0.149414 0.0625 0.000163674
5 0.65332 0.469727 0.150391 0.261719 0.000164866
9 0.328613 0.57373 0.0947266 0.0810547 0.000165582
7 0.667969 0.44873 0.109375 0.163086 0.000165701
9 0.562988 0.572754 0.331055 0.114258 0.000169158
9 0.747559 0.560547 0.0439453 0.09375 0.000169277
8 0.341797 0.47168 0.0234375 0.0292969 0.000169635
9 0.743164 0.590332 0.0546875 0.0986328 0.000170946
11 0.604492 0.0786133 0.0800781 0.0205078 0.000172257
8 0.604004 0.342285 0.0322266 0.0244141 0.000178099
9 0.546387 0.243652 0.0634766 0.0595703 0.000179648
8 0.328125 0.582031 0.0488281 0.0332031 0.000181913
13 0.348633 0.229004 0.0351562 0.0615234 0.00018239
11 0.73291 0.575195 0.0595703 0.0820312 0.00018537
11 0.446289 0.0961914 0.0449219 0.0263672 0.000185728
11 0.433105 0.103027 0.0615234 0.0322266 0.000189304
9 0.215332 0.696289 0.139648 0.400391 0.00019145
13 0.65625 0.461426 0.150391 0.241211 0.000191808
12 0.227051 0.633301 0.0673828 0.262695 0.000193119
1 0.328125 0.58252 0.0585938 0.0380859 0.000193119
9 0.702148 0.688477 0.15625 0.0605469 0.000198007
7 0.743164 0.590332 0.0546875 0.0986328 0.000203133
9 0.649902 0.425781 0.290039 0.314453 0.000203729
7 0.747559 0.560547 0.0439453 0.09375 0.000204206
9 0.353027 0.533203 0.102539 0.126953 0.000206828
9 0.323242 0.574707 0.03125 0.0244141 0.000207067
8 0.338379 0.393066 0.0146484 0.0146484 0.000208855
9 0.103027 0.695801 0.206055 0.553711 0.000213861
9 0.666992 0.438477 0.103516 0.15625 0.000218511
9 0.63623 0.605469 0.231445 0.0917969 0.000219703
9 0.726562 0.655762 0.103516 0.0810547 0.000224471
11 0.308594 0.584961 0.0546875 0.0390625 0.000225663
11 0.44043 0.128906 0.0292969 0.03125 0.000228405
7 0.342773 0.574707 0.0742188 0.0380859 0.000230074
13 0.437988 0.127441 0.0205078 0.0263672 0.000234842
11 0.259277 0.570312 0.116211 0.191406 0.000235438
9 0.342773 0.574707 0.0742188 0.0380859 0.00023818
11 0.757324 0.496094 0.0498047 0.199219 0.000244617
10 0.651367 0.428223 0.126953 0.196289 0.00024581
11 0.686035 0.117188 0.0341797 0.03125 0.00024581
10 0.724121 0.637207 0.100586 0.0908203 0.000250816
13 0.327637 0.582031 0.0498047 0.0332031 0.000254631
7 0.259277 0.570312 0.116211 0.191406 0.000258446
10 0.662598 0.670898 0.22168 0.0488281 0.000260592
9 0.678223 0.67334 0.188477 0.0400391 0.000262499
9 0.447266 0.132812 0.0410156 0.0429688 0.000263453
12 0.105469 0.573242 0.210938 0.814453 0.000264406
9 0.32666 0.520508 0.172852 0.185547 0.000265598
10 0.753906 0.647949 0.0449219 0.0849609 0.000266075
6 0.307129 0.461914 0.151367 0.195312 0.00026679
3 0.643066 0.436523 0.137695 0.212891 0.000268698
13 0.620605 0.26709 0.0615234 0.0947266 0.000268698
10 0.709473 0.592285 0.116211 0.0908203 0.000274658
7 0.68457 0.504883 0.146484 0.226562 0.000277042
11 0.580078 0.0810547 0.046875 0.0214844 0.000279665
12 0.218262 0.580078 0.0478516 0.189453 0.000280142
8 0.685059 0.32666 0.0458984 0.0224609 0.000283718
11 0.403809 0.0864258 0.0576172 0.0166016 0.000286818
11 0.390137 0.0922852 0.0439453 0.0126953 0.000287056
9 0.637695 0.370117 0.078125 0.078125 0.000293732
10 0.327637 0.582031 0.0498047 0.0332031 0.000301123
5 0.232422 0.595215 0.0605469 0.143555 0.000303745
9 0.657715 0.692383 0.241211 0.0898438 0.000304461
8 0.604004 0.347656 0.0224609 0.0195312 0.000310183
9 0.651855 0.59375 0.168945 0.0527344 0.000313759
12 0.176758 0.463379 0.353516 0.807617 0.000317812
12 0.645996 0.404785 0.100586 0.157227 0.00031805
9 0.467773 0.118164 0.0195312 0.0214844 0.000319958
13 0.3125 0.38623 0.0703125 0.0185547 0.00033927
13 0.282715 0.375977 0.0224609 0.0136719 0.000341177
9 0.291504 0.103516 0.0322266 0.0332031 0.000364542
11 0.322754 0.574219 0.0634766 0.0625 0.000368357
7 0.353027 0.533203 0.102539 0.126953 0.000375748
8 0.339355 0.485352 0.0146484 0.0117188 0.000379801
11 0.365234 0.0986328 0.0820312 0.0253906 0.000383377
1 0.655762 0.460938 0.151367 0.246094 0.000383615
12 0.177246 0.519043 0.249023 0.635742 0.000402689
11 0.325195 0.568359 0.0410156 0.0410156 0.000420332
9 0.320801 0.397461 0.243164 0.492188 0.000429392
2 0.325195 0.583984 0.0546875 0.0390625 0.000436783
9 0.490723 0.804688 0.125977 0.3125 0.000448227
5 0.29834 0.461914 0.145508 0.177734 0.000450373
8 0.42627 0.419922 0.0341797 0.0292969 0.000452518
12 0.188477 0.746582 0.150391 0.450195 0.000465155
11 0.754395 0.623535 0.0439453 0.0810547 0.000469208
11 0.56543 0.0830078 0.0371094 0.0214844 0.000482798
10 0.751465 0.54834 0.0361328 0.0986328 0.00048542
10 0.634766 0.686523 0.289062 0.0566406 0.000488758
12 0.320801 0.397461 0.243164 0.492188 0.00051403
10 0.72168 0.695312 0.115234 0.078125 0.00052166
12 0.258789 0.62793 0.146484 0.308594 0.00053072
10 0.708496 0.672363 0.131836 0.0361328 0.000535011
8 0.667969 0.327148 0.0332031 0.0195312 0.000544071
11 0.654785 0.443848 0.163086 0.250977 0.000548363
11 0.341309 0.573242 0.0634766 0.0410156 0.000549793
9 0.3125 0.4375 0.140625 0.167969 0.000558376
9 0.437988 0.127441 0.0205078 0.0263672 0.00055933
13 0.689453 0.325195 0.0507812 0.0253906 0.00056839
11 0.412598 0.0986328 0.0771484 0.0234375 0.000580788
8 0.232422 0.595215 0.0605469 0.143555 0.000583649
0 0.231934 0.59668 0.0576172 0.134766 0.000608921
7 0.300781 0.44043 0.128906 0.142578 0.000610352
11 0.722168 0.683105 0.110352 0.0439453 0.00061512
11 0.287598 0.609375 0.15918 0.0976562 0.000620842
3 0.232422 0.595215 0.0605469 0.143555 0.000623703
13 0.645996 0.404785 0.100586 0.157227 0.000645161
8 0.692871 0.39502 0.0146484 0.0146484 0.000671864
13 0.231934 0.603027 0.0634766 0.12793 0.00069046
6 0.557617 0.509277 0.339844 0.211914 0.000694275
13 0.558594 0.519043 0.347656 0.178711 0.000704288
9 0.675781 0.63623 0.201172 0.114258 0.000731945
1 0.646484 0.405762 0.107422 0.15918 0.000740528
9 0.259277 0.570312 0.116211 0.191406 0.000746727
2 0.232422 0.595215 0.0605469 0.143555 0.000781059
10 0.675781 0.63623 0.201172 0.114258 0.000783443
11 0.645996 0.404785 0.100586 0.157227 0.000804901
9 0.29541 0.61377 0.180664 0.108398 0.000805855
11 0.557617 0.509277 0.339844 0.211914 0.000807762
7 0.327637 0.582031 0.0498047 0.0332031 0.000813961
11 0.75293 0.682617 0.0527344 0.0507812 0.000824928
12 0.558594 0.519043 0.347656 0.178711 0.000835896
4 0.644043 0.396973 0.0908203 0.137695 0.000839233
1 0.557617 0.509277 0.339844 0.211914 0.000859261
11 0.32373 0.595215 0.0732422 0.0498047 0.000865459
2 0.558594 0.519043 0.347656 0.178711 0.000869274
7 0.445312 0.234375 0.0429688 0.0371094 0.000879288
8 0.558594 0.519043 0.347656 0.178711 0.000904083
4 0.233887 0.604492 0.0634766 0.134766 0.000961304
6 0.647461 0.443848 0.136719 0.227539 0.000972748
10 0.231445 0.602539 0.0644531 0.123047 0.00100899
8 0.321777 0.542969 0.0224609 0.0253906 0.00103283
11 0.340332 0.104004 0.0361328 0.0244141 0.00103474
9 0.183105 0.879395 0.0439453 0.19043 0.00107956
13 0.34375 0.220215 0.078125 0.0498047 0.001091
4 0.604004 0.481934 0.24707 0.254883 0.00109863
9 0.286621 0.51709 0.163086 0.288086 0.00112152
8 0.354492 0.560059 0.0136719 0.0146484 0.00112724
9 0.445312 0.234375 0.0429688 0.0371094 0.00113297
10 0.758301 0.684082 0.0458984 0.0673828 0.001194
8 0.653809 0.428223 0.157227 0.237305 0.00120163
10 0.75 0.606445 0.0507812 0.0957031 0.00120449
7 0.587891 0.48291 0.304688 0.274414 0.00122261
9 0.716797 0.908203 0.0429688 0.117188 0.00122738
11 0.387695 0.0932617 0.0742188 0.0166016 0.00122929
13 0.701172 0.322266 0.0292969 0.0175781 0.00123501
9 0.32373 0.595703 0.0751953 0.0507812 0.00124454
11 0.750488 0.595215 0.0478516 0.0908203 0.00144196
3 0.54834 0.45459 0.319336 0.24707 0.00145245
2 0.64502 0.404297 0.102539 0.150391 0.00147343
5 0.558594 0.519043 0.347656 0.178711 0.0014801
10 0.73291 0.683105 0.0888672 0.0458984 0.00150967
0 0.5625 0.525391 0.34375 0.169922 0.00154781
7 0.299316 0.495117 0.172852 0.263672 0.00178242
4 0.647461 0.443848 0.136719 0.227539 0.00178432
9 0.166016 0.745605 0.140625 0.47168 0.00183105
10 0.557617 0.509277 0.339844 0.211914 0.00185871
7 0.233887 0.604492 0.0634766 0.134766 0.00194073
1 0.231934 0.602051 0.0634766 0.124023 0.00194168
10 0.671387 0.70459 0.25293 0.0654297 0.00194454
9 0.55957 0.514648 0.335938 0.189453 0.00205612
10 0.745605 0.572754 0.0537109 0.108398 0.00250435
11 0.758301 0.529785 0.0302734 0.129883 0.00265312
11 0.233887 0.604492 0.0634766 0.134766 0.00293541
10 0.694824 0.6875 0.19043 0.0410156 0.00318718
8 0.671387 0.329102 0.0185547 0.015625 0.00327682
11 0.747559 0.560547 0.0439453 0.09375 0.00375175
9 0.231934 0.603027 0.0634766 0.12793 0.00383568
9 0.181641 0.830078 0.0761719 0.28125 0.00425339
11 0.760254 0.678711 0.0302734 0.0390625 0.0050621
3 0.5625 0.586426 0.339844 0.110352 0.00513077
12 0.29541 0.61377 0.180664 0.108398 0.00533676
10 0.760254 0.678711 0.0302734 0.0390625 0.00576782
9 0.653809 0.428223 0.157227 0.237305 0.005867
7 0.654785 0.443848 0.163086 0.250977 0.00757217
8 0.443848 0.233398 0.0419922 0.0371094 0.00931549
11 0.323242 0.574707 0.03125 0.0244141 0.0110168
12 0.241211 0.568359 0.0800781 0.214844 0.011261
12 0.282227 0.538574 0.154297 0.272461 0.0112686
0 0.547852 0.243652 0.0625 0.0615234 0.0123749
8 0.64502 0.404297 0.102539 0.150391 0.0144806
7 0.645996 0.404785 0.100586 0.157227 0.0144882
9 0.326172 0.582031 0.0488281 0.0332031 0.0169067
11 0.326172 0.582031 0.0488281 0.0332031 0.0505066
9 0.646973 0.401855 0.0927734 0.145508 0.059845
12 0.231445 0.600586 0.0605469 0.121094 0.076355
3 0.562988 0.530273 0.342773 0.167969 0.531738
