11 0.244629 0.625977 0.0615234 0.0214844 0.000100553
11 0.946289 0.795898 0.0390625 0.0234375 0.000101328
0 0.185059 0.858887 0.0458984 0.0478516 0.000101566
2 0.639648 0.375977 0.0273438 0.0390625 0.000101566
10 0.92627 0.890625 0.147461 0.208984 0.000103176
8 0.335449 0.681152 0.0302734 0.0322266 0.000103593
3 0.598633 0.999023 0.548828 0.00195312 0.000104249
5 0.294922 0.627441 0.0957031 0.0400391 0.000104308
7 0.807129 0.729492 0.0361328 0.0410156 0.000104487
9 0.65332 0.42627 0.0761719 0.0732422 0.000105023
8 0.342285 0.718262 0.0712891 0.0615234 0.000105202
0 0.808105 0.64502 0.22168 0.352539 0.000105381
10 0.305664 0.927734 0.314453 0.138672 0.000105381
13 0.837891 0.592285 0.107422 0.0595703 0.000105381
11 0.393555 0.266113 0.103516 0.0361328 0.000107527
10 0.181152 0.789551 0.0439453 0.0556641 0.000108063
9 0.561523 0.744629 0.0449219 0.0341797 0.000108302
9 0.63623 0.379395 0.0400391 0.0419922 0.000109375
13 0.443848 0.270996 0.0244141 0.0185547 0.000109434
0 0.636719 0.445312 0.0605469 0.0800781 0.000110328
9 0.335449 0.865234 0.319336 0.220703 0.000110865
11 0.618164 0.304688 0.0644531 0.0976562 0.000110984
11 0.63916 0.259766 0.0439453 0.0117188 0.000110984
13 0.264648 0.643066 0.0761719 0.0361328 0.00011307
7 0.354004 0.707031 0.0791016 0.0703125 0.000113547
8 0.244629 0.625977 0.0615234 0.0214844 0.000114202
2 0.251465 0.230957 0.50293 0.368164 0.000114262
13 0.44873 0.261719 0.0634766 0.0429688 0.000114322
13 0.646973 0.35791 0.0556641 0.0693359 0.000115514
0 0.970215 0.551758 0.0595703 0.404297 0.000116229
8 0.609863 0.648438 0.0556641 0.0605469 0.000116289
8 0.337402 0.470703 0.0107422 0.0078125 0.000117123
8 0.461914 0.411621 0.0214844 0.0185547 0.000117123
7 0.185547 0.858887 0.0449219 0.0478516 0.000121295
7 0.783691 0.697754 0.229492 0.25293 0.000123143
3 0.183594 0.860352 0.0429688 0.0449219 0.000124812
13 0.34375 0.651367 0.175781 0.214844 0.000125408
11 0.378906 0.0141602 0.152344 0.0283203 0.000125885
9 0.185547 0.858887 0.0449219 0.0478516 0.000126123
9 0.0952148 0.727051 0.19043 0.499023 0.000127196
7 0.308105 0.757812 0.25293 0.175781 0.000127554
6 0.825195 0.541504 0.144531 0.219727 0.000127912
10 0.189941 0.87793 0.0400391 0.0722656 0.000128865
13 0.334473 0.725098 0.0478516 0.0400391 0.000130653
5 0.29248 0.595215 0.110352 0.0478516 0.000132322
11 0.422852 0.255859 0.046875 0.0195312 0.00013268
13 0.230957 0.625977 0.0400391 0.015625 0.000134468
11 0.181152 0.789551 0.0439453 0.0556641 0.000134587
9 0.975586 0.685547 0.0234375 0.0195312 0.000134945
8 0.634766 0.520996 0.03125 0.0224609 0.000136614
13 0.757812 0.722168 0.0625 0.0654297 0.000138402
11 0.450684 0.23877 0.0732422 0.0166016 0.000138879
5 0.303223 0.598633 0.200195 0.224609 0.000140667
11 0.808105 0.630371 0.219727 0.370117 0.000142574
13 0.282227 0.583984 0.0664062 0.0273438 0.000143766
8 0.854492 0.720215 0.0683594 0.0810547 0.000143766
13 0.691895 0.369141 0.0751953 0.0253906 0.000143886
8 0.878418 0.580566 0.0166016 0.0146484 0.000145555
13 0.349609 0.711914 0.0761719 0.0605469 0.000146747
11 0.431641 0.274414 0.0683594 0.015625 0.000146985
9 0.825195 0.541504 0.144531 0.219727 0.000147581
8 0.793457 0.626953 0.0205078 0.015625 0.000147581
0 0.148438 0.928223 0.296875 0.143555 0.0001477
8 0.55957 0.73584 0.0332031 0.0322266 0.00014782
8 0.861816 0.722168 0.0478516 0.0458984 0.000147939
9 0.700684 0.446777 0.0205078 0.0166016 0.000148058
9 0.84668 0.696289 0.126953 0.226562 0.000148416
13 0.696777 0.501953 0.0302734 0.0234375 0.0001508
11 0.370117 0.11084 0.390625 0.22168 0.000152826
3 0.762695 0.186523 0.474609 0.263672 0.000154018
11 0.44043 0.265625 0.0449219 0.0214844 0.000156283
8 0.679199 0.310059 0.00878906 0.00878906 0.000159502
12 0.10791 0.691406 0.21582 0.59375 0.000163555
6 0.84082 0.161621 0.318359 0.323242 0.000164866
2 0.808105 0.630371 0.219727 0.370117 0.000168562
0 0.945312 0.888184 0.105469 0.219727 0.000171781
7 0.634766 0.378418 0.0195312 0.0361328 0.000172377
13 0.411621 0.729492 0.0517578 0.0449219 0.000173807
8 0.817383 0.538574 0.0117188 0.0107422 0.000174522
13 0.628906 0.380859 0.0390625 0.0410156 0.00017488
11 0.189941 0.880371 0.0478516 0.0791016 0.000176311
10 0.177734 0.59668 0.355469 0.488281 0.000177026
8 0.416016 0.338379 0.015625 0.0126953 0.000177503
8 0.411133 0.487305 0.0117188 0.0117188 0.000179887
8 0.452637 0.472168 0.0185547 0.0166016 0.000180602
8 0.343262 0.729004 0.0517578 0.0361328 0.000182271
3 0.808105 0.630371 0.219727 0.370117 0.000182867
7 0.417969 0.73291 0.0390625 0.0341797 0.000188112
13 0.852539 0.739746 0.125 0.161133 0.000188828
8 0.301758 0.628418 0.0429688 0.0244141 0.000190735
9 0.836426 0.73584 0.0908203 0.0712891 0.000192046
11 0.476562 0.25293 0.0410156 0.0273438 0.000193
11 0.380859 0.00830078 0.105469 0.0166016 0.000196338
11 0.42041 0.273926 0.0751953 0.0302734 0.000197291
12 0.808105 0.630371 0.219727 0.370117 0.000204682
13 0.277832 0.612305 0.12793 0.0605469 0.000205755
9 0.755859 0.558105 0.298828 0.512695 0.000208974
9 0.41748 0.73291 0.0419922 0.0341797 0.000209212
10 0.901855 0.845215 0.0400391 0.0556641 0.000210285
8 0.798828 0.62793 0.0136719 0.0136719 0.000210881
8 0.816406 0.727539 0.0175781 0.0175781 0.000214219
2 0.244629 0.625977 0.0615234 0.0214844 0.000216126
9 0.713867 0.364258 0.0332031 0.0175781 0.000216603
1 0.827637 0.629883 0.174805 0.341797 0.000219822
9 0.605957 0.458496 0.192383 0.170898 0.000220299
11 0.408691 0.25293 0.0849609 0.0273438 0.000226498
11 0.459473 0.246094 0.0751953 0.0351562 0.000228882
9 0.177734 0.59668 0.355469 0.488281 0.000231385
9 0.556641 0.743164 0.0722656 0.0605469 0.000233769
9 0.615234 0.730469 0.347656 0.138672 0.000236034
9 0.441406 0.50293 0.0195312 0.0136719 0.00024128
6 0.850586 0.734863 0.0957031 0.0927734 0.000245571
8 0.893555 0.796387 0.046875 0.0517578 0.000246048
8 0.859375 0.724609 0.0292969 0.0253906 0.000247478
9 0.332031 0.726074 0.0429688 0.0361328 0.00025177
5 0.308105 0.757812 0.25293 0.175781 0.00025177
8 0.812012 0.73291 0.0283203 0.0322266 0.000256777
13 0.260254 0.619629 0.0771484 0.0302734 0.000257492
13 0.293457 0.629395 0.0693359 0.0283203 0.000262499
6 0.635742 0.443359 0.115234 0.109375 0.000265121
9 0.244629 0.625977 0.0615234 0.0214844 0.000267029
8 0.853516 0.742676 0.109375 0.114258 0.000267267
2 0.631836 0.381836 0.0195312 0.0292969 0.000269175
11 0.186035 0.836914 0.0595703 0.0839844 0.000271082
5 0.770996 0.725098 0.25293 0.266602 0.000275135
11 0.680664 0.243652 0.0761719 0.0244141 0.00027585
13 0.709961 0.365723 0.0449219 0.0205078 0.00028348
4 0.852539 0.739746 0.125 0.161133 0.000289202
11 0.904785 0.842285 0.0380859 0.0673828 0.000289917
13 0.84375 0.59375 0.0546875 0.0195312 0.000290632
13 0.0800781 0.656738 0.0410156 0.0244141 0.000292063
11 0.634766 0.378906 0.0195312 0.0351562 0.00029397
11 0.318359 0.295898 0.0644531 0.0449219 0.000294447
11 0.423828 0.263184 0.0742188 0.0302734 0.000297308
5 0.35498 0.680176 0.15918 0.163086 0.000297785
13 0.445801 0.263184 0.0361328 0.0302734 0.000305653
9 0.52002 0.832031 0.161133 0.289062 0.000312805
2 0.441406 0.50293 0.0195312 0.0136719 0.000317574
7 0.332031 0.726074 0.0429688 0.0361328 0.000319481
5 0.293945 0.611816 0.140625 0.0771484 0.000327349
10 0.188477 0.856934 0.0585938 0.0927734 0.000332594
11 0.638672 0.26416 0.0703125 0.0263672 0.000333309
11 0.462402 0.276367 0.0517578 0.0214844 0.000334263
9 0.219727 0.825195 0.109375 0.113281 0.000338078
9 0.317383 0.586914 0.294922 0.417969 0.000339031
4 0.635742 0.443359 0.115234 0.109375 0.000348568
13 0.297852 0.59082 0.0878906 0.0390625 0.000356674
11 0.447754 0.271973 0.0458984 0.0146484 0.000357628
9 0.542969 0.743652 0.103516 0.108398 0.000358582
11 0.189453 0.86084 0.0761719 0.0732422 0.000370264
7 0.83252 0.536621 0.139648 0.166992 0.000370264
10 0.808105 0.630371 0.219727 0.370117 0.000375986
9 0.308594 0.741699 0.267578 0.229492 0.000381947
8 0.827637 0.629883 0.174805 0.341797 0.000384808
0 0.166504 0.577637 0.333008 0.522461 0.000386238
5 0.828125 0.551758 0.15625 0.244141 0.000389099
7 0.635742 0.443359 0.115234 0.109375 0.000390291
11 0.688965 0.25293 0.114258 0.0332031 0.000391722
12 0.635742 0.443359 0.115234 0.109375 0.000402689
11 0.640625 0.236816 0.0664062 0.0166016 0.000422239
9 0.272461 0.796875 0.181641 0.0761719 0.000427246
5 0.635742 0.443359 0.115234 0.109375 0.000437021
5 0.772461 0.586914 0.292969 0.498047 0.000465393
5 0.850098 0.731934 0.108398 0.114258 0.000473976
1 0.635742 0.443359 0.115234 0.109375 0.000487566
0 0.565918 0.498535 0.233398 0.231445 0.00050211
7 0.836426 0.73584 0.0908203 0.0712891 0.000504971
2 0.700195 0.446777 0.015625 0.0185547 0.000538826
13 0.370605 0.671875 0.116211 0.144531 0.000546455
13 0.635742 0.443359 0.115234 0.109375 0.000552177
5 0.306152 0.679199 0.227539 0.225586 0.000576973
8 0.835449 0.73584 0.0849609 0.0693359 0.000586987
8 0.811035 0.732422 0.0419922 0.0507812 0.000592709
13 0.280273 0.382324 0.0410156 0.0361328 0.000596046
12 0.177734 0.59668 0.355469 0.488281 0.000601292
9 0.549805 0.600586 0.197266 0.449219 0.000603199
11 0.635742 0.443359 0.115234 0.109375 0.000635147
2 0.636719 0.435547 0.113281 0.09375 0.000655174
9 0.254395 0.681152 0.0634766 0.0400391 0.000669003
13 0.253906 0.631836 0.0800781 0.0371094 0.000673294
11 0.657227 0.237305 0.0429688 0.0117188 0.000699997
8 0.635742 0.443359 0.115234 0.109375 0.000702858
11 0.648438 0.253906 0.0898438 0.0273438 0.000739574
10 0.635742 0.443359 0.115234 0.109375 0.000748158
9 0.856934 0.755371 0.12207 0.141602 0.000765324
9 0.525391 0.737793 0.164062 0.22168 0.000768185
4 0.827637 0.629883 0.174805 0.341797 0.000834465
11 0.62207 0.253418 0.0566406 0.0361328 0.000835896
11 0.458008 0.262207 0.0507812 0.0341797 0.000840187
11 0.42041 0.245605 0.0673828 0.0205078 0.000894547
11 0.437012 0.241699 0.0478516 0.0126953 0.000946522
9 0.946289 0.795898 0.0390625 0.0234375 0.000965118
8 0.712891 0.36377 0.0332031 0.0185547 0.000985146
11 0.444336 0.253906 0.0761719 0.0292969 0.00100708
13 0.821289 0.644043 0.189453 0.34082 0.0010252
13 0.638184 0.369629 0.0322266 0.0478516 0.00115395
8 0.860352 0.726562 0.0195312 0.0175781 0.00117016
13 0.403809 0.710938 0.0634766 0.0742188 0.00117683
9 0.560547 0.73584 0.03125 0.0302734 0.00119114
13 0.367188 0.691406 0.0644531 0.0761719 0.00122643
11 0.662109 0.268066 0.109375 0.0361328 0.00123978
9 0.634277 0.380371 0.0205078 0.0322266 0.0012598
0 0.969727 0.506348 0.0605469 0.110352 0.0013628
9 0.245605 0.807129 0.129883 0.0478516 0.00152016
9 0.635742 0.443359 0.115234 0.109375 0.00153542
5 0.317383 0.586914 0.294922 0.417969 0.00156784
11 0.660156 0.240723 0.0703125 0.0185547 0.00162029
6 0.852539 0.739746 0.125 0.161133 0.00163651
11 0.635742 0.245117 0.0703125 0.0292969 0.00183105
8 0.333984 0.679688 0.0195312 0.015625 0.00190735
11 0.464355 0.247559 0.0537109 0.0205078 0.00197983
10 0.904297 0.856445 0.0253906 0.0351562 0.00203133
11 0.904297 0.856445 0.0253906 0.0351562 0.00204086
8 0.416992 0.732422 0.0410156 0.0351562 0.00228119
3 0.634277 0.435547 0.118164 0.0957031 0.002285
9 0.310059 0.80957 0.272461 0.126953 0.00246048
11 0.633789 0.276855 0.0683594 0.0400391 0.00265694
0 0.61084 0.461914 0.174805 0.154297 0.00271034
9 0.819336 0.629395 0.189453 0.356445 0.00286102
5 0.851074 0.698242 0.12793 0.230469 0.00286865
8 0.441406 0.50293 0.0195312 0.0136719 0.00390625
13 0.244629 0.625977 0.0615234 0.0214844 0.00401688
3 0.615723 0.733887 0.354492 0.124023 0.00407791
8 0.331055 0.723633 0.0390625 0.0351562 0.00466537
7 0.852539 0.739746 0.125 0.161133 0.00495529
8 0.700684 0.446777 0.0205078 0.0166016 0.00595474
13 0.634766 0.378418 0.0195312 0.0361328 0.00617981
11 0.444824 0.244141 0.0732422 0.0175781 0.00817871
6 0.819336 0.629395 0.189453 0.356445 0.00871277
0 0.658691 0.424316 0.0654297 0.0673828 0.0108871
7 0.827637 0.629883 0.174805 0.341797 0.0114059
10 0.185547 0.858887 0.0449219 0.0478516 0.021698
11 0.185547 0.858887 0.0449219 0.0478516 0.0299072
5 0.818848 0.642578 0.19043 0.34375 0.0555115
0 0.635742 0.436035 0.111328 0.0947266 0.581055
