13 0.285645 0.424316 0.0322266 0.0166016 0.000457048
11 0.620117 0.600586 0.253906 0.404297 0.000458002
1 0.255371 0.616699 0.131836 0.213867 0.000459671
4 0.570801 0.481445 0.239258 0.212891 0.000465155
9 0.274902 0.654297 0.0888672 0.0957031 0.0004673
13 0.286133 0.425293 0.0175781 0.0146484 0.000468731
9 0.442871 0.0649414 0.217773 0.129883 0.000474453
9 0.30127 0.434082 0.12207 0.116211 0.000477076
5 0.258301 0.631348 0.120117 0.166992 0.000479937
10 0.181152 0.791016 0.104492 0.0742188 0.000480175
11 0.537598 0.244629 0.110352 0.0322266 0.00048089
11 0.151367 0.767578 0.0449219 0.0683594 0.000487089
2 0.301758 0.580566 0.0488281 0.0634766 0.000491142
7 0.324219 0.509277 0.0898438 0.0693359 0.000492573
5 0.234375 0.581543 0.173828 0.200195 0.000496387
2 0.33252 0.466797 0.125977 0.195312 0.000499249
1 0.225098 0.669434 0.174805 0.170898 0.000499249
7 0.169434 0.632324 0.0244141 0.0224609 0.000508785
13 0.620117 0.600586 0.253906 0.404297 0.000510693
2 0.164062 0.728516 0.0273438 0.03125 0.000513077
8 0.164551 0.723633 0.0439453 0.0488281 0.000514984
2 0.289551 0.445801 0.0712891 0.0615234 0.000516415
4 0.300781 0.62207 0.164062 0.234375 0.000524521
7 0.313477 0.438965 0.0234375 0.0166016 0.000524521
11 0.541992 0.231445 0.0898438 0.0195312 0.000524521
0 0.342285 0.45459 0.118164 0.174805 0.000529289
5 0.620117 0.473633 0.253906 0.238281 0.000531673
13 0.225098 0.669434 0.174805 0.170898 0.000539303
8 0.252441 0.708496 0.0166016 0.0146484 0.000541687
8 0.490234 0.468262 0.306641 0.165039 0.000542641
2 0.224121 0.632812 0.0673828 0.0566406 0.000544071
9 0.18457 0.672852 0.0898438 0.142578 0.000544548
13 0.27002 0.419434 0.110352 0.0966797 0.000561714
13 0.744141 0.682617 0.03125 0.0800781 0.000562191
2 0.710938 0.588867 0.0351562 0.0371094 0.00056982
8 0.177246 0.635254 0.0419922 0.0322266 0.000574589
13 0.282227 0.422363 0.0898438 0.0478516 0.000574589
9 0.303223 0.585449 0.0361328 0.0322266 0.000579834
13 0.229004 0.631348 0.0654297 0.0869141 0.000580788
11 0.711426 0.589844 0.0224609 0.0292969 0.000580788
8 0.293457 0.399414 0.0595703 0.0566406 0.000582695
3 0.243652 0.54541 0.198242 0.399414 0.000584126
8 0.320801 0.509277 0.0810547 0.0693359 0.000585079
1 0.223633 0.631836 0.0351562 0.0410156 0.000593185
13 0.490234 0.468262 0.306641 0.165039 0.000595093
4 0.291504 0.619141 0.0732422 0.189453 0.000597
7 0.26709 0.479004 0.200195 0.313477 0.00060463
7 0.354492 0.422363 0.0507812 0.0693359 0.000609398
6 0.34375 0.592285 0.138672 0.21582 0.000610352
2 0.282715 0.446777 0.0263672 0.0244141 0.000613213
11 0.518066 0.236328 0.0693359 0.0234375 0.000614643
4 0.331055 0.523438 0.140625 0.269531 0.000617504
6 0.22998 0.456543 0.112305 0.131836 0.000619411
9 0.313477 0.438965 0.0234375 0.0166016 0.00062561
13 0.313477 0.438965 0.0234375 0.0166016 0.000631332
8 0.30127 0.57959 0.0673828 0.129883 0.000632763
9 0.68457 0.595215 0.09375 0.133789 0.000644684
10 0.151367 0.767578 0.0449219 0.0683594 0.000645161
1 0.310059 0.589355 0.0986328 0.206055 0.000648022
13 0.27832 0.44873 0.0195312 0.0166016 0.000650883
10 0.553711 0.473145 0.142578 0.149414 0.00065136
0 0.413086 0.473145 0.167969 0.155273 0.000655174
6 0.227539 0.466797 0.078125 0.0546875 0.000668526
5 0.242676 0.470215 0.145508 0.165039 0.000670433
4 0.353516 0.422363 0.03125 0.0341797 0.000676632
9 0.708496 0.591309 0.0400391 0.0478516 0.000677109
10 0.620117 0.600586 0.253906 0.404297 0.000677109
2 0.288086 0.428711 0.0585938 0.0332031 0.00069046
12 0.328613 0.539062 0.114258 0.142578 0.000698566
10 0.728027 0.789551 0.0380859 0.0283203 0.000704765
2 0.303711 0.437012 0.136719 0.110352 0.000706673
11 0.73291 0.787109 0.0537109 0.0429688 0.000709534
8 0.226074 0.49707 0.0146484 0.0136719 0.000712395
0 0.246094 0.543945 0.205078 0.402344 0.000723362
8 0.180664 0.490234 0.0273438 0.0253906 0.000730038
7 0.663086 0.595703 0.152344 0.238281 0.000732422
11 0.246094 0.543945 0.205078 0.402344 0.000740528
9 0.27832 0.448242 0.0234375 0.015625 0.000754356
7 0.240723 0.466797 0.139648 0.171875 0.000761032
2 0.371094 0.455566 0.078125 0.125977 0.000763416
7 0.509277 0.47998 0.24707 0.19043 0.000769615
11 0.732422 0.783691 0.0253906 0.0224609 0.000781059
9 0.619629 0.566406 0.208008 0.205078 0.000786781
1 0.620117 0.600098 0.240234 0.387695 0.000790596
2 0.285645 0.424316 0.0322266 0.0166016 0.000813961
8 0.194336 0.450684 0.0214844 0.0205078 0.000829697
0 0.353027 0.421875 0.0302734 0.0332031 0.000850677
12 0.620117 0.600586 0.253906 0.404297 0.000851154
7 0.659668 0.687012 0.15918 0.202148 0.000852108
4 0.286621 0.419434 0.174805 0.155273 0.00085783
10 0.762695 0.812988 0.0253906 0.0458984 0.000859261
7 0.281738 0.65332 0.0595703 0.0625 0.000863075
9 0.427246 0.206055 0.208008 0.402344 0.000864983
4 0.712891 0.589355 0.0195312 0.0263672 0.000885963
8 0.303711 0.469727 0.0332031 0.0292969 0.000888348
9 0.330566 0.558105 0.25293 0.295898 0.000897408
13 0.32373 0.439453 0.0517578 0.046875 0.000900745
2 0.30127 0.57959 0.0673828 0.129883 0.000909328
10 0.246094 0.543945 0.205078 0.402344 0.000909805
2 0.303223 0.583984 0.0341797 0.0292969 0.000913143
11 0.225098 0.633789 0.0361328 0.0410156 0.000920296
5 0.213867 0.651855 0.150391 0.206055 0.000924587
13 0.303711 0.437012 0.136719 0.110352 0.000928879
9 0.25 0.421875 0.123047 0.144531 0.000955105
0 0.711914 0.588867 0.0214844 0.0253906 0.000956059
12 0.246094 0.543945 0.205078 0.402344 0.000964642
7 0.335449 0.424316 0.124023 0.15332 0.000965118
9 0.680664 0.597656 0.125 0.222656 0.000967503
6 0.234863 0.632324 0.100586 0.112305 0.000967979
2 0.243652 0.553711 0.200195 0.404297 0.000975609
8 0.305664 0.456543 0.0625 0.0595703 0.000976562
8 0.301758 0.580566 0.0488281 0.0634766 0.000983238
8 0.251465 0.682129 0.0595703 0.0419922 0.00100899
0 0.617188 0.563965 0.238281 0.344727 0.00101852
8 0.228516 0.466309 0.0625 0.0458984 0.00103283
9 0.389648 0.319824 0.121094 0.19043 0.00103855
8 0.290527 0.67041 0.0556641 0.0576172 0.00103855
8 0.342285 0.45459 0.118164 0.174805 0.00106716
9 0.287109 0.424316 0.015625 0.0126953 0.00107861
9 0.246582 0.711914 0.213867 0.142578 0.00108051
9 0.618652 0.483398 0.211914 0.208984 0.00109386
7 0.328125 0.443359 0.0898438 0.09375 0.00110054
7 0.233887 0.467285 0.0732422 0.0498047 0.0011158
7 0.578125 0.51709 0.181641 0.266602 0.00112534
5 0.671875 0.506348 0.140625 0.209961 0.00113392
6 0.324707 0.528809 0.102539 0.172852 0.00114632
6 0.619141 0.595215 0.25 0.387695 0.00115395
8 0.274414 0.654785 0.0898438 0.0947266 0.00115871
11 0.762695 0.812988 0.0253906 0.0458984 0.00116062
13 0.712891 0.589355 0.0195312 0.0244141 0.00116062
3 0.224121 0.631348 0.0341797 0.0400391 0.00117207
9 0.602051 0.454102 0.0830078 0.103516 0.00117588
7 0.185547 0.685059 0.0878906 0.12793 0.00122643
9 0.734863 0.789551 0.0302734 0.0283203 0.00122738
2 0.32373 0.439453 0.0517578 0.046875 0.00129223
3 0.328613 0.539062 0.114258 0.142578 0.00130844
1 0.237305 0.58252 0.197266 0.364258 0.00132942
3 0.620117 0.600586 0.253906 0.404297 0.00133801
13 0.228516 0.468262 0.0644531 0.0458984 0.00135231
8 0.371094 0.455566 0.078125 0.125977 0.00139427
0 0.224121 0.631348 0.0341797 0.0400391 0.00142288
11 0.741699 0.797363 0.0380859 0.0458984 0.00143719
11 0.51709 0.25293 0.0732422 0.0410156 0.00145817
8 0.309082 0.436035 0.0791016 0.0673828 0.00147438
8 0.282227 0.422363 0.0898438 0.0478516 0.00153637
8 0.282715 0.44873 0.0576172 0.0380859 0.00154495
9 0.223633 0.626953 0.0605469 0.0742188 0.00156689
0 0.577148 0.495605 0.197266 0.204102 0.00161648
4 0.229004 0.631348 0.0654297 0.0869141 0.00164032
13 0.331055 0.448242 0.078125 0.078125 0.00165558
13 0.309082 0.589844 0.0966797 0.216797 0.00170994
7 0.217773 0.631348 0.0917969 0.176758 0.00171375
8 0.249023 0.463867 0.0195312 0.0175781 0.00173664
11 0.354004 0.422363 0.0302734 0.0322266 0.00177288
2 0.286133 0.425293 0.0175781 0.0146484 0.00177956
8 0.303711 0.437012 0.136719 0.110352 0.00179386
4 0.258301 0.632324 0.120117 0.166992 0.0018177
9 0.354492 0.422363 0.0507812 0.0693359 0.00182056
8 0.562988 0.527832 0.174805 0.254883 0.00187206
11 0.327148 0.540039 0.107422 0.150391 0.00188732
11 0.310059 0.589355 0.0986328 0.206055 0.00197411
8 0.279297 0.446777 0.0390625 0.0224609 0.00201225
7 0.290039 0.621094 0.0644531 0.169922 0.00201988
4 0.620117 0.600098 0.240234 0.387695 0.0020237
2 0.27832 0.44873 0.0195312 0.0166016 0.00203133
8 0.321777 0.438477 0.0322266 0.0234375 0.00205803
2 0.313477 0.438965 0.0234375 0.0166016 0.00206184
13 0.224121 0.631348 0.0341797 0.0400391 0.00206757
8 0.196777 0.613281 0.0205078 0.015625 0.00209427
6 0.223633 0.626953 0.0605469 0.0742188 0.00210381
12 0.526855 0.654297 0.432617 0.259766 0.00215149
8 0.617188 0.562012 0.244141 0.348633 0.0021553
11 0.523926 0.665527 0.436523 0.241211 0.00216675
8 0.249512 0.485352 0.0244141 0.0175781 0.00219154
6 0.557129 0.467285 0.135742 0.141602 0.00221634
13 0.353027 0.422363 0.0322266 0.0341797 0.00223541
13 0.523926 0.665527 0.436523 0.241211 0.00226974
1 0.328613 0.539062 0.114258 0.142578 0.00233269
7 0.331055 0.523438 0.140625 0.269531 0.00239372
7 0.164062 0.728516 0.0273438 0.03125 0.00245476
8 0.281738 0.65332 0.0576172 0.0625 0.00246239
2 0.523926 0.665527 0.436523 0.241211 0.00248337
8 0.32373 0.408691 0.0185547 0.0146484 0.00248528
8 0.308105 0.441895 0.0419922 0.0322266 0.00261116
1 0.523926 0.665527 0.436523 0.241211 0.0026226
7 0.523926 0.665527 0.436523 0.241211 0.0026722
8 0.237305 0.58252 0.197266 0.364258 0.00271988
12 0.553711 0.473145 0.142578 0.149414 0.00276375
8 0.294434 0.395996 0.0283203 0.0263672 0.00276375
7 0.274902 0.654297 0.0888672 0.0957031 0.00279045
8 0.523926 0.665527 0.436523 0.241211 0.00279999
8 0.252441 0.683594 0.0341797 0.0273438 0.00283241
6 0.226562 0.632812 0.0332031 0.0351562 0.00285339
0 0.444824 0.35791 0.198242 0.129883 0.00290298
4 0.225098 0.669434 0.174805 0.170898 0.00292969
9 0.229492 0.634277 0.103516 0.102539 0.00296974
5 0.266113 0.419434 0.174805 0.15918 0.002985
9 0.306152 0.421875 0.170898 0.189453 0.00300789
5 0.619141 0.595215 0.25 0.387695 0.00300789
7 0.300781 0.62207 0.164062 0.234375 0.00302124
6 0.523926 0.665527 0.436523 0.241211 0.00307465
8 0.229492 0.657715 0.158203 0.15918 0.00311852
11 0.266602 0.268555 0.0761719 0.046875 0.00315666
8 0.305176 0.58252 0.0341797 0.0263672 0.0032692
4 0.523926 0.665527 0.436523 0.241211 0.00327301
8 0.295898 0.594727 0.0839844 0.230469 0.00328636
13 0.258301 0.631348 0.120117 0.166992 0.0033226
8 0.354492 0.422363 0.0507812 0.0693359 0.00340843
13 0.317871 0.537598 0.0888672 0.12207 0.00341606
6 0.225098 0.669434 0.174805 0.170898 0.00351906
4 0.223633 0.631836 0.0351562 0.0410156 0.00354004
13 0.266113 0.419434 0.174805 0.15918 0.00357056
11 0.553711 0.473145 0.142578 0.149414 0.00359726
7 0.383301 0.316895 0.0654297 0.147461 0.00372314
0 0.523926 0.665527 0.436523 0.241211 0.0038681
8 0.279785 0.435547 0.0498047 0.0390625 0.00387955
2 0.488281 0.464355 0.292969 0.15918 0.00403595
9 0.526367 0.658691 0.431641 0.25293 0.00406265
3 0.693359 0.172363 0.613281 0.297852 0.00417709
9 0.335938 0.442383 0.0800781 0.0878906 0.00418854
2 0.349121 0.428711 0.0439453 0.0546875 0.00419998
9 0.342285 0.45459 0.118164 0.174805 0.00420761
8 0.179688 0.59082 0.0175781 0.015625 0.00430298
0 0.327148 0.540039 0.107422 0.150391 0.00431824
8 0.706543 0.590332 0.0341797 0.0322266 0.00439835
9 0.398438 0.486328 0.224609 0.236328 0.0044136
10 0.154785 0.78418 0.0654297 0.0683594 0.00451279
9 0.29248 0.608398 0.0673828 0.1875 0.0045166
11 0.155273 0.785645 0.0644531 0.0693359 0.00455475
5 0.526367 0.658691 0.431641 0.25293 0.00466919
0 0.463867 0.399414 0.257812 0.134766 0.00469971
10 0.526855 0.654297 0.432617 0.259766 0.00498199
7 0.353516 0.421875 0.03125 0.0332031 0.00498199
13 0.551758 0.464844 0.142578 0.150391 0.00520325
9 0.383789 0.310547 0.0625 0.148438 0.0053215
9 0.376953 0.474121 0.078125 0.139648 0.00539017
9 0.164062 0.728516 0.0273438 0.03125 0.00543213
13 0.245117 0.54248 0.193359 0.40332 0.00556183
8 0.295898 0.684082 0.0449219 0.0361328 0.00566483
8 0.32373 0.439453 0.0517578 0.046875 0.00568008
3 0.511719 0.562012 0.371094 0.338867 0.00576782
6 0.257812 0.631348 0.121094 0.168945 0.0059967
9 0.513672 0.555176 0.357422 0.34668 0.0059967
7 0.712891 0.588867 0.0195312 0.0253906 0.00613022
9 0.277832 0.598633 0.124023 0.240234 0.00615692
4 0.237305 0.58252 0.197266 0.364258 0.00655365
2 0.711914 0.588867 0.0195312 0.0253906 0.00662231
2 0.223633 0.631836 0.0351562 0.0410156 0.00667572
7 0.229004 0.631348 0.0654297 0.0869141 0.0067215
6 0.266113 0.419434 0.174805 0.15918 0.00683594
9 0.478516 0.463379 0.308594 0.168945 0.00726318
7 0.266113 0.419434 0.174805 0.15918 0.00750732
1 0.553711 0.473145 0.142578 0.149414 0.00787354
9 0.227051 0.657715 0.176758 0.188477 0.00806427
2 0.335938 0.442383 0.0800781 0.0878906 0.00810242
8 0.331543 0.55957 0.131836 0.222656 0.00818634
7 0.620117 0.600098 0.240234 0.387695 0.00827789
11 0.72998 0.789551 0.0361328 0.0263672 0.00863647
8 0.169434 0.632324 0.0244141 0.0224609 0.00876617
3 0.556152 0.489746 0.168945 0.211914 0.00886536
8 0.334961 0.443848 0.0820312 0.0869141 0.00994873
9 0.555176 0.538574 0.180664 0.286133 0.0104523
4 0.328613 0.539062 0.114258 0.142578 0.011467
9 0.223145 0.632812 0.0341797 0.0371094 0.0127563
2 0.309082 0.589844 0.0966797 0.216797 0.0128403
8 0.229004 0.631348 0.0654297 0.0869141 0.0138702
7 0.257812 0.631348 0.121094 0.168945 0.0143967
7 0.223145 0.631836 0.0341797 0.0410156 0.016449
8 0.286133 0.424805 0.0175781 0.0136719 0.0176392
2 0.317871 0.537598 0.0888672 0.12207 0.0193787
9 0.331543 0.55957 0.131836 0.222656 0.0215454
6 0.241699 0.557129 0.198242 0.395508 0.0220032
9 0.710938 0.589355 0.0214844 0.0263672 0.0220184
8 0.313477 0.438965 0.0234375 0.0166016 0.0225372
8 0.164062 0.728516 0.0273438 0.03125 0.0227051
7 0.225098 0.669434 0.174805 0.170898 0.0233917
3 0.473145 0.473633 0.313477 0.173828 0.023468
7 0.328613 0.539062 0.114258 0.142578 0.0251007
4 0.553711 0.473145 0.142578 0.149414 0.0288391
8 0.278809 0.448242 0.0224609 0.015625 0.0309448
9 0.243164 0.556641 0.201172 0.396484 0.0334473
7 0.553711 0.473145 0.142578 0.149414 0.037384
0 0.540527 0.460938 0.143555 0.148438 0.04776
9 0.353516 0.421875 0.03125 0.0332031 0.053894
2 0.354004 0.422363 0.0302734 0.0322266 0.0558167
9 0.320801 0.539551 0.0966797 0.12793 0.0574341
7 0.237305 0.58252 0.197266 0.364258 0.059967
2 0.556641 0.467773 0.138672 0.148438 0.0684204
9 0.620117 0.600098 0.248047 0.397461 0.0717773
5 0.240723 0.550293 0.198242 0.401367 0.0744019
0 0.477051 0.450684 0.295898 0.155273 0.0758667
10 0.149902 0.787109 0.0361328 0.0546875 0.0758667
11 0.149902 0.787109 0.0361328 0.0546875 0.0844116
8 0.321289 0.540039 0.09375 0.126953 0.0886841
8 0.353516 0.421875 0.03125 0.0332031 0.107239
9 0.559082 0.468262 0.147461 0.15918 0.107544
8 0.712891 0.588867 0.0195312 0.0253906 0.133545
8 0.55957 0.464355 0.136719 0.143555 0.133789
8 0.223145 0.632812 0.0341797 0.0390625 0.281006
3 0.523438 0.66748 0.431641 0.237305 0.775391
