0 0.625 0.116211 0.5 0.232422 0.000100076
10 0.9375 0.551758 0.125 0.273438 0.000100911
6 0.537109 0.394043 0.109375 0.0966797 0.00010103
11 0.379395 0.248047 0.0654297 0.0253906 0.000101745
3 0.387207 0.981445 0.301758 0.0351562 0.000102401
6 0.176758 0.178223 0.353516 0.293945 0.000102937
3 0.530273 0.981934 0.398438 0.0341797 0.000108063
6 0.802734 0.602539 0.0703125 0.03125 0.000109017
0 0.0527344 0.48291 0.105469 0.360352 0.000109017
8 0.743652 0.416016 0.00878906 0.00976562 0.000109017
13 0.154785 0.682129 0.0439453 0.0244141 0.000110328
8 0.158203 0.691406 0.015625 0.0117188 0.000113845
13 0.278809 0.334473 0.0458984 0.0458984 0.000114202
2 0.782227 0.15918 0.435547 0.308594 0.000114679
13 0.169434 0.624023 0.0888672 0.0644531 0.000115514
2 0.742188 0.617676 0.0820312 0.0263672 0.000115871
2 0.176758 0.178223 0.353516 0.293945 0.00011611
12 0.9375 0.551758 0.125 0.273438 0.000117242
9 0.624512 0.478027 0.0517578 0.0693359 0.000117838
13 0.176758 0.178223 0.353516 0.293945 0.000118792
11 0.658691 0.251953 0.0576172 0.0195312 0.000119209
13 0.200195 0.580078 0.0859375 0.0234375 0.000119328
0 0.264648 0.88623 0.421875 0.227539 0.00012064
7 0.39209 0.334961 0.0341797 0.0332031 0.000121057
0 0.237793 0.0532227 0.133789 0.106445 0.000121415
3 0.154785 0.173828 0.30957 0.302734 0.000122309
11 0.853027 0.726074 0.0146484 0.0126953 0.000122547
11 0.333984 0.248047 0.134766 0.0253906 0.000124454
7 0.143555 0.685547 0.0136719 0.00976562 0.000126123
9 0.71875 0.00878906 0.0449219 0.0175781 0.000127077
11 0.540039 0.266602 0.0585938 0.0351562 0.000127912
13 0.788574 0.561035 0.0693359 0.0458984 0.000128031
13 0.19873 0.628418 0.137695 0.0927734 0.000128984
2 0.712891 0.00878906 0.046875 0.0175781 0.000129819
5 0.779297 0.609863 0.109375 0.0458984 0.000132322
8 0.29541 0.64502 0.0556641 0.0537109 0.000134706
2 0.9375 0.551758 0.125 0.273438 0.000135899
8 0.223633 0.45166 0.0195312 0.0185547 0.000137925
1 0.9375 0.551758 0.125 0.273438 0.000138044
7 0.852539 0.726562 0.0234375 0.0273438 0.000139356
9 0.251465 0.828125 0.344727 0.177734 0.000140071
13 0.34375 0.371094 0.0585938 0.03125 0.00014174
6 0.816895 0.127441 0.366211 0.254883 0.000142336
8 0.721191 0.619629 0.0146484 0.0146484 0.000142336
8 0.20166 0.449219 0.0263672 0.0292969 0.000142694
10 0.309082 0.95752 0.40332 0.0771484 0.000143647
9 0.802734 0.602539 0.0703125 0.03125 0.000146031
0 0.23584 0.0991211 0.31543 0.198242 0.000146985
13 0.816895 0.609863 0.0810547 0.0341797 0.000148654
11 0.9375 0.551758 0.125 0.273438 0.000148773
13 0.742676 0.597168 0.174805 0.0966797 0.000149012
13 0.753418 0.615723 0.0498047 0.0224609 0.000149965
11 0.23584 0.0991211 0.31543 0.198242 0.000150204
13 0.776367 0.651367 0.167969 0.177734 0.000152826
13 0.760742 0.600586 0.107422 0.0390625 0.000152826
8 0.149414 0.679688 0.0273438 0.0273438 0.000153542
13 0.640625 0.391113 0.0527344 0.0693359 0.000154376
3 0.918457 0.388672 0.15918 0.154297 0.000157833
13 0.150879 0.686035 0.0263672 0.0126953 0.000158072
8 0.152344 0.649414 0.0117188 0.00976562 0.000159383
8 0.140625 0.688965 0.0195312 0.0146484 0.00015986
0 0.536621 0.390137 0.0634766 0.0751953 0.000160813
1 0.537109 0.394043 0.109375 0.0966797 0.000162721
11 0.56543 0.26123 0.0566406 0.0263672 0.000164986
11 0.883301 0.776855 0.0380859 0.0537109 0.000165462
3 0.197754 0.244629 0.395508 0.37793 0.000170708
4 0.9375 0.551758 0.125 0.273438 0.000171423
8 0.299805 0.657227 0.0410156 0.0332031 0.00017643
5 0.225586 0.518066 0.257812 0.360352 0.000177026
11 0.709473 0.272949 0.0810547 0.0380859 0.000182271
8 0.681152 0.544922 0.0126953 0.0117188 0.00018239
10 0.883301 0.776855 0.0380859 0.0537109 0.000184774
8 0.639648 0.453125 0.0214844 0.0214844 0.00018847
8 0.151855 0.617188 0.0185547 0.0117188 0.000189424
13 0.69873 0.588867 0.100586 0.0761719 0.00019002
9 0.490234 0.435059 0.201172 0.192383 0.000192881
6 0.778809 0.644531 0.114258 0.0976562 0.000194669
8 0.143066 0.687012 0.0283203 0.0244141 0.000197291
3 0.562988 0.69043 0.401367 0.119141 0.000199676
11 0.265625 0.263672 0.0585938 0.0371094 0.000201344
8 0.9375 0.551758 0.125 0.273438 0.000201464
0 0.931641 0.842773 0.136719 0.263672 0.000201583
9 0.39209 0.334961 0.0341797 0.0332031 0.000202179
9 0.8125 0.661621 0.140625 0.145508 0.000205874
5 0.191895 0.220703 0.383789 0.404297 0.000207663
9 0.280762 0.632324 0.0283203 0.0224609 0.000209808
13 0.144531 0.685547 0.0136719 0.00976562 0.000209928
5 0.537109 0.394043 0.109375 0.0966797 0.000210524
12 0.537109 0.394043 0.109375 0.0966797 0.000218034
1 0.772949 0.612305 0.110352 0.0371094 0.00021863
9 0.854004 0.728027 0.0244141 0.0224609 0.000219584
7 0.536133 0.396484 0.111328 0.101562 0.000222325
11 0.591797 0.258789 0.132812 0.0429688 0.000224233
13 0.536133 0.396484 0.111328 0.101562 0.000225782
2 0.772949 0.612305 0.114258 0.046875 0.000226259
8 0.285645 0.633301 0.0439453 0.0341797 0.000230789
13 0.646973 0.376953 0.0244141 0.0351562 0.000231743
0 0.506348 0.376465 0.143555 0.106445 0.000236392
5 0.79834 0.632812 0.137695 0.175781 0.000236988
13 0.853027 0.726074 0.0146484 0.0126953 0.000248909
10 0.536621 0.396484 0.112305 0.103516 0.000255585
13 0.149902 0.620117 0.0263672 0.015625 0.000257492
0 0.0302734 0.509277 0.0585938 0.157227 0.000261784
8 0.537109 0.394043 0.109375 0.0966797 0.000270367
11 0.395508 0.269531 0.0488281 0.0371094 0.000275612
8 0.349121 0.475098 0.0185547 0.0166016 0.000283003
7 0.550781 0.643555 0.416016 0.160156 0.000286341
2 0.145996 0.685547 0.0224609 0.0136719 0.000293016
6 0.550781 0.643555 0.416016 0.160156 0.000296354
11 0.373535 0.266113 0.0849609 0.0361328 0.000306368
5 0.19873 0.628418 0.137695 0.0927734 0.000311852
7 0.28125 0.631348 0.0273438 0.0224609 0.000313044
4 0.550781 0.643555 0.416016 0.160156 0.000319242
0 0.9375 0.551758 0.125 0.273438 0.000323296
0 0.853027 0.726074 0.0166016 0.0126953 0.000326633
1 0.550781 0.643555 0.416016 0.160156 0.000333071
11 0.79248 0.604004 0.0908203 0.0341797 0.000337601
13 0.550293 0.650391 0.40918 0.126953 0.000359774
2 0.550781 0.643555 0.416016 0.160156 0.000367403
11 0.551758 0.644043 0.408203 0.12207 0.000378609
9 0.634766 0.964844 0.0859375 0.0605469 0.00038147
8 0.550293 0.64502 0.407227 0.133789 0.000382662
11 0.537109 0.394043 0.109375 0.0966797 0.000386953
13 0.729492 0.61084 0.105469 0.0498047 0.000393152
12 0.550293 0.64502 0.407227 0.133789 0.000394821
2 0.537109 0.394043 0.109375 0.0966797 0.00040555
8 0.713379 0.381836 0.00878906 0.0078125 0.000418186
7 0.789551 0.606445 0.0986328 0.0351562 0.000440359
13 0.14209 0.627441 0.0458984 0.0322266 0.000450373
9 0.143555 0.685059 0.0117188 0.00878906 0.000455856
11 0.623535 0.249023 0.112305 0.0195312 0.000463247
13 0.818359 0.618164 0.0566406 0.0195312 0.000473738
8 0.150879 0.664551 0.0126953 0.0107422 0.000497341
13 0.625977 0.475586 0.0566406 0.0703125 0.000499249
6 0.772949 0.612305 0.110352 0.0371094 0.000501633
11 0.353027 0.24707 0.0751953 0.0195312 0.000502586
13 0.804688 0.59082 0.0742188 0.0488281 0.000521183
8 0.283691 0.656738 0.0107422 0.00878906 0.00054121
11 0.341797 0.262695 0.0722656 0.0292969 0.000571728
13 0.769043 0.652344 0.12207 0.107422 0.000590324
11 0.673828 0.255859 0.0625 0.03125 0.000594139
10 0.550781 0.643555 0.416016 0.160156 0.000610828
13 0.773926 0.611328 0.0634766 0.0273438 0.000618935
13 0.776855 0.59082 0.110352 0.0683594 0.000627995
9 0.772949 0.612305 0.110352 0.0371094 0.00065136
13 0.821289 0.592285 0.0429688 0.0283203 0.000683784
13 0.17627 0.643066 0.0615234 0.0302734 0.000710011
7 0.801758 0.656738 0.152344 0.139648 0.000748634
13 0.765625 0.626465 0.0976562 0.0478516 0.000760555
2 0.143555 0.686035 0.0136719 0.00878906 0.000770092
5 0.550293 0.64502 0.407227 0.133789 0.000808716
0 0.896484 0.486816 0.046875 0.0361328 0.000814438
11 0.319824 0.257324 0.131836 0.0263672 0.000843048
11 0.550293 0.254883 0.0615234 0.0351562 0.000864029
9 0.535645 0.398438 0.118164 0.111328 0.000905037
8 0.599121 0.335449 0.0107422 0.0107422 0.000947952
13 0.79541 0.60498 0.0517578 0.0244141 0.000948429
5 0.216797 0.589844 0.179688 0.185547 0.000953674
11 0.772949 0.612305 0.110352 0.0371094 0.000957012
7 0.77002 0.615723 0.106445 0.0380859 0.000967026
13 0.798828 0.620117 0.107422 0.0410156 0.000976562
11 0.580078 0.241211 0.0722656 0.0136719 0.00100803
7 0.853027 0.726074 0.0146484 0.0126953 0.00103474
8 0.391113 0.334473 0.0400391 0.0380859 0.00104809
3 0.537109 0.394043 0.109375 0.0966797 0.00110054
0 0.550293 0.647949 0.405273 0.12793 0.00111771
8 0.147949 0.686523 0.0224609 0.0117188 0.00120544
2 0.853027 0.726074 0.0166016 0.0126953 0.00125504
10 0.074707 0.78125 0.0341797 0.0390625 0.00125599
11 0.588379 0.24707 0.0966797 0.0214844 0.0012989
9 0.550293 0.64502 0.407227 0.133789 0.00137329
11 0.361328 0.255371 0.0957031 0.0283203 0.00166321
0 0.511719 0.418457 0.169922 0.15332 0.0017662
11 0.250977 0.270996 0.0625 0.0400391 0.00183678
11 0.0751953 0.783203 0.03125 0.0371094 0.00190926
8 0.852539 0.726562 0.0234375 0.0273438 0.00194263
11 0.69043 0.263672 0.0839844 0.0390625 0.00237846
3 0.55127 0.619141 0.43457 0.265625 0.00266266
11 0.576172 0.254395 0.0917969 0.0283203 0.00295067
8 0.20166 0.449219 0.0185547 0.015625 0.00304985
13 0.775391 0.616699 0.126953 0.0908203 0.00314522
9 0.852539 0.726074 0.0175781 0.0126953 0.00357056
13 0.1875 0.647949 0.103516 0.0478516 0.00456619
8 0.28125 0.631348 0.0273438 0.0224609 0.00512314
13 0.734863 0.616699 0.0498047 0.0224609 0.00516129
8 0.143555 0.685059 0.0117188 0.00878906 0.00834656
13 0.8125 0.599609 0.0546875 0.0234375 0.00839996
13 0.160645 0.636719 0.0654297 0.0371094 0.00871277
13 0.743652 0.616699 0.0927734 0.0263672 0.00977325
13 0.79248 0.604004 0.0908203 0.0341797 0.0351562
8 0.852539 0.726074 0.0175781 0.0126953 0.0752563
13 0.772949 0.612305 0.110352 0.0371094 0.173096
0 0.537109 0.394043 0.109375 0.0966797 0.350342
3 0.550781 0.645508 0.410156 0.125 0.398926
