0 0.983398 0.553223 0.0332031 0.235352 0.000104189
0 0.510254 0.263184 0.313477 0.206055 0.000104725
8 0.39209 0.588867 0.0595703 0.0429688 0.0001055
10 0.184082 0.745605 0.313477 0.168945 0.000106037
10 0.81543 0.981934 0.359375 0.0361328 0.000106752
8 0.15918 0.313965 0.0644531 0.0595703 0.000106812
9 0.11377 0.626465 0.0322266 0.0361328 0.00010711
11 0.602051 0.25293 0.0791016 0.0761719 0.000107348
0 0.452637 0.504883 0.286133 0.505859 0.000107884
8 0.813965 0.685547 0.336914 0.21875 0.00010854
2 0.415527 0.588867 0.0498047 0.0390625 0.000110328
0 0.394531 0.605957 0.138672 0.235352 0.000110388
8 0.771484 0.125 0.457031 0.25 0.000110745
2 0.38623 0.530762 0.100586 0.108398 0.000112057
3 0.34668 0.831543 0.568359 0.307617 0.000112712
0 0.8125 0.611328 0.308594 0.318359 0.000113606
7 0.17627 0.958984 0.34668 0.078125 0.00011456
11 0.742188 0.186035 0.306641 0.0986328 0.000115097
13 0.591309 0.228027 0.0869141 0.0947266 0.000115395
5 0.911133 0.559082 0.162109 0.34668 0.000115812
11 0.875 0.700684 0.177734 0.139648 0.000117064
3 0.385742 0.637695 0.132812 0.197266 0.000117183
6 0.526855 0.315918 0.254883 0.149414 0.000117421
1 0.78418 0.451172 0.427734 0.667969 0.000117481
9 0.555176 0.23584 0.217773 0.208008 0.00011754
7 0.374512 0.610352 0.0966797 0.117188 0.0001176
13 0.293945 0.25293 0.298828 0.181641 0.000117958
11 0.31543 0.183105 0.320312 0.116211 0.000118196
10 0.96875 0.842285 0.0625 0.194336 0.000118911
3 0.59668 0.676758 0.291016 0.148438 0.00012064
9 0.945801 0.778809 0.102539 0.15332 0.000120938
11 0.602539 0.278809 0.191406 0.165039 0.000121653
13 0.433105 0.249512 0.0595703 0.120117 0.00012219
12 0.8125 0.611328 0.308594 0.318359 0.000122786
8 0.388672 0.516602 0.111328 0.185547 0.000122786
9 0.250488 0.610352 0.0224609 0.0195312 0.00012362
8 0.78418 0.451172 0.427734 0.667969 0.000124574
10 0.977539 0.796875 0.0449219 0.119141 0.000125885
9 0.533203 0.416016 0.298828 0.25 0.000126004
7 0.893555 0.652832 0.134766 0.188477 0.000127435
13 0.678223 0.370605 0.141602 0.161133 0.000127792
12 0.771484 0.125 0.457031 0.25 0.000133038
10 0.979492 0.700195 0.0410156 0.152344 0.000133395
2 0.771484 0.125 0.457031 0.25 0.000133634
10 0.0307617 0.966309 0.0615234 0.0673828 0.000133634
4 0.518555 0.343262 0.273438 0.21582 0.000134349
9 0.679688 0.603516 0.0996094 0.232422 0.000135183
2 0.623535 0.304199 0.133789 0.149414 0.000135303
11 0.958984 0.970703 0.0820312 0.0566406 0.000135779
13 0.380371 0.609863 0.106445 0.116211 0.000136733
6 0.218262 0.583008 0.145508 0.0996094 0.00013721
13 0.218262 0.583008 0.145508 0.0996094 0.000137329
7 0.518555 0.320312 0.28125 0.199219 0.000137568
11 0.606445 0.258301 0.105469 0.137695 0.000137806
0 0.785156 0.467773 0.417969 0.599609 0.000138164
8 0.854004 0.488281 0.0166016 0.0136719 0.000139952
9 0.137695 0.498535 0.275391 0.532227 0.000141025
11 0.341797 0.15332 0.0722656 0.015625 0.000141263
9 0.771484 0.759766 0.357422 0.142578 0.000142932
10 0.933105 0.981934 0.133789 0.0361328 0.000144482
10 0.893066 0.869629 0.213867 0.260742 0.000145197
0 0.911133 0.925781 0.177734 0.148438 0.000145674
13 0.780762 0.300781 0.405273 0.257812 0.000145674
3 0.594238 0.300781 0.108398 0.113281 0.000145674
3 0.494141 0.604492 0.339844 0.287109 0.00014782
6 0.91748 0.728027 0.129883 0.12793 0.000148058
3 0.224609 0.964844 0.449219 0.0703125 0.000148177
5 0.850586 0.58252 0.224609 0.174805 0.000150084
13 0.220703 0.594238 0.302734 0.264648 0.000150323
9 0.884766 0.569824 0.214844 0.370117 0.0001508
9 0.377441 0.0942383 0.116211 0.0595703 0.000150919
11 0.0410156 0.985352 0.0820312 0.0292969 0.000153303
10 0.0180664 0.98877 0.0361328 0.0205078 0.000154495
9 0.205566 0.95752 0.393555 0.0810547 0.000156879
8 0.115723 0.628418 0.0595703 0.0556641 0.000158906
5 0.914551 0.727539 0.147461 0.154297 0.00015986
13 0.734863 0.645508 0.258789 0.205078 0.000159979
2 0.394531 0.583496 0.0273438 0.0244141 0.000165343
11 0.876465 0.749023 0.209961 0.142578 0.000167012
10 0.827148 0.960449 0.345703 0.0751953 0.000167727
5 0.588867 0.307617 0.119141 0.126953 0.000169277
2 0.404785 0.589355 0.0283203 0.0205078 0.000169635
11 0.952637 0.72998 0.0771484 0.129883 0.000169992
9 0.893555 0.807129 0.212891 0.165039 0.00017035
2 0.774414 0.447754 0.429688 0.666992 0.000170469
13 0.684082 0.388672 0.327148 0.40625 0.000170708
11 0.306641 0.164551 0.144531 0.0380859 0.000171661
10 0.0839844 0.966797 0.167969 0.0625 0.000175357
5 0.518555 0.343262 0.273438 0.21582 0.000175476
5 0.206543 0.779297 0.366211 0.220703 0.000175714
8 0.387695 0.650879 0.136719 0.198242 0.000176907
9 0.412109 0.585449 0.0527344 0.0380859 0.000180125
10 0.807129 0.797852 0.358398 0.162109 0.00018084
13 0.601074 0.341309 0.145508 0.217773 0.000181794
2 0.394043 0.519043 0.0693359 0.0654297 0.000181794
13 0.244141 0.649414 0.234375 0.0917969 0.000182033
13 0.246582 0.651367 0.157227 0.0546875 0.000183702
0 0.507324 0.483887 0.24707 0.198242 0.000184536
8 0.390137 0.580566 0.0263672 0.0205078 0.000186324
4 0.601562 0.304199 0.105469 0.133789 0.000189066
9 0.449707 0.640625 0.249023 0.253906 0.000190735
11 0.61084 0.165527 0.0830078 0.0400391 0.000195026
2 0.658203 0.626953 0.21875 0.21875 0.000196457
9 0.400879 0.584961 0.0283203 0.0234375 0.000196576
11 0.935547 0.760254 0.125 0.174805 0.000197649
7 0.237305 0.595703 0.181641 0.15625 0.000198126
12 0.518555 0.343262 0.273438 0.21582 0.000200987
0 0.976562 0.524414 0.046875 0.455078 0.000206709
11 0.780762 0.102051 0.43457 0.204102 0.000209212
1 0.914551 0.727539 0.147461 0.154297 0.000217199
5 0.238281 0.506348 0.322266 0.24707 0.00022018
8 0.670898 0.784668 0.0332031 0.0283203 0.000221848
13 0.597168 0.239746 0.0615234 0.0595703 0.000224829
10 0.518555 0.343262 0.273438 0.21582 0.000229001
9 0.246094 0.275879 0.400391 0.268555 0.000231028
10 0.832031 0.70752 0.320312 0.262695 0.000231624
2 0.606445 0.258301 0.105469 0.137695 0.00023222
5 0.379883 0.556641 0.148438 0.3125 0.000233889
13 0.398926 0.508301 0.161133 0.436523 0.000237107
2 0.38623 0.579102 0.133789 0.232422 0.00023973
10 0.964355 0.739746 0.0634766 0.155273 0.000240207
7 0.772949 0.6875 0.40332 0.222656 0.000243425
10 0.0644531 0.985352 0.128906 0.0292969 0.000243545
10 0.78418 0.451172 0.427734 0.667969 0.000244141
6 0.592285 0.301758 0.112305 0.115234 0.000248194
9 0.69873 0.559082 0.397461 0.397461 0.000248432
5 0.218262 0.581543 0.135742 0.0986328 0.000248671
0 0.60791 0.313965 0.262695 0.243164 0.000250816
10 0.943848 0.809082 0.102539 0.12793 0.000254154
9 0.504395 0.225586 0.329102 0.310547 0.000256062
2 0.411133 0.583008 0.0898438 0.0566406 0.000264168
13 0.606445 0.258301 0.105469 0.137695 0.000267506
10 0.183105 0.928711 0.366211 0.142578 0.000269175
10 0.958984 0.970703 0.0820312 0.0566406 0.000269651
7 0.78418 0.451172 0.427734 0.667969 0.000271082
11 0.0175781 0.984375 0.0351562 0.0292969 0.00027585
4 0.890625 0.722656 0.183594 0.134766 0.000276804
2 0.400879 0.581543 0.114258 0.114258 0.000279427
3 0.206055 0.60498 0.279297 0.24707 0.000279903
5 0.234375 0.587402 0.0488281 0.0400391 0.000290871
11 0.240234 0.455566 0.419922 0.643555 0.000296116
11 0.959961 0.78418 0.0488281 0.0917969 0.000305653
6 0.768555 0.605957 0.367188 0.305664 0.000308037
1 0.526855 0.315918 0.254883 0.149414 0.000308514
13 0.658691 0.30957 0.211914 0.240234 0.00030899
10 0.0288086 0.984375 0.0576172 0.0292969 0.000313282
9 0.413574 0.265137 0.15332 0.21582 0.000318289
13 0.602539 0.278809 0.191406 0.165039 0.000320673
2 0.400391 0.58252 0.0507812 0.0361328 0.000322342
9 0.355469 0.495117 0.246094 0.486328 0.000323296
9 0.763672 0.70166 0.351562 0.163086 0.00032568
13 0.768555 0.616699 0.388672 0.307617 0.000325918
5 0.805664 0.660156 0.224609 0.169922 0.000325918
8 0.235352 0.59082 0.0683594 0.0527344 0.000327826
2 0.380371 0.609863 0.106445 0.116211 0.000337601
9 0.780273 0.30957 0.404297 0.316406 0.000338316
9 0.578125 0.291504 0.162109 0.168945 0.000350952
12 0.594238 0.300781 0.108398 0.113281 0.000350952
9 0.658203 0.626953 0.21875 0.21875 0.00036335
9 0.92041 0.729492 0.129883 0.134766 0.00036788
9 0.592285 0.247559 0.0771484 0.0654297 0.000369549
7 0.594238 0.298828 0.108398 0.105469 0.00037384
3 0.520508 0.325684 0.287109 0.19043 0.00037694
13 0.208496 0.353516 0.0986328 0.105469 0.000378847
8 0.526855 0.315918 0.254883 0.149414 0.000380278
4 0.240234 0.455566 0.419922 0.643555 0.000381231
13 0.316406 0.352051 0.1875 0.15918 0.000381708
5 0.137695 0.498535 0.275391 0.532227 0.000384092
0 0.251465 0.45752 0.407227 0.643555 0.000390768
10 0.982422 0.970703 0.0351562 0.0566406 0.000392675
12 0.78418 0.451172 0.427734 0.667969 0.000394821
11 0.80127 0.208496 0.163086 0.112305 0.00039506
0 0.950684 0.336426 0.0986328 0.235352 0.000395298
8 0.412109 0.585449 0.0527344 0.0380859 0.000397444
10 0.207031 0.876465 0.412109 0.229492 0.000399828
11 0.982422 0.970703 0.0351562 0.0566406 0.000403404
8 0.251465 0.45752 0.407227 0.643555 0.000406027
11 0.740234 0.183594 0.166016 0.078125 0.000407219
1 0.240234 0.455566 0.419922 0.643555 0.000408888
3 0.595215 0.566406 0.481445 0.404297 0.000409842
8 0.85498 0.577148 0.0185547 0.0136719 0.000411749
11 0.352051 0.167969 0.19043 0.0507812 0.000418663
13 0.220703 0.608887 0.228516 0.157227 0.000424623
6 0.220703 0.594238 0.302734 0.264648 0.000425577
10 0.875 0.700684 0.177734 0.139648 0.000428438
8 0.402344 0.588379 0.0234375 0.0205078 0.000430346
7 0.861328 0.745117 0.25 0.144531 0.000443459
3 0.607422 0.736328 0.486328 0.210938 0.000464916
2 0.378418 0.509766 0.0419922 0.0390625 0.000466108
0 0.0561523 0.461914 0.112305 0.259766 0.000476122
3 0.785156 0.467773 0.417969 0.599609 0.000479698
2 0.251465 0.45752 0.407227 0.643555 0.000482082
5 0.355469 0.495117 0.246094 0.486328 0.000485182
1 0.601562 0.304199 0.105469 0.133789 0.000488281
9 0.208008 0.818848 0.400391 0.305664 0.000497341
7 0.936523 0.751953 0.09375 0.105469 0.000502586
13 0.231445 0.36377 0.193359 0.143555 0.000507355
5 0.302246 0.640625 0.303711 0.234375 0.000513554
8 0.234375 0.591309 0.0273438 0.0224609 0.000514507
6 0.222656 0.595703 0.201172 0.166016 0.000519276
9 0.512207 0.0786133 0.518555 0.147461 0.00052166
11 0.697754 0.17041 0.192383 0.0556641 0.000525475
3 0.802246 0.641602 0.342773 0.25 0.000525951
8 0.251953 0.606445 0.0390625 0.0195312 0.000527859
9 0.220215 0.60791 0.209961 0.149414 0.000528812
13 0.253906 0.330566 0.333984 0.223633 0.000528812
9 0.606445 0.258301 0.105469 0.137695 0.000546932
9 0.206055 0.736328 0.333984 0.148438 0.000551701
0 0.598145 0.385742 0.18457 0.275391 0.000557423
8 0.378906 0.510254 0.0390625 0.0380859 0.000567436
2 0.526855 0.315918 0.254883 0.149414 0.000571251
0 0.508789 0.397461 0.21875 0.150391 0.000598431
8 0.233887 0.596191 0.143555 0.120117 0.000618458
5 0.172363 0.64502 0.22168 0.178711 0.000619411
5 0.246094 0.275879 0.400391 0.268555 0.000631332
11 0.911621 0.724121 0.129883 0.120117 0.000637054
8 0.374512 0.610352 0.0966797 0.117188 0.00067234
8 0.398438 0.583984 0.0390625 0.0292969 0.000700474
13 0.850586 0.687988 0.232422 0.170898 0.000717163
3 0.51123 0.0625 0.538086 0.119141 0.000739098
13 0.774414 0.447754 0.429688 0.666992 0.000749111
9 0.220703 0.594238 0.302734 0.264648 0.000752449
9 0.503418 0.500977 0.31543 0.480469 0.000763416
8 0.246094 0.611816 0.0839844 0.0361328 0.000792503
6 0.774414 0.447754 0.429688 0.666992 0.000793457
9 0.505859 0.0927734 0.046875 0.0410156 0.000803947
10 0.240234 0.455566 0.419922 0.643555 0.000803947
5 0.72168 0.625977 0.283203 0.244141 0.000811577
9 0.510254 0.151367 0.0419922 0.0527344 0.000823498
6 0.858398 0.66748 0.242188 0.219727 0.000850677
9 0.374512 0.610352 0.0966797 0.117188 0.000893116
10 0.912109 0.783203 0.160156 0.136719 0.000898838
11 0.350098 0.150879 0.131836 0.0205078 0.000905514
10 0.208496 0.980469 0.379883 0.0390625 0.000914574
7 0.598145 0.662109 0.553711 0.189453 0.000954628
7 0.240234 0.455566 0.419922 0.643555 0.000964165
0 0.57666 0.458008 0.444336 0.375 0.00101376
6 0.598145 0.662109 0.553711 0.189453 0.00101566
11 0.526855 0.315918 0.254883 0.149414 0.00102139
7 0.850586 0.687988 0.232422 0.170898 0.00104237
9 0.848145 0.729004 0.25293 0.131836 0.00104237
5 0.757324 0.306641 0.391602 0.3125 0.00105858
13 0.598145 0.662109 0.553711 0.189453 0.0010767
11 0.598145 0.662109 0.553711 0.189453 0.0010767
1 0.598145 0.662109 0.553711 0.189453 0.0011282
12 0.598145 0.662109 0.553711 0.189453 0.00114632
3 0.251465 0.45752 0.407227 0.643555 0.00114918
4 0.598145 0.662109 0.553711 0.189453 0.00121021
10 0.958008 0.780273 0.0683594 0.101562 0.00122833
2 0.598145 0.662109 0.553711 0.189453 0.00124836
9 0.518555 0.320312 0.28125 0.199219 0.0012579
11 0.594238 0.298828 0.108398 0.105469 0.00127506
8 0.598145 0.662109 0.553711 0.189453 0.00128841
13 0.897461 0.700684 0.130859 0.131836 0.00132656
9 0.825195 0.643555 0.283203 0.25 0.00141144
5 0.84375 0.711914 0.291016 0.183594 0.00142479
12 0.251465 0.45752 0.407227 0.643555 0.0014267
8 0.916016 0.522461 0.0351562 0.0332031 0.00145912
11 0.943359 0.768066 0.0800781 0.0986328 0.00148201
13 0.526855 0.315918 0.254883 0.149414 0.0014925
11 0.666992 0.161133 0.171875 0.03125 0.00162983
11 0.785645 0.19873 0.108398 0.0751953 0.00170708
5 0.598145 0.662109 0.553711 0.189453 0.00178623
10 0.598145 0.662109 0.553711 0.189453 0.00179291
8 0.11377 0.626465 0.0322266 0.0361328 0.00182152
13 0.251465 0.45752 0.407227 0.643555 0.00183964
9 0.394531 0.605957 0.138672 0.235352 0.00192547
0 0.598145 0.662109 0.553711 0.189453 0.00196075
9 0.893555 0.690918 0.140625 0.145508 0.00201035
10 0.826172 0.748047 0.306641 0.121094 0.00218773
11 0.338379 0.158203 0.139648 0.0234375 0.00221634
5 0.209473 0.69043 0.321289 0.189453 0.00222588
9 0.78418 0.451172 0.427734 0.667969 0.00236702
6 0.251465 0.45752 0.407227 0.643555 0.00279236
10 0.17627 0.958984 0.34668 0.078125 0.00280952
10 0.936523 0.751953 0.09375 0.105469 0.00305939
9 0.598145 0.662109 0.553711 0.189453 0.003088
13 0.658203 0.626953 0.21875 0.21875 0.00324249
6 0.895508 0.690918 0.142578 0.145508 0.0032711
11 0.763184 0.182129 0.0830078 0.0673828 0.00435257
9 0.594238 0.297363 0.108398 0.104492 0.00456619
7 0.901367 0.712402 0.150391 0.141602 0.00457001
13 0.680664 0.616699 0.101562 0.22168 0.00459671
8 0.250488 0.610352 0.0224609 0.0195312 0.004879
9 0.251465 0.45752 0.407227 0.643555 0.00510025
8 0.594238 0.298828 0.108398 0.105469 0.00537491
13 0.594238 0.300781 0.108398 0.113281 0.0057106
0 0.520508 0.415039 0.300781 0.246094 0.00708008
10 0.914551 0.727539 0.147461 0.154297 0.00841522
5 0.223145 0.591797 0.19043 0.167969 0.0120239
5 0.895508 0.682617 0.125 0.15625 0.0133057
5 0.220703 0.594238 0.302734 0.264648 0.0250854
5 0.8125 0.611328 0.308594 0.318359 0.0255432
5 0.785156 0.467773 0.417969 0.599609 0.0328369
2 0.594238 0.297363 0.108398 0.104492 0.0331726
5 0.871094 0.655273 0.201172 0.226562 0.0430908
0 0.584473 0.309082 0.129883 0.133789 0.0543518
0 0.522461 0.324219 0.269531 0.167969 0.0632935
5 0.241699 0.45459 0.374023 0.56543 0.0841675
3 0.597656 0.667969 0.542969 0.185547 0.469238
