9 0.612305 0.916992 0.384766 0.166016 0.000100076
10 0.594727 0.433105 0.253906 0.30957 0.000101745
7 0.854004 0.662109 0.0908203 0.169922 0.000104189
13 0.731445 0.614746 0.240234 0.176758 0.000104427
0 0.552734 0.333496 0.148438 0.116211 0.000104487
3 0.646484 0.654297 0.240234 0.134766 0.000104547
8 0.396484 0.400391 0.0117188 0.0117188 0.000105441
9 0.76416 0.756836 0.336914 0.193359 0.000105858
13 0.795898 0.241699 0.408203 0.483398 0.000106573
7 0.629395 0.221191 0.0810547 0.0830078 0.000107229
1 0.848145 0.651367 0.0693359 0.103516 0.000107467
11 0.64502 0.169434 0.0498047 0.0224609 0.000107646
0 0.244629 0.805664 0.489258 0.388672 0.000107765
10 0.818359 0.654785 0.136719 0.137695 0.000107884
11 0.518066 0.312012 0.125977 0.208008 0.000111222
9 0.822266 0.700195 0.148438 0.103516 0.000111341
11 0.870605 0.662598 0.0458984 0.0966797 0.000111759
9 0.438965 0.0712891 0.0595703 0.0351562 0.00011301
11 0.500488 0.191406 0.0517578 0.0253906 0.000113606
11 0.219727 0.487305 0.439453 0.46875 0.000114262
2 0.219727 0.487305 0.439453 0.46875 0.000115216
9 0.860352 0.696777 0.0625 0.0966797 0.000118554
9 0.672363 0.518066 0.208008 0.272461 0.000119209
2 0.547852 0.387207 0.0546875 0.0439453 0.000123262
9 0.574219 0.919434 0.175781 0.161133 0.000123501
9 0.673828 0.52832 0.0878906 0.0996094 0.000123978
11 0.458496 0.206543 0.110352 0.0439453 0.000127077
5 0.380371 0.608398 0.180664 0.148438 0.000127316
9 0.562988 0.64209 0.192383 0.196289 0.000130415
9 0.665527 0.439941 0.165039 0.141602 0.000131965
9 0.750977 0.330566 0.0546875 0.0439453 0.000131965
3 0.249023 0.130371 0.460938 0.202148 0.000132561
13 0.379883 0.386719 0.0371094 0.03125 0.000134349
5 0.594727 0.433105 0.253906 0.30957 0.000134587
2 0.546387 0.333008 0.0458984 0.0429688 0.000135064
9 0.297852 0.209961 0.595703 0.380859 0.000135303
9 0.729004 0.415039 0.188477 0.285156 0.000138879
10 0.844727 0.718262 0.142578 0.182617 0.000139117
0 0.174805 0.464844 0.349609 0.597656 0.000140071
9 0.5625 0.225586 0.167969 0.257812 0.000141501
3 0.202637 0.569336 0.405273 0.685547 0.000143051
9 0.373535 0.637695 0.196289 0.150391 0.000148416
5 0.184082 0.111816 0.344727 0.198242 0.000149846
13 0.326172 0.496094 0.03125 0.0234375 0.000150084
13 0.683594 0.356934 0.154297 0.204102 0.000151157
6 0.805664 0.628906 0.166016 0.175781 0.000151396
9 0.459961 0.829102 0.410156 0.337891 0.000153661
8 0.319336 0.555176 0.0253906 0.0302734 0.000154138
9 0.814941 0.655762 0.147461 0.135742 0.000156522
8 0.574219 0.158203 0.0273438 0.0351562 0.000157475
2 0.656738 0.546387 0.364258 0.356445 0.000158548
11 0.633301 0.197266 0.0498047 0.0351562 0.000159502
8 0.649414 0.224609 0.0214844 0.0234375 0.000159502
5 0.373535 0.450684 0.125977 0.188477 0.000163198
4 0.850098 0.660645 0.0654297 0.0986328 0.000163794
0 0.190918 0.763184 0.0810547 0.102539 0.000164628
9 0.755859 0.619141 0.246094 0.214844 0.000167131
9 0.383301 0.766602 0.235352 0.220703 0.000171065
5 0.103027 0.784668 0.206055 0.385742 0.000174642
8 0.730957 0.279297 0.0107422 0.00976562 0.000175595
9 0.554199 0.708984 0.145508 0.253906 0.00017643
9 0.599609 0.12793 0.0957031 0.154297 0.000177383
3 0.947754 0.691895 0.104492 0.325195 0.000179052
3 0.195312 0.328613 0.390625 0.323242 0.000182748
11 0.409668 0.230957 0.0576172 0.0556641 0.000182986
5 0.765625 0.404297 0.136719 0.251953 0.000183344
5 0.708984 0.371582 0.177734 0.22168 0.000185251
2 0.681152 0.35498 0.0498047 0.0556641 0.000185966
8 0.312988 0.545898 0.0126953 0.0117188 0.000190616
9 0.72168 0.0532227 0.0527344 0.0361328 0.000190973
9 0.515137 0.442871 0.116211 0.348633 0.000191808
11 0.683105 0.180176 0.100586 0.0283203 0.000195503
5 0.851074 0.660645 0.0576172 0.0947266 0.000196457
7 0.86377 0.682617 0.0537109 0.0996094 0.000203013
11 0.492676 0.184082 0.0712891 0.0244141 0.000204802
11 0.509277 0.234863 0.0595703 0.120117 0.000205994
10 0.875 0.739258 0.0800781 0.113281 0.00020957
5 0.772461 0.552246 0.189453 0.301758 0.000214577
5 0.806152 0.628906 0.15918 0.175781 0.00022316
5 0.509766 0.296387 0.0703125 0.18457 0.00022459
11 0.722168 0.199707 0.0791016 0.0478516 0.000225186
9 0.563965 0.544922 0.19043 0.232422 0.000237703
9 0.65332 0.296387 0.0878906 0.0791016 0.000239015
0 0.665527 0.439941 0.165039 0.141602 0.000240684
12 0.177246 0.499023 0.354492 0.546875 0.000241995
10 0.375977 0.766113 0.230469 0.223633 0.000242352
8 0.74707 0.328125 0.0410156 0.0351562 0.000242472
9 0.663086 0.371582 0.123047 0.227539 0.000244617
11 0.327148 0.495117 0.0292969 0.0253906 0.00024581
13 0.818359 0.654785 0.136719 0.137695 0.000251532
11 0.638184 0.205566 0.0751953 0.0595703 0.000251532
2 0.329102 0.493652 0.0292969 0.0244141 0.000256777
12 0.509277 0.294922 0.0634766 0.179688 0.000262499
9 0.596191 0.129883 0.161133 0.212891 0.000262737
9 0.599609 0.199219 0.078125 0.138672 0.000263691
0 0.508789 0.288086 0.0703125 0.177734 0.000274181
11 0.874023 0.731445 0.0566406 0.0839844 0.000286341
11 0.664551 0.191406 0.112305 0.0449219 0.000291824
8 0.518066 0.312012 0.125977 0.208008 0.000294685
7 0.327637 0.491211 0.0302734 0.0292969 0.00030303
5 0.404785 0.450195 0.223633 0.425781 0.000312567
9 0.374023 0.518066 0.15625 0.27832 0.00031352
3 0.126953 0.722656 0.253906 0.277344 0.000318289
10 0.875977 0.720215 0.0488281 0.0751953 0.000318527
0 0.672852 0.363281 0.125 0.212891 0.000329971
10 0.856445 0.682129 0.0996094 0.129883 0.000335217
11 0.649902 0.175293 0.0751953 0.0322266 0.000344515
3 0.671387 0.701172 0.43457 0.289062 0.000352144
2 0.508789 0.288086 0.0703125 0.177734 0.000357389
9 0.771973 0.689941 0.24707 0.15332 0.000366449
0 0.658691 0.661621 0.399414 0.143555 0.000370502
9 0.736816 0.484863 0.266602 0.458008 0.000371456
11 0.856445 0.682129 0.0996094 0.129883 0.000375509
11 0.480957 0.194824 0.0927734 0.0380859 0.000377178
2 0.592285 0.367676 0.241211 0.231445 0.000380516
3 0.59668 0.409668 0.279297 0.280273 0.000382423
13 0.509766 0.279785 0.0625 0.168945 0.000383854
9 0.508789 0.275391 0.0546875 0.0800781 0.000384331
11 0.461426 0.196289 0.0634766 0.0234375 0.00039053
5 0.734863 0.460449 0.258789 0.444336 0.000420094
4 0.64209 0.321777 0.124023 0.129883 0.000424862
9 0.586426 0.144043 0.0634766 0.0947266 0.000424862
9 0.540039 0.250977 0.103516 0.152344 0.000436783
7 0.814941 0.655762 0.147461 0.135742 0.000438929
11 0.50293 0.202637 0.0546875 0.0341797 0.000450611
9 0.480469 0.00878906 0.0175781 0.0175781 0.000452042
0 0.567383 0.445312 0.1875 0.162109 0.000480413
7 0.508789 0.269043 0.0566406 0.0830078 0.000498295
7 0.515137 0.23291 0.0615234 0.108398 0.000539303
0 0.583008 0.535156 0.230469 0.294922 0.000540257
7 0.645508 0.320312 0.115234 0.125 0.000542641
10 0.645508 0.320312 0.115234 0.125 0.000577927
6 0.850098 0.660645 0.0654297 0.0986328 0.000600338
3 0.578613 0.598633 0.288086 0.224609 0.00063324
11 0.484375 0.191406 0.0742188 0.015625 0.000654221
12 0.64209 0.321777 0.124023 0.129883 0.000657558
5 0.645508 0.320312 0.115234 0.125 0.000669479
6 0.64209 0.321777 0.124023 0.129883 0.000680923
7 0.514648 0.326172 0.0957031 0.21875 0.000700951
9 0.574707 0.826172 0.18457 0.300781 0.000794411
1 0.64209 0.321777 0.124023 0.129883 0.000798702
9 0.662109 0.647949 0.396484 0.141602 0.000801563
7 0.591797 0.338867 0.236328 0.181641 0.000803471
10 0.865234 0.69873 0.0546875 0.104492 0.000842094
1 0.509277 0.294922 0.0634766 0.179688 0.000848293
11 0.703125 0.19043 0.0839844 0.0292969 0.000854015
9 0.594727 0.433105 0.253906 0.30957 0.0008564
9 0.584473 0.158691 0.0537109 0.0439453 0.0008564
7 0.660645 0.618164 0.405273 0.167969 0.000860691
0 0.518066 0.312012 0.125977 0.208008 0.000864029
6 0.592285 0.33252 0.231445 0.168945 0.000905514
11 0.510742 0.297852 0.0644531 0.181641 0.000951767
11 0.660645 0.618164 0.405273 0.167969 0.00097847
6 0.509766 0.296387 0.0703125 0.18457 0.000985146
0 0.567383 0.385742 0.181641 0.158203 0.000985146
9 0.32373 0.500488 0.0283203 0.0126953 0.00098896
6 0.660645 0.618164 0.405273 0.167969 0.000990868
1 0.660645 0.618164 0.405273 0.167969 0.000990868
12 0.660645 0.618164 0.405273 0.167969 0.00102139
12 0.591797 0.338867 0.236328 0.181641 0.00103378
9 0.378906 0.703125 0.214844 0.113281 0.00104713
10 0.510742 0.297852 0.0644531 0.181641 0.0010519
4 0.660645 0.618164 0.405273 0.167969 0.00105858
11 0.64209 0.321777 0.124023 0.129883 0.00107384
4 0.591797 0.338867 0.236328 0.181641 0.00107861
9 0.849609 0.653809 0.0703125 0.114258 0.00109959
8 0.326172 0.496094 0.03125 0.0234375 0.00110912
2 0.660645 0.618164 0.405273 0.167969 0.00112247
1 0.591797 0.338867 0.236328 0.181641 0.00116158
2 0.671875 0.350586 0.105469 0.183594 0.00118542
3 0.274902 0.209961 0.549805 0.382812 0.00120163
11 0.869141 0.703125 0.046875 0.0878906 0.00121212
8 0.657227 0.583984 0.412109 0.255859 0.00122166
0 0.59082 0.288574 0.228516 0.110352 0.00125027
9 0.51416 0.240234 0.0615234 0.123047 0.00125122
0 0.664062 0.404297 0.205078 0.28125 0.00130939
11 0.591797 0.338867 0.236328 0.181641 0.00130939
13 0.657227 0.583984 0.412109 0.255859 0.00131893
11 0.32373 0.500488 0.0283203 0.0126953 0.00133801
13 0.850098 0.660645 0.0654297 0.100586 0.00140953
5 0.591797 0.339844 0.236328 0.167969 0.00156021
3 0.652832 0.537109 0.395508 0.326172 0.00165558
8 0.646484 0.314941 0.109375 0.114258 0.00170803
5 0.657227 0.583984 0.412109 0.255859 0.00172901
10 0.660645 0.618164 0.405273 0.167969 0.00176716
0 0.652344 0.443359 0.355469 0.435547 0.00178146
10 0.591797 0.338867 0.236328 0.181641 0.00178337
8 0.594727 0.335938 0.232422 0.162109 0.00199509
11 0.663574 0.187988 0.0791016 0.0263672 0.00211334
9 0.327637 0.495117 0.0302734 0.0253906 0.00214767
3 0.641602 0.323242 0.125 0.132812 0.0021801
13 0.594727 0.339355 0.230469 0.172852 0.00221825
5 0.371582 0.541992 0.157227 0.234375 0.00231743
9 0.574219 0.157715 0.0273438 0.0322266 0.002388
11 0.854004 0.652832 0.0576172 0.0966797 0.00247192
4 0.509766 0.296387 0.0703125 0.18457 0.0026741
9 0.64209 0.321777 0.124023 0.129883 0.00271034
10 0.854004 0.652832 0.0576172 0.0966797 0.00273132
11 0.422363 0.216797 0.0634766 0.0527344 0.00274086
9 0.518066 0.312012 0.125977 0.208008 0.00277328
7 0.850098 0.660645 0.0654297 0.0986328 0.00326538
11 0.485352 0.197754 0.0761719 0.0185547 0.00328064
9 0.655273 0.572754 0.390625 0.250977 0.00333214
2 0.607422 0.317383 0.193359 0.126953 0.00337219
9 0.591797 0.338867 0.236328 0.181641 0.00346947
8 0.510742 0.295898 0.0644531 0.1875 0.0036335
13 0.64209 0.321777 0.124023 0.129883 0.00447845
11 0.649902 0.194336 0.0595703 0.0253906 0.00640488
2 0.652344 0.304688 0.0976562 0.0957031 0.0070076
0 0.59082 0.431641 0.255859 0.277344 0.0138702
9 0.510742 0.295898 0.0644531 0.1875 0.021347
7 0.509766 0.279785 0.0625 0.168945 0.0312805
0 0.646973 0.299316 0.0986328 0.0849609 0.0329285
0 0.65625 0.587402 0.40625 0.227539 0.0504456
3 0.594727 0.335938 0.232422 0.162109 0.105896
0 0.641113 0.330078 0.131836 0.144531 0.431641
0 0.589355 0.339355 0.24707 0.180664 0.555664
3 0.660645 0.630371 0.399414 0.139648 0.599121
