9 0.405762 0.582031 0.196289 0.214844 0.000100076
13 0.35498 0.293945 0.0771484 0.105469 0.000101388
9 0.408203 0.226074 0.09375 0.217773 0.000101805
11 0.148438 0.983398 0.195312 0.0332031 0.000102878
11 0.880859 0.607422 0.0898438 0.119141 0.00010556
0 0.950684 0.878906 0.0986328 0.242188 0.000105858
9 0.129883 0.0825195 0.0078125 0.0244141 0.000106514
13 0.833008 0.148926 0.255859 0.233398 0.000108778
9 0.111328 0.0996094 0.0820312 0.0546875 0.00011009
11 0.642578 0.165527 0.09375 0.0244141 0.000111222
11 0.373535 0.111816 0.0888672 0.0341797 0.000111282
7 0.753418 0.464355 0.266602 0.233398 0.000111282
9 0.878906 0.584961 0.0761719 0.0917969 0.000111639
6 0.824707 0.196289 0.350586 0.392578 0.000111818
9 0.657227 0.47168 0.259766 0.234375 0.000113606
8 0.638184 0.474609 0.0244141 0.0234375 0.000113666
9 0.493652 0.28125 0.208008 0.136719 0.00011462
7 0.417969 0.360352 0.0800781 0.160156 0.000114918
9 0.838379 0.560059 0.131836 0.102539 0.000115514
1 0.499512 0.322754 0.245117 0.176758 0.000115931
10 0.560547 0.313477 0.121094 0.123047 0.000115991
8 0.334473 0.376465 0.0185547 0.0185547 0.00011605
9 0.634277 0.609863 0.147461 0.106445 0.000116467
11 0.885742 0.990234 0.0878906 0.0195312 0.000116706
3 0.222656 0.5 0.193359 0.130859 0.000117183
5 0.828125 0.579102 0.171875 0.121094 0.000117302
11 0.254395 0.195801 0.21582 0.192383 0.000117958
13 0.32959 0.470215 0.0771484 0.0537109 0.000118971
9 0.577148 0.985352 0.111328 0.0292969 0.00011903
9 0.655273 0.584473 0.318359 0.196289 0.000119448
10 0.880859 0.607422 0.0898438 0.119141 0.000119627
9 0.157715 0.078125 0.0205078 0.0214844 0.000120223
6 0.241211 0.438965 0.244141 0.25293 0.000120401
9 0.194824 0.172363 0.151367 0.161133 0.00012058
5 0.560547 0.313477 0.121094 0.123047 0.00012064
3 0.785156 0.304199 0.429688 0.586914 0.000121176
6 0.773438 0.556641 0.261719 0.130859 0.00012219
13 0.499512 0.322754 0.245117 0.176758 0.000125408
10 0.55127 0.529297 0.506836 0.265625 0.000127673
11 0.913574 0.994141 0.0400391 0.0117188 0.000127792
10 0.777832 0.585938 0.266602 0.111328 0.000128031
13 0.646484 0.501953 0.0664062 0.0996094 0.000129223
10 0.91748 0.991699 0.0419922 0.0166016 0.000130534
9 0.170898 0.951172 0.255859 0.09375 0.000131249
10 0.500977 0.333496 0.251953 0.178711 0.000131607
10 0.0620117 0.992676 0.0439453 0.0146484 0.000131726
7 0.560547 0.309082 0.119141 0.12207 0.000131965
9 0.15625 0.868164 0.0742188 0.0800781 0.000133157
5 0.50293 0.325684 0.244141 0.174805 0.000134468
9 0.533691 0.249512 0.0712891 0.0576172 0.000136733
9 0.128906 0.0820312 0.015625 0.0742188 0.000138044
12 0.499512 0.322754 0.245117 0.176758 0.00013864
5 0.833008 0.427734 0.193359 0.302734 0.000139594
11 0.499512 0.322754 0.245117 0.176758 0.000139832
7 0.703125 0.510254 0.181641 0.125977 0.00014019
11 0.0761719 0.990234 0.0664062 0.0175781 0.000141382
13 0.664062 0.469727 0.0996094 0.0800781 0.000143051
9 0.219727 0.984375 0.179688 0.03125 0.000143051
10 0.885742 0.990234 0.0878906 0.0195312 0.000145793
11 0.705078 0.130859 0.0683594 0.0410156 0.000148773
8 0.351562 0.217285 0.0273438 0.0224609 0.000151873
8 0.980957 0.423828 0.0341797 0.0390625 0.00015533
13 0.23584 0.149414 0.0966797 0.0859375 0.000157952
8 0.197754 0.378418 0.0107422 0.00878906 0.000161052
11 0.370117 0.173828 0.134766 0.152344 0.000162005
10 0.890625 0.589355 0.0546875 0.0927734 0.000163436
11 0.69873 0.149414 0.194336 0.0976562 0.000163913
9 0.1875 0.53125 0.125 0.0742188 0.000164747
5 0.225098 0.552246 0.229492 0.124023 0.000165105
9 0.128418 0.0864258 0.0556641 0.0869141 0.000165105
13 0.374023 0.216309 0.111328 0.18457 0.00016582
7 0.23877 0.147949 0.0849609 0.0810547 0.000166297
9 0.239746 0.146484 0.0849609 0.0800781 0.000167131
10 0.0883789 0.623535 0.0478516 0.0908203 0.000172853
5 0.700195 0.524902 0.21875 0.147461 0.00017345
9 0.133301 0.106445 0.0517578 0.0410156 0.000174046
11 0.560547 0.309082 0.119141 0.12207 0.000175476
9 0.130371 0.0869141 0.0947266 0.128906 0.000176787
5 0.836426 0.472168 0.12207 0.209961 0.000177026
11 0.23291 0.131348 0.124023 0.174805 0.000178814
9 0.404785 0.464844 0.133789 0.277344 0.000181198
13 0.345703 0.355957 0.0527344 0.0634766 0.000184178
7 0.819336 0.554688 0.162109 0.111328 0.000185132
9 0.165039 0.0844727 0.015625 0.0126953 0.000185132
0 0.551758 0.56543 0.511719 0.259766 0.000188589
9 0.220215 0.585938 0.266602 0.130859 0.0001899
11 0.18457 0.217773 0.123047 0.162109 0.000190139
0 0.571777 0.357422 0.163086 0.21875 0.000192881
0 0.530273 0.397949 0.244141 0.334961 0.000195026
8 0.561035 0.3125 0.116211 0.126953 0.00019753
5 0.836914 0.539062 0.119141 0.0996094 0.000198483
8 0.499512 0.322754 0.245117 0.176758 0.000198483
11 0.668457 0.130859 0.112305 0.0371094 0.000201225
10 0.736328 0.624512 0.34375 0.131836 0.000205278
11 0.752441 0.112793 0.0615234 0.0419922 0.000207901
13 0.152832 0.552734 0.102539 0.0644531 0.000210762
3 0.756836 0.478516 0.251953 0.224609 0.000211358
5 0.252441 0.513184 0.200195 0.0732422 0.000211835
9 0.225098 0.139648 0.188477 0.0898438 0.000213146
6 0.700195 0.524902 0.21875 0.147461 0.000217319
11 0.0888672 0.622559 0.0429688 0.0791016 0.000217319
5 0.78125 0.31543 0.4375 0.630859 0.000217915
1 0.23877 0.147949 0.0849609 0.0810547 0.000219822
2 0.551758 0.308594 0.134766 0.138672 0.000220299
9 0.473145 0.216309 0.174805 0.327148 0.000221848
6 0.732422 0.469727 0.300781 0.255859 0.000225902
8 0.703125 0.515625 0.0214844 0.0175781 0.00022769
11 0.890625 0.589355 0.0546875 0.0927734 0.000227928
13 0.560547 0.309082 0.119141 0.12207 0.000229478
0 0.480957 0.377441 0.206055 0.161133 0.000229716
10 0.234375 0.150391 0.0800781 0.0820312 0.000235915
4 0.551758 0.541504 0.478516 0.125977 0.000240326
7 0.239258 0.502441 0.208984 0.125977 0.000240564
3 0.498535 0.47168 0.350586 0.220703 0.00024271
6 0.551758 0.541504 0.478516 0.125977 0.000253916
6 0.817383 0.538574 0.144531 0.108398 0.000257492
9 0.165527 0.116211 0.239258 0.115234 0.00025773
9 0.248047 0.424316 0.25 0.291992 0.000259876
13 0.351562 0.250977 0.0878906 0.128906 0.000262499
9 0.221191 0.63623 0.333008 0.19043 0.000265837
10 0.0766602 0.986816 0.0712891 0.0263672 0.000268221
13 0.819336 0.553711 0.162109 0.111328 0.000272274
8 0.487305 0.702148 0.03125 0.0292969 0.000279903
9 0.820801 0.585938 0.194336 0.115234 0.000283718
2 0.584473 0.288086 0.0322266 0.0273438 0.000288963
9 0.387207 0.598145 0.12207 0.12793 0.000293016
8 0.551758 0.541504 0.478516 0.125977 0.000293493
2 0.505371 0.310547 0.245117 0.169922 0.000293732
11 0.210938 0.171875 0.0683594 0.0683594 0.000296116
11 0.698242 0.135742 0.123047 0.0683594 0.000296831
2 0.57373 0.293457 0.0810547 0.0830078 0.000299454
13 0.945801 0.110352 0.108398 0.0761719 0.000305891
11 0.383301 0.150391 0.0966797 0.0878906 0.000306129
10 0.212891 0.1875 0.138672 0.162109 0.000311375
1 0.551758 0.541504 0.478516 0.125977 0.000313282
7 0.551758 0.541504 0.478516 0.125977 0.000317097
13 0.750488 0.537598 0.28418 0.137695 0.000317097
7 0.366699 0.51709 0.118164 0.15332 0.000317574
3 0.560547 0.313477 0.121094 0.123047 0.000320435
9 0.575195 0.280273 0.0683594 0.0527344 0.000328064
9 0.552246 0.456543 0.448242 0.293945 0.000335932
11 0.770508 0.179688 0.09375 0.09375 0.000352144
5 0.168457 0.510254 0.104492 0.124023 0.000354052
9 0.671387 0.469727 0.100586 0.0800781 0.000356674
9 0.71582 0.405762 0.361328 0.387695 0.000362635
13 0.551758 0.541504 0.478516 0.125977 0.00036788
5 0.290039 0.493652 0.181641 0.139648 0.000371456
2 0.551758 0.541504 0.478516 0.125977 0.000373602
7 0.748047 0.589844 0.3125 0.111328 0.000390768
9 0.417969 0.360352 0.0800781 0.160156 0.00039196
9 0.771484 0.617676 0.302734 0.124023 0.00039506
8 0.573242 0.27832 0.0566406 0.046875 0.000395536
13 0.672363 0.506348 0.192383 0.166992 0.000399113
11 0.248535 0.140137 0.0634766 0.0615234 0.000400066
2 0.579102 0.277832 0.0332031 0.0380859 0.000404835
7 0.795898 0.51123 0.173828 0.139648 0.000406504
13 0.286621 0.475586 0.176758 0.166016 0.000408173
12 0.551758 0.541504 0.478516 0.125977 0.000413418
8 0.177246 0.550293 0.0146484 0.0126953 0.000433445
11 0.551758 0.541504 0.478516 0.125977 0.000438213
11 0.584961 0.122559 0.0585938 0.0361328 0.000440359
13 0.731934 0.463379 0.295898 0.264648 0.00044322
13 0.362793 0.52832 0.0908203 0.103516 0.000445604
11 0.614258 0.113281 0.0957031 0.03125 0.000446558
7 0.236816 0.524902 0.192383 0.0576172 0.000448227
8 0.166992 0.53125 0.0136719 0.00976562 0.000457764
8 0.789062 0.379883 0.0117188 0.00976562 0.000463247
10 0.138184 0.983398 0.18457 0.03125 0.00047493
11 0.601562 0.138184 0.0878906 0.0361328 0.000480175
11 0.632324 0.134277 0.0908203 0.0341797 0.000504971
10 0.168945 0.959473 0.251953 0.0771484 0.000504971
9 0.222656 0.5 0.193359 0.130859 0.000508308
9 0.756836 0.478516 0.251953 0.224609 0.000516891
10 0.55127 0.547363 0.477539 0.125977 0.000524998
11 0.275879 0.147461 0.208008 0.107422 0.000527382
13 0.151855 0.554199 0.0673828 0.0400391 0.000529766
0 0.57373 0.287109 0.0830078 0.0722656 0.000537872
11 0.305176 0.111816 0.0908203 0.0322266 0.000548363
9 0.765625 0.549805 0.269531 0.150391 0.000549793
9 0.684082 0.49707 0.137695 0.138672 0.00055933
5 0.551758 0.541504 0.478516 0.125977 0.00056076
11 0.90918 0.98584 0.046875 0.0283203 0.000578403
10 0.90918 0.98584 0.046875 0.0283203 0.000585079
9 0.485352 0.433105 0.220703 0.40332 0.000588417
13 0.185547 0.532227 0.121094 0.0703125 0.000588894
0 0.527344 0.282227 0.160156 0.126953 0.000603676
13 0.296875 0.492676 0.128906 0.100586 0.000609875
9 0.236816 0.525391 0.192383 0.0566406 0.000649452
11 0.731934 0.150879 0.0908203 0.0712891 0.000670433
11 0.399414 0.139648 0.0703125 0.0546875 0.00069046
13 0.824707 0.196289 0.350586 0.392578 0.000697136
9 0.363281 0.527344 0.0898438 0.0996094 0.000729561
11 0.634766 0.121094 0.0996094 0.0351562 0.000732422
11 0.669922 0.114258 0.0898438 0.0371094 0.000736713
5 0.758789 0.577148 0.310547 0.150391 0.000741005
11 0.277344 0.124512 0.0996094 0.0595703 0.000774384
6 0.225098 0.528809 0.176758 0.0654297 0.000861645
3 0.499512 0.322754 0.245117 0.176758 0.000915051
3 0.575195 0.585938 0.572266 0.125 0.000953197
7 0.750488 0.537598 0.28418 0.137695 0.000974178
11 0.570801 0.145508 0.0576172 0.0371094 0.00100803
9 0.560547 0.309082 0.119141 0.12207 0.0010128
9 0.795898 0.51123 0.173828 0.139648 0.00107002
6 0.239258 0.502441 0.208984 0.125977 0.00113487
9 0.375977 0.542969 0.126953 0.169922 0.00115871
11 0.387207 0.125488 0.0849609 0.0458984 0.00118923
11 0.206055 0.179688 0.109375 0.119141 0.00119972
6 0.774414 0.510254 0.224609 0.147461 0.00121784
0 0.550781 0.558594 0.484375 0.117188 0.00122452
9 0.556152 0.547363 0.485352 0.135742 0.00126457
13 0.795898 0.51123 0.173828 0.139648 0.00132465
13 0.673828 0.504395 0.109375 0.125977 0.00139046
13 0.231934 0.51123 0.206055 0.108398 0.00142956
9 0.500977 0.333496 0.251953 0.178711 0.00148678
11 0.319336 0.130371 0.207031 0.0673828 0.00150871
9 0.700195 0.524902 0.21875 0.147461 0.00171661
5 0.78125 0.535156 0.230469 0.128906 0.00177479
11 0.649902 0.109863 0.0810547 0.0244141 0.00179577
9 0.70752 0.586426 0.28418 0.120117 0.00180626
11 0.331055 0.118164 0.152344 0.0371094 0.00257301
11 0.25293 0.138184 0.103516 0.0908203 0.0027256
5 0.241211 0.438965 0.244141 0.25293 0.00298882
5 0.212402 0.529785 0.15332 0.0693359 0.00304985
5 0.716797 0.409668 0.339844 0.374023 0.00317192
9 0.130371 0.112793 0.0830078 0.0595703 0.00504684
5 0.803711 0.506348 0.144531 0.143555 0.00680542
3 0.55127 0.529297 0.506836 0.265625 0.00719833
11 0.754395 0.162109 0.0673828 0.0585938 0.00862885
13 0.237305 0.524414 0.189453 0.0527344 0.0117874
5 0.222656 0.5 0.193359 0.130859 0.0157166
5 0.770996 0.47168 0.227539 0.228516 0.0243073
11 0.22998 0.152832 0.0771484 0.0771484 0.0406494
0 0.499512 0.322754 0.245117 0.176758 0.0585632
0 0.561035 0.3125 0.116211 0.126953 0.0680542
3 0.549805 0.543945 0.480469 0.119141 0.49292
