11 0.67334 0.129395 0.0712891 0.0283203 0.000100434
8 0.288574 0.362793 0.0185547 0.0185547 0.000103831
13 0.82373 0.496582 0.0498047 0.0341797 0.000103891
13 0.445312 0.20752 0.0820312 0.110352 0.000103951
9 0.767578 0.39502 0.21875 0.327148 0.000104189
9 0.616211 0.413086 0.246094 0.318359 0.000104725
7 0.414062 0.222656 0.0410156 0.0390625 0.000105083
8 0.955078 0.269043 0.0175781 0.0185547 0.000105619
9 0.895996 0.586426 0.0341797 0.0517578 0.000105739
8 0.740723 0.431641 0.0244141 0.0214844 0.000106037
9 0.839844 0.500488 0.0117188 0.0107422 0.000106871
2 0.619629 0.29541 0.0244141 0.0263672 0.000107467
8 0.293945 0.366211 0.0292969 0.0273438 0.000108063
8 0.839844 0.5 0.0175781 0.015625 0.000109136
8 0.839355 0.434082 0.0166016 0.0126953 0.000109732
11 0.984375 0.00830078 0.0175781 0.0166016 0.000109732
2 0.615723 0.250488 0.0224609 0.0185547 0.00011003
5 0.331543 0.402832 0.188477 0.280273 0.000110209
0 0.956055 0.756836 0.0878906 0.333984 0.000110388
13 0.457031 0.445801 0.0644531 0.0927734 0.000110626
13 0.836914 0.5 0.0195312 0.015625 0.000114322
13 0.712891 0.254395 0.0683594 0.0693359 0.000115216
11 0.634277 0.124512 0.0498047 0.0146484 0.000116825
11 0.88916 0.572266 0.0380859 0.0546875 0.000118673
11 0.881836 0.586426 0.0664062 0.0693359 0.000121534
10 0.796875 0.96582 0.369141 0.0683594 0.000124216
13 0.83252 0.496094 0.0302734 0.0234375 0.000126004
13 0.820801 0.479492 0.0673828 0.0683594 0.0001266
11 0.657227 0.124512 0.0566406 0.0166016 0.000127435
13 0.396973 0.294434 0.0498047 0.0341797 0.000127912
0 0.820801 0.797852 0.354492 0.371094 0.000131249
11 0.477539 0.146973 0.0527344 0.0322266 0.000131369
11 0.757812 0.214844 0.0507812 0.0273438 0.000131845
10 0.196289 0.612305 0.0332031 0.0664062 0.000132442
13 0.662598 0.331543 0.0166016 0.0126953 0.000133753
11 0.635742 0.117676 0.0878906 0.0185547 0.00013423
13 0.84082 0.500977 0.00976562 0.00976562 0.000139475
5 0.808594 0.45752 0.0488281 0.0283203 0.000139952
3 0.45752 0.980469 0.432617 0.0371094 0.000143886
13 0.837402 0.0966797 0.31543 0.183594 0.000145316
8 0.677246 0.221191 0.0361328 0.0361328 0.000145793
8 0.664551 0.333984 0.0361328 0.03125 0.00014627
5 0.745605 0.365234 0.305664 0.402344 0.000146747
13 0.799805 0.45459 0.0410156 0.0185547 0.000150919
13 0.794922 0.118652 0.0449219 0.0634766 0.000151277
9 0.637695 0.361816 0.0507812 0.0673828 0.000152469
9 0.983887 0.0141602 0.0224609 0.0283203 0.00015521
13 0.303711 0.345703 0.0683594 0.0390625 0.000156999
0 0.614258 0.325684 0.240234 0.204102 0.000157237
13 0.8125 0.509277 0.0546875 0.0224609 0.000159383
9 0.631348 0.078125 0.0419922 0.0332031 0.000164032
13 0.339844 0.43457 0.111328 0.046875 0.000166178
13 0.73584 0.236328 0.0888672 0.09375 0.000166774
2 0.658691 0.335449 0.0380859 0.0361328 0.000178695
13 0.82959 0.46875 0.0361328 0.0117188 0.000180721
11 0.455078 0.141113 0.0488281 0.0185547 0.000185847
13 0.302734 0.416016 0.0605469 0.0292969 0.00018847
13 0.779785 0.3125 0.0712891 0.0371094 0.000190496
3 0.496582 0.903809 0.541992 0.188477 0.000191689
9 0.415527 0.225098 0.0537109 0.0458984 0.000193357
11 0.196289 0.612305 0.0332031 0.0664062 0.000193596
11 0.897949 0.608398 0.0419922 0.0761719 0.000194311
8 0.465332 0.271973 0.0126953 0.0107422 0.000202894
9 0.840332 0.146973 0.319336 0.274414 0.000210881
7 0.663086 0.331543 0.0175781 0.0146484 0.000217438
0 0.599121 0.287598 0.0517578 0.0673828 0.000219464
3 0.195801 0.180176 0.391602 0.360352 0.000222206
13 0.663574 0.33252 0.0244141 0.0205078 0.00022316
10 0.890625 0.597656 0.046875 0.0683594 0.00022471
9 0.456055 0.446777 0.0605469 0.0966797 0.000224948
7 0.456055 0.446289 0.0625 0.0898438 0.000249624
0 0.663086 0.331543 0.0175781 0.0146484 0.00025177
2 0.618164 0.282227 0.0664062 0.0800781 0.000254869
11 0.464844 0.126465 0.0761719 0.0224609 0.000255346
13 0.409668 0.381348 0.0595703 0.0283203 0.000256062
9 0.693359 0.423828 0.0644531 0.0625 0.000257015
9 0.663574 0.333008 0.0263672 0.0214844 0.000257969
11 0.462891 0.155762 0.0859375 0.0556641 0.000260115
11 0.746094 0.168945 0.0664062 0.0566406 0.000261307
6 0.601562 0.298828 0.107422 0.109375 0.000281572
11 0.416016 0.143066 0.128906 0.0302734 0.000289202
12 0.114258 0.440918 0.228516 0.563477 0.000290871
9 0.757812 0.214844 0.0507812 0.0273438 0.000293493
9 0.556641 0.320312 0.199219 0.146484 0.000304222
8 0.450195 0.477539 0.0136719 0.0136719 0.000309467
11 0.614258 0.163086 0.0644531 0.0839844 0.000317335
0 0.118164 0.438965 0.236328 0.56543 0.000332355
4 0.601562 0.298828 0.107422 0.109375 0.000339508
13 0.323242 0.424316 0.0820312 0.0380859 0.000343561
11 0.619629 0.139648 0.0556641 0.0390625 0.000347376
13 0.416992 0.296387 0.0878906 0.0595703 0.000369072
7 0.601562 0.298828 0.107422 0.109375 0.000372887
5 0.291992 0.462891 0.154297 0.189453 0.000379086
5 0.834961 0.459473 0.117188 0.192383 0.000380516
6 0.606445 0.503906 0.380859 0.105469 0.000384331
0 0.842773 0.786133 0.298828 0.193359 0.000387907
4 0.607422 0.505859 0.380859 0.105469 0.000396013
0 0.129883 0.686035 0.0800781 0.0966797 0.000397921
13 0.445801 0.312988 0.0732422 0.104492 0.00040555
13 0.823242 0.468262 0.0625 0.0185547 0.000414848
7 0.607422 0.505859 0.380859 0.105469 0.000429869
12 0.601562 0.298828 0.107422 0.109375 0.000435829
8 0.607422 0.505859 0.380859 0.105469 0.000438213
11 0.618652 0.12793 0.0498047 0.0214844 0.000439405
5 0.601562 0.298828 0.107422 0.109375 0.000446081
1 0.607422 0.505859 0.380859 0.105469 0.000459194
0 0.617188 0.328613 0.105469 0.165039 0.000472307
11 0.722168 0.152832 0.0771484 0.0595703 0.00047636
11 0.651367 0.139648 0.115234 0.0351562 0.000483274
3 0.509766 0.963867 0.544922 0.0722656 0.000490189
13 0.80957 0.458984 0.046875 0.0273438 0.000495434
12 0.607422 0.505859 0.380859 0.105469 0.000524521
9 0.727051 0.470703 0.135742 0.125 0.000529289
13 0.607422 0.505859 0.380859 0.105469 0.000545502
13 0.291992 0.336914 0.046875 0.0234375 0.000545502
1 0.601562 0.298828 0.107422 0.109375 0.000556946
2 0.607422 0.505859 0.380859 0.105469 0.000558376
11 0.607422 0.505859 0.380859 0.105469 0.000562668
7 0.727051 0.470703 0.135742 0.125 0.000575542
8 0.413086 0.223145 0.0546875 0.0439453 0.000589848
3 0.615234 0.552246 0.392578 0.124023 0.000595093
9 0.984375 0.00830078 0.0175781 0.0166016 0.000597
13 0.601562 0.298828 0.107422 0.109375 0.000609398
0 0.614258 0.274414 0.0683594 0.0605469 0.000675678
8 0.754395 0.322266 0.0146484 0.00976562 0.000677586
5 0.606445 0.503906 0.380859 0.105469 0.000711918
2 0.601562 0.298828 0.107422 0.109375 0.000711918
8 0.601562 0.298828 0.107422 0.109375 0.00071764
11 0.629883 0.143066 0.0839844 0.0576172 0.000814438
11 0.601562 0.298828 0.107422 0.109375 0.000832081
5 0.740723 0.442383 0.15918 0.214844 0.000951767
10 0.60791 0.506836 0.381836 0.117188 0.000955105
11 0.426758 0.137695 0.0800781 0.0234375 0.00100517
8 0.70166 0.196777 0.0185547 0.0146484 0.00100613
10 0.601562 0.298828 0.107422 0.109375 0.00101089
11 0.450195 0.132812 0.0898438 0.0273438 0.00106621
11 0.448242 0.150391 0.101562 0.03125 0.00108242
8 0.84082 0.500977 0.00976562 0.00976562 0.00108337
13 0.728027 0.240234 0.0537109 0.0546875 0.00111294
9 0.608398 0.5 0.382812 0.115234 0.00112438
2 0.662598 0.33252 0.0244141 0.0244141 0.00115585
13 0.753418 0.217285 0.0537109 0.0322266 0.00119877
9 0.601562 0.298828 0.107422 0.109375 0.0013752
0 0.60791 0.506836 0.381836 0.117188 0.0014658
13 0.743652 0.228027 0.0693359 0.0517578 0.00169563
10 0.89502 0.581543 0.0322266 0.0537109 0.00172997
8 0.663574 0.33252 0.0244141 0.0205078 0.00180531
5 0.793457 0.40918 0.178711 0.296875 0.00181103
13 0.441895 0.308105 0.0439453 0.0576172 0.00195694
9 0.663086 0.331543 0.0175781 0.0146484 0.00199509
3 0.606445 0.471191 0.408203 0.274414 0.00201797
3 0.601562 0.298828 0.107422 0.109375 0.00209999
11 0.895996 0.586426 0.0341797 0.0517578 0.00243759
11 0.641602 0.12793 0.0996094 0.0253906 0.00359726
11 0.732422 0.15918 0.0546875 0.0371094 0.00452042
2 0.663086 0.331543 0.0175781 0.0146484 0.00930023
0 0.563965 0.307129 0.186523 0.129883 0.00955963
11 0.458984 0.141602 0.0761719 0.0273438 0.0100098
8 0.662598 0.331543 0.0166016 0.0126953 0.0179443
0 0.601074 0.290527 0.102539 0.0947266 0.583984
3 0.608887 0.505859 0.379883 0.103516 0.620117
