13 0.813477 0.42041 0.207031 0.258789 0.000124097
13 0.793945 0.478516 0.107422 0.109375 0.000124097
7 0.279785 0.193848 0.0537109 0.0458984 0.000124574
7 0.84082 0.437012 0.0839844 0.0634766 0.000124931
10 0.20459 0.904785 0.40918 0.180664 0.000125885
8 0.640625 0.226562 0.015625 0.0175781 0.000126004
11 0.773438 0.161133 0.0996094 0.0644531 0.000126123
13 0.753906 0.351562 0.0898438 0.0664062 0.000126719
11 0.282715 0.15625 0.0634766 0.0488281 0.000126958
8 0.34375 0.539062 0.0371094 0.0332031 0.000127196
8 0.78418 0.66748 0.0175781 0.0166016 0.000127673
8 0.85498 0.621582 0.0498047 0.0380859 0.00012815
2 0.245117 0.501465 0.255859 0.331055 0.000128746
9 0.723633 0.591797 0.0273438 0.0273438 0.0001297
8 0.234863 0.259277 0.0185547 0.0146484 0.000129819
13 0.712402 0.379395 0.0556641 0.0439453 0.000132799
11 0.439941 0.128418 0.0751953 0.0283203 0.000133157
13 0.682129 0.414551 0.0869141 0.0673828 0.000133514
9 0.80127 0.515625 0.0322266 0.0332031 0.000133634
9 0.262207 0.35498 0.0986328 0.0517578 0.000133872
0 0.624023 0.347168 0.0859375 0.165039 0.000135779
2 0.864746 0.608398 0.0146484 0.0117188 0.000136137
5 0.80127 0.55127 0.200195 0.166992 0.000136495
13 0.338379 0.645996 0.0244141 0.0302734 0.000137091
9 0.279785 0.193848 0.0537109 0.0458984 0.000137687
13 0.359863 0.213867 0.0341797 0.0253906 0.000137925
13 0.195312 0.396973 0.119141 0.0498047 0.000138402
5 0.85498 0.487793 0.120117 0.124023 0.000140548
0 0.245117 0.501465 0.255859 0.331055 0.000141263
7 0.85498 0.487793 0.120117 0.124023 0.00014174
11 0.710938 0.12793 0.0507812 0.0175781 0.000142097
8 0.848145 0.528809 0.0458984 0.0302734 0.000142455
2 0.338867 0.615723 0.0332031 0.0322266 0.000142574
13 0.73584 0.331055 0.0283203 0.0351562 0.000142694
8 0.162109 0.683594 0.0117188 0.0117188 0.00014317
13 0.365723 0.216309 0.0517578 0.0419922 0.000144005
9 0.429688 0.20459 0.015625 0.0126953 0.000144243
13 0.325195 0.652832 0.0683594 0.0712891 0.000144362
5 0.23291 0.54834 0.139648 0.0966797 0.000144601
13 0.228027 0.37793 0.100586 0.0292969 0.000145316
9 0.704102 0.125977 0.103516 0.0253906 0.000145674
8 0.355957 0.211914 0.0224609 0.0195312 0.000146389
5 0.166992 0.515137 0.158203 0.233398 0.000146747
8 0.730469 0.533203 0.0664062 0.0390625 0.000147104
9 0.67627 0.717285 0.106445 0.0439453 0.000147343
9 0.137207 0.72168 0.133789 0.0996094 0.000147939
8 0.896484 0.637695 0.0214844 0.0195312 0.000148654
1 0.685547 0.126953 0.126953 0.0253906 0.000150561
11 0.354004 0.121582 0.125977 0.0322266 0.000151992
5 0.781738 0.484863 0.124023 0.108398 0.000152588
8 0.194824 0.630859 0.0185547 0.0234375 0.00015378
9 0.701172 0.69873 0.0917969 0.0537109 0.000153899
4 0.241211 0.575684 0.173828 0.15332 0.000154614
13 0.408203 0.492676 0.0800781 0.0458984 0.000155449
12 0.245117 0.501465 0.255859 0.331055 0.000156283
5 0.774414 0.348633 0.191406 0.183594 0.000158906
9 0.538574 0.453613 0.25293 0.424805 0.000159979
11 0.293945 0.179688 0.0820312 0.0742188 0.000160217
13 0.6875 0.591309 0.0664062 0.125977 0.00016129
13 0.419434 0.257812 0.0771484 0.0605469 0.000161529
8 0.617188 0.404785 0.0429688 0.0283203 0.000162244
13 0.801758 0.512695 0.0371094 0.0371094 0.000162959
9 0.635742 0.276855 0.0136719 0.0126953 0.000163198
13 0.343262 0.63916 0.0634766 0.0751953 0.000163555
9 0.255859 0.872559 0.460938 0.254883 0.000163794
7 0.797852 0.505371 0.123047 0.110352 0.000164032
8 0.290527 0.57959 0.0283203 0.0263672 0.000164509
5 0.30127 0.439453 0.325195 0.509766 0.000164747
6 0.183594 0.580566 0.160156 0.170898 0.000168324
8 0.821289 0.306641 0.03125 0.0273438 0.000168562
8 0.146973 0.660645 0.0166016 0.0146484 0.000169396
9 0.861328 0.741211 0.0253906 0.0234375 0.000170112
8 0.859375 0.744629 0.0195312 0.0185547 0.000172019
8 0.86084 0.427734 0.0205078 0.0195312 0.000174046
13 0.175781 0.402832 0.0664062 0.0341797 0.000175476
8 0.755859 0.549805 0.015625 0.0136719 0.000177383
9 0.419922 0.563965 0.109375 0.168945 0.00017786
13 0.650391 0.323242 0.142578 0.158203 0.000178814
9 0.623535 0.405273 0.0263672 0.0195312 0.000180721
8 0.318359 0.465332 0.0175781 0.0146484 0.00018096
3 0.21875 0.552734 0.1875 0.203125 0.000181198
13 0.23877 0.353516 0.141602 0.0917969 0.000183105
8 0.29834 0.699707 0.0126953 0.0126953 0.000183821
9 0.220215 0.695801 0.311523 0.176758 0.000185132
7 0.223633 0.376465 0.146484 0.0654297 0.000185847
11 0.681152 0.114258 0.112305 0.03125 0.000185847
5 0.738281 0.47168 0.164062 0.140625 0.000187874
6 0.807129 0.511719 0.0947266 0.0761719 0.000190616
13 0.251953 0.586426 0.117188 0.0966797 0.000191212
13 0.680176 0.272949 0.0908203 0.114258 0.000193357
8 0.728516 0.65918 0.0585938 0.0527344 0.000195861
13 0.859863 0.613281 0.18457 0.232422 0.000199676
13 0.375 0.224609 0.0820312 0.101562 0.000200033
13 0.685547 0.126953 0.126953 0.0253906 0.000203252
8 0.732422 0.539062 0.0390625 0.0351562 0.000209808
8 0.759277 0.59082 0.0283203 0.0292969 0.000216007
11 0.653809 0.120117 0.0615234 0.0175781 0.000218034
5 0.836426 0.452637 0.131836 0.131836 0.000221252
13 0.264648 0.311035 0.128906 0.141602 0.000221848
5 0.800781 0.675293 0.189453 0.108398 0.00022459
13 0.218262 0.571777 0.0791016 0.0537109 0.000229239
8 0.86084 0.616699 0.0283203 0.0263672 0.000230551
2 0.633789 0.276367 0.0214844 0.0175781 0.000231862
7 0.223633 0.515625 0.214844 0.285156 0.0002321
5 0.262207 0.355957 0.0986328 0.0537109 0.000234723
8 0.86377 0.418945 0.0166016 0.0117188 0.000234842
13 0.280762 0.350098 0.0751953 0.0322266 0.000235319
13 0.19043 0.410156 0.0898438 0.0234375 0.000237584
8 0.766113 0.38916 0.0107422 0.00878906 0.000238657
6 0.797852 0.513672 0.0546875 0.0410156 0.000239611
6 0.850586 0.601074 0.189453 0.25293 0.00024271
11 0.416016 0.118652 0.119141 0.0380859 0.000248432
2 0.688477 0.52002 0.0117188 0.0107422 0.000251532
6 0.737793 0.501953 0.15918 0.140625 0.000253201
5 0.206055 0.523926 0.142578 0.102539 0.000257492
5 0.228516 0.39209 0.152344 0.102539 0.00025773
5 0.79541 0.677734 0.290039 0.166016 0.000257969
6 0.793945 0.478516 0.107422 0.109375 0.000258923
6 0.603027 0.316895 0.114258 0.112305 0.000262022
2 0.288574 0.202148 0.0263672 0.0234375 0.00026226
11 0.290039 0.204102 0.0234375 0.0195312 0.000263929
7 0.73877 0.501465 0.163086 0.137695 0.000264645
11 0.661621 0.131836 0.0732422 0.0214844 0.000267744
9 0.835449 0.738281 0.239258 0.111328 0.000268936
6 0.836914 0.452148 0.132812 0.132812 0.000268936
8 0.834961 0.224121 0.03125 0.0283203 0.000269413
8 0.351074 0.210938 0.0146484 0.0117188 0.000273228
9 0.837402 0.623047 0.202148 0.232422 0.000282526
9 0.567871 0.632324 0.40332 0.182617 0.000282764
4 0.797852 0.514648 0.0390625 0.0371094 0.000293493
7 0.251953 0.586426 0.117188 0.0966797 0.000293493
11 0.394043 0.126465 0.0595703 0.0166016 0.000294447
10 0.0537109 0.792969 0.0371094 0.0449219 0.000295877
8 0.822754 0.442383 0.0302734 0.0214844 0.000313282
8 0.797852 0.505371 0.136719 0.102539 0.00031352
9 0.247559 0.591797 0.143555 0.123047 0.000313997
8 0.831055 0.438477 0.0488281 0.03125 0.000319719
8 0.768555 0.532227 0.0195312 0.0136719 0.000320196
9 0.787109 0.375488 0.25 0.350586 0.000334501
7 0.796875 0.42334 0.234375 0.254883 0.000334501
8 0.873535 0.508301 0.0224609 0.0185547 0.000340939
4 0.603027 0.316895 0.114258 0.112305 0.000344515
9 0.223145 0.376465 0.147461 0.0615234 0.000347614
13 0.393555 0.256836 0.09375 0.0859375 0.000351191
8 0.220215 0.575195 0.15332 0.185547 0.000354767
6 0.218262 0.571777 0.0791016 0.0537109 0.000358343
6 0.845703 0.504395 0.173828 0.186523 0.00035882
9 0.896973 0.768066 0.102539 0.102539 0.000360012
7 0.603027 0.316895 0.114258 0.112305 0.000363588
11 0.0537109 0.792969 0.0371094 0.0449219 0.000367641
7 0.797852 0.515137 0.0390625 0.0361328 0.000372648
7 0.836426 0.452637 0.131836 0.131836 0.000375271
6 0.251953 0.586426 0.117188 0.0966797 0.000375509
11 0.705566 0.132324 0.0751953 0.0244141 0.000377178
5 0.859375 0.53418 0.142578 0.236328 0.000377893
2 0.624512 0.404785 0.0263672 0.0185547 0.000380039
13 0.337891 0.61377 0.0214844 0.0166016 0.000389576
5 0.260742 0.327148 0.126953 0.111328 0.00039053
8 0.161621 0.476074 0.0224609 0.0185547 0.00039196
13 0.262207 0.35498 0.0986328 0.0517578 0.000396252
3 0.245117 0.501465 0.255859 0.331055 0.00040555
4 0.290039 0.204102 0.0234375 0.0195312 0.000407457
9 0.534668 0.352051 0.235352 0.174805 0.000407457
13 0.342773 0.622559 0.0332031 0.0419922 0.000409842
9 0.696777 0.725098 0.120117 0.0712891 0.000410318
5 0.238281 0.37793 0.179688 0.294922 0.00041604
13 0.245117 0.501465 0.255859 0.331055 0.000421286
7 0.84668 0.515625 0.1875 0.203125 0.000447273
13 0.820312 0.305664 0.03125 0.0292969 0.000448942
13 0.287109 0.199219 0.0332031 0.03125 0.000455141
7 0.337891 0.61377 0.0214844 0.0166016 0.000456572
0 0.608398 0.303711 0.0644531 0.0761719 0.000458241
8 0.860352 0.625488 0.0234375 0.0205078 0.000468493
5 0.86377 0.700195 0.180664 0.171875 0.000471592
5 0.603027 0.316895 0.114258 0.112305 0.000481844
11 0.625488 0.131836 0.0634766 0.0253906 0.000485182
11 0.787109 0.160156 0.046875 0.0351562 0.000495434
13 0.716797 0.32959 0.0683594 0.0908203 0.000496387
5 0.882812 0.651855 0.130859 0.188477 0.000501156
5 0.240723 0.355469 0.139648 0.0859375 0.00050354
13 0.757324 0.369141 0.202148 0.283203 0.000506401
13 0.603027 0.316895 0.114258 0.112305 0.000510693
13 0.401367 0.294922 0.0839844 0.125 0.00052166
12 0.603027 0.316895 0.114258 0.112305 0.000524998
8 0.875977 0.500488 0.0234375 0.0224609 0.000529289
8 0.723633 0.591797 0.0273438 0.0273438 0.00053072
11 0.673828 0.12207 0.0605469 0.015625 0.000544548
5 0.813965 0.639648 0.131836 0.142578 0.000547409
8 0.216797 0.576172 0.125 0.0839844 0.000552177
11 0.408691 0.129883 0.0615234 0.0195312 0.000554562
0 0.788574 0.47168 0.211914 0.162109 0.000558853
1 0.603027 0.316895 0.114258 0.112305 0.00056076
5 0.21582 0.618652 0.255859 0.227539 0.000566483
8 0.216309 0.575195 0.0185547 0.0136719 0.000579834
8 0.818359 0.398926 0.0117188 0.00878906 0.000587463
13 0.369629 0.192871 0.0537109 0.0634766 0.000588417
12 0.789551 0.478027 0.200195 0.137695 0.000590801
11 0.345703 0.138672 0.152344 0.0566406 0.000613689
8 0.797852 0.518066 0.0625 0.0419922 0.000614643
8 0.858398 0.433105 0.0117188 0.0107422 0.000617027
10 0.949707 0.821289 0.0400391 0.0507812 0.000622272
8 0.719238 0.537109 0.0341797 0.0292969 0.000622749
13 0.338867 0.642578 0.0351562 0.0488281 0.000627041
6 0.289062 0.203613 0.0273438 0.0244141 0.000627518
6 0.796875 0.42334 0.234375 0.254883 0.000635147
8 0.337891 0.615234 0.03125 0.0332031 0.000637531
11 0.705566 0.143066 0.180664 0.0751953 0.000664234
0 0.53125 0.378418 0.230469 0.211914 0.000692368
2 0.603027 0.316895 0.114258 0.112305 0.000700474
11 0.425781 0.133789 0.111328 0.046875 0.000729084
8 0.603027 0.316895 0.114258 0.112305 0.000742912
5 0.218262 0.571777 0.0791016 0.0537109 0.000747681
11 0.949707 0.820312 0.0400391 0.0507812 0.000768185
11 0.367188 0.126953 0.0859375 0.0234375 0.000768661
13 0.697266 0.625 0.119141 0.166016 0.000804424
11 0.603027 0.316895 0.114258 0.112305 0.000818729
11 0.716309 0.122559 0.108398 0.0263672 0.000823975
3 0.783691 0.480469 0.204102 0.136719 0.000830173
8 0.635742 0.276855 0.0136719 0.0126953 0.000834465
9 0.337891 0.614258 0.0234375 0.015625 0.00083828
6 0.245117 0.501465 0.255859 0.331055 0.000878811
11 0.655762 0.129883 0.139648 0.0429688 0.000981331
13 0.290039 0.204102 0.0234375 0.0195312 0.00107193
0 0.794434 0.556641 0.249023 0.296875 0.00108337
11 0.305176 0.149902 0.0986328 0.0556641 0.00111008
10 0.603027 0.316895 0.114258 0.112305 0.0011673
13 0.242676 0.367188 0.131836 0.0429688 0.0012064
12 0.793457 0.544922 0.241211 0.283203 0.00122643
9 0.603027 0.316895 0.114258 0.112305 0.00123692
5 0.17334 0.583984 0.139648 0.15625 0.00129032
9 0.245117 0.501465 0.255859 0.331055 0.00137424
11 0.273438 0.164551 0.0429688 0.0322266 0.00137997
8 0.429688 0.20459 0.015625 0.0126953 0.00138092
3 0.794434 0.556641 0.249023 0.296875 0.00141144
10 0.788574 0.47168 0.211914 0.162109 0.00149727
7 0.287109 0.199219 0.0332031 0.03125 0.00154209
13 0.705566 0.293457 0.0771484 0.12793 0.00154686
11 0.789551 0.478027 0.200195 0.137695 0.00157166
9 0.287109 0.199219 0.0332031 0.03125 0.00158119
13 0.22168 0.379395 0.138672 0.0478516 0.00159454
11 0.793457 0.544922 0.241211 0.283203 0.00162315
2 0.789551 0.478027 0.200195 0.137695 0.00164795
13 0.412598 0.494141 0.0595703 0.0195312 0.0017643
9 0.218262 0.553711 0.18457 0.201172 0.0017767
13 0.223633 0.570312 0.173828 0.162109 0.0018177
5 0.248047 0.592773 0.148438 0.128906 0.00182915
2 0.337891 0.61377 0.0214844 0.0166016 0.00190639
2 0.793457 0.544922 0.241211 0.283203 0.00195694
7 0.241211 0.575684 0.173828 0.15332 0.00200653
8 0.864746 0.608398 0.0146484 0.0117188 0.00204277
11 0.774414 0.152832 0.0585938 0.0400391 0.00210953
8 0.66748 0.657715 0.0166016 0.0146484 0.00212288
3 0.603027 0.316895 0.114258 0.112305 0.00217247
11 0.429199 0.13623 0.0791016 0.0283203 0.00224304
1 0.793457 0.544922 0.241211 0.283203 0.00230217
11 0.64209 0.125977 0.0869141 0.0234375 0.002388
8 0.688477 0.52002 0.0117188 0.0107422 0.00239182
8 0.217285 0.57373 0.0654297 0.0419922 0.00247955
5 0.787109 0.378418 0.234375 0.336914 0.00248909
11 0.364258 0.131836 0.146484 0.03125 0.00256157
10 0.793457 0.544922 0.241211 0.283203 0.0026474
9 0.290039 0.204102 0.0234375 0.0195312 0.00265121
8 0.287109 0.199219 0.03125 0.03125 0.00282669
11 0.389648 0.122559 0.111328 0.0244141 0.00293922
8 0.793457 0.540039 0.235352 0.279297 0.00296974
13 0.727051 0.351562 0.0556641 0.0722656 0.00297737
8 0.624512 0.404785 0.0263672 0.0185547 0.002985
1 0.789551 0.478027 0.200195 0.137695 0.00339508
8 0.217285 0.574219 0.0263672 0.0214844 0.00364304
2 0.635742 0.276855 0.0136719 0.0126953 0.0037899
11 0.687988 0.125977 0.0751953 0.0175781 0.00395203
7 0.290039 0.204102 0.0234375 0.0195312 0.00508499
11 0.754395 0.146973 0.0927734 0.0498047 0.00537491
8 0.791016 0.477051 0.197266 0.139648 0.00543976
6 0.241211 0.575684 0.173828 0.15332 0.00548553
9 0.798828 0.483398 0.1875 0.142578 0.00557709
5 0.837402 0.623047 0.202148 0.232422 0.00629044
9 0.793457 0.540039 0.235352 0.279297 0.00642014
8 0.80127 0.515625 0.0322266 0.0332031 0.00719833
4 0.793457 0.540039 0.235352 0.279297 0.00760651
0 0.575684 0.34082 0.170898 0.162109 0.00769424
11 0.664551 0.121094 0.114258 0.0195312 0.00828552
3 0.568848 0.634277 0.407227 0.174805 0.0154419
8 0.337402 0.612793 0.0224609 0.0166016 0.0188141
4 0.794922 0.479004 0.193359 0.135742 0.0232697
8 0.290039 0.204102 0.0234375 0.0195312 0.0249481
13 0.793457 0.540039 0.235352 0.279297 0.0273132
5 0.245117 0.501465 0.255859 0.331055 0.0282135
5 0.798828 0.490234 0.195312 0.152344 0.0362854
11 0.713867 0.135254 0.136719 0.0419922 0.0364075
7 0.793457 0.540039 0.235352 0.279297 0.0366516
13 0.789551 0.478027 0.200195 0.137695 0.0381775
11 0.406738 0.130371 0.114258 0.0263672 0.046814
5 0.218262 0.553711 0.18457 0.201172 0.0576782
7 0.794434 0.47998 0.192383 0.137695 0.0924072
11 0.685547 0.126953 0.126953 0.0253906 0.104675
5 0.794434 0.555664 0.24707 0.302734 0.149536
6 0.793945 0.538574 0.234375 0.276367 0.150024
6 0.794434 0.47998 0.192383 0.137695 0.176147
0 0.603027 0.310059 0.112305 0.100586 0.564453
