13 0.811523 0.348633 0.0546875 0.0273438 0.000100255
13 0.645996 0.415527 0.0283203 0.0283203 0.000101805
9 0.423828 0.556152 0.0703125 0.0322266 0.000102341
8 0.207031 0.366211 0.0898438 0.101562 0.000102341
5 0.319824 0.257812 0.0380859 0.03125 0.000102997
13 0.228516 0.56543 0.078125 0.0410156 0.000103295
5 0.585938 0.696777 0.380859 0.176758 0.000103593
3 0.933594 0.696289 0.132812 0.304688 0.000103652
9 0.799316 0.611328 0.168945 0.3125 0.00010401
11 0.723633 0.215332 0.0742188 0.0224609 0.000104249
1 0.32373 0.225098 0.12793 0.0556641 0.000105083
12 0.324707 0.222656 0.125977 0.0585938 0.0001055
11 0.348633 0.202637 0.109375 0.0283203 0.000106215
11 0.421387 0.240723 0.0712891 0.0478516 0.000106514
11 0.740234 0.222656 0.0507812 0.0195312 0.000107646
13 0.669922 0.366211 0.03125 0.0566406 0.000109613
13 0.854492 0.334961 0.0195312 0.0214844 0.000112116
2 0.238281 0.571777 0.0859375 0.0595703 0.000112355
13 0.675781 0.404297 0.0664062 0.0878906 0.000112891
0 0.916016 0.555176 0.167969 0.504883 0.000114024
2 0.833496 0.182617 0.333008 0.292969 0.000114739
3 0.0849609 0.64209 0.169922 0.319336 0.000115395
9 0.319824 0.225586 0.12793 0.0585938 0.00011754
11 0.695312 0.172852 0.605469 0.345703 0.000118077
7 0.697754 0.222656 0.151367 0.0351562 0.000118673
11 0.766602 0.233887 0.0644531 0.0361328 0.000119686
8 0.237305 0.558594 0.0488281 0.0292969 0.000121474
3 0.841309 0.543945 0.317383 0.587891 0.00012219
5 0.253418 0.401367 0.118164 0.130859 0.000122309
13 0.651367 0.432129 0.0566406 0.0673828 0.000122547
13 0.788574 0.471191 0.166992 0.0615234 0.000122905
13 0.867676 0.134277 0.264648 0.268555 0.000123143
13 0.847656 0.361328 0.0195312 0.0546875 0.000123143
13 0.266113 0.444336 0.133789 0.0664062 0.000123143
7 0.319824 0.230957 0.116211 0.0634766 0.000123501
12 0.833496 0.182617 0.333008 0.292969 0.00012362
13 0.420898 0.251953 0.0292969 0.0234375 0.000124216
6 0.860352 0.119629 0.279297 0.239258 0.000126481
13 0.725098 0.490723 0.0908203 0.0361328 0.000127196
11 0.404297 0.228027 0.125 0.0498047 0.000127316
8 0.376953 0.414551 0.0253906 0.0205078 0.000129461
13 0.312988 0.414551 0.100586 0.0283203 0.000130177
11 0.688965 0.221191 0.0732422 0.0244141 0.000130534
5 0.250488 0.681152 0.274414 0.334961 0.000131011
13 0.676758 0.376953 0.0214844 0.03125 0.00013113
13 0.825684 0.290527 0.0166016 0.0283203 0.000131845
13 0.289551 0.424316 0.141602 0.0537109 0.000132918
13 0.701172 0.312012 0.0605469 0.0595703 0.000133872
13 0.425293 0.552246 0.0439453 0.0166016 0.000134826
8 0.678711 0.420898 0.0117188 0.015625 0.000135899
11 0.758301 0.249023 0.21582 0.0761719 0.000137091
7 0.662598 0.224121 0.0791016 0.0302734 0.000137448
13 0.324707 0.222656 0.125977 0.0585938 0.000137568
8 0.421875 0.508789 0.0234375 0.0253906 0.000137568
8 0.240234 0.562012 0.0253906 0.0185547 0.000140905
9 0.660645 0.224609 0.0869141 0.0332031 0.000142217
5 0.847656 0.117676 0.283203 0.208008 0.000142574
2 0.737305 0.479492 0.101562 0.0546875 0.000145316
11 0.444824 0.232422 0.0361328 0.0273438 0.000145912
8 0.320312 0.169922 0.0136719 0.0117188 0.000147462
11 0.376953 0.202637 0.0683594 0.0244141 0.000149727
0 0.922363 0.408691 0.155273 0.416992 0.000150561
3 0.213867 0.165039 0.427734 0.330078 0.000151753
13 0.730469 0.496094 0.15625 0.0703125 0.000152469
10 0.708008 0.227051 0.195312 0.0361328 0.000153065
3 0.800293 0.170898 0.399414 0.294922 0.000157237
13 0.772461 0.463379 0.0449219 0.0283203 0.000160456
11 0.39502 0.202637 0.0732422 0.0166016 0.000162363
9 0.75 0.588867 0.275391 0.443359 0.000164747
13 0.231445 0.42627 0.09375 0.0673828 0.000166655
8 0.243164 0.560547 0.0136719 0.0117188 0.000167012
7 0.31543 0.250977 0.0605469 0.0390625 0.000172853
8 0.26123 0.54834 0.0166016 0.0126953 0.00017333
5 0.228516 0.562988 0.103516 0.0888672 0.000174642
0 0.932617 0.722168 0.134766 0.40332 0.000176787
13 0.681641 0.387695 0.0410156 0.0761719 0.00018084
13 0.703613 0.337891 0.0888672 0.0800781 0.00018394
9 0.255371 0.148438 0.411133 0.263672 0.000185251
5 0.271484 0.453613 0.214844 0.165039 0.000188351
9 0.568359 0.382324 0.0957031 0.0810547 0.000193596
8 0.457031 0.665039 0.0195312 0.0253906 0.000196338
9 0.267578 0.768066 0.291016 0.135742 0.000198007
9 0.536621 0.192383 0.0322266 0.0273438 0.000198722
11 0.284668 0.155273 0.424805 0.310547 0.000200272
12 0.799316 0.234863 0.401367 0.430664 0.000204086
2 0.420898 0.251953 0.0292969 0.0234375 0.000206351
7 0.208496 0.37207 0.0908203 0.109375 0.000210524
11 0.264648 0.250977 0.0429688 0.0371094 0.000216603
1 0.697754 0.222656 0.151367 0.0351562 0.000219584
0 0.92627 0.899902 0.143555 0.19043 0.000223041
13 0.75293 0.477051 0.0625 0.0361328 0.000225067
13 0.766602 0.495117 0.130859 0.0332031 0.000228763
13 0.787109 0.482422 0.125 0.0351562 0.00022912
13 0.188965 0.721191 0.0947266 0.0224609 0.00023222
8 0.238281 0.571777 0.0859375 0.0595703 0.000238895
5 0.219238 0.623047 0.12793 0.203125 0.00024271
12 0.724609 0.232422 0.195312 0.078125 0.000259638
11 0.714355 0.223145 0.0751953 0.0185547 0.000261784
13 0.66748 0.224121 0.0830078 0.0302734 0.000273705
9 0.208008 0.371094 0.0917969 0.109375 0.000282049
6 0.319824 0.257812 0.0361328 0.0292969 0.000282288
9 0.435547 0.460449 0.015625 0.0126953 0.000294447
5 0.75 0.588867 0.275391 0.443359 0.000295877
9 0.585938 0.696777 0.380859 0.176758 0.000299692
8 0.394531 0.690918 0.0117188 0.0126953 0.000302553
5 0.239258 0.526855 0.15625 0.34668 0.00030303
7 0.420898 0.251953 0.0292969 0.0234375 0.000309944
8 0.67627 0.460449 0.0166016 0.0146484 0.000311613
0 0.0849609 0.64209 0.169922 0.319336 0.000319719
11 0.669434 0.214844 0.102539 0.0371094 0.000328779
11 0.742188 0.216797 0.146484 0.0449219 0.00034523
13 0.330566 0.529785 0.112305 0.0322266 0.000352859
4 0.319824 0.257812 0.0361328 0.0292969 0.000392914
11 0.383789 0.214844 0.173828 0.046875 0.000402927
0 0.108887 0.573242 0.0537109 0.0371094 0.000406265
0 0.113281 0.554199 0.0585938 0.0810547 0.000408173
11 0.422363 0.246094 0.0400391 0.0332031 0.000417948
2 0.319824 0.257324 0.0380859 0.0322266 0.000432014
8 0.233887 0.588379 0.0166016 0.0146484 0.000457525
8 0.371094 0.413574 0.0117188 0.0146484 0.000464439
11 0.675293 0.232422 0.102539 0.0351562 0.000469923
11 0.316895 0.253418 0.0419922 0.0322266 0.0004704
9 0.736328 0.481445 0.115234 0.0488281 0.000478029
13 0.319824 0.257812 0.0361328 0.0292969 0.000487566
13 0.175781 0.719238 0.0507812 0.0166016 0.000490189
11 0.615234 0.249512 0.0546875 0.0380859 0.000516891
8 0.210938 0.412109 0.0175781 0.015625 0.000521183
11 0.327637 0.227539 0.170898 0.0761719 0.000553131
9 0.30957 0.541992 0.326172 0.570312 0.000571251
11 0.663086 0.227539 0.0527344 0.0234375 0.000576019
9 0.420898 0.251953 0.0292969 0.0234375 0.000638008
11 0.439453 0.22168 0.0644531 0.0429688 0.000668526
9 0.261719 0.171875 0.0507812 0.0351562 0.000671387
5 0.247559 0.437012 0.114258 0.0732422 0.000691891
12 0.30957 0.541992 0.326172 0.570312 0.000716209
8 0.61084 0.32959 0.0302734 0.0224609 0.000755787
5 0.82373 0.676758 0.12207 0.224609 0.000782967
5 0.273438 0.513184 0.285156 0.469727 0.000857353
2 0.435547 0.460449 0.0136719 0.0107422 0.000906467
11 0.740234 0.220703 0.0996094 0.0253906 0.000982285
11 0.787109 0.242676 0.0820312 0.0517578 0.00102139
8 0.175293 0.613281 0.0107422 0.0117188 0.00105858
13 0.695801 0.3125 0.0380859 0.0410156 0.0010643
13 0.768066 0.465332 0.0791016 0.0419922 0.00120354
5 0.799316 0.611328 0.168945 0.3125 0.00130558
11 0.277832 0.242188 0.0537109 0.0410156 0.00156498
11 0.421875 0.252441 0.0273438 0.0244141 0.00157356
9 0.508301 0.550293 0.18457 0.485352 0.00174999
11 0.418945 0.211914 0.0898438 0.0292969 0.00202942
13 0.427734 0.553711 0.0625 0.0292969 0.00206375
11 0.295898 0.233398 0.0839844 0.0527344 0.00289917
11 0.709961 0.213379 0.138672 0.0302734 0.00306702
11 0.380371 0.207031 0.124023 0.0292969 0.00319481
11 0.644531 0.237793 0.105469 0.0517578 0.00335312
7 0.319824 0.257812 0.0361328 0.0292969 0.00335503
11 0.720703 0.232422 0.193359 0.0644531 0.00368309
9 0.319824 0.258301 0.0361328 0.0302734 0.0047226
8 0.421875 0.250488 0.0332031 0.0263672 0.00479889
8 0.435547 0.460449 0.015625 0.0126953 0.00558853
11 0.349609 0.211914 0.0859375 0.0292969 0.00597763
0 0.574219 0.382812 0.0859375 0.0742188 0.00819397
13 0.744141 0.47998 0.109375 0.0498047 0.0105209
3 0.583984 0.698242 0.388672 0.164062 0.0156555
11 0.763184 0.233887 0.110352 0.0517578 0.0186157
11 0.328125 0.220703 0.117188 0.0488281 0.0189362
8 0.319824 0.257812 0.0361328 0.0292969 0.0332031
11 0.654785 0.224609 0.0849609 0.0332031 0.0334778
11 0.702637 0.224121 0.166992 0.0322266 0.0710449
