9 0.0610352 0.496582 0.12207 0.516602 0.000100076
6 0.182617 0.594727 0.171875 0.175781 0.000100374
13 0.259766 0.214844 0.0703125 0.0644531 0.000100553
8 0.345703 0.633789 0.0214844 0.0234375 0.000100732
8 0.718262 0.335449 0.0146484 0.0185547 0.000100791
9 0.313477 0.652832 0.0605469 0.0771484 0.00010097
8 0.193848 0.431152 0.0166016 0.0185547 0.000103116
13 0.271484 0.304199 0.275391 0.237305 0.000103474
8 0.608887 0.180176 0.0341797 0.0283203 0.000104308
9 0.147949 0.46875 0.0751953 0.117188 0.000104725
8 0.255371 0.512207 0.0126953 0.0126953 0.000104845
13 0.749512 0.369141 0.0126953 0.00976562 0.000105381
9 0.288086 0.29248 0.113281 0.118164 0.00010556
8 0.238281 0.406738 0.0273438 0.0166016 0.000106096
13 0.264648 0.220215 0.0332031 0.0361328 0.000106454
2 0.20166 0.54541 0.12207 0.0693359 0.000106812
1 0.349609 0.164062 0.109375 0.0253906 0.000106812
9 0.634766 0.726074 0.105469 0.0595703 0.000107348
13 0.785156 0.483887 0.0332031 0.0126953 0.000108004
13 0.759766 0.351562 0.0488281 0.0566406 0.00010848
9 0.237305 0.887207 0.382812 0.225586 0.000108898
8 0.251465 0.241211 0.0537109 0.0546875 0.000109613
11 0.376465 0.181641 0.0693359 0.0429688 0.000109911
13 0.115723 0.499023 0.0302734 0.0136719 0.000110149
13 0.150391 0.498535 0.0625 0.0224609 0.000110865
8 0.162598 0.366211 0.0380859 0.0390625 0.000111163
8 0.753418 0.372559 0.0771484 0.0908203 0.000111222
13 0.752441 0.202637 0.0380859 0.0283203 0.00011158
13 0.14209 0.479004 0.0595703 0.0458984 0.000111639
9 0.631348 0.566406 0.0810547 0.0898438 0.000111938
9 0.345215 0.660156 0.0537109 0.0703125 0.000112474
8 0.232422 0.228516 0.0410156 0.0390625 0.000113785
11 0.373047 0.208984 0.0761719 0.0410156 0.000115693
8 0.203613 0.67334 0.0380859 0.0302734 0.000116229
0 0.257812 0.917969 0.429688 0.164062 0.000116885
8 0.365234 0.499023 0.0507812 0.0390625 0.000117242
8 0.138672 0.571777 0.0175781 0.0185547 0.00011766
13 0.637695 0.330078 0.0566406 0.0585938 0.000119865
9 0.157227 0.433105 0.0449219 0.0537109 0.00012064
9 0.662109 0.605469 0.0332031 0.0234375 0.000120938
7 0.360352 0.174316 0.121094 0.0419922 0.000121057
13 0.790039 0.413574 0.0234375 0.00878906 0.000121534
11 0.330078 0.171875 0.0605469 0.0253906 0.000121653
8 0.192871 0.676758 0.0244141 0.0234375 0.00012219
7 0.567383 0.26123 0.0410156 0.0458984 0.00012362
13 0.233398 0.586914 0.121094 0.125 0.000124097
2 0.737305 0.428223 0.0351562 0.0283203 0.000124335
9 0.757324 0.383301 0.0888672 0.129883 0.000124574
9 0.375 0.190918 0.103516 0.0654297 0.000124812
9 0.230469 0.23291 0.0488281 0.0458984 0.000126243
9 0.932129 0.584473 0.135742 0.670898 0.000126481
13 0.121582 0.536133 0.0322266 0.0136719 0.000127673
9 0.205078 0.367188 0.189453 0.28125 0.00012815
13 0.589355 0.21582 0.0791016 0.0917969 0.000128627
9 0.143066 0.553711 0.110352 0.167969 0.000130296
8 0.112305 0.663574 0.0332031 0.0361328 0.000130892
11 0.325684 0.136719 0.467773 0.273438 0.00013113
13 0.739746 0.427246 0.0341797 0.0244141 0.000131607
9 0.700195 0.46875 0.271484 0.511719 0.000131607
13 0.152832 0.522461 0.0439453 0.0390625 0.000133872
1 0.248047 0.239746 0.0664062 0.0595703 0.000134587
3 0.922852 0.456055 0.154297 0.404297 0.000135541
9 0.143555 0.481934 0.0683594 0.0458984 0.000136495
8 0.558594 0.373047 0.0195312 0.015625 0.000138283
8 0.567871 0.249512 0.0283203 0.0244141 0.000138998
5 0.263184 0.260742 0.0830078 0.0917969 0.00014019
9 0.749023 0.369141 0.0117188 0.00976562 0.000141501
5 0.248535 0.240234 0.0634766 0.0585938 0.000142217
8 0.751953 0.367676 0.0371094 0.0224609 0.000142336
9 0.163086 0.526855 0.111328 0.0771484 0.000144362
9 0.209961 0.486328 0.244141 0.455078 0.000144839
8 0.265137 0.589844 0.0126953 0.0117188 0.000145078
8 0.662109 0.605469 0.0332031 0.0234375 0.000146151
3 0.78418 0.962402 0.431641 0.0751953 0.000147462
11 0.570312 0.182129 0.0566406 0.0439453 0.000150084
13 0.251953 0.253418 0.0410156 0.0400391 0.000151038
11 0.706055 0.179199 0.115234 0.0439453 0.000151515
13 0.139648 0.497559 0.0878906 0.110352 0.000151753
8 0.20459 0.601562 0.0126953 0.0117188 0.000152111
4 0.248047 0.239746 0.0664062 0.0595703 0.000152349
11 0.234375 0.206055 0.0761719 0.0703125 0.000152469
13 0.615723 0.179688 0.0849609 0.0371094 0.000152707
11 0.246094 0.231934 0.0664062 0.0595703 0.000153303
7 0.345215 0.660156 0.0537109 0.0703125 0.000153422
8 0.788574 0.390137 0.0185547 0.0166016 0.000154138
8 0.173828 0.668457 0.0195312 0.0185547 0.000154853
13 0.160645 0.49707 0.112305 0.236328 0.000156403
7 0.180664 0.488281 0.183594 0.410156 0.000157595
0 0.55127 0.330078 0.0517578 0.0683594 0.000157833
13 0.217285 0.346191 0.0908203 0.125977 0.000159502
7 0.60498 0.173828 0.0654297 0.0332031 0.00015986
9 0.984375 0.00927734 0.0195312 0.0185547 0.000160933
13 0.206055 0.353027 0.162109 0.198242 0.000161886
5 0.169922 0.40625 0.123047 0.171875 0.000162125
8 0.129395 0.579102 0.0380859 0.0410156 0.000162482
9 0.17627 0.507812 0.135742 0.164062 0.000163555
7 0.349609 0.164062 0.109375 0.0253906 0.000164509
5 0.789551 0.621094 0.137695 0.220703 0.000164509
9 0.281738 0.641602 0.0166016 0.0136719 0.000165224
9 0.349609 0.164062 0.109375 0.0253906 0.000167131
10 0.915039 0.887207 0.169922 0.209961 0.000168324
13 0.709961 0.0869141 0.335938 0.173828 0.000168443
5 0.932129 0.584473 0.135742 0.670898 0.000172496
8 0.307617 0.453125 0.0117188 0.00976562 0.000175953
9 0.609375 0.174805 0.0371094 0.0273438 0.000177383
8 0.73877 0.416016 0.0224609 0.015625 0.000177383
8 0.61377 0.611328 0.0166016 0.015625 0.000178218
13 0.307617 0.274414 0.140625 0.121094 0.000182509
7 0.263184 0.254395 0.0576172 0.0654297 0.000182629
9 0.566406 0.262695 0.0429688 0.046875 0.000182748
13 0.17627 0.563965 0.170898 0.243164 0.000183105
13 0.245605 0.268066 0.0537109 0.0732422 0.000183225
8 0.158691 0.438965 0.0380859 0.0556641 0.000184059
8 0.742676 0.425781 0.0498047 0.0410156 0.000185013
13 0.737305 0.342773 0.0859375 0.0859375 0.000186205
11 0.324707 0.163086 0.0498047 0.0136719 0.000186205
6 0.169922 0.40625 0.123047 0.171875 0.000186443
9 0.616699 0.547852 0.0537109 0.0644531 0.000186682
9 0.402832 0.26416 0.0439453 0.0380859 0.000188828
0 0.0678711 0.438965 0.135742 0.458008 0.000188828
9 0.15625 0.376953 0.0644531 0.0878906 0.000189424
13 0.761719 0.336426 0.0332031 0.0341797 0.000190973
6 0.553223 0.335449 0.104492 0.0927734 0.000191092
9 0.665039 0.607422 0.0175781 0.015625 0.000193834
11 0.642578 0.158203 0.0722656 0.0175781 0.000194788
8 0.234375 0.447266 0.0332031 0.0214844 0.00019598
13 0.760254 0.380371 0.0849609 0.120117 0.000198245
7 0.600586 0.191406 0.0585938 0.0449219 0.000198722
8 0.0883789 0.583008 0.0224609 0.0253906 0.000199318
13 0.349609 0.164062 0.109375 0.0253906 0.000199914
7 0.234863 0.228516 0.0517578 0.0527344 0.000202298
11 0.687988 0.166504 0.110352 0.0302734 0.000202537
13 0.750488 0.20459 0.0263672 0.0166016 0.000202656
9 0.482422 0.508789 0.207031 0.498047 0.000205874
4 0.552246 0.344238 0.110352 0.108398 0.000207663
11 0.629883 0.161133 0.132812 0.0488281 0.000209093
13 0.146973 0.543457 0.0830078 0.0576172 0.000212789
9 0.126465 0.660645 0.0517578 0.0419922 0.000213146
8 0.131836 0.649902 0.0429688 0.0283203 0.000214458
13 0.129395 0.513672 0.0478516 0.0390625 0.000215054
8 0.283203 0.626465 0.0253906 0.0244141 0.00021553
7 0.191895 0.540039 0.124023 0.0527344 0.000216484
5 0.72168 0.499023 0.248047 0.457031 0.000219226
2 0.281738 0.641602 0.0166016 0.0136719 0.000221014
8 0.231934 0.447266 0.0205078 0.0136719 0.000221372
11 0.410645 0.163086 0.0498047 0.0214844 0.00022316
7 0.375 0.190918 0.103516 0.0654297 0.000226498
7 0.404297 0.263184 0.0429688 0.0341797 0.000227332
8 0.343262 0.647949 0.0322266 0.0361328 0.000227451
0 0.915039 0.887207 0.169922 0.209961 0.000233054
11 0.269531 0.267578 0.0957031 0.0917969 0.0002352
11 0.755371 0.200195 0.0419922 0.03125 0.00023663
9 0.739746 0.427246 0.0341797 0.0244141 0.000237107
9 0.160156 0.367676 0.046875 0.0498047 0.000238061
8 0.770996 0.346191 0.0166016 0.0166016 0.000240564
13 0.611328 0.167969 0.0839844 0.0273438 0.00024724
8 0.224121 0.650391 0.0224609 0.0195312 0.000249624
11 0.418945 0.195801 0.0488281 0.0498047 0.000249863
7 0.15625 0.379883 0.0820312 0.111328 0.000253201
7 0.160156 0.367676 0.046875 0.0498047 0.000253916
11 0.358398 0.170898 0.0761719 0.0273438 0.000259638
13 0.253906 0.319336 0.179688 0.160156 0.00026083
2 0.269531 0.267578 0.0957031 0.0917969 0.000264168
8 0.811035 0.761719 0.0126953 0.0117188 0.000264883
13 0.12793 0.494629 0.046875 0.0224609 0.000270605
11 0.377441 0.161133 0.110352 0.0429688 0.000272274
8 0.617676 0.615723 0.0283203 0.0263672 0.000283718
7 0.739746 0.427246 0.0341797 0.0244141 0.000286818
2 0.749023 0.369141 0.0117188 0.00976562 0.000293016
5 0.172852 0.491211 0.150391 0.337891 0.00029397
8 0.227539 0.444824 0.0136719 0.0126953 0.000296116
2 0.662109 0.605469 0.0332031 0.0234375 0.00029707
13 0.332031 0.344727 0.115234 0.117188 0.000299215
9 0.349121 0.627441 0.0126953 0.0107422 0.000300646
3 0.0415039 0.91748 0.0830078 0.143555 0.000301361
12 0.553223 0.333008 0.106445 0.0878906 0.000304461
7 0.553223 0.335449 0.104492 0.0927734 0.000311136
9 0.158203 0.411621 0.0957031 0.168945 0.000312805
11 0.599121 0.164551 0.0498047 0.0205078 0.000313997
5 0.552246 0.344238 0.110352 0.108398 0.000327587
11 0.614746 0.190918 0.0771484 0.0595703 0.000329256
13 0.609375 0.174805 0.0371094 0.0273438 0.000329971
9 0.765137 0.50293 0.135742 0.332031 0.000332832
8 0.652344 0.411133 0.0195312 0.015625 0.000344753
1 0.552246 0.344238 0.110352 0.108398 0.000347376
13 0.185547 0.550781 0.144531 0.101562 0.000351667
9 0.131348 0.611816 0.100586 0.157227 0.000353336
13 0.216797 0.305664 0.0761719 0.0429688 0.00036025
3 0.900879 0.352539 0.198242 0.357422 0.00036335
5 0.182617 0.595215 0.171875 0.174805 0.000366211
13 0.553223 0.335449 0.104492 0.0927734 0.000369787
11 0.365234 0.161133 0.0605469 0.0175781 0.000370979
13 0.599609 0.193359 0.0761719 0.0625 0.000378847
13 0.208008 0.527832 0.0800781 0.0439453 0.000389338
11 0.343262 0.161621 0.0595703 0.0166016 0.00039053
9 0.16748 0.484863 0.145508 0.338867 0.000394344
9 0.604004 0.185547 0.0478516 0.0371094 0.000396967
11 0.316895 0.157227 0.137695 0.03125 0.000410795
11 0.257324 0.250977 0.0634766 0.0644531 0.000429392
7 0.165527 0.604492 0.15918 0.169922 0.000431538
11 0.394531 0.171387 0.0683594 0.0361328 0.000436544
9 0.170898 0.592285 0.15625 0.174805 0.000442505
8 0.748535 0.368164 0.0185547 0.0136719 0.000445366
8 0.348145 0.663086 0.0458984 0.0546875 0.000447035
8 0.132324 0.571777 0.0263672 0.0244141 0.000450611
13 0.143555 0.494141 0.0703125 0.0410156 0.000460148
8 0.22168 0.519531 0.0351562 0.0292969 0.000472784
0 0.536133 0.361328 0.185547 0.162109 0.000473738
13 0.352539 0.393555 0.0703125 0.0839844 0.000482559
11 0.275879 0.17041 0.112305 0.0419922 0.000498772
8 0.567383 0.260742 0.0429688 0.0429688 0.000500202
2 0.666504 0.607422 0.0185547 0.0175781 0.00052309
11 0.375 0.191895 0.101562 0.0654297 0.000535488
11 0.616699 0.155762 0.0888672 0.0205078 0.000537395
2 0.553223 0.333008 0.106445 0.0878906 0.000550747
7 0.606445 0.182129 0.0410156 0.0322266 0.000557899
8 0.553223 0.333008 0.106445 0.0878906 0.00055933
8 0.23584 0.449707 0.0146484 0.0107422 0.000576019
0 0.553223 0.321777 0.118164 0.172852 0.00058794
9 0.191895 0.539551 0.124023 0.0517578 0.000591278
8 0.20459 0.68457 0.0283203 0.0253906 0.000598431
11 0.582031 0.195312 0.0703125 0.0527344 0.000599384
13 0.162598 0.524414 0.118164 0.105469 0.00061655
11 0.237305 0.189453 0.0566406 0.0390625 0.000636578
13 0.248047 0.288574 0.125 0.0908203 0.000638485
11 0.553223 0.335449 0.104492 0.0927734 0.000658512
11 0.350586 0.151855 0.121094 0.0302734 0.000693798
10 0.552246 0.344238 0.110352 0.108398 0.000703335
2 0.349121 0.627441 0.0126953 0.0107422 0.000710011
11 0.29834 0.183594 0.157227 0.0605469 0.000711441
0 0.570312 0.320801 0.0683594 0.0595703 0.000716686
8 0.191406 0.383301 0.0117188 0.0107422 0.000721931
7 0.169922 0.40625 0.123047 0.171875 0.000739574
10 0.263184 0.946777 0.391602 0.102539 0.000741005
8 0.26709 0.59375 0.0185547 0.0214844 0.000762463
13 0.269043 0.235352 0.0654297 0.0605469 0.000764847
11 0.609375 0.174805 0.0371094 0.0273438 0.000809193
3 0.263184 0.946777 0.391602 0.102539 0.000809669
13 0.124023 0.501465 0.0371094 0.0146484 0.000834465
11 0.615723 0.162598 0.0498047 0.0146484 0.000855923
8 0.744141 0.420898 0.0214844 0.0175781 0.000863075
8 0.187988 0.682129 0.0146484 0.0146484 0.000865459
13 0.140137 0.539062 0.0654297 0.0273438 0.000874996
8 0.137695 0.603516 0.015625 0.0136719 0.000884056
13 0.239258 0.575195 0.09375 0.0722656 0.000889301
13 0.290039 0.291992 0.0917969 0.0683594 0.00089407
13 0.230469 0.55957 0.140625 0.0585938 0.000941753
9 0.552246 0.344238 0.110352 0.108398 0.000944614
9 0.26709 0.26709 0.0888672 0.0927734 0.000964642
11 0.650391 0.163574 0.126953 0.0263672 0.000971794
8 0.126465 0.660645 0.0517578 0.0419922 0.000984192
13 0.130371 0.540039 0.0439453 0.0175781 0.00103855
7 0.264648 0.260742 0.0917969 0.0917969 0.00105286
6 0.263184 0.260742 0.0830078 0.0917969 0.00108624
11 0.384766 0.161621 0.0859375 0.0224609 0.00110435
3 0.528809 0.664062 0.331055 0.152344 0.00111961
9 0.638184 0.728027 0.0830078 0.0322266 0.00118256
13 0.309082 0.653809 0.0576172 0.0751953 0.00122929
8 0.666504 0.607422 0.0185547 0.0175781 0.00124168
13 0.268066 0.273438 0.12793 0.167969 0.00132275
10 0.873047 0.836914 0.0253906 0.03125 0.00133133
11 0.58252 0.168945 0.0595703 0.0253906 0.00143147
9 0.248047 0.240723 0.0625 0.0576172 0.00143337
8 0.402832 0.26416 0.0439453 0.0380859 0.00152016
6 0.248535 0.240234 0.0634766 0.0585938 0.00156403
11 0.318848 0.163574 0.102539 0.0185547 0.00163078
11 0.257324 0.182129 0.0849609 0.0439453 0.0016613
11 0.873047 0.836914 0.0253906 0.03125 0.00168037
13 0.134277 0.50293 0.0537109 0.0214844 0.00171757
13 0.60498 0.187988 0.0478516 0.0400391 0.00179195
8 0.157227 0.438965 0.0273438 0.0224609 0.00180626
13 0.179688 0.532227 0.105469 0.0605469 0.00194454
11 0.604004 0.185547 0.0478516 0.0371094 0.00206375
11 0.624512 0.175293 0.102539 0.0361328 0.0021019
13 0.14502 0.523438 0.0712891 0.0605469 0.00218582
13 0.302246 0.321289 0.114258 0.119141 0.00221825
13 0.240723 0.237793 0.0634766 0.0595703 0.00237083
3 0.553223 0.333008 0.106445 0.0878906 0.00241661
8 0.281738 0.641602 0.0166016 0.0136719 0.00261497
5 0.769043 0.526367 0.141602 0.302734 0.00266838
8 0.745117 0.419434 0.0136719 0.0107422 0.00306511
10 0.0688477 0.810059 0.0322266 0.0400391 0.00317764
13 0.243164 0.554688 0.101562 0.0351562 0.00357056
11 0.360352 0.174316 0.121094 0.0419922 0.00364876
11 0.0703125 0.808105 0.0332031 0.0439453 0.00411606
8 0.73877 0.427734 0.0322266 0.0253906 0.00447845
8 0.749023 0.369141 0.0117188 0.00976562 0.00452423
7 0.248535 0.240234 0.0634766 0.0585938 0.00475693
11 0.626465 0.162109 0.0869141 0.0175781 0.00543213
11 0.594238 0.177246 0.0810547 0.0439453 0.00623322
11 0.314941 0.168457 0.155273 0.0302734 0.00646973
8 0.349121 0.626465 0.0126953 0.0126953 0.00682831
13 0.163086 0.532715 0.0507812 0.0478516 0.00777817
13 0.205566 0.544922 0.131836 0.0546875 0.00905609
13 0.257324 0.250977 0.0634766 0.0644531 0.0183105
11 0.608398 0.166016 0.0917969 0.0273438 0.0240479
13 0.269531 0.267578 0.0957031 0.0917969 0.0273743
11 0.349609 0.164062 0.109375 0.0253906 0.0355225
0 0.554688 0.333984 0.101562 0.0878906 0.521484
