9 0.0439453 0.589355 0.0878906 0.299805 0.000100493
9 0.00439453 0.502441 0.00878906 0.0556641 0.000101268
2 0.156738 0.650391 0.0107422 0.015625 0.000101626
8 0.210938 0.366211 0.0117188 0.0117188 0.000101686
9 0.490723 0.321777 0.168945 0.219727 0.00010258
3 0.900879 0.299316 0.186523 0.204102 0.000102937
6 0.128418 0.11084 0.256836 0.202148 0.000103295
7 0.224609 0.498535 0.0332031 0.0244141 0.000103354
2 0.633301 0.00390625 0.0478516 0.0078125 0.000103593
13 0.0185547 0.760254 0.0371094 0.0927734 0.000103891
8 0.41748 0.300781 0.0166016 0.0214844 0.000104845
11 0.708984 0.166504 0.0625 0.0380859 0.000105798
10 0.697754 0.158691 0.104492 0.0439453 0.000106096
3 0.808105 0.0839844 0.383789 0.167969 0.000106156
1 0.692871 0.172363 0.172852 0.0810547 0.000106275
12 0.894043 0.322754 0.209961 0.262695 0.0001086
11 0.156738 0.648926 0.0107422 0.0107422 0.000110149
9 0.0200195 0.678711 0.0400391 0.111328 0.000112951
11 0.896484 0.359863 0.207031 0.28418 0.000114024
8 0.156738 0.648926 0.0107422 0.0107422 0.00011456
8 0.731445 0.429688 0.015625 0.0117188 0.000114918
8 0.399902 0.297363 0.0166016 0.0146484 0.000114977
8 0.439941 0.396973 0.0244141 0.0263672 0.000116765
0 0.90625 0.842285 0.123047 0.18457 0.000117421
9 0.197754 0.599121 0.0185547 0.0185547 0.0001176
9 0.152832 0.60791 0.0712891 0.104492 0.000117719
10 0.232422 0.983398 0.142578 0.03125 0.000117958
8 0.605957 0.220215 0.0166016 0.0146484 0.000118494
5 0.165527 0.0893555 0.331055 0.178711 0.000118673
9 0.210938 0.505859 0.181641 0.220703 0.000120521
2 0.603027 0.00292969 0.0126953 0.00585938 0.000120938
1 0.789062 0.574707 0.128906 0.149414 0.000121117
11 0.65918 0.18457 0.197266 0.101562 0.00012219
5 0.963867 0.914062 0.0722656 0.150391 0.000122309
11 0.844238 0.952148 0.311523 0.0957031 0.000122428
13 0.195801 0.413086 0.0419922 0.0273438 0.00012517
7 0.760742 0.578125 0.078125 0.0839844 0.000125408
9 0.478516 0.785156 0.162109 0.308594 0.0001266
9 0.442871 0.731445 0.0947266 0.0976562 0.000126839
11 0.84668 0.683594 0.0488281 0.0839844 0.000127077
2 0.632812 0.00341797 0.015625 0.00683594 0.000127435
8 0.996582 0.477051 0.00683594 0.0166016 0.000127673
9 0.996094 0.474121 0.0078125 0.0166016 0.000128388
0 0.40918 0.983398 0.113281 0.0332031 0.000128865
11 0.779297 0.556641 0.15625 0.208984 0.000129342
11 0.639648 0.144531 0.152344 0.0332031 0.000129342
8 0.996094 0.658203 0.0078125 0.0175781 0.000130177
8 0.707031 0.418945 0.0175781 0.0136719 0.000131369
8 0.308105 0.441406 0.0126953 0.0117188 0.000133634
2 0.115234 0.111328 0.230469 0.205078 0.000134587
8 0.996094 0.922852 0.0078125 0.0195312 0.000139713
8 0.404297 0.462891 0.046875 0.0410156 0.000139952
9 0.0214844 0.562012 0.0429688 0.245117 0.000139952
11 0.244141 0.178711 0.140625 0.078125 0.000140786
8 0.784668 0.56543 0.12793 0.154297 0.000142932
8 0.703613 0.391113 0.0146484 0.0126953 0.000143528
9 0.335449 0.266602 0.0302734 0.0292969 0.000144482
9 0.00292969 0.662109 0.00585938 0.0175781 0.00014472
8 0.219238 0.503906 0.0244141 0.0175781 0.000145793
8 0.402344 0.266602 0.0546875 0.0390625 0.000147462
13 0.239746 0.187012 0.0751953 0.0634766 0.0001477
13 0.711914 0.180664 0.109375 0.0800781 0.000148416
9 0.0332031 0.678223 0.0351562 0.0224609 0.000151157
13 0.0224609 0.682129 0.0429688 0.0224609 0.000152111
9 0.197754 0.413574 0.0439453 0.0302734 0.000153065
10 0.309082 0.949707 0.30957 0.0908203 0.000154376
7 0.732422 0.584473 0.25 0.223633 0.000155568
9 0.981934 0.176758 0.0361328 0.0722656 0.000158191
9 0.49707 0.400879 0.212891 0.311523 0.000158191
1 0.697754 0.158691 0.104492 0.0439453 0.000162125
9 0.696777 0.665527 0.325195 0.21582 0.000165105
3 0.771484 0.151367 0.457031 0.302734 0.000167251
9 0.546387 0.322754 0.114258 0.124023 0.000167966
11 0.311523 0.153809 0.0507812 0.0146484 0.000168085
9 0.652344 0.633301 0.1875 0.0693359 0.000170112
2 0.0185547 0.760254 0.0371094 0.0927734 0.00017035
7 0.729492 0.653809 0.265625 0.112305 0.000172615
8 0.188965 0.601562 0.0263672 0.0253906 0.000175476
8 0.36084 0.581543 0.0244141 0.0263672 0.000178337
9 0.138672 0.650879 0.0820312 0.129883 0.000178695
8 0.234863 0.493164 0.0361328 0.0234375 0.000182152
8 0.194336 0.552246 0.0117188 0.0107422 0.000182629
11 0.796875 0.61377 0.132812 0.163086 0.000183105
8 0.788574 0.480469 0.00878906 0.00976562 0.000183225
11 0.0185547 0.760254 0.0371094 0.0927734 0.000183821
10 0.824707 0.617676 0.0654297 0.118164 0.0001899
9 0.0283203 0.487793 0.0566406 0.454102 0.000192165
8 0.168945 0.61084 0.0234375 0.0224609 0.000195146
9 0.157227 0.663086 0.0175781 0.0429688 0.000197887
9 0.648438 0.458008 0.103516 0.140625 0.000198007
9 0.00537109 0.527832 0.0107422 0.0732422 0.000205517
8 0.331055 0.408691 0.0214844 0.0146484 0.000205755
9 0.227051 0.578613 0.233398 0.15332 0.00020802
3 0.840332 0.359863 0.319336 0.356445 0.000213146
9 0.154297 0.666992 0.0351562 0.0703125 0.000213385
8 0.284668 0.237305 0.0302734 0.0273438 0.000216961
3 0.563965 0.61084 0.354492 0.112305 0.000217915
5 0.776367 0.560547 0.111328 0.144531 0.000221968
7 0.166504 0.598633 0.135742 0.1875 0.000224471
9 0.792969 0.63623 0.136719 0.143555 0.000226259
8 0.267578 0.312988 0.0234375 0.0205078 0.000227213
11 0.741699 0.188965 0.170898 0.108398 0.000227928
9 0.424316 0.994629 0.0361328 0.0107422 0.00022912
9 0.399902 0.986816 0.125977 0.0263672 0.000238299
7 0.243164 0.244629 0.0546875 0.0419922 0.000252008
9 0.243164 0.244629 0.0546875 0.0419922 0.000254631
9 0.160156 0.577148 0.0625 0.0605469 0.0002563
11 0.821777 0.637695 0.0849609 0.113281 0.000259399
9 0.694824 0.411621 0.280273 0.446289 0.00026226
11 0.756348 0.192383 0.0712891 0.0761719 0.000270367
11 0.296387 0.168945 0.133789 0.0507812 0.000271559
11 0.589844 0.165527 0.0703125 0.0419922 0.000274658
11 0.414551 0.182617 0.0517578 0.0351562 0.000276566
8 0.98584 0.384766 0.0283203 0.125 0.000277519
13 0.244629 0.244141 0.0537109 0.0410156 0.000281811
9 0.54541 0.566406 0.37207 0.136719 0.000282526
9 0.667969 0.503906 0.150391 0.208984 0.00029707
12 0.233398 0.637695 0.263672 0.162109 0.000300646
9 0.984863 0.387207 0.0283203 0.125977 0.000312805
9 0.162109 0.561523 0.0957031 0.0976562 0.000321627
9 0.224609 0.498535 0.0332031 0.0244141 0.000323534
11 0.217773 0.197754 0.0761719 0.0673828 0.000325441
10 0.839355 0.682617 0.0615234 0.0898438 0.000329971
13 0.115234 0.111328 0.230469 0.205078 0.000338316
8 0.696777 0.283203 0.0166016 0.0136719 0.000341177
9 0.150879 0.59375 0.0615234 0.0195312 0.0003438
11 0.691406 0.156738 0.193359 0.0947266 0.000347614
12 0.156738 0.618652 0.124023 0.182617 0.000347853
9 0.0219727 0.681641 0.0439453 0.0273438 0.000351191
13 0.776855 0.556152 0.120117 0.163086 0.000360489
11 0.618652 0.154785 0.12207 0.0322266 0.000364304
8 0.679688 0.323242 0.0175781 0.0136719 0.000376225
9 0.156738 0.648926 0.0107422 0.0107422 0.000384569
8 0.244141 0.244141 0.0546875 0.0390625 0.000397682
9 0.202148 0.570801 0.138672 0.112305 0.000409126
0 0.0185547 0.760254 0.0371094 0.0927734 0.000422955
4 0.789062 0.574707 0.128906 0.149414 0.000435829
11 0.687988 0.15625 0.0634766 0.0292969 0.000445366
10 0.779297 0.556641 0.15625 0.208984 0.000446558
11 0.391602 0.149902 0.0800781 0.0224609 0.000452757
7 0.98584 0.38623 0.0283203 0.129883 0.000458002
8 0.352539 0.479004 0.03125 0.0302734 0.000459671
13 0.635254 0.328613 0.0439453 0.0537109 0.000473261
7 0.197266 0.564941 0.134766 0.114258 0.000474215
0 0.494629 0.34668 0.196289 0.166016 0.000476837
9 0.425781 0.991699 0.0546875 0.0166016 0.000485182
0 0.441406 0.990234 0.0800781 0.0175781 0.000495434
9 0.233398 0.637695 0.263672 0.162109 0.000499249
2 0.424316 0.994629 0.0361328 0.0107422 0.000526905
11 0.300293 0.158203 0.0595703 0.0195312 0.000528812
11 0.349609 0.152344 0.134766 0.0292969 0.000534058
10 0.729492 0.653809 0.265625 0.112305 0.000547409
8 0.334473 0.266602 0.0322266 0.0292969 0.000578403
7 0.667969 0.503906 0.150391 0.208984 0.000580311
11 0.574707 0.150391 0.0615234 0.0371094 0.000588417
10 0.796875 0.67041 0.15625 0.161133 0.000589371
10 0.835449 0.651367 0.0556641 0.0898438 0.000611782
9 0.515625 0.69873 0.0390625 0.0595703 0.000688076
9 0.156738 0.651855 0.0146484 0.0185547 0.000712395
11 0.253906 0.17041 0.0507812 0.0361328 0.000752926
9 0.750977 0.513184 0.193359 0.249023 0.000758171
11 0.837402 0.65918 0.0595703 0.09375 0.00084877
0 0.430664 0.994141 0.0546875 0.0117188 0.000884533
7 0.796875 0.61377 0.132812 0.163086 0.000908375
8 0.197754 0.528809 0.0185547 0.0146484 0.000918865
11 0.385742 0.168945 0.0996094 0.0449219 0.000926971
11 0.400879 0.17627 0.0634766 0.0341797 0.000926971
8 0.581543 0.291504 0.0166016 0.0146484 0.000982285
6 0.782227 0.563477 0.115234 0.154297 0.00102043
7 0.750977 0.513184 0.193359 0.249023 0.00104046
9 0.70752 0.650879 0.290039 0.102539 0.001091
9 0.156738 0.618652 0.124023 0.182617 0.00109863
11 0.345703 0.163086 0.160156 0.0351562 0.0011034
8 0.224609 0.498535 0.0332031 0.0244141 0.00116253
2 0.425781 0.991699 0.0546875 0.0166016 0.0011797
10 0.114258 0.683594 0.0351562 0.0527344 0.00125694
10 0.819824 0.65625 0.0927734 0.121094 0.00150585
9 0.780762 0.574219 0.120117 0.144531 0.00159264
11 0.114258 0.683594 0.0351562 0.0527344 0.00163841
8 0.197754 0.599121 0.0185547 0.0185547 0.00169373
10 0.796875 0.61377 0.132812 0.163086 0.0018301
11 0.650391 0.163086 0.195312 0.046875 0.00231361
0 0.408203 0.991699 0.101562 0.0166016 0.00232315
0 0.544434 0.32373 0.114258 0.110352 0.00353432
11 0.258789 0.172363 0.0878906 0.0537109 0.00384521
11 0.31543 0.154785 0.101562 0.0224609 0.0051918
11 0.665039 0.152832 0.126953 0.0341797 0.00566864
11 0.239746 0.187012 0.0751953 0.0634766 0.00587845
7 0.782227 0.563477 0.115234 0.154297 0.00801849
11 0.714355 0.175293 0.108398 0.0712891 0.00862885
11 0.287109 0.160645 0.0957031 0.0302734 0.0216217
3 0.547363 0.561035 0.37207 0.133789 0.0254364
11 0.697266 0.15918 0.103516 0.0429688 0.0472412
