13 0.369629 0.246582 0.157227 0.0634766 0.000113368
11 0.161621 0.699219 0.0556641 0.0859375 0.000113845
13 0.350098 0.320801 0.0224609 0.0166016 0.000114083
8 0.350098 0.322266 0.0693359 0.0527344 0.000114143
12 0.30127 0.269043 0.135742 0.0830078 0.000114143
3 0.785156 0.245605 0.429688 0.393555 0.000115693
0 0.908203 0.370117 0.142578 0.242188 0.000117421
10 0.23584 0.883789 0.415039 0.224609 0.000117719
9 0.388672 0.307129 0.117188 0.163086 0.000117898
9 0.105957 0.525879 0.211914 0.540039 0.000118971
6 0.321289 0.385254 0.175781 0.186523 0.000119507
13 0.254883 0.637695 0.132812 0.0976562 0.000119686
8 0.674316 0.298828 0.0146484 0.0136719 0.000119746
13 0.942383 0.472168 0.115234 0.645508 0.000119984
8 0.324219 0.421875 0.0214844 0.0175781 0.000120342
11 0.90625 0.369141 0.177734 0.246094 0.00012219
9 0.0214844 0.428711 0.0429688 0.111328 0.000123143
5 0.942383 0.472168 0.115234 0.645508 0.000123262
13 0.254883 0.299805 0.078125 0.0761719 0.000123382
8 0.737305 0.594727 0.015625 0.0136719 0.00012362
7 0.75293 0.596191 0.144531 0.206055 0.000123739
10 0.281738 0.276367 0.102539 0.0878906 0.000123739
11 0.318359 0.249023 0.123047 0.0722656 0.000124097
0 0.905762 0.782715 0.188477 0.174805 0.000124335
13 0.366699 0.305176 0.0927734 0.0927734 0.000126719
13 0.741699 0.512207 0.0556641 0.0146484 0.000128031
9 0.206055 0.709961 0.140625 0.164062 0.000128746
5 0.114746 0.489258 0.229492 0.4375 0.000129461
9 0.784668 0.564453 0.0341797 0.03125 0.000129938
10 0.185547 0.164062 0.371094 0.271484 0.000130773
4 0.795898 0.569336 0.0253906 0.0292969 0.000131607
8 0.289062 0.574707 0.0136719 0.0126953 0.000133038
1 0.590332 0.241699 0.0810547 0.0380859 0.000133157
7 0.230469 0.675293 0.136719 0.110352 0.000133395
2 0.338867 0.291016 0.244141 0.201172 0.000133753
8 0.869141 0.374512 0.261719 0.342773 0.000133872
10 0.5625 0.618652 0.408203 0.266602 0.00013423
2 0.368652 0.344727 0.116211 0.15625 0.000136137
7 0.325684 0.379883 0.202148 0.25 0.000136614
11 0.680664 0.236816 0.0761719 0.0439453 0.000137329
7 0.788574 0.569336 0.0224609 0.015625 0.000138283
4 0.338867 0.291016 0.244141 0.201172 0.00013864
6 0.800293 0.202148 0.399414 0.404297 0.000139475
8 0.946289 0.466797 0.03125 0.0351562 0.000139832
9 0.777832 0.590332 0.0908203 0.180664 0.00014019
11 0.977539 0.298828 0.0449219 0.146484 0.000140667
10 0.858398 0.751953 0.0449219 0.0683594 0.000140905
11 0.70459 0.00439453 0.0341797 0.00878906 0.000141859
8 0.338867 0.291016 0.244141 0.201172 0.000142932
0 0.563477 0.651367 0.408203 0.263672 0.000146508
11 0.609863 0.266113 0.114258 0.0673828 0.000147343
2 0.869141 0.374512 0.261719 0.342773 0.000147581
13 0.626953 0.282715 0.0234375 0.0205078 0.000147939
11 0.333984 0.260254 0.078125 0.0458984 0.000151157
9 0.260254 0.296387 0.0771484 0.0791016 0.000152111
13 0.771484 0.445801 0.0273438 0.0126953 0.000152588
4 0.181152 0.705078 0.0517578 0.0664062 0.000154138
13 0.70459 0.159668 0.446289 0.319336 0.000154853
8 0.784668 0.564453 0.0341797 0.03125 0.000156403
11 0.567383 0.277832 0.0644531 0.0986328 0.000159025
9 0.79248 0.57373 0.0498047 0.0673828 0.000161171
11 0.869141 0.374512 0.261719 0.342773 0.000161886
9 0.265625 0.620117 0.173828 0.144531 0.000162005
2 0.374512 0.333984 0.0673828 0.113281 0.000163436
3 0.393555 0.968262 0.443359 0.0634766 0.000164151
8 0.793457 0.563477 0.0224609 0.0214844 0.00016427
1 0.369629 0.331543 0.0791016 0.114258 0.00016439
7 0.207031 0.701172 0.0996094 0.0957031 0.000166297
8 0.779297 0.53125 0.0175781 0.00976562 0.000166893
9 0.512695 0.486328 0.195312 0.287109 0.000169754
1 0.185547 0.164062 0.371094 0.271484 0.000173807
5 0.27832 0.442871 0.142578 0.245117 0.000174403
10 0.905273 0.369141 0.189453 0.253906 0.000174403
13 0.769043 0.638184 0.0693359 0.0732422 0.000175238
11 0.858398 0.750977 0.0449219 0.0703125 0.000175953
9 0.5625 0.618652 0.408203 0.266602 0.000179291
0 0.147461 0.424805 0.0820312 0.128906 0.000179648
8 0.773926 0.577637 0.0107422 0.00878906 0.000181794
7 0.263672 0.701172 0.214844 0.0996094 0.000183225
8 0.185547 0.164062 0.371094 0.271484 0.000185251
11 0.708984 0.258789 0.0703125 0.0527344 0.000186682
9 0.235352 0.651367 0.115234 0.0839844 0.000187039
2 0.181152 0.702148 0.0517578 0.0722656 0.000187397
1 0.306641 0.288574 0.183594 0.110352 0.000188231
13 0.650879 0.305176 0.0751953 0.0830078 0.000189066
11 0.233398 0.32666 0.0605469 0.0869141 0.000189781
13 0.378906 0.305664 0.0507812 0.0742188 0.000190973
9 0.307129 0.67041 0.166992 0.0537109 0.000191212
11 0.919434 0.652832 0.0166016 0.0224609 0.000191808
9 0.621094 0.286621 0.0117188 0.0126953 0.000197291
2 0.788086 0.575195 0.0332031 0.0214844 0.000201464
9 0.326172 0.838867 0.40625 0.3125 0.000203729
5 0.79541 0.569336 0.0146484 0.0117188 0.000208616
8 0.637695 0.332031 0.0214844 0.0195312 0.000208855
9 0.280273 0.274902 0.101562 0.0908203 0.000210643
9 0.386719 0.456055 0.0761719 0.09375 0.000212789
10 0.794922 0.569336 0.0175781 0.0136719 0.000213861
3 0.51416 0.42041 0.231445 0.137695 0.000214219
0 0.341797 0.269531 0.238281 0.193359 0.000215888
0 0.905273 0.789551 0.119141 0.110352 0.000216007
2 0.617676 0.481445 0.0244141 0.0136719 0.000216246
12 0.182129 0.703125 0.0517578 0.0703125 0.000217676
13 0.782715 0.572754 0.0361328 0.0205078 0.000219584
10 0.171875 0.682617 0.0703125 0.126953 0.000219822
13 0.350098 0.322266 0.0693359 0.0527344 0.000219941
13 0.303223 0.623047 0.0693359 0.0507812 0.000219941
4 0.185547 0.164062 0.371094 0.271484 0.000222802
11 0.793457 0.569824 0.0205078 0.0166016 0.000223756
1 0.796387 0.568848 0.0146484 0.0126953 0.000224829
8 0.344727 0.655273 0.0136719 0.0136719 0.000225306
13 0.616699 0.481934 0.0166016 0.0107422 0.000225306
7 0.263184 0.288086 0.0634766 0.0527344 0.000225425
11 0.598145 0.226562 0.0908203 0.03125 0.000226855
7 0.333008 0.319336 0.177734 0.126953 0.000227451
9 0.787598 0.573242 0.0224609 0.0195312 0.00022769
8 0.765625 0.601562 0.00976562 0.00976562 0.000229955
12 0.793945 0.569336 0.0175781 0.0136719 0.000235558
3 0.786133 0.113281 0.427734 0.226562 0.000235677
10 0.16748 0.746582 0.0517578 0.0751953 0.000237584
9 0.374512 0.333984 0.0673828 0.113281 0.000238776
5 0.765137 0.562988 0.0966797 0.19043 0.000239134
8 0.657715 0.287109 0.00878906 0.00976562 0.00024116
9 0.279297 0.74707 0.255859 0.146484 0.000243783
9 0.51416 0.42041 0.231445 0.137695 0.000245094
5 0.786133 0.113281 0.427734 0.226562 0.000246525
9 0.616699 0.481934 0.0166016 0.0107422 0.000246525
3 0.796387 0.568848 0.0146484 0.0126953 0.000247002
8 0.319336 0.439941 0.0195312 0.0146484 0.000248194
11 0.603027 0.239258 0.0498047 0.0253906 0.000248194
6 0.375488 0.340332 0.0712891 0.116211 0.000252724
1 0.260254 0.296387 0.0771484 0.0791016 0.000253677
8 0.776855 0.575684 0.0205078 0.0107422 0.000256777
5 0.149414 0.141602 0.298828 0.263672 0.00025773
7 0.280273 0.274902 0.101562 0.0908203 0.000260592
0 0.869141 0.374512 0.261719 0.342773 0.000264406
11 0.185547 0.164062 0.371094 0.271484 0.000267267
11 0.277832 0.275391 0.0634766 0.0605469 0.000267982
10 0.260254 0.296387 0.0771484 0.0791016 0.000269651
9 0.913574 0.693359 0.0244141 0.078125 0.000274658
3 0.559082 0.697266 0.370117 0.138672 0.000275612
11 0.16748 0.746582 0.0517578 0.0751953 0.000276804
13 0.280273 0.274902 0.101562 0.0908203 0.00028038
0 0.566895 0.403809 0.0615234 0.0810547 0.000282764
7 0.286133 0.505859 0.199219 0.359375 0.000288248
11 0.632812 0.227051 0.101562 0.0244141 0.000291348
5 0.34082 0.26709 0.208984 0.102539 0.00029254
13 0.181152 0.705078 0.0517578 0.0664062 0.000295877
11 0.67334 0.250488 0.12207 0.0634766 0.000296354
5 0.267578 0.586426 0.158203 0.19043 0.000302792
10 0.217773 0.699219 0.130859 0.171875 0.000303745
6 0.293945 0.492676 0.207031 0.375977 0.000310898
2 0.185547 0.164062 0.371094 0.271484 0.000311136
7 0.0214844 0.428711 0.0429688 0.111328 0.00031352
9 0.705078 0.00488281 0.0351562 0.00976562 0.00031352
11 0.280762 0.341797 0.139648 0.160156 0.000314951
6 0.18457 0.164062 0.369141 0.283203 0.000323772
8 0.39209 0.439941 0.0576172 0.0615234 0.000328779
8 0.342773 0.560547 0.0234375 0.0234375 0.000349283
0 0.17627 0.706055 0.0556641 0.078125 0.000350237
13 0.716309 0.382324 0.0205078 0.0244141 0.000356674
11 0.715332 0.257812 0.0458984 0.03125 0.000367165
8 0.625977 0.283203 0.0234375 0.0195312 0.000379562
4 0.568848 0.646484 0.37793 0.117188 0.000385284
13 0.625 0.480957 0.0410156 0.0166016 0.000386953
0 0.505371 0.455078 0.211914 0.193359 0.000386953
8 0.347168 0.546875 0.0224609 0.015625 0.000398159
3 0.17627 0.706055 0.0556641 0.078125 0.000399828
11 0.656738 0.234375 0.104492 0.0292969 0.000407457
9 0.295898 0.490723 0.203125 0.375977 0.000416756
13 0.298828 0.617188 0.0976562 0.0898438 0.000425816
13 0.63623 0.280273 0.0478516 0.0332031 0.000426531
13 0.792969 0.569336 0.0292969 0.0234375 0.000431776
6 0.568848 0.646484 0.37793 0.117188 0.000435114
7 0.417969 0.272949 0.0742188 0.112305 0.000437021
8 0.375977 0.400391 0.015625 0.015625 0.000442028
9 0.981934 0.0107422 0.0166016 0.0195312 0.000449181
6 0.568359 0.405273 0.121094 0.115234 0.000452042
7 0.371094 0.24707 0.160156 0.0625 0.000456095
7 0.564941 0.645996 0.37793 0.124023 0.000459909
5 0.726074 0.536621 0.182617 0.342773 0.000466347
1 0.564941 0.645996 0.37793 0.124023 0.000474691
9 0.424805 0.272461 0.0625 0.113281 0.000480652
8 0.568359 0.651367 0.378906 0.117188 0.00048542
11 0.238281 0.703613 0.154297 0.0869141 0.000490665
13 0.185547 0.164062 0.371094 0.271484 0.000494003
4 0.79541 0.569336 0.0146484 0.0117188 0.000494003
1 0.341797 0.269531 0.238281 0.193359 0.000500679
9 0.184082 0.70166 0.0517578 0.0693359 0.00050354
13 0.361328 0.304199 0.15625 0.131836 0.000518322
13 0.324707 0.362305 0.170898 0.160156 0.00052309
6 0.79541 0.569336 0.0146484 0.0117188 0.000529766
9 0.946777 0.465332 0.0341797 0.0341797 0.000533104
12 0.568359 0.651367 0.378906 0.117188 0.000537395
10 0.169434 0.688965 0.0478516 0.0791016 0.000542641
4 0.570801 0.40918 0.116211 0.121094 0.000548363
7 0.795898 0.569336 0.0253906 0.0292969 0.000552177
2 0.564941 0.645996 0.37793 0.124023 0.000563622
13 0.800293 0.202148 0.399414 0.404297 0.000567436
7 0.386719 0.456055 0.0761719 0.09375 0.000567436
1 0.184082 0.70166 0.0517578 0.0693359 0.000570774
8 0.0166016 0.428711 0.0332031 0.0957031 0.000571251
2 0.616211 0.480957 0.0136719 0.0107422 0.000576973
11 0.616211 0.232422 0.0605469 0.0214844 0.000582695
7 0.570801 0.40918 0.116211 0.121094 0.000588417
8 0.349609 0.320801 0.015625 0.0126953 0.000590324
11 0.171875 0.725586 0.0722656 0.123047 0.000603199
13 0.338867 0.291016 0.244141 0.201172 0.000610828
1 0.280273 0.274902 0.101562 0.0908203 0.000613689
3 0.175293 0.154785 0.350586 0.268555 0.000618458
9 0.792969 0.571289 0.0332031 0.0332031 0.000618458
8 0.787598 0.573242 0.0224609 0.0195312 0.000637531
11 0.564941 0.645996 0.37793 0.124023 0.000646114
9 0.260254 0.671387 0.186523 0.0810547 0.000658035
7 0.341797 0.269531 0.238281 0.193359 0.000666142
9 0.207031 0.701172 0.0996094 0.0957031 0.000676632
11 0.390137 0.300293 0.112305 0.137695 0.000697136
13 0.564941 0.645996 0.37793 0.124023 0.000706673
5 0.570801 0.40918 0.116211 0.121094 0.000729561
11 0.79541 0.569824 0.0126953 0.0107422 0.000751972
12 0.568848 0.408203 0.12207 0.121094 0.000752449
8 0.260742 0.505859 0.0117188 0.00976562 0.000776768
7 0.182129 0.703125 0.0517578 0.0703125 0.000779629
11 0.417969 0.272949 0.0742188 0.112305 0.000794888
1 0.568359 0.405273 0.121094 0.115234 0.000837326
11 0.175293 0.678711 0.0478516 0.0957031 0.000856876
5 0.566406 0.648438 0.378906 0.128906 0.000859261
10 0.26123 0.709473 0.213867 0.104492 0.000891209
7 0.369629 0.331543 0.0791016 0.114258 0.000891685
8 0.618164 0.480469 0.0175781 0.0117188 0.0008955
10 0.341797 0.269531 0.238281 0.193359 0.000914097
11 0.290039 0.29248 0.171875 0.116211 0.000946999
11 0.568359 0.405273 0.121094 0.115234 0.000963688
0 0.79541 0.569336 0.0146484 0.0117188 0.00096941
11 0.351074 0.314453 0.139648 0.111328 0.00102139
10 0.566895 0.652344 0.383789 0.121094 0.00102901
9 0.919434 0.652832 0.0166016 0.0224609 0.00105476
13 0.568359 0.405273 0.121094 0.115234 0.00115299
2 0.568359 0.405273 0.121094 0.115234 0.00129604
2 0.794434 0.570801 0.0322266 0.0361328 0.00131035
8 0.617676 0.604004 0.0185547 0.0146484 0.00133228
8 0.570801 0.40918 0.116211 0.121094 0.00134563
10 0.570801 0.40918 0.116211 0.121094 0.00144863
8 0.339844 0.566406 0.0175781 0.0175781 0.00147533
9 0.566895 0.65332 0.381836 0.119141 0.00151825
11 0.579102 0.255859 0.0722656 0.0585938 0.00168324
2 0.794922 0.570801 0.0234375 0.0205078 0.00172138
8 0.621094 0.286621 0.0117188 0.0126953 0.00174618
8 0.794434 0.570801 0.0322266 0.0361328 0.00178337
9 0.570801 0.40918 0.116211 0.121094 0.00201797
13 0.765625 0.635254 0.0546875 0.0400391 0.00204659
0 0.581543 0.382324 0.0791016 0.0693359 0.00221252
13 0.796387 0.568848 0.0146484 0.0126953 0.0022316
11 0.62793 0.241211 0.154297 0.0449219 0.00224495
10 0.182129 0.719727 0.0771484 0.130859 0.002285
11 0.369629 0.331543 0.0791016 0.114258 0.00234795
0 0.566895 0.65332 0.381836 0.119141 0.00244904
11 0.335449 0.291016 0.223633 0.197266 0.0025444
6 0.34082 0.26709 0.208984 0.102539 0.00266647
11 0.196289 0.688477 0.0761719 0.0800781 0.00269127
9 0.794922 0.570801 0.0234375 0.0205078 0.00277901
0 0.345215 0.266113 0.206055 0.100586 0.0028801
10 0.191895 0.683105 0.0654297 0.0810547 0.00293922
3 0.570801 0.40918 0.116211 0.121094 0.00299835
12 0.34668 0.273438 0.212891 0.113281 0.00307846
11 0.693359 0.248047 0.0703125 0.046875 0.0030899
11 0.25293 0.303223 0.0859375 0.100586 0.00330162
9 0.263672 0.701172 0.214844 0.0996094 0.00354195
13 0.368652 0.344727 0.116211 0.15625 0.00361824
9 0.339844 0.27002 0.212891 0.112305 0.00362396
8 0.337402 0.268555 0.213867 0.0996094 0.00410461
5 0.293945 0.492676 0.207031 0.375977 0.00416565
7 0.79541 0.569336 0.0146484 0.0117188 0.00419235
2 0.337402 0.268555 0.213867 0.0996094 0.0042038
11 0.193359 0.719727 0.0859375 0.0878906 0.00457001
10 0.207031 0.701172 0.0996094 0.0957031 0.00473785
11 0.362305 0.23877 0.177734 0.0595703 0.00481415
0 0.549805 0.42041 0.183594 0.163086 0.00529099
3 0.5625 0.618652 0.408203 0.266602 0.0069809
10 0.171387 0.721191 0.0517578 0.0732422 0.00699615
8 0.794922 0.570801 0.0234375 0.0205078 0.00774384
4 0.339355 0.267578 0.211914 0.0996094 0.00774384
11 0.171387 0.721191 0.0517578 0.0732422 0.00904083
13 0.340332 0.269043 0.208008 0.100586 0.0112228
10 0.345215 0.26123 0.209961 0.0927734 0.0119705
13 0.374512 0.333984 0.0673828 0.113281 0.0135193
11 0.617188 0.234375 0.0996094 0.0292969 0.0156708
11 0.280273 0.274902 0.101562 0.0908203 0.0184937
9 0.79541 0.569336 0.0126953 0.0117188 0.0232239
2 0.794434 0.569824 0.0166016 0.0126953 0.0250702
11 0.261719 0.291504 0.0644531 0.0537109 0.0284882
7 0.334961 0.26416 0.203125 0.0947266 0.0359192
3 0.345215 0.266113 0.206055 0.100586 0.0401001
11 0.59082 0.241699 0.078125 0.0380859 0.0410767
1 0.341797 0.262207 0.205078 0.0966797 0.0453186
10 0.182129 0.703125 0.0517578 0.0703125 0.108459
11 0.182129 0.703125 0.0517578 0.0703125 0.128174
8 0.796387 0.568848 0.0146484 0.0126953 0.172852
11 0.339844 0.266602 0.207031 0.09375 0.361084
3 0.565918 0.649902 0.383789 0.118164 0.641113
0 0.569824 0.405273 0.116211 0.115234 0.65918
