8 0.775391 0.545898 0.03125 0.0292969 0.000100851
9 0.570801 0.337891 0.331055 0.257812 0.00010252
9 0.460938 0.310547 0.121094 0.164062 0.000104904
11 0.612793 0.131836 0.0830078 0.0292969 0.000104904
11 0.809082 0.620117 0.0595703 0.0839844 0.000105143
11 0.519531 0.291016 0.0976562 0.0859375 0.000105262
0 0.85498 0.756836 0.112305 0.125 0.000105321
12 0.882812 0.397461 0.234375 0.564453 0.000106215
11 0.571289 0.12207 0.0683594 0.015625 0.000106573
9 0.678711 0.612793 0.289062 0.172852 0.000107586
1 0.162598 0.444336 0.325195 0.527344 0.000107944
9 0.883301 0.333984 0.233398 0.666016 0.000108361
13 0.877441 0.916992 0.245117 0.166016 0.000108659
11 0.291504 0.164062 0.0517578 0.0507812 0.000108778
13 0.655273 0.142578 0.494141 0.285156 0.000109851
8 0.409668 0.356445 0.0126953 0.0136719 0.000109911
9 0.447754 0.150391 0.0205078 0.03125 0.000110507
9 0.459473 0.35791 0.0908203 0.311523 0.000110626
2 0.655273 0.142578 0.494141 0.285156 0.000112236
12 0.839355 0.405273 0.321289 0.810547 0.000112772
13 0.518066 0.290527 0.0986328 0.0908203 0.000114918
4 0.162598 0.444336 0.325195 0.527344 0.000115454
5 0.565918 0.528809 0.323242 0.116211 0.000120282
9 0.505859 0.220215 0.0605469 0.0654297 0.000125051
7 0.518555 0.284668 0.0898438 0.0751953 0.00012517
11 0.384277 0.158203 0.0341797 0.0234375 0.000129342
0 0.85791 0.725586 0.25293 0.220703 0.000132203
9 0.560547 0.348145 0.0488281 0.0576172 0.000136614
0 0.541992 0.34375 0.121094 0.142578 0.000139952
8 0.571289 0.350586 0.0664062 0.0742188 0.000140071
8 0.162598 0.444336 0.325195 0.527344 0.000141144
9 0.312012 0.376953 0.227539 0.431641 0.000141859
11 0.334961 0.152344 0.107422 0.0390625 0.000145555
9 0.650879 0.410156 0.276367 0.357422 0.000148416
2 0.555176 0.33252 0.0732422 0.102539 0.000148654
2 0.598633 0.334961 0.015625 0.015625 0.000148654
3 0.433105 0.755859 0.489258 0.302734 0.00015378
11 0.566406 0.527344 0.314453 0.111328 0.00015676
10 0.103027 0.46875 0.206055 0.697266 0.000156879
12 0.162598 0.444336 0.325195 0.527344 0.000161171
3 0.519531 0.291016 0.0976562 0.0859375 0.000162959
11 0.541016 0.138672 0.0507812 0.03125 0.000163674
8 0.381836 0.96875 0.0761719 0.0605469 0.000165462
8 0.264648 0.553223 0.0234375 0.0244141 0.000166297
0 0.842773 0.379395 0.314453 0.571289 0.000167608
2 0.162598 0.444336 0.325195 0.527344 0.000172377
8 0.590332 0.218262 0.0185547 0.0146484 0.000176072
11 0.162598 0.444336 0.325195 0.527344 0.000176668
9 0.510254 0.869629 0.459961 0.256836 0.000181913
9 0.53418 0.374512 0.171875 0.250977 0.000183463
11 0.530762 0.125977 0.0595703 0.0292969 0.000187039
11 0.649902 0.134277 0.415039 0.268555 0.000188708
3 0.195312 0.197754 0.390625 0.395508 0.000197172
5 0.580566 0.422852 0.37793 0.363281 0.000199199
11 0.539551 0.145508 0.0244141 0.0175781 0.00020206
11 0.873535 0.825195 0.25293 0.318359 0.000204206
2 0.507324 0.298828 0.15332 0.113281 0.000217438
3 0.77832 0.173828 0.443359 0.347656 0.000220418
11 0.337402 0.14209 0.0751953 0.0205078 0.000220418
9 0.510742 0.19873 0.0917969 0.18457 0.000222325
13 0.57373 0.499023 0.303711 0.164062 0.000225782
8 0.518555 0.284668 0.0898438 0.0751953 0.000241399
2 0.56543 0.335938 0.0292969 0.03125 0.000250101
11 0.385254 0.139648 0.0615234 0.0214844 0.000254393
5 0.297852 0.435547 0.193359 0.279297 0.000258207
9 0.567871 0.553223 0.317383 0.12207 0.000261068
8 0.382812 0.260742 0.0195312 0.0214844 0.000277281
0 0.855957 0.721191 0.165039 0.149414 0.000279903
9 0.476562 0.234863 0.136719 0.223633 0.00028038
3 0.856934 0.549316 0.286133 0.446289 0.000283718
3 0.541992 0.378418 0.296875 0.25293 0.000291109
3 0.0986328 0.314453 0.189453 0.330078 0.000294924
11 0.507324 0.149902 0.0419922 0.0673828 0.000298023
11 0.877441 0.916992 0.245117 0.166016 0.000316143
2 0.575195 0.350586 0.0800781 0.0703125 0.000324488
9 0.570312 0.353516 0.0722656 0.09375 0.000334263
11 0.505859 0.183594 0.0566406 0.123047 0.000336885
0 0.85498 0.774414 0.290039 0.402344 0.000356197
8 0.598633 0.334961 0.015625 0.0136719 0.000362873
11 0.556152 0.115234 0.0537109 0.0136719 0.00036335
13 0.59082 0.47998 0.0917969 0.174805 0.000377893
2 0.523926 0.288574 0.0849609 0.0830078 0.000379801
13 0.384277 0.318359 0.0361328 0.0390625 0.000388861
0 0.476562 0.280273 0.148438 0.138672 0.00039053
11 0.552734 0.120605 0.0722656 0.0224609 0.000411272
11 0.583008 0.129883 0.109375 0.0214844 0.000433683
13 0.598633 0.255371 0.0566406 0.100586 0.000472784
11 0.387207 0.152832 0.0556641 0.0283203 0.000506878
2 0.566895 0.340332 0.0439453 0.0498047 0.000525475
13 0.592773 0.455566 0.0507812 0.141602 0.000562191
9 0.505859 0.181152 0.0546875 0.124023 0.00061655
11 0.279785 0.175293 0.0517578 0.0595703 0.000733376
7 0.506348 0.181152 0.0537109 0.129883 0.000749111
9 0.565918 0.487305 0.321289 0.21875 0.000782967
9 0.384766 0.968262 0.078125 0.0634766 0.000787735
9 0.507324 0.298828 0.15332 0.113281 0.00095892
0 0.562988 0.507812 0.338867 0.175781 0.00102139
11 0.36084 0.141113 0.0693359 0.0166016 0.00103664
9 0.518555 0.284668 0.0898438 0.0751953 0.00114918
11 0.359863 0.146973 0.0986328 0.0224609 0.00123692
0 0.526855 0.276367 0.0693359 0.0585938 0.00144196
10 0.803711 0.602539 0.0351562 0.0625 0.00144768
11 0.635742 0.138672 0.0625 0.0351562 0.00167847
9 0.487305 0.407227 0.166016 0.353516 0.00168037
11 0.805176 0.606445 0.0380859 0.0625 0.00195217
3 0.562988 0.479004 0.352539 0.272461 0.00315285
0 0.527832 0.379395 0.254883 0.270508 0.00398254
0 0.505859 0.315918 0.171875 0.145508 0.0109711
0 0.518066 0.290527 0.0986328 0.0908203 0.0502625
3 0.565918 0.528809 0.323242 0.116211 0.0692749
