0 0.476074 0.471191 0.18457 0.463867 0.000100493
13 0.67041 0.373535 0.147461 0.0927734 0.000102162
7 0.838867 0.422852 0.322266 0.445312 0.000104368
9 0.0292969 0.759277 0.0449219 0.0537109 0.00010556
12 0.777344 0.296387 0.445312 0.543945 0.00010711
11 0.690918 0.217285 0.0810547 0.0400391 0.00010711
13 0.524902 0.353027 0.0927734 0.0712891 0.000107288
7 0.0297852 0.757324 0.0458984 0.0576172 0.000107348
11 0.591309 0.205566 0.0517578 0.0146484 0.000107765
0 0.21582 0.102539 0.416016 0.205078 0.000109196
10 0.522949 0.354004 0.0966797 0.0751953 0.000111818
9 0.61084 0.296875 0.0224609 0.0175781 0.000112951
8 0.325195 0.319824 0.015625 0.0146484 0.000113189
7 0.439941 0.599121 0.155273 0.426758 0.000113308
11 0.03125 0.751953 0.0566406 0.105469 0.000113785
7 0.21875 0.501953 0.0722656 0.046875 0.000114024
12 0.253906 0.421875 0.316406 0.447266 0.000117064
3 0.47168 0.595703 0.21875 0.570312 0.000117838
13 0.640625 0.496582 0.0742188 0.0537109 0.00011903
13 0.598633 0.440918 0.0253906 0.0244141 0.000119209
9 0.643066 0.368652 0.0791016 0.0771484 0.000120223
13 0.631836 0.385254 0.0976562 0.12793 0.000121891
13 0.370117 0.575684 0.0566406 0.0400391 0.000122786
0 0.531738 0.386719 0.0849609 0.123047 0.000125051
11 0.270508 0.208984 0.0800781 0.0273438 0.000126004
9 0.36377 0.662598 0.0322266 0.0263672 0.000126362
8 0.11377 0.628906 0.0166016 0.015625 0.000126839
2 0.609863 0.293945 0.0263672 0.0195312 0.000128388
10 0.03125 0.751953 0.0566406 0.105469 0.000128508
9 0.446777 0.313477 0.116211 0.337891 0.000128508
13 0.147949 0.547363 0.114258 0.0263672 0.000129461
3 0.916016 0.873535 0.167969 0.229492 0.000129938
7 0.617188 0.275879 0.03125 0.0263672 0.000130177
8 0.524902 0.358887 0.0927734 0.0830078 0.000131965
9 0.756836 0.108887 0.470703 0.208008 0.000132203
9 0.237305 0.496094 0.115234 0.0507812 0.000132322
3 0.840332 0.400879 0.319336 0.358398 0.000132442
10 0.0219727 0.772461 0.0380859 0.0566406 0.000133038
11 0.642578 0.199219 0.0859375 0.0273438 0.000135064
11 0.849609 0.826172 0.046875 0.0625 0.000136375
8 0.413574 0.461914 0.0185547 0.0195312 0.000136971
9 0.820801 0.474121 0.358398 0.612305 0.000139952
0 0.935059 0.551758 0.129883 0.287109 0.000141025
11 0.582031 0.180664 0.0898438 0.0175781 0.000141621
9 0.0610352 0.964355 0.0205078 0.0126953 0.00014329
8 0.604004 0.29834 0.0341797 0.0263672 0.000146151
9 0.783691 0.647949 0.0537109 0.0380859 0.000146389
7 0.339844 0.285156 0.0390625 0.0371094 0.000148416
9 0.450684 0.0991211 0.323242 0.186523 0.000149846
11 0.594727 0.192871 0.130859 0.0439453 0.000153899
10 0.854492 0.794922 0.0566406 0.09375 0.000154138
13 0.369141 0.519531 0.0507812 0.0292969 0.00015831
0 0.811523 0.476562 0.376953 0.728516 0.000158548
11 0.351074 0.193359 0.0751953 0.0234375 0.000159144
11 0.857422 0.806641 0.0761719 0.0761719 0.000160813
13 0.646484 0.361816 0.0449219 0.0517578 0.000161052
9 0.0859375 0.0698242 0.171875 0.139648 0.000169754
13 0.591797 0.451172 0.0625 0.0546875 0.000172496
2 0.59668 0.442383 0.0292969 0.0292969 0.000172615
11 0.0214844 0.772461 0.0390625 0.0566406 0.000173569
9 0.255371 0.439941 0.321289 0.483398 0.000177622
9 0.679688 0.464355 0.363281 0.553711 0.000177979
2 0.141602 0.746094 0.0195312 0.0195312 0.000179768
9 0.307617 0.646973 0.130859 0.0537109 0.000182986
11 0.554199 0.202637 0.0576172 0.0166016 0.000184536
11 0.524902 0.353027 0.0927734 0.0712891 0.000185132
11 0.370605 0.200684 0.0888672 0.0283203 0.000191689
8 0.385742 0.375 0.015625 0.0117188 0.000192165
9 0.27832 0.663086 0.191406 0.0488281 0.000193596
9 0.205566 0.158203 0.411133 0.316406 0.000193954
11 0.591309 0.212402 0.116211 0.0341797 0.000195384
13 0.357422 0.574707 0.0371094 0.0283203 0.000199556
13 0.236328 0.500488 0.109375 0.0537109 0.000202179
9 0.201172 0.819824 0.355469 0.291992 0.000203133
13 0.187012 0.528809 0.143555 0.0791016 0.000203729
2 0.524902 0.359375 0.0927734 0.0839844 0.000211596
1 0.838867 0.422852 0.322266 0.445312 0.000212669
9 0.729492 0.191406 0.0371094 0.03125 0.000212908
4 0.838867 0.422852 0.322266 0.445312 0.000213504
11 0.342773 0.199707 0.0585938 0.0205078 0.000216246
9 0.213867 0.5 0.0605469 0.0410156 0.000230551
9 0.0625 0.964355 0.0078125 0.00878906 0.00023365
13 0.216309 0.497559 0.0615234 0.0419922 0.000238657
5 0.448242 0.607422 0.150391 0.505859 0.000241518
8 0.29834 0.418457 0.0146484 0.0107422 0.000243425
2 0.838867 0.422852 0.322266 0.445312 0.00024581
0 0.679199 0.0541992 0.350586 0.108398 0.00024581
12 0.196289 0.27002 0.392578 0.344727 0.00025034
8 0.771973 0.460449 0.00878906 0.00683594 0.00025034
10 0.838867 0.422852 0.322266 0.445312 0.000253439
11 0.321777 0.191895 0.0595703 0.0146484 0.000254869
11 0.321777 0.206055 0.114258 0.0371094 0.000255585
11 0.342285 0.209961 0.0517578 0.0214844 0.000257015
12 0.679688 0.464355 0.363281 0.553711 0.00026226
13 0.363281 0.661621 0.03125 0.0283203 0.000267982
8 0.213867 0.5 0.0605469 0.0410156 0.000271797
8 0.838867 0.422852 0.322266 0.445312 0.000272512
0 0.880859 0.904785 0.238281 0.19043 0.00028348
11 0.384277 0.216797 0.0537109 0.0273438 0.00028348
7 0.149414 0.0751953 0.298828 0.150391 0.000290632
11 0.838867 0.422852 0.322266 0.445312 0.000301123
8 0.14209 0.746582 0.0205078 0.0224609 0.000302553
8 0.0712891 0.679688 0.0195312 0.015625 0.000306606
9 0.315918 0.0932617 0.180664 0.180664 0.000314236
11 0.556641 0.185059 0.078125 0.0263672 0.000319481
0 0.495605 0.368652 0.155273 0.108398 0.000321388
8 0.389648 0.434082 0.0175781 0.0146484 0.000324965
9 0.462891 0.210449 0.21875 0.420898 0.000327349
11 0.621582 0.205078 0.135742 0.0292969 0.000334978
11 0.858398 0.789551 0.0449219 0.0751953 0.000344276
13 0.622559 0.48584 0.0458984 0.0341797 0.000359297
3 0.562012 0.649902 0.348633 0.168945 0.000377178
9 0.436523 0.611816 0.134766 0.30957 0.000390053
8 0.614746 0.287598 0.0322266 0.0302734 0.000398874
13 0.617188 0.276855 0.03125 0.0263672 0.00040102
8 0.783691 0.647949 0.0537109 0.0380859 0.000402927
9 0.183105 0.742188 0.342773 0.158203 0.00041604
9 0.464355 0.418945 0.19043 0.378906 0.000418425
13 0.216797 0.564941 0.146484 0.0361328 0.0004251
13 0.658691 0.356445 0.0849609 0.0839844 0.0004282
9 0.437012 0.710449 0.131836 0.213867 0.000455379
11 0.601074 0.184082 0.0576172 0.0126953 0.000467539
11 0.707031 0.224609 0.0605469 0.0332031 0.000480413
12 0.838867 0.422852 0.322266 0.445312 0.000486135
9 0.338867 0.284668 0.0410156 0.0380859 0.000504494
8 0.208984 0.48584 0.015625 0.0126953 0.000516415
9 0.522461 0.35791 0.0976562 0.0810547 0.000566006
13 0.59082 0.446289 0.0410156 0.0351562 0.000569344
0 0.838867 0.422852 0.322266 0.445312 0.000593185
3 0.521973 0.35498 0.0966797 0.0751953 0.000601292
9 0.617188 0.275879 0.03125 0.0263672 0.000699043
11 0.539062 0.196777 0.0449219 0.0263672 0.000722885
11 0.632324 0.19043 0.0732422 0.0253906 0.000728607
13 0.178711 0.555176 0.146484 0.0419922 0.000802517
11 0.362305 0.213379 0.0878906 0.0283203 0.000811577
8 0.369141 0.518555 0.046875 0.0332031 0.00083065
8 0.36084 0.453613 0.0283203 0.0263672 0.000871658
11 0.567871 0.198242 0.0712891 0.0234375 0.000875473
2 0.617188 0.275879 0.03125 0.0263672 0.000881195
12 0.174316 0.0766602 0.348633 0.15332 0.000882149
9 0.141602 0.746582 0.0195312 0.0205078 0.00094986
8 0.333496 0.293457 0.0341797 0.0244141 0.000977516
11 0.581543 0.184082 0.0595703 0.0146484 0.00113392
9 0.160156 0.0932617 0.320312 0.182617 0.00116158
11 0.321289 0.196777 0.0898438 0.0224609 0.00121975
9 0.321289 0.661621 0.123047 0.0361328 0.00130939
11 0.242676 0.21582 0.0478516 0.03125 0.00150585
8 0.617188 0.275879 0.03125 0.0263672 0.00190258
0 0.0454102 0.378906 0.0908203 0.191406 0.00193977
8 0.611328 0.296387 0.0195312 0.0166016 0.00204849
11 0.577148 0.19043 0.101562 0.0253906 0.00222969
8 0.338867 0.284668 0.0410156 0.0380859 0.00257874
11 0.349121 0.206055 0.0869141 0.0273438 0.0027771
11 0.604004 0.186523 0.0986328 0.0195312 0.00305176
13 0.637207 0.371582 0.0693359 0.0751953 0.00317574
11 0.600098 0.19873 0.102539 0.0244141 0.00330353
11 0.588379 0.205566 0.0849609 0.0205078 0.00603104
9 0.432617 0.736816 0.158203 0.43457 0.00718689
10 0.0297852 0.756836 0.0458984 0.0585938 0.00959015
11 0.0297852 0.757324 0.0458984 0.0576172 0.00982666
10 0.852539 0.806641 0.0429688 0.0488281 0.0105057
11 0.851562 0.806641 0.0429688 0.0449219 0.0129166
9 0.453125 0.59668 0.171875 0.539062 0.0344543
0 0.521484 0.354004 0.0976562 0.0732422 0.10022
