9 0.330566 0.282715 0.0244141 0.0244141 0.000100076
11 0.48584 0.217285 0.0615234 0.0791016 0.000100493
9 0.824219 0.562012 0.03125 0.0185547 0.000100613
11 0.595703 0.201172 0.0390625 0.113281 0.000100791
11 0.327148 0.280273 0.03125 0.0292969 0.00010097
3 0.557617 0.965332 0.441406 0.0693359 0.000101209
9 0.438477 0.65918 0.0585938 0.046875 0.000101507
6 0.357422 0.373535 0.0410156 0.0478516 0.000101745
9 0.920898 0.479004 0.158203 0.676758 0.000102222
11 0.0146484 0.965332 0.0253906 0.0654297 0.000102282
11 0.364746 0.383301 0.0478516 0.0576172 0.000102699
11 0.00585938 0.813477 0.0117188 0.0878906 0.000104308
1 0.604004 0.205566 0.0302734 0.102539 0.000105202
8 0.510254 0.389648 0.0361328 0.0332031 0.000105262
13 0.327637 0.277832 0.0361328 0.0380859 0.0001055
3 0.116699 0.0532227 0.233398 0.100586 0.000106096
0 0.616211 0.314453 0.0527344 0.0546875 0.000106871
7 0.726074 0.705078 0.256836 0.0917969 0.00010705
8 0.456055 0.194824 0.0136719 0.00878906 0.000107884
9 0.558594 0.403809 0.164062 0.223633 0.000108004
1 0.668457 0.167969 0.0927734 0.0371094 0.000108719
9 0.641602 0.208496 0.0273438 0.0419922 0.000109076
13 0.368164 0.386719 0.111328 0.166016 0.000110805
8 0.371582 0.496094 0.0126953 0.00976562 0.000111103
10 0.00683594 0.901855 0.0117188 0.0771484 0.000111163
4 0.602539 0.327637 0.0859375 0.0810547 0.000111639
9 0.359863 0.698242 0.182617 0.0664062 0.000111938
8 0.808594 0.544434 0.0429688 0.0419922 0.000112772
7 0.669434 0.192871 0.0791016 0.0673828 0.000113189
10 0.0419922 0.908203 0.0839844 0.144531 0.000113368
11 0.991211 0.992676 0.0175781 0.0146484 0.000114262
11 0.808594 0.544434 0.0429688 0.0419922 0.000115097
3 0.649414 0.194824 0.0371094 0.0634766 0.000115216
10 0.00830078 0.979492 0.0166016 0.0371094 0.000115633
1 0.684082 0.184082 0.108398 0.0595703 0.00011605
9 0.356934 0.369141 0.0302734 0.0410156 0.000116825
6 0.602539 0.327637 0.0859375 0.0810547 0.000117421
13 0.404297 0.319824 0.142578 0.182617 0.00011754
11 0.00976562 0.786133 0.0175781 0.111328 0.0001176
11 0.481445 0.176758 0.046875 0.0214844 0.000117838
9 0.66748 0.199219 0.0712891 0.0742188 0.000118136
8 0.393066 0.358887 0.0166016 0.0126953 0.000118375
11 0.724121 0.696289 0.243164 0.0722656 0.000118434
8 0.730469 0.270996 0.0195312 0.0185547 0.000118494
11 0.358887 0.368652 0.0322266 0.0361328 0.000119507
9 0.668457 0.167969 0.0927734 0.0371094 0.000120223
13 0.686523 0.248535 0.154297 0.225586 0.00012058
13 0.392578 0.359375 0.0292969 0.0214844 0.000120699
7 0.824219 0.562012 0.03125 0.0185547 0.000121057
9 0.603516 0.162598 0.0390625 0.0595703 0.000121355
8 0.353027 0.614258 0.0166016 0.0175781 0.000122905
7 0.615234 0.19043 0.0507812 0.0976562 0.000124454
8 0.472656 0.32373 0.0175781 0.0244141 0.000127316
11 0.00927734 0.73291 0.0166016 0.125977 0.000128031
3 0.125 0.86377 0.25 0.272461 0.000128388
10 0.726562 0.712891 0.257812 0.101562 0.000129938
9 0.345703 0.35498 0.0488281 0.0595703 0.000130177
9 0.691895 0.935547 0.161133 0.128906 0.000130177
12 0.318848 0.727051 0.202148 0.137695 0.000132322
9 0.787109 0.710938 0.140625 0.09375 0.000132442
11 0.00683594 0.973145 0.0136719 0.0458984 0.000135064
13 0.470215 0.351074 0.0478516 0.0439453 0.000135183
9 0.452637 0.438965 0.0126953 0.0126953 0.000136018
13 0.338379 0.342285 0.0400391 0.0654297 0.000136375
7 0.357422 0.373535 0.0410156 0.0478516 0.000136495
13 0.421875 0.59082 0.0585938 0.0351562 0.000137925
13 0.369629 0.33252 0.0810547 0.12793 0.000138283
3 0.0756836 0.0932617 0.141602 0.168945 0.00013876
9 0.650391 0.230469 0.0488281 0.136719 0.000139236
13 0.662598 0.209961 0.0498047 0.0742188 0.000141025
2 0.129395 0.179199 0.258789 0.327148 0.000142097
2 0.813965 0.552246 0.0400391 0.0263672 0.000142455
7 0.65625 0.179688 0.046875 0.0566406 0.000142574
10 0.845703 0.733398 0.03125 0.0488281 0.000146151
9 0.710449 0.450684 0.28418 0.555664 0.000148654
2 0.638672 0.214844 0.0585938 0.109375 0.000149727
8 0.356445 0.367188 0.0214844 0.0253906 0.000149727
6 0.649414 0.239746 0.0625 0.143555 0.000150681
11 0.934082 0.930664 0.12207 0.138672 0.000151038
3 0.293457 0.154297 0.581055 0.273438 0.000151157
9 0.634766 0.169922 0.0585938 0.0488281 0.000151396
10 0.00732422 0.992676 0.0126953 0.0146484 0.000151873
12 0.645996 0.202148 0.0400391 0.0722656 0.00015223
13 0.839355 0.552246 0.0263672 0.0302734 0.000152707
11 0.0141602 0.987305 0.0263672 0.0253906 0.000152826
13 0.82666 0.575195 0.0556641 0.0683594 0.000155568
9 0.657715 0.115234 0.0224609 0.015625 0.000157118
1 0.602539 0.327637 0.0859375 0.0810547 0.000157952
3 0.125 0.173828 0.25 0.34375 0.000158906
9 0.458496 0.239258 0.0341797 0.0292969 0.000161529
7 0.371582 0.385742 0.0556641 0.0605469 0.000162244
9 0.816895 0.556641 0.0439453 0.0253906 0.000163078
11 0.00732422 0.992676 0.0126953 0.0146484 0.000163198
10 0.0224609 0.849609 0.0371094 0.0742188 0.000163436
10 0.0141602 0.886719 0.0244141 0.0703125 0.000169754
11 0.845703 0.733398 0.03125 0.0507812 0.000169873
12 0.604492 0.32666 0.0839844 0.0791016 0.000171542
8 0.462402 0.241699 0.0400391 0.0302734 0.00017488
13 0.605469 0.201172 0.0351562 0.107422 0.000178695
13 0.38916 0.343262 0.0498047 0.0576172 0.000181198
11 0.447754 0.175293 0.114258 0.0498047 0.000182033
2 0.369141 0.379395 0.0566406 0.0693359 0.000184059
7 0.348145 0.356445 0.0498047 0.0664062 0.000184298
9 0.356445 0.366211 0.0214844 0.0253906 0.000185251
10 0.81543 0.985352 0.0859375 0.0292969 0.000185966
9 0.632812 0.688965 0.150391 0.0810547 0.000191927
1 0.645508 0.200195 0.0566406 0.0976562 0.000193357
9 0.811035 0.546387 0.0439453 0.0380859 0.000193715
12 0.726562 0.712891 0.257812 0.101562 0.000196934
7 0.356445 0.366211 0.0214844 0.0253906 0.000197053
11 0.469238 0.227539 0.0537109 0.0546875 0.000199199
11 0.696289 0.186523 0.0722656 0.0410156 0.000200629
9 0.385254 0.441895 0.286133 0.59668 0.000205636
11 0.472656 0.1875 0.0429688 0.0175781 0.000208139
6 0.369141 0.379395 0.0566406 0.0693359 0.000209212
11 0.813965 0.989258 0.0849609 0.0195312 0.000211
11 0.816895 0.556641 0.0439453 0.0253906 0.000214219
11 0.486328 0.185547 0.0527344 0.03125 0.000214815
9 0.62793 0.200684 0.0644531 0.0927734 0.000215173
5 0.602539 0.327637 0.0859375 0.0810547 0.000216603
7 0.668457 0.167969 0.0927734 0.0371094 0.000218749
7 0.638672 0.188965 0.0371094 0.0634766 0.00022316
11 0.4375 0.186035 0.0488281 0.0107422 0.00022614
9 0.229004 0.469238 0.458008 0.770508 0.000226378
11 0.751465 0.204102 0.0634766 0.0605469 0.000227094
5 0.344727 0.583496 0.142578 0.19043 0.000229955
11 0.712891 0.171875 0.046875 0.0371094 0.000230193
11 0.621094 0.151855 0.0546875 0.0302734 0.000233769
8 0.663086 0.42334 0.0136719 0.0107422 0.000235915
9 0.716309 0.799805 0.270508 0.240234 0.000238895
11 0.665527 0.163086 0.0556641 0.0195312 0.000241756
11 0.652832 0.190918 0.0869141 0.0908203 0.000243187
7 0.634766 0.169922 0.0585938 0.0488281 0.000244379
13 0.396973 0.363281 0.102539 0.09375 0.000248194
9 0.648438 0.180176 0.0546875 0.0537109 0.000252008
9 0.356445 0.363281 0.0625 0.0917969 0.000252485
13 0.657715 0.174316 0.0458984 0.0263672 0.000253439
11 0.0239258 0.979492 0.0419922 0.0371094 0.000254393
10 0.603027 0.328125 0.0849609 0.0820312 0.000257015
13 0.829102 0.555176 0.0546875 0.0419922 0.000260353
11 0.456055 0.194336 0.0195312 0.0136719 0.000261307
7 0.602539 0.327637 0.0859375 0.0810547 0.000261307
11 0.466797 0.17334 0.0585938 0.0205078 0.000264406
11 0.674316 0.17041 0.0576172 0.0185547 0.000264883
11 0.45166 0.194824 0.0673828 0.0205078 0.000265837
10 0.00927734 0.832031 0.0166016 0.0820312 0.000265837
11 0.686523 0.160645 0.0703125 0.0361328 0.000270128
11 0.0224609 0.849609 0.0371094 0.0742188 0.000273466
8 0.440918 0.316895 0.0126953 0.0107422 0.000275612
10 0.00732422 0.874512 0.0146484 0.0654297 0.000276089
11 0.419434 0.187988 0.0478516 0.0146484 0.000276804
10 0.0239258 0.979492 0.0419922 0.0371094 0.000281334
10 0.934082 0.930664 0.12207 0.138672 0.000281811
9 0.371094 0.382324 0.0625 0.0693359 0.000282764
11 0.664062 0.148438 0.0839844 0.03125 0.000283241
8 0.409668 0.657227 0.0126953 0.00976562 0.000288725
10 0.649414 0.196289 0.0351562 0.0644531 0.000298023
0 0.918457 0.928711 0.147461 0.142578 0.00030303
13 0.346191 0.328125 0.0478516 0.107422 0.000303268
11 0.455566 0.202637 0.102539 0.0556641 0.000303507
8 0.356445 0.65625 0.0371094 0.03125 0.000306845
13 0.685059 0.181152 0.104492 0.0498047 0.000310898
2 0.452637 0.437988 0.0126953 0.0126953 0.000317812
4 0.649414 0.196289 0.0351562 0.0644531 0.000319481
13 0.456055 0.341309 0.0449219 0.0380859 0.000321388
13 0.640625 0.21582 0.0351562 0.0742188 0.000324011
11 0.00976562 0.882812 0.0175781 0.0683594 0.000330925
3 0.913574 0.933105 0.172852 0.133789 0.000333309
13 0.604492 0.32666 0.0839844 0.0791016 0.000335217
0 0.558594 0.403809 0.164062 0.223633 0.000336647
8 0.749023 0.42041 0.0234375 0.0224609 0.000337601
11 0.652344 0.168945 0.0507812 0.0214844 0.000344038
11 0.714844 0.195801 0.144531 0.0888672 0.000344753
12 0.385254 0.441895 0.286133 0.59668 0.000344992
9 0.549316 0.513672 0.18457 0.464844 0.000351191
2 0.356445 0.369629 0.0292969 0.0322266 0.00037384
13 0.353027 0.382324 0.0751953 0.102539 0.000381947
11 0.00927734 0.832031 0.0166016 0.0820312 0.000396729
11 0.412598 0.187988 0.0810547 0.0439453 0.000406265
13 0.345215 0.359863 0.0380859 0.0361328 0.000408649
11 0.609375 0.21875 0.046875 0.130859 0.000431299
11 0.614746 0.166992 0.0419922 0.0292969 0.000432968
11 0.447754 0.169922 0.0927734 0.0214844 0.000433683
10 0.0932617 0.885254 0.186523 0.229492 0.000446796
2 0.601074 0.331543 0.0869141 0.0849609 0.000453949
11 0.484375 0.199707 0.0507812 0.0380859 0.000454903
10 0.0239258 0.879395 0.0380859 0.0673828 0.000480175
11 0.637695 0.167969 0.0488281 0.0273438 0.000488281
2 0.654785 0.189453 0.0380859 0.0703125 0.000505924
11 0.437012 0.176758 0.0732422 0.0234375 0.000528812
8 0.600098 0.331055 0.0849609 0.0878906 0.000537872
11 0.602051 0.327637 0.0849609 0.0810547 0.000566959
5 0.650391 0.193848 0.0410156 0.0693359 0.000574589
11 0.0239258 0.879395 0.0380859 0.0673828 0.000579357
13 0.459961 0.240234 0.0234375 0.015625 0.000613689
9 0.605469 0.201172 0.0351562 0.107422 0.00062418
12 0.182129 0.466309 0.364258 0.745117 0.00063467
13 0.378418 0.332031 0.0341797 0.0429688 0.000655651
13 0.330566 0.282227 0.0244141 0.0234375 0.000659466
0 0.583008 0.356445 0.123047 0.142578 0.000675678
13 0.826172 0.571777 0.0390625 0.0419922 0.000683308
13 0.652832 0.248047 0.0830078 0.173828 0.000724316
8 0.645996 0.202148 0.0400391 0.0722656 0.000729084
13 0.626465 0.227051 0.0830078 0.15332 0.000758648
11 0.688477 0.174805 0.0605469 0.0195312 0.000761032
3 0.601074 0.331543 0.0869141 0.0849609 0.000764847
6 0.645508 0.200195 0.0566406 0.0976562 0.000809669
13 0.668457 0.167969 0.0927734 0.0371094 0.000819683
13 0.806641 0.541992 0.0429688 0.0449219 0.000843525
1 0.648438 0.196289 0.0371094 0.0644531 0.00084877
3 0.0932617 0.885254 0.186523 0.229492 0.000889778
9 0.602539 0.327637 0.0859375 0.0830078 0.000906944
10 0.0102539 0.856934 0.0185547 0.0634766 0.000921249
7 0.459473 0.240723 0.0283203 0.0205078 0.000963211
8 0.758301 0.450195 0.0205078 0.0175781 0.000971317
11 0.0102539 0.856934 0.0185547 0.0634766 0.000985146
11 0.625977 0.193848 0.0527344 0.0849609 0.00105476
7 0.645508 0.200195 0.0566406 0.0976562 0.00106049
11 0.455566 0.19043 0.0361328 0.0136719 0.00107098
11 0.469727 0.190918 0.0664062 0.0283203 0.00109959
8 0.452637 0.439453 0.0126953 0.0136719 0.00113487
13 0.668457 0.199219 0.0888672 0.0917969 0.00113583
11 0.620605 0.169922 0.0517578 0.0546875 0.00114632
11 0.645996 0.214844 0.0556641 0.111328 0.00117588
7 0.604004 0.205566 0.0302734 0.102539 0.00128841
11 0.458496 0.241699 0.0302734 0.0205078 0.00136852
9 0.331055 0.730957 0.240234 0.124023 0.00142574
2 0.459961 0.240234 0.0234375 0.015625 0.00145245
13 0.634766 0.169922 0.0585938 0.0488281 0.00148773
13 0.374023 0.352051 0.0566406 0.0751953 0.00153255
11 0.43457 0.190918 0.0917969 0.0302734 0.00157642
11 0.651855 0.158203 0.0498047 0.0175781 0.00165558
9 0.68457 0.95459 0.113281 0.0849609 0.00176811
9 0.645996 0.20166 0.0400391 0.0732422 0.00191689
11 0.660156 0.168945 0.107422 0.0253906 0.00231361
11 0.458008 0.181641 0.0878906 0.0253906 0.0024147
11 0.738281 0.191895 0.0683594 0.0517578 0.00245857
11 0.442871 0.187012 0.0830078 0.0166016 0.00246811
13 0.641113 0.208984 0.0263672 0.0390625 0.00281334
9 0.460938 0.23877 0.0253906 0.0166016 0.00291443
11 0.637207 0.151855 0.0673828 0.0205078 0.00292397
11 0.607422 0.197266 0.0292969 0.101562 0.00296402
13 0.827637 0.562012 0.0283203 0.0205078 0.00298882
11 0.665039 0.161133 0.111328 0.0507812 0.00308228
13 0.629395 0.200195 0.0615234 0.0859375 0.00331116
9 0.731445 0.688965 0.222656 0.0576172 0.00369835
7 0.649414 0.196289 0.0351562 0.0644531 0.00421143
13 0.8125 0.554199 0.046875 0.0283203 0.00446701
6 0.649414 0.196289 0.0351562 0.0644531 0.00506973
2 0.645996 0.202148 0.0400391 0.0722656 0.00551224
13 0.352051 0.362793 0.0498047 0.0654297 0.00551224
9 0.722168 0.717285 0.254883 0.106445 0.00563812
13 0.637695 0.194336 0.03125 0.0664062 0.00568008
11 0.649414 0.196289 0.0351562 0.0644531 0.00582123
11 0.628906 0.160156 0.0644531 0.0273438 0.0059433
13 0.658203 0.186035 0.0488281 0.0537109 0.00614548
13 0.35498 0.365723 0.0361328 0.0400391 0.00812531
11 0.648438 0.180176 0.0546875 0.0537109 0.00843811
11 0.680176 0.190918 0.108398 0.0654297 0.00926971
13 0.373047 0.383301 0.0703125 0.0673828 0.0105133
13 0.645996 0.214844 0.0556641 0.111328 0.0112
11 0.722656 0.182129 0.0625 0.0400391 0.012001
11 0.422363 0.182617 0.0654297 0.0253906 0.0123901
13 0.827148 0.557129 0.0429688 0.0224609 0.0128479
13 0.35791 0.368164 0.0224609 0.0253906 0.0164337
11 0.654785 0.158203 0.0966797 0.0253906 0.0209351
13 0.362793 0.377441 0.0400391 0.0498047 0.0258026
8 0.459961 0.240234 0.0253906 0.0175781 0.0260468
11 0.686523 0.172852 0.0957031 0.0390625 0.0323181
0 0.601562 0.329102 0.0859375 0.0820312 0.266357
13 0.648438 0.199707 0.0371094 0.0673828 0.322998
