10 0.200195 0.621094 0.0390625 0.0820312 0.000473738
13 0.733887 0.523926 0.0732422 0.0439453 0.000478506
13 0.692383 0.367676 0.0644531 0.0810547 0.000478506
3 0.577637 0.710938 0.418945 0.154297 0.000481129
9 0.365234 0.527832 0.144531 0.19043 0.000481367
6 0.388672 0.54834 0.21875 0.206055 0.000482798
2 0.708496 0.355469 0.0224609 0.0292969 0.000484705
6 0.742676 0.505859 0.0791016 0.0292969 0.000485659
11 0.748535 0.698242 0.106445 0.138672 0.000485897
7 0.42627 0.230957 0.106445 0.0361328 0.000488281
8 0.708984 0.405762 0.0195312 0.0205078 0.000491142
4 0.382324 0.515137 0.0732422 0.0888672 0.000491619
9 0.751953 0.192383 0.128906 0.230469 0.000494003
9 0.709961 0.354004 0.0214844 0.0283203 0.000501156
9 0.693848 0.617676 0.192383 0.25293 0.000508785
2 0.305176 0.54541 0.198242 0.194336 0.000511169
11 0.65625 0.211426 0.0859375 0.0380859 0.0005126
6 0.772949 0.728027 0.0458984 0.0732422 0.000516891
1 0.343262 0.567383 0.166992 0.164062 0.00052166
13 0.763672 0.715332 0.0625 0.0986328 0.000524521
1 0.305176 0.647949 0.245117 0.135742 0.000528812
13 0.34082 0.459961 0.191406 0.158203 0.00053215
7 0.445801 0.590332 0.176758 0.237305 0.000545979
11 0.383301 0.543457 0.120117 0.163086 0.000546455
9 0.616211 0.683105 0.0273438 0.0224609 0.000549316
3 0.571777 0.396973 0.200195 0.18457 0.000551701
8 0.656738 0.480957 0.0439453 0.0556641 0.000551701
8 0.343262 0.567383 0.166992 0.164062 0.000565529
9 0.351562 0.575195 0.09375 0.103516 0.000566483
1 0.383301 0.543457 0.120117 0.163086 0.00056839
6 0.305176 0.647949 0.245117 0.135742 0.000573158
9 0.465332 0.432617 0.0537109 0.0761719 0.000576019
9 0.43457 0.593262 0.101562 0.186523 0.000580788
11 0.617676 0.198242 0.0888672 0.0214844 0.000586987
9 0.742188 0.186523 0.0898438 0.125 0.000589848
13 0.717773 0.504883 0.0566406 0.0195312 0.000593662
9 0.214844 0.615723 0.0585938 0.0927734 0.00059557
10 0.370117 0.360352 0.191406 0.238281 0.000597
12 0.395508 0.240723 0.0917969 0.0595703 0.000598907
1 0.196777 0.661133 0.0478516 0.0625 0.000610352
7 0.266602 0.576172 0.123047 0.125 0.000611305
10 0.78418 0.70459 0.0371094 0.0908203 0.000613689
9 0.742676 0.505859 0.0791016 0.0292969 0.000617504
10 0.708984 0.727051 0.1875 0.110352 0.000617504
9 0.405273 0.306152 0.0800781 0.131836 0.000626564
9 0.196777 0.142578 0.393555 0.285156 0.000627041
13 0.0375977 0.580078 0.0693359 0.0371094 0.000627518
8 0.273438 0.512207 0.03125 0.0244141 0.000629902
3 0.193359 0.659668 0.0410156 0.0556641 0.000631809
10 0.192871 0.668457 0.124023 0.143555 0.000632286
9 0.711914 0.501953 0.181641 0.359375 0.000633717
11 0.228516 0.62207 0.103516 0.109375 0.000636101
5 0.402344 0.428711 0.121094 0.283203 0.00066185
11 0.388184 0.22998 0.0615234 0.0419922 0.000668526
11 0.446777 0.234375 0.0888672 0.046875 0.000669479
7 0.742676 0.505859 0.0791016 0.0292969 0.000675201
9 0.202148 0.873047 0.03125 0.0429688 0.000675678
4 0.282227 0.574707 0.154297 0.135742 0.000677109
10 0.766602 0.758789 0.0605469 0.0742188 0.000682831
7 0.772949 0.670898 0.0439453 0.0742188 0.000687599
2 0.596191 0.333984 0.0439453 0.0351562 0.000688553
9 0.22168 0.268555 0.0195312 0.0234375 0.00068903
9 0.551758 0.432617 0.183594 0.263672 0.000689507
13 0.382812 0.586914 0.0859375 0.0898438 0.000693321
11 0.206543 0.650391 0.0830078 0.169922 0.000697136
13 0.718262 0.501465 0.0869141 0.0283203 0.000702858
7 0.20166 0.635254 0.0537109 0.100586 0.000704765
8 0.0214844 0.578613 0.0351562 0.0263672 0.000708103
12 0.322754 0.483887 0.239258 0.317383 0.000712395
7 0.196777 0.661133 0.0478516 0.0625 0.000713348
6 0.352051 0.415039 0.165039 0.177734 0.000716209
3 0.504395 0.549805 0.223633 0.310547 0.000719547
7 0.408203 0.29834 0.0957031 0.137695 0.000720978
4 0.590332 0.385254 0.114258 0.141602 0.000724316
7 0.336426 0.4375 0.186523 0.181641 0.000730038
10 0.395508 0.239746 0.0917969 0.0576172 0.000730038
7 0.590332 0.385254 0.114258 0.141602 0.000730515
9 0.728516 0.171875 0.0625 0.0488281 0.000735283
11 0.78418 0.70459 0.0371094 0.0908203 0.000736713
13 0.344727 0.376953 0.164062 0.160156 0.000741959
11 0.455566 0.232422 0.0185547 0.015625 0.000743866
13 0.356445 0.383789 0.308594 0.324219 0.000748634
4 0.305176 0.647949 0.245117 0.135742 0.000755787
6 0.361328 0.579102 0.0683594 0.0957031 0.000759602
8 0.360352 0.590332 0.0585938 0.0654297 0.000761032
13 0.216309 0.615234 0.0595703 0.0996094 0.000762939
2 0.642578 0.479492 0.0292969 0.03125 0.000779629
11 0.402832 0.230469 0.0517578 0.03125 0.000785828
11 0.200195 0.621094 0.0390625 0.0820312 0.000787735
6 0.590332 0.385254 0.114258 0.141602 0.00079298
10 0.334961 0.464844 0.240234 0.357422 0.000794411
11 0.364746 0.263184 0.0830078 0.0693359 0.000807285
8 0.660645 0.492188 0.0244141 0.0273438 0.000814915
11 0.753418 0.747559 0.0830078 0.0771484 0.000817299
9 0.742676 0.188477 0.0654297 0.0371094 0.000823498
13 0.369629 0.313965 0.0517578 0.0498047 0.000827312
13 0.318848 0.405273 0.0888672 0.078125 0.00082922
7 0.695312 0.576172 0.107422 0.121094 0.000837803
7 0.407715 0.491211 0.125977 0.226562 0.000844002
8 0.651855 0.458984 0.0498047 0.0683594 0.000854015
12 0.590332 0.385254 0.114258 0.141602 0.000863552
13 0.380859 0.325684 0.0625 0.0849609 0.000868797
10 0.204102 0.678711 0.0664062 0.0761719 0.000876904
9 0.250488 0.511719 0.161133 0.246094 0.000879765
9 0.395996 0.240234 0.0908203 0.0605469 0.000879765
9 0.654297 0.459473 0.0546875 0.0712891 0.000880241
9 0.206543 0.863281 0.0244141 0.0273438 0.000895977
8 0.374512 0.542969 0.0771484 0.148438 0.000900745
11 0.33252 0.462891 0.25293 0.361328 0.000901222
13 0.695801 0.455566 0.125977 0.110352 0.000905037
11 0.742676 0.505859 0.0791016 0.0292969 0.00093174
4 0.363281 0.574219 0.0859375 0.101562 0.000938416
13 0.0200195 0.57959 0.0322266 0.0244141 0.000964642
13 0.702637 0.362305 0.0419922 0.0507812 0.000966072
9 0.741699 0.205078 0.0771484 0.0644531 0.000972748
9 0.475586 0.460449 0.0703125 0.196289 0.000980377
8 0.260254 0.581543 0.0302734 0.0283203 0.000992775
13 0.325684 0.433105 0.0361328 0.0341797 0.00100994
8 0.45752 0.234863 0.0107422 0.0107422 0.00101662
2 0.333984 0.466797 0.238281 0.359375 0.00104141
13 0.719238 0.59375 0.0517578 0.0683594 0.00105381
8 0.649902 0.349609 0.0205078 0.0175781 0.00105667
13 0.399414 0.274902 0.148438 0.129883 0.00105762
9 0.319336 0.405273 0.0878906 0.078125 0.00105858
11 0.625488 0.22168 0.0712891 0.0390625 0.00107384
5 0.590332 0.385254 0.114258 0.141602 0.00107861
1 0.590332 0.385254 0.114258 0.141602 0.00111294
13 0.328125 0.43457 0.0644531 0.0527344 0.00115776
13 0.395996 0.304688 0.0478516 0.078125 0.00116825
11 0.300781 0.538086 0.201172 0.210938 0.00117016
9 0.382324 0.515137 0.0732422 0.0888672 0.00119019
6 0.382324 0.515137 0.0732422 0.0888672 0.00119877
11 0.184082 0.652344 0.0517578 0.078125 0.00120735
5 0.723633 0.48291 0.138672 0.133789 0.00120926
9 0.404297 0.558594 0.125 0.171875 0.00122166
7 0.214844 0.615723 0.0585938 0.0927734 0.00122356
9 0.444336 0.448242 0.146484 0.306641 0.00122452
6 0.408203 0.29834 0.0957031 0.137695 0.00125313
11 0.590332 0.385254 0.114258 0.141602 0.00126076
13 0.365234 0.595215 0.0625 0.0634766 0.0012989
6 0.402344 0.428711 0.121094 0.283203 0.00129986
8 0.379883 0.361816 0.144531 0.223633 0.00131226
11 0.359863 0.258789 0.0498047 0.0488281 0.00133991
7 0.388672 0.54834 0.21875 0.206055 0.00134373
5 0.393066 0.513672 0.12793 0.210938 0.00134563
9 0.0541992 0.920898 0.102539 0.150391 0.0013628
2 0.0214844 0.578613 0.0351562 0.0263672 0.00137043
7 0.367676 0.516602 0.0576172 0.0585938 0.00141144
9 0.452148 0.536133 0.109375 0.25 0.001441
8 0.367676 0.515625 0.0595703 0.0585938 0.00144482
9 0.644043 0.477539 0.0205078 0.0175781 0.00144482
13 0.422363 0.396484 0.0966797 0.208984 0.00144577
13 0.744629 0.487793 0.0869141 0.0595703 0.00145435
10 0.277832 0.617676 0.192383 0.135742 0.00147057
11 0.237305 0.65332 0.130859 0.0878906 0.0014801
13 0.408203 0.26709 0.0839844 0.0712891 0.00148487
0 0.520996 0.44043 0.219727 0.287109 0.00151634
11 0.36084 0.273438 0.131836 0.115234 0.0015173
7 0.743652 0.693359 0.118164 0.154297 0.0015173
10 0.590332 0.385254 0.114258 0.141602 0.00156784
11 0.429688 0.216797 0.0800781 0.0195312 0.00156975
7 0.3125 0.39209 0.0820312 0.0927734 0.00157547
13 0.382324 0.515137 0.0732422 0.0888672 0.00158787
13 0.758789 0.499023 0.0664062 0.0332031 0.00160122
8 0.614746 0.682129 0.0263672 0.0244141 0.00162125
4 0.379883 0.361816 0.144531 0.223633 0.00164986
9 0.749512 0.706055 0.0966797 0.107422 0.00165081
8 0.245117 0.554199 0.0175781 0.0185547 0.00165462
2 0.616211 0.683105 0.0273438 0.0224609 0.00166893
9 0.504395 0.549805 0.223633 0.310547 0.00167561
1 0.379883 0.361816 0.144531 0.223633 0.00168228
11 0.330566 0.309082 0.114258 0.147461 0.00168324
13 0.396973 0.26709 0.0439453 0.0341797 0.00172138
12 0.57666 0.641113 0.407227 0.188477 0.00174522
9 0.445312 0.483398 0.0722656 0.216797 0.00178814
7 0.693848 0.617676 0.192383 0.25293 0.00178909
11 0.414062 0.224609 0.0507812 0.0234375 0.00179005
11 0.57666 0.641113 0.407227 0.188477 0.00179958
7 0.275391 0.606934 0.173828 0.108398 0.00181866
2 0.604004 0.334473 0.0244141 0.0283203 0.00187016
13 0.400879 0.241211 0.0986328 0.0605469 0.00193024
7 0.579102 0.635742 0.388672 0.207031 0.00194168
2 0.57666 0.641113 0.407227 0.188477 0.00195312
13 0.725098 0.600098 0.0283203 0.0458984 0.00196457
1 0.57666 0.641113 0.407227 0.188477 0.00198364
4 0.383301 0.543457 0.120117 0.163086 0.00206566
9 0.027832 0.775879 0.0517578 0.383789 0.00207329
9 0.305176 0.647949 0.245117 0.135742 0.00209045
7 0.34375 0.60498 0.150391 0.120117 0.00213432
11 0.608887 0.21582 0.0615234 0.0253906 0.00214005
10 0.213379 0.626465 0.0693359 0.108398 0.00215149
10 0.753418 0.726074 0.0908203 0.0888672 0.00218773
8 0.57666 0.641113 0.407227 0.188477 0.00219536
11 0.277832 0.648926 0.213867 0.124023 0.00220299
11 0.762207 0.718262 0.0654297 0.0966797 0.00221825
13 0.579102 0.635742 0.388672 0.207031 0.00225067
11 0.373535 0.334961 0.163086 0.208984 0.00229454
2 0.59668 0.382812 0.107422 0.138672 0.00230408
9 0.592773 0.387695 0.115234 0.146484 0.00231361
4 0.579102 0.635742 0.388672 0.207031 0.00232315
6 0.579102 0.635742 0.388672 0.207031 0.00233269
11 0.45459 0.229004 0.0380859 0.0205078 0.0023613
6 0.334961 0.416992 0.121094 0.107422 0.00237274
1 0.309082 0.507324 0.21582 0.262695 0.00237656
11 0.207031 0.603516 0.0546875 0.138672 0.00240707
4 0.343262 0.567383 0.166992 0.164062 0.00251389
9 0.362793 0.590332 0.0595703 0.0673828 0.0025692
13 0.730469 0.509277 0.136719 0.157227 0.00258827
13 0.592773 0.376953 0.111328 0.125 0.00259209
5 0.725098 0.501953 0.15332 0.310547 0.00259972
9 0.379883 0.361816 0.144531 0.223633 0.00263786
8 0.309082 0.507324 0.21582 0.262695 0.00271988
11 0.304688 0.334961 0.0742188 0.105469 0.00276184
10 0.305664 0.541504 0.205078 0.209961 0.0027771
9 0.748535 0.231445 0.0908203 0.105469 0.00284767
8 0.59082 0.386719 0.121094 0.148438 0.00290298
9 0.76709 0.736816 0.0576172 0.0693359 0.00291252
9 0.373047 0.549805 0.078125 0.142578 0.00295448
5 0.57666 0.641113 0.407227 0.188477 0.00299835
11 0.404297 0.266602 0.109375 0.109375 0.00303459
13 0.387695 0.34082 0.0839844 0.148438 0.00305748
13 0.370117 0.553711 0.09375 0.150391 0.00314903
1 0.397461 0.239746 0.09375 0.0556641 0.0031929
9 0.748047 0.191895 0.0351562 0.0224609 0.00320435
7 0.36377 0.592285 0.0556641 0.0615234 0.00326538
11 0.213379 0.66748 0.0810547 0.0751953 0.00327682
9 0.57666 0.641113 0.407227 0.188477 0.00334167
7 0.334961 0.415527 0.123047 0.102539 0.00334549
13 0.662109 0.455566 0.0625 0.0751953 0.00335693
7 0.397461 0.239746 0.09375 0.0556641 0.00338745
10 0.57666 0.641113 0.407227 0.188477 0.00347328
13 0.397461 0.42334 0.0839844 0.112305 0.00353432
13 0.773438 0.737793 0.046875 0.0654297 0.00364685
3 0.590332 0.385254 0.114258 0.141602 0.00378036
3 0.212891 0.143555 0.425781 0.287109 0.00378036
10 0.774902 0.736816 0.0498047 0.0810547 0.0037899
2 0.644531 0.477539 0.0195312 0.0175781 0.00383568
6 0.370117 0.553711 0.0957031 0.152344 0.00390053
9 0.458496 0.603516 0.168945 0.251953 0.00391006
2 0.388184 0.359375 0.131836 0.222656 0.00395584
0 0.577148 0.639648 0.398438 0.195312 0.00415039
9 0.050293 0.828613 0.100586 0.342773 0.00416183
13 0.336914 0.422852 0.136719 0.119141 0.00427246
9 0.325195 0.47998 0.248047 0.325195 0.00442886
7 0.382324 0.515137 0.0732422 0.0888672 0.00453186
7 0.762207 0.718262 0.0654297 0.0966797 0.00453949
10 0.239258 0.666992 0.138672 0.078125 0.00465775
9 0.0214844 0.578613 0.0351562 0.0263672 0.00465775
13 0.708008 0.356445 0.0253906 0.0351562 0.00488281
8 0.26416 0.48291 0.0166016 0.0146484 0.00497437
11 0.599609 0.21875 0.0820312 0.0429688 0.00515747
11 0.285156 0.350098 0.0429688 0.0791016 0.00570679
3 0.566406 0.585449 0.345703 0.172852 0.00617218
7 0.773438 0.737793 0.046875 0.0654297 0.00641251
11 0.609375 0.206543 0.0625 0.0224609 0.00677109
9 0.303711 0.553711 0.189453 0.183594 0.00689697
10 0.780762 0.755859 0.0361328 0.0566406 0.00699997
11 0.774902 0.736816 0.0498047 0.0810547 0.00716782
10 0.300781 0.65625 0.253906 0.134766 0.00721741
9 0.503418 0.476074 0.137695 0.333008 0.00732422
7 0.305176 0.647949 0.245117 0.135742 0.00803375
7 0.379883 0.361816 0.144531 0.223633 0.00805664
10 0.1875 0.674316 0.0390625 0.0556641 0.00859833
11 0.630371 0.219238 0.133789 0.0576172 0.00908661
8 0.64502 0.477539 0.0185547 0.0175781 0.00914764
11 0.780762 0.755859 0.0361328 0.0566406 0.00919342
7 0.363281 0.574219 0.0859375 0.101562 0.00922394
5 0.305176 0.535156 0.192383 0.207031 0.00951385
6 0.393066 0.513672 0.12793 0.210938 0.00956726
13 0.303223 0.553223 0.188477 0.18457 0.00994873
11 0.439941 0.225098 0.0693359 0.0224609 0.0100708
13 0.730957 0.507812 0.102539 0.0507812 0.0100937
0 0.571777 0.396973 0.200195 0.18457 0.0103226
5 0.379883 0.361816 0.144531 0.223633 0.0106583
11 0.1875 0.674316 0.0390625 0.0556641 0.0112305
13 0.393066 0.513672 0.12793 0.210938 0.0120239
4 0.309082 0.507324 0.21582 0.262695 0.0123062
11 0.373535 0.250488 0.0517578 0.0478516 0.0151749
13 0.38916 0.435547 0.12207 0.205078 0.0161743
7 0.383301 0.543457 0.120117 0.163086 0.0219727
6 0.302246 0.565918 0.19043 0.163086 0.0232086
13 0.405273 0.306152 0.0800781 0.131836 0.0324097
7 0.324707 0.47998 0.24707 0.325195 0.0340271
11 0.200684 0.645996 0.0537109 0.100586 0.0379944
6 0.379883 0.361816 0.144531 0.223633 0.0386047
5 0.333984 0.466797 0.238281 0.359375 0.0386658
13 0.746582 0.505859 0.0458984 0.0214844 0.0413513
10 0.198242 0.649902 0.0566406 0.100586 0.0445862
11 0.418945 0.227539 0.0996094 0.0351562 0.0447693
13 0.350586 0.460938 0.208984 0.333984 0.057251
6 0.319824 0.485352 0.225586 0.310547 0.0982666
13 0.742676 0.505859 0.0791016 0.0292969 0.0985107
7 0.303223 0.553223 0.188477 0.18457 0.108337
10 0.195312 0.660645 0.0429688 0.0537109 0.134277
11 0.619141 0.209961 0.101562 0.03125 0.136353
11 0.397461 0.239746 0.09375 0.0556641 0.140259
11 0.195312 0.660645 0.0429688 0.0537109 0.144897
13 0.388184 0.359375 0.131836 0.222656 0.182373
0 0.590332 0.383301 0.114258 0.137695 0.743164
3 0.574219 0.644531 0.404297 0.183594 0.774414
