9 0.78125 0.566895 0.160156 0.106445 0.00036025
8 0.72998 0.445312 0.0107422 0.00976562 0.000361681
5 0.730469 0.450684 0.238281 0.254883 0.00036335
10 0.828125 0.568848 0.238281 0.258789 0.000365496
11 0.819824 0.562012 0.0517578 0.0654297 0.000366211
8 0.824219 0.562012 0.0605469 0.0751953 0.000371695
11 0.858887 0.570801 0.0595703 0.12793 0.000374317
8 0.756348 0.418457 0.0185547 0.0185547 0.00037837
0 0.580078 0.361816 0.0625 0.0791016 0.000379324
6 0.79541 0.538574 0.0693359 0.0673828 0.000380039
6 0.579102 0.369629 0.117188 0.124023 0.000380278
9 0.711426 0.414551 0.270508 0.311523 0.00038147
11 0.859375 0.65918 0.0859375 0.126953 0.000393391
1 0.802246 0.507812 0.0556641 0.105469 0.000398636
12 0.817383 0.601074 0.125 0.165039 0.000403166
2 0.62793 0.396484 0.015625 0.015625 0.000403404
7 0.838867 0.647461 0.111328 0.128906 0.000408173
6 0.725586 0.462402 0.291016 0.299805 0.000409842
6 0.788086 0.518555 0.0527344 0.046875 0.000411272
10 0.802734 0.481445 0.0839844 0.146484 0.000416279
1 0.840332 0.649414 0.12793 0.179688 0.000422001
10 0.824219 0.562012 0.0507812 0.0673828 0.000430584
9 0.527344 0.411133 0.205078 0.208984 0.000431061
9 0.620117 0.24707 0.138672 0.078125 0.00043416
8 0.791016 0.517578 0.0429688 0.0429688 0.000434399
1 0.781738 0.398438 0.0830078 0.121094 0.000437975
10 0.803711 0.459961 0.0644531 0.0859375 0.000446796
10 0.694824 0.486328 0.133789 0.154297 0.000450134
9 0.279785 0.311035 0.0615234 0.0732422 0.000455856
1 0.806641 0.547852 0.0878906 0.0878906 0.00046277
5 0.722656 0.503418 0.173828 0.166992 0.000471592
11 0.317383 0.230957 0.0839844 0.0400391 0.000473499
5 0.78125 0.64502 0.236328 0.250977 0.000475168
13 0.743164 0.364258 0.0410156 0.0488281 0.000476122
8 0.754883 0.411133 0.0253906 0.0195312 0.000487089
10 0.603516 0.274414 0.105469 0.107422 0.000500202
13 0.771484 0.46875 0.09375 0.078125 0.00050211
1 0.668457 0.299316 0.235352 0.200195 0.00052166
4 0.579102 0.369629 0.117188 0.124023 0.00052166
8 0.795898 0.600098 0.169922 0.165039 0.000522137
0 0.817383 0.601074 0.125 0.165039 0.000525475
9 0.984375 0.00878906 0.0175781 0.0175781 0.000528336
9 0.755371 0.53125 0.129883 0.113281 0.00053072
11 0.818359 0.422852 0.078125 0.162109 0.00053215
1 0.755859 0.585938 0.226562 0.181641 0.000532627
9 0.816406 0.144043 0.367188 0.288086 0.000542641
13 0.304688 0.355957 0.0449219 0.0439453 0.000542641
5 0.578125 0.368652 0.119141 0.120117 0.00054884
6 0.605469 0.623535 0.435547 0.200195 0.000551224
13 0.679688 0.477051 0.103516 0.133789 0.000557423
13 0.840332 0.592285 0.104492 0.147461 0.000557899
13 0.711426 0.414551 0.270508 0.311523 0.000558853
9 0.759766 0.436035 0.183594 0.209961 0.000563145
1 0.848145 0.612305 0.0732422 0.105469 0.000566006
8 0.790039 0.461426 0.0429688 0.0498047 0.000568867
12 0.579102 0.369629 0.117188 0.124023 0.000570774
13 0.769043 0.683594 0.266602 0.259766 0.000575066
6 0.76416 0.60498 0.233398 0.202148 0.000585556
1 0.772949 0.533691 0.135742 0.114258 0.000587463
12 0.678711 0.304199 0.234375 0.182617 0.000595093
2 0.769043 0.683594 0.266602 0.259766 0.00059557
7 0.852051 0.612305 0.0576172 0.0683594 0.000598431
9 0.848145 0.612305 0.0732422 0.105469 0.000599861
2 0.710449 0.501465 0.157227 0.176758 0.000603676
4 0.772461 0.492188 0.103516 0.140625 0.000605583
4 0.731445 0.549316 0.232422 0.188477 0.00060606
1 0.612305 0.285645 0.109375 0.118164 0.000608444
9 0.663086 0.289062 0.230469 0.189453 0.000617027
13 0.605469 0.623535 0.435547 0.200195 0.000619411
12 0.606934 0.643066 0.458008 0.178711 0.000628948
6 0.811035 0.499512 0.0908203 0.174805 0.000630379
10 0.872559 0.61084 0.0537109 0.0908203 0.000638008
10 0.849609 0.604492 0.0488281 0.0625 0.000644684
13 0.730957 0.426758 0.0927734 0.125 0.000645161
8 0.665039 0.463867 0.0683594 0.107422 0.000650883
7 0.579102 0.369629 0.117188 0.124023 0.000651836
2 0.606934 0.643066 0.458008 0.178711 0.000664234
13 0.775879 0.501465 0.0673828 0.0556641 0.000665188
7 0.760254 0.501953 0.0732422 0.0605469 0.000665665
10 0.655273 0.274902 0.226562 0.200195 0.000674725
13 0.769531 0.396973 0.101562 0.133789 0.000676632
11 0.699219 0.258789 0.103516 0.0761719 0.000684738
12 0.825195 0.562012 0.0722656 0.0849609 0.000693321
8 0.606934 0.643066 0.458008 0.178711 0.000701427
11 0.605469 0.623535 0.435547 0.200195 0.000701904
2 0.788086 0.518555 0.0527344 0.046875 0.000708103
1 0.605469 0.623535 0.435547 0.200195 0.000710011
0 0.527344 0.411133 0.205078 0.208984 0.000714779
11 0.78125 0.516113 0.228516 0.24707 0.000733852
7 0.605469 0.623535 0.435547 0.200195 0.000738144
10 0.730469 0.450684 0.238281 0.254883 0.000744343
4 0.605469 0.623535 0.435547 0.200195 0.000749588
6 0.769043 0.683594 0.266602 0.259766 0.000754356
11 0.737305 0.411133 0.201172 0.234375 0.000755787
1 0.579102 0.369629 0.117188 0.124023 0.000768185
11 0.362793 0.221191 0.137695 0.0380859 0.000782967
4 0.780273 0.557129 0.125 0.106445 0.000796318
11 0.842285 0.541504 0.0732422 0.151367 0.000803947
13 0.314941 0.374023 0.0615234 0.0703125 0.000827789
4 0.612305 0.285645 0.111328 0.118164 0.00083065
6 0.802246 0.499023 0.145508 0.246094 0.00084877
8 0.806641 0.487305 0.0859375 0.185547 0.000879765
13 0.578125 0.368652 0.119141 0.120117 0.000883579
2 0.833008 0.581055 0.0996094 0.134766 0.000884056
1 0.774902 0.52832 0.0791016 0.078125 0.000889778
11 0.417969 0.233398 0.0605469 0.0351562 0.000916004
7 0.662109 0.455078 0.0625 0.0878906 0.000925064
0 0.0493164 0.447754 0.0927734 0.225586 0.00093317
2 0.803711 0.459961 0.0644531 0.0859375 0.000947475
3 0.833496 0.617676 0.124023 0.188477 0.000959873
10 0.722656 0.645996 0.269531 0.149414 0.000960827
12 0.791016 0.484863 0.101562 0.19043 0.000976086
11 0.870605 0.641602 0.0537109 0.0859375 0.00098896
13 0.74707 0.355957 0.0214844 0.0302734 0.00100231
7 0.801758 0.510742 0.0371094 0.0429688 0.00100327
2 0.795898 0.513672 0.03125 0.0332031 0.00100327
9 0.603516 0.274414 0.105469 0.107422 0.00100422
11 0.791016 0.517578 0.0429688 0.0429688 0.00100517
10 0.860352 0.587402 0.0507812 0.110352 0.00100613
8 0.769043 0.683594 0.266602 0.259766 0.00100613
9 0.735352 0.588867 0.253906 0.1875 0.00102139
6 0.817383 0.601074 0.125 0.165039 0.00102806
9 0.811035 0.647949 0.165039 0.147461 0.00103283
11 0.596191 0.336426 0.12207 0.161133 0.0010376
12 0.769043 0.683594 0.266602 0.259766 0.00104523
7 0.725586 0.462402 0.291016 0.299805 0.00105858
11 0.760742 0.490723 0.115234 0.133789 0.00107765
1 0.772461 0.492188 0.103516 0.140625 0.00108051
5 0.597656 0.637695 0.433594 0.177734 0.00108433
4 0.755371 0.53125 0.129883 0.113281 0.00109386
9 0.495117 0.51709 0.171875 0.416992 0.00109863
11 0.772949 0.533691 0.135742 0.114258 0.00110531
3 0.756836 0.609375 0.240234 0.193359 0.00110912
4 0.813965 0.494629 0.106445 0.231445 0.00111675
6 0.69043 0.486328 0.115234 0.138672 0.00112629
2 0.778809 0.460938 0.145508 0.228516 0.00113106
11 0.794922 0.508789 0.0546875 0.0800781 0.00114918
0 0.78125 0.64502 0.236328 0.250977 0.00115299
2 0.577148 0.37207 0.117188 0.125 0.00117588
7 0.634766 0.23877 0.166016 0.0673828 0.00117874
8 0.762695 0.479492 0.175781 0.220703 0.00120544
10 0.579102 0.369629 0.117188 0.124023 0.00121689
11 0.827148 0.681641 0.173828 0.189453 0.00122261
5 0.770996 0.452637 0.129883 0.209961 0.00122833
9 0.772461 0.492188 0.101562 0.134766 0.00125217
7 0.829102 0.679199 0.167969 0.166992 0.00126743
0 0.606445 0.63916 0.433594 0.163086 0.00128078
9 0.782227 0.399414 0.0742188 0.0996094 0.00128555
11 0.577148 0.380859 0.111328 0.148438 0.00134945
11 0.402832 0.226074 0.0751953 0.0302734 0.00137329
11 0.79834 0.400391 0.0595703 0.105469 0.00137806
9 0.80127 0.508301 0.0322266 0.0478516 0.00141239
13 0.813965 0.5625 0.112305 0.119141 0.00144577
13 0.750977 0.520996 0.148438 0.110352 0.00147343
4 0.78125 0.536133 0.0839844 0.0820312 0.00148773
13 0.77002 0.47998 0.0458984 0.0263672 0.00150108
6 0.81543 0.562012 0.0976562 0.0947266 0.00155163
3 0.560547 0.6875 0.34375 0.113281 0.0015564
9 0.794922 0.508789 0.0546875 0.0800781 0.00156593
8 0.833008 0.581055 0.0996094 0.134766 0.00160503
13 0.744141 0.493652 0.0585938 0.0576172 0.00165081
11 0.803711 0.459961 0.0644531 0.0859375 0.00176144
7 0.791016 0.517578 0.0429688 0.0429688 0.00179768
3 0.618652 0.572754 0.393555 0.198242 0.00181007
11 0.774902 0.52832 0.0791016 0.078125 0.00181389
10 0.859375 0.697266 0.121094 0.183594 0.0018158
1 0.803711 0.459961 0.0644531 0.0859375 0.0018301
7 0.844727 0.592285 0.0820312 0.112305 0.00184345
9 0.819824 0.521973 0.0927734 0.180664 0.00184441
13 0.742188 0.426758 0.175781 0.207031 0.00185394
10 0.760742 0.519531 0.125 0.101562 0.0018549
11 0.638672 0.238281 0.164062 0.0625 0.00187778
0 0.649902 0.270508 0.182617 0.103516 0.00189495
9 0.78418 0.407227 0.103516 0.181641 0.00190258
10 0.791504 0.428223 0.0947266 0.188477 0.00192738
9 0.596191 0.638672 0.428711 0.164062 0.00194263
1 0.812012 0.487305 0.0888672 0.158203 0.00196457
10 0.870605 0.641602 0.0537109 0.0859375 0.00210571
4 0.76416 0.60498 0.233398 0.202148 0.00211143
7 0.663086 0.289062 0.230469 0.189453 0.0021286
7 0.794922 0.508789 0.0546875 0.0800781 0.00213432
1 0.789551 0.64502 0.21582 0.231445 0.00213623
11 0.612305 0.285645 0.111328 0.118164 0.00217438
9 0.785156 0.528809 0.0859375 0.0732422 0.00219917
9 0.817383 0.601074 0.125 0.165039 0.00222015
8 0.577148 0.37207 0.117188 0.125 0.00222397
6 0.774902 0.52832 0.0791016 0.078125 0.00224686
9 0.805176 0.547852 0.0771484 0.0800781 0.00231361
4 0.769531 0.683594 0.263672 0.25 0.00233269
12 0.650879 0.264648 0.182617 0.0957031 0.00245476
3 0.637695 0.70752 0.513672 0.227539 0.00248718
9 0.791016 0.517578 0.0429688 0.0429688 0.00253487
9 0.578125 0.369629 0.119141 0.125977 0.00253677
11 0.768066 0.64502 0.24707 0.237305 0.00254822
2 0.649902 0.270508 0.182617 0.103516 0.00271797
8 0.753418 0.410156 0.0107422 0.0078125 0.00293541
1 0.710449 0.501465 0.157227 0.176758 0.002985
8 0.755371 0.412598 0.0146484 0.0126953 0.00302315
11 0.710449 0.501465 0.157227 0.176758 0.00311279
11 0.791504 0.508789 0.0869141 0.123047 0.00315666
13 0.771484 0.521484 0.0488281 0.0253906 0.00328827
7 0.819824 0.541016 0.0966797 0.15625 0.00330353
1 0.829102 0.567383 0.0820312 0.0996094 0.00340843
1 0.778809 0.460938 0.145508 0.228516 0.00345993
7 0.783691 0.56543 0.147461 0.101562 0.00348282
10 0.788086 0.536133 0.0820312 0.078125 0.00348663
10 0.647461 0.615234 0.398438 0.185547 0.0035553
9 0.712402 0.488281 0.170898 0.181641 0.00361443
3 0.579102 0.369629 0.117188 0.124023 0.00361443
10 0.780762 0.718262 0.270508 0.260742 0.00367165
2 0.797852 0.465332 0.0839844 0.174805 0.00370598
9 0.78418 0.678223 0.25 0.260742 0.00372887
6 0.650879 0.264648 0.182617 0.0957031 0.00376129
13 0.79541 0.428711 0.0927734 0.173828 0.00377274
11 0.8125 0.608398 0.146484 0.193359 0.00378799
9 0.662598 0.45459 0.0634766 0.0908203 0.00380898
8 0.710449 0.501465 0.157227 0.176758 0.00383568
6 0.76123 0.505859 0.112305 0.109375 0.00387001
11 0.374512 0.220215 0.0927734 0.0244141 0.00390625
7 0.729004 0.549316 0.233398 0.188477 0.00395584
11 0.799805 0.510254 0.0292969 0.0322266 0.0039978
4 0.762695 0.479492 0.175781 0.220703 0.0043869
1 0.817383 0.601074 0.125 0.165039 0.0043869
13 0.803223 0.499023 0.0537109 0.105469 0.00445175
3 0.647949 0.257324 0.178711 0.0888672 0.00450516
10 0.802246 0.499023 0.145508 0.246094 0.00452805
0 0.585449 0.383301 0.186523 0.166992 0.00452805
3 0.78418 0.678223 0.25 0.260742 0.00471497
4 0.817383 0.601074 0.125 0.165039 0.00494003
11 0.6875 0.300781 0.255859 0.177734 0.00521088
11 0.78418 0.388672 0.0800781 0.162109 0.00522232
8 0.791504 0.433105 0.102539 0.186523 0.00547028
8 0.650879 0.264648 0.182617 0.0957031 0.00587082
13 0.649902 0.270508 0.182617 0.103516 0.00592041
7 0.782715 0.398438 0.0771484 0.113281 0.00597763
6 0.799316 0.462891 0.0712891 0.09375 0.00632477
4 0.825195 0.56543 0.0742188 0.0898438 0.00643539
4 0.791504 0.433105 0.102539 0.186523 0.00650787
7 0.77002 0.682617 0.258789 0.25 0.00696945
9 0.802246 0.467773 0.0615234 0.0722656 0.00711441
6 0.79248 0.44043 0.104492 0.191406 0.00721359
4 0.803711 0.451172 0.0703125 0.111328 0.00789642
10 0.805664 0.557129 0.107422 0.0908203 0.00797272
7 0.612305 0.285645 0.111328 0.118164 0.00799561
13 0.760254 0.486328 0.0576172 0.0429688 0.00802612
10 0.735352 0.527344 0.201172 0.185547 0.00810242
13 0.812012 0.5 0.0888672 0.177734 0.00816345
9 0.679688 0.477051 0.103516 0.133789 0.00850677
4 0.710449 0.501465 0.157227 0.176758 0.0092926
10 0.650391 0.260254 0.183594 0.0888672 0.00955963
13 0.720215 0.498535 0.166992 0.172852 0.0101776
7 0.76416 0.60498 0.233398 0.202148 0.0105057
10 0.859375 0.645996 0.0878906 0.12207 0.0108185
11 0.848145 0.602051 0.0595703 0.0791016 0.0108871
11 0.821289 0.55127 0.0742188 0.102539 0.0111084
7 0.806641 0.547363 0.0800781 0.0830078 0.0111237
13 0.799316 0.462891 0.0712891 0.09375 0.012146
7 0.76123 0.505859 0.112305 0.109375 0.0121536
11 0.778809 0.460938 0.145508 0.228516 0.0123901
9 0.825195 0.565918 0.0742188 0.0908203 0.013588
11 0.845703 0.623535 0.09375 0.133789 0.013588
1 0.793945 0.445312 0.0839844 0.162109 0.013916
11 0.81543 0.509277 0.0957031 0.19043 0.0144501
8 0.80127 0.464355 0.0654297 0.0751953 0.0151596
13 0.80127 0.510254 0.0361328 0.0380859 0.0151825
13 0.791504 0.520996 0.0556641 0.0576172 0.016037
9 0.65625 0.264648 0.1875 0.0957031 0.0164642
9 0.793945 0.47168 0.107422 0.210938 0.0166931
13 0.804688 0.545898 0.0742188 0.0761719 0.0166931
4 0.649902 0.264648 0.178711 0.0917969 0.0174408
7 0.679688 0.477051 0.103516 0.133789 0.0178528
13 0.759277 0.495117 0.0849609 0.0898438 0.0178833
7 0.817383 0.601074 0.125 0.165039 0.0183411
7 0.797363 0.498047 0.102539 0.179688 0.0201721
13 0.770996 0.521484 0.0732422 0.0429688 0.0206146
6 0.732422 0.474609 0.179688 0.197266 0.0207367
7 0.774902 0.52832 0.0791016 0.078125 0.0232239
10 0.755859 0.585938 0.226562 0.181641 0.0235596
13 0.775879 0.473145 0.12207 0.198242 0.0282898
11 0.834473 0.584473 0.0908203 0.116211 0.030014
13 0.773438 0.523438 0.0976562 0.0742188 0.0378723
10 0.826172 0.664062 0.148438 0.154297 0.0439453
10 0.86084 0.621094 0.0458984 0.0585938 0.0454712
7 0.765625 0.444336 0.146484 0.210938 0.0462341
1 0.649902 0.264648 0.178711 0.0917969 0.0467529
11 0.862793 0.618652 0.0419922 0.0634766 0.0489502
7 0.803711 0.459961 0.0644531 0.0859375 0.0518494
7 0.712402 0.488281 0.170898 0.181641 0.055481
10 0.848145 0.612305 0.0732422 0.105469 0.0639648
10 0.829102 0.575195 0.0820312 0.0996094 0.067749
11 0.793945 0.445312 0.0839844 0.162109 0.0679932
9 0.803711 0.467285 0.0703125 0.141602 0.0686646
7 0.793945 0.445312 0.0839844 0.162109 0.0712891
7 0.649902 0.264648 0.178711 0.0917969 0.074585
7 0.825195 0.56543 0.0742188 0.0898438 0.081543
11 0.652832 0.26416 0.182617 0.0966797 0.153564
10 0.817383 0.601074 0.125 0.165039 0.212646
10 0.789551 0.64502 0.21582 0.231445 0.231689
3 0.604492 0.638184 0.423828 0.155273 0.530273
0 0.579102 0.369141 0.117188 0.119141 0.537109
