3 0.567383 0.65918 0.324219 0.15625 0.000100851
9 0.406738 0.493164 0.0302734 0.0390625 0.000101745
8 0.200195 0.418945 0.0117188 0.0117188 0.000102341
9 0.350586 0.970215 0.380859 0.0556641 0.000102401
3 0.784668 0.145508 0.430664 0.291016 0.000102699
0 0.894043 0.498047 0.211914 0.244141 0.000103593
5 0.804199 0.655273 0.118164 0.123047 0.000103831
9 0.209961 0.912109 0.181641 0.0917969 0.00010401
8 0.685059 0.279297 0.00878906 0.0078125 0.000104368
2 0.567871 0.308105 0.0517578 0.0654297 0.0001055
6 0.18457 0.611328 0.160156 0.15625 0.000105679
2 0.265625 0.617676 0.0175781 0.0244141 0.000105858
13 0.702148 0.659668 0.101562 0.0712891 0.000107169
13 0.352539 0.233887 0.0703125 0.0810547 0.000107408
9 0.154297 0.495117 0.0644531 0.193359 0.000107944
8 0.185059 0.516602 0.0166016 0.0117188 0.000108361
9 0.0869141 0.44873 0.173828 0.282227 0.000108838
9 0.826172 0.699219 0.0800781 0.0371094 0.000108957
2 0.977539 0.0283203 0.0449219 0.0546875 0.000109196
13 0.638672 0.24707 0.0527344 0.0722656 0.000109971
7 0.550781 0.603516 0.386719 0.199219 0.00011009
8 0.168945 0.553711 0.0722656 0.107422 0.000110686
8 0.355469 0.263184 0.0214844 0.0185547 0.000111103
0 0.942383 0.465332 0.0996094 0.149414 0.000111163
3 0.408691 0.563965 0.0224609 0.0185547 0.000111699
11 0.316895 0.165527 0.118164 0.0244141 0.000112176
11 0.698242 0.669922 0.03125 0.0390625 0.000112295
9 0.982422 0.0664062 0.0351562 0.132812 0.000112891
8 0.983398 0.143555 0.0332031 0.03125 0.000113189
9 0.137695 0.664062 0.0488281 0.0566406 0.000113666
8 0.306641 0.31543 0.015625 0.0136719 0.000113845
11 0.134766 0.54541 0.0585938 0.124023 0.000114083
13 0.706543 0.230469 0.0322266 0.0234375 0.000114143
13 0.165527 0.566895 0.0556641 0.0478516 0.000114739
13 0.550781 0.603516 0.386719 0.199219 0.000115395
4 0.550781 0.603516 0.386719 0.199219 0.000116289
13 0.95459 0.125488 0.0908203 0.250977 0.000116289
12 0.21582 0.953125 0.277344 0.0898438 0.000116587
8 0.71582 0.23584 0.0195312 0.0146484 0.000116646
5 0.744629 0.302246 0.104492 0.100586 0.000118613
11 0.351074 0.165039 0.112305 0.03125 0.000119746
9 0.935059 0.0673828 0.129883 0.134766 0.000119984
13 0.352539 0.266113 0.0410156 0.0517578 0.000120878
5 0.95459 0.125488 0.0908203 0.250977 0.000121117
9 0.619629 0.694824 0.0830078 0.0380859 0.000121176
5 0.176758 0.537598 0.115234 0.172852 0.000121236
7 0.135742 0.519043 0.0332031 0.124023 0.000121295
9 0.720703 0.278809 0.136719 0.125977 0.000122309
13 0.755371 0.0932617 0.19043 0.176758 0.000123262
4 0.16748 0.566406 0.0595703 0.0527344 0.000123858
11 0.136719 0.509277 0.0429688 0.0595703 0.000124574
11 0.651855 0.683594 0.133789 0.0351562 0.000124931
1 0.550781 0.603516 0.386719 0.199219 0.00012517
8 0.789062 0.411133 0.0195312 0.0195312 0.000125289
9 0.273926 0.702148 0.0361328 0.03125 0.000125766
7 0.952637 0.0380859 0.0947266 0.0761719 0.000128031
13 0.708496 0.31543 0.209961 0.234375 0.000128388
9 0.742676 0.687988 0.239258 0.0888672 0.000128508
8 0.353516 0.273926 0.0390625 0.0361328 0.000128984
13 0.634766 0.303711 0.210938 0.193359 0.000129104
11 0.0717773 0.989746 0.114258 0.0166016 0.0001297
8 0.966309 0.065918 0.0673828 0.131836 0.000129819
13 0.692871 0.629395 0.149414 0.125977 0.000130177
13 0.782715 0.588379 0.15332 0.233398 0.000131726
8 0.269043 0.700684 0.0732422 0.0380859 0.000132084
3 0.921387 0.418945 0.157227 0.251953 0.00013268
13 0.63623 0.219238 0.0478516 0.0419922 0.000132918
3 0.0551758 0.431152 0.110352 0.170898 0.000133157
8 0.189453 0.512207 0.0214844 0.0185547 0.000134826
11 0.550781 0.603516 0.386719 0.199219 0.000134826
9 0.375977 0.233398 0.0742188 0.117188 0.000135064
5 0.952637 0.0380859 0.0947266 0.0761719 0.000136256
11 0.810059 0.70752 0.0771484 0.0244141 0.000137568
4 0.887207 0.864746 0.225586 0.270508 0.000139594
13 0.719238 0.276855 0.114258 0.0673828 0.000139713
13 0.887207 0.864746 0.225586 0.270508 0.00014019
0 0.572754 0.324219 0.204102 0.162109 0.000142455
13 0.354492 0.236816 0.0449219 0.0361328 0.000142932
8 0.818359 0.602051 0.0175781 0.0166016 0.00014317
8 0.431152 0.262695 0.0244141 0.0214844 0.000143409
13 0.70459 0.583984 0.239258 0.240234 0.000145197
9 0.537109 0.469238 0.328125 0.458008 0.000145435
9 0.413574 0.124023 0.0517578 0.0332031 0.000145555
5 0.23584 0.623535 0.266602 0.21582 0.00014782
6 0.16748 0.566406 0.0595703 0.0527344 0.000148177
10 0.846191 0.776367 0.0576172 0.0664062 0.000148296
9 0.64502 0.246094 0.0849609 0.103516 0.000149131
9 0.780762 0.726562 0.192383 0.09375 0.000149131
10 0.186035 0.981934 0.272461 0.0361328 0.000150442
0 0.3125 0.983887 0.117188 0.0322266 0.000150442
8 0.178223 0.493652 0.0244141 0.0205078 0.000151634
8 0.408203 0.563477 0.0332031 0.0332031 0.000152111
8 0.550781 0.603516 0.386719 0.199219 0.000152707
2 0.550781 0.603516 0.386719 0.199219 0.000152707
11 0.372559 0.152832 0.0673828 0.0146484 0.000153422
11 0.40332 0.168457 0.0488281 0.0322266 0.000155687
11 0.850586 0.774414 0.0585938 0.0644531 0.000157118
2 0.966797 0.043457 0.0664062 0.0869141 0.000157475
5 0.713867 0.59082 0.205078 0.228516 0.000164032
8 0.79541 0.346191 0.0341797 0.0302734 0.000165224
8 0.16748 0.643066 0.0146484 0.0146484 0.000166059
12 0.887207 0.864746 0.225586 0.270508 0.000167131
9 0.657227 0.686035 0.158203 0.0595703 0.000167251
9 0.793457 0.589844 0.124023 0.226562 0.000168085
9 0.209961 0.983398 0.232422 0.03125 0.000168085
9 0.226074 0.342773 0.110352 0.0957031 0.000169039
9 0.25293 0.914551 0.304688 0.129883 0.000169754
11 0.405762 0.150879 0.0732422 0.0146484 0.000170708
7 0.140137 0.517578 0.0283203 0.0703125 0.000172377
9 0.199219 0.662598 0.0878906 0.0400391 0.000172496
7 0.199219 0.586426 0.1875 0.219727 0.000173926
6 0.545898 0.320801 0.103516 0.108398 0.000175238
8 0.787598 0.295898 0.0146484 0.015625 0.000176907
8 0.137207 0.53125 0.0439453 0.107422 0.000177026
12 0.688965 0.442871 0.336914 0.551758 0.000177503
2 0.983887 0.142578 0.0322266 0.0332031 0.000179052
8 0.208496 0.500977 0.0107422 0.0117188 0.000180483
11 0.64502 0.174316 0.114258 0.0302734 0.000181794
13 0.32959 0.34375 0.133789 0.0917969 0.000182033
8 0.32373 0.59668 0.0419922 0.0351562 0.000182152
7 0.209961 0.983398 0.232422 0.03125 0.000183344
11 0.390137 0.16748 0.0869141 0.0419922 0.000184655
11 0.608398 0.161133 0.0527344 0.0117188 0.000185132
3 0.869629 0.502441 0.260742 0.307617 0.000185251
11 0.283691 0.179199 0.0986328 0.0517578 0.000187874
3 0.625488 0.467773 0.436523 0.498047 0.000188231
11 0.647949 0.16748 0.0673828 0.0205078 0.000188351
8 0.887207 0.864746 0.225586 0.270508 0.000189304
3 0.914062 0.931641 0.171875 0.136719 0.000189662
8 0.140137 0.517578 0.0283203 0.0703125 0.000190377
12 0.550781 0.603516 0.386719 0.199219 0.000190616
4 0.545898 0.320801 0.103516 0.108398 0.000191689
2 0.794922 0.346191 0.0234375 0.0185547 0.000191808
0 0.871094 0.380371 0.257812 0.450195 0.000194788
9 0.794922 0.346191 0.0234375 0.0185547 0.000195146
0 0.489258 0.412598 0.189453 0.321289 0.000197887
9 0.669922 0.671875 0.105469 0.0332031 0.000199556
9 0.222656 0.633301 0.236328 0.186523 0.000200152
8 0.374023 0.126953 0.0175781 0.0136719 0.000200868
13 0.680176 0.231934 0.110352 0.0771484 0.000202179
13 0.408691 0.563965 0.0224609 0.0185547 0.000203133
13 0.647949 0.232422 0.0361328 0.0410156 0.000207663
10 0.550781 0.603516 0.386719 0.199219 0.000211477
8 0.169434 0.650391 0.0166016 0.0175781 0.000213146
13 0.973145 0.0947266 0.0517578 0.189453 0.000213981
7 0.163086 0.559082 0.0683594 0.0791016 0.000214219
8 0.647949 0.232422 0.0361328 0.0410156 0.000216722
13 0.751953 0.0927734 0.0878906 0.169922 0.000216842
0 0.151855 0.35498 0.303711 0.458008 0.000219107
0 0.0551758 0.431152 0.110352 0.170898 0.000221491
11 0.422363 0.16748 0.0576172 0.0302734 0.000221729
13 0.697266 0.665527 0.046875 0.0478516 0.000223398
5 0.79834 0.505859 0.106445 0.263672 0.000224829
5 0.17041 0.57373 0.0830078 0.0810547 0.000225782
9 0.958984 0.124023 0.0820312 0.248047 0.000226736
2 0.408691 0.563965 0.0224609 0.0185547 0.000226974
13 0.648926 0.232422 0.0107422 0.00976562 0.000229597
13 0.397461 0.209473 0.0273438 0.0361328 0.000232816
8 0.811035 0.407715 0.0185547 0.0205078 0.00023675
13 0.793945 0.34668 0.0273438 0.0253906 0.000239849
13 0.952637 0.0380859 0.0947266 0.0761719 0.000239968
7 0.21582 0.953125 0.277344 0.0898438 0.00024116
13 0.352539 0.235352 0.03125 0.0234375 0.00024271
3 0.839844 0.36084 0.320312 0.40332 0.000244856
0 0.550781 0.603516 0.386719 0.199219 0.000247002
5 0.226074 0.342773 0.110352 0.0957031 0.000247955
2 0.887207 0.864746 0.225586 0.270508 0.000251293
9 0.256348 0.455078 0.264648 0.396484 0.000251532
7 0.408691 0.563965 0.0224609 0.0185547 0.000256538
13 0.213867 0.316406 0.0625 0.0292969 0.000256777
1 0.895996 0.874023 0.208008 0.251953 0.000262499
7 0.545898 0.320801 0.103516 0.108398 0.000263929
0 0.556641 0.294434 0.0761719 0.0634766 0.000266075
0 0.105957 0.416016 0.211914 0.289062 0.000267982
3 0.868652 0.290527 0.262695 0.196289 0.000268936
11 0.582031 0.187012 0.0683594 0.0361328 0.000270128
8 0.386719 0.524902 0.0371094 0.0302734 0.000271082
9 0.269043 0.700684 0.0732422 0.0380859 0.000273705
13 0.70752 0.649902 0.0576172 0.0693359 0.000276327
12 0.545898 0.320801 0.103516 0.108398 0.000276566
5 0.750488 0.365723 0.141602 0.211914 0.000279188
9 0.150391 0.704102 0.134766 0.142578 0.000283718
9 0.709961 0.316895 0.207031 0.233398 0.000297308
9 0.907227 0.212891 0.185547 0.361328 0.000298977
9 0.230469 0.750977 0.302734 0.232422 0.000302792
12 0.217285 0.687988 0.258789 0.118164 0.000302792
11 0.402832 0.171387 0.0283203 0.0263672 0.000303745
9 0.375488 0.126465 0.0205078 0.0146484 0.000306129
13 0.720703 0.278809 0.136719 0.125977 0.000307083
7 0.21875 0.680176 0.242188 0.100586 0.000311613
1 0.545898 0.320801 0.103516 0.108398 0.000314474
5 0.256348 0.455078 0.264648 0.396484 0.000314713
9 0.796875 0.720703 0.121094 0.0664062 0.000316143
5 0.550781 0.603516 0.386719 0.199219 0.000322819
9 0.408691 0.563965 0.0224609 0.0185547 0.000323772
9 0.950195 0.0258789 0.0996094 0.0517578 0.000324726
2 0.137207 0.53125 0.0439453 0.107422 0.000330687
8 0.407715 0.492188 0.0341797 0.0410156 0.000341415
5 0.719238 0.304199 0.176758 0.194336 0.000353575
9 0.812012 0.200684 0.375977 0.389648 0.000354052
9 0.773438 0.506348 0.146484 0.358398 0.000363588
13 0.545898 0.320801 0.103516 0.108398 0.000366211
5 0.545898 0.320801 0.103516 0.108398 0.000366211
0 0.895996 0.874023 0.208008 0.251953 0.000379324
13 0.690918 0.679688 0.0966797 0.0273438 0.00038147
13 0.64502 0.583496 0.139648 0.19043 0.000385284
3 0.942383 0.465332 0.0996094 0.149414 0.000391245
8 0.315918 0.462402 0.0166016 0.0146484 0.000394821
7 0.164062 0.608887 0.111328 0.155273 0.00039649
5 0.18457 0.611328 0.160156 0.15625 0.000408173
5 0.70752 0.376953 0.237305 0.367188 0.00042057
9 0.265625 0.617676 0.0175781 0.0244141 0.000422001
8 0.273926 0.702148 0.0361328 0.03125 0.000431299
9 0.983887 0.145996 0.0322266 0.0322266 0.000436068
8 0.266602 0.617188 0.0195312 0.0234375 0.00045085
9 0.162109 0.608398 0.117188 0.158203 0.000452757
10 0.101074 0.758789 0.0302734 0.0429688 0.000458956
13 0.269531 0.331543 0.175781 0.0947266 0.000463963
9 0.506348 0.350586 0.18457 0.177734 0.000469685
9 0.138672 0.50293 0.0292969 0.111328 0.000473499
8 0.545898 0.320801 0.103516 0.108398 0.000473738
11 0.100586 0.758789 0.03125 0.0429688 0.00047493
13 0.648438 0.224609 0.0585938 0.0683594 0.000478983
13 0.403809 0.42627 0.0478516 0.0537109 0.000484705
13 0.20752 0.342285 0.0830078 0.0888672 0.000490189
2 0.544922 0.317871 0.105469 0.102539 0.000493526
9 0.804199 0.672363 0.12207 0.0908203 0.000494003
13 0.196777 0.308105 0.0400391 0.0419922 0.000514507
11 0.545898 0.320801 0.103516 0.108398 0.000520229
11 0.135742 0.519043 0.0332031 0.124023 0.000534058
9 0.452637 0.629395 0.168945 0.231445 0.000536442
11 0.418945 0.181641 0.0605469 0.0546875 0.00055027
11 0.61084 0.181641 0.118164 0.0390625 0.000563145
13 0.140137 0.512207 0.0224609 0.0498047 0.000583649
11 0.399414 0.153809 0.0527344 0.0126953 0.000584126
10 0.545898 0.320801 0.103516 0.108398 0.000584602
9 0.163086 0.559082 0.0683594 0.0791016 0.00063467
13 0.190918 0.323242 0.0283203 0.0410156 0.000638485
11 0.895996 0.874023 0.208008 0.251953 0.000668526
9 0.802246 0.708008 0.106445 0.0292969 0.000670433
9 0.977539 0.0283203 0.0449219 0.0546875 0.000672817
8 0.710449 0.231934 0.0263672 0.0185547 0.000691891
9 0.708496 0.447754 0.280273 0.47168 0.000720501
13 0.630371 0.524902 0.0615234 0.102539 0.00072813
11 0.731445 0.195312 0.0527344 0.03125 0.000738144
8 0.358887 0.259277 0.0126953 0.0107422 0.000741005
11 0.619141 0.168945 0.0976562 0.0253906 0.000743389
13 0.387207 0.208008 0.0498047 0.0566406 0.000751972
9 0.129395 0.702148 0.0771484 0.0976562 0.000759125
9 0.164062 0.556641 0.0957031 0.166016 0.000824451
8 0.648926 0.232422 0.0107422 0.00976562 0.000824451
9 0.232422 0.661133 0.216797 0.0625 0.000835419
9 0.13623 0.679688 0.0341797 0.0351562 0.000851631
5 0.774414 0.44873 0.123047 0.249023 0.000916004
9 0.551758 0.604492 0.380859 0.183594 0.000968933
13 0.202637 0.324219 0.0576172 0.0546875 0.00100613
5 0.223145 0.543945 0.200195 0.25 0.00100803
11 0.37207 0.156738 0.046875 0.0126953 0.00101566
10 0.848145 0.779785 0.0322266 0.0478516 0.00103664
7 0.164551 0.56543 0.0517578 0.046875 0.00104046
8 0.794922 0.346191 0.0234375 0.0185547 0.00104141
13 0.678711 0.259277 0.150391 0.125977 0.00104904
9 0.545898 0.320801 0.103516 0.108398 0.00107288
9 0.14209 0.683105 0.0693359 0.0498047 0.00109291
9 0.161621 0.566895 0.0458984 0.0439453 0.00109482
13 0.626465 0.5625 0.0693359 0.208984 0.00109863
2 0.138184 0.513672 0.0302734 0.0625 0.00115776
11 0.286133 0.169922 0.0664062 0.0351562 0.00118732
11 0.849121 0.779297 0.0322266 0.0488281 0.00124645
3 0.545898 0.320801 0.103516 0.108398 0.0012579
9 0.211426 0.556641 0.186523 0.238281 0.00139618
9 0.661133 0.683105 0.126953 0.0302734 0.00148201
11 0.40332 0.161621 0.078125 0.0244141 0.00148487
7 0.141113 0.510742 0.0185547 0.046875 0.00149727
9 0.21582 0.953125 0.277344 0.0898438 0.00158882
11 0.367188 0.160156 0.0742188 0.0214844 0.00159264
9 0.137207 0.53125 0.0439453 0.107422 0.00163651
13 0.64502 0.246094 0.0849609 0.103516 0.00187397
9 0.966797 0.043457 0.0664062 0.0869141 0.00191212
13 0.375977 0.233398 0.0742188 0.117188 0.00207901
11 0.248535 0.191406 0.0810547 0.0546875 0.00217819
8 0.141113 0.510742 0.0185547 0.0449219 0.00218773
11 0.140625 0.509277 0.0214844 0.0478516 0.00218964
11 0.577637 0.172363 0.0634766 0.0283203 0.00250435
9 0.478516 0.440918 0.173828 0.37793 0.00250626
11 0.588867 0.165527 0.0683594 0.0185547 0.00268936
9 0.17627 0.682129 0.157227 0.0830078 0.00270653
5 0.793945 0.592285 0.130859 0.233398 0.00286102
0 0.50293 0.343262 0.197266 0.157227 0.00291061
8 0.158691 0.566895 0.0341797 0.0341797 0.0034256
2 0.14209 0.512695 0.0185547 0.0449219 0.00440979
11 0.386719 0.157227 0.0546875 0.0175781 0.00568008
8 0.16748 0.56543 0.0556641 0.0488281 0.00625992
5 0.761719 0.488281 0.179688 0.408203 0.00697327
9 0.140137 0.512207 0.0224609 0.0498047 0.0136566
8 0.40918 0.564453 0.0214844 0.015625 0.0145416
9 0.224121 0.690918 0.270508 0.114258 0.0147629
11 0.269043 0.17627 0.0634766 0.0361328 0.0211029
3 0.551758 0.604492 0.380859 0.183594 0.0881348
0 0.54541 0.315918 0.102539 0.0986328 0.387939
