9 0.253418 0.638184 0.280273 0.141602 0.000286102
11 0.991211 0.0810547 0.0175781 0.0449219 0.000286818
9 0.787598 0.561523 0.170898 0.185547 0.000287056
9 0.418457 0.334473 0.0908203 0.145508 0.000287533
10 0.23291 0.464355 0.192383 0.0556641 0.000291348
9 0.247559 0.45166 0.22168 0.102539 0.000291348
9 0.0683594 0.303711 0.136719 0.294922 0.00029254
13 0.299805 0.347656 0.0546875 0.046875 0.000293016
13 0.21875 0.463379 0.0761719 0.0283203 0.000300884
11 0.913086 0.719238 0.0644531 0.0966797 0.000301838
9 0.183105 0.54541 0.131836 0.200195 0.000302553
13 0.291504 0.204102 0.0498047 0.0585938 0.000303984
8 0.51709 0.351562 0.282227 0.152344 0.000307083
5 0.397949 0.394531 0.0849609 0.160156 0.000307798
5 0.183105 0.54541 0.131836 0.200195 0.000308037
11 0.290039 0.1875 0.0585938 0.0507812 0.000308514
7 0.167969 0.57666 0.0390625 0.0380859 0.000310659
7 0.72168 0.382324 0.150391 0.0810547 0.00031209
6 0.80127 0.446777 0.125977 0.182617 0.000312567
5 0.311035 0.521484 0.129883 0.125 0.000313997
13 0.346191 0.316406 0.104492 0.105469 0.000313997
13 0.730957 0.399414 0.0595703 0.0371094 0.000314713
11 0.117676 0.670898 0.0654297 0.152344 0.00031662
4 0.237305 0.460938 0.199219 0.0527344 0.000319004
2 0.509277 0.349121 0.276367 0.157227 0.000320673
8 0.479004 0.409668 0.0498047 0.0439453 0.00032258
13 0.840332 0.513672 0.0283203 0.0332031 0.00032568
8 0.743164 0.214844 0.0214844 0.0175781 0.000325918
13 0.681152 0.546387 0.0595703 0.12207 0.000328064
7 0.39209 0.444824 0.0712891 0.110352 0.000328064
1 0.268555 0.17041 0.105469 0.0869141 0.000331163
8 0.251953 0.502441 0.232422 0.161133 0.00033164
3 0.251953 0.502441 0.232422 0.161133 0.00033164
11 0.134766 0.543945 0.0644531 0.191406 0.000340223
13 0.32666 0.447266 0.141602 0.169922 0.000340462
13 0.29834 0.471191 0.0693359 0.0361328 0.0003407
13 0.327637 0.44043 0.116211 0.0839844 0.000341892
13 0.218262 0.452148 0.0732422 0.0292969 0.000341892
8 0.182129 0.390137 0.0185547 0.0166016 0.000343084
9 0.435547 0.604492 0.140625 0.167969 0.000343561
13 0.374023 0.310547 0.117188 0.195312 0.000344276
4 0.723633 0.404297 0.0996094 0.0410156 0.000346184
11 0.970215 0.059082 0.0595703 0.0400391 0.000346661
1 0.244629 0.477539 0.250977 0.0878906 0.000352383
6 0.266113 0.459961 0.188477 0.03125 0.00035429
13 0.322754 0.492676 0.108398 0.0986328 0.000355721
5 0.773926 0.353516 0.165039 0.158203 0.000357389
13 0.843262 0.571777 0.0986328 0.196289 0.000361443
11 0.756348 0.165039 0.0576172 0.0429688 0.000368118
6 0.23291 0.439453 0.19043 0.0898438 0.000373125
13 0.290527 0.397461 0.196289 0.169922 0.000374794
6 0.75293 0.584961 0.228516 0.183594 0.000375986
13 0.803711 0.419922 0.123047 0.150391 0.000379086
10 0.868652 0.633301 0.0849609 0.118164 0.000379801
9 0.760742 0.397461 0.144531 0.0605469 0.000383615
7 0.237305 0.463379 0.208984 0.0947266 0.000388145
4 0.713379 0.414062 0.202148 0.113281 0.000388384
7 0.780273 0.602051 0.207031 0.161133 0.000388384
6 0.725586 0.376465 0.226562 0.12793 0.000388622
6 0.848145 0.625977 0.100586 0.105469 0.000392199
10 0.268555 0.17041 0.105469 0.0869141 0.000395536
7 0.625 0.134766 0.140625 0.0546875 0.000400543
7 0.802246 0.584961 0.125977 0.0996094 0.000403166
13 0.291504 0.195801 0.0380859 0.0341797 0.000405073
10 0.912598 0.705078 0.0537109 0.101562 0.000405312
13 0.300293 0.34668 0.0888672 0.0644531 0.000408888
13 0.317871 0.368652 0.108398 0.0927734 0.000411749
13 0.155762 0.555176 0.0576172 0.0458984 0.000416756
11 0.713379 0.414062 0.202148 0.113281 0.000419855
13 0.720703 0.575684 0.169922 0.15918 0.0004282
9 0.560059 0.183105 0.110352 0.151367 0.00042963
11 0.989746 0.0488281 0.0205078 0.0195312 0.000432253
5 0.769531 0.385742 0.142578 0.078125 0.000437498
13 0.147461 0.541992 0.0449219 0.0410156 0.000444412
11 0.23584 0.473633 0.200195 0.0839844 0.000445366
9 0.846191 0.604004 0.12793 0.182617 0.000446796
7 0.541016 0.186035 0.0820312 0.145508 0.000447035
7 0.419922 0.275391 0.107422 0.283203 0.000454187
9 0.721191 0.518066 0.149414 0.125977 0.000454426
9 0.152344 0.597656 0.101562 0.162109 0.000457525
10 0.331543 0.159668 0.18457 0.0830078 0.000461578
10 0.199707 0.457031 0.124023 0.0332031 0.000468969
13 0.288574 0.419434 0.250977 0.299805 0.000469923
11 0.124023 0.583984 0.0449219 0.142578 0.000470877
10 0.882324 0.669922 0.12207 0.166016 0.000472307
11 0.628418 0.124512 0.100586 0.0361328 0.000474215
8 0.836426 0.554688 0.0244141 0.0429688 0.000474453
0 0.0205078 0.816406 0.0410156 0.09375 0.000475168
9 0.831543 0.511719 0.0341797 0.0332031 0.000483274
9 0.257324 0.428223 0.250977 0.299805 0.000487328
11 0.589355 0.126953 0.100586 0.0449219 0.000488758
13 0.764648 0.396973 0.0488281 0.0341797 0.000499725
8 0.191406 0.328125 0.015625 0.0136719 0.000500202
6 0.205566 0.453613 0.139648 0.0537109 0.000502586
6 0.322266 0.521484 0.111328 0.125 0.000504971
2 0.183594 0.455566 0.0507812 0.0224609 0.000504971
0 0.518555 0.30957 0.222656 0.111328 0.0005126
4 0.251465 0.506836 0.223633 0.148438 0.000513077
6 0.566406 0.330078 0.152344 0.123047 0.000515461
2 0.243652 0.504883 0.211914 0.140625 0.000516891
13 0.815918 0.536621 0.0966797 0.0986328 0.000520229
7 0.459473 0.271973 0.114258 0.24707 0.00052309
9 0.802246 0.584961 0.125977 0.0996094 0.000524521
8 0.706055 0.418945 0.150391 0.0742188 0.000526905
5 0.231445 0.572266 0.246094 0.212891 0.00053978
13 0.744629 0.518066 0.241211 0.293945 0.000553131
13 0.841309 0.535645 0.0673828 0.125977 0.000554085
7 0.152344 0.597656 0.101562 0.162109 0.000554085
11 0.254395 0.1875 0.0693359 0.0644531 0.000556469
4 0.566406 0.333984 0.15625 0.132812 0.000564575
6 0.40918 0.379883 0.0800781 0.175781 0.000576019
0 0.605469 0.357422 0.121094 0.166016 0.000576496
2 0.72998 0.40625 0.133789 0.046875 0.000576496
11 0.288574 0.151367 0.116211 0.0585938 0.000576973
7 0.702148 0.375 0.222656 0.136719 0.000576973
9 0.0400391 0.257324 0.0800781 0.268555 0.000581741
9 0.435059 0.489746 0.145508 0.364258 0.000582695
7 0.762695 0.398926 0.130859 0.0595703 0.000584602
11 0.732422 0.141113 0.0957031 0.0712891 0.000590801
8 0.302734 0.559082 0.0234375 0.0205078 0.000593662
7 0.31543 0.530762 0.126953 0.114258 0.00059557
6 0.242188 0.438965 0.228516 0.223633 0.000597
11 0.882812 0.59668 0.0429688 0.171875 0.000599861
8 0.634277 0.384766 0.0556641 0.0585938 0.000603199
11 0.744141 0.402832 0.134766 0.0478516 0.000612736
10 0.117676 0.670898 0.0654297 0.152344 0.000619411
7 0.566406 0.333984 0.15625 0.132812 0.000619888
11 0.595703 0.154785 0.148438 0.0966797 0.000620365
0 0.935059 0.280762 0.124023 0.198242 0.000633717
5 0.75293 0.584961 0.228516 0.183594 0.000635624
9 0.476562 0.321777 0.183594 0.307617 0.000654221
1 0.720215 0.407715 0.131836 0.0498047 0.000655651
9 0.786621 0.46875 0.151367 0.212891 0.000659943
9 0.141602 0.608398 0.0585938 0.113281 0.000667095
9 0.87207 0.641113 0.0898438 0.129883 0.000679016
7 0.833984 0.512695 0.0175781 0.0253906 0.000691891
11 0.858887 0.59668 0.0849609 0.15625 0.000701427
13 0.6875 0.423828 0.109375 0.0722656 0.000704288
11 0.385254 0.152832 0.0908203 0.0380859 0.000707626
11 0.904297 0.689941 0.0625 0.114258 0.000715733
12 0.566406 0.333984 0.15625 0.132812 0.000716209
7 0.403809 0.31543 0.0791016 0.175781 0.000734329
5 0.731934 0.401367 0.143555 0.0664062 0.00073719
0 0.413086 0.376953 0.0859375 0.179688 0.000761032
6 0.817871 0.603027 0.118164 0.110352 0.000765324
3 0.600586 0.639648 0.458984 0.158203 0.000772476
5 0.566895 0.330566 0.157227 0.12207 0.000772953
1 0.32666 0.161133 0.188477 0.0839844 0.00077343
7 0.746094 0.515625 0.234375 0.302734 0.00079155
13 0.823242 0.515625 0.0566406 0.046875 0.0008111
13 0.158203 0.452148 0.0390625 0.015625 0.000813961
3 0.600586 0.507324 0.402344 0.262695 0.000821114
13 0.305176 0.341797 0.0244141 0.0351562 0.000823021
9 0.746094 0.515625 0.234375 0.302734 0.00082922
7 0.591309 0.587891 0.469727 0.164062 0.000837326
1 0.566895 0.330566 0.157227 0.12207 0.000842094
10 0.894043 0.657715 0.0537109 0.133789 0.000854492
13 0.702148 0.375 0.222656 0.136719 0.000881195
5 0.800781 0.510254 0.101562 0.0947266 0.000883102
7 0.87207 0.641113 0.0898438 0.129883 0.0008955
9 0.708496 0.504883 0.0693359 0.0585938 0.000907898
11 0.572754 0.337402 0.161133 0.137695 0.000923634
8 0.818848 0.509766 0.0537109 0.0332031 0.000924587
9 0.419922 0.275391 0.107422 0.283203 0.000925541
12 0.591309 0.587891 0.469727 0.164062 0.000934601
11 0.591309 0.587891 0.469727 0.164062 0.000945091
11 0.625488 0.134277 0.0732422 0.0341797 0.000947952
1 0.194824 0.456543 0.112305 0.0322266 0.000958443
6 0.591309 0.587891 0.469727 0.164062 0.000974655
2 0.222168 0.46875 0.176758 0.0722656 0.000980377
1 0.591309 0.587891 0.469727 0.164062 0.000994682
9 0.737305 0.427246 0.21875 0.145508 0.000995636
4 0.410645 0.381348 0.0830078 0.168945 0.00103092
13 0.684082 0.545898 0.0947266 0.173828 0.00103664
13 0.591309 0.587891 0.469727 0.164062 0.00105858
4 0.591309 0.587891 0.469727 0.164062 0.00107479
1 0.236328 0.458984 0.197266 0.0449219 0.0010767
4 0.706543 0.408691 0.15332 0.0634766 0.00107861
11 0.981445 0.0498047 0.0371094 0.0273438 0.00109386
10 0.566895 0.333496 0.157227 0.125977 0.00109959
13 0.314941 0.339355 0.0556641 0.0439453 0.00110149
8 0.591309 0.587891 0.469727 0.164062 0.00110912
9 0.845215 0.615723 0.0888672 0.102539 0.00111008
8 0.71875 0.408203 0.0957031 0.0390625 0.00112343
2 0.592773 0.581055 0.470703 0.162109 0.00112534
8 0.403809 0.575684 0.0107422 0.00878906 0.00112629
2 0.828125 0.511719 0.0351562 0.0332031 0.00113869
13 0.84082 0.523438 0.0410156 0.0527344 0.0011549
7 0.141602 0.608398 0.0585938 0.113281 0.00119114
8 0.17041 0.577637 0.0341797 0.0361328 0.00120735
13 0.397949 0.394531 0.0849609 0.160156 0.0012188
6 0.76709 0.47168 0.200195 0.263672 0.00124741
8 0.780273 0.53418 0.0136719 0.00976562 0.00127602
3 0.51709 0.351562 0.282227 0.152344 0.00128078
5 0.730957 0.342773 0.249023 0.248047 0.00129032
13 0.787598 0.561523 0.170898 0.185547 0.00131416
13 0.723145 0.410156 0.0595703 0.0292969 0.00133419
2 0.566895 0.330566 0.157227 0.12207 0.00134945
13 0.200195 0.509766 0.142578 0.158203 0.0014143
13 0.805664 0.498535 0.0917969 0.0673828 0.00144482
9 0.722656 0.409668 0.113281 0.0439453 0.00145245
5 0.804199 0.560547 0.131836 0.167969 0.00146675
13 0.278809 0.450195 0.170898 0.0957031 0.00147915
6 0.191895 0.456543 0.110352 0.0283203 0.00149536
13 0.566406 0.330078 0.152344 0.123047 0.00156021
3 0.242676 0.460449 0.21582 0.0498047 0.00156879
8 0.187012 0.456055 0.102539 0.03125 0.00158119
0 0.588379 0.36084 0.237305 0.211914 0.00160217
5 0.591309 0.587891 0.469727 0.164062 0.00161076
7 0.838867 0.619629 0.144531 0.151367 0.00161839
8 0.566895 0.333496 0.157227 0.125977 0.00166893
11 0.87207 0.641113 0.0898438 0.129883 0.00166988
6 0.75 0.388672 0.160156 0.0761719 0.0016737
10 0.123047 0.651367 0.0371094 0.0839844 0.00171757
11 0.335938 0.13623 0.121094 0.0283203 0.0017252
13 0.849121 0.620117 0.0908203 0.0996094 0.00177574
10 0.592773 0.581055 0.470703 0.162109 0.00178051
9 0.718262 0.409668 0.155273 0.0830078 0.0018158
13 0.188477 0.455566 0.0507812 0.0224609 0.00187206
13 0.289062 0.516113 0.160156 0.133789 0.00187302
9 0.834961 0.512207 0.0195312 0.0263672 0.00189114
13 0.292969 0.459961 0.126953 0.0507812 0.0019722
5 0.242188 0.468262 0.222656 0.0615234 0.00197411
9 0.591309 0.587891 0.469727 0.164062 0.00204086
8 0.839355 0.553223 0.0166016 0.0166016 0.00205231
13 0.781738 0.464355 0.157227 0.186523 0.00205231
11 0.139648 0.602051 0.0625 0.131836 0.00206757
9 0.566406 0.333984 0.15625 0.132812 0.00206757
10 0.14209 0.603516 0.0673828 0.115234 0.00208473
13 0.313965 0.462402 0.0947266 0.0302734 0.00209999
0 0.592285 0.585938 0.459961 0.150391 0.00217438
7 0.737305 0.427246 0.21875 0.145508 0.00228882
11 0.123047 0.651367 0.0371094 0.0839844 0.00232124
11 0.224121 0.458984 0.176758 0.0410156 0.00235367
8 0.409668 0.381348 0.0830078 0.168945 0.00235558
9 0.236328 0.458984 0.197266 0.0449219 0.00235748
13 0.19043 0.47998 0.115234 0.0810547 0.00244141
11 0.669434 0.123535 0.151367 0.0419922 0.00253868
5 0.730469 0.406738 0.216797 0.12207 0.00258827
9 0.51709 0.351562 0.282227 0.152344 0.0025959
11 0.894043 0.657715 0.0537109 0.133789 0.00263786
9 0.245605 0.50293 0.22168 0.15625 0.0027256
7 0.191895 0.456543 0.110352 0.0283203 0.00276756
9 0.187012 0.456055 0.102539 0.03125 0.00296593
13 0.755371 0.39209 0.170898 0.0888672 0.00312996
11 0.679199 0.140625 0.211914 0.0683594 0.00341797
13 0.82959 0.512207 0.0322266 0.0322266 0.00341988
7 0.251465 0.506836 0.223633 0.148438 0.00342941
13 0.79541 0.571289 0.112305 0.0957031 0.00355911
7 0.845215 0.615723 0.0888672 0.102539 0.0036068
13 0.16748 0.454102 0.0634766 0.0234375 0.0036335
11 0.321777 0.166016 0.206055 0.0898438 0.0036602
5 0.78418 0.447754 0.154297 0.178711 0.00402069
7 0.236328 0.458984 0.197266 0.0449219 0.00408936
2 0.833984 0.512207 0.0195312 0.0263672 0.00439072
5 0.254395 0.455078 0.241211 0.125 0.00460052
13 0.79248 0.57666 0.0654297 0.0517578 0.00465393
13 0.75 0.404297 0.0683594 0.0371094 0.00518417
13 0.240234 0.472168 0.21875 0.19043 0.00531387
13 0.823242 0.597656 0.111328 0.101562 0.00563049
8 0.833496 0.512207 0.0205078 0.0263672 0.00572586
6 0.737305 0.427246 0.21875 0.145508 0.00581741
3 0.566895 0.330566 0.157227 0.12207 0.00588226
6 0.244141 0.468262 0.203125 0.0712891 0.00589752
13 0.779297 0.393555 0.107422 0.0527344 0.00603485
5 0.255859 0.432617 0.234375 0.277344 0.00617218
0 0.585449 0.313477 0.104492 0.0859375 0.00722504
7 0.723145 0.402832 0.12207 0.0478516 0.00738144
11 0.601562 0.14502 0.0839844 0.0537109 0.0076828
11 0.187012 0.456055 0.102539 0.03125 0.0077095
6 0.723145 0.402832 0.12207 0.0478516 0.00797272
11 0.367676 0.14209 0.114258 0.0302734 0.0083313
5 0.768066 0.492676 0.208008 0.303711 0.00860596
9 0.459473 0.271973 0.114258 0.24707 0.00898743
13 0.833984 0.512695 0.0175781 0.0253906 0.00904083
7 0.70459 0.412598 0.161133 0.0888672 0.00988007
13 0.279785 0.460938 0.114258 0.0234375 0.0112762
6 0.70459 0.412598 0.161133 0.0888672 0.0119019
10 0.129883 0.629883 0.0449219 0.0996094 0.0126114
13 0.218262 0.447754 0.172852 0.0517578 0.0150528
13 0.71582 0.410645 0.109375 0.0439453 0.0151978
6 0.251465 0.506836 0.223633 0.148438 0.0157166
11 0.129883 0.629883 0.0449219 0.0996094 0.0161285
13 0.737305 0.427246 0.21875 0.145508 0.0180359
7 0.40918 0.379883 0.0800781 0.175781 0.0190887
9 0.407715 0.381836 0.0810547 0.167969 0.0231018
2 0.1875 0.455566 0.0976562 0.0283203 0.026474
13 0.300293 0.460449 0.0654297 0.0185547 0.0287323
11 0.269043 0.169434 0.100586 0.0830078 0.0406494
5 0.252441 0.51416 0.233398 0.15332 0.0447388
0 0.51709 0.351562 0.282227 0.152344 0.0499573
11 0.630859 0.132324 0.150391 0.0478516 0.0505066
11 0.338867 0.150391 0.160156 0.0449219 0.055542
13 0.718262 0.409668 0.155273 0.0830078 0.0565491
13 0.244629 0.477539 0.250977 0.0878906 0.0725708
13 0.744629 0.402832 0.135742 0.0478516 0.104004
13 0.236328 0.463867 0.195312 0.0488281 0.206543
13 0.191895 0.457031 0.112305 0.0292969 0.259766
0 0.566406 0.333984 0.15625 0.132812 0.614258
3 0.588867 0.583984 0.460938 0.140625 0.696289
