8 0.334473 0.460449 0.0576172 0.0537109 0.000100255
8 0.172363 0.665527 0.0126953 0.0126953 0.000100911
8 0.342285 0.629395 0.0341797 0.0380859 0.000101566
9 0.117676 0.405273 0.0537109 0.0195312 0.000101745
13 0.251465 0.296387 0.125977 0.0888672 0.000102818
5 0.157715 0.380371 0.12793 0.120117 0.000103414
12 0.631348 0.147949 0.178711 0.0771484 0.000103414
9 0.342285 0.146973 0.149414 0.0830078 0.000103652
13 0.662598 0.210449 0.0263672 0.0263672 0.000105679
4 0.82666 0.369141 0.34668 0.509766 0.000106215
9 0.12793 0.753906 0.119141 0.105469 0.000106275
2 0.600586 0.124023 0.0546875 0.0351562 0.000107586
11 0.394531 0.112305 0.0585938 0.0273438 0.000107944
3 0.206055 0.94873 0.412109 0.102539 0.000108361
13 0.251953 0.192871 0.0527344 0.0517578 0.000111103
1 0.82666 0.369141 0.34668 0.509766 0.000111997
11 0.35791 0.119141 0.0556641 0.0234375 0.000112295
5 0.227051 0.312988 0.239258 0.290039 0.000112593
13 0.28418 0.236816 0.207031 0.22168 0.000112653
9 0.298828 0.89502 0.470703 0.209961 0.000112951
11 0.12793 0.990723 0.0449219 0.0185547 0.000115395
6 0.342773 0.129395 0.103516 0.0400391 0.000115573
8 0.34375 0.149414 0.0878906 0.0546875 0.000116289
8 0.713379 0.204102 0.0224609 0.0234375 0.000117302
7 0.612793 0.141602 0.129883 0.0332031 0.000117481
5 0.774414 0.650391 0.232422 0.359375 0.000120103
7 0.213379 0.730469 0.272461 0.191406 0.000120163
4 0.345703 0.157227 0.0820312 0.0566406 0.000121832
7 0.336914 0.145996 0.0625 0.0341797 0.000122547
9 0.506836 0.973145 0.142578 0.0537109 0.000122786
13 0.334961 0.468262 0.0664062 0.0732422 0.000123978
13 0.318359 0.190918 0.0976562 0.114258 0.000124454
13 0.612305 0.223145 0.119141 0.151367 0.000124812
3 0.197754 0.523926 0.206055 0.299805 0.000126123
4 0.243652 0.205078 0.0498047 0.0371094 0.000126243
10 0.134766 0.983887 0.0546875 0.0322266 0.000126362
9 0.333008 0.46875 0.0605469 0.0742188 0.000127196
9 0.816406 0.770996 0.195312 0.139648 0.000128746
9 0.592773 0.158203 0.107422 0.0625 0.000128984
9 0.214844 0.119141 0.0644531 0.0527344 0.000129819
13 0.704102 0.298828 0.126953 0.105469 0.000130057
9 0.137695 0.712891 0.154297 0.146484 0.000132203
10 0.631348 0.147949 0.178711 0.0771484 0.000132203
13 0.364746 0.119141 0.116211 0.03125 0.000133514
13 0.691895 0.297363 0.182617 0.209961 0.000133753
8 0.851074 0.709961 0.00683594 0.0078125 0.00013423
11 0.586914 0.114746 0.0839844 0.0185547 0.000135064
9 0.244141 0.663086 0.0488281 0.0234375 0.000135303
8 0.913086 0.886719 0.173828 0.226562 0.000137806
9 0.365723 0.163086 0.0751953 0.0722656 0.000138521
11 0.907715 0.928711 0.18457 0.142578 0.00013876
5 0.172363 0.529785 0.143555 0.170898 0.000138879
13 0.659668 0.213379 0.0146484 0.0146484 0.000139236
9 0.113281 0.416992 0.0625 0.0390625 0.000139475
0 0.506348 0.308594 0.208008 0.113281 0.000139713
0 0.82666 0.369141 0.34668 0.509766 0.000140309
13 0.611328 0.148926 0.123047 0.0341797 0.000140667
9 0.343262 0.140625 0.0615234 0.0351562 0.000144839
9 0.447266 0.637207 0.179688 0.239258 0.000148296
13 0.219238 0.371582 0.0517578 0.0244141 0.000148535
12 0.82666 0.369141 0.34668 0.509766 0.000149131
13 0.106934 0.407227 0.0595703 0.0488281 0.000149608
8 0.625488 0.540527 0.0107422 0.00878906 0.000150204
13 0.709473 0.271973 0.0556641 0.0712891 0.000150323
13 0.156738 0.454102 0.135742 0.105469 0.000150919
8 0.82666 0.369141 0.34668 0.509766 0.000151157
13 0.636719 0.194824 0.121094 0.0751953 0.000156522
1 0.356445 0.12793 0.113281 0.0410156 0.000158548
13 0.651367 0.214844 0.0566406 0.0566406 0.000160456
8 0.289551 0.326172 0.0205078 0.0195312 0.000162363
8 0.628418 0.624512 0.0322266 0.0341797 0.000162601
11 0.258301 0.658203 0.0478516 0.0253906 0.000163794
13 0.631348 0.147949 0.178711 0.0771484 0.000164032
8 0.652832 0.208984 0.0380859 0.0292969 0.000166535
6 0.353027 0.183594 0.0830078 0.121094 0.000169516
11 0.251465 0.649414 0.0361328 0.0292969 0.000170946
8 0.263672 0.187012 0.0214844 0.0224609 0.000171065
3 0.799805 0.390625 0.400391 0.599609 0.000173926
2 0.60498 0.12793 0.106445 0.0410156 0.000174046
11 0.643066 0.145996 0.0732422 0.0244141 0.000174642
5 0.821289 0.560547 0.103516 0.214844 0.000178814
9 0.700684 0.458984 0.333008 0.564453 0.000180125
13 0.698242 0.253418 0.130859 0.124023 0.000181317
9 0.741211 0.871582 0.361328 0.21582 0.000181794
3 0.550293 0.356445 0.223633 0.199219 0.000183344
2 0.108887 0.407715 0.0458984 0.0224609 0.000185132
5 0.840332 0.699219 0.102539 0.152344 0.000188112
3 0.941895 0.676758 0.116211 0.412109 0.000188351
11 0.82666 0.369141 0.34668 0.509766 0.000189304
8 0.108887 0.409668 0.0498047 0.0224609 0.000191092
11 0.57666 0.191406 0.0888672 0.105469 0.000192285
12 0.332031 0.13623 0.0859375 0.0498047 0.000196576
9 0.796875 0.563477 0.162109 0.314453 0.000198841
11 0.640137 0.200195 0.176758 0.134766 0.000200629
13 0.358887 0.137207 0.0654297 0.0341797 0.000201583
13 0.130371 0.401855 0.0869141 0.0439453 0.00020206
7 0.366211 0.155762 0.0566406 0.0576172 0.00020504
13 0.833984 0.427246 0.0429688 0.0146484 0.000205517
9 0.12793 0.427734 0.0878906 0.0683594 0.000205517
13 0.369141 0.13916 0.107422 0.0595703 0.000212908
10 0.0805664 0.807129 0.0380859 0.0458984 0.000213385
2 0.82666 0.369141 0.34668 0.509766 0.000215411
7 0.631348 0.147949 0.178711 0.0771484 0.000215888
13 0.59668 0.162598 0.109375 0.0458984 0.000216484
13 0.400391 0.579102 0.0371094 0.0214844 0.000220418
5 0.249512 0.60498 0.133789 0.108398 0.000222087
4 0.332031 0.13623 0.0859375 0.0498047 0.000222802
11 0.595215 0.154297 0.0615234 0.0273438 0.000222921
7 0.61377 0.128906 0.116211 0.0410156 0.000222921
11 0.580566 0.173828 0.0791016 0.0527344 0.000223279
11 0.0805664 0.807129 0.0380859 0.0458984 0.000223398
13 0.661621 0.672363 0.0888672 0.106445 0.000223994
11 0.651855 0.151855 0.125977 0.0400391 0.000224233
10 0.0708008 0.91748 0.141602 0.165039 0.000225425
0 0.555664 0.338867 0.078125 0.0996094 0.000225663
1 0.345703 0.157227 0.0820312 0.0566406 0.000228286
11 0.616211 0.131836 0.0742188 0.03125 0.000229359
2 0.344727 0.13916 0.0996094 0.0537109 0.000230312
8 0.223145 0.373535 0.0400391 0.0244141 0.000231147
13 0.171875 0.459473 0.121094 0.0517578 0.000231862
13 0.20459 0.52002 0.213867 0.313477 0.000232697
6 0.20459 0.52002 0.213867 0.313477 0.000233531
9 0.631348 0.147949 0.178711 0.0771484 0.000236988
6 0.243164 0.205566 0.0507812 0.0400391 0.000238299
9 0.244141 0.657715 0.03125 0.0283203 0.000242352
9 0.175781 0.669434 0.195312 0.21582 0.000249386
9 0.222656 0.422363 0.287109 0.53418 0.000253201
13 0.800293 0.351562 0.0849609 0.0351562 0.000254869
10 0.332031 0.13623 0.0859375 0.0498047 0.000255108
7 0.592285 0.15918 0.100586 0.0449219 0.000255585
11 0.625488 0.151367 0.0712891 0.0253906 0.000260115
1 0.20752 0.716797 0.208008 0.117188 0.000261307
9 0.353027 0.183594 0.0830078 0.121094 0.000262737
13 0.848633 0.164551 0.302734 0.329102 0.000268698
9 0.230469 0.806641 0.357422 0.296875 0.000273228
0 0.489258 0.466309 0.232422 0.461914 0.00027895
10 0.262695 0.959961 0.365234 0.0761719 0.000282049
9 0.827637 0.340332 0.0361328 0.0283203 0.000283003
13 0.836914 0.485352 0.0332031 0.0136719 0.000290155
11 0.106934 0.410645 0.0458984 0.0224609 0.000293732
7 0.106934 0.409668 0.0439453 0.0205078 0.000293732
8 0.15918 0.407715 0.0136719 0.0126953 0.00029707
3 0.216797 0.721191 0.242188 0.125977 0.000297546
2 0.222656 0.375488 0.0292969 0.0146484 0.000306368
13 0.707031 0.293457 0.0742188 0.0771484 0.000307322
0 0.913086 0.886719 0.173828 0.226562 0.000310421
13 0.828125 0.339355 0.0351562 0.0224609 0.000310898
9 0.166016 0.762207 0.140625 0.0791016 0.00031209
9 0.600586 0.125 0.0566406 0.0351562 0.00031662
13 0.337891 0.166504 0.0625 0.0615234 0.000318527
13 0.254883 0.69873 0.0878906 0.0810547 0.000333071
11 0.340332 0.175293 0.0830078 0.100586 0.000340223
11 0.35498 0.112305 0.0947266 0.0195312 0.000344515
9 0.503906 0.369629 0.228516 0.213867 0.000351906
9 0.356445 0.12793 0.113281 0.0410156 0.000356436
1 0.631348 0.147949 0.178711 0.0771484 0.000356674
9 0.47998 0.102539 0.0341797 0.0371094 0.000365496
5 0.821777 0.649902 0.139648 0.256836 0.000370979
11 0.584473 0.118652 0.0966797 0.0380859 0.000377893
5 0.806152 0.504883 0.108398 0.169922 0.000378132
11 0.243164 0.65625 0.0566406 0.0488281 0.000380278
10 0.894531 0.83252 0.0371094 0.0537109 0.000381708
8 0.287109 0.586426 0.0175781 0.0166016 0.000395775
13 0.70459 0.288574 0.0361328 0.0556641 0.000399828
8 0.662598 0.212402 0.0185547 0.0166016 0.000403643
11 0.671387 0.166016 0.143555 0.078125 0.00040555
7 0.353027 0.183594 0.0830078 0.121094 0.000408173
5 0.131836 0.432129 0.0898438 0.0712891 0.000417709
13 0.316895 0.137695 0.100586 0.046875 0.000420332
11 0.894531 0.832031 0.0371094 0.0566406 0.000422716
5 0.233398 0.616699 0.291016 0.358398 0.000424385
6 0.222168 0.722656 0.243164 0.121094 0.000426531
11 0.230469 0.662598 0.0488281 0.0341797 0.000431061
5 0.158203 0.458008 0.169922 0.289062 0.000433683
9 0.648926 0.719238 0.260742 0.0517578 0.000435591
11 0.625488 0.141113 0.0732422 0.0205078 0.000441074
9 0.221191 0.375 0.0283203 0.015625 0.000441313
6 0.54834 0.333496 0.135742 0.137695 0.000455141
11 0.585449 0.140137 0.0986328 0.0498047 0.000463247
9 0.148438 0.755371 0.0917969 0.0458984 0.000463963
4 0.20752 0.716797 0.208008 0.117188 0.000473738
11 0.318359 0.655762 0.03125 0.0283203 0.000481129
9 0.239746 0.691895 0.172852 0.0966797 0.000484467
13 0.652344 0.243652 0.142578 0.172852 0.000486851
10 0.208496 0.719238 0.213867 0.114258 0.000500679
4 0.54834 0.333496 0.135742 0.137695 0.000507832
11 0.210938 0.717773 0.21875 0.117188 0.000509739
6 0.34375 0.149902 0.0898438 0.0556641 0.000518322
11 0.357422 0.158691 0.078125 0.0595703 0.000524044
13 0.347168 0.208008 0.112305 0.162109 0.000538826
13 0.254395 0.703613 0.15918 0.100586 0.000555515
9 0.650879 0.711914 0.15918 0.0371094 0.000576973
11 0.57666 0.148926 0.0693359 0.0302734 0.000578403
7 0.54834 0.333496 0.135742 0.137695 0.000579834
9 0.106934 0.410645 0.0458984 0.0224609 0.000597954
9 0.243164 0.206055 0.0488281 0.0390625 0.000600338
13 0.354004 0.157227 0.0517578 0.0449219 0.000610828
13 0.244141 0.205078 0.0507812 0.0390625 0.00062561
5 0.743164 0.473145 0.267578 0.532227 0.000629902
11 0.29541 0.144043 0.143555 0.0615234 0.000632286
13 0.366211 0.163086 0.0605469 0.0664062 0.000651836
11 0.34082 0.148926 0.119141 0.0888672 0.000666142
11 0.342773 0.133789 0.0605469 0.0371094 0.000670433
13 0.661133 0.205566 0.0449219 0.0322266 0.000687122
12 0.547852 0.334961 0.132812 0.138672 0.000699043
11 0.39209 0.129883 0.0634766 0.046875 0.000706673
11 0.601562 0.17041 0.125 0.0849609 0.000737667
11 0.307129 0.119141 0.0966797 0.0449219 0.000742435
13 0.132324 0.434082 0.0986328 0.0712891 0.000748158
13 0.234375 0.375977 0.0625 0.0195312 0.000760078
3 0.549805 0.653809 0.392578 0.157227 0.000761032
5 0.55127 0.334473 0.12793 0.137695 0.000762939
7 0.364746 0.131836 0.124023 0.0527344 0.000767708
1 0.547852 0.334961 0.132812 0.138672 0.000779629
9 0.197754 0.523926 0.206055 0.299805 0.000781059
11 0.310547 0.135742 0.0664062 0.0273438 0.000817299
9 0.321289 0.132812 0.0859375 0.046875 0.000817299
8 0.222656 0.375488 0.0292969 0.0146484 0.000835896
11 0.60791 0.145996 0.0751953 0.0244141 0.000861645
0 0.20752 0.716797 0.208008 0.117188 0.000882626
11 0.380859 0.11377 0.0566406 0.0185547 0.000938416
13 0.222656 0.375488 0.0292969 0.0146484 0.000940323
13 0.23877 0.719238 0.282227 0.129883 0.00102997
13 0.547852 0.334961 0.132812 0.138672 0.00103283
5 0.236816 0.584473 0.196289 0.182617 0.00104713
11 0.566895 0.160645 0.0576172 0.0380859 0.00105953
0 0.935547 0.905273 0.128906 0.169922 0.00105953
7 0.243164 0.206055 0.0488281 0.0390625 0.00106525
11 0.547852 0.334961 0.132812 0.138672 0.00108147
1 0.332031 0.13623 0.0859375 0.0498047 0.00111389
8 0.267578 0.1875 0.015625 0.0117188 0.00111389
2 0.547852 0.334961 0.132812 0.138672 0.00119686
5 0.151855 0.444824 0.125977 0.12793 0.00120449
5 0.208984 0.64502 0.212891 0.206055 0.00123501
9 0.479492 0.499023 0.230469 0.513672 0.00127125
11 0.330078 0.144531 0.0625 0.03125 0.0012846
10 0.547852 0.334961 0.132812 0.138672 0.0012989
9 0.61377 0.128906 0.116211 0.0410156 0.00130367
8 0.54834 0.333496 0.135742 0.137695 0.00137234
2 0.220215 0.717773 0.243164 0.123047 0.00142002
12 0.229492 0.720215 0.253906 0.12207 0.00142384
13 0.334473 0.143066 0.0693359 0.0263672 0.00158691
13 0.124023 0.416504 0.0800781 0.0419922 0.00171566
8 0.660156 0.21582 0.0136719 0.0117188 0.00177097
9 0.34375 0.149414 0.0878906 0.0546875 0.00180149
11 0.367188 0.135742 0.115234 0.0566406 0.00180531
5 0.158691 0.587891 0.133789 0.185547 0.00183105
5 0.222168 0.722656 0.243164 0.121094 0.00185394
7 0.328613 0.132812 0.0830078 0.0449219 0.00200462
5 0.222656 0.453125 0.294922 0.464844 0.0020237
9 0.221191 0.725098 0.286133 0.198242 0.00202942
13 0.816406 0.343262 0.0585938 0.0283203 0.00214195
9 0.551758 0.329102 0.126953 0.126953 0.00223732
9 0.747559 0.752441 0.307617 0.0888672 0.00225449
9 0.153809 0.734375 0.108398 0.0898438 0.00250816
13 0.120117 0.40332 0.0683594 0.0253906 0.00254631
11 0.607422 0.128906 0.123047 0.0449219 0.0025959
3 0.55127 0.334473 0.12793 0.137695 0.00270653
11 0.244141 0.657715 0.03125 0.0283203 0.00271034
13 0.342773 0.129395 0.103516 0.0400391 0.00331306
13 0.349121 0.178711 0.0791016 0.103516 0.00332069
5 0.796875 0.563477 0.162109 0.314453 0.00344658
8 0.624023 0.625488 0.0195312 0.0185547 0.00349045
8 0.201172 0.717285 0.193359 0.118164 0.0036602
11 0.592285 0.159668 0.0986328 0.0439453 0.00376701
7 0.34375 0.149414 0.0878906 0.0546875 0.00422287
8 0.243652 0.205078 0.0498047 0.0371094 0.00458145
0 0.571289 0.316406 0.0800781 0.0996094 0.00473785
7 0.203125 0.717285 0.195312 0.118164 0.00497818
11 0.378418 0.118652 0.0830078 0.0302734 0.00514603
0 0.503906 0.369629 0.228516 0.213867 0.00518417
11 0.631348 0.147949 0.178711 0.0771484 0.00676346
13 0.108887 0.410156 0.0498047 0.0234375 0.0120468
13 0.343262 0.149902 0.0869141 0.0537109 0.0129013
11 0.635742 0.137695 0.126953 0.0449219 0.0145264
11 0.347656 0.124023 0.111328 0.0371094 0.0248871
11 0.336914 0.146973 0.0878906 0.0537109 0.0260773
5 0.197754 0.523926 0.206055 0.299805 0.0281982
11 0.611328 0.148926 0.123047 0.0341797 0.028595
11 0.321289 0.132812 0.0859375 0.046875 0.0591125
9 0.208496 0.719238 0.213867 0.114258 0.128052
0 0.55127 0.334473 0.12793 0.137695 0.628418
