12 0.208496 0.647949 0.297852 0.124023 0.00033474
9 0.855957 0.452148 0.206055 0.271484 0.000334978
6 0.32959 0.391602 0.141602 0.148438 0.000335455
11 0.894531 0.874512 0.210938 0.250977 0.000335455
9 0.316406 0.47168 0.132812 0.199219 0.000335932
11 0.658203 0.167969 0.101562 0.0351562 0.000338793
9 0.359375 0.38623 0.173828 0.268555 0.000339985
4 0.371582 0.27832 0.0458984 0.0429688 0.000339985
2 0.140625 0.396484 0.03125 0.0253906 0.000340462
7 0.36084 0.164551 0.168945 0.0419922 0.0003407
13 0.286133 0.253418 0.0410156 0.0341797 0.000343084
8 0.881836 0.416992 0.0253906 0.0214844 0.000343323
8 0.883789 0.44043 0.00976562 0.00976562 0.000344038
13 0.233398 0.585449 0.0371094 0.0478516 0.000347853
7 0.1875 0.542969 0.228516 0.242188 0.000350475
8 0.751465 0.443848 0.0126953 0.0107422 0.000350475
8 0.798828 0.701172 0.0136719 0.0117188 0.000352383
13 0.279297 0.288574 0.0507812 0.0556641 0.000353575
13 0.285645 0.407715 0.231445 0.219727 0.000356913
7 0.646484 0.163086 0.0507812 0.0195312 0.000357151
9 0.475098 0.27002 0.0966797 0.243164 0.000357389
8 0.742676 0.329102 0.0146484 0.0136719 0.000358582
9 0.388184 0.202148 0.0712891 0.0585938 0.00035882
9 0.215332 0.598145 0.100586 0.0537109 0.000360489
9 0.748535 0.550781 0.00878906 0.00976562 0.000361204
11 0.389648 0.225586 0.117188 0.154297 0.000362635
11 0.835449 0.324219 0.0166016 0.0175781 0.000369787
10 0.188965 0.901855 0.37793 0.194336 0.000378132
9 0.643555 0.521973 0.0527344 0.0615234 0.000379086
2 0.718262 0.382324 0.0146484 0.0107422 0.000379562
11 0.604492 0.157715 0.0546875 0.0283203 0.000380516
13 0.393555 0.226074 0.0761719 0.102539 0.0003829
9 0.351074 0.564941 0.0751953 0.0966797 0.000389338
6 0.362793 0.242188 0.12207 0.144531 0.000393391
4 0.337402 0.425293 0.0869141 0.0966797 0.000393629
10 0.367676 0.42041 0.0908203 0.116211 0.000396252
10 0.251465 0.914551 0.178711 0.163086 0.000397921
9 0.126465 0.683594 0.188477 0.191406 0.00039959
4 0.347656 0.259766 0.148438 0.183594 0.000402451
9 0.200195 0.524414 0.246094 0.283203 0.000406504
8 0.879395 0.413574 0.0166016 0.0146484 0.000408173
9 0.882812 0.508789 0.0625 0.0546875 0.000412464
13 0.366699 0.179199 0.157227 0.0595703 0.000414133
7 0.239746 0.563477 0.118164 0.101562 0.00041461
8 0.143555 0.394531 0.0253906 0.03125 0.000415802
10 0.209961 0.980469 0.253906 0.0390625 0.000417948
8 0.295898 0.487793 0.0175781 0.0166016 0.000418425
9 0.304688 0.330566 0.160156 0.196289 0.000419617
9 0.381348 0.406738 0.0517578 0.0673828 0.000424147
9 0.271484 0.543457 0.150391 0.133789 0.000427246
7 0.349609 0.383301 0.107422 0.157227 0.000430584
12 0.706543 0.48584 0.286133 0.422852 0.000431776
13 0.651855 0.156738 0.0986328 0.0283203 0.000435114
8 0.813477 0.507324 0.0507812 0.0419922 0.000435352
7 0.213379 0.600586 0.172852 0.0878906 0.000438452
7 0.251465 0.914551 0.178711 0.163086 0.00043869
5 0.356934 0.431152 0.110352 0.131836 0.000439405
5 0.240234 0.481934 0.199219 0.243164 0.000445127
13 0.647461 0.178223 0.0820312 0.0498047 0.000446796
6 0.384766 0.424805 0.0644531 0.107422 0.000447273
2 0.879395 0.413574 0.0166016 0.0146484 0.000447273
9 0.291992 0.57959 0.15625 0.112305 0.000452518
11 0.623535 0.160156 0.0595703 0.0234375 0.000453949
13 0.308105 0.55957 0.100586 0.0898438 0.000454187
9 0.882812 0.439453 0.0117188 0.0078125 0.000454903
9 0.806641 0.556152 0.0410156 0.0498047 0.000455141
8 0.806641 0.339355 0.0175781 0.0166016 0.000456572
9 0.401855 0.415039 0.0732422 0.111328 0.000468493
11 0.143066 0.396484 0.0244141 0.0214844 0.000469208
5 0.141113 0.0786133 0.282227 0.157227 0.000469208
13 0.768066 0.333008 0.0107422 0.0117188 0.0004704
9 0.870605 0.42041 0.0673828 0.0556641 0.000472069
9 0.165039 0.590332 0.216797 0.217773 0.000472307
11 0.729004 0.184082 0.120117 0.0732422 0.000472546
8 0.748535 0.550781 0.00878906 0.00976562 0.000475407
9 0.717285 0.382812 0.0185547 0.0117188 0.000476122
13 0.10791 0.619629 0.0595703 0.0849609 0.000481367
7 0.116211 0.617676 0.078125 0.0986328 0.000481844
2 0.319336 0.27832 0.115234 0.09375 0.000482082
8 0.761719 0.453613 0.0117188 0.0107422 0.000489235
1 0.661621 0.157715 0.135742 0.0341797 0.000490665
0 0.566406 0.327637 0.0703125 0.0693359 0.000492573
7 0.311035 0.276855 0.0927734 0.0869141 0.000496387
9 0.809082 0.580078 0.00878906 0.00976562 0.000496387
7 0.387207 0.184082 0.12207 0.0791016 0.00050354
9 0.790527 0.535156 0.100586 0.154297 0.000504017
13 0.302246 0.518066 0.0576172 0.0576172 0.000507832
9 0.319336 0.27832 0.115234 0.09375 0.000508785
9 0.143555 0.396973 0.0273438 0.0302734 0.000510216
13 0.648438 0.337402 0.0664062 0.120117 0.000522614
8 0.762207 0.522461 0.0126953 0.0117188 0.000526428
13 0.646484 0.163086 0.0507812 0.0195312 0.000526905
3 0.543457 0.342773 0.118164 0.101562 0.000529766
8 0.331055 0.276367 0.154297 0.208984 0.00053215
8 0.403809 0.265137 0.0107422 0.00683594 0.000532627
13 0.191406 0.625977 0.224609 0.0761719 0.00055933
9 0.805176 0.502441 0.0888672 0.0869141 0.000560284
11 0.102539 0.637695 0.09375 0.152344 0.00056076
8 0.714844 0.388672 0.0273438 0.0273438 0.000561714
6 0.371582 0.27832 0.0458984 0.0429688 0.000569344
10 0.776855 0.45166 0.180664 0.293945 0.000569344
2 0.240723 0.601074 0.0849609 0.0322266 0.000575066
7 0.344238 0.469238 0.116211 0.200195 0.000576973
2 0.337402 0.443848 0.116211 0.149414 0.000581264
9 0.481445 0.365234 0.244141 0.1875 0.00058651
11 0.344238 0.347168 0.135742 0.209961 0.000590324
6 0.310547 0.278809 0.123047 0.106445 0.000598431
11 0.646484 0.163086 0.0507812 0.0195312 0.000600815
11 0.116211 0.621582 0.0703125 0.0908203 0.000603676
7 0.240723 0.601074 0.0849609 0.0322266 0.000614166
6 0.254883 0.492676 0.181641 0.229492 0.000616074
11 0.230957 0.588867 0.0810547 0.0625 0.000619888
11 0.188965 0.645508 0.254883 0.113281 0.000621319
7 0.835449 0.324219 0.0166016 0.0175781 0.000625134
9 0.629395 0.506348 0.0654297 0.0908203 0.000631809
8 0.80957 0.581543 0.0117188 0.0107422 0.00063324
9 0.260742 0.61377 0.283203 0.196289 0.00063324
13 0.23291 0.394531 0.108398 0.0996094 0.00065279
13 0.262207 0.337402 0.0849609 0.143555 0.000665188
13 0.235352 0.370117 0.0527344 0.0410156 0.000669479
13 0.730957 0.480469 0.237305 0.384766 0.000679493
13 0.25 0.56543 0.113281 0.0878906 0.000688076
9 0.208496 0.752441 0.336914 0.276367 0.000699997
11 0.345215 0.204102 0.178711 0.119141 0.000702858
2 0.376465 0.42334 0.0791016 0.110352 0.00070715
11 0.336426 0.152832 0.114258 0.0283203 0.000708103
4 0.391602 0.431152 0.0605469 0.108398 0.000710964
9 0.714355 0.453613 0.282227 0.34668 0.000712872
9 0.547852 0.348633 0.113281 0.113281 0.000712872
11 0.680176 0.155762 0.0615234 0.0244141 0.000713825
9 0.519043 0.647949 0.40918 0.204102 0.000718594
9 0.362793 0.242188 0.12207 0.144531 0.0007267
11 0.218262 0.592285 0.0517578 0.0380859 0.000741959
7 0.651855 0.157715 0.143555 0.0302734 0.000755787
11 0.371582 0.201172 0.104492 0.0761719 0.000762939
1 0.331055 0.276367 0.154297 0.208984 0.000770092
7 0.382812 0.216309 0.09375 0.100586 0.000786781
9 0.897461 0.520508 0.00976562 0.00976562 0.00080061
13 0.345215 0.204102 0.178711 0.119141 0.000805855
6 0.316406 0.47168 0.132812 0.199219 0.000807285
9 0.252441 0.589355 0.0927734 0.0458984 0.000811577
11 0.634277 0.171387 0.12793 0.0615234 0.000814438
7 0.190918 0.626953 0.229492 0.0761719 0.000847816
9 0.713867 0.388672 0.0253906 0.0253906 0.000849247
9 0.26416 0.61084 0.125977 0.0400391 0.000861645
7 0.143066 0.396484 0.0166016 0.015625 0.000864506
2 0.731445 0.480957 0.232422 0.37793 0.000867367
9 0.348145 0.424805 0.0908203 0.0957031 0.000869751
13 0.303711 0.39502 0.158203 0.104492 0.000870705
13 0.259766 0.418457 0.115234 0.124023 0.000870705
13 0.650879 0.296387 0.0615234 0.108398 0.000871181
8 0.716797 0.382812 0.015625 0.00976562 0.000879765
13 0.286133 0.278809 0.130859 0.131836 0.000880241
2 0.371582 0.27832 0.0458984 0.0429688 0.000884056
13 0.330566 0.442871 0.0771484 0.0849609 0.000898361
13 0.265137 0.603027 0.120117 0.0322266 0.000898838
13 0.257812 0.502441 0.208984 0.245117 0.000901699
11 0.407227 0.163574 0.0742188 0.0361328 0.000912666
9 0.834961 0.326172 0.0292969 0.0234375 0.000925541
5 0.331055 0.276367 0.154297 0.208984 0.000931263
11 0.360352 0.429688 0.113281 0.130859 0.000934124
8 0.743164 0.330566 0.00976562 0.00878906 0.000943661
8 0.399414 0.205078 0.0429688 0.0410156 0.000946999
7 0.254883 0.492676 0.181641 0.229492 0.00098896
7 0.321289 0.428223 0.1875 0.149414 0.000995636
9 0.0742188 0.681641 0.0742188 0.154297 0.00100327
0 0.50293 0.382812 0.203125 0.191406 0.00101471
13 0.314453 0.276855 0.0625 0.0595703 0.00102139
9 0.450195 0.384277 0.0976562 0.268555 0.00104141
13 0.373535 0.307129 0.0869141 0.133789 0.00105286
9 0.89502 0.499023 0.0126953 0.0175781 0.00107098
9 0.230469 0.603516 0.0527344 0.0234375 0.00107574
11 0.26123 0.594727 0.125977 0.0351562 0.00109482
9 0.8125 0.341797 0.00976562 0.0078125 0.00109959
11 0.228516 0.607422 0.105469 0.0527344 0.00111485
10 0.848633 0.821289 0.0371094 0.0488281 0.0011158
9 0.397949 0.206055 0.0419922 0.0410156 0.00112534
9 0.827637 0.379883 0.116211 0.169922 0.00112915
8 0.813965 0.341797 0.00878906 0.00976562 0.00114155
13 0.285156 0.248535 0.0566406 0.0537109 0.0011549
11 0.31543 0.178711 0.181641 0.0546875 0.00117302
9 0.275879 0.610352 0.231445 0.0976562 0.00119781
9 0.372559 0.277832 0.0478516 0.0439453 0.00124264
13 0.371582 0.201172 0.104492 0.0761719 0.00125027
8 0.675781 0.276855 0.0195312 0.0205078 0.00126457
9 0.116211 0.617676 0.078125 0.0986328 0.00128174
11 0.234375 0.597168 0.140625 0.0908203 0.0012846
9 0.331055 0.276367 0.154297 0.208984 0.00129986
11 0.331055 0.276367 0.154297 0.208984 0.00133038
1 0.364746 0.420898 0.0966797 0.117188 0.00135994
9 0.46582 0.32373 0.15625 0.311523 0.00142193
11 0.848633 0.821289 0.0371094 0.0507812 0.0014286
13 0.307129 0.245605 0.0908203 0.0908203 0.00149536
8 0.34375 0.42334 0.0957031 0.100586 0.00149536
7 0.371582 0.277832 0.0458984 0.0419922 0.00149727
10 0.204102 0.675781 0.314453 0.15625 0.00152016
13 0.30957 0.237305 0.144531 0.144531 0.00156021
11 0.270508 0.180176 0.0820312 0.0537109 0.00156212
9 0.819336 0.503418 0.0410156 0.0341797 0.00156689
3 0.785156 0.45166 0.164062 0.295898 0.00160408
2 0.142578 0.396484 0.0175781 0.0175781 0.00160503
5 0.777832 0.452637 0.15918 0.293945 0.00162029
6 0.304688 0.330566 0.160156 0.196289 0.00168419
7 0.328125 0.334473 0.152344 0.217773 0.00170135
13 0.255859 0.376953 0.09375 0.0859375 0.00171661
13 0.318848 0.307129 0.288086 0.282227 0.00174809
9 0.213379 0.600586 0.172852 0.0878906 0.00177097
8 0.780762 0.257324 0.0263672 0.0224609 0.00181866
11 0.323242 0.167969 0.126953 0.0253906 0.00190926
13 0.270996 0.526855 0.137695 0.143555 0.00196838
7 0.337402 0.425293 0.0869141 0.0966797 0.00205803
7 0.395996 0.204102 0.0458984 0.0488281 0.00206757
11 0.646973 0.148438 0.108398 0.0214844 0.0021286
7 0.194336 0.65918 0.292969 0.142578 0.00214195
7 0.0947266 0.652832 0.111328 0.168945 0.00214767
9 0.358398 0.426758 0.121094 0.160156 0.0021553
11 0.368164 0.17334 0.169922 0.0849609 0.00216484
10 0.213379 0.95166 0.286133 0.0888672 0.00225258
9 0.469727 0.435059 0.191406 0.366211 0.00239372
2 0.834473 0.32373 0.0146484 0.0166016 0.00247574
2 0.768066 0.333008 0.0107422 0.0117188 0.00248337
8 0.834473 0.32373 0.0146484 0.0166016 0.00252151
13 0.649902 0.165527 0.149414 0.0322266 0.00254059
11 0.39502 0.204102 0.0498047 0.0488281 0.00268936
7 0.347656 0.259766 0.148438 0.183594 0.00275421
9 0.879395 0.420898 0.0400391 0.0410156 0.00297737
13 0.360352 0.270996 0.0800781 0.0849609 0.00300217
13 0.247559 0.379395 0.0380859 0.0302734 0.0030899
6 0.777832 0.452637 0.15918 0.293945 0.00314903
9 0.288574 0.595703 0.172852 0.046875 0.00329208
11 0.292969 0.172363 0.0917969 0.0400391 0.00362587
8 0.810059 0.342285 0.0146484 0.0126953 0.00369072
11 0.422363 0.178711 0.0673828 0.0585938 0.00371361
13 0.258789 0.384277 0.0644531 0.0439453 0.00372124
2 0.323242 0.297852 0.154297 0.203125 0.00378227
9 0.234863 0.594727 0.0419922 0.0292969 0.00380516
13 0.306152 0.508301 0.112305 0.137695 0.00398254
9 0.768066 0.333008 0.0107422 0.0117188 0.00421524
13 0.367676 0.42041 0.0908203 0.116211 0.0042572
13 0.34668 0.349121 0.109375 0.209961 0.00432205
11 0.23584 0.586914 0.0380859 0.0390625 0.00439453
9 0.881836 0.416992 0.0253906 0.0214844 0.00442886
13 0.391602 0.203613 0.0605469 0.0537109 0.00445938
9 0.23291 0.621094 0.141602 0.0546875 0.00466537
0 0.779785 0.455566 0.155273 0.286133 0.004673
11 0.598633 0.168457 0.0566406 0.0400391 0.004673
9 0.896484 0.51709 0.015625 0.0224609 0.00474548
11 0.678223 0.166504 0.137695 0.0576172 0.00481796
12 0.774902 0.455078 0.15332 0.292969 0.00505829
9 0.100586 0.646484 0.121094 0.166016 0.00515366
7 0.391602 0.431152 0.0605469 0.108398 0.00528717
13 0.290039 0.450195 0.144531 0.173828 0.00567245
13 0.371582 0.27832 0.0458984 0.0429688 0.00598526
11 0.71582 0.166016 0.078125 0.0449219 0.00599289
8 0.768066 0.333008 0.0107422 0.0117188 0.00673676
13 0.294434 0.262695 0.0361328 0.0390625 0.00685501
6 0.331055 0.276367 0.154297 0.208984 0.00694656
9 0.879395 0.413574 0.0166016 0.0146484 0.00708771
11 0.629395 0.160645 0.108398 0.0322266 0.00709152
13 0.286133 0.337891 0.150391 0.181641 0.00729752
6 0.356934 0.431152 0.110352 0.131836 0.00757599
11 0.374023 0.155273 0.128906 0.0351562 0.00770187
4 0.367676 0.42041 0.0908203 0.116211 0.00778198
11 0.397461 0.192383 0.0800781 0.0644531 0.00839996
13 0.270996 0.399902 0.0849609 0.0712891 0.00868225
9 0.89502 0.505859 0.0244141 0.046875 0.00947571
13 0.288574 0.276855 0.0888672 0.0693359 0.00964355
13 0.362793 0.242188 0.12207 0.144531 0.00965118
11 0.235352 0.598633 0.0410156 0.0214844 0.0102081
4 0.785156 0.45166 0.164062 0.295898 0.0103836
9 0.20752 0.629395 0.250977 0.0947266 0.0104523
11 0.244629 0.60498 0.0986328 0.0283203 0.0104904
1 0.785156 0.45166 0.164062 0.295898 0.0112839
8 0.143555 0.395508 0.0175781 0.015625 0.0114746
13 0.312988 0.496094 0.0732422 0.09375 0.0119095
11 0.39502 0.168945 0.112305 0.0527344 0.0124817
11 0.779785 0.455566 0.155273 0.286133 0.0152206
8 0.375977 0.422363 0.078125 0.114258 0.0168457
7 0.785156 0.45166 0.164062 0.295898 0.0180664
8 0.372559 0.277832 0.0478516 0.0419922 0.0205688
9 0.240723 0.601074 0.0849609 0.0322266 0.0207672
13 0.296875 0.262695 0.0566406 0.0566406 0.0218506
9 0.835449 0.324219 0.0166016 0.0175781 0.02388
9 0.207031 0.675293 0.320312 0.149414 0.0275269
13 0.337402 0.443848 0.116211 0.149414 0.0279846
9 0.142578 0.396484 0.0175781 0.015625 0.0281525
11 0.347656 0.165039 0.183594 0.0390625 0.0366211
8 0.785156 0.45166 0.164062 0.295898 0.0414429
11 0.701172 0.158203 0.0625 0.03125 0.0426025
13 0.782715 0.449707 0.161133 0.28418 0.0454407
9 0.376465 0.422852 0.0771484 0.109375 0.0458984
7 0.367676 0.42041 0.0908203 0.116211 0.0510864
9 0.787598 0.451172 0.165039 0.294922 0.053009
11 0.237305 0.598145 0.0605469 0.0341797 0.0579529
11 0.665039 0.15625 0.123047 0.0292969 0.0722656
13 0.319336 0.27832 0.115234 0.09375 0.0736084
2 0.783691 0.448242 0.15918 0.277344 0.0756226
3 0.520508 0.646973 0.414062 0.194336 0.101685
13 0.323242 0.297852 0.154297 0.203125 0.130859
0 0.548828 0.344238 0.109375 0.102539 0.134277
