8 0.717285 0.295898 0.0224609 0.0214844 0.000100136
11 0.541016 0.277344 0.103516 0.0917969 0.000100374
9 0.78418 0.199219 0.431641 0.398438 0.000101328
13 0.869141 0.109863 0.132812 0.0439453 0.000101388
9 0.216309 0.375488 0.137695 0.145508 0.000101686
0 0.942383 0.846191 0.115234 0.266602 0.000103354
9 0.303223 0.290527 0.12793 0.100586 0.00010407
5 0.26416 0.409668 0.133789 0.0478516 0.000105917
13 0.0512695 0.124512 0.0986328 0.102539 0.000106096
11 0.589844 0.161621 0.0742188 0.0341797 0.000106394
3 0.0595703 0.744141 0.119141 0.220703 0.000107646
13 0.793457 0.476562 0.106445 0.205078 0.0001086
13 0.302734 0.273438 0.113281 0.0878906 0.000109076
8 0.654785 0.265625 0.0146484 0.0136719 0.000109315
13 0.314453 0.447266 0.0625 0.0371094 0.00011009
2 0.704102 0.403809 0.0175781 0.0166016 0.000110269
13 0.757812 0.404785 0.0976562 0.0791016 0.000111043
2 0.543945 0.275879 0.103516 0.0927734 0.000111341
12 0.276367 0.370117 0.253906 0.238281 0.000112891
1 0.280762 0.416504 0.208008 0.151367 0.000116527
13 0.777832 0.473633 0.0419922 0.0214844 0.000117838
7 0.306641 0.276855 0.111328 0.0751953 0.000118434
2 0.225586 0.405762 0.0546875 0.0322266 0.000121713
10 0.275391 0.636719 0.351562 0.230469 0.000123978
2 0.609863 0.372559 0.0205078 0.0146484 0.000124693
9 0.710449 0.404297 0.0263672 0.0195312 0.000124931
9 0.119629 0.197754 0.0869141 0.0361328 0.000125289
9 0.729492 0.434082 0.0234375 0.0166016 0.000126243
7 0.208984 0.401855 0.117188 0.0439453 0.000127196
2 0.888184 0.854492 0.223633 0.291016 0.000128388
4 0.29541 0.419922 0.198242 0.154297 0.000128984
5 0.788574 0.456543 0.139648 0.28418 0.000131965
13 0.0595703 0.14209 0.115234 0.0439453 0.000133753
1 0.888184 0.854492 0.223633 0.291016 0.000133991
6 0.259277 0.395508 0.19043 0.09375 0.000134826
8 0.724609 0.408203 0.0136719 0.0136719 0.000135541
13 0.20459 0.384766 0.118164 0.0976562 0.000135899
7 0.768555 0.421875 0.193359 0.371094 0.000136495
11 0.287109 0.159668 0.0722656 0.0439453 0.00013721
9 0.98291 0.0146484 0.0205078 0.0292969 0.000138283
11 0.263672 0.154785 0.527344 0.30957 0.000138521
8 0.622559 0.358887 0.0517578 0.0517578 0.000138521
13 0.762695 0.475098 0.09375 0.0693359 0.000138879
11 0.624023 0.132812 0.0566406 0.015625 0.000140548
7 0.31543 0.452148 0.119141 0.0488281 0.000141263
13 0.75 0.391113 0.0566406 0.0263672 0.000141978
9 0.404785 0.257324 0.0341797 0.0322266 0.000142694
9 0.0332031 0.623047 0.0664062 0.365234 0.000143051
10 0.253906 0.410645 0.115234 0.0439453 0.000143528
9 0.209961 0.402832 0.123047 0.0458984 0.00014627
5 0.327148 0.266113 0.0625 0.0439453 0.000148058
4 0.79248 0.488281 0.129883 0.228516 0.000149131
10 0.873047 0.662598 0.0371094 0.0654297 0.000151873
13 0.76416 0.402832 0.0556641 0.0341797 0.000154853
3 0.532227 0.461426 0.335938 0.161133 0.000157714
7 0.0390625 0.90625 0.078125 0.183594 0.00015831
8 0.631836 0.352539 0.0234375 0.0253906 0.000158429
2 0.622559 0.358887 0.0517578 0.0517578 0.000161648
9 0.737305 0.411133 0.234375 0.361328 0.000163198
8 0.797363 0.586426 0.0146484 0.0146484 0.00016427
1 0.243164 0.410645 0.109375 0.0458984 0.000167131
6 0.325195 0.255371 0.0898438 0.0771484 0.000167489
0 0.280273 0.421875 0.167969 0.078125 0.000169516
11 0.873047 0.662598 0.0371094 0.0654297 0.000172615
1 0.291016 0.442383 0.175781 0.0625 0.000172853
9 0.274414 0.350098 0.0429688 0.0322266 0.000173926
4 0.3125 0.4375 0.162109 0.0605469 0.000177622
8 0.235352 0.410156 0.0722656 0.0390625 0.00017786
11 0.226074 0.405762 0.0654297 0.0361328 0.000185847
13 0.275879 0.166016 0.551758 0.332031 0.000185966
13 0.729004 0.403809 0.0712891 0.0322266 0.00019002
9 0.262695 0.511719 0.240234 0.0917969 0.000190735
5 0.273438 0.413574 0.234375 0.131836 0.000193
13 0.256836 0.464844 0.199219 0.0664062 0.00019455
2 0.249512 0.399902 0.147461 0.0791016 0.000195503
13 0.245117 0.448242 0.115234 0.0527344 0.000195861
8 0.314941 0.37207 0.0107422 0.0117188 0.000198364
7 0.245117 0.394043 0.203125 0.110352 0.000201106
9 0.287109 0.624023 0.365234 0.248047 0.000201464
12 0.888184 0.854492 0.223633 0.291016 0.000201464
7 0.228516 0.408691 0.0644531 0.0380859 0.000201583
13 0.839355 0.0693359 0.321289 0.136719 0.000203371
2 0.27832 0.415039 0.173828 0.134766 0.000211239
8 0.722656 0.491211 0.0292969 0.0234375 0.000212193
13 0.293457 0.452637 0.0576172 0.0322266 0.000215769
11 0.280762 0.416504 0.208008 0.151367 0.000216246
13 0.216309 0.400391 0.0478516 0.03125 0.000216484
0 0.888184 0.854492 0.223633 0.291016 0.000218868
5 0.835938 0.059082 0.328125 0.118164 0.000220418
6 0.23291 0.405762 0.0751953 0.0380859 0.000224471
13 0.652832 0.518066 0.0458984 0.12793 0.000226736
12 0.271973 0.414551 0.149414 0.0556641 0.00023067
13 0.229004 0.475098 0.0810547 0.0400391 0.000239134
13 0.325195 0.255371 0.0898438 0.0771484 0.000240088
9 0.251465 0.452637 0.243164 0.12793 0.000243545
8 0.40625 0.258789 0.0371094 0.0371094 0.000244856
13 0.308105 0.465332 0.0966797 0.0400391 0.000245571
13 0.323242 0.431152 0.103516 0.0419922 0.000245571
3 0.544434 0.273926 0.100586 0.0869141 0.000247478
13 0.289062 0.426758 0.078125 0.0410156 0.000260592
13 0.277832 0.363281 0.114258 0.0957031 0.000262976
11 0.335938 0.14209 0.0605469 0.0244141 0.000264168
13 0.0742188 0.123047 0.0507812 0.0195312 0.000265121
11 0.415527 0.158203 0.0380859 0.0332031 0.000268936
8 0.609863 0.372559 0.0205078 0.0146484 0.00028348
11 0.387695 0.14502 0.0761719 0.0244141 0.000285149
13 0.13916 0.090332 0.27832 0.15918 0.000306606
3 0.13916 0.090332 0.27832 0.15918 0.00030756
8 0.633301 0.348633 0.0166016 0.015625 0.000312567
6 0.13916 0.090332 0.27832 0.15918 0.00031805
13 0.288086 0.359375 0.0703125 0.046875 0.000319958
11 0.592285 0.131348 0.0693359 0.0185547 0.000323534
13 0.319336 0.407715 0.226562 0.0751953 0.000326872
9 0.325195 0.255371 0.0898438 0.0771484 0.00033021
11 0.290527 0.442383 0.174805 0.0644531 0.000358105
12 0.286621 0.420898 0.194336 0.0957031 0.000360012
7 0.556641 0.517578 0.400391 0.167969 0.000360727
6 0.79541 0.514648 0.125977 0.179688 0.000364065
13 0.79248 0.46875 0.0595703 0.0859375 0.000369072
9 0.491211 0.306641 0.167969 0.150391 0.000375032
6 0.556641 0.517578 0.400391 0.167969 0.000375271
5 0.15625 0.0883789 0.3125 0.176758 0.000396967
8 0.711426 0.404297 0.0283203 0.0195312 0.00039959
4 0.556641 0.517578 0.400391 0.167969 0.000400782
9 0.543945 0.275879 0.103516 0.0927734 0.000402689
13 0.0205078 0.144043 0.0410156 0.0419922 0.000403881
9 0.3125 0.4375 0.160156 0.0625 0.00040555
11 0.888184 0.854492 0.223633 0.291016 0.00040555
1 0.556641 0.517578 0.400391 0.167969 0.000411749
11 0.556641 0.517578 0.400391 0.167969 0.000413656
11 0.595703 0.144043 0.0996094 0.0380859 0.000415325
11 0.683105 0.143555 0.0615234 0.0332031 0.000429153
11 0.242676 0.40918 0.118164 0.0527344 0.000451088
9 0.803223 0.53125 0.0966797 0.160156 0.000455618
8 0.63623 0.379395 0.0185547 0.0146484 0.000458956
13 0.554688 0.515137 0.394531 0.151367 0.000470638
2 0.556641 0.517578 0.400391 0.167969 0.000475883
9 0.983887 0.00830078 0.0166016 0.0166016 0.000477552
3 0.280762 0.42334 0.161133 0.0810547 0.000480413
8 0.556641 0.517578 0.400391 0.167969 0.000483036
4 0.328613 0.266602 0.0595703 0.0429688 0.000488281
12 0.556641 0.517578 0.400391 0.167969 0.000498295
13 0.776855 0.384766 0.0498047 0.0117188 0.000509739
2 0.241699 0.413574 0.0869141 0.0458984 0.000526428
13 0.25 0.411133 0.0644531 0.0332031 0.00053978
8 0.678711 0.267578 0.0136719 0.0136719 0.000543118
6 0.29541 0.419922 0.198242 0.154297 0.000544071
13 0.236328 0.432129 0.1875 0.100586 0.000544548
6 0.3125 0.4375 0.160156 0.0625 0.000569344
9 0.0161133 0.595215 0.0302734 0.368164 0.000576019
9 0.249512 0.399902 0.147461 0.0791016 0.000597
9 0.788574 0.456543 0.139648 0.28418 0.000598431
13 0.253418 0.382324 0.209961 0.131836 0.000607014
9 0.286133 0.350098 0.244141 0.272461 0.000627518
13 0.291504 0.401367 0.143555 0.0488281 0.000637531
3 0.5625 0.571777 0.396484 0.137695 0.000653267
13 0.787109 0.470215 0.0566406 0.0361328 0.000672817
9 0.268555 0.564453 0.296875 0.15625 0.000698566
13 0.769043 0.475098 0.0693359 0.0322266 0.000710964
11 0.34668 0.158203 0.125 0.0429688 0.000728607
13 0.333496 0.445801 0.120117 0.0458984 0.000733376
10 0.556641 0.517578 0.400391 0.167969 0.000737667
8 0.277344 0.418457 0.164062 0.0634766 0.000741482
9 0.236816 0.412598 0.0849609 0.0458984 0.000746727
7 0.242676 0.40918 0.118164 0.0527344 0.000750065
13 0.32666 0.265625 0.0615234 0.0429688 0.000775814
0 0.556641 0.517578 0.400391 0.167969 0.000779152
7 0.805664 0.546387 0.0976562 0.139648 0.000785828
11 0.296875 0.165039 0.111328 0.0664062 0.000791073
6 0.260254 0.405273 0.135742 0.0507812 0.000799179
13 0.749023 0.394531 0.0878906 0.0390625 0.000818253
11 0.366211 0.139648 0.0898438 0.0195312 0.000852108
13 0.275391 0.350098 0.0449219 0.0361328 0.000867844
5 0.286621 0.42627 0.163086 0.0830078 0.000919819
11 0.563965 0.149414 0.0556641 0.0449219 0.000970364
10 0.288574 0.423828 0.176758 0.0703125 0.00100803
6 0.327148 0.266113 0.0625 0.0439453 0.00101185
7 0.325195 0.255371 0.0898438 0.0771484 0.00101948
5 0.556641 0.517578 0.400391 0.167969 0.00102139
13 0.767578 0.386719 0.0664062 0.0214844 0.00104141
13 0.273438 0.414062 0.0761719 0.0390625 0.00105095
4 0.277832 0.418457 0.163086 0.0634766 0.00105858
13 0.256348 0.467773 0.116211 0.0410156 0.00110531
13 0.187988 0.398438 0.0830078 0.0273438 0.00113106
13 0.0888672 0.132812 0.128906 0.0371094 0.00113392
13 0.0878906 0.131348 0.142578 0.0751953 0.00113964
7 0.29541 0.419922 0.198242 0.154297 0.00127316
8 0.704102 0.403809 0.0175781 0.0166016 0.00129032
9 0.269043 0.400879 0.209961 0.135742 0.00135803
13 0.293457 0.453125 0.114258 0.0410156 0.00139046
11 0.579102 0.136719 0.0664062 0.0273438 0.00140667
8 0.26416 0.249512 0.0126953 0.0107422 0.00146389
13 0.0751953 0.123535 0.0859375 0.0244141 0.00148582
9 0.554688 0.518066 0.396484 0.155273 0.00158215
11 0.408203 0.149414 0.0527344 0.0273438 0.00160789
13 0.325195 0.429199 0.15625 0.0693359 0.00170803
8 0.729492 0.434082 0.0234375 0.0166016 0.00176144
7 0.3125 0.4375 0.162109 0.0605469 0.00184536
11 0.669434 0.147461 0.100586 0.046875 0.00213432
13 0.787109 0.469238 0.0390625 0.0185547 0.00216103
9 0.32666 0.265625 0.0615234 0.0429688 0.00255013
7 0.79248 0.488281 0.129883 0.228516 0.00258636
1 0.277344 0.418457 0.164062 0.0634766 0.00358582
13 0.208984 0.401855 0.117188 0.0439453 0.00358582
11 0.345215 0.145508 0.106445 0.0292969 0.00366974
2 0.275879 0.419922 0.151367 0.0625 0.00378418
11 0.614258 0.135254 0.105469 0.0185547 0.00379181
11 0.649902 0.138184 0.0966797 0.0302734 0.00401688
9 0.277344 0.418457 0.164062 0.0634766 0.00402451
11 0.699707 0.15918 0.0751953 0.0585938 0.00429535
0 0.522461 0.30127 0.154297 0.139648 0.00430679
8 0.325195 0.26709 0.0566406 0.0400391 0.00456238
11 0.313477 0.151855 0.0839844 0.0419922 0.00716019
7 0.327148 0.266113 0.0625 0.0439453 0.00719452
13 0.289062 0.42041 0.205078 0.147461 0.00738525
11 0.277832 0.418457 0.163086 0.0634766 0.00856018
13 0.249512 0.399902 0.147461 0.0791016 0.0092392
13 0.228516 0.407715 0.0625 0.0361328 0.00998688
6 0.282227 0.420898 0.15625 0.0644531 0.00998688
7 0.277832 0.418457 0.163086 0.0634766 0.0100174
13 0.290527 0.443359 0.176758 0.0625 0.0292206
13 0.243164 0.410645 0.109375 0.0458984 0.0515747
0 0.543945 0.275879 0.103516 0.0927734 0.0844727
13 0.275879 0.419922 0.151367 0.0625 0.365234
3 0.554688 0.515137 0.394531 0.151367 0.401611
