11 0.0986328 0.984375 0.0878906 0.0292969 0.000101149
9 0.40332 0.258301 0.119141 0.258789 0.000101388
9 0.394043 0.625 0.0224609 0.0214844 0.000101864
9 0.268066 0.567871 0.170898 0.157227 0.000102222
3 0.810547 0.535645 0.0859375 0.0458984 0.00010252
2 0.591309 0.352051 0.0419922 0.0302734 0.000102758
7 0.72168 0.234863 0.0800781 0.0751953 0.000103235
7 0.143555 0.62207 0.138672 0.162109 0.000103235
11 0.62793 0.182129 0.0664062 0.0244141 0.000103295
13 0.125 0.523926 0.0839844 0.0380859 0.00010556
5 0.837402 0.660156 0.157227 0.201172 0.000106692
9 0.40625 0.492188 0.130859 0.400391 0.000108719
7 0.200195 0.605469 0.136719 0.0859375 0.000109076
1 0.817871 0.607422 0.157227 0.193359 0.000109196
0 0.423828 0.304688 0.126953 0.275391 0.000109315
11 0.69043 0.225098 0.128906 0.0791016 0.000109851
5 0.198242 0.449219 0.232422 0.261719 0.000111818
9 0.547363 0.207031 0.0810547 0.0859375 0.000112712
3 0.771484 0.609863 0.255859 0.22168 0.000113666
12 0.428711 0.300293 0.09375 0.270508 0.000114679
12 0.810547 0.535645 0.0859375 0.0458984 0.000115693
11 0.73877 0.0844727 0.385742 0.168945 0.000115812
11 0.385742 0.197266 0.0605469 0.03125 0.00011909
13 0.158691 0.620605 0.170898 0.15918 0.00011915
10 0.15332 0.966309 0.189453 0.0654297 0.000120163
10 0.408203 0.34668 0.0898438 0.251953 0.000120759
6 0.270996 0.561035 0.180664 0.165039 0.000120938
5 0.697266 0.462402 0.326172 0.43457 0.000121176
13 0.428711 0.300293 0.09375 0.270508 0.000121593
6 0.413086 0.316406 0.101562 0.275391 0.000122666
8 0.384277 0.631348 0.0732422 0.0595703 0.000124454
11 0.34082 0.217285 0.148438 0.0439453 0.0001266
3 0.652344 1 0.580078 0 0.000128269
3 0.21582 0.594238 0.255859 0.145508 0.000128388
7 0.12207 0.665527 0.0292969 0.0322266 0.000130773
1 0.253906 0.611328 0.171875 0.0683594 0.000131726
10 0.135254 0.984375 0.131836 0.0292969 0.000131845
9 0.015625 0.140625 0.03125 0.132812 0.00013268
9 0.491699 0.123535 0.250977 0.225586 0.000134468
10 0.810547 0.609863 0.181641 0.209961 0.000135899
8 0.427734 0.302246 0.0976562 0.266602 0.000136137
9 0.541992 0.227539 0.109375 0.166016 0.000136256
8 0.100098 0.640625 0.0400391 0.0371094 0.000136256
10 0.910156 0.753418 0.0449219 0.0908203 0.00013876
3 0.551758 0.628418 0.25 0.143555 0.000139713
6 0.8125 0.549805 0.125 0.158203 0.000139952
11 0.645996 0.188965 0.0693359 0.0341797 0.00014019
6 0.500977 0.416016 0.275391 0.212891 0.000141859
9 0.253418 0.956055 0.375977 0.0820312 0.000141978
11 0.889648 0.693359 0.0644531 0.109375 0.000141978
11 0.793457 0.326172 0.0478516 0.0449219 0.000143051
13 0.304688 0.494141 0.0449219 0.0488281 0.000144839
9 0.370117 0.616211 0.113281 0.144531 0.000145793
11 0.393555 0.333496 0.0664062 0.217773 0.00014627
13 0.735352 0.51123 0.201172 0.0498047 0.000148416
1 0.72168 0.234863 0.0800781 0.0751953 0.000148535
7 0.211914 0.512207 0.267578 0.317383 0.000150919
7 0.529785 0.246582 0.0849609 0.163086 0.000152707
13 0.819336 0.549805 0.0683594 0.0332031 0.000154376
5 0.0761719 0.0859375 0.152344 0.171875 0.000154614
10 0.889648 0.693359 0.0644531 0.109375 0.000157714
0 0.852539 0.883789 0.261719 0.232422 0.000162363
5 0.217773 0.463867 0.322266 0.453125 0.000163198
8 0.591309 0.353027 0.0263672 0.0185547 0.000165105
13 0.72168 0.234863 0.0800781 0.0751953 0.000166774
9 0.491211 0.504883 0.257812 0.396484 0.000167847
9 0.148926 0.599609 0.143555 0.177734 0.0001719
5 0.770996 0.564453 0.192383 0.148438 0.000173807
7 0.311035 0.632812 0.19043 0.166016 0.000173807
8 0.300293 0.610352 0.0341797 0.0332031 0.000176668
4 0.208984 0.597656 0.236328 0.128906 0.000177264
10 0.0893555 0.984375 0.0908203 0.0292969 0.000177383
9 0.209961 0.663086 0.273438 0.173828 0.000177503
2 0.428711 0.300293 0.09375 0.270508 0.000179172
9 0.502441 0.210449 0.157227 0.270508 0.000181794
0 0.73877 0.0844727 0.385742 0.168945 0.000182748
8 0.586426 0.350586 0.0146484 0.0117188 0.00018692
13 0.282715 0.515137 0.114258 0.0966797 0.000187397
0 0.555664 0.384766 0.0761719 0.0996094 0.000188351
11 0.705566 0.220703 0.0732422 0.0625 0.000193477
7 0.500977 0.416016 0.275391 0.212891 0.000193596
9 0.114746 0.157227 0.219727 0.255859 0.000194669
13 0.941406 0.349121 0.117188 0.333008 0.000195622
6 0.763672 0.631836 0.273438 0.25 0.000195861
11 0.90625 0.75 0.046875 0.0859375 0.000197768
4 0.405273 0.371094 0.0839844 0.205078 0.000200748
9 0.12207 0.665527 0.0292969 0.0322266 0.000201106
11 0.722656 0.219727 0.0996094 0.134766 0.000201821
13 0.29834 0.493652 0.0830078 0.0712891 0.000203371
9 0.516602 0.851074 0.107422 0.0517578 0.000204921
11 0.34082 0.199219 0.0683594 0.0195312 0.000208139
9 0.81543 0.560059 0.130859 0.110352 0.000208616
11 0.546387 0.23291 0.0810547 0.12207 0.000209689
8 0.125488 0.478516 0.0244141 0.0195312 0.000211358
2 0.584473 0.371582 0.0849609 0.104492 0.000214815
6 0.180176 0.619141 0.219727 0.166016 0.00021565
11 0.571777 0.228516 0.0615234 0.0429688 0.000216246
8 0.408691 0.359375 0.0966797 0.203125 0.000224948
8 0.817871 0.607422 0.157227 0.193359 0.000225067
13 0.134277 0.511719 0.0888672 0.0292969 0.000226259
13 0.804199 0.515625 0.0751953 0.0429688 0.000227571
9 0.73584 0.61084 0.250977 0.180664 0.00022769
8 0.393066 0.625 0.0361328 0.0390625 0.000229359
13 0.409668 0.375488 0.0869141 0.15918 0.000232816
1 0.414062 0.31543 0.101562 0.28125 0.000234365
4 0.500977 0.416016 0.275391 0.212891 0.000238657
9 0.0688477 0.195312 0.137695 0.191406 0.000243902
13 0.200195 0.605469 0.136719 0.0859375 0.000244856
13 0.963379 0.351074 0.0732422 0.0888672 0.00024724
0 0.584473 0.388672 0.254883 0.210938 0.000248671
8 0.255859 0.606445 0.175781 0.0742188 0.000249147
6 0.078125 0.0761719 0.15625 0.152344 0.000254154
10 0.879395 0.721191 0.116211 0.141602 0.000258923
7 0.81543 0.560059 0.130859 0.110352 0.000262022
1 0.500977 0.416016 0.275391 0.212891 0.000267982
10 0.498047 0.414062 0.289062 0.212891 0.00027442
11 0.334473 0.206543 0.106445 0.0361328 0.000276327
13 0.229004 0.512695 0.24707 0.304688 0.000280619
13 0.797852 0.550293 0.0761719 0.0458984 0.000284433
13 0.765625 0.536133 0.173828 0.0585938 0.000285387
11 0.73877 0.252441 0.0888672 0.0869141 0.000295877
7 0.764648 0.632324 0.28125 0.245117 0.000302076
4 0.808594 0.537109 0.0878906 0.0507812 0.000309706
8 0.394043 0.619629 0.0185547 0.0126953 0.000314474
9 0.178223 0.419922 0.0537109 0.0507812 0.000315905
7 0.376465 0.647949 0.149414 0.178711 0.000317097
11 0.500977 0.416016 0.275391 0.212891 0.000326872
13 0.807129 0.537109 0.0537109 0.0351562 0.000329018
13 0.692871 0.505371 0.100586 0.0322266 0.000332832
13 0.231445 0.632324 0.224609 0.0869141 0.000338078
12 0.500977 0.416016 0.275391 0.212891 0.000340939
8 0.287598 0.535645 0.0146484 0.0126953 0.000349045
2 0.586426 0.350586 0.0146484 0.0117188 0.00036931
8 0.816895 0.53418 0.0712891 0.0429688 0.000374556
13 0.669922 0.32959 0.0410156 0.116211 0.000378132
10 0.808594 0.537109 0.0878906 0.0507812 0.000383854
0 0.542969 0.480957 0.267578 0.329102 0.000385284
11 0.375488 0.217285 0.0771484 0.0380859 0.000393629
5 0.200684 0.592285 0.137695 0.106445 0.000397682
0 0.571777 0.359375 0.0966797 0.09375 0.000403643
6 0.802734 0.55127 0.117188 0.0791016 0.000407696
5 0.500977 0.416016 0.275391 0.212891 0.00044322
8 0.500977 0.416016 0.275391 0.212891 0.000448465
10 0.262207 0.90625 0.448242 0.1875 0.00045228
7 0.252441 0.558105 0.217773 0.174805 0.000452757
2 0.507812 0.401855 0.261719 0.19043 0.000460625
3 0.707031 0.967285 0.423828 0.0654297 0.000461102
5 0.81543 0.560059 0.130859 0.110352 0.000467062
4 0.817871 0.607422 0.157227 0.193359 0.000479937
13 0.28418 0.563477 0.142578 0.173828 0.00048399
7 0.286133 0.587402 0.140625 0.12207 0.000500202
5 0.786621 0.55127 0.116211 0.0673828 0.000519753
3 0.573242 0.701172 0.462891 0.158203 0.000522137
9 0.442871 0.378906 0.157227 0.169922 0.00052309
11 0.592773 0.197754 0.103516 0.0439453 0.000531197
4 0.54834 0.386719 0.165039 0.152344 0.000542641
11 0.342773 0.186523 0.0546875 0.0175781 0.000552177
6 0.54834 0.386719 0.165039 0.152344 0.000557899
11 0.427734 0.302246 0.0976562 0.266602 0.000572205
5 0.26709 0.543945 0.219727 0.220703 0.000575542
13 0.507812 0.401855 0.261719 0.19043 0.000585556
13 0.814941 0.609375 0.161133 0.199219 0.000597954
10 0.256836 0.980469 0.371094 0.0390625 0.00060606
7 0.54834 0.386719 0.165039 0.152344 0.00062418
1 0.810547 0.535645 0.0859375 0.0458984 0.000626564
9 0.445801 0.212891 0.149414 0.402344 0.000632763
13 0.349121 0.535645 0.108398 0.0849609 0.000641346
4 0.253418 0.61084 0.170898 0.0693359 0.000653267
9 0.0581055 0.182129 0.114258 0.0986328 0.000657558
9 0.368652 0.662109 0.15332 0.193359 0.000664234
5 0.753418 0.560059 0.288086 0.307617 0.000669956
9 0.0688477 0.0673828 0.137695 0.134766 0.000683308
9 0.211914 0.512207 0.267578 0.317383 0.000689507
9 0.456543 0.313965 0.202148 0.25293 0.000696182
12 0.557129 0.389648 0.157227 0.152344 0.000699997
9 0.43457 0.229004 0.0625 0.176758 0.000727654
9 0.0219727 0.126953 0.0439453 0.214844 0.000768661
11 0.609863 0.185547 0.118164 0.03125 0.000769615
7 0.558594 0.643555 0.486328 0.166016 0.000775814
2 0.591309 0.353027 0.0263672 0.0185547 0.00079298
3 0.555176 0.577637 0.448242 0.286133 0.000799656
13 0.0761719 0.0859375 0.152344 0.171875 0.00082159
11 0.36084 0.199707 0.0810547 0.0322266 0.000836849
1 0.551758 0.386719 0.162109 0.152344 0.00083971
5 0.557129 0.389648 0.157227 0.152344 0.000851154
11 0.558594 0.643555 0.486328 0.166016 0.000854969
12 0.558594 0.643555 0.486328 0.166016 0.00086832
1 0.558594 0.643555 0.486328 0.166016 0.000885487
5 0.248535 0.60791 0.176758 0.0849609 0.000895023
6 0.558594 0.643555 0.486328 0.166016 0.000916958
2 0.558594 0.643555 0.486328 0.166016 0.000960827
4 0.558594 0.643555 0.486328 0.166016 0.000976086
8 0.558594 0.643555 0.486328 0.166016 0.000983238
0 0.522461 0.359375 0.191406 0.103516 0.000985146
13 0.558594 0.643555 0.486328 0.166016 0.00100231
9 0.214844 0.594727 0.238281 0.136719 0.00100708
9 0.39209 0.355469 0.0634766 0.167969 0.00103283
5 0.203613 0.644531 0.276367 0.167969 0.00106621
2 0.80957 0.536133 0.0878906 0.046875 0.00107002
11 0.808594 0.536133 0.0878906 0.0488281 0.00109673
11 0.551758 0.386719 0.162109 0.152344 0.00112534
3 0.648438 0.981934 0.429688 0.0361328 0.00114346
13 0.796387 0.553223 0.114258 0.0751953 0.00117302
5 0.80957 0.536133 0.0878906 0.046875 0.00118351
9 0.814941 0.609375 0.161133 0.199219 0.00120258
6 0.209473 0.557617 0.25293 0.220703 0.00123882
8 0.100586 0.643555 0.0253906 0.0253906 0.00124454
11 0.322266 0.188477 0.0683594 0.0273438 0.00126171
10 0.556152 0.393066 0.15918 0.166992 0.00127792
10 0.897461 0.725586 0.0566406 0.0898438 0.00131035
2 0.558105 0.386719 0.15332 0.144531 0.00132751
8 0.394043 0.625 0.0224609 0.0214844 0.00133038
7 0.39209 0.355469 0.0634766 0.167969 0.00136852
11 0.897461 0.725586 0.0566406 0.0898438 0.00139046
5 0.558594 0.643555 0.486328 0.166016 0.00145054
13 0.8125 0.549805 0.125 0.158203 0.00145817
9 0.810547 0.535645 0.0859375 0.0458984 0.00146389
13 0.558594 0.382812 0.146484 0.140625 0.00148296
3 0.500977 0.416016 0.275391 0.212891 0.00150394
13 0.322754 0.511719 0.0966797 0.0839844 0.00153923
10 0.558594 0.643555 0.486328 0.166016 0.00158024
8 0.557129 0.389648 0.157227 0.152344 0.00160599
13 0.787598 0.523438 0.125977 0.0429688 0.001647
9 0.253418 0.61084 0.170898 0.0693359 0.00170612
9 0.558594 0.643555 0.486328 0.166016 0.00173473
0 0.558594 0.658691 0.486328 0.141602 0.00196838
13 0.116699 0.516113 0.0654297 0.0185547 0.00203896
13 0.214844 0.594727 0.238281 0.136719 0.00208092
8 0.12207 0.665527 0.0292969 0.0322266 0.00209427
7 0.430176 0.280762 0.0830078 0.28418 0.00218201
9 0.558594 0.382812 0.146484 0.140625 0.00218773
9 0.507812 0.401855 0.261719 0.19043 0.00231361
10 0.253418 0.956055 0.375977 0.0820312 0.00235367
9 0.0527344 0.123535 0.105469 0.22168 0.00252151
6 0.253418 0.61084 0.163086 0.0654297 0.00259972
11 0.557129 0.206543 0.0634766 0.0693359 0.00265694
7 0.208984 0.597656 0.236328 0.128906 0.00265884
11 0.348145 0.191406 0.0810547 0.0234375 0.00298882
3 0.551758 0.386719 0.162109 0.152344 0.00308418
7 0.408203 0.34668 0.0898438 0.251953 0.00319099
9 0.408203 0.34668 0.0898438 0.251953 0.00320816
5 0.148926 0.599609 0.143555 0.177734 0.00325394
13 0.253418 0.61084 0.170898 0.0693359 0.00328445
7 0.808594 0.537109 0.0878906 0.0507812 0.00400925
0 0.457031 0.368652 0.191406 0.15332 0.00410843
6 0.810547 0.535645 0.0859375 0.0458984 0.00458527
6 0.819824 0.614746 0.15918 0.192383 0.00593567
6 0.229492 0.594727 0.226562 0.107422 0.00691986
7 0.817871 0.607422 0.157227 0.193359 0.00772476
11 0.568359 0.187988 0.0625 0.0322266 0.00949097
7 0.253418 0.61084 0.170898 0.0693359 0.00993347
5 0.188965 0.547363 0.235352 0.262695 0.0136261
13 0.827148 0.52832 0.0644531 0.0351562 0.0160522
11 0.722656 0.233887 0.0761719 0.0693359 0.0197754
5 0.214844 0.594727 0.238281 0.136719 0.0198669
9 0.436035 0.296387 0.0791016 0.250977 0.0259247
5 0.806641 0.61084 0.177734 0.198242 0.0263367
0 0.497559 0.408691 0.280273 0.194336 0.0845337
13 0.808594 0.536133 0.0878906 0.0488281 0.2854
3 0.558594 0.646484 0.480469 0.132812 0.65918
0 0.55957 0.38916 0.152344 0.151367 0.661621
