9 0.272461 0.30957 0.162109 0.144531 0.000171065
6 0.251465 0.260254 0.161133 0.131836 0.000171185
13 0.117188 0.417969 0.0273438 0.0195312 0.000173688
13 0.226562 0.427246 0.0722656 0.0263672 0.000174761
10 0.859375 0.416016 0.28125 0.576172 0.000175595
1 0.549805 0.132324 0.0820312 0.0400391 0.000177503
8 0.241211 0.22998 0.0214844 0.0185547 0.000178099
13 0.70459 0.435547 0.0224609 0.0214844 0.000178099
0 0.854004 0.686035 0.270508 0.219727 0.000179291
7 0.123535 0.419434 0.0185547 0.0146484 0.00017941
0 0.521973 0.243164 0.0791016 0.09375 0.000179887
0 0.838867 0.785156 0.322266 0.357422 0.00018096
11 0.350098 0.120605 0.116211 0.0791016 0.000181437
10 0.0917969 0.541992 0.0859375 0.123047 0.000182033
4 0.207031 0.401855 0.144531 0.0947266 0.000184298
9 0.153809 0.468262 0.145508 0.145508 0.000184655
13 0.723633 0.248047 0.0195312 0.0546875 0.000188708
9 0.121094 0.414551 0.0273438 0.0244141 0.000191569
13 0.232422 0.488281 0.0390625 0.0234375 0.000193238
3 0.168945 0.586914 0.0371094 0.0332031 0.000193954
13 0.113281 0.418457 0.015625 0.0146484 0.00019455
11 0.32959 0.0991211 0.0615234 0.0185547 0.000197053
7 0.255371 0.269531 0.110352 0.0625 0.000197649
7 0.704102 0.43457 0.0195312 0.0195312 0.000197887
8 0.72168 0.409668 0.0175781 0.0146484 0.000200272
13 0.753418 0.466309 0.0478516 0.0751953 0.000202775
7 0.189941 0.404785 0.0673828 0.0771484 0.000202775
4 0.191895 0.308105 0.161133 0.114258 0.000203371
5 0.169922 0.315918 0.0839844 0.0537109 0.000208259
11 0.581055 0.126465 0.0722656 0.0244141 0.000211716
1 0.290527 0.359863 0.135742 0.18457 0.000213504
9 0.261719 0.118164 0.126953 0.0644531 0.000214458
9 0.158203 0.0981445 0.046875 0.0380859 0.000215411
9 0.258789 0.464355 0.0898438 0.0751953 0.00021553
7 0.732422 0.560547 0.121094 0.158203 0.00021553
13 0.19043 0.268066 0.0761719 0.0908203 0.000216603
4 0.164062 0.418457 0.0390625 0.0341797 0.000219107
8 0.13623 0.421875 0.0478516 0.0332031 0.000220299
3 0.520996 0.430176 0.416992 0.291992 0.000222087
7 0.253418 0.261719 0.0498047 0.0390625 0.00022316
7 0.767578 0.605469 0.0566406 0.0859375 0.000224471
8 0.130371 0.419922 0.0263672 0.0195312 0.000225782
13 0.225586 0.23291 0.0410156 0.0322266 0.00022614
7 0.254395 0.140625 0.168945 0.105469 0.000229716
0 0.578125 0.253906 0.0722656 0.111328 0.000229716
11 0.270508 0.112793 0.078125 0.0458984 0.000232816
3 0.515137 0.277832 0.227539 0.192383 0.000234485
2 0.554199 0.264648 0.0361328 0.0332031 0.000237465
9 0.164551 0.356445 0.139648 0.210938 0.000239611
0 0.551758 0.265625 0.0878906 0.0820312 0.00023973
7 0.244141 0.480469 0.0625 0.0390625 0.000241399
8 0.174316 0.34668 0.00878906 0.00976562 0.00024581
10 0.699707 0.625 0.209961 0.109375 0.000248194
9 0.185059 0.241699 0.100586 0.15918 0.00025034
4 0.182617 0.369629 0.140625 0.180664 0.000252008
7 0.313477 0.338867 0.0527344 0.0410156 0.000252008
8 0.124023 0.427734 0.03125 0.0292969 0.000252485
5 0.276367 0.275391 0.181641 0.228516 0.000253201
9 0.151855 0.527832 0.233398 0.15918 0.000256538
4 0.168945 0.587402 0.0410156 0.0341797 0.000257015
3 0.528809 0.584961 0.442383 0.15625 0.000257492
9 0.111328 0.418945 0.0117188 0.0117188 0.000257492
5 0.225586 0.341797 0.158203 0.162109 0.000259399
8 0.134766 0.399414 0.0117188 0.0117188 0.000259638
13 0.234375 0.297852 0.140625 0.0644531 0.000261307
7 0.158691 0.414551 0.0263672 0.0205078 0.000262022
11 0.771973 0.567383 0.0478516 0.105469 0.000263214
13 0.233398 0.333008 0.177734 0.130859 0.000265598
9 0.208008 0.422852 0.126953 0.0527344 0.000273705
7 0.239258 0.44873 0.138672 0.124023 0.000274897
7 0.128906 0.494141 0.158203 0.179688 0.000278473
3 0.514648 0.508789 0.242188 0.160156 0.000279903
13 0.744141 0.449219 0.0429688 0.0292969 0.000281096
9 0.0966797 0.578125 0.132812 0.140625 0.000290394
6 0.160156 0.330566 0.111328 0.114258 0.000290632
7 0.175293 0.265137 0.15332 0.241211 0.000290871
5 0.195801 0.424316 0.110352 0.0556641 0.000296593
13 0.167969 0.584961 0.0351562 0.0332031 0.000297785
3 0.845703 0.598633 0.308594 0.263672 0.0002985
13 0.195312 0.26709 0.0976562 0.170898 0.000299215
2 0.554688 0.265137 0.0117188 0.0107422 0.000299931
4 0.17041 0.3125 0.0869141 0.0585938 0.000304699
6 0.168457 0.431641 0.0830078 0.0800781 0.000307083
8 0.25293 0.520996 0.0429688 0.0341797 0.000308752
10 0.111328 0.578125 0.142578 0.113281 0.00030899
9 0.20752 0.399902 0.170898 0.178711 0.00031352
11 0.162598 0.187988 0.0810547 0.110352 0.000315666
7 0.065918 0.565918 0.0439453 0.0810547 0.000315905
9 0.168457 0.431641 0.0830078 0.0800781 0.000317335
10 0.771484 0.567383 0.046875 0.103516 0.000320196
11 0.315918 0.0942383 0.102539 0.0244141 0.000329494
9 0.191895 0.308105 0.161133 0.114258 0.000330448
11 0.381836 0.121094 0.0546875 0.0410156 0.00033927
5 0.195312 0.277344 0.175781 0.271484 0.000341177
13 0.231445 0.419434 0.1875 0.24707 0.000343323
0 0.567383 0.29248 0.251953 0.200195 0.000345469
2 0.556152 0.190918 0.0302734 0.0166016 0.000347376
8 0.698242 0.432129 0.0195312 0.0166016 0.000349998
11 0.601562 0.112793 0.121094 0.0244141 0.000355005
7 0.23584 0.395508 0.192383 0.15625 0.000366449
9 0.225098 0.147949 0.168945 0.118164 0.000375032
9 0.194336 0.406738 0.126953 0.102539 0.000378609
5 0.162598 0.344727 0.129883 0.205078 0.000397205
7 0.160156 0.330566 0.111328 0.114258 0.000404835
13 0.243652 0.481445 0.0634766 0.0371094 0.000405788
11 0.5625 0.132324 0.0507812 0.0283203 0.000409126
8 0.317871 0.470703 0.0322266 0.0253906 0.00041151
4 0.17627 0.417969 0.0947266 0.0957031 0.000413179
13 0.757812 0.459961 0.0332031 0.03125 0.000419378
6 0.256348 0.46582 0.0908203 0.0742188 0.000420809
9 0.704102 0.43457 0.0195312 0.0195312 0.0004251
11 0.168457 0.585938 0.0361328 0.0332031 0.000425577
11 0.562988 0.14209 0.110352 0.0634766 0.00042963
13 0.213379 0.253906 0.19043 0.220703 0.000432491
8 0.163086 0.511719 0.0214844 0.0175781 0.000433445
11 0.0678711 0.526367 0.0478516 0.146484 0.000441074
11 0.606445 0.133301 0.175781 0.0654297 0.00045085
6 0.235352 0.418457 0.179688 0.0732422 0.000454426
11 0.632324 0.125488 0.0966797 0.0458984 0.000457764
5 0.280762 0.304688 0.133789 0.125 0.000463963
13 0.273438 0.280273 0.119141 0.078125 0.000465155
13 0.311523 0.370605 0.0898438 0.106445 0.000468731
8 0.172852 0.279785 0.0117188 0.00878906 0.000469923
9 0.672852 0.508789 0.183594 0.220703 0.00047183
8 0.175781 0.418945 0.0976562 0.0898438 0.000472307
7 0.173828 0.46582 0.148438 0.140625 0.00047946
9 0.0668945 0.571777 0.0576172 0.102539 0.000482559
7 0.225586 0.341797 0.177734 0.142578 0.000489712
11 0.771484 0.636719 0.0703125 0.0800781 0.000490665
7 0.26123 0.118164 0.12793 0.0664062 0.000498772
8 0.705078 0.433594 0.03125 0.0292969 0.000499249
10 0.771484 0.636719 0.0703125 0.0800781 0.000517845
12 0.177734 0.424316 0.0625 0.0458984 0.000524044
7 0.286133 0.303223 0.126953 0.125977 0.000535488
0 0.17627 0.424805 0.0634766 0.046875 0.00053978
11 0.67627 0.145508 0.0654297 0.0566406 0.000549316
6 0.537109 0.252441 0.136719 0.12207 0.000555992
6 0.279297 0.277344 0.171875 0.226562 0.000561714
5 0.191895 0.308105 0.161133 0.114258 0.000564098
8 0.170898 0.312012 0.0898438 0.0595703 0.000571728
2 0.704102 0.43457 0.0195312 0.0195312 0.000586033
13 0.273438 0.298828 0.15625 0.136719 0.000597477
8 0.290527 0.359863 0.135742 0.18457 0.000607014
4 0.537109 0.252441 0.136719 0.12207 0.000610828
8 0.145996 0.463867 0.0166016 0.015625 0.000611305
0 0.229004 0.325195 0.250977 0.267578 0.000611782
13 0.255371 0.469238 0.0810547 0.0654297 0.000613689
7 0.537109 0.252441 0.136719 0.12207 0.000620365
9 0.207031 0.232422 0.201172 0.25 0.000622749
13 0.181152 0.367676 0.143555 0.182617 0.000623226
8 0.227051 0.232422 0.0380859 0.03125 0.000628948
6 0.164062 0.355469 0.138672 0.212891 0.000631809
11 0.279785 0.0986328 0.102539 0.0332031 0.000638008
3 0.17627 0.425781 0.0615234 0.0449219 0.00065279
7 0.223145 0.1875 0.19043 0.173828 0.000669479
8 0.167969 0.588867 0.0585938 0.046875 0.000673771
13 0.18457 0.411133 0.0878906 0.0742188 0.000685215
6 0.311523 0.370605 0.0898438 0.106445 0.00068903
11 0.563965 0.117676 0.102539 0.0361328 0.000697613
11 0.198242 0.187012 0.164062 0.166992 0.00069809
11 0.333008 0.107422 0.0742188 0.0292969 0.00069952
9 0.163574 0.316406 0.0869141 0.0585938 0.000713348
8 0.233887 0.486328 0.0419922 0.0273438 0.000720501
5 0.207031 0.401855 0.144531 0.0947266 0.000726223
5 0.541504 0.250488 0.129883 0.116211 0.000744343
4 0.314453 0.361328 0.0859375 0.0898438 0.000744343
13 0.217773 0.421387 0.169922 0.124023 0.000772953
13 0.20459 0.236816 0.0419922 0.0927734 0.000774384
10 0.0556641 0.590332 0.0527344 0.102539 0.000779629
12 0.537109 0.257812 0.136719 0.132812 0.000781536
2 0.57959 0.236816 0.0263672 0.0244141 0.000788689
9 0.470215 0.273438 0.274414 0.167969 0.000796318
6 0.280762 0.304688 0.133789 0.125 0.000805378
9 0.20166 0.0620117 0.0830078 0.0634766 0.00082159
8 0.308594 0.339844 0.0605469 0.0410156 0.000871181
10 0.752441 0.614258 0.118164 0.140625 0.000880241
7 0.208008 0.427734 0.126953 0.046875 0.000881672
7 0.672852 0.508789 0.183594 0.220703 0.000883579
9 0.169922 0.582031 0.257812 0.111328 0.000889778
4 0.195801 0.424316 0.110352 0.0556641 0.000891685
8 0.252441 0.261719 0.0498047 0.0371094 0.000900745
8 0.121094 0.41748 0.0273438 0.0224609 0.000927925
1 0.537109 0.252441 0.136719 0.12207 0.000949383
6 0.185059 0.394531 0.227539 0.326172 0.000957966
5 0.290527 0.359863 0.135742 0.18457 0.000958443
4 0.290527 0.359863 0.135742 0.18457 0.00096035
7 0.164062 0.418457 0.0390625 0.0341797 0.000963688
13 0.290527 0.359863 0.135742 0.18457 0.000980377
7 0.279297 0.277344 0.171875 0.226562 0.000984192
7 0.256348 0.46582 0.0908203 0.0742188 0.00101566
11 0.17627 0.424805 0.0634766 0.046875 0.00102329
11 0.761719 0.590332 0.0761719 0.102539 0.00103188
11 0.537109 0.252441 0.136719 0.12207 0.00103855
11 0.183105 0.16748 0.0927734 0.0908203 0.00106335
11 0.229004 0.14502 0.0966797 0.0693359 0.00106716
12 0.229004 0.325195 0.250977 0.267578 0.00108051
3 0.229004 0.325195 0.250977 0.267578 0.00108051
6 0.225586 0.341797 0.177734 0.142578 0.00108337
13 0.723633 0.244629 0.0410156 0.0537109 0.00109959
13 0.191406 0.308105 0.15625 0.114258 0.00111485
2 0.54248 0.258789 0.137695 0.132812 0.00114346
9 0.165039 0.59082 0.0644531 0.0488281 0.00115013
9 0.290527 0.359863 0.135742 0.18457 0.00115395
8 0.244141 0.260254 0.0292969 0.0283203 0.00117588
10 0.17627 0.425781 0.0615234 0.0449219 0.00118351
6 0.169434 0.316406 0.0810547 0.0546875 0.00121498
13 0.537109 0.252441 0.136719 0.12207 0.00124741
11 0.29248 0.125 0.21582 0.0898438 0.00128651
8 0.53418 0.251465 0.146484 0.116211 0.00129509
11 0.078125 0.562012 0.0800781 0.100586 0.00129604
5 0.20752 0.399902 0.170898 0.178711 0.0012989
13 0.17041 0.3125 0.0869141 0.0585938 0.0012989
10 0.0708008 0.563965 0.0693359 0.133789 0.00131416
7 0.521484 0.531738 0.480469 0.170898 0.00133419
7 0.168457 0.431641 0.0830078 0.0800781 0.00138474
12 0.521973 0.522949 0.481445 0.174805 0.00141907
8 0.311523 0.331543 0.0410156 0.0322266 0.00142097
6 0.178711 0.40332 0.105469 0.105469 0.00143051
2 0.572754 0.237305 0.0419922 0.0410156 0.00145435
11 0.521973 0.522949 0.481445 0.174805 0.00148201
8 0.258301 0.499512 0.0185547 0.0126953 0.0014925
10 0.761719 0.590332 0.0761719 0.102539 0.00149727
1 0.521973 0.522949 0.481445 0.174805 0.00154686
10 0.538574 0.262207 0.141602 0.139648 0.00155735
5 0.175781 0.425781 0.0605469 0.0449219 0.00160408
11 0.229004 0.325195 0.250977 0.267578 0.00163174
13 0.521973 0.522949 0.481445 0.174805 0.00163269
6 0.521973 0.522949 0.481445 0.174805 0.00165939
2 0.564453 0.242676 0.0800781 0.0947266 0.00169563
11 0.537598 0.139648 0.0751953 0.0449219 0.00170231
2 0.229004 0.325195 0.250977 0.267578 0.00170231
10 0.783203 0.626465 0.0371094 0.0634766 0.00170803
8 0.521973 0.522949 0.481445 0.174805 0.00171089
2 0.521973 0.522949 0.481445 0.174805 0.00171089
4 0.521484 0.531738 0.480469 0.170898 0.00173759
8 0.164062 0.416504 0.0410156 0.0322266 0.00179577
11 0.0625 0.590332 0.0585938 0.0966797 0.00183582
11 0.783203 0.626465 0.0371094 0.0634766 0.00195122
6 0.191406 0.308105 0.15625 0.114258 0.00201035
9 0.311523 0.369629 0.09375 0.108398 0.00204086
7 0.181152 0.367676 0.143555 0.182617 0.00206947
7 0.191406 0.308105 0.15625 0.114258 0.00209045
1 0.176758 0.425293 0.0625 0.0498047 0.00210762
6 0.206055 0.401367 0.160156 0.167969 0.00211906
8 0.158203 0.414551 0.0273438 0.0205078 0.0021286
7 0.185059 0.394531 0.227539 0.326172 0.00219917
1 0.229004 0.325195 0.250977 0.267578 0.00222588
2 0.168457 0.585938 0.0361328 0.0332031 0.00223923
2 0.174316 0.425781 0.0576172 0.0488281 0.00225067
9 0.537109 0.252441 0.136719 0.12207 0.00225449
7 0.169434 0.586426 0.0380859 0.0341797 0.00226212
8 0.111328 0.418945 0.0117188 0.0117188 0.00251961
5 0.521973 0.522949 0.481445 0.174805 0.0025444
7 0.165039 0.312988 0.0878906 0.0595703 0.00254822
6 0.195801 0.424316 0.110352 0.0556641 0.00258827
8 0.226562 0.324219 0.232422 0.251953 0.00269699
9 0.523438 0.522949 0.480469 0.176758 0.00272179
0 0.521484 0.531738 0.480469 0.170898 0.00299454
8 0.123535 0.419434 0.0185547 0.0146484 0.00305557
10 0.521973 0.522949 0.481445 0.174805 0.0030899
10 0.229004 0.325195 0.250977 0.267578 0.00309372
13 0.225586 0.427734 0.154297 0.0390625 0.00312233
3 0.538574 0.262207 0.141602 0.139648 0.00313759
0 0.55127 0.228027 0.100586 0.0732422 0.00328445
11 0.225098 0.147949 0.168945 0.118164 0.00376129
11 0.655273 0.134277 0.0820312 0.0556641 0.00377274
6 0.290527 0.359863 0.135742 0.18457 0.00383759
7 0.195801 0.407715 0.129883 0.0966797 0.00404358
8 0.314453 0.361328 0.0859375 0.0898438 0.00481415
7 0.311523 0.369629 0.09375 0.108398 0.00492096
9 0.228027 0.334961 0.231445 0.244141 0.00497437
9 0.203125 0.0751953 0.0664062 0.03125 0.00518036
7 0.290527 0.359863 0.135742 0.18457 0.00839996
11 0.774902 0.61084 0.0537109 0.0810547 0.00856781
11 0.320312 0.102539 0.125 0.0273438 0.00881195
11 0.361328 0.114746 0.0859375 0.0458984 0.0096283
10 0.774902 0.61084 0.0537109 0.0810547 0.00973511
4 0.226562 0.324219 0.232422 0.251953 0.00990295
8 0.704102 0.43457 0.0195312 0.0195312 0.0101166
11 0.590332 0.126465 0.143555 0.0341797 0.0118179
11 0.261719 0.118164 0.126953 0.0644531 0.0118408
9 0.168945 0.586914 0.0371094 0.0332031 0.0127106
10 0.0654297 0.567383 0.0449219 0.0839844 0.0162506
9 0.178223 0.424316 0.0634766 0.0458984 0.016449
13 0.17334 0.42627 0.0576172 0.0478516 0.0173035
13 0.228027 0.334473 0.229492 0.243164 0.0214844
11 0.065918 0.565918 0.0439453 0.0810547 0.0224152
0 0.470215 0.273438 0.274414 0.167969 0.022934
11 0.311035 0.109863 0.182617 0.0439453 0.0245056
6 0.175781 0.425781 0.0605469 0.0449219 0.0320435
4 0.175781 0.425781 0.0605469 0.0449219 0.0331116
5 0.23584 0.344727 0.239258 0.248047 0.0381165
8 0.167969 0.584961 0.0371094 0.03125 0.0525208
7 0.22998 0.321777 0.231445 0.258789 0.0679321
11 0.553711 0.129395 0.0859375 0.0361328 0.0731812
6 0.22998 0.321777 0.231445 0.258789 0.114197
7 0.177734 0.424316 0.0625 0.0458984 0.139648
8 0.174316 0.42627 0.0576172 0.0478516 0.213013
0 0.538574 0.254883 0.129883 0.126953 0.673828
3 0.521484 0.525879 0.478516 0.165039 0.773926
