0 0.350586 0.92334 0.513672 0.149414 0.000139236
4 0.867188 0.127441 0.253906 0.225586 0.000141501
13 0.63623 0.393555 0.157227 0.177734 0.000141859
11 0.240234 0.498535 0.09375 0.102539 0.000142574
9 0.259766 0.496094 0.09375 0.0429688 0.00014317
9 0.70752 0.661621 0.288086 0.276367 0.00014329
8 0.147461 0.163086 0.289062 0.285156 0.00014329
13 0.601074 0.473633 0.0302734 0.0625 0.000144124
3 0.980469 0.463379 0.0390625 0.157227 0.000144482
5 0.865234 0.123535 0.269531 0.21582 0.000144601
2 0.241699 0.632812 0.131836 0.117188 0.000144601
11 0.575195 0.0117188 0.09375 0.0234375 0.000144958
8 0.278809 0.660156 0.161133 0.126953 0.000145078
1 0.578613 0.286621 0.0888672 0.0361328 0.000145555
2 0.728027 0.631836 0.170898 0.242188 0.000145674
8 0.608887 0.540039 0.0419922 0.0273438 0.000146151
9 0.270996 0.500488 0.139648 0.131836 0.000146747
3 0.592773 0.928223 0.5625 0.143555 0.000148773
8 0.632812 0.42627 0.015625 0.0166016 0.000151277
3 0.346191 0.927246 0.454102 0.145508 0.000151873
1 0.865234 0.123535 0.269531 0.21582 0.000151992
13 0.626953 0.366211 0.0839844 0.111328 0.000154257
13 0.558594 0.424316 0.0683594 0.0751953 0.000154495
9 0.200684 0.691895 0.102539 0.15918 0.00015676
3 0.555176 0.421387 0.0712891 0.0673828 0.000157475
11 0.865234 0.123535 0.269531 0.21582 0.000157952
7 0.0219727 0.418457 0.0400391 0.102539 0.000158191
6 0.239258 0.527832 0.123047 0.288086 0.000159144
8 0.281738 0.536133 0.0283203 0.0175781 0.000160098
0 0.560059 0.445312 0.0419922 0.0722656 0.000164747
8 0.723633 0.536133 0.0175781 0.015625 0.000164866
11 0.643066 0.0126953 0.0810547 0.0253906 0.000165462
13 0.962891 0.375488 0.0644531 0.0283203 0.000165701
7 0.247559 0.565918 0.110352 0.0693359 0.000167131
7 0.265625 0.499023 0.0292969 0.0234375 0.000169039
11 0.410645 0.300293 0.0517578 0.0419922 0.000169039
13 0.632812 0.454102 0.0898438 0.0820312 0.000171065
3 0.867188 0.127441 0.253906 0.225586 0.000172377
13 0.718262 0.64502 0.0439453 0.0263672 0.000173688
8 0.784668 0.167969 0.430664 0.269531 0.000175118
2 0.557129 0.419434 0.0673828 0.0654297 0.000176191
8 0.0141602 0.268066 0.0283203 0.0439453 0.000177264
9 0.23291 0.493164 0.0322266 0.0234375 0.000177622
11 0.15332 0.79834 0.0488281 0.0751953 0.000178337
8 0.865234 0.123535 0.269531 0.21582 0.000178456
4 0.752441 0.645508 0.0908203 0.103516 0.000179172
9 0.286621 0.508789 0.0830078 0.0332031 0.000180483
9 0.214355 0.597168 0.100586 0.168945 0.00018239
7 0.294922 0.520996 0.101562 0.0576172 0.000182986
0 0.646484 0.949707 0.162109 0.100586 0.000184298
12 0.756348 0.680664 0.116211 0.183594 0.000185609
9 0.263184 0.497559 0.0400391 0.0224609 0.000186324
4 0.784668 0.167969 0.430664 0.269531 0.000187159
5 0.223145 0.618652 0.0849609 0.0771484 0.000187874
0 0.294434 0.933105 0.24707 0.129883 0.000188112
1 0.784668 0.167969 0.430664 0.269531 0.000188112
7 0.784668 0.167969 0.430664 0.269531 0.000188947
2 0.147461 0.163086 0.289062 0.285156 0.000192285
2 0.560059 0.445312 0.0419922 0.0722656 0.000194073
10 0.15332 0.79834 0.0488281 0.0751953 0.000194788
9 0.175781 0.732422 0.0683594 0.128906 0.000195026
13 0.232422 0.537598 0.0976562 0.100586 0.000196099
7 0.223145 0.600098 0.0732422 0.0498047 0.000196934
13 0.216797 0.535645 0.0488281 0.0322266 0.000197291
9 0.921875 0.387695 0.152344 0.197266 0.000198007
7 0.270996 0.500488 0.139648 0.131836 0.000198245
8 0.326172 0.55127 0.0546875 0.0341797 0.000204921
8 0.62793 0.588867 0.0683594 0.0898438 0.000207067
13 0.283691 0.507324 0.0498047 0.0244141 0.000209451
6 0.143066 0.155762 0.27832 0.270508 0.000210404
10 0.236816 0.641113 0.137695 0.141602 0.000211835
6 0.736328 0.637207 0.123047 0.141602 0.0002141
7 0.564453 0.309082 0.078125 0.0771484 0.000216365
9 0.558594 0.424316 0.0683594 0.0751953 0.000216484
11 0.147461 0.163086 0.289062 0.285156 0.000217676
13 0.604004 0.338379 0.0791016 0.0849609 0.000224113
8 0.266602 0.500977 0.0273438 0.0175781 0.000225306
11 0.385254 0.276855 0.0947266 0.0244141 0.000226855
9 0.716309 0.509766 0.0439453 0.0332031 0.000228643
0 0.544922 0.436035 0.0507812 0.0634766 0.000231504
9 0.606934 0.500977 0.0146484 0.0117188 0.00023222
11 0.345215 0.00634766 0.0517578 0.0126953 0.000235558
4 0.632324 0.599121 0.0673828 0.0791016 0.00023675
2 0.562012 0.448242 0.0166016 0.015625 0.000237226
11 0.371582 0.00634766 0.0517578 0.0126953 0.000239015
10 0.632324 0.00732422 0.0439453 0.0146484 0.00024581
8 0.23291 0.599609 0.0654297 0.0488281 0.000246048
3 0.552246 0.717773 0.217773 0.121094 0.000249386
11 0.591309 0.281738 0.0517578 0.0185547 0.000249624
11 0.784668 0.167969 0.430664 0.269531 0.000255346
8 0.372559 0.45459 0.0263672 0.0224609 0.000257492
7 0.175293 0.734375 0.0595703 0.109375 0.000259161
11 0.181641 0.711914 0.0664062 0.126953 0.000262976
2 0.784668 0.167969 0.430664 0.269531 0.000264645
7 0.0200195 0.386719 0.0380859 0.0253906 0.00026536
9 0.665527 0.643555 0.192383 0.167969 0.00026989
7 0.310059 0.670898 0.141602 0.111328 0.000272751
12 0.728027 0.631836 0.170898 0.242188 0.000276089
9 0.415039 0.408203 0.0605469 0.138672 0.000276327
9 0.0205078 0.389648 0.0371094 0.0273438 0.000277758
3 0.225586 0.618164 0.0839844 0.078125 0.000284672
0 0.225586 0.616699 0.0820312 0.0771484 0.000285387
7 0.317383 0.605469 0.152344 0.226562 0.000291348
13 0.275391 0.543945 0.113281 0.0839844 0.00029254
8 0.253906 0.527344 0.0195312 0.0175781 0.000294209
13 0.277344 0.553711 0.175781 0.152344 0.000295401
11 0.563477 0.321777 0.0859375 0.112305 0.000296354
3 0.178711 0.29541 0.357422 0.438477 0.000297546
4 0.272461 0.570312 0.189453 0.224609 0.000298023
13 0.0209961 0.405273 0.0380859 0.0625 0.0002985
10 0.379883 0.00976562 0.0683594 0.0195312 0.000299931
9 0.724121 0.516602 0.163086 0.302734 0.000302792
13 0.60791 0.461914 0.0498047 0.0742188 0.000310421
8 0.632812 0.42627 0.00976562 0.00878906 0.00031209
7 0.264648 0.717285 0.212891 0.141602 0.000312328
13 0.221191 0.55127 0.0712891 0.0283203 0.000318289
11 0.609863 0.00537109 0.0380859 0.0107422 0.000320435
11 0.623047 0.00634766 0.0390625 0.0126953 0.000321627
2 0.867188 0.127441 0.253906 0.225586 0.000321865
7 0.273438 0.561035 0.146484 0.116211 0.000324726
3 0.784668 0.167969 0.430664 0.269531 0.000339985
13 0.266602 0.500977 0.0273438 0.0175781 0.0003407
10 0.223633 0.618652 0.0917969 0.0810547 0.000347376
9 0.981934 0.0126953 0.0146484 0.0195312 0.000351429
10 0.253906 0.76416 0.216797 0.102539 0.000356436
3 0.150879 0.134277 0.270508 0.245117 0.000365019
11 0.651855 0.288574 0.0654297 0.0361328 0.000365019
9 0.275879 0.510742 0.21582 0.328125 0.000366211
13 0.23291 0.492676 0.0966797 0.12207 0.000366211
5 0.784668 0.167969 0.430664 0.269531 0.000368595
1 0.227539 0.633789 0.121094 0.136719 0.000372648
10 0.609863 0.00634766 0.0439453 0.0126953 0.000373125
6 0.541016 0.436523 0.101562 0.101562 0.000373602
10 0.358398 0.00976562 0.0449219 0.0195312 0.000379086
11 0.819824 0.779785 0.0400391 0.0595703 0.000385284
7 0.283203 0.506348 0.246094 0.430664 0.000386477
11 0.244141 0.669922 0.167969 0.162109 0.000386477
4 0.540527 0.439941 0.102539 0.110352 0.000390291
13 0.23877 0.526855 0.12207 0.27832 0.000393391
11 0.223633 0.618652 0.0917969 0.0810547 0.000401258
2 0.225586 0.616699 0.0839844 0.0771484 0.000409603
13 0.24707 0.555664 0.103516 0.0546875 0.000410795
10 0.819824 0.779785 0.0400391 0.0595703 0.000413895
6 0.285645 0.566895 0.186523 0.211914 0.000421286
7 0.541016 0.436523 0.101562 0.101562 0.000426531
7 0.412598 0.435059 0.0634766 0.145508 0.000428915
11 0.759766 0.674805 0.113281 0.181641 0.000428915
9 0.460449 0.591309 0.166992 0.397461 0.000432968
6 0.784668 0.167969 0.430664 0.269531 0.000434875
9 0.225098 0.498047 0.0380859 0.03125 0.000435114
10 0.608887 0.0180664 0.0537109 0.0361328 0.000436783
7 0.638672 0.601562 0.046875 0.0507812 0.000439882
8 0.637207 0.522461 0.0244141 0.0214844 0.000453711
8 0.334961 0.555664 0.0253906 0.0175781 0.000461102
11 0.361328 0.0102539 0.046875 0.0205078 0.000464678
1 0.756348 0.680176 0.116211 0.18457 0.000470638
13 0.717285 0.644043 0.137695 0.112305 0.000498295
13 0.269043 0.496582 0.0771484 0.0458984 0.000504017
11 0.727051 0.625977 0.166992 0.248047 0.000504971
10 0.720703 0.617676 0.173828 0.245117 0.000508308
13 0.147461 0.163086 0.289062 0.285156 0.000518322
9 0.723633 0.503418 0.0585938 0.0615234 0.000519753
13 0.227539 0.633789 0.121094 0.136719 0.000525951
9 0.257812 0.712402 0.214844 0.196289 0.000534058
11 0.365723 0.281738 0.0517578 0.0146484 0.000538349
12 0.540527 0.439941 0.102539 0.110352 0.00055027
9 0.225586 0.493652 0.0585938 0.0576172 0.000551224
13 0.759766 0.674805 0.113281 0.181641 0.000562668
9 0.73291 0.484863 0.0966797 0.145508 0.000563622
9 0.65332 0.605957 0.128906 0.15918 0.000563622
11 0.353516 0.27832 0.0507812 0.015625 0.000582218
6 0.865234 0.123535 0.269531 0.21582 0.000586987
10 0.182129 0.711426 0.0654297 0.125977 0.000595093
9 0.228516 0.647461 0.128906 0.140625 0.000598907
13 0.267578 0.498047 0.0429688 0.0234375 0.000610352
9 0.47998 0.484375 0.198242 0.208984 0.000611305
1 0.540527 0.439941 0.102539 0.110352 0.000620842
5 0.759766 0.674805 0.113281 0.181641 0.000633717
13 0.307617 0.524414 0.117188 0.0644531 0.000634193
11 0.595703 0.316895 0.103516 0.0771484 0.000652313
11 0.397949 0.291016 0.0634766 0.0253906 0.000653267
7 0.200684 0.691895 0.102539 0.15918 0.000668049
7 0.55127 0.699707 0.418945 0.157227 0.000669003
13 0.540527 0.439941 0.102539 0.110352 0.000676632
11 0.293457 0.308594 0.0595703 0.0507812 0.000687122
8 0.541504 0.436035 0.100586 0.102539 0.000696182
11 0.608887 0.0180664 0.0537109 0.0361328 0.000704765
9 0.074707 0.678711 0.0947266 0.226562 0.000705242
7 0.672363 0.632812 0.155273 0.121094 0.000709057
9 0.625 0.589355 0.0742188 0.0888672 0.000726223
8 0.55127 0.699707 0.418945 0.157227 0.000737667
6 0.55127 0.699707 0.418945 0.157227 0.000740051
11 0.55127 0.699707 0.418945 0.157227 0.000742912
1 0.728027 0.631836 0.170898 0.242188 0.000747204
5 0.540527 0.439941 0.102539 0.110352 0.000751495
9 0.963379 0.383789 0.0654297 0.0351562 0.0007658
1 0.55127 0.699707 0.418945 0.157227 0.000766277
12 0.55127 0.699707 0.418945 0.157227 0.000772476
4 0.55127 0.699707 0.418945 0.157227 0.000787258
13 0.867188 0.127441 0.253906 0.225586 0.000789165
2 0.55127 0.699707 0.418945 0.157227 0.000790596
11 0.162598 0.771973 0.0517578 0.0908203 0.000791073
11 0.540527 0.439941 0.102539 0.110352 0.000800133
11 0.186523 0.740723 0.103516 0.143555 0.000806808
8 0.280762 0.53418 0.0166016 0.0136719 0.000812531
11 0.601562 0.276855 0.0585938 0.0146484 0.00084877
7 0.257324 0.438965 0.165039 0.219727 0.000873089
10 0.162598 0.771973 0.0517578 0.0908203 0.000914574
13 0.55127 0.699707 0.418945 0.157227 0.000916481
10 0.540527 0.439941 0.102539 0.110352 0.000938416
10 0.263672 0.705566 0.208984 0.172852 0.000938892
11 0.349609 0.274902 0.078125 0.0244141 0.000956059
11 0.375977 0.289551 0.103516 0.0439453 0.000961304
13 0.784668 0.167969 0.430664 0.269531 0.00096941
7 0.650391 0.617676 0.0878906 0.0947266 0.000976086
11 0.625977 0.281738 0.0996094 0.0283203 0.000984192
8 0.641602 0.604492 0.0527344 0.0625 0.000994682
11 0.55127 0.309082 0.0576172 0.0751953 0.00100803
2 0.541504 0.436035 0.100586 0.102539 0.00104523
5 0.55127 0.699707 0.418945 0.157227 0.00108719
8 0.60791 0.317871 0.0166016 0.0166016 0.00111485
4 0.226074 0.615234 0.116211 0.148438 0.00111771
1 0.223633 0.618652 0.0917969 0.0810547 0.00112629
13 0.960449 0.386719 0.0751953 0.0410156 0.00117016
10 0.753906 0.669922 0.121094 0.203125 0.00118446
13 0.728027 0.631836 0.170898 0.242188 0.00123596
11 0.319336 0.297852 0.0976562 0.0605469 0.0012455
11 0.598633 0.00830078 0.0683594 0.0166016 0.00125504
9 0.540527 0.439941 0.102539 0.110352 0.00129128
0 0.271973 0.621094 0.202148 0.232422 0.00130367
10 0.59082 0.0117188 0.0761719 0.0234375 0.00134468
6 0.227539 0.633789 0.121094 0.136719 0.00134468
0 0.483398 0.493164 0.214844 0.216797 0.00135326
8 0.755859 0.676758 0.117188 0.191406 0.00143623
0 0.55127 0.699707 0.418945 0.157227 0.00146008
9 0.245605 0.481445 0.135742 0.230469 0.00146103
3 0.273926 0.612305 0.202148 0.236328 0.00146389
8 0.606934 0.500977 0.0146484 0.0117188 0.00147724
13 0.286621 0.508789 0.0830078 0.0332031 0.00149155
10 0.552246 0.710449 0.418945 0.157227 0.00151539
11 0.668945 0.29541 0.0664062 0.0478516 0.00165462
8 0.727051 0.625977 0.166992 0.248047 0.00166321
9 0.55127 0.706055 0.418945 0.132812 0.00168419
11 0.608398 0.288086 0.148438 0.0449219 0.00173855
7 0.23291 0.47998 0.102539 0.149414 0.00180531
7 0.736328 0.637207 0.123047 0.141602 0.00193596
12 0.273926 0.612305 0.202148 0.236328 0.00196838
2 0.273926 0.612305 0.202148 0.236328 0.00208664
9 0.650391 0.617676 0.0878906 0.0947266 0.00208855
5 0.727051 0.625977 0.166992 0.248047 0.00209999
11 0.558594 0.291992 0.0605469 0.0410156 0.00213623
7 0.272461 0.570312 0.189453 0.224609 0.00217056
8 0.328125 0.558594 0.015625 0.0136719 0.00217438
10 0.186523 0.740723 0.103516 0.143555 0.00218201
3 0.540527 0.439941 0.102539 0.110352 0.00234032
13 0.223633 0.618652 0.0917969 0.0810547 0.00240517
10 0.617676 0.0117188 0.0419922 0.0234375 0.00296974
11 0.273926 0.612305 0.202148 0.236328 0.00302887
9 0.224609 0.618164 0.0917969 0.0820312 0.00304604
9 0.23291 0.493652 0.0986328 0.102539 0.003088
6 0.759766 0.674805 0.113281 0.181641 0.00341034
11 0.617676 0.0117188 0.0419922 0.0234375 0.00345039
7 0.226074 0.615234 0.116211 0.148438 0.00361824
11 0.341309 0.285645 0.0966797 0.0341797 0.00400925
11 0.172852 0.744629 0.0585938 0.102539 0.00417709
7 0.632324 0.599121 0.0673828 0.0791016 0.00458145
6 0.223633 0.618652 0.0917969 0.0810547 0.00462723
13 0.0200195 0.388672 0.0361328 0.0253906 0.004673
11 0.376953 0.286621 0.0800781 0.0224609 0.00484848
9 0.725586 0.622559 0.167969 0.245117 0.00501251
4 0.727051 0.625977 0.166992 0.248047 0.00541306
8 0.241699 0.632812 0.131836 0.117188 0.00569916
3 0.547363 0.712891 0.432617 0.257812 0.00576782
1 0.271973 0.623535 0.208008 0.219727 0.00585938
10 0.172852 0.744629 0.0585938 0.102539 0.00593567
4 0.755859 0.676758 0.117188 0.191406 0.00611115
11 0.577148 0.299316 0.09375 0.0595703 0.0061264
5 0.273926 0.612305 0.202148 0.236328 0.00795746
9 0.753906 0.67041 0.119141 0.200195 0.00852203
10 0.271973 0.621094 0.202148 0.232422 0.00966644
6 0.728027 0.631836 0.170898 0.242188 0.00992584
9 0.271973 0.623535 0.208008 0.219727 0.0102005
0 0.519043 0.455078 0.147461 0.150391 0.0103836
11 0.601074 0.277832 0.104492 0.0185547 0.0115891
4 0.224609 0.618164 0.0917969 0.0820312 0.0119553
8 0.271973 0.623535 0.208008 0.219727 0.0125427
13 0.274414 0.637695 0.207031 0.181641 0.0139465
9 0.63916 0.604004 0.0517578 0.0615234 0.0216064
0 0.557617 0.42041 0.0644531 0.0673828 0.0292511
11 0.362305 0.280762 0.09375 0.0205078 0.0379028
7 0.756348 0.680176 0.116211 0.18457 0.0386963
8 0.225586 0.616699 0.0839844 0.0771484 0.0401611
11 0.580078 0.283691 0.0878906 0.0283203 0.046814
7 0.224609 0.618164 0.0917969 0.0820312 0.0490723
7 0.728027 0.631836 0.170898 0.242188 0.0629883
6 0.273438 0.637207 0.207031 0.180664 0.0830688
4 0.271973 0.646973 0.208008 0.163086 0.0855713
7 0.271484 0.646973 0.208984 0.163086 0.313477
0 0.541016 0.433594 0.101562 0.0957031 0.648926
3 0.549316 0.704102 0.411133 0.115234 0.690918
