11 0.0078125 0.640137 0.015625 0.0908203 0.000159621
6 0.723145 0.607422 0.0732422 0.0683594 0.00015986
3 0.184082 0.0693359 0.260742 0.128906 0.00016129
9 0.59375 0.230469 0.0820312 0.0253906 0.000162959
10 0.00976562 0.541016 0.0195312 0.162109 0.000163317
11 0.345215 0.248047 0.172852 0.09375 0.000163913
9 0.492188 0.705078 0.193359 0.3125 0.000164032
10 0.012207 0.958984 0.0224609 0.0761719 0.000164509
11 0.98877 0.57666 0.0224609 0.0712891 0.000164628
3 0.929688 0.855957 0.119141 0.254883 0.000165462
13 0.570801 0.376465 0.114258 0.147461 0.000166297
13 0.766113 0.626953 0.0302734 0.0683594 0.000166655
9 0.203613 0.67627 0.0908203 0.100586 0.000166893
10 0.980469 0.0561523 0.0390625 0.0888672 0.000167966
10 0.994629 0.0327148 0.0107422 0.0478516 0.000170827
1 0.592285 0.233887 0.0849609 0.0283203 0.0001719
10 0.437012 0.242676 0.0439453 0.0888672 0.000172019
2 0.580566 0.315918 0.0576172 0.0966797 0.000172853
10 0.0078125 0.687988 0.015625 0.102539 0.000173569
3 0.535156 0.40918 0.207031 0.160156 0.000173926
11 0.980469 0.0561523 0.0390625 0.0888672 0.000176191
10 0.782227 0.853027 0.0390625 0.0595703 0.00017786
11 0.990723 0.543457 0.0185547 0.104492 0.000180006
11 0.994629 0.972656 0.0107422 0.0488281 0.000181556
8 0.245605 0.595215 0.0107422 0.0107422 0.000181913
7 0.556641 0.28125 0.0273438 0.0839844 0.000182271
9 0.4375 0.40332 0.0195312 0.03125 0.000182509
7 0.895508 0.101562 0.150391 0.181641 0.000182748
11 0.994629 0.0898438 0.0107422 0.0546875 0.000183344
11 0.012207 0.660156 0.0224609 0.121094 0.000183582
11 0.592285 0.238281 0.0517578 0.0273438 0.00018394
9 0.580566 0.315918 0.0576172 0.0966797 0.000184298
12 0.745605 0.619629 0.0498047 0.0478516 0.000184774
11 0.294434 0.243164 0.0478516 0.0449219 0.000186205
8 0.332031 0.591309 0.0546875 0.0458984 0.000186443
4 0.541504 0.629883 0.338867 0.109375 0.000187278
10 0.0146484 0.157715 0.0292969 0.31543 0.000187278
6 0.137207 0.0688477 0.157227 0.137695 0.000188351
11 0.00927734 0.959961 0.0185547 0.0761719 0.00018847
10 0.0214844 0.702148 0.0410156 0.142578 0.000188708
11 0.0209961 0.629883 0.0400391 0.136719 0.000188828
11 0.00878906 0.994629 0.0136719 0.0107422 0.000188828
3 0.226074 0.0458984 0.413086 0.0917969 0.000192165
13 0.540527 0.302246 0.0498047 0.106445 0.000193357
1 0.4375 0.242676 0.0429688 0.0888672 0.000193954
10 0.0126953 0.441406 0.0214844 0.158203 0.000195026
9 0.0180664 0.366699 0.0341797 0.401367 0.000195742
3 0.214355 0.189453 0.366211 0.316406 0.000196934
3 0.739746 0.633789 0.0537109 0.0664062 0.000197172
10 0.012207 0.803223 0.0224609 0.112305 0.000198841
11 0.994629 0.0541992 0.0107422 0.0556641 0.000199676
11 0.41748 0.202148 0.0615234 0.0292969 0.000201583
5 0.734863 0.625488 0.0458984 0.0380859 0.000202179
10 0.845703 0.224609 0.308594 0.410156 0.000202179
5 0.875488 0.090332 0.204102 0.161133 0.000205278
7 0.541504 0.622559 0.338867 0.108398 0.00020659
9 0.556641 0.28125 0.0273438 0.0839844 0.000207782
2 0.553711 0.277344 0.0410156 0.0917969 0.000209451
9 0.220703 0.519043 0.03125 0.0302734 0.000211
13 0.602539 0.335449 0.0332031 0.0654297 0.000212431
13 0.595215 0.304688 0.0927734 0.125 0.000213265
8 0.203125 0.543945 0.00976562 0.0078125 0.000213742
6 0.541504 0.629883 0.338867 0.109375 0.000213861
13 0.604004 0.361328 0.0732422 0.117188 0.000214696
13 0.390137 0.392578 0.0244141 0.0234375 0.000216722
11 0.357422 0.210938 0.0566406 0.0195312 0.000217795
10 0.991699 0.00976562 0.0146484 0.0175781 0.000218153
11 0.164062 0.708496 0.0253906 0.0380859 0.00021863
10 0.00878906 0.994629 0.0136719 0.0107422 0.00022018
9 0.28418 0.563965 0.201172 0.137695 0.000221252
10 0.0639648 0.934082 0.0576172 0.108398 0.000221848
10 0.766113 0.816895 0.0693359 0.147461 0.000225544
10 0.0234375 0.561035 0.0429688 0.211914 0.00022614
10 0.992676 0.562988 0.0126953 0.0712891 0.000229955
11 0.994629 0.580078 0.00878906 0.0507812 0.000230074
13 0.446289 0.26709 0.0527344 0.12793 0.000231624
9 0.569336 0.241699 0.0507812 0.0439453 0.000235796
11 0.593262 0.222168 0.0810547 0.0224609 0.000236154
8 0.541504 0.629883 0.338867 0.109375 0.00023675
3 0.821289 0.254395 0.357422 0.418945 0.000237465
9 0.566895 0.279297 0.110352 0.15625 0.000240564
11 0.42627 0.263184 0.0634766 0.125977 0.000242472
5 0.0205078 0.390137 0.0410156 0.518555 0.000243068
12 0.0205078 0.413086 0.0410156 0.525391 0.000243187
1 0.741699 0.623535 0.0517578 0.0458984 0.000245333
11 0.00634766 0.991211 0.0107422 0.0175781 0.000248194
1 0.539551 0.625977 0.336914 0.105469 0.000248909
7 0.586914 0.234863 0.0742188 0.0322266 0.000254154
2 0.740234 0.638672 0.0488281 0.0566406 0.000255108
0 0.0766602 0.942383 0.0732422 0.111328 0.000257015
10 0.015625 0.495117 0.03125 0.277344 0.000258446
13 0.645996 0.602051 0.116211 0.0732422 0.000261545
9 0.563477 0.260254 0.0527344 0.0810547 0.000261545
10 0.991699 0.985352 0.0126953 0.0292969 0.000263453
11 0.994629 0.0327148 0.0107422 0.0478516 0.000264406
10 0.164062 0.708496 0.0253906 0.0380859 0.000267506
10 0.012207 0.719727 0.0224609 0.126953 0.000268698
10 0.00830078 0.0078125 0.0146484 0.015625 0.000269651
11 0.263184 0.276367 0.0771484 0.101562 0.000272751
11 0.436035 0.222656 0.0400391 0.0390625 0.000272989
11 0.981934 0.985352 0.0341797 0.0292969 0.000273228
9 0.560547 0.305664 0.046875 0.107422 0.000277996
11 0.404785 0.239258 0.100586 0.078125 0.000279903
13 0.134277 0.065918 0.157227 0.131836 0.000280142
10 0.00927734 0.768066 0.0185547 0.110352 0.00028038
10 0.0209961 0.773926 0.0419922 0.12207 0.000281334
10 0.995605 0.993652 0.00683594 0.0126953 0.000281572
4 0.706543 0.62793 0.135742 0.107422 0.000282764
13 0.721191 0.605469 0.0927734 0.0878906 0.000282764
13 0.422852 0.29248 0.0625 0.147461 0.000283241
9 0.460938 0.241699 0.0722656 0.0966797 0.00028348
6 0.28418 0.563965 0.201172 0.137695 0.000284433
13 0.92627 0.896973 0.12793 0.206055 0.00028491
6 0.923828 0.897461 0.125 0.185547 0.000287533
11 0.012207 0.991699 0.0185547 0.0146484 0.000288963
5 0.310059 0.506348 0.180664 0.24707 0.000289679
7 0.274902 0.560547 0.18457 0.140625 0.000292301
7 0.0239258 0.413086 0.0478516 0.542969 0.000294209
9 0.554199 0.672363 0.325195 0.147461 0.000305653
0 0.497559 0.372559 0.141602 0.15918 0.000310421
13 0.586914 0.234863 0.0742188 0.0322266 0.000310898
9 0.692871 0.675781 0.172852 0.132812 0.000311136
10 0.991699 0.59082 0.0126953 0.0390625 0.000312567
13 0.706543 0.62793 0.135742 0.107422 0.000315905
7 0.220703 0.519043 0.03125 0.0302734 0.000319004
9 0.0302734 0.438965 0.0605469 0.567383 0.000319719
13 0.411133 0.290527 0.0390625 0.0556641 0.000320435
7 0.569336 0.241699 0.0507812 0.0439453 0.000324249
7 0.34082 0.550781 0.115234 0.126953 0.000324726
5 0.927734 0.888672 0.128906 0.21875 0.000327587
10 0.0078125 0.640137 0.015625 0.0908203 0.000332355
11 0.541992 0.623047 0.339844 0.117188 0.000337601
7 0.450195 0.280273 0.0566406 0.169922 0.000337839
11 0.995605 0.993652 0.00683594 0.0126953 0.000339031
11 0.991699 0.00976562 0.0146484 0.0175781 0.000339508
2 0.541504 0.629883 0.338867 0.109375 0.000345707
9 0.669922 0.640137 0.261719 0.151367 0.000352859
10 0.752441 0.612305 0.0361328 0.0332031 0.00035429
6 0.743652 0.654297 0.0654297 0.0917969 0.000356436
8 0.696289 0.643555 0.0917969 0.046875 0.000359535
10 0.00830078 0.974121 0.0166016 0.0478516 0.000359774
13 0.731934 0.633301 0.0458984 0.0576172 0.000367403
11 0.00830078 0.0078125 0.0146484 0.015625 0.000369787
11 0.26709 0.26416 0.0400391 0.0419922 0.000372171
8 0.682617 0.60498 0.0371094 0.0283203 0.000378609
10 0.981934 0.985352 0.0341797 0.0292969 0.000380278
10 0.540039 0.626465 0.335938 0.106445 0.0003829
12 0.541504 0.629883 0.338867 0.109375 0.000383854
11 0.991699 0.985352 0.0126953 0.0292969 0.000386477
10 0.012207 0.660156 0.0224609 0.121094 0.000390053
11 0.384766 0.207031 0.0488281 0.0136719 0.00039196
7 0.0180664 0.386719 0.0341797 0.339844 0.000392914
13 0.541504 0.629883 0.338867 0.109375 0.000396252
10 0.0209961 0.629883 0.0400391 0.136719 0.00040102
9 0.520508 0.273438 0.115234 0.136719 0.000403643
7 0.927734 0.888672 0.128906 0.21875 0.000404358
11 0.991699 0.590332 0.0126953 0.0341797 0.000406981
0 0.524902 0.372559 0.0888672 0.0771484 0.000408649
9 0.496582 0.206543 0.15918 0.387695 0.000412941
12 0.0585938 0.441895 0.111328 0.708008 0.000415087
12 0.734375 0.626953 0.0703125 0.078125 0.000419617
5 0.693359 0.512207 0.136719 0.270508 0.000428677
11 0.00732422 0.972168 0.0126953 0.0458984 0.000432253
9 0.766113 0.808105 0.0576172 0.141602 0.000449419
6 0.541016 0.396973 0.103516 0.124023 0.000457287
5 0.541504 0.629883 0.338867 0.109375 0.000463247
9 0.927734 0.888672 0.128906 0.21875 0.000464916
10 0.0356445 0.460938 0.0712891 0.505859 0.000466824
4 0.745605 0.650391 0.0654297 0.0820312 0.00047183
11 0.992676 0.562988 0.0126953 0.0712891 0.000472784
7 0.723145 0.607422 0.0732422 0.0683594 0.000473022
8 0.691406 0.642578 0.0429688 0.0253906 0.000475407
4 0.541992 0.396484 0.0996094 0.121094 0.000486135
10 0.995605 0.986816 0.00878906 0.0263672 0.000488281
2 0.753418 0.609863 0.0361328 0.0341797 0.000488758
7 0.541016 0.396973 0.103516 0.124023 0.000498295
6 0.852539 0.109863 0.255859 0.18457 0.00050354
7 0.473145 0.341309 0.0888672 0.282227 0.000509739
13 0.88916 0.0976562 0.176758 0.195312 0.000515461
2 0.745117 0.621094 0.046875 0.0546875 0.000518799
8 0.745117 0.616699 0.0449219 0.0380859 0.000529766
5 0.745117 0.616699 0.0449219 0.0380859 0.000531673
7 0.54834 0.276367 0.0498047 0.101562 0.000562191
10 0.0141602 0.347656 0.0263672 0.263672 0.000563145
1 0.751465 0.611328 0.0400391 0.0332031 0.000565529
8 0.726074 0.633789 0.0830078 0.0996094 0.00056982
11 0.995605 0.986816 0.00878906 0.0263672 0.00056982
13 0.662598 0.608887 0.0947266 0.0380859 0.000571251
11 0.289062 0.253906 0.09375 0.0820312 0.000571728
5 0.706055 0.620117 0.134766 0.107422 0.000576973
13 0.579102 0.268555 0.0761719 0.0996094 0.000582218
13 0.568848 0.335449 0.0166016 0.0419922 0.000595093
9 0.516113 0.573242 0.276367 0.232422 0.000596046
0 0.57666 0.412109 0.21582 0.166016 0.000602722
13 0.430176 0.250488 0.0576172 0.100586 0.00060606
9 0.470703 0.507812 0.09375 0.265625 0.00062561
13 0.556152 0.258789 0.0361328 0.0625 0.00063467
11 0.567383 0.236816 0.0351562 0.0283203 0.000640869
11 0.559082 0.255371 0.0419922 0.0595703 0.000657558
7 0.737793 0.650879 0.106445 0.131836 0.000663757
0 0.541504 0.629883 0.338867 0.109375 0.000676155
9 0.268066 0.679688 0.227539 0.117188 0.000685692
11 0.334961 0.228027 0.121094 0.0556641 0.000695229
10 0.990234 0.993164 0.0136719 0.0136719 0.000697613
8 0.221191 0.519531 0.0302734 0.0292969 0.000712872
10 0.984375 0.993164 0.0273438 0.0136719 0.000728607
12 0.541016 0.396973 0.103516 0.124023 0.000733376
13 0.597656 0.32666 0.0585938 0.0908203 0.000754833
0 0.543945 0.390625 0.0644531 0.0859375 0.000770569
9 0.753906 0.609863 0.0332031 0.0302734 0.000777721
1 0.541016 0.396973 0.103516 0.124023 0.000780582
11 0.609375 0.224609 0.0527344 0.015625 0.000788689
11 0.387207 0.212402 0.120117 0.0419922 0.000794411
13 0.57959 0.335449 0.0380859 0.0537109 0.000803471
0 0.475586 0.44873 0.136719 0.467773 0.000819206
8 0.258301 0.445801 0.0146484 0.0166016 0.000823498
9 0.741699 0.645508 0.0791016 0.115234 0.000840187
5 0.541992 0.398926 0.103516 0.125977 0.000889778
13 0.541016 0.396973 0.103516 0.124023 0.000894547
11 0.556641 0.263184 0.0585938 0.0966797 0.000899315
9 0.0639648 0.446777 0.112305 0.473633 0.000915527
13 0.763184 0.601562 0.0400391 0.0410156 0.000929356
11 0.541016 0.396973 0.103516 0.124023 0.000963211
13 0.591797 0.335449 0.0273438 0.0576172 0.000985146
11 0.0078125 0.985352 0.015625 0.0292969 0.00100517
11 0.0244141 0.362305 0.0488281 0.455078 0.00102043
10 0.0078125 0.989258 0.015625 0.0195312 0.00103569
11 0.230957 0.314941 0.0302734 0.0439453 0.00114632
10 0.541016 0.396973 0.103516 0.124023 0.00115299
13 0.554688 0.259766 0.0195312 0.0371094 0.00117016
11 0.991211 0.993164 0.0136719 0.0136719 0.00118732
4 0.741699 0.623535 0.0517578 0.0458984 0.00122547
3 0.543945 0.608887 0.371094 0.260742 0.00123692
13 0.729004 0.606934 0.0673828 0.0537109 0.00124454
9 0.70752 0.633789 0.137695 0.115234 0.00125599
8 0.541992 0.401367 0.103516 0.125 0.00128269
2 0.541016 0.396973 0.103516 0.124023 0.00134754
9 0.490234 0.386719 0.166016 0.210938 0.00135326
9 0.734863 0.625488 0.0458984 0.0380859 0.00138283
9 0.456543 0.585449 0.135742 0.280273 0.00138569
6 0.753418 0.609863 0.0361328 0.0341797 0.0013895
11 0.984375 0.993164 0.0273438 0.0136719 0.00140953
10 0.73877 0.628418 0.0634766 0.0732422 0.00141811
11 0.751465 0.611328 0.0400391 0.0332031 0.00144672
11 0.76709 0.822754 0.0595703 0.0869141 0.00146484
11 0.587402 0.250488 0.100586 0.0771484 0.00147438
9 0.4375 0.24707 0.0527344 0.0996094 0.00147724
11 0.394531 0.203125 0.0683594 0.0175781 0.00163555
5 0.268066 0.555664 0.174805 0.181641 0.00171185
6 0.706055 0.620117 0.134766 0.107422 0.00175285
9 0.541016 0.396973 0.103516 0.124023 0.00181866
11 0.569336 0.241699 0.0507812 0.0439453 0.00186253
9 0.54834 0.276367 0.0498047 0.101562 0.00195503
1 0.733887 0.625977 0.0712891 0.0800781 0.00196838
11 0.578125 0.230957 0.0585938 0.0244141 0.0023098
8 0.367676 0.595703 0.0146484 0.0136719 0.00242424
10 0.0209961 0.38623 0.0419922 0.450195 0.0024662
7 0.437988 0.249023 0.0419922 0.0957031 0.00247574
9 0.725098 0.619141 0.0810547 0.0839844 0.00268555
11 0.61377 0.231934 0.0595703 0.0263672 0.00276375
9 0.454102 0.30127 0.0644531 0.202148 0.0027771
11 0.277832 0.253906 0.0595703 0.0546875 0.00279045
7 0.751465 0.611328 0.0400391 0.0332031 0.00292206
11 0.73877 0.628906 0.0634766 0.0722656 0.00309181
11 0.309082 0.23877 0.0888672 0.0595703 0.00321007
9 0.541992 0.616699 0.339844 0.114258 0.00325394
3 0.541016 0.396973 0.103516 0.124023 0.00352478
7 0.745605 0.650391 0.0654297 0.0820312 0.00358391
9 0.745117 0.616699 0.0449219 0.0380859 0.0036087
11 0.334961 0.217773 0.0625 0.03125 0.00367546
5 0.73584 0.628418 0.0693359 0.0810547 0.00370979
11 0.370605 0.210938 0.0966797 0.0253906 0.00391388
13 0.551758 0.277832 0.0507812 0.104492 0.0039444
7 0.706543 0.62793 0.135742 0.107422 0.0040741
13 0.568848 0.300293 0.0537109 0.116211 0.00450897
11 0.41748 0.22168 0.0712891 0.0507812 0.00451279
6 0.741211 0.623047 0.0507812 0.046875 0.00534821
8 0.739746 0.633789 0.0537109 0.0664062 0.00546646
11 0.319336 0.227051 0.0605469 0.0400391 0.00549698
13 0.556641 0.28125 0.0273438 0.0839844 0.0058136
10 0.772461 0.836914 0.0527344 0.0722656 0.00611115
11 0.4375 0.242676 0.0429688 0.0888672 0.00618362
11 0.776367 0.839355 0.0429688 0.0595703 0.00753784
13 0.737305 0.626953 0.078125 0.0859375 0.00831604
11 0.42627 0.215332 0.0439453 0.0322266 0.00914001
0 0.501465 0.418945 0.194336 0.166016 0.00962067
9 0.473145 0.451172 0.137695 0.447266 0.012413
4 0.73584 0.628418 0.0693359 0.0810547 0.0138092
9 0.475586 0.337891 0.0957031 0.283203 0.0142517
9 0.742188 0.634277 0.0546875 0.0712891 0.0167847
7 0.741699 0.623535 0.0517578 0.0458984 0.0176544
11 0.592285 0.236816 0.0869141 0.0380859 0.0229645
11 0.404785 0.210449 0.0791016 0.0244141 0.0325623
6 0.73584 0.628418 0.0693359 0.0810547 0.0544434
11 0.597168 0.229004 0.0751953 0.0185547 0.0689087
13 0.743652 0.623047 0.0478516 0.0605469 0.0820923
7 0.73584 0.628418 0.0693359 0.0810547 0.13208
13 0.751465 0.611328 0.0400391 0.0332031 0.151611
3 0.541504 0.629883 0.338867 0.109375 0.318848
0 0.541016 0.396973 0.103516 0.124023 0.615234
