8 0.224121 0.370117 0.0224609 0.0214844 0.000100195
9 0.547852 0.636719 0.0253906 0.0273438 0.000102282
9 0.415527 0.42627 0.0302734 0.0283203 0.000106096
11 0.395508 0.176758 0.0625 0.0273438 0.000106335
5 0.68457 0.578125 0.125 0.173828 0.000109315
13 0.313477 0.255371 0.0566406 0.0341797 0.00011158
7 0.376953 0.641113 0.0625 0.0576172 0.000112653
11 0.359375 0.163086 0.0625 0.0195312 0.000112772
8 0.178223 0.71582 0.0283203 0.0371094 0.00011462
7 0.289062 0.398438 0.0957031 0.0976562 0.000114858
7 0.708984 0.708008 0.0449219 0.0351562 0.000114918
0 0.871094 0.860352 0.257812 0.279297 0.000115871
7 0.0449219 0.497559 0.0839844 0.208008 0.000116765
6 0.124023 0.0610352 0.248047 0.110352 0.000119507
11 0.687988 0.210938 0.0419922 0.0253906 0.000121653
11 0.163086 0.834961 0.0371094 0.0898438 0.000123262
9 0.302246 0.561035 0.118164 0.178711 0.000123382
8 0.330566 0.177734 0.0400391 0.0234375 0.000123501
5 0.293945 0.497559 0.109375 0.194336 0.000127912
9 0.334473 0.175781 0.0478516 0.0234375 0.000128865
7 0.291016 0.427246 0.130859 0.170898 0.000130773
8 0.975586 0.466309 0.0429688 0.108398 0.000131845
8 0.57373 0.524902 0.0146484 0.0146484 0.00013411
7 0.737793 0.318359 0.0322266 0.0332031 0.000134468
8 0.226562 0.63916 0.0136719 0.0146484 0.000135303
13 0.34375 0.505859 0.0527344 0.0214844 0.000135422
3 0.172852 0.494141 0.345703 0.310547 0.000136733
8 0.259277 0.54834 0.0107422 0.0107422 0.000137568
10 0.163086 0.834961 0.0371094 0.0898438 0.000139713
1 0.337402 0.17627 0.0498047 0.0283203 0.000139832
13 0.32373 0.510254 0.15332 0.276367 0.000145674
8 0.272949 0.680176 0.0263672 0.0244141 0.000147343
11 0.634766 0.171875 0.0507812 0.0136719 0.00014782
9 0.837402 0.841797 0.325195 0.298828 0.000148177
13 0.0854492 0.0786133 0.170898 0.157227 0.000151157
3 0.81543 0.0742188 0.369141 0.148438 0.00015223
13 0.349121 0.171387 0.0654297 0.0205078 0.000153303
8 0.196777 0.700684 0.0205078 0.0166016 0.00015676
9 0.291504 0.509766 0.149414 0.326172 0.000158072
8 0.21875 0.668945 0.00976562 0.00976562 0.000158548
5 0.271973 0.623047 0.166992 0.232422 0.000160336
13 0.313965 0.245605 0.0517578 0.0205078 0.000162721
13 0.550781 0.255859 0.03125 0.0976562 0.000163078
11 0.612305 0.187012 0.111328 0.0419922 0.000165939
8 0.537109 0.36084 0.0625 0.0732422 0.000170469
8 0.612305 0.450684 0.0175781 0.0146484 0.000171661
2 0.330566 0.177246 0.0400391 0.0244141 0.000172734
11 0.57666 0.192871 0.0654297 0.0439453 0.000173211
7 0.330566 0.177734 0.0400391 0.0234375 0.00017941
13 0.380371 0.379395 0.0595703 0.0498047 0.000180602
11 0.562012 0.203125 0.0419922 0.0507812 0.000181198
11 0.400879 0.183105 0.100586 0.0458984 0.000182033
3 0.800293 0.431152 0.399414 0.49707 0.000187993
8 0.599609 0.447754 0.0195312 0.0146484 0.000191808
8 0.575195 0.64502 0.0117188 0.0126953 0.000194669
8 0.387695 0.635254 0.0214844 0.0224609 0.000194907
7 0.537109 0.36084 0.0625 0.0732422 0.000195265
13 0.65332 0.349609 0.03125 0.0742188 0.000199437
11 0.30957 0.137207 0.0351562 0.0263672 0.000203252
11 0.389648 0.169922 0.0507812 0.015625 0.000207543
7 0.422852 0.418457 0.0449219 0.0419922 0.000209808
10 0.342773 0.174805 0.0566406 0.0273438 0.000214219
9 0.737793 0.318359 0.0322266 0.0332031 0.000228882
11 0.303223 0.193359 0.0615234 0.0410156 0.000234246
9 0.712402 0.597656 0.147461 0.28125 0.000235677
9 0.310059 0.136719 0.0322266 0.0253906 0.000246763
3 0.837402 0.841797 0.325195 0.298828 0.000254631
8 0.375977 0.643555 0.0527344 0.0507812 0.000256062
8 0.267578 0.672363 0.0371094 0.0341797 0.000261784
11 0.431152 0.168457 0.0439453 0.0205078 0.000270128
9 0.48584 0.578613 0.112305 0.299805 0.000272036
8 0.221191 0.60498 0.00683594 0.00683594 0.000285864
11 0.60498 0.181641 0.0478516 0.015625 0.000290632
11 0.341797 0.179199 0.0859375 0.0458984 0.000308275
8 0.267578 0.460938 0.015625 0.015625 0.000310421
8 0.57373 0.523438 0.0107422 0.00976562 0.00031352
5 0.280273 0.436035 0.115234 0.170898 0.000331163
3 0.495605 0.933594 0.198242 0.132812 0.0003407
5 0.67041 0.550781 0.165039 0.310547 0.000349998
11 0.671875 0.192871 0.0566406 0.0361328 0.000350714
13 0.38916 0.383301 0.0302734 0.0458984 0.00036025
8 0.251953 0.489746 0.0078125 0.00878906 0.00036788
10 0.160156 0.796387 0.0488281 0.0751953 0.000381231
12 0.683594 0.293945 0.246094 0.226562 0.000411034
13 0.330566 0.177734 0.0400391 0.0234375 0.000433445
9 0.421875 0.418457 0.0429688 0.0419922 0.000439405
11 0.160156 0.796387 0.0488281 0.0751953 0.000491619
10 0.875488 0.148438 0.245117 0.273438 0.000647545
8 0.407715 0.539062 0.0244141 0.0214844 0.000656128
8 0.30957 0.13623 0.03125 0.0263672 0.00069046
8 0.706055 0.707031 0.0429688 0.0351562 0.000693321
11 0.646973 0.179199 0.0537109 0.0185547 0.00073719
11 0.800781 0.804199 0.0390625 0.0419922 0.000737667
11 0.430664 0.187012 0.0488281 0.0400391 0.000748634
8 0.550293 0.633789 0.0263672 0.0332031 0.00082159
11 0.643066 0.181641 0.0849609 0.0273438 0.000825405
11 0.371582 0.168457 0.0498047 0.0146484 0.000879765
10 0.802734 0.803223 0.03125 0.0341797 0.000926971
9 0.537109 0.36084 0.0625 0.0732422 0.00104904
8 0.615234 0.453125 0.0117188 0.00976562 0.0011425
11 0.685059 0.199707 0.0517578 0.0361328 0.00115013
0 0.535645 0.362305 0.0654297 0.0742188 0.00126457
11 0.418457 0.177246 0.0673828 0.0302734 0.00139523
11 0.589844 0.185059 0.0703125 0.0244141 0.00149918
8 0.350586 0.591309 0.00976562 0.00878906 0.00151062
8 0.737793 0.318359 0.0322266 0.0332031 0.00155354
5 0.302246 0.561035 0.118164 0.178711 0.0016346
11 0.317871 0.186035 0.0576172 0.0361328 0.00223732
5 0.712402 0.597656 0.147461 0.28125 0.002388
5 0.291504 0.509766 0.149414 0.326172 0.00241852
11 0.372559 0.175293 0.114258 0.0341797 0.00347519
8 0.418945 0.424316 0.0410156 0.0302734 0.00349808
11 0.39502 0.171875 0.0986328 0.0214844 0.00361824
11 0.628418 0.176758 0.0654297 0.015625 0.00479126
11 0.612793 0.181152 0.0908203 0.0185547 0.00682068
11 0.570801 0.192383 0.0439453 0.0292969 0.00743103
10 0.15918 0.799316 0.0390625 0.0400391 0.00868988
11 0.15918 0.799316 0.0390625 0.0400391 0.0103531
11 0.330078 0.180176 0.0429688 0.0283203 0.0125656
11 0.364258 0.17041 0.0800781 0.0205078 0.0227661
11 0.342773 0.174805 0.0566406 0.0273438 0.098877
