9 0.875 0.0942383 0.240234 0.188477 0.000100791
9 0.0209961 0.354492 0.0400391 0.0585938 0.000101328
4 0.875 0.0942383 0.240234 0.188477 0.000101328
9 0.307129 0.489746 0.24707 0.163086 0.000101924
7 0.636719 0.210938 0.0957031 0.123047 0.000101924
7 0.831543 0.539062 0.12207 0.177734 0.000102043
8 0.639648 0.451172 0.0136719 0.015625 0.000102043
8 0.685059 0.379883 0.110352 0.0683594 0.0001055
0 0.888672 0.952148 0.0800781 0.0859375 0.000106633
9 0.69043 0.386719 0.0625 0.0488281 0.000107467
11 0.620605 0.154297 0.0517578 0.0195312 0.000110328
11 0.763184 0.19043 0.0712891 0.0488281 0.000110447
6 0.317871 0.479004 0.225586 0.188477 0.000111759
9 0.587402 0.213867 0.0595703 0.134766 0.000112593
8 0.435059 0.399414 0.0146484 0.0136719 0.000112593
13 0.980469 0.93457 0.0390625 0.115234 0.000112891
7 0.494141 0.313477 0.103516 0.255859 0.00011301
8 0.682129 0.374512 0.0322266 0.0205078 0.000115216
2 0.840332 0.585938 0.0595703 0.0683594 0.000118315
9 0.850586 0.612793 0.0839844 0.106445 0.000118971
11 0.750977 0.1875 0.117188 0.0761719 0.00011909
3 0.569336 0.307129 0.0996094 0.0849609 0.000119746
9 0.828125 0.586914 0.0488281 0.0429688 0.000120044
0 0.545898 0.291992 0.142578 0.181641 0.000122309
13 0.748535 0.326172 0.137695 0.121094 0.00012362
11 0.84375 0.589355 0.0703125 0.0712891 0.000125289
2 0.645508 0.369629 0.0449219 0.0322266 0.000128746
11 0.379883 0.15918 0.126953 0.0410156 0.000128984
11 0.135742 0.650391 0.0371094 0.0527344 0.000133753
3 0.26416 0.128906 0.52832 0.257812 0.000135303
8 0.708984 0.397949 0.0214844 0.0224609 0.000135541
11 0.22998 0.23877 0.0517578 0.0595703 0.000135779
9 0.684082 0.373047 0.0146484 0.0117188 0.000136971
10 0.135742 0.650391 0.0371094 0.0527344 0.000138402
11 0.263184 0.211914 0.0849609 0.078125 0.000138402
9 0.647949 0.82373 0.59668 0.352539 0.000138521
7 0.317871 0.479004 0.225586 0.188477 0.000139475
5 0.806641 0.480469 0.142578 0.267578 0.000139713
9 0.641113 0.199219 0.104492 0.101562 0.00014317
13 0.687988 0.387207 0.0634766 0.0498047 0.000143766
4 0.84082 0.567871 0.0761719 0.12793 0.000148773
13 0.279785 0.486328 0.0615234 0.0273438 0.000149131
13 0.766602 0.342285 0.09375 0.0517578 0.000151277
8 0.188965 0.57666 0.0400391 0.0322266 0.000152588
9 0.22998 0.0991211 0.426758 0.188477 0.000158072
8 0.428223 0.460449 0.0244141 0.0224609 0.000160456
11 0.337891 0.180176 0.140625 0.0732422 0.000167847
10 0.22998 0.0991211 0.426758 0.188477 0.000167847
11 0.394043 0.149414 0.0537109 0.0136719 0.000168324
1 0.842285 0.585938 0.0673828 0.0683594 0.000170588
3 0.617676 0.470215 0.364258 0.250977 0.000174761
5 0.875 0.0961914 0.244141 0.192383 0.000183225
0 0.892578 0.367676 0.214844 0.504883 0.000183582
11 0.312012 0.171387 0.0517578 0.0361328 0.000186801
5 0.358398 0.500488 0.132812 0.12793 0.000189543
9 0.508301 0.233887 0.133789 0.40332 0.000193238
10 0.841309 0.589355 0.0615234 0.0693359 0.000200629
11 0.289062 0.20752 0.158203 0.129883 0.000201941
11 0.386719 0.154297 0.0585938 0.015625 0.000203013
8 0.426758 0.322754 0.0234375 0.0205078 0.000207305
8 0.461426 0.306641 0.0107422 0.0117188 0.000208616
3 0.214844 0.824219 0.429688 0.351562 0.000214577
10 0.199219 0.822266 0.398438 0.355469 0.000217319
3 0.15332 0.260254 0.306641 0.338867 0.000222206
7 0.875 0.0942383 0.240234 0.188477 0.000223041
11 0.40332 0.159668 0.0800781 0.0244141 0.000234008
13 0.373535 0.519043 0.0712891 0.0810547 0.000238895
8 0.818359 0.587402 0.0117188 0.0126953 0.000244617
13 0.874023 0.0927734 0.246094 0.185547 0.000245571
9 0.358398 0.500488 0.132812 0.12793 0.000258207
0 0.909668 0.335938 0.178711 0.257812 0.00026679
11 0.622559 0.160645 0.0830078 0.0283203 0.000268698
13 0.0239258 0.299805 0.0419922 0.03125 0.000276566
13 0.326172 0.407227 0.103516 0.0253906 0.000277519
0 0.110352 0.794434 0.220703 0.323242 0.000293732
2 0.69043 0.386719 0.0625 0.0488281 0.000303268
5 0.839844 0.58252 0.0488281 0.0439453 0.000306845
8 0.689941 0.385742 0.0615234 0.0507812 0.000309944
13 0.77832 0.370117 0.0742188 0.0527344 0.000311375
8 0.571777 0.307617 0.0947266 0.0976562 0.000315666
13 0.366211 0.525879 0.0390625 0.0654297 0.000315905
7 0.186035 0.572266 0.0244141 0.0195312 0.000316381
7 0.571777 0.307617 0.0966797 0.0996094 0.000319004
9 0.186035 0.572266 0.0244141 0.0195312 0.000324488
13 0.348145 0.508301 0.131836 0.118164 0.000342369
9 0.669434 0.380371 0.0986328 0.0673828 0.00035882
2 0.684082 0.373047 0.0146484 0.0117188 0.000364542
13 0.70459 0.360352 0.161133 0.105469 0.000384331
8 0.0209961 0.354492 0.0400391 0.0585938 0.000425339
6 0.875 0.0961914 0.244141 0.192383 0.000434875
7 0.852539 0.605957 0.0859375 0.116211 0.000461102
9 0.847656 0.571777 0.0976562 0.141602 0.000489712
6 0.358398 0.500488 0.132812 0.12793 0.000493526
3 0.611328 0.592285 0.392578 0.133789 0.000499725
12 0.837402 0.58252 0.0458984 0.0380859 0.000516891
11 0.439941 0.147461 0.0556641 0.0175781 0.00052166
11 0.643555 0.151367 0.0839844 0.0175781 0.000534058
13 0.840332 0.585938 0.0595703 0.0683594 0.000543118
13 0.0380859 0.300293 0.0742188 0.0458984 0.00056839
3 0.898926 0.311035 0.202148 0.243164 0.000570297
13 0.751953 0.364258 0.138672 0.0839844 0.000593662
7 0.608398 0.540527 0.384766 0.15918 0.000601292
13 0.67041 0.375977 0.0986328 0.0761719 0.000612736
0 0.583984 0.333984 0.130859 0.150391 0.00062561
11 0.608398 0.540527 0.384766 0.15918 0.000639439
9 0.542969 0.320801 0.152344 0.176758 0.000649452
3 0.837891 0.581543 0.046875 0.0380859 0.00065279
1 0.608398 0.540527 0.384766 0.15918 0.00065279
2 0.66748 0.383301 0.0986328 0.0615234 0.000661373
8 0.608398 0.540527 0.384766 0.15918 0.000678062
6 0.608398 0.540527 0.384766 0.15918 0.000686646
12 0.608887 0.538086 0.383789 0.158203 0.000711918
2 0.608398 0.540527 0.384766 0.15918 0.000724792
4 0.608398 0.540527 0.384766 0.15918 0.000727177
11 0.394043 0.149414 0.102539 0.0175781 0.000756264
13 0.608398 0.540527 0.384766 0.15918 0.000777245
11 0.437012 0.161133 0.0615234 0.0292969 0.000787735
6 0.842285 0.585938 0.0673828 0.0683594 0.000789642
0 0.52002 0.35498 0.165039 0.200195 0.000806808
5 0.319824 0.479004 0.231445 0.202148 0.000924587
13 0.318848 0.541504 0.0634766 0.0458984 0.000926018
13 0.782715 0.340332 0.0654297 0.0283203 0.000943661
10 0.838379 0.580566 0.0458984 0.0361328 0.000966549
1 0.839355 0.581055 0.0478516 0.0410156 0.000968933
5 0.608398 0.540527 0.384766 0.15918 0.00103188
10 0.608398 0.540527 0.384766 0.15918 0.00126743
7 0.358398 0.500488 0.132812 0.12793 0.00129318
3 0.0976562 0.30957 0.195312 0.308594 0.00130367
0 0.608887 0.537598 0.385742 0.137695 0.00136662
11 0.708496 0.17627 0.145508 0.0634766 0.00148487
8 0.683594 0.37207 0.0136719 0.0117188 0.00148582
0 0.838379 0.580566 0.0458984 0.0361328 0.00150681
11 0.650391 0.156738 0.107422 0.0205078 0.00160122
7 0.84082 0.567871 0.0761719 0.12793 0.00160694
11 0.245117 0.223633 0.0625 0.0625 0.00164032
9 0.500488 0.473633 0.139648 0.365234 0.00167656
9 0.60791 0.54248 0.385742 0.137695 0.00174809
9 0.571777 0.307129 0.0947266 0.0986328 0.00186253
4 0.841309 0.589355 0.0615234 0.0693359 0.00189495
11 0.421387 0.152344 0.0849609 0.0214844 0.00215912
11 0.840332 0.58252 0.0458984 0.0439453 0.00219154
13 0.342285 0.529785 0.102539 0.0654297 0.00219917
11 0.340332 0.164551 0.108398 0.0361328 0.00220871
6 0.838379 0.581543 0.0478516 0.0419922 0.00225639
11 0.67627 0.165039 0.141602 0.03125 0.00231743
13 0.837891 0.58252 0.046875 0.0380859 0.00252533
3 0.219727 0.0981445 0.429688 0.188477 0.00254631
11 0.376953 0.155762 0.105469 0.0224609 0.00265121
8 0.841309 0.589355 0.0615234 0.0693359 0.00278091
8 0.186035 0.572754 0.0244141 0.0205078 0.00373077
11 0.288574 0.197266 0.106445 0.0859375 0.00380516
2 0.837891 0.581543 0.046875 0.0380859 0.00428009
11 0.719727 0.172363 0.0878906 0.0439453 0.00457764
4 0.837891 0.581543 0.046875 0.0380859 0.00891876
9 0.505371 0.359375 0.124023 0.291016 0.0109253
9 0.840332 0.585938 0.0595703 0.0683594 0.0116119
11 0.308105 0.178223 0.0869141 0.0556641 0.0148468
7 0.841309 0.589355 0.0615234 0.0693359 0.0177307
0 0.569336 0.307129 0.0996094 0.0849609 0.0206299
11 0.744629 0.181152 0.0732422 0.0498047 0.0207062
7 0.839355 0.581055 0.0458984 0.0410156 0.076355
9 0.840332 0.57959 0.0458984 0.0380859 0.0794067
8 0.837402 0.58252 0.0458984 0.0380859 0.411377
3 0.60791 0.541016 0.387695 0.132812 0.62207
