2 0.183105 0.462402 0.170898 0.129883 0.00023365
9 0.935059 0.0253906 0.129883 0.0507812 0.000234723
4 0.586914 0.626465 0.447266 0.174805 0.000235319
0 0.86377 0.666992 0.129883 0.162109 0.000236988
9 0.246094 0.0415039 0.353516 0.0810547 0.000237226
9 0.640137 0.886719 0.629883 0.207031 0.000238061
11 0.632812 0.136719 0.324219 0.0917969 0.000238895
1 0.270996 0.184082 0.280273 0.141602 0.000242472
8 0.773438 0.113281 0.0117188 0.00976562 0.000242949
2 0.489746 0.325195 0.280273 0.130859 0.000244021
5 0.763184 0.401855 0.0830078 0.0673828 0.000246286
8 0.586914 0.626465 0.447266 0.174805 0.000246525
10 0.270996 0.184082 0.280273 0.141602 0.00024724
8 0.770996 0.398438 0.0927734 0.0683594 0.000247478
11 0.574707 0.351074 0.147461 0.143555 0.000247717
8 0.711914 0.445801 0.388672 0.612305 0.000248909
1 0.586914 0.626465 0.447266 0.174805 0.0002563
12 0.216309 0.22168 0.401367 0.220703 0.000259399
13 0.586914 0.626465 0.447266 0.174805 0.000260592
11 0.580078 0.361328 0.267578 0.232422 0.00026083
6 0.759766 0.405273 0.126953 0.142578 0.000261545
9 0.210938 0.504883 0.119141 0.0644531 0.000263453
5 0.264648 0.613281 0.0703125 0.0429688 0.000264406
0 0.468262 0.235352 0.254883 0.146484 0.000264645
2 0.123535 0.647949 0.124023 0.239258 0.000266075
9 0.13916 0.515137 0.204102 0.264648 0.000267982
11 0.350098 0.121094 0.0908203 0.0214844 0.000268698
11 0.586914 0.626465 0.447266 0.174805 0.000269651
9 0.397949 0.0292969 0.172852 0.0585938 0.000272751
5 0.725586 0.116211 0.548828 0.220703 0.000275612
13 0.762695 0.399902 0.0839844 0.0654297 0.000276327
3 0.862305 0.669922 0.109375 0.150391 0.000284672
11 0.351074 0.191406 0.131836 0.152344 0.000286579
9 0.483398 0.581055 0.335938 0.435547 0.000287294
13 0.775879 0.649414 0.270508 0.1875 0.000287533
6 0.763184 0.401855 0.0830078 0.0673828 0.000290155
10 0.912109 0.983398 0.078125 0.0332031 0.000290394
10 0.711914 0.445801 0.388672 0.612305 0.000291824
4 0.123535 0.647949 0.124023 0.239258 0.000292063
10 0.24707 0.969727 0.398438 0.0605469 0.000295162
13 0.64502 0.425293 0.0830078 0.0849609 0.000296831
9 0.162109 0.453125 0.171875 0.167969 0.000297308
1 0.816895 0.632324 0.174805 0.180664 0.000300169
11 0.0830078 0.186523 0.0859375 0.0703125 0.000302792
2 0.489258 0.0307617 0.605469 0.0615234 0.000303984
9 0.568359 0.363281 0.0859375 0.101562 0.000304461
4 0.711914 0.445801 0.388672 0.612305 0.000304699
2 0.586914 0.626465 0.447266 0.174805 0.000306845
2 0.852051 0.672852 0.139648 0.164062 0.000309467
0 0.878418 0.453125 0.243164 0.607422 0.000311375
11 0.205566 0.20166 0.239258 0.141602 0.000317335
3 0.641113 0.915527 0.62793 0.165039 0.000319719
9 0.345703 0.495605 0.191406 0.491211 0.000319958
2 0.711914 0.445801 0.388672 0.612305 0.000321627
6 0.201172 0.513672 0.146484 0.0996094 0.000321865
9 0.36084 0.0668945 0.487305 0.129883 0.000325203
12 0.73584 0.215332 0.52832 0.233398 0.000331163
4 0.774902 0.648438 0.270508 0.1875 0.000333309
9 0.361328 0.294922 0.314453 0.300781 0.000334978
12 0.166504 0.0571289 0.333008 0.114258 0.000335932
5 0.252441 0.621094 0.208008 0.107422 0.000336647
9 0.866211 0.683105 0.103516 0.133789 0.000337362
10 0.245117 0.427246 0.357422 0.598633 0.000340462
7 0.349121 0.191406 0.131836 0.154297 0.000344515
8 0.181152 0.491699 0.131836 0.0966797 0.000347137
9 0.773438 0.113281 0.0117188 0.00976562 0.000348568
10 0.866699 0.663086 0.0615234 0.0820312 0.000349998
9 0.125 0.0317383 0.25 0.0615234 0.000351191
9 0.780273 0.408691 0.138672 0.141602 0.000352383
10 0.198242 0.981445 0.285156 0.0371094 0.000354528
8 0.356445 0.630859 0.015625 0.0175781 0.000355482
10 0.081543 0.770508 0.0478516 0.0878906 0.000358105
12 0.233398 0.596191 0.322266 0.311523 0.000359297
11 0.312012 0.138672 0.12793 0.046875 0.000359774
11 0.6875 0.149414 0.138672 0.0742188 0.000368834
5 0.208984 0.603027 0.222656 0.180664 0.000370026
7 0.263672 0.217773 0.314453 0.205078 0.000370741
0 0.20459 0.498535 0.206055 0.182617 0.000371695
12 0.586914 0.626465 0.447266 0.174805 0.000381231
12 0.842773 0.650879 0.130859 0.157227 0.000381947
9 0.355957 0.130859 0.360352 0.123047 0.000388861
8 0.0874023 0.182129 0.0810547 0.0615234 0.000391245
5 0.160645 0.494141 0.15918 0.121094 0.000393152
7 0.108398 0.694824 0.0839844 0.176758 0.000398636
5 0.266113 0.612305 0.114258 0.0625 0.000399113
3 0.216309 0.22168 0.401367 0.220703 0.000402689
5 0.58252 0.5 0.53418 0.447266 0.000411749
8 0.123535 0.647949 0.124023 0.239258 0.000415802
9 0.705566 0.587402 0.305664 0.325195 0.000416279
8 0.239746 0.442383 0.327148 0.515625 0.000417233
11 0.866699 0.65625 0.0615234 0.0820312 0.000418663
8 0.179688 0.625488 0.0195312 0.0185547 0.00041914
7 0.76123 0.404785 0.129883 0.133789 0.0004251
1 0.181152 0.491699 0.131836 0.0966797 0.0004251
9 0.293457 0.586426 0.219727 0.270508 0.000427246
7 0.645996 0.42627 0.0869141 0.0908203 0.00043869
9 0.413086 0.443359 0.367188 0.449219 0.000442028
5 0.648926 0.355957 0.344727 0.356445 0.000445366
6 0.491211 0.356934 0.335938 0.227539 0.000446796
13 0.793457 0.57373 0.133789 0.0908203 0.00044775
7 0.762695 0.399902 0.0839844 0.0654297 0.000452042
4 0.239746 0.442383 0.327148 0.515625 0.000454187
2 0.630859 0.422852 0.132812 0.128906 0.000455141
10 0.894531 0.648438 0.160156 0.193359 0.000455618
0 0.425781 0.364258 0.363281 0.3125 0.00045681
13 0.571777 0.347656 0.178711 0.199219 0.000459909
8 0.314941 0.286133 0.0166016 0.0175781 0.000460863
5 0.495605 0.378418 0.356445 0.22168 0.000463009
9 0.199219 0.495605 0.244141 0.360352 0.0004704
12 0.65332 0.179688 0.341797 0.167969 0.000476599
8 0.26123 0.613281 0.0439453 0.0351562 0.000485182
13 0.233398 0.596191 0.322266 0.311523 0.000487804
13 0.776855 0.55957 0.178711 0.154297 0.000494957
5 0.768066 0.684082 0.317383 0.157227 0.00050211
7 0.208496 0.60498 0.297852 0.325195 0.000505924
5 0.352051 0.453125 0.22168 0.523438 0.000506878
10 0.873535 0.630371 0.0791016 0.12793 0.000508785
9 0.589844 0.316895 0.355469 0.286133 0.000509262
9 0.814941 0.499023 0.258789 0.503906 0.000519276
11 0.0874023 0.754883 0.0576172 0.107422 0.000520706
13 0.151855 0.472656 0.135742 0.0722656 0.000522137
11 0.171875 0.485352 0.152344 0.117188 0.000522137
11 0.239746 0.442383 0.327148 0.515625 0.000522614
1 0.239746 0.442383 0.327148 0.515625 0.000522614
5 0.282715 0.590332 0.200195 0.206055 0.00052309
12 0.491211 0.356934 0.335938 0.227539 0.000523567
12 0.270996 0.184082 0.280273 0.141602 0.000536919
8 0.574707 0.367676 0.176758 0.155273 0.000538349
3 0.655273 0.966309 0.548828 0.0673828 0.000538826
11 0.279785 0.148438 0.124023 0.0683594 0.000549316
13 0.655273 0.211914 0.337891 0.197266 0.000551701
11 0.300781 0.212891 0.25 0.195312 0.000552654
11 0.867676 0.628418 0.0810547 0.12793 0.000553131
8 0.568359 0.363281 0.0859375 0.101562 0.000553608
10 0.588379 0.633789 0.442383 0.175781 0.000561237
9 0.701172 0.203613 0.351562 0.137695 0.000561714
11 0.700195 0.163574 0.328125 0.12207 0.000565529
4 0.491211 0.356934 0.335938 0.227539 0.00056982
2 0.221191 0.490723 0.239258 0.225586 0.000570297
5 0.758789 0.413086 0.166016 0.25 0.000572681
13 0.19043 0.492188 0.0742188 0.0585938 0.000573635
9 0.574707 0.367676 0.176758 0.155273 0.000576973
5 0.588379 0.633789 0.442383 0.175781 0.000579357
12 0.73291 0.465332 0.350586 0.637695 0.000580788
9 0.644043 0.0185547 0.270508 0.0371094 0.000582695
10 0.491211 0.356934 0.335938 0.227539 0.000587463
10 0.100586 0.730469 0.0761719 0.144531 0.000592232
9 0.0913086 0.612305 0.180664 0.349609 0.000597477
7 0.491211 0.356934 0.335938 0.227539 0.000601768
8 0.739746 0.539062 0.0146484 0.0117188 0.00060463
12 0.725586 0.116211 0.548828 0.220703 0.000618458
7 0.810547 0.602051 0.177734 0.217773 0.000622272
2 0.0844727 0.186523 0.0888672 0.0742188 0.000628471
0 0.586426 0.320801 0.295898 0.24707 0.000630856
9 0.458008 0.153809 0.470703 0.204102 0.000639915
1 0.5 0.351562 0.285156 0.171875 0.000648022
13 0.709473 0.205566 0.21582 0.0751953 0.000650406
5 0.789551 0.564941 0.12207 0.0732422 0.000656128
3 0.541016 0.43457 0.488281 0.306641 0.000665665
3 0.123535 0.647949 0.124023 0.239258 0.000666618
9 0.390137 0.0405273 0.334961 0.0810547 0.000676632
10 0.772949 0.647949 0.311523 0.262695 0.000683784
11 0.347168 0.132324 0.108398 0.0322266 0.000699043
9 0.755371 0.0258789 0.256836 0.0498047 0.000699997
8 0.84082 0.649902 0.130859 0.163086 0.000700951
5 0.14502 0.652832 0.188477 0.249023 0.000701427
2 0.239746 0.442383 0.327148 0.515625 0.000715733
0 0.562012 0.342285 0.145508 0.124023 0.000721931
10 0.845215 0.705078 0.149414 0.195312 0.000757694
13 0.711914 0.445801 0.388672 0.612305 0.000764847
7 0.866211 0.683105 0.103516 0.133789 0.000764847
0 0.171875 0.485352 0.152344 0.117188 0.000765324
8 0.491211 0.356934 0.335938 0.227539 0.000772953
7 0.711914 0.445801 0.388672 0.612305 0.000773907
9 0.461914 0.0229492 0.447266 0.0458984 0.000779629
9 0.226562 0.688965 0.324219 0.149414 0.000780106
1 0.123535 0.647949 0.124023 0.239258 0.000795841
3 0.725586 0.116211 0.548828 0.220703 0.000798702
9 0.584961 0.128418 0.830078 0.239258 0.000821114
12 0.805664 0.0688477 0.388672 0.137695 0.000822544
3 0.239746 0.589355 0.321289 0.311523 0.000835419
9 0.768066 0.684082 0.317383 0.157227 0.000836372
9 0.926758 0.450684 0.146484 0.633789 0.000841141
3 0.767578 0.639648 0.289062 0.216797 0.000855923
11 0.10498 0.714844 0.0791016 0.15625 0.000860214
3 0.504883 0.0224609 0.490234 0.0449219 0.000861168
2 0.579102 0.354492 0.0546875 0.0566406 0.000864506
7 0.181152 0.492676 0.12793 0.0927734 0.000874519
9 0.933105 0.164062 0.133789 0.259766 0.000879765
5 0.759766 0.405273 0.126953 0.142578 0.000891209
0 0.64502 0.425293 0.0830078 0.0849609 0.000900269
9 0.790039 0.623047 0.238281 0.232422 0.000903606
0 0.587402 0.577637 0.46582 0.313477 0.000908852
5 0.776367 0.562012 0.1875 0.170898 0.000925541
13 0.162109 0.453125 0.171875 0.167969 0.00093174
0 0.239746 0.442383 0.327148 0.515625 0.000968933
11 0.226074 0.188965 0.12207 0.112305 0.000971794
9 0.338867 0.215332 0.238281 0.194336 0.000972748
7 0.239746 0.442383 0.327148 0.515625 0.000988007
13 0.844238 0.65918 0.129883 0.152344 0.000995636
9 0.53418 0.0717773 0.455078 0.135742 0.0010004
11 0.879395 0.713379 0.0810547 0.145508 0.00100136
9 0.0932617 0.194824 0.12793 0.0927734 0.00102139
5 0.233398 0.671387 0.341797 0.135742 0.00102901
0 0.592773 0.381836 0.158203 0.189453 0.00104332
9 0.699707 0.253906 0.416992 0.275391 0.00104904
9 0.615234 0.174805 0.341797 0.173828 0.00106335
3 0.491211 0.356934 0.335938 0.227539 0.00108814
9 0.216309 0.22168 0.401367 0.220703 0.00112534
3 0.73584 0.215332 0.52832 0.233398 0.0011282
6 0.233398 0.596191 0.322266 0.311523 0.00113106
13 0.312012 0.239258 0.225586 0.224609 0.00114346
9 0.648926 0.440918 0.291992 0.350586 0.00118637
10 0.878906 0.714844 0.0820312 0.144531 0.00123596
1 0.852051 0.672852 0.139648 0.164062 0.00123882
13 0.697754 0.207031 0.108398 0.0488281 0.00126266
11 0.129395 0.659668 0.174805 0.250977 0.00127316
9 0.11084 0.696777 0.0869141 0.157227 0.00127697
9 0.586914 0.626465 0.447266 0.174805 0.00131798
9 0.875 0.211426 0.25 0.34082 0.00134468
6 0.790039 0.623047 0.238281 0.232422 0.00135803
6 0.20459 0.498535 0.206055 0.182617 0.00138664
7 0.123535 0.647949 0.124023 0.239258 0.00139713
9 0.724609 0.0288086 0.505859 0.0576172 0.0014019
10 0.179688 0.606445 0.234375 0.294922 0.00143719
10 0.787109 0.688965 0.257812 0.133789 0.00147057
11 0.5 0.351562 0.285156 0.171875 0.00158405
12 0.244629 0.424316 0.344727 0.592773 0.00158596
3 0.23877 0.408691 0.364258 0.551758 0.00160503
13 0.787109 0.563965 0.105469 0.0498047 0.00163651
11 0.217285 0.193848 0.0791016 0.0732422 0.00169659
9 0.217773 0.11084 0.435547 0.204102 0.00174236
9 0.645996 0.42627 0.0869141 0.0908203 0.00177574
9 0.270996 0.184082 0.280273 0.141602 0.00191784
0 0.577637 0.362305 0.0927734 0.09375 0.00195312
11 0.837402 0.649414 0.147461 0.185547 0.00195694
3 0.711914 0.445801 0.388672 0.612305 0.00196075
9 0.874023 0.0712891 0.251953 0.142578 0.00209427
9 0.45459 0.231445 0.325195 0.177734 0.0021534
2 0.550781 0.36084 0.335938 0.178711 0.00225449
9 0.109863 0.209473 0.217773 0.176758 0.00226784
9 0.554199 0.492188 0.538086 0.433594 0.00232124
6 0.711914 0.445801 0.388672 0.612305 0.00235367
2 0.643066 0.424316 0.0849609 0.0830078 0.0023632
13 0.532227 0.375488 0.373047 0.239258 0.00250435
9 0.650879 0.117676 0.458008 0.168945 0.00254822
9 0.20459 0.498535 0.206055 0.182617 0.0026474
4 0.837891 0.651855 0.140625 0.157227 0.00273895
9 0.208496 0.60498 0.297852 0.325195 0.00283051
6 0.171875 0.485352 0.152344 0.117188 0.00284004
9 0.711914 0.445801 0.388672 0.612305 0.00290871
7 0.775879 0.649414 0.270508 0.1875 0.00301933
9 0.140625 0.671387 0.152344 0.209961 0.00304222
0 0.608887 0.463379 0.584961 0.47168 0.00306702
5 0.201172 0.447266 0.259766 0.363281 0.00314903
2 0.181152 0.492676 0.12793 0.0927734 0.00320816
2 0.574707 0.349609 0.141602 0.144531 0.00325394
9 0.836914 0.652344 0.144531 0.160156 0.0033474
13 0.210938 0.504883 0.119141 0.0644531 0.00342941
9 0.181152 0.492676 0.12793 0.0927734 0.00349617
9 0.811523 0.114258 0.376953 0.228516 0.0036602
5 0.73877 0.251953 0.522461 0.273438 0.00369835
6 0.84082 0.649902 0.130859 0.163086 0.00374985
8 0.645996 0.42627 0.0869141 0.0908203 0.00375557
10 0.111816 0.68457 0.0810547 0.160156 0.00393677
5 0.200195 0.49707 0.140625 0.0878906 0.00399399
3 0.544922 0.046875 0.726562 0.0917969 0.00409317
5 0.705566 0.587402 0.305664 0.325195 0.00416946
11 0.271484 0.171387 0.189453 0.112305 0.00428391
9 0.237793 0.438965 0.356445 0.631836 0.00430679
9 0.491211 0.356934 0.335938 0.227539 0.00457382
5 0.213379 0.256348 0.413086 0.28418 0.00481033
11 0.112793 0.655762 0.0908203 0.213867 0.00485992
5 0.812988 0.500488 0.229492 0.491211 0.00515366
5 0.839355 0.658203 0.147461 0.169922 0.00574112
9 0.166504 0.0571289 0.333008 0.114258 0.00611115
6 0.239746 0.442383 0.327148 0.515625 0.00623703
9 0.515137 0.0449219 0.723633 0.0898438 0.00625992
10 0.123535 0.647949 0.124023 0.239258 0.00652313
9 0.737793 0.175781 0.524414 0.226562 0.00660324
5 0.20459 0.498535 0.206055 0.182617 0.00698853
3 0.585449 0.5625 0.495117 0.355469 0.00860596
2 0.576172 0.361816 0.0800781 0.0888672 0.00866699
0 0.546387 0.410156 0.43457 0.279297 0.00933075
0 0.490234 0.28125 0.34375 0.208984 0.00948334
9 0.0854492 0.183594 0.0712891 0.0625 0.00974274
13 0.20459 0.498535 0.206055 0.182617 0.0138321
9 0.724609 0.0654297 0.550781 0.130859 0.0167236
10 0.820312 0.649902 0.175781 0.165039 0.0179443
13 0.238281 0.445312 0.3125 0.498047 0.0198364
11 0.864258 0.668945 0.0996094 0.126953 0.0235901
5 0.790039 0.623047 0.238281 0.232422 0.0289917
10 0.864258 0.668945 0.0996094 0.126953 0.0290985
7 0.837891 0.651855 0.140625 0.157227 0.0309601
5 0.239746 0.589355 0.321289 0.311523 0.0351562
5 0.73291 0.465332 0.350586 0.637695 0.067749
5 0.245117 0.427246 0.357422 0.598633 0.0967407
13 0.181152 0.492676 0.12793 0.0927734 0.102112
0 0.501953 0.365723 0.285156 0.186523 0.147461
3 0.588379 0.635254 0.444336 0.163086 0.164551
