8 0.583008 0.510742 0.0195312 0.0371094 0.000101328
4 0.87793 0.144043 0.244141 0.262695 0.000103533
11 0.569336 0.508789 0.0488281 0.0761719 0.000103772
10 0.614258 0.043457 0.193359 0.0849609 0.000104606
9 0.571777 0.514648 0.0302734 0.046875 0.00010556
13 0.860352 0.343262 0.0625 0.0205078 0.000105619
10 0.205566 0.953125 0.411133 0.09375 0.000106931
0 0 0.939941 0 0.0400391 0.000107706
10 0.0161133 0.33252 0.0322266 0.0634766 0.000108659
8 0.662598 0.62793 0.0185547 0.0175781 0.000109136
11 0.855469 0.145508 0.289062 0.283203 0.000109553
9 0.570801 0.414551 0.0791016 0.106445 0.000111699
11 0.789551 0.316895 0.420898 0.450195 0.000111699
13 0.368164 0.558105 0.0644531 0.0478516 0.000112414
10 0.0117188 0.370117 0.0234375 0.0605469 0.000113547
8 0.0146484 0.331543 0.0292969 0.0537109 0.000113964
11 0.349609 0.356445 0.0722656 0.0214844 0.00011611
10 0.579102 0.516602 0.0195312 0.0292969 0.000116169
3 0.530762 0.803711 0.331055 0.134766 0.000117779
7 0.0117188 0.370117 0.0234375 0.0605469 0.000118554
0 0.581055 0.520996 0.0175781 0.0244141 0.000119269
11 0.780273 0.512207 0.0742188 0.204102 0.000121474
13 0.222656 0.631836 0.0703125 0.0175781 0.00012219
13 0.701172 0.59082 0.0742188 0.0371094 0.000123262
11 0.305664 0.370117 0.0683594 0.0488281 0.000123382
9 0.443848 0.51123 0.0908203 0.139648 0.000123978
8 0.208496 0.628906 0.0302734 0.015625 0.000125408
9 0.766602 0.562988 0.0175781 0.0166016 0.00012958
9 0.490723 0.494141 0.168945 0.136719 0.000132442
11 0.603516 0.380371 0.136719 0.0615234 0.000133514
13 0.107422 0.157715 0.199219 0.227539 0.000133634
10 0.789551 0.316895 0.420898 0.450195 0.00013423
1 0.578613 0.513184 0.0263672 0.0380859 0.000136614
10 0.797852 0.879395 0.0234375 0.0322266 0.000136971
10 0.0112305 0.404297 0.0224609 0.0722656 0.000147343
0 0.544434 0.51416 0.0517578 0.0654297 0.000147581
5 0.903809 0.176758 0.192383 0.292969 0.000150084
10 0.604492 0.0205078 0.199219 0.0410156 0.000151157
13 0.594727 0.562012 0.0332031 0.0283203 0.000151753
7 0.263184 0.694336 0.200195 0.152344 0.00015223
8 0.87793 0.144043 0.244141 0.262695 0.000152349
10 0.0219727 0.35498 0.0419922 0.0537109 0.000153422
4 0.0161133 0.33252 0.0322266 0.0634766 0.000154257
11 0.664551 0.383301 0.100586 0.0517578 0.000154972
13 0.872559 0.339844 0.233398 0.113281 0.000157237
9 0.229492 0.578613 0.140625 0.161133 0.000158072
11 0.60791 0.364746 0.0712891 0.0185547 0.000164628
9 0.208008 0.629883 0.0351562 0.015625 0.000165343
11 0.797852 0.880371 0.0234375 0.0341797 0.000170231
7 0.959961 0.475586 0.0761719 0.179688 0.000173092
9 0.0146484 0.331543 0.0292969 0.0537109 0.000174165
7 0.0234375 0.485352 0.0410156 0.0917969 0.000174522
9 0.463867 0.654297 0.191406 0.371094 0.000174999
11 0.566895 0.384277 0.0576172 0.0400391 0.00017643
9 0.249512 0.601074 0.196289 0.260742 0.000177503
3 0.0561523 0.394531 0.112305 0.123047 0.000179291
11 0.40625 0.362305 0.0664062 0.03125 0.000185847
10 0.76709 0.949219 0.46582 0.0976562 0.000189066
7 0.594727 0.562012 0.0332031 0.0283203 0.000194073
9 0.507812 0.0654297 0.347656 0.130859 0.00019443
13 0.571777 0.514648 0.0302734 0.046875 0.000197649
7 0.565918 0.411133 0.0771484 0.105469 0.000201821
3 0.87793 0.144043 0.244141 0.262695 0.000206113
13 0.625977 0.51123 0.0917969 0.0927734 0.00022912
2 0.587402 0.513672 0.0302734 0.0488281 0.00022912
9 0.569336 0.508789 0.0488281 0.0761719 0.000233054
4 0.538574 0.512695 0.102539 0.0957031 0.00023365
13 0.592285 0.513672 0.0751953 0.0878906 0.000234008
2 0.87793 0.144043 0.244141 0.262695 0.000234604
9 0.578613 0.520508 0.0166016 0.0253906 0.000240088
13 0.866211 0.339355 0.267578 0.313477 0.000241518
7 0.0224609 0.347168 0.0410156 0.0556641 0.000249863
7 0.57959 0.51709 0.0185547 0.0283203 0.000254393
6 0.538574 0.512695 0.102539 0.0957031 0.00026989
11 0.376953 0.358887 0.0820312 0.0205078 0.000278234
11 0.664551 0.37207 0.0576172 0.0371094 0.000282288
3 0.0795898 0.47168 0.15918 0.291016 0.00028348
6 0.525879 0.749512 0.360352 0.12793 0.000294685
6 0.903809 0.176758 0.192383 0.292969 0.000300884
7 0.229492 0.578613 0.140625 0.161133 0.00030756
9 0.981934 0.0126953 0.0146484 0.0195312 0.000313997
7 0.527344 0.749023 0.355469 0.125 0.000331163
8 0.55957 0.506348 0.0625 0.0693359 0.000335217
4 0.527344 0.743164 0.357422 0.154297 0.000339508
9 0.593262 0.562012 0.0322266 0.0263672 0.000344753
1 0.540527 0.519531 0.104492 0.111328 0.00034523
0 0.570801 0.523438 0.0517578 0.0957031 0.000345945
7 0.427246 0.480957 0.0537109 0.118164 0.000348568
8 0.52832 0.748535 0.355469 0.131836 0.000352383
1 0.525879 0.749512 0.360352 0.12793 0.000378132
7 0.246582 0.597656 0.188477 0.269531 0.000381231
11 0.421875 0.367676 0.046875 0.0283203 0.000382185
9 0.424316 0.480469 0.0517578 0.121094 0.000384808
12 0.538574 0.512695 0.102539 0.0957031 0.000397205
5 0.538574 0.512695 0.102539 0.0957031 0.00041461
3 0.90918 0.782227 0.181641 0.183594 0.000431776
13 0.538574 0.512695 0.102539 0.0957031 0.000434637
8 0.319824 0.533203 0.0107422 0.0078125 0.000445843
11 0.564453 0.39502 0.0722656 0.0732422 0.00046134
7 0.538574 0.512695 0.102539 0.0957031 0.000468016
11 0.526367 0.748535 0.357422 0.12793 0.000484228
2 0.525879 0.749512 0.360352 0.12793 0.000489712
11 0.691406 0.391602 0.0546875 0.0449219 0.000496387
3 0.537109 0.914062 0.597656 0.171875 0.000496864
11 0.615723 0.359863 0.0966797 0.0166016 0.000505447
12 0.525879 0.749512 0.360352 0.12793 0.000508785
11 0.623535 0.37207 0.141602 0.0332031 0.000522614
13 0.525879 0.749512 0.360352 0.12793 0.000533104
3 0.926758 0.541504 0.146484 0.245117 0.000539303
13 0.205078 0.628418 0.0488281 0.0185547 0.000547886
13 0.957031 0.47998 0.0820312 0.0380859 0.000560284
10 0.540527 0.519531 0.104492 0.111328 0.00056839
8 0.538574 0.512695 0.102539 0.0957031 0.000607491
5 0.52832 0.748535 0.355469 0.131836 0.000670433
3 0.58252 0.958008 0.549805 0.0839844 0.000687599
10 0.527344 0.749023 0.355469 0.125 0.00072813
2 0.538574 0.512695 0.102539 0.0957031 0.000767708
11 0.591309 0.35498 0.0869141 0.0244141 0.000804424
13 0.903809 0.176758 0.192383 0.292969 0.000805378
11 0.538574 0.512695 0.102539 0.0957031 0.000830173
7 0.0161133 0.33252 0.0322266 0.0634766 0.000887871
9 0.489258 0.541992 0.197266 0.160156 0.000990868
13 0.569336 0.508789 0.0488281 0.0761719 0.00101852
9 0.538574 0.513672 0.100586 0.0976562 0.00104141
8 0.571777 0.514648 0.0302734 0.046875 0.00117016
0 0.525879 0.749512 0.360352 0.12793 0.0012188
3 0.540039 0.510254 0.103516 0.0888672 0.00143147
11 0.578613 0.513184 0.0263672 0.0380859 0.00150681
9 0.52832 0.747559 0.355469 0.133789 0.00154018
11 0.576172 0.373535 0.0800781 0.0341797 0.00154114
11 0.289062 0.379883 0.0664062 0.046875 0.00173664
11 0.592773 0.36377 0.103516 0.0302734 0.00187016
2 0.55957 0.505371 0.0644531 0.0693359 0.00195885
8 0.594238 0.561523 0.0322266 0.0273438 0.00214577
9 0.854004 0.842285 0.0517578 0.0869141 0.0026207
13 0.579102 0.51416 0.0253906 0.0341797 0.0032196
9 0.579102 0.51416 0.0253906 0.0341797 0.00344849
0 0.570312 0.51416 0.0390625 0.0537109 0.0042572
8 0.578613 0.518066 0.0185547 0.0283203 0.00471115
2 0.571777 0.514648 0.0302734 0.046875 0.00548935
11 0.677734 0.382812 0.0585938 0.0390625 0.00621414
0 0.578613 0.513184 0.0244141 0.0380859 0.00678635
2 0.578613 0.520508 0.0166016 0.0253906 0.00727081
0 0.561523 0.501465 0.0605469 0.0654297 0.00739288
0 0.495117 0.535645 0.197266 0.141602 0.00829315
2 0.579102 0.51416 0.0253906 0.0341797 0.141724
3 0.526367 0.748535 0.355469 0.125977 0.488525
0 0.54248 0.511719 0.0966797 0.0898438 0.526367
