8 0.711914 0.42041 0.0175781 0.0146484 0.000460148
2 0.328125 0.305176 0.113281 0.131836 0.000461817
13 0.811035 0.478516 0.0888672 0.292969 0.000462532
8 0.75 0.293945 0.0175781 0.0195312 0.000465155
7 0.253906 0.557129 0.0976562 0.0654297 0.000466585
9 0.801758 0.537598 0.0566406 0.0615234 0.000466585
8 0.779785 0.388672 0.0615234 0.03125 0.000467062
7 0.691895 0.564453 0.0439453 0.0351562 0.000467539
6 0.34375 0.304688 0.0664062 0.0878906 0.000476837
9 0.31543 0.196777 0.177734 0.0791016 0.000477552
9 0.227539 0.299316 0.0449219 0.0166016 0.000480175
9 0.687012 0.378906 0.0302734 0.0214844 0.000481367
13 0.79248 0.453125 0.0146484 0.015625 0.000487089
5 0.702637 0.506836 0.15332 0.177734 0.000487328
5 0.726562 0.549805 0.169922 0.113281 0.000487566
13 0.0209961 0.145508 0.0400391 0.0332031 0.000490189
7 0.271973 0.206055 0.114258 0.0859375 0.000492096
13 0.669434 0.382324 0.120117 0.188477 0.000492573
8 0.650391 0.394043 0.0136719 0.0126953 0.000494003
10 0.797852 0.4375 0.0878906 0.273438 0.000497341
8 0.747559 0.298828 0.0263672 0.0234375 0.000498295
13 0.712402 0.423828 0.178711 0.15625 0.000500679
13 0.236816 0.372559 0.0419922 0.0244141 0.00050211
5 0.67334 0.406738 0.12793 0.213867 0.000502586
9 0.796875 0.519043 0.0664062 0.182617 0.000503063
13 0.756836 0.416992 0.0117188 0.0117188 0.000504017
6 0.299316 0.330078 0.19043 0.181641 0.000505924
8 0.734375 0.412109 0.015625 0.0136719 0.000513554
13 0.19873 0.0761719 0.37793 0.138672 0.000519276
9 0.793457 0.540039 0.0537109 0.0351562 0.000519753
4 0.662598 0.530273 0.0654297 0.0546875 0.000523567
7 0.702148 0.508301 0.150391 0.178711 0.000525475
1 0.752441 0.378418 0.139648 0.176758 0.000532627
7 0.685547 0.378906 0.0332031 0.0234375 0.000543118
11 0.252441 0.235352 0.110352 0.111328 0.000551701
2 0.804688 0.534668 0.0429688 0.0283203 0.000551701
6 0.668457 0.371582 0.0888672 0.147461 0.000555515
9 0.32666 0.29248 0.120117 0.141602 0.000555515
8 0.793457 0.549805 0.0283203 0.0234375 0.000556469
8 0.741211 0.413574 0.0234375 0.0166016 0.00056076
11 0.279297 0.197754 0.078125 0.0634766 0.000561714
2 0.813965 0.529297 0.0498047 0.0644531 0.000561714
9 0.98291 0.0126953 0.0126953 0.0195312 0.000563622
6 0.67334 0.535645 0.0810547 0.0732422 0.000566483
8 0.763672 0.414062 0.0214844 0.0136719 0.00056982
6 0.683105 0.375977 0.0361328 0.0332031 0.00057745
7 0.419434 0.211426 0.0615234 0.0986328 0.000577927
8 0.658691 0.420898 0.0341797 0.03125 0.000578403
11 0.863281 0.70752 0.0332031 0.0478516 0.000584126
7 0.736328 0.364746 0.162109 0.139648 0.000592232
8 0.301758 0.283203 0.0546875 0.0273438 0.000592709
6 0.253906 0.557129 0.0976562 0.0654297 0.000594139
8 0.819336 0.533203 0.0390625 0.046875 0.000594139
7 0.741699 0.503418 0.0185547 0.0146484 0.000594139
11 0.563965 0.333984 0.108398 0.0996094 0.000600338
2 0.564941 0.334473 0.108398 0.100586 0.000600338
11 0.809082 0.405273 0.0712891 0.164062 0.000602245
8 0.792969 0.447754 0.0136719 0.0107422 0.000605583
8 0.657227 0.418457 0.0527344 0.0458984 0.000610352
6 0.701172 0.381348 0.107422 0.0771484 0.00061655
11 0.768066 0.308105 0.0732422 0.0595703 0.000622749
8 0.776855 0.614258 0.0400391 0.0390625 0.000623226
8 0.675293 0.545898 0.104492 0.0878906 0.000627041
8 0.659668 0.412598 0.0263672 0.0224609 0.000627518
6 0.702637 0.506836 0.15332 0.177734 0.000627995
1 0.324707 0.306641 0.147461 0.166016 0.000635147
13 0.80957 0.528809 0.0292969 0.0146484 0.000635147
7 0.0209961 0.135742 0.0419922 0.0195312 0.000640869
8 0.690918 0.377441 0.0517578 0.0361328 0.000645638
7 0.816895 0.528809 0.0107422 0.0107422 0.000648975
13 0.77832 0.525391 0.119141 0.238281 0.000649929
2 0.794434 0.529297 0.0576172 0.078125 0.000651836
8 0.784668 0.508301 0.0146484 0.0126953 0.000659466
6 0.799805 0.435547 0.0917969 0.267578 0.000661373
9 0.82959 0.461426 0.100586 0.303711 0.000673771
10 0.863281 0.70752 0.0332031 0.0478516 0.000673771
2 0.589355 0.293457 0.0166016 0.0107422 0.000689983
8 0.046875 0.428223 0.09375 0.124023 0.000690937
13 0.79541 0.376465 0.0712891 0.186523 0.000691891
9 0.55127 0.585938 0.379883 0.136719 0.000710487
8 0.786133 0.386719 0.0664062 0.09375 0.00071764
5 0.710449 0.364258 0.188477 0.150391 0.000734806
13 0.771484 0.559082 0.109375 0.0849609 0.000740051
9 0.564941 0.334473 0.108398 0.100586 0.000747681
2 0.816406 0.463867 0.0605469 0.244141 0.000752449
5 0.326172 0.29248 0.121094 0.141602 0.000764847
2 0.688965 0.378418 0.0263672 0.0185547 0.000772476
11 0.379395 0.179688 0.108398 0.0546875 0.00077486
2 0.803711 0.455078 0.0566406 0.0800781 0.000776291
2 0.760742 0.335449 0.0839844 0.0947266 0.000781536
7 0.228027 0.298828 0.0458984 0.015625 0.000789165
9 0.822266 0.530762 0.0195312 0.0126953 0.000802517
8 0.834961 0.536133 0.00976562 0.00976562 0.000803471
13 0.123047 0.106934 0.246094 0.209961 0.000806332
13 0.288086 0.289551 0.0722656 0.0556641 0.000806332
8 0.737305 0.487305 0.0292969 0.0253906 0.000807285
9 0.756836 0.416992 0.0117188 0.0117188 0.000809669
8 0.759277 0.30957 0.0224609 0.0175781 0.000817299
8 0.628906 0.349121 0.0214844 0.0185547 0.000822544
5 0.231934 0.516113 0.170898 0.198242 0.000823498
6 0.72998 0.552734 0.114258 0.0820312 0.000824451
9 0.742676 0.503906 0.0185547 0.0136719 0.000844955
11 0.76709 0.308105 0.0439453 0.0341797 0.000845432
9 0.826172 0.535645 0.03125 0.0244141 0.00084734
0 0.512695 0.359375 0.208984 0.146484 0.000847816
8 0.735352 0.48877 0.160156 0.15918 0.000849724
2 0.756836 0.416992 0.0117188 0.0117188 0.000864506
13 0.702148 0.321777 0.185547 0.143555 0.00086689
6 0.317871 0.193848 0.172852 0.0810547 0.000869274
8 0.739258 0.504395 0.0820312 0.0810547 0.000869751
2 0.779785 0.388672 0.0615234 0.03125 0.000880718
13 0.779297 0.378418 0.0625 0.0556641 0.00088501
13 0.760742 0.397949 0.0957031 0.0458984 0.000888824
2 0.789062 0.384766 0.0566406 0.0722656 0.000900745
8 0.806641 0.535645 0.0664062 0.0693359 0.000912666
13 0.788086 0.545898 0.0371094 0.03125 0.000918388
8 0.244629 0.376953 0.0205078 0.0117188 0.000925541
11 0.800293 0.341309 0.0771484 0.182617 0.000938416
9 0.771973 0.387207 0.106445 0.192383 0.00094986
2 0.792969 0.45459 0.0449219 0.174805 0.000956059
13 0.271973 0.206055 0.114258 0.0859375 0.00096035
13 0.768066 0.404785 0.0654297 0.0283203 0.000964642
1 0.782715 0.344727 0.0751953 0.117188 0.000991821
10 0.313965 0.254883 0.204102 0.179688 0.00100803
9 0.738281 0.352051 0.152344 0.125977 0.00101948
13 0.214355 0.303223 0.0498047 0.0244141 0.00101948
7 0.326172 0.29248 0.121094 0.141602 0.00102234
9 0.830566 0.532227 0.0224609 0.0136719 0.00102615
8 0.738281 0.416016 0.0136719 0.0117188 0.00103951
13 0.301758 0.283203 0.0546875 0.0273438 0.00104618
11 0.295898 0.182129 0.0996094 0.0498047 0.00104713
10 0.729004 0.45752 0.229492 0.336914 0.00104809
9 0.791016 0.451172 0.015625 0.0136719 0.00105381
0 0.581543 0.320801 0.0654297 0.0712891 0.00106525
13 0.222656 0.322266 0.0527344 0.0703125 0.00106716
13 0.688965 0.378418 0.0263672 0.0185547 0.00107098
2 0.787109 0.387207 0.0449219 0.0185547 0.00107765
7 0.730957 0.552734 0.116211 0.0839844 0.001091
8 0.791016 0.45459 0.0449219 0.118164 0.00109863
11 0.775391 0.280762 0.0859375 0.106445 0.00110054
8 0.675293 0.360352 0.0341797 0.0292969 0.00110054
2 0.802734 0.518555 0.0703125 0.185547 0.00110245
11 0.811523 0.463867 0.0566406 0.1875 0.00111294
1 0.317871 0.193848 0.172852 0.0810547 0.00111485
13 0.199707 0.495117 0.0517578 0.015625 0.00111485
4 0.787109 0.433105 0.123047 0.288086 0.00112534
8 0.80957 0.528809 0.0292969 0.0146484 0.00115681
13 0.779297 0.538086 0.0566406 0.0234375 0.00116348
2 0.80957 0.528809 0.0292969 0.0146484 0.00117397
11 0.658203 0.189941 0.140625 0.0341797 0.00117779
8 0.789551 0.386719 0.0849609 0.1875 0.00118446
8 0.787109 0.387207 0.0449219 0.0185547 0.00118446
13 0.760742 0.405273 0.130859 0.146484 0.00120354
6 0.713867 0.374023 0.181641 0.166016 0.00120449
12 0.312988 0.266113 0.208008 0.186523 0.00121117
13 0.294922 0.282227 0.0292969 0.0214844 0.00123501
11 0.396973 0.158203 0.0908203 0.0214844 0.00123978
2 0.791504 0.450195 0.00878906 0.00976562 0.00126171
8 0.702148 0.570801 0.0175781 0.0166016 0.00127983
2 0.787598 0.348633 0.0556641 0.0683594 0.00133896
11 0.393066 0.168457 0.0791016 0.0263672 0.00134087
13 0.230957 0.297852 0.0791016 0.0898438 0.00136566
9 0.0473633 0.434082 0.0947266 0.104492 0.00137615
13 0.805664 0.531738 0.0859375 0.110352 0.00139141
13 0.780273 0.544434 0.0761719 0.0478516 0.00141621
3 0.793457 0.424316 0.0908203 0.256836 0.00143623
11 0.359375 0.169922 0.0761719 0.0253906 0.00144482
6 0.819336 0.0913086 0.333984 0.172852 0.00145531
2 0.830566 0.532227 0.0224609 0.0136719 0.00150394
8 0.753418 0.300293 0.0185547 0.0166016 0.00150585
11 0.600586 0.212402 0.103516 0.0732422 0.00150776
13 0.224121 0.294922 0.0556641 0.0351562 0.00152206
8 0.315918 0.266602 0.200195 0.199219 0.001544
13 0.787109 0.387207 0.0449219 0.0185547 0.00157356
8 0.745117 0.505859 0.0332031 0.0253906 0.00159168
8 0.701172 0.381348 0.107422 0.0771484 0.00161076
13 0.293457 0.348145 0.24707 0.223633 0.00163651
8 0.713379 0.402344 0.0107422 0.00976562 0.00165558
2 0.730469 0.35498 0.160156 0.129883 0.00166702
11 0.241211 0.223633 0.0761719 0.0625 0.0016737
8 0.640625 0.33252 0.0136719 0.0126953 0.00167465
3 0.312988 0.266113 0.208008 0.186523 0.00168324
8 0.755859 0.482422 0.0117188 0.0136719 0.00169563
13 0.666992 0.347656 0.0839844 0.121094 0.00174999
7 0.317871 0.193848 0.172852 0.0810547 0.00175953
13 0.243652 0.24707 0.100586 0.101562 0.00177956
8 0.667969 0.45166 0.0136719 0.0126953 0.00178814
3 0.562988 0.331543 0.112305 0.0966797 0.00182343
11 0.827148 0.449219 0.0957031 0.328125 0.00183773
11 0.752441 0.378418 0.139648 0.176758 0.00183868
7 0.779297 0.349609 0.0742188 0.107422 0.00183964
13 0.244141 0.557617 0.105469 0.0683594 0.00190163
2 0.822754 0.533691 0.0322266 0.0224609 0.00192261
13 0.325684 0.288574 0.0751953 0.0849609 0.00194836
8 0.793457 0.455078 0.0205078 0.0175781 0.00197601
13 0.253418 0.302246 0.100586 0.0380859 0.0020237
8 0.782715 0.510742 0.0107422 0.00976562 0.00203514
0 0.312988 0.266113 0.208008 0.186523 0.00204277
12 0.787109 0.433105 0.123047 0.288086 0.00207138
7 0.68457 0.55127 0.111328 0.0927734 0.00211334
13 0.817871 0.528809 0.0107422 0.0107422 0.00212479
13 0.27002 0.302734 0.137695 0.0722656 0.0021534
2 0.822754 0.53125 0.0205078 0.0136719 0.00220108
8 0.29541 0.280273 0.0205078 0.015625 0.00222206
8 0.688477 0.415527 0.015625 0.0146484 0.00222969
9 0.314941 0.268066 0.200195 0.19043 0.00227737
2 0.761719 0.391602 0.125 0.185547 0.00250816
8 0.73291 0.474121 0.217773 0.350586 0.0025444
8 0.822754 0.533691 0.0322266 0.0224609 0.00254631
8 0.697754 0.566406 0.0322266 0.0273438 0.00260735
8 0.816895 0.43457 0.0107422 0.00976562 0.00260925
8 0.830566 0.532227 0.0224609 0.0136719 0.00266838
0 0.728027 0.453613 0.233398 0.323242 0.00271034
4 0.728027 0.453613 0.233398 0.323242 0.00277328
13 0.701172 0.381348 0.107422 0.0771484 0.0027771
11 0.617188 0.178711 0.0664062 0.0214844 0.0027771
13 0.683105 0.375977 0.0361328 0.0332031 0.00278091
12 0.728027 0.453613 0.233398 0.323242 0.00281525
13 0.779785 0.39502 0.0634766 0.0283203 0.00284195
4 0.314941 0.268066 0.200195 0.19043 0.00288773
7 0.661621 0.528809 0.0634766 0.0517578 0.00293922
9 0.77832 0.349609 0.0742188 0.107422 0.00301933
13 0.819336 0.0913086 0.333984 0.172852 0.00310898
13 0.257324 0.277832 0.104492 0.0595703 0.00313187
13 0.341797 0.229492 0.164062 0.126953 0.00314713
8 0.792969 0.552734 0.0175781 0.015625 0.00315475
8 0.777344 0.357422 0.0761719 0.101562 0.00316811
11 0.327637 0.181641 0.157227 0.0664062 0.00333595
3 0.728027 0.453613 0.233398 0.323242 0.00338936
8 0.678223 0.361328 0.0224609 0.0175781 0.00343513
8 0.679688 0.369141 0.0371094 0.0332031 0.00355911
6 0.32666 0.29248 0.12207 0.141602 0.00376511
2 0.79248 0.453125 0.0146484 0.015625 0.00383949
0 0.793457 0.424316 0.0908203 0.256836 0.00390244
8 0.737305 0.416992 0.00976562 0.0078125 0.00423431
7 0.797852 0.436523 0.0839844 0.267578 0.00428772
13 0.229004 0.308105 0.0537109 0.0302734 0.00430298
9 0.662598 0.527832 0.0634766 0.0498047 0.00444794
13 0.799805 0.531738 0.0722656 0.0498047 0.00452423
13 0.242188 0.32959 0.0878906 0.0986328 0.00458145
13 0.28125 0.263672 0.150391 0.105469 0.00495911
13 0.317383 0.194824 0.173828 0.0830078 0.00506973
11 0.575684 0.208496 0.0615234 0.0576172 0.00508881
9 0.816895 0.528809 0.0107422 0.0107422 0.00521469
5 0.315918 0.266602 0.200195 0.199219 0.00543213
13 0.77832 0.388184 0.0761719 0.100586 0.00549316
13 0.239746 0.296387 0.0732422 0.0224609 0.00551987
1 0.322754 0.257324 0.202148 0.176758 0.00558853
8 0.248047 0.37793 0.0117188 0.00976562 0.00558853
1 0.73584 0.451172 0.211914 0.310547 0.00572205
11 0.789062 0.311523 0.0664062 0.0820312 0.00582504
8 0.694336 0.375 0.0175781 0.0136719 0.00587845
8 0.756348 0.305176 0.0166016 0.0146484 0.00710297
13 0.349609 0.326172 0.128906 0.138672 0.00760269
8 0.787109 0.433105 0.123047 0.288086 0.00788116
5 0.26416 0.447754 0.243164 0.350586 0.00812531
8 0.822266 0.530762 0.0195312 0.0126953 0.00856018
7 0.724609 0.45166 0.207031 0.327148 0.00861359
7 0.31543 0.251953 0.193359 0.179688 0.00862122
13 0.790527 0.532715 0.0595703 0.0224609 0.00894928
8 0.661621 0.528809 0.0634766 0.0517578 0.00913239
2 0.817871 0.528809 0.0107422 0.0107422 0.00940704
11 0.258301 0.210938 0.0810547 0.0644531 0.00959015
11 0.31543 0.251953 0.193359 0.179688 0.0104828
13 0.285645 0.318359 0.170898 0.130859 0.0117645
9 0.73584 0.451172 0.211914 0.310547 0.0118027
13 0.0209961 0.135742 0.0419922 0.0175781 0.012146
2 0.308594 0.274414 0.199219 0.162109 0.0132599
1 0.794922 0.435059 0.0878906 0.276367 0.014595
11 0.629883 0.183594 0.111328 0.0234375 0.015152
13 0.725586 0.370117 0.164062 0.150391 0.0157013
11 0.73877 0.448242 0.19043 0.304688 0.0158234
8 0.756836 0.416992 0.0117188 0.0117188 0.0161591
11 0.782715 0.344727 0.0751953 0.117188 0.016983
8 0.688965 0.378906 0.0302734 0.0214844 0.0174713
13 0.779297 0.348145 0.0820312 0.112305 0.0198975
8 0.731934 0.481934 0.0205078 0.0185547 0.0209351
8 0.741211 0.503418 0.0175781 0.0146484 0.0211182
2 0.741211 0.446289 0.189453 0.310547 0.0218964
2 0.782715 0.368164 0.0810547 0.125 0.022049
11 0.375488 0.162109 0.0830078 0.0214844 0.026413
8 0.791016 0.451172 0.015625 0.0136719 0.0269165
9 0.797852 0.4375 0.0878906 0.273438 0.0283966
13 0.34375 0.306641 0.0742188 0.0820312 0.0306702
11 0.293457 0.197266 0.139648 0.0800781 0.0349731
11 0.598633 0.190918 0.0898438 0.0400391 0.0382996
6 0.724609 0.45166 0.207031 0.327148 0.0435181
6 0.314941 0.268066 0.200195 0.19043 0.0498962
11 0.345703 0.172363 0.134766 0.0380859 0.0525208
13 0.227539 0.299316 0.0449219 0.0166016 0.0526428
13 0.789062 0.427246 0.0996094 0.235352 0.0553894
8 0.817871 0.528809 0.0107422 0.0107422 0.0592957
5 0.720703 0.447754 0.201172 0.319336 0.0912476
13 0.32666 0.29248 0.120117 0.141602 0.0971069
3 0.549316 0.59082 0.375977 0.123047 0.117981
11 0.794922 0.435059 0.0878906 0.276367 0.126709
2 0.794922 0.42334 0.0898438 0.260742 0.133179
13 0.73584 0.451172 0.211914 0.310547 0.143677
0 0.563965 0.333984 0.108398 0.0996094 0.473633
13 0.3125 0.269043 0.207031 0.19043 0.475098
