9 0.242676 0.430664 0.0673828 0.0742188 0.000100195
3 0.941895 0.76123 0.0322266 0.0439453 0.000100493
13 0.839355 0.0610352 0.321289 0.12207 0.000100613
11 0.77832 0.179688 0.103516 0.109375 0.000100791
9 0.0229492 0.198242 0.0419922 0.0625 0.000101209
9 0.269043 0.55127 0.202148 0.223633 0.000101566
8 0.236328 0.501465 0.03125 0.0185547 0.000101864
9 0.246094 0.490723 0.0527344 0.0634766 0.000101984
8 0.380859 0.643066 0.0703125 0.0517578 0.000102699
0 0.470703 0.374023 0.0292969 0.0332031 0.000103056
10 0.777344 0.16748 0.0859375 0.0595703 0.000103533
13 0.591797 0.327637 0.0820312 0.0771484 0.000103652
11 0.214355 0.0820312 0.428711 0.164062 0.000103951
13 0.199219 0.51123 0.0585938 0.0263672 0.000104845
9 0.245117 0.464355 0.0136719 0.0107422 0.000104964
11 0.641113 0.144043 0.0966797 0.0283203 0.000108063
13 0.433594 0.56543 0.0800781 0.0605469 0.000108302
7 0.363281 0.625 0.105469 0.0859375 0.000109375
11 0.140137 0.0976562 0.280273 0.185547 0.000109375
11 0.420898 0.135742 0.0722656 0.0234375 0.000109553
13 0.224121 0.505859 0.0947266 0.078125 0.000110507
13 0.253418 0.474609 0.0400391 0.0332031 0.000110745
7 0.941895 0.76416 0.0322266 0.0439453 0.000112176
13 0.243652 0.447266 0.0654297 0.078125 0.000112295
8 0.245605 0.492676 0.0517578 0.0673828 0.000113726
8 0.377441 0.615723 0.0361328 0.0322266 0.000116467
8 0.683594 0.730469 0.0585938 0.0488281 0.000118434
13 0.756836 0.289062 0.0898438 0.0234375 0.000118673
8 0.245605 0.470703 0.0244141 0.0234375 0.000119686
8 0.818359 0.26709 0.0351562 0.0283203 0.000121355
1 0.776855 0.165039 0.0791016 0.0546875 0.000122309
9 0.65625 0.51416 0.0507812 0.0458984 0.000122428
11 0.589844 0.330078 0.0917969 0.0878906 0.000123143
13 0.315918 0.619141 0.0146484 0.0117188 0.000123382
13 0.452637 0.291504 0.0556641 0.0888672 0.000125885
2 0.246094 0.490723 0.0527344 0.0634766 0.0001266
3 0.586914 0.60498 0.34375 0.186523 0.0001297
9 0.609863 0.199707 0.0595703 0.0908203 0.000130177
9 0.525879 0.543945 0.254883 0.457031 0.000130415
9 0.472168 0.372559 0.0498047 0.0458984 0.000130534
3 0.780273 0.0952148 0.427734 0.18457 0.000130773
11 0.754395 0.154785 0.0537109 0.0341797 0.000130892
0 0.778809 0.896484 0.442383 0.207031 0.00013423
8 0.309082 0.112305 0.0205078 0.0195312 0.000134706
13 0.206055 0.509277 0.0917969 0.0380859 0.000137091
8 0.876465 0.50293 0.0244141 0.0195312 0.000138164
13 0.69873 0.297852 0.0439453 0.09375 0.000139952
11 0.24707 0.200684 0.0683594 0.0576172 0.00014019
11 0.931152 0.767578 0.0654297 0.0683594 0.000141025
13 0.206055 0.595215 0.0957031 0.0341797 0.000142574
11 0.397461 0.149414 0.101562 0.0195312 0.000143766
2 0.214355 0.0820312 0.428711 0.164062 0.000146031
11 0.394531 0.159668 0.0742188 0.0205078 0.000148892
13 0.696289 0.320801 0.136719 0.178711 0.000149131
11 0.69873 0.138672 0.147461 0.0292969 0.000149727
11 0.435059 0.202148 0.0615234 0.0917969 0.000151157
13 0.697754 0.26416 0.0419922 0.0771484 0.000151992
12 0.791504 0.252441 0.28418 0.229492 0.00015223
8 0.23877 0.520508 0.0166016 0.00976562 0.000153184
8 0.83252 0.26709 0.0146484 0.0166016 0.00015378
11 0.470215 0.370117 0.0322266 0.046875 0.00015521
13 0.250488 0.463379 0.0341797 0.0166016 0.000155568
8 0.832031 0.475098 0.0273438 0.0244141 0.000156164
11 0.602539 0.183105 0.0644531 0.0693359 0.000156641
11 0.746582 0.166504 0.198242 0.0830078 0.000158548
8 0.472168 0.365723 0.0341797 0.0537109 0.000158906
8 0.691895 0.433105 0.0185547 0.0185547 0.000161529
8 0.333984 0.498535 0.00976562 0.00878906 0.000163198
11 0.777832 0.164551 0.0537109 0.0380859 0.00016892
13 0.674316 0.405273 0.0947266 0.126953 0.000172496
9 0.697754 0.283691 0.0615234 0.161133 0.000185251
10 0.589844 0.330078 0.0917969 0.0878906 0.000191689
11 0.407715 0.167969 0.116211 0.0546875 0.000194192
13 0.470215 0.370117 0.0322266 0.046875 0.000199556
11 0.623047 0.165527 0.0507812 0.0205078 0.000202894
11 0.669434 0.159668 0.133789 0.0380859 0.000209689
13 0.245117 0.464355 0.0136719 0.0107422 0.000217676
13 0.754395 0.341309 0.139648 0.0751953 0.000218034
7 0.828125 0.266113 0.0273438 0.0224609 0.000219107
13 0.671387 0.325684 0.0927734 0.110352 0.000221848
8 0.816895 0.541504 0.0126953 0.00878906 0.000223875
0 0.0893555 0.881348 0.178711 0.237305 0.000226021
9 0.525391 0.362793 0.191406 0.180664 0.000229478
9 0.650879 0.501465 0.0791016 0.0888672 0.00024116
11 0.913574 0.291504 0.172852 0.399414 0.000242233
11 0.387695 0.177246 0.105469 0.0263672 0.000244141
5 0.823242 0.598145 0.183594 0.227539 0.000247955
8 0.31543 0.622559 0.0410156 0.0380859 0.000252008
3 0.585938 0.32959 0.0976562 0.0830078 0.000258446
3 0.703125 0.887695 0.535156 0.224609 0.000259399
13 0.256348 0.54248 0.15918 0.206055 0.000260592
11 0.72998 0.146973 0.0869141 0.0263672 0.000262976
8 0.904785 0.549805 0.0283203 0.0351562 0.000263453
8 0.221191 0.532715 0.0244141 0.0224609 0.00026536
0 0.528809 0.382812 0.196289 0.175781 0.000270844
11 0.352539 0.171387 0.146484 0.0361328 0.000274897
11 0.623535 0.136719 0.0634766 0.0234375 0.000278473
4 0.589355 0.329102 0.0908203 0.0859375 0.000285625
13 0.742188 0.295898 0.0683594 0.0292969 0.000291348
8 0.23584 0.508301 0.0146484 0.0185547 0.000295877
13 0.70752 0.26416 0.0498047 0.12793 0.000296116
2 0.464355 0.375977 0.0537109 0.0996094 0.000304461
13 0.461426 0.362305 0.0498047 0.0839844 0.000305653
9 0.825195 0.265137 0.03125 0.0244141 0.000308037
2 0.59375 0.327148 0.0820312 0.078125 0.000312567
13 0.875 0.662598 0.0664062 0.0361328 0.000319004
9 0.315918 0.618652 0.0146484 0.0126953 0.000320911
13 0.230957 0.476562 0.0888672 0.0761719 0.000322342
9 0.309082 0.112305 0.0205078 0.0195312 0.000324965
11 0.421875 0.145996 0.0742188 0.0224609 0.000326872
8 0.331543 0.535156 0.0146484 0.0136719 0.00033021
13 0.214355 0.0820312 0.428711 0.164062 0.000333309
8 0.315918 0.621094 0.0224609 0.0195312 0.000346422
13 0.22998 0.460938 0.0888672 0.03125 0.000346899
13 0.422852 0.566895 0.0664062 0.0302734 0.000352621
8 0.242676 0.500488 0.0302734 0.0419922 0.000375748
13 0.73584 0.303223 0.0869141 0.0537109 0.0003829
11 0.702148 0.151855 0.162109 0.0361328 0.000384092
9 0.515137 0.456543 0.155273 0.393555 0.000415087
8 0.237793 0.502441 0.0146484 0.0166016 0.000422955
8 0.25293 0.536133 0.0214844 0.015625 0.000424862
8 0.236816 0.502441 0.00878906 0.00878906 0.000425339
8 0.233398 0.518066 0.0078125 0.00878906 0.000429869
13 0.246094 0.491211 0.0546875 0.0644531 0.000435829
11 0.415527 0.154297 0.0947266 0.0351562 0.000482798
11 0.608398 0.168457 0.0664062 0.0341797 0.000552654
11 0.0922852 0.753906 0.0361328 0.0585938 0.000570774
8 0.248535 0.465332 0.0224609 0.0146484 0.000594616
0 0.568848 0.348633 0.147461 0.142578 0.000607014
2 0.315918 0.619141 0.0146484 0.0117188 0.000657082
9 0.465332 0.36377 0.0498047 0.0908203 0.000661373
10 0.937988 0.752441 0.0419922 0.0537109 0.000676155
10 0.0947266 0.754395 0.0332031 0.0439453 0.000786781
13 0.234375 0.413574 0.0488281 0.0224609 0.000788689
2 0.466797 0.363281 0.0371094 0.0605469 0.000806808
13 0.241699 0.422852 0.0693359 0.0546875 0.00100327
13 0.689941 0.362793 0.0771484 0.161133 0.00103569
11 0.942871 0.752441 0.0419922 0.0537109 0.00104618
5 0.269043 0.55127 0.202148 0.223633 0.00106812
11 0.634766 0.155273 0.101562 0.0371094 0.00113583
7 0.589355 0.329102 0.0908203 0.0859375 0.00114536
11 0.280762 0.181152 0.0830078 0.0517578 0.00117493
13 0.72168 0.334473 0.111328 0.110352 0.00118923
8 0.332031 0.535645 0.00976562 0.00878906 0.00125027
9 0.435059 0.202148 0.0615234 0.0917969 0.00133133
7 0.435059 0.202148 0.0615234 0.0917969 0.00148392
8 0.245117 0.464355 0.0136719 0.0107422 0.00163555
8 0.820312 0.578613 0.0195312 0.0185547 0.00185204
13 0.241699 0.40625 0.0654297 0.0273438 0.00193882
8 0.828125 0.266602 0.0253906 0.0214844 0.0021801
9 0.470703 0.374023 0.0292969 0.0332031 0.00220871
11 0.750488 0.154297 0.0986328 0.0449219 0.00235748
8 0.472168 0.374023 0.0283203 0.0292969 0.0024128
11 0.79541 0.174316 0.0615234 0.0478516 0.00316238
9 0.589355 0.329102 0.0908203 0.0859375 0.00334549
13 0.694336 0.297852 0.0644531 0.162109 0.00421906
11 0.395508 0.166016 0.115234 0.0273438 0.00442505
8 0.597168 0.32666 0.0751953 0.0791016 0.00611115
8 0.315918 0.618652 0.0146484 0.0126953 0.00793457
2 0.470703 0.374023 0.0292969 0.0332031 0.0100784
10 0.941895 0.76416 0.0302734 0.0439453 0.0143814
11 0.941895 0.76416 0.0302734 0.0439453 0.0209045
11 0.261719 0.189453 0.0644531 0.0449219 0.0221863
11 0.776855 0.165039 0.0810547 0.0546875 0.0291901
0 0.585938 0.32959 0.0976562 0.0830078 0.0328979
