0 0.0473633 0.944336 0.0947266 0.0859375 0.000100076
8 0.288086 0.544922 0.107422 0.0566406 0.000100911
7 0.732422 0.709961 0.257812 0.0585938 0.000101507
9 0.62207 0.478516 0.107422 0.115234 0.000101566
11 0.371582 0.293457 0.0849609 0.0185547 0.000101686
8 0.437988 0.545898 0.0576172 0.0488281 0.000101924
11 0.558105 0.409668 0.0830078 0.104492 0.000102103
9 0.499023 0.759277 0.195312 0.46582 0.000102222
9 0.684082 0.489746 0.237305 0.291992 0.00010252
12 0.33252 0.344238 0.15332 0.0673828 0.000103056
13 0.643066 0.432129 0.0380859 0.0478516 0.000103474
9 0.619629 0.461914 0.0576172 0.0488281 0.000103593
9 0.569336 0.0126953 0.0546875 0.0253906 0.000104785
11 0.432129 0.604492 0.125977 0.167969 0.000104845
7 0.422363 0.538574 0.0537109 0.0478516 0.000104964
10 0.108887 0.850586 0.217773 0.257812 0.000106335
3 0.838867 0.467773 0.322266 0.318359 0.000107527
4 0.558105 0.409668 0.0830078 0.104492 0.000107825
11 0.39209 0.270996 0.0927734 0.0302734 0.000108778
12 0.277832 0.520996 0.24707 0.131836 0.000109076
9 0.584961 0.0385742 0.0253906 0.0263672 0.000109136
9 0.868164 0.575195 0.0117188 0.0117188 0.000109375
13 0.338379 0.402832 0.12207 0.0498047 0.000112295
8 0.386719 0.449219 0.0292969 0.0234375 0.00011301
13 0.0883789 0.68457 0.0634766 0.119141 0.000113666
5 0.277832 0.512207 0.231445 0.0947266 0.00011462
7 0.301758 0.598633 0.0566406 0.0371094 0.000117838
9 0.13916 0.574707 0.0283203 0.124023 0.000119269
3 0.858887 0.0791016 0.282227 0.150391 0.000119328
8 0.272461 0.514648 0.0917969 0.0234375 0.000119388
5 0.327148 0.425293 0.162109 0.0849609 0.000119686
9 0.187012 0.415039 0.00878906 0.00976562 0.000119805
9 0.327148 0.348633 0.25 0.171875 0.000120163
11 0.297363 0.00634766 0.0458984 0.0126953 0.000120223
13 0.288574 0.397461 0.260742 0.123047 0.000120223
0 0.293457 0.447754 0.241211 0.124023 0.000121713
11 0.336914 0.00634766 0.0527344 0.0126953 0.000122666
10 0.575195 0.0195312 0.0585938 0.0390625 0.000124812
9 0.189941 0.601562 0.0126953 0.0195312 0.000125408
10 0.0776367 0.814453 0.155273 0.166016 0.000126243
8 0.31543 0.460938 0.144531 0.105469 0.000127316
8 0.663086 0.495605 0.0253906 0.0205078 0.000127435
2 0.115723 0.112305 0.211914 0.197266 0.000128627
9 0.269043 0.611328 0.229492 0.134766 0.000128984
9 0.585449 0.0180664 0.0517578 0.0361328 0.000129342
11 0.842773 0.867188 0.314453 0.265625 0.0001297
9 0.180664 0.411621 0.0273438 0.0224609 0.000130296
10 0.710449 0.728516 0.311523 0.0683594 0.000130892
11 0.55957 0.263184 0.046875 0.0185547 0.000131011
13 0.641602 0.430176 0.0234375 0.0322266 0.000133038
7 0.323242 0.42334 0.0761719 0.0576172 0.000133157
13 0.656738 0.467285 0.0986328 0.124023 0.000133395
9 0.422363 0.538574 0.0537109 0.0478516 0.00013411
9 0.57373 0.446777 0.0830078 0.163086 0.000135303
8 0.34375 0.538574 0.0273438 0.0224609 0.000136375
7 0.410645 0.570312 0.0810547 0.117188 0.000137448
1 0.286133 0.513672 0.232422 0.0742188 0.000137925
8 0.302246 0.564941 0.0439453 0.0361328 0.000138998
10 0.284668 0.697754 0.260742 0.0693359 0.000142932
9 0.790039 0.59082 0.0917969 0.0820312 0.000144362
9 0.791016 0.587402 0.134766 0.305664 0.000145197
8 0.418945 0.551758 0.0742188 0.0742188 0.000145316
9 0.666992 0.491699 0.015625 0.0146484 0.000147104
5 0.117188 0.108887 0.222656 0.198242 0.00014782
11 0.706543 0.309082 0.0439453 0.0361328 0.000147939
11 0.366211 0.271973 0.0664062 0.0205078 0.000148058
9 0.219238 0.600098 0.0712891 0.0439453 0.000148535
9 0.523926 0.556641 0.264648 0.371094 0.000148535
6 0.0991211 0.675781 0.0595703 0.0703125 0.000148773
10 0.222656 0.897461 0.445312 0.205078 0.000149488
12 0.281738 0.342773 0.331055 0.255859 0.000150204
7 0.21875 0.466309 0.140625 0.145508 0.000151277
13 0.271973 0.524902 0.139648 0.0458984 0.000153899
13 0.314941 0.52002 0.0556641 0.0166016 0.000155687
9 0.760742 0.510254 0.0214844 0.0146484 0.000155926
4 0.432129 0.604492 0.125977 0.167969 0.000156403
6 0.313965 0.517578 0.15332 0.046875 0.000157833
9 0.430664 0.664062 0.0957031 0.0996094 0.000158072
0 0.0991211 0.675781 0.0595703 0.0703125 0.000158191
6 0.313965 0.504395 0.192383 0.15332 0.000158548
11 0.592773 0.284668 0.0605469 0.0166016 0.000158906
8 0.0244141 0.404297 0.0410156 0.0449219 0.000159979
9 0.687012 0.45166 0.204102 0.125977 0.000160575
6 0.291016 0.401367 0.25 0.146484 0.000161529
5 0.225586 0.188965 0.451172 0.336914 0.000161648
10 0.333496 0.0112305 0.0849609 0.0224609 0.000164628
9 0.664062 0.545898 0.0996094 0.0898438 0.000164747
3 0.225098 0.897461 0.450195 0.205078 0.000164866
12 0.221191 0.300293 0.442383 0.500977 0.00016582
9 0.466797 0.665527 0.169922 0.233398 0.00016582
6 0.300293 0.460938 0.120117 0.0898438 0.000168324
12 0.765625 0.649414 0.21875 0.195312 0.000171185
11 0.610352 0.290527 0.136719 0.0322266 0.000172973
13 0.27002 0.547363 0.0400391 0.0283203 0.000177383
8 0.299805 0.60498 0.0664062 0.0380859 0.000184894
8 0.622559 0.462891 0.0498047 0.0390625 0.000185013
13 0.359375 0.455566 0.158203 0.129883 0.000186086
11 0.368164 0.012207 0.078125 0.0244141 0.000186682
9 0.50293 0.444824 0.175781 0.202148 0.000188351
9 0.157715 0.416992 0.0283203 0.0214844 0.000190496
11 0.593262 0.259277 0.0634766 0.0146484 0.000193
9 0.672363 0.433105 0.104492 0.0751953 0.000195026
13 0.29248 0.519043 0.0615234 0.0185547 0.000197172
11 0.22168 0.344238 0.0546875 0.0380859 0.000198007
7 0.404785 0.46875 0.0947266 0.121094 0.000200629
13 0.297852 0.526855 0.078125 0.0283203 0.000200987
9 0.221191 0.300293 0.442383 0.500977 0.000204206
10 0.368164 0.012207 0.078125 0.0244141 0.000204921
0 0.55957 0.414062 0.0859375 0.119141 0.000205517
8 0.286133 0.520996 0.240234 0.0791016 0.000206351
7 0.27002 0.547363 0.0400391 0.0283203 0.000208735
12 0.733398 0.718262 0.269531 0.0888672 0.000213027
9 0.779297 0.587891 0.130859 0.130859 0.000213861
4 0.271973 0.505371 0.229492 0.151367 0.000214577
6 0.288574 0.519043 0.106445 0.0283203 0.000219345
8 0.316895 0.425293 0.170898 0.0888672 0.000219345
8 0.643555 0.510742 0.0410156 0.0273438 0.000220299
4 0.286133 0.461914 0.146484 0.105469 0.000222564
9 0.280762 0.51709 0.108398 0.0244141 0.000222802
7 0.280273 0.54541 0.0664062 0.0400391 0.000226021
1 0.327148 0.436035 0.181641 0.110352 0.000234365
13 0.29541 0.504395 0.112305 0.0419922 0.000234842
9 0.297852 0.52002 0.210938 0.0498047 0.000236869
6 0.349609 0.46875 0.181641 0.144531 0.000238657
11 0.37207 0.266113 0.0488281 0.0126953 0.000239134
13 0.258789 0.512207 0.103516 0.0263672 0.000239611
6 0.288574 0.537109 0.108398 0.0546875 0.000242472
7 0.347656 0.640137 0.105469 0.0634766 0.00024581
8 0.334473 0.660156 0.0107422 0.0117188 0.00024581
9 0.723633 0.670898 0.28125 0.164062 0.000251055
0 0.0888672 0.888184 0.177734 0.223633 0.000252247
11 0.598633 0.027832 0.0429688 0.0556641 0.000253439
0 0.631348 0.926758 0.170898 0.136719 0.000257254
8 0.797363 0.476074 0.0458984 0.0478516 0.000261307
7 0.30127 0.431641 0.104492 0.0351562 0.000262976
8 0.280273 0.54541 0.0664062 0.0400391 0.000263929
9 0.352051 0.34668 0.0302734 0.0253906 0.000265598
13 0.31543 0.45459 0.128906 0.102539 0.00026679
12 0.270508 0.689941 0.273438 0.0908203 0.000268221
13 0.350586 0.447754 0.109375 0.0537109 0.000272751
3 0.160645 0.131348 0.321289 0.217773 0.000274658
1 0.225586 0.188965 0.451172 0.336914 0.000276089
9 0.150391 0.421387 0.015625 0.0146484 0.000277519
3 0.293457 0.447754 0.241211 0.124023 0.00028038
7 0.225586 0.188965 0.451172 0.336914 0.000280857
2 0.666992 0.491699 0.015625 0.0146484 0.000281096
1 0.0991211 0.675781 0.0595703 0.0703125 0.000282526
8 0.225586 0.188965 0.451172 0.336914 0.000284195
7 0.428223 0.360352 0.0458984 0.0761719 0.000284195
9 0.680176 0.360352 0.237305 0.181641 0.000285864
2 0.225586 0.188965 0.451172 0.336914 0.000286102
13 0.271484 0.431152 0.183594 0.0673828 0.000289917
7 0.313965 0.517578 0.15332 0.046875 0.000289917
7 0.327148 0.61377 0.138672 0.108398 0.000302315
11 0.568359 0.300293 0.0683594 0.0439453 0.000302315
9 0.791504 0.696777 0.139648 0.106445 0.000303745
4 0.225586 0.188965 0.451172 0.336914 0.000324726
0 0.0634766 0.896484 0.126953 0.123047 0.000335455
10 0.829102 0.842773 0.341797 0.314453 0.000336409
11 0.0991211 0.675781 0.0595703 0.0703125 0.000337362
9 0.275391 0.691895 0.273438 0.0771484 0.000337839
10 0.286133 0.513672 0.232422 0.0742188 0.0003407
10 0.225586 0.188965 0.451172 0.336914 0.000343323
6 0.277344 0.563477 0.238281 0.142578 0.000346661
12 0.680176 0.360352 0.237305 0.181641 0.000349522
11 0.394531 0.269043 0.0644531 0.0185547 0.000351906
8 0.351562 0.656738 0.0175781 0.0146484 0.000352144
6 0.117188 0.108887 0.222656 0.198242 0.000352383
11 0.333496 0.0112305 0.0849609 0.0224609 0.00036025
9 0.299805 0.429688 0.294922 0.259766 0.000360966
8 0.426758 0.595215 0.107422 0.15918 0.000362396
13 0.30127 0.4375 0.112305 0.046875 0.00036788
11 0.573242 0.266113 0.09375 0.0302734 0.00038147
6 0.225586 0.188965 0.451172 0.336914 0.000388145
13 0.318848 0.520508 0.100586 0.0214844 0.000392437
11 0.225586 0.188965 0.451172 0.336914 0.000400782
9 0.790039 0.593262 0.0625 0.0400391 0.000427008
13 0.280762 0.538086 0.0966797 0.0507812 0.000432253
8 0.292969 0.556641 0.0195312 0.015625 0.000435591
8 0.351562 0.34668 0.03125 0.0234375 0.000447035
7 0.271484 0.431152 0.183594 0.0673828 0.000448465
12 0.0991211 0.675781 0.0595703 0.0703125 0.000448704
4 0.286133 0.513672 0.232422 0.0742188 0.000455856
10 0.59668 0.00732422 0.0410156 0.0146484 0.00046587
9 0.663086 0.699707 0.175781 0.0517578 0.000466585
9 0.428711 0.364746 0.046875 0.0654297 0.000475407
9 0.745117 0.736328 0.255859 0.0996094 0.000479698
12 0.303223 0.336914 0.256836 0.134766 0.000482798
11 0.575195 0.0126953 0.0527344 0.0253906 0.000488281
9 0.277832 0.520996 0.24707 0.131836 0.000494003
7 0.280762 0.51709 0.108398 0.0244141 0.000497818
13 0.65625 0.433594 0.078125 0.0800781 0.000508785
2 0.293457 0.447754 0.241211 0.124023 0.00052309
0 0.291992 0.50293 0.269531 0.248047 0.000526428
8 0.36084 0.484863 0.0166016 0.0146484 0.000530243
13 0.0991211 0.675781 0.0595703 0.0703125 0.000535965
7 0.288086 0.537598 0.109375 0.0537109 0.000552177
7 0.286621 0.57959 0.249023 0.161133 0.00055933
9 0.46582 0.558105 0.150391 0.274414 0.000559807
9 0.316406 0.400391 0.214844 0.125 0.000583172
11 0.59668 0.00732422 0.0410156 0.0146484 0.000590324
10 0.591797 0.0258789 0.046875 0.0517578 0.000597
9 0.417969 0.575195 0.0898438 0.121094 0.000602245
4 0.316406 0.424805 0.171875 0.0878906 0.000605583
11 0.860352 0.749023 0.0253906 0.0371094 0.00060606
10 0.859375 0.749023 0.0253906 0.0371094 0.00063467
9 0.338379 0.427734 0.155273 0.09375 0.000653267
3 0.291992 0.50293 0.269531 0.248047 0.000657558
11 0.144043 0.746094 0.0302734 0.0332031 0.000701427
8 0.422363 0.538086 0.0537109 0.0449219 0.000709534
2 0.0991211 0.675781 0.0595703 0.0703125 0.00072813
10 0.144043 0.746094 0.0302734 0.0332031 0.000737667
8 0.555664 0.405762 0.0839844 0.102539 0.000740528
13 0.225586 0.188965 0.451172 0.336914 0.000741005
11 0.278809 0.518066 0.27832 0.270508 0.000743389
12 0.730469 0.565918 0.273438 0.352539 0.000798702
12 0.28418 0.450684 0.251953 0.129883 0.000804901
8 0.297852 0.605469 0.0234375 0.0195312 0.000855446
13 0.115723 0.112305 0.211914 0.197266 0.000888824
9 0.730469 0.565918 0.273438 0.352539 0.0008955
1 0.266113 0.450195 0.231445 0.126953 0.000908852
7 0.365234 0.450195 0.150391 0.140625 0.000955582
4 0.0991211 0.675781 0.0595703 0.0703125 0.000956535
7 0.300293 0.460938 0.120117 0.0898438 0.00102043
7 0.264648 0.511719 0.236328 0.142578 0.00106812
8 0.286133 0.515625 0.292969 0.277344 0.00109196
9 0.168457 0.413086 0.0478516 0.0253906 0.00111866
10 0.293457 0.447754 0.241211 0.124023 0.00112152
11 0.580566 0.254883 0.0576172 0.0117188 0.00112438
3 0.556152 0.635742 0.350586 0.146484 0.00113964
2 0.291992 0.50293 0.269531 0.248047 0.00115108
9 0.524902 0.635742 0.303711 0.15625 0.00116062
13 0.312988 0.51416 0.18457 0.15332 0.00117207
8 0.666992 0.491699 0.015625 0.0146484 0.00124645
7 0.432129 0.604492 0.125977 0.167969 0.00128555
8 0.269531 0.547363 0.0429688 0.0263672 0.00139713
10 0.588379 0.0126953 0.0458984 0.0253906 0.00149059
8 0.306641 0.602051 0.0390625 0.0263672 0.00152683
9 0.187012 0.410156 0.0126953 0.0214844 0.00154114
6 0.327148 0.425293 0.162109 0.0849609 0.00154495
8 0.762207 0.511719 0.0205078 0.015625 0.00156689
13 0.313965 0.517578 0.15332 0.046875 0.00169468
11 0.591797 0.0151367 0.0449219 0.0302734 0.00170803
6 0.286133 0.513672 0.232422 0.0742188 0.0018816
11 0.28418 0.450684 0.251953 0.129883 0.0019083
7 0.292969 0.400879 0.251953 0.145508 0.00195122
11 0.577637 0.289551 0.0830078 0.0244141 0.00195885
12 0.279297 0.554199 0.294922 0.272461 0.00206947
9 0.0952148 0.67627 0.0556641 0.0732422 0.00208664
7 0.555664 0.405762 0.0839844 0.102539 0.00216484
13 0.327148 0.425293 0.162109 0.0849609 0.00227165
5 0.293457 0.447754 0.241211 0.124023 0.00240135
1 0.29248 0.499023 0.268555 0.240234 0.00277519
7 0.0991211 0.675781 0.0595703 0.0703125 0.00299072
8 0.295898 0.452637 0.251953 0.141602 0.00318527
9 0.711914 0.709961 0.285156 0.0546875 0.0034008
7 0.286133 0.513672 0.232422 0.0742188 0.00374603
8 0.0991211 0.67627 0.0634766 0.0712891 0.00387573
11 0.377441 0.264648 0.0791016 0.0175781 0.00470352
9 0.433594 0.617188 0.128906 0.1875 0.00520325
11 0.573242 0.256348 0.0839844 0.0185547 0.00527573
7 0.325684 0.423828 0.161133 0.0917969 0.00538254
13 0.286133 0.520996 0.240234 0.0791016 0.00546646
13 0.285645 0.518066 0.106445 0.0244141 0.00582123
5 0.291992 0.50293 0.269531 0.248047 0.00601959
10 0.285645 0.505371 0.268555 0.25293 0.00683975
4 0.286133 0.515625 0.292969 0.277344 0.0072937
9 0.27832 0.519531 0.277344 0.277344 0.00836182
9 0.555664 0.405762 0.0839844 0.102539 0.00849152
13 0.290527 0.512207 0.276367 0.25293 0.00911713
13 0.288574 0.450195 0.229492 0.130859 0.0137024
9 0.28418 0.450684 0.251953 0.129883 0.0138321
4 0.293457 0.455078 0.25293 0.142578 0.0175171
6 0.288574 0.450195 0.233398 0.126953 0.0223694
6 0.291016 0.499512 0.271484 0.245117 0.0344543
7 0.289062 0.508301 0.287109 0.262695 0.0672607
7 0.27832 0.449219 0.240234 0.132812 0.135376
