11 0.708008 0.744141 0.0292969 0.0234375 0.000100076
13 0.402832 0.182617 0.0810547 0.0917969 0.000100374
13 0.362305 0.702637 0.123047 0.0615234 0.000100553
9 0.588379 0.179688 0.0634766 0.121094 0.000100613
13 0.268555 0.476562 0.333984 0.546875 0.00010097
7 0.177734 0.352539 0.0703125 0.0449219 0.000101089
9 0.404785 0.367188 0.217773 0.234375 0.000101924
9 0.40625 0.83252 0.478516 0.311523 0.000101984
12 0.509277 0.729004 0.211914 0.541992 0.00010246
13 0.708008 0.641113 0.119141 0.0576172 0.000102818
1 0.0771484 0.810059 0.0449219 0.0615234 0.000103354
8 0.828613 0.740234 0.0205078 0.0195312 0.000103951
9 0.450684 0.523438 0.0263672 0.0292969 0.000104249
3 0.27002 0.229004 0.350586 0.213867 0.000104606
13 0.721191 0.646484 0.0693359 0.0449219 0.000104964
11 0.606445 0.160156 0.0859375 0.0625 0.000105321
2 0.347656 0.702148 0.117188 0.0605469 0.000105917
9 0.429688 0.414062 0.0625 0.119141 0.000106275
11 0.304688 0.159668 0.298828 0.0634766 0.000106454
13 0.421387 0.506348 0.0322266 0.0556641 0.000106692
2 0.375488 0.353027 0.0654297 0.0556641 0.000106871
3 0.603516 0.601562 0.402344 0.386719 0.000107527
8 0.67627 0.348145 0.0498047 0.0478516 0.000108778
13 0.443848 0.447266 0.0439453 0.0449219 0.000108957
13 0.700195 0.30957 0.0996094 0.199219 0.000109196
9 0.699707 0.557617 0.196289 0.251953 0.000109375
13 0.672852 0.234375 0.0605469 0.105469 0.000109732
0 0.591797 0.285645 0.0839844 0.0673828 0.00011009
2 0.632324 0.710938 0.0810547 0.0507812 0.000110269
13 0.0327148 0.312012 0.0634766 0.307617 0.000111103
12 0.743652 0.499512 0.321289 0.631836 0.000111461
2 0.189941 0.166992 0.116211 0.0859375 0.000111639
13 0.275879 0.278809 0.114258 0.0673828 0.00011307
9 0.654297 0.881348 0.607422 0.21582 0.000114977
9 0.442871 0.459961 0.0615234 0.203125 0.000114977
10 0.883789 0.981934 0.0605469 0.0361328 0.000115931
3 0.189941 0.166992 0.116211 0.0859375 0.000115991
11 0.876465 0.980957 0.0693359 0.0380859 0.000116408
9 0.703125 0.737305 0.03125 0.0214844 0.000118136
13 0.216309 0.144531 0.0869141 0.0546875 0.000119328
8 0.544434 0.381836 0.0419922 0.0390625 0.000119448
13 0.189941 0.166992 0.116211 0.0859375 0.000119686
9 0.747559 0.77832 0.338867 0.103516 0.000120103
5 0.737793 0.539551 0.297852 0.55957 0.000120282
6 0.356934 0.650879 0.0927734 0.0830078 0.000121057
9 0.0771484 0.810059 0.0449219 0.0615234 0.000121355
11 0.806152 0.144043 0.104492 0.0654297 0.000121355
9 0.963379 0.478027 0.0595703 0.670898 0.000123382
2 0.429688 0.414062 0.0625 0.119141 0.000123978
13 0.438965 0.374512 0.0556641 0.0400391 0.000124335
9 0.536621 0.371094 0.194336 0.375 0.000125051
12 0.744141 0.256836 0.296875 0.234375 0.000125051
11 0.377441 0.148926 0.0869141 0.0615234 0.000125051
11 0.395996 0.103027 0.0615234 0.0224609 0.000125289
0 0.603027 0.385254 0.151367 0.256836 0.000125527
9 0.397461 0.543945 0.148438 0.46875 0.000126123
7 0.577637 0.302734 0.116211 0.101562 0.00012815
9 0.62793 0.362305 0.15625 0.253906 0.000128508
13 0.699219 0.608887 0.216797 0.297852 0.000131011
8 0.012207 0.288574 0.0244141 0.102539 0.000131249
9 0.449707 0.374023 0.0439453 0.0351562 0.000131726
13 0.0766602 0.812012 0.0419922 0.0576172 0.000133634
11 0.403809 0.166992 0.108398 0.144531 0.000134349
9 0.289551 0.166992 0.295898 0.126953 0.000135183
13 0.161621 0.697266 0.0498047 0.0429688 0.000135303
5 0.509277 0.729004 0.211914 0.541992 0.000135422
2 0.606934 0.35791 0.0595703 0.0693359 0.000135899
9 0.558594 0.330078 0.167969 0.162109 0.000136852
9 0.540039 0.72168 0.132812 0.333984 0.000136852
9 0.735352 0.74707 0.283203 0.0625 0.00013864
13 0.404785 0.367188 0.217773 0.234375 0.000139952
13 0.298828 0.631348 0.0800781 0.0908203 0.00014019
9 0.628418 0.396484 0.0986328 0.154297 0.000140429
8 0.314941 0.76709 0.0322266 0.0224609 0.000141978
13 0.64502 0.688477 0.0615234 0.09375 0.00014317
13 0.420898 0.508301 0.0136719 0.0458984 0.00014317
11 0.388184 0.161621 0.0556641 0.0419922 0.000145555
10 0.0791016 0.825195 0.0644531 0.0703125 0.000145674
2 0.136719 0.916016 0.0195312 0.0214844 0.000146031
0 0.59668 0.313965 0.1875 0.149414 0.000146747
13 0.594727 0.196777 0.0722656 0.0888672 0.000146747
13 0.395996 0.329102 0.116211 0.130859 0.000146985
2 0.394043 0.365234 0.0478516 0.046875 0.000146985
9 0.0332031 0.318359 0.0664062 0.328125 0.000147104
7 0.216309 0.144531 0.0869141 0.0546875 0.000147104
9 0.20166 0.163086 0.12207 0.0859375 0.000147343
9 0.597168 0.450684 0.231445 0.37793 0.000148296
11 0.575684 0.303223 0.12207 0.100586 0.000148535
10 0.217285 0.143555 0.0908203 0.0546875 0.00014925
7 0.0141602 0.285156 0.0263672 0.205078 0.000149488
0 0.0771484 0.807129 0.0429688 0.0615234 0.000152349
11 0.768555 0.109863 0.130859 0.0732422 0.000152469
11 0.194336 0.161133 0.0585938 0.0449219 0.000153542
8 0.737305 0.653809 0.03125 0.0322266 0.000154018
12 0.503418 0.508301 0.206055 0.549805 0.000154495
2 0.410645 0.380371 0.0224609 0.0166016 0.00015521
9 0.1875 0.351074 0.0839844 0.0478516 0.000155926
11 0.147949 0.0668945 0.295898 0.120117 0.000157118
13 0.659668 0.72168 0.0810547 0.0410156 0.000158191
7 0.374023 0.707031 0.0527344 0.0488281 0.000159025
13 0.577148 0.297852 0.113281 0.0898438 0.00015974
13 0.868164 0.623047 0.0527344 0.111328 0.00015986
7 0.500977 0.477539 0.167969 0.498047 0.000160217
13 0.735352 0.729492 0.179688 0.0410156 0.000160217
13 0.694336 0.203125 0.0332031 0.0683594 0.000160813
11 0.412109 0.372559 0.113281 0.172852 0.000162125
8 0.695312 0.194336 0.00976562 0.015625 0.000164032
13 0.460938 0.408203 0.166016 0.294922 0.00016439
8 0.439453 0.254883 0.015625 0.015625 0.000164747
2 0.42334 0.375 0.0927734 0.0683594 0.000166059
8 0.787598 0.370605 0.0224609 0.0166016 0.000166178
11 0.162598 0.196777 0.102539 0.0908203 0.000166893
9 0.303223 0.129883 0.276367 0.0878906 0.000168085
9 0.651855 0.520508 0.0966797 0.183594 0.000168204
11 0.594727 0.154297 0.0585938 0.0410156 0.000168443
12 0.283691 0.307617 0.301758 0.177734 0.000169873
13 0.291504 0.314941 0.280273 0.139648 0.00017035
3 0.0771484 0.810059 0.0449219 0.0615234 0.000171661
11 0.631348 0.147461 0.129883 0.0566406 0.000174403
11 0.267578 0.248535 0.359375 0.231445 0.00017488
13 0.634766 0.412109 0.0761719 0.0917969 0.000176072
8 0.741699 0.660645 0.0166016 0.0166016 0.00017643
7 0.588379 0.179688 0.0634766 0.121094 0.000178218
11 0.0839844 0.789551 0.0507812 0.0849609 0.000178576
8 0.446289 0.520996 0.03125 0.0283203 0.000180602
13 0.422363 0.437012 0.0185547 0.0556641 0.000182271
7 0.189941 0.166992 0.116211 0.0859375 0.000182509
11 0.217773 0.142578 0.0527344 0.0390625 0.000187397
9 0.462402 0.318359 0.0400391 0.0410156 0.000188231
8 0.462402 0.318359 0.0400391 0.0410156 0.00018847
8 0.358398 0.654785 0.0898438 0.0810547 0.000189781
11 0.70459 0.734863 0.157227 0.0400391 0.000192046
8 0.745117 0.663086 0.0117188 0.00976562 0.000193834
8 0.0141602 0.285156 0.0263672 0.205078 0.000194907
2 0.214844 0.145996 0.0820312 0.0478516 0.000197053
12 0.214844 0.146484 0.0898438 0.0527344 0.000199199
13 0.639648 0.407715 0.150391 0.303711 0.000199556
11 0.193848 0.19043 0.145508 0.150391 0.000203729
9 0.214844 0.145996 0.0820312 0.0478516 0.000205994
7 0.0771484 0.810059 0.0449219 0.0615234 0.000206113
8 0.577148 0.302734 0.117188 0.101562 0.000209808
9 0.4375 0.367188 0.078125 0.111328 0.000211477
13 0.320801 0.60791 0.168945 0.211914 0.000211835
11 0.325195 0.144531 0.183594 0.0429688 0.000215054
9 0.350586 0.682129 0.109375 0.0595703 0.000216961
8 0.137207 0.916016 0.0205078 0.0214844 0.00021708
11 0.907227 0.811523 0.0566406 0.0996094 0.000220656
13 0.374512 0.34375 0.0830078 0.0878906 0.000222087
0 0.585449 0.344238 0.0908203 0.135742 0.000222445
1 0.191895 0.172852 0.125977 0.0898438 0.000223041
5 0.503418 0.535645 0.176758 0.608398 0.000229239
9 0.546387 0.380859 0.0361328 0.0351562 0.000235438
5 0.708496 0.60791 0.213867 0.31543 0.000237346
10 0.188477 0.174805 0.111328 0.0878906 0.000238895
3 0.503418 0.508301 0.206055 0.549805 0.00024116
8 0.449707 0.374023 0.0439453 0.0351562 0.000242472
9 0.353516 0.766602 0.244141 0.189453 0.000245094
13 0.444824 0.345703 0.0751953 0.0976562 0.000246763
11 0.372559 0.090332 0.110352 0.0302734 0.000248909
13 0.6875 0.263184 0.152344 0.206055 0.000249863
9 0.442383 0.439941 0.0507812 0.104492 0.000253201
1 0.217285 0.143555 0.0908203 0.0546875 0.000254631
9 0.713867 0.737305 0.0839844 0.03125 0.000255108
2 0.437012 0.369629 0.0556641 0.0478516 0.000255108
0 0.439453 0.361328 0.148438 0.189453 0.00025773
13 0.644531 0.713867 0.0566406 0.0332031 0.000259876
9 0.23291 0.759766 0.352539 0.132812 0.000260592
8 0.303223 0.290527 0.0263672 0.0224609 0.00026083
8 0.385742 0.361328 0.03125 0.03125 0.000266075
9 0.454102 0.340332 0.0644531 0.0927734 0.000267506
13 0.356934 0.650879 0.0927734 0.0830078 0.000273943
2 0.387207 0.361816 0.0302734 0.0322266 0.00027442
9 0.706543 0.503906 0.280273 0.576172 0.00027585
8 0.352539 0.662109 0.0292969 0.0195312 0.000279903
13 0.646973 0.708496 0.12207 0.0654297 0.00028038
9 0.248535 0.841309 0.422852 0.280273 0.000281334
11 0.0893555 0.808105 0.0791016 0.0849609 0.000283957
13 0.646973 0.523438 0.0810547 0.152344 0.000284433
5 0.259277 0.487793 0.34082 0.581055 0.000284672
9 0.324707 0.697754 0.135742 0.0419922 0.000285864
7 0.0332031 0.318359 0.0664062 0.328125 0.000294447
10 0.0878906 0.79834 0.0585938 0.0751953 0.000308275
9 0.734375 0.730957 0.162109 0.0419922 0.000309944
2 0.446289 0.520996 0.03125 0.0283203 0.000311136
9 0.647949 0.720215 0.0732422 0.0498047 0.000313997
2 0.454102 0.340332 0.0644531 0.0927734 0.000315189
13 0.175781 0.351074 0.0664062 0.0400391 0.000316381
12 0.191895 0.172852 0.125977 0.0898438 0.000324249
11 0.228516 0.159668 0.140625 0.0849609 0.000331163
13 0.636719 0.696777 0.222656 0.0966797 0.000332832
13 0.732422 0.649414 0.0351562 0.0410156 0.000347137
13 0.688477 0.22998 0.046875 0.139648 0.00035429
12 0.264648 0.479004 0.357422 0.575195 0.000364542
11 0.73291 0.107422 0.0947266 0.0410156 0.00036931
9 0.655762 0.49707 0.161133 0.375 0.000374317
2 0.604004 0.352051 0.0341797 0.0439453 0.000375032
2 0.577148 0.300781 0.117188 0.0957031 0.000375032
13 0.832031 0.0737305 0.335938 0.147461 0.000375509
8 0.354004 0.660645 0.0439453 0.0322266 0.000375748
11 0.241699 0.133301 0.0947266 0.0498047 0.000384808
13 0.420898 0.408691 0.0703125 0.124023 0.000388145
8 0.616699 0.565918 0.0302734 0.0263672 0.000392437
11 0.40918 0.124512 0.0761719 0.0615234 0.00040102
13 0.424805 0.434082 0.0332031 0.0751953 0.000409842
3 0.575684 0.303223 0.12207 0.100586 0.000419855
11 0.742188 0.125 0.236328 0.0859375 0.000425816
8 0.792969 0.723633 0.0117188 0.00976562 0.000445843
2 0.546387 0.380859 0.0361328 0.0371094 0.000448465
9 0.493164 0.48877 0.138672 0.250977 0.000452757
11 0.635742 0.0986328 0.0410156 0.015625 0.000466347
11 0.353516 0.150391 0.181641 0.109375 0.000473261
9 0.54541 0.567383 0.303711 0.556641 0.000478506
9 0.449707 0.450195 0.0341797 0.03125 0.000495434
9 0.412109 0.372559 0.113281 0.172852 0.00050211
11 0.634277 0.115234 0.131836 0.0566406 0.000514984
11 0.313477 0.117188 0.164062 0.0546875 0.000520706
2 0.416992 0.375488 0.105469 0.145508 0.000536919
11 0.589355 0.169434 0.0693359 0.129883 0.000553131
9 0.529785 0.839844 0.182617 0.298828 0.000556946
12 0.222168 0.171387 0.231445 0.114258 0.000561714
9 0.592773 0.663086 0.351562 0.21875 0.000585556
8 0.409668 0.379395 0.0224609 0.0166016 0.000588894
11 0.670898 0.130859 0.191406 0.0683594 0.000601768
11 0.663086 0.0981445 0.0976562 0.0205078 0.000602722
12 0.265625 0.125 0.337891 0.107422 0.000655651
7 0.356934 0.650879 0.0927734 0.0830078 0.000677586
11 0.413086 0.108887 0.0507812 0.0322266 0.000698566
11 0.345215 0.0947266 0.0966797 0.0214844 0.000721931
2 0.462402 0.318359 0.0400391 0.0410156 0.000725746
2 0.447754 0.449707 0.0361328 0.0322266 0.000733376
11 0.812988 0.143555 0.0419922 0.0292969 0.000741482
11 0.632812 0.102051 0.0664062 0.0224609 0.00074625
11 0.684082 0.104004 0.163086 0.0361328 0.000805378
9 0.349609 0.719238 0.181641 0.131836 0.000815868
9 0.460938 0.408203 0.166016 0.294922 0.000826836
11 0.910645 0.820312 0.0419922 0.0566406 0.000841141
11 0.26416 0.183594 0.311523 0.144531 0.000876904
8 0.449707 0.450195 0.0341797 0.03125 0.000916958
9 0.35791 0.652832 0.0927734 0.0849609 0.000922203
9 0.27002 0.229004 0.350586 0.213867 0.000923157
10 0.910645 0.812988 0.0458984 0.0595703 0.000931263
11 0.602051 0.139648 0.0810547 0.0527344 0.000937462
3 0.147949 0.0668945 0.295898 0.120117 0.00095892
9 0.362305 0.702637 0.123047 0.0615234 0.00101471
2 0.449707 0.374023 0.0439453 0.0351562 0.00105286
9 0.394043 0.714844 0.102539 0.0761719 0.00113201
2 0.370605 0.707031 0.0478516 0.0429688 0.00115204
11 0.408203 0.149414 0.078125 0.0585938 0.00116825
9 0.512207 0.352539 0.291992 0.216797 0.00121403
11 0.265625 0.125 0.337891 0.107422 0.00123596
11 0.374512 0.120605 0.129883 0.0693359 0.00125122
11 0.349121 0.10791 0.124023 0.0439453 0.00125217
11 0.277832 0.133301 0.209961 0.0634766 0.00127792
11 0.592285 0.12207 0.0693359 0.0664062 0.00132751
11 0.703125 0.737793 0.0507812 0.0302734 0.00138855
0 0.507812 0.426758 0.21875 0.402344 0.00154018
9 0.577148 0.302734 0.117188 0.101562 0.00165462
13 0.684082 0.256836 0.0751953 0.171875 0.00168705
13 0.412109 0.372559 0.113281 0.172852 0.00171566
11 0.605957 0.106445 0.0693359 0.0371094 0.00188828
11 0.159668 0.192383 0.0634766 0.0644531 0.00201416
11 0.803223 0.138184 0.0654297 0.0439453 0.0020256
11 0.328125 0.100586 0.109375 0.0214844 0.00206375
8 0.370605 0.707031 0.0478516 0.0429688 0.00213432
11 0.752441 0.112305 0.0517578 0.0292969 0.00230217
11 0.703125 0.737305 0.03125 0.0214844 0.00277328
9 0.372559 0.70752 0.0537109 0.0478516 0.00328064
11 0.206543 0.151855 0.0576172 0.0400391 0.00344849
11 0.704102 0.116211 0.158203 0.0390625 0.00367928
11 0.391113 0.107422 0.108398 0.0332031 0.00413895
11 0.635742 0.102051 0.119141 0.0283203 0.00569916
0 0.51709 0.324707 0.258789 0.155273 0.00601578
3 0.609863 0.669434 0.401367 0.149414 0.007061
11 0.357422 0.0976562 0.0585938 0.0175781 0.00718307
9 0.504883 0.722168 0.167969 0.547852 0.00795746
12 0.269043 0.225098 0.356445 0.198242 0.009552
11 0.776855 0.125977 0.0966797 0.0527344 0.0137482
11 0.755859 0.116699 0.0800781 0.0419922 0.0196228
11 0.188477 0.174805 0.111328 0.0878906 0.0211029
10 0.0766602 0.811523 0.0419922 0.0566406 0.032074
11 0.0771484 0.812012 0.0429688 0.0595703 0.0350952
11 0.366699 0.100098 0.106445 0.0244141 0.0387878
9 0.500977 0.477539 0.167969 0.498047 0.0403137
0 0.575684 0.303223 0.12207 0.100586 0.0574646
11 0.217285 0.143555 0.0908203 0.0546875 0.0656738
