0 0.53418 0.987793 0.0644531 0.0205078 0.000101745
8 0.38916 0.402832 0.0283203 0.0244141 0.000101924
9 0.984863 0.182129 0.0283203 0.0771484 0.000102699
5 0.206543 0.749512 0.264648 0.124023 0.000102878
13 0.648926 0.205078 0.19043 0.09375 0.000103354
9 0.416016 0.26123 0.0742188 0.155273 0.000104785
13 0.0234375 0.285156 0.046875 0.0449219 0.000104964
13 0.348145 0.17627 0.135742 0.0341797 0.000105202
13 0.260742 0.543945 0.173828 0.177734 0.000106752
8 0.685547 0.746094 0.0136719 0.015625 0.000106812
9 0.466309 0.296387 0.120117 0.250977 0.000107288
9 0.336914 0.336426 0.148438 0.182617 0.0001086
8 0.257812 0.271973 0.0332031 0.0205078 0.000110328
0 0.572754 0.422363 0.0732422 0.118164 0.00011152
5 0.407715 0.45459 0.114258 0.182617 0.000112355
9 0.425293 0.212402 0.0712891 0.110352 0.000114322
6 0.208496 0.597656 0.208008 0.298828 0.000117004
3 0.330078 0.194336 0.191406 0.0898438 0.000117064
2 0.318359 0.195312 0.185547 0.0878906 0.000119269
6 0.490234 0.394043 0.261719 0.219727 0.000119686
0 0.879883 0.956543 0.125 0.0869141 0.000119805
9 0.0966797 0.76709 0.0644531 0.102539 0.000119984
2 0.258789 0.274902 0.0195312 0.0146484 0.000120521
7 0.646973 0.202148 0.192383 0.0839844 0.00012064
5 0.246582 0.649414 0.166992 0.177734 0.000121653
5 0.787109 0.79248 0.291016 0.12207 0.000121832
2 0.407715 0.45459 0.114258 0.182617 0.000122905
4 0.335449 0.925781 0.219727 0.148438 0.00012517
11 0.978516 0.206055 0.0429688 0.126953 0.000125527
4 0.549316 0.341797 0.104492 0.117188 0.000125885
9 0.544922 0.38623 0.121094 0.208008 0.000126719
9 0.393066 0.395996 0.0224609 0.0205078 0.000127077
13 0.303711 0.549805 0.189453 0.28125 0.000127673
9 0.818359 0.644531 0.179688 0.308594 0.000127912
0 0.646973 0.202148 0.192383 0.0839844 0.000128865
13 0.797852 0.352051 0.0507812 0.0322266 0.000129938
7 0.38623 0.447266 0.0751953 0.123047 0.000130177
7 0.484375 0.406738 0.265625 0.245117 0.000130296
0 0.591797 0.44873 0.0195312 0.0166016 0.000130892
13 0.649414 0.51123 0.0898438 0.0595703 0.000131607
0 0.585449 0.443848 0.0498047 0.0673828 0.000131726
9 0.774902 0.257324 0.0263672 0.0263672 0.000131726
2 0.57373 0.3125 0.0517578 0.0449219 0.000133514
12 0.410645 0.464844 0.116211 0.15625 0.000133514
3 0.766113 0.554688 0.301758 0.519531 0.000133634
3 0.509277 0.359863 0.194336 0.155273 0.00013566
2 0.585449 0.443848 0.0498047 0.0673828 0.000135899
8 0.521973 0.355469 0.168945 0.148438 0.000137568
11 0.65332 0.173828 0.169922 0.0722656 0.000137568
3 0.655273 0.204102 0.185547 0.0917969 0.000137687
3 0.410645 0.464844 0.116211 0.15625 0.000137687
9 0.488281 0.325195 0.251953 0.21875 0.000138402
5 0.381348 0.544434 0.131836 0.364258 0.000138879
8 0.753418 0.535645 0.0126953 0.0126953 0.000143051
0 0.0986328 0.453613 0.197266 0.331055 0.00014317
7 0.400391 0.530273 0.128906 0.378906 0.00014329
8 0.316895 0.647949 0.0283203 0.0263672 0.000144601
12 0.646973 0.202148 0.192383 0.0839844 0.000145078
0 0.407715 0.455078 0.104492 0.109375 0.000145555
13 0.365234 0.320312 0.0429688 0.134766 0.000146389
13 0.344238 0.408203 0.100586 0.0703125 0.000147939
2 0.339355 0.922852 0.223633 0.154297 0.000148773
11 0.61084 0.241211 0.124023 0.126953 0.000148773
13 0.648438 0.34082 0.0566406 0.152344 0.000148773
9 0.399414 0.241699 0.134766 0.172852 0.000149131
11 0.422363 0.174316 0.0908203 0.0419922 0.000150323
9 0.258301 0.274902 0.0205078 0.0146484 0.000151038
7 0.316406 0.92334 0.261719 0.15332 0.000153899
13 0.0942383 0.740234 0.0498047 0.107422 0.000154138
11 0.592773 0.196777 0.117188 0.0673828 0.000154257
2 0.881348 0.961426 0.0849609 0.0771484 0.000154972
9 0.385254 0.460449 0.0654297 0.108398 0.000155449
4 0.490234 0.394043 0.261719 0.219727 0.000155807
11 0.693848 0.194824 0.0615234 0.0322266 0.000157237
11 0.324219 0.171387 0.0722656 0.0302734 0.000159025
9 0.108398 0.769531 0.117188 0.144531 0.000160098
2 0.505859 0.347656 0.193359 0.134766 0.000160336
1 0.410645 0.464844 0.116211 0.15625 0.000160336
6 0.547852 0.349609 0.107422 0.134766 0.000161529
5 0.293945 0.591797 0.203125 0.316406 0.000161648
8 0.280762 0.403809 0.0107422 0.0107422 0.000163913
10 0.0830078 0.793945 0.0410156 0.0566406 0.000166893
9 0.232422 0.511719 0.3125 0.476562 0.000167727
2 0.393066 0.396973 0.0224609 0.0224609 0.000171304
13 0.75 0.558105 0.300781 0.530273 0.000172138
11 0.0849609 0.791504 0.0410156 0.0595703 0.00017488
9 0.556152 0.217285 0.180664 0.170898 0.000175118
8 0.290527 0.571289 0.0126953 0.0117188 0.000175238
11 0.239258 0.237305 0.0722656 0.0683594 0.000179529
13 0.263672 0.542969 0.0917969 0.0371094 0.000181556
2 0.306152 0.318848 0.0302734 0.0263672 0.000181675
7 0.318359 0.195312 0.185547 0.0878906 0.000181675
9 0.592285 0.449219 0.0341797 0.0351562 0.000184536
11 0.695801 0.231445 0.0966797 0.0390625 0.000187755
10 0.108398 0.769531 0.117188 0.144531 0.000187874
5 0.82373 0.73291 0.243164 0.249023 0.000187993
9 0.507812 0.213867 0.03125 0.0390625 0.000189185
3 0.659668 0.963867 0.577148 0.0722656 0.000189304
13 0.271484 0.541016 0.046875 0.03125 0.000189781
13 0.642578 0.316895 0.154297 0.194336 0.000190377
9 0.368164 0.20459 0.210938 0.12793 0.000194073
8 0.39502 0.620605 0.0185547 0.0146484 0.00019598
9 0.941406 0.495605 0.117188 0.536133 0.000196457
3 0.528809 0.736816 0.375977 0.141602 0.000198007
12 0.318359 0.195312 0.185547 0.0878906 0.000198364
7 0.549316 0.341797 0.104492 0.117188 0.000198483
13 0.749023 0.274902 0.0507812 0.0302734 0.000199437
12 0.490234 0.394043 0.261719 0.219727 0.000200391
13 0.35498 0.249512 0.182617 0.174805 0.000202298
1 0.547852 0.349609 0.107422 0.134766 0.000202537
11 0.338867 0.191406 0.0332031 0.0234375 0.000202894
9 0.444336 0.168457 0.0800781 0.124023 0.000203729
11 0.36377 0.157715 0.141602 0.0419922 0.000207543
13 0.233398 0.548828 0.259766 0.451172 0.000209689
13 0.299316 0.641113 0.0341797 0.0419922 0.000210047
5 0.692383 0.43457 0.236328 0.371094 0.000210643
1 0.481934 0.400391 0.245117 0.238281 0.000211358
13 0.277344 0.28418 0.0820312 0.0839844 0.000211596
11 0.410645 0.464844 0.116211 0.15625 0.000214696
10 0.646973 0.202148 0.192383 0.0839844 0.000215888
12 0.547852 0.349609 0.107422 0.134766 0.000216365
0 0.550293 0.381836 0.0927734 0.126953 0.000217199
11 0.602051 0.19873 0.0595703 0.0341797 0.000217795
13 0.313965 0.321777 0.0517578 0.0400391 0.000219226
9 0.381836 0.435059 0.0996094 0.229492 0.000220656
13 0.257812 0.271973 0.0332031 0.0205078 0.000221729
13 0.592773 0.449219 0.0234375 0.0195312 0.000222564
8 0.279785 0.659668 0.0126953 0.0126953 0.00022471
0 0.975586 0.305664 0.0488281 0.107422 0.000231504
11 0.262207 0.229492 0.106445 0.0917969 0.000234127
13 0.318359 0.195312 0.185547 0.0878906 0.000234842
13 0.661621 0.516113 0.0693359 0.0263672 0.000239372
11 0.352051 0.233398 0.204102 0.150391 0.000240684
13 0.297363 0.311035 0.0556641 0.0361328 0.000243783
9 0.526855 0.493164 0.397461 0.269531 0.000246525
13 0.307129 0.570801 0.104492 0.0869141 0.000248194
9 0.399902 0.654785 0.141602 0.311523 0.000249147
10 0.490234 0.394043 0.261719 0.219727 0.000249863
0 0.445801 0.533691 0.206055 0.424805 0.000258446
13 0.260742 0.260254 0.0527344 0.0458984 0.000263691
6 0.535645 0.673828 0.411133 0.197266 0.000267506
1 0.646973 0.202148 0.192383 0.0839844 0.000267506
7 0.437988 0.203613 0.0791016 0.15332 0.000273943
13 0.416016 0.26123 0.0742188 0.155273 0.000275612
0 0.544922 0.333496 0.0644531 0.0830078 0.000275612
11 0.617676 0.190918 0.0751953 0.0283203 0.000276566
3 0.941406 0.495605 0.117188 0.536133 0.000278234
13 0.481934 0.400391 0.245117 0.238281 0.000282049
8 0.481934 0.400391 0.245117 0.238281 0.000284195
7 0.535645 0.673828 0.411133 0.197266 0.000289202
5 0.180664 0.681641 0.193359 0.201172 0.000292301
11 0.416016 0.225586 0.107422 0.167969 0.000293493
10 0.546387 0.353516 0.110352 0.138672 0.000294924
2 0.58252 0.301758 0.0283203 0.0175781 0.000295639
9 0.422852 0.712891 0.0351562 0.0390625 0.000297308
13 0.400391 0.415039 0.115234 0.214844 0.0002985
13 0.0219727 0.319824 0.0439453 0.206055 0.000298977
3 0.276855 0.108398 0.553711 0.216797 0.000299931
9 0.490234 0.219238 0.177734 0.208008 0.000301123
8 0.67334 0.729492 0.0283203 0.0273438 0.000305414
3 0.100586 0.354492 0.201172 0.53125 0.000305891
8 0.260742 0.535156 0.00976562 0.00976562 0.000305891
0 0.557617 0.43457 0.132812 0.146484 0.000312328
8 0.535645 0.673828 0.411133 0.197266 0.000314951
1 0.535645 0.673828 0.411133 0.197266 0.000314951
11 0.535645 0.673828 0.411133 0.197266 0.000317335
11 0.581543 0.227539 0.0654297 0.101562 0.000318766
11 0.638184 0.188477 0.0615234 0.0214844 0.000319004
5 0.490234 0.394043 0.261719 0.219727 0.000319719
5 0.746094 0.689453 0.253906 0.265625 0.000320435
13 0.535645 0.673828 0.411133 0.197266 0.000326157
8 0.338867 0.195801 0.0175781 0.0166016 0.00032711
4 0.535645 0.673828 0.411133 0.197266 0.000327349
9 0.661133 0.88916 0.630859 0.204102 0.000327587
13 0.649414 0.363281 0.101562 0.169922 0.000333071
9 0.766113 0.554688 0.301758 0.519531 0.000334024
13 0.282227 0.541016 0.117188 0.0664062 0.000334024
10 0.330078 0.194336 0.191406 0.0898438 0.000338554
13 0.547852 0.349609 0.107422 0.134766 0.000339985
13 0.709961 0.662598 0.03125 0.0244141 0.000341654
2 0.535645 0.673828 0.411133 0.197266 0.000345707
13 0.32373 0.330078 0.0810547 0.0605469 0.000348568
11 0.539062 0.340332 0.128906 0.116211 0.000354052
0 0.535156 0.554199 0.4375 0.395508 0.000358105
8 0.172363 0.611816 0.0126953 0.0107422 0.000363827
11 0.694336 0.215332 0.111328 0.0771484 0.000367165
11 0.283691 0.195801 0.0966797 0.0712891 0.000367641
9 0.318359 0.195312 0.185547 0.0878906 0.000369787
0 0.583008 0.347656 0.162109 0.189453 0.000370026
2 0.481934 0.400391 0.245117 0.238281 0.000371933
11 0.635742 0.179199 0.0761719 0.0244141 0.000383615
9 0.648926 0.205078 0.19043 0.09375 0.000393391
5 0.547852 0.349609 0.107422 0.134766 0.000403404
12 0.535645 0.673828 0.411133 0.197266 0.000416756
13 0.309082 0.337891 0.172852 0.181641 0.000416756
8 0.311035 0.405762 0.0107422 0.0107422 0.000421047
4 0.410645 0.464844 0.116211 0.15625 0.000424862
9 0.234863 0.87207 0.393555 0.232422 0.000427961
9 0.208496 0.597656 0.208008 0.298828 0.000429392
13 0.382812 0.312012 0.142578 0.24707 0.000441313
8 0.549805 0.33252 0.105469 0.100586 0.000449896
9 0.320801 0.92041 0.266602 0.15918 0.000454903
3 0.520996 0.600098 0.40332 0.391602 0.000469208
1 0.318359 0.195312 0.185547 0.0878906 0.000486612
13 0.309082 0.390625 0.0927734 0.0898438 0.000490665
11 0.393555 0.165039 0.130859 0.0332031 0.000497341
13 0.303711 0.341797 0.107422 0.103516 0.000500202
11 0.367676 0.169434 0.0751953 0.0224609 0.00050211
11 0.490723 0.367676 0.227539 0.172852 0.000511646
8 0.592285 0.449219 0.0341797 0.0351562 0.000516891
11 0.420898 0.203125 0.0703125 0.0839844 0.000518799
10 0.966309 0.460938 0.0654297 0.580078 0.000524521
7 0.417969 0.241699 0.0839844 0.161133 0.000527382
10 0.538086 0.677246 0.416016 0.178711 0.000531197
9 0.551758 0.335938 0.0976562 0.101562 0.000543118
0 0.591309 0.450684 0.0361328 0.0419922 0.000551701
13 0.306152 0.375977 0.0595703 0.0527344 0.000568867
9 0.439941 0.214844 0.0986328 0.175781 0.00059557
11 0.308594 0.181641 0.0742188 0.0410156 0.000607014
13 0.310059 0.527832 0.106445 0.0751953 0.000619411
13 0.375 0.304688 0.078125 0.177734 0.000621796
3 0.661133 0.88916 0.630859 0.204102 0.000635624
5 0.538086 0.677246 0.416016 0.178711 0.000644684
10 0.0942383 0.776855 0.0595703 0.0869141 0.000661373
11 0.248047 0.233887 0.0371094 0.0400391 0.000673294
0 0.535645 0.673828 0.411133 0.197266 0.000679016
9 0.591797 0.44873 0.0195312 0.0166016 0.000718594
9 0.429688 0.461914 0.210938 0.201172 0.000758171
11 0.394043 0.179199 0.0732422 0.0302734 0.000810146
2 0.547363 0.339355 0.106445 0.108398 0.000868797
11 0.386719 0.204102 0.154297 0.101562 0.000874519
11 0.616699 0.217285 0.118164 0.0576172 0.000938416
11 0.658691 0.18457 0.0595703 0.0234375 0.000980377
9 0.444336 0.591309 0.226562 0.44043 0.00100613
8 0.339355 0.922852 0.223633 0.154297 0.00102901
11 0.0942383 0.775879 0.0595703 0.0849609 0.00106239
11 0.26709 0.212891 0.0732422 0.0605469 0.00110149
13 0.353027 0.337402 0.0869141 0.12793 0.00112438
9 0.504395 0.34082 0.19043 0.121094 0.0011282
5 0.818359 0.644531 0.179688 0.308594 0.00116539
5 0.232422 0.511719 0.3125 0.476562 0.00123787
3 0.480957 0.416016 0.260742 0.257812 0.00126362
3 0.547363 0.337891 0.106445 0.105469 0.00133991
11 0.588867 0.207031 0.0625 0.0546875 0.00134182
2 0.593262 0.449219 0.0361328 0.0390625 0.00150108
8 0.706055 0.663086 0.0273438 0.0195312 0.00151825
9 0.400391 0.530273 0.128906 0.378906 0.00156975
9 0.533691 0.680664 0.411133 0.173828 0.00162697
0 0.491699 0.328613 0.219727 0.143555 0.00183105
8 0.422852 0.712891 0.0351562 0.0371094 0.00197029
8 0.258789 0.274902 0.0195312 0.0146484 0.00218391
8 0.410645 0.464844 0.116211 0.15625 0.00218964
11 0.359863 0.180176 0.166992 0.0673828 0.00231171
8 0.393066 0.395996 0.0224609 0.0205078 0.00243759
13 0.329102 0.363281 0.103516 0.126953 0.00266838
9 0.481445 0.414551 0.259766 0.262695 0.00268364
7 0.408203 0.447754 0.111328 0.172852 0.00270462
11 0.314941 0.186523 0.118164 0.0585938 0.00270844
11 0.626953 0.179199 0.125 0.0361328 0.0027504
8 0.591797 0.449219 0.0214844 0.0214844 0.00279617
11 0.391602 0.182129 0.117188 0.0439453 0.00301552
13 0.291504 0.547363 0.0810547 0.0361328 0.00320053
11 0.255859 0.223633 0.046875 0.0410156 0.00322151
5 0.74707 0.55127 0.310547 0.53418 0.00397873
13 0.306152 0.318848 0.0302734 0.0263672 0.00400925
0 0.499512 0.478027 0.30957 0.233398 0.00430679
11 0.681641 0.194336 0.101562 0.0449219 0.00477982
2 0.591797 0.449219 0.0214844 0.0214844 0.00562286
11 0.625488 0.193848 0.118164 0.0419922 0.00565338
11 0.648926 0.205078 0.19043 0.09375 0.00570679
11 0.33252 0.172852 0.112305 0.0429688 0.0078125
11 0.318359 0.195312 0.185547 0.0878906 0.00869751
5 0.208496 0.597656 0.208008 0.298828 0.0105057
0 0.419434 0.454102 0.139648 0.185547 0.0112076
0 0.535156 0.37207 0.144531 0.183594 0.0165405
11 0.650391 0.186523 0.105469 0.0292969 0.0246887
9 0.410645 0.464844 0.116211 0.15625 0.0269775
11 0.364258 0.17334 0.128906 0.0302734 0.0472412
0 0.483398 0.402344 0.242188 0.248047 0.117371
3 0.535645 0.682617 0.411133 0.166016 0.271729
0 0.547852 0.341309 0.107422 0.110352 0.354004
