6 0.551758 0.460938 0.5625 0.451172 0.000167489
12 0.308594 0.110352 0.277344 0.0917969 0.000169039
3 0.83252 0.30127 0.334961 0.459961 0.000170112
3 0.595215 0.943359 0.606445 0.109375 0.000172615
3 0.550781 0.590332 0.289062 0.15918 0.000173092
9 0.697754 0.750977 0.549805 0.412109 0.00017333
2 0.552734 0.236328 0.302734 0.121094 0.000174522
13 0.314941 0.303711 0.264648 0.310547 0.000174642
10 0.967285 0.317383 0.0654297 0.482422 0.000175118
9 0.969238 0.530762 0.0615234 0.483398 0.000175953
1 0.551758 0.460938 0.5625 0.451172 0.000178218
3 0.453613 0.540527 0.344727 0.342773 0.000178814
11 0.317871 0.109375 0.0498047 0.0253906 0.000178933
13 0.599609 0.299316 0.203125 0.202148 0.000180721
5 0.388672 0.406738 0.138672 0.274414 0.000181079
9 0.969727 0.280273 0.0605469 0.105469 0.00018239
9 0.166504 0.955566 0.272461 0.0849609 0.000182748
11 0.385254 0.141113 0.213867 0.137695 0.000184417
0 0.483398 0.235352 0.134766 0.0742188 0.000185728
6 0.856445 0.631836 0.0488281 0.0390625 0.000185966
9 0.559082 0.0361328 0.508789 0.0722656 0.000186443
9 0.634277 0.444336 0.352539 0.324219 0.000186682
9 0.452148 0.230469 0.0976562 0.123047 0.000189781
12 0.778809 0.900391 0.370117 0.193359 0.000190496
0 0.308594 0.16748 0.257812 0.168945 0.000190735
9 0.375488 0.127441 0.227539 0.100586 0.000190973
3 0.789551 0.969238 0.34668 0.0576172 0.000191092
3 0.694336 0.132812 0.220703 0.101562 0.000193119
4 0.551758 0.460938 0.5625 0.451172 0.000193477
11 0.23291 0.137207 0.27832 0.145508 0.000195622
11 0.551758 0.460938 0.5625 0.451172 0.000195742
3 0.486816 0.969727 0.508789 0.0605469 0.000196338
13 0.551758 0.460938 0.5625 0.451172 0.000197172
3 0.556641 0.280273 0.183594 0.160156 0.000198126
9 0.973145 0.306152 0.0537109 0.25293 0.000198841
9 0.870605 0.95459 0.208008 0.0869141 0.00019896
0 0.446777 0.227051 0.0908203 0.0712891 0.000202537
0 0.321289 0.290039 0.0566406 0.0449219 0.000203609
2 0.574219 0.236816 0.0742188 0.0537109 0.000203848
9 0.11084 0.601562 0.19043 0.28125 0.000204325
4 0.556641 0.280273 0.183594 0.160156 0.000204325
13 0.987793 0.303711 0.0244141 0.0449219 0.000207424
10 0.73291 0.979004 0.405273 0.0400391 0.000208139
0 0.780273 0.913086 0.371094 0.169922 0.000208735
9 0.124023 0.363281 0.242188 0.574219 0.000208974
9 0.694824 0.0854492 0.495117 0.131836 0.000208974
0 0.494141 0.435059 0.316406 0.163086 0.000210762
7 0.551758 0.460938 0.5625 0.451172 0.000211596
7 0.762207 0.547363 0.291992 0.311523 0.000211954
1 0.780273 0.913086 0.371094 0.169922 0.000212073
10 0.932129 0.295898 0.135742 0.484375 0.000212789
4 0.743164 0.413086 0.361328 0.652344 0.000213385
13 0.97998 0.304199 0.0400391 0.0908203 0.000218511
7 0.845703 0.61084 0.107422 0.137695 0.000220656
4 0.783691 0.932617 0.358398 0.134766 0.000220895
12 0.794922 0.174805 0.410156 0.240234 0.000223756
11 0.615723 0.113281 0.118164 0.0410156 0.000224948
2 0.551758 0.460938 0.5625 0.451172 0.000225067
3 0.0961914 0.457031 0.192383 0.585938 0.000225663
13 0.856445 0.631836 0.0488281 0.0390625 0.000228047
5 0.411621 0.542969 0.256836 0.34375 0.000228763
1 0.743164 0.413086 0.361328 0.652344 0.000228882
1 0.522461 0.340332 0.414062 0.270508 0.000229836
11 0.251465 0.415527 0.401367 0.602539 0.000230432
1 0.292969 0.121582 0.115234 0.0673828 0.000231743
11 0.349121 0.0976562 0.166992 0.0488281 0.000232339
8 0.743164 0.413086 0.361328 0.652344 0.000232577
7 0.751953 0.896484 0.423828 0.203125 0.000235081
8 0.387695 0.391113 0.115234 0.209961 0.000235438
7 0.556641 0.280273 0.183594 0.160156 0.000237107
12 0.174316 0.0893555 0.348633 0.166992 0.000237346
4 0.855957 0.632324 0.0478516 0.0400391 0.000240684
9 0.453613 0.367188 0.239258 0.205078 0.000241518
3 0.866211 0.496582 0.251953 0.43457 0.000242829
9 0.308594 0.110352 0.277344 0.0917969 0.000244856
8 0.551758 0.460938 0.5625 0.451172 0.000245333
9 0.695801 0.58252 0.286133 0.264648 0.000247478
0 0.457031 0.289062 0.152344 0.111328 0.00025034
0 0.36377 0.459473 0.180664 0.370117 0.00025034
13 0.975098 0.297852 0.0478516 0.398438 0.000252247
9 0.714844 0.131348 0.136719 0.0927734 0.000253677
13 0.339355 0.207031 0.274414 0.244141 0.000253677
0 0.874023 0.296875 0.248047 0.460938 0.000253916
9 0.883789 0.160156 0.216797 0.181641 0.000255823
9 0.907227 0.37207 0.185547 0.375 0.000258684
9 0.833008 0.616699 0.1875 0.168945 0.000261068
7 0.96582 0.272461 0.0683594 0.507812 0.000267744
4 0.234863 0.411133 0.40918 0.619141 0.000267982
12 0.32959 0.170898 0.260742 0.175781 0.000275135
9 0.439941 0.182617 0.157227 0.181641 0.000280857
10 0.186035 0.980469 0.250977 0.0390625 0.000283957
8 0.251465 0.415527 0.401367 0.602539 0.000284433
1 0.251465 0.415527 0.401367 0.602539 0.000284433
2 0.856445 0.631836 0.0488281 0.0390625 0.00028944
10 0.743164 0.413086 0.361328 0.652344 0.000315189
9 0.0556641 0.0698242 0.107422 0.139648 0.000321388
9 0.774902 0.84668 0.37793 0.291016 0.000321865
10 0.234863 0.411133 0.40918 0.619141 0.000321865
5 0.12207 0.542969 0.230469 0.410156 0.000325203
11 0.786621 0.949219 0.358398 0.0996094 0.000329256
2 0.651367 0.383301 0.0664062 0.0556641 0.000331879
9 0.323242 0.291992 0.078125 0.0644531 0.000332117
9 0.174316 0.0893555 0.348633 0.166992 0.000334978
9 0.462402 0.230469 0.0849609 0.0625 0.000337362
7 0.307129 0.196777 0.295898 0.229492 0.000342131
4 0.279785 0.135742 0.176758 0.0976562 0.000342369
2 0.743164 0.413086 0.361328 0.652344 0.000351429
0 0.415527 0.304199 0.131836 0.198242 0.000364304
3 0.287598 0.130859 0.137695 0.0878906 0.00036931
9 0.866211 0.496582 0.251953 0.43457 0.000370026
10 0.0913086 0.98291 0.129883 0.0322266 0.000371695
7 0.856445 0.630371 0.0722656 0.0732422 0.000380278
1 0.327637 0.164062 0.25293 0.154297 0.000386238
3 0.778809 0.900391 0.370117 0.193359 0.000398636
5 0.418457 0.37793 0.22168 0.386719 0.00039959
10 0.551758 0.460938 0.5625 0.451172 0.000399828
7 0.743164 0.413086 0.361328 0.652344 0.000404596
9 0.0234375 0.0576172 0.046875 0.115234 0.000409603
10 0.874023 0.989746 0.175781 0.0205078 0.000412464
10 0.689453 0.133301 0.228516 0.0947266 0.000416517
10 0.17334 0.912598 0.31543 0.165039 0.000417948
2 0.251465 0.415527 0.401367 0.602539 0.000423193
7 0.689453 0.133301 0.228516 0.0947266 0.000427723
2 0.290527 0.129883 0.131836 0.0800781 0.000433683
9 0.226074 0.788086 0.411133 0.388672 0.000437498
3 0.0541992 0.540527 0.108398 0.479492 0.000440598
0 0.743164 0.413086 0.361328 0.652344 0.00045085
2 0.46582 0.228027 0.0703125 0.0556641 0.000455379
9 0.339355 0.207031 0.274414 0.244141 0.000465631
3 0.254883 0.59668 0.400391 0.242188 0.000468493
8 0.651367 0.383301 0.0664062 0.0556641 0.000469446
3 0.519531 0.40918 0.457031 0.234375 0.000472546
8 0.279785 0.135742 0.176758 0.0976562 0.000481367
9 0.35791 0.299805 0.225586 0.265625 0.000481367
13 0.323242 0.291992 0.078125 0.0644531 0.000481367
7 0.384766 0.40918 0.121094 0.212891 0.000488281
0 0.251465 0.415527 0.401367 0.602539 0.000490665
3 0.549805 0.655273 0.507812 0.224609 0.000504971
12 0.551758 0.460938 0.5625 0.451172 0.000508308
9 0.366699 0.451172 0.139648 0.300781 0.00051403
2 0.613281 0.260254 0.0527344 0.0869141 0.000515938
7 0.251465 0.415527 0.401367 0.602539 0.000527859
3 0.794922 0.174805 0.410156 0.240234 0.000537395
10 0.909668 0.97168 0.133789 0.0566406 0.000546455
12 0.0581055 0.0390625 0.116211 0.078125 0.000553608
12 0.25 0.140137 0.316406 0.12793 0.000555992
1 0.689453 0.133301 0.228516 0.0947266 0.000558376
12 0.689453 0.133301 0.228516 0.0947266 0.000572205
11 0.648438 0.118164 0.265625 0.105469 0.000576496
11 0.65332 0.11084 0.113281 0.0322266 0.000576496
9 0.459961 0.227051 0.0410156 0.0439453 0.000594616
1 0.576172 0.275391 0.138672 0.148438 0.000597
10 0.308594 0.16748 0.257812 0.168945 0.000627518
10 0.859863 0.897461 0.239258 0.193359 0.000635147
8 0.459961 0.227051 0.0410156 0.0439453 0.000638485
9 0.227051 0.538574 0.325195 0.34082 0.000647545
5 0.26123 0.249512 0.360352 0.336914 0.000654697
6 0.762207 0.547363 0.291992 0.311523 0.000659466
13 0.30127 0.130859 0.194336 0.09375 0.000664234
9 0.934082 0.216309 0.131836 0.295898 0.000669003
9 0.291504 0.632324 0.432617 0.196289 0.000693321
9 0.856445 0.630371 0.0722656 0.0732422 0.000698566
0 0.604004 0.320801 0.157227 0.233398 0.000711918
13 0.743164 0.413086 0.361328 0.652344 0.000716209
9 0.137695 0.671875 0.171875 0.162109 0.000718594
12 0.743164 0.413086 0.361328 0.652344 0.00071907
12 0.123535 0.046875 0.24707 0.0898438 0.000725746
0 0.549805 0.604492 0.523438 0.177734 0.000733376
10 0.124512 0.989746 0.170898 0.0205078 0.000784874
7 0.550293 0.580078 0.524414 0.193359 0.00080204
9 0.0703125 0.502441 0.140625 0.514648 0.000807285
10 0.888672 0.94873 0.167969 0.102539 0.000812054
0 0.39209 0.382324 0.131836 0.270508 0.000813961
9 0.472168 0.230957 0.266602 0.168945 0.000814438
9 0.872559 0.262207 0.24707 0.379883 0.000832558
2 0.277832 0.153809 0.18457 0.133789 0.000836849
2 0.598633 0.29541 0.181641 0.182617 0.000839233
11 0.743164 0.160645 0.173828 0.135742 0.000846863
11 0.390625 0.119141 0.0839844 0.0429688 0.000871658
5 0.20459 0.560547 0.217773 0.212891 0.000873089
5 0.551758 0.460938 0.5625 0.451172 0.000887871
11 0.297363 0.121094 0.0791016 0.0566406 0.000924587
8 0.321289 0.290039 0.0566406 0.0449219 0.000924587
11 0.550293 0.580078 0.524414 0.193359 0.000926495
6 0.550293 0.5625 0.516602 0.21875 0.000927925
0 0.457031 0.241699 0.148438 0.120117 0.000930309
5 0.768066 0.60791 0.31543 0.256836 0.000974178
9 0.735352 0.137695 0.345703 0.115234 0.000975132
8 0.550293 0.5625 0.516602 0.21875 0.000979424
1 0.550293 0.580078 0.524414 0.193359 0.000982285
10 0.851074 0.97998 0.217773 0.0400391 0.000984192
7 0.279785 0.135742 0.176758 0.0976562 0.000997543
0 0.606934 0.328613 0.383789 0.266602 0.00101089
13 0.550293 0.580078 0.524414 0.193359 0.0010252
4 0.550293 0.580078 0.524414 0.193359 0.0010252
8 0.782715 0.472168 0.0166016 0.0146484 0.00102901
5 0.183594 0.649902 0.253906 0.133789 0.00104046
5 0.833008 0.616699 0.1875 0.168945 0.00105286
11 0.49707 0.303223 0.333984 0.217773 0.00106049
12 0.549805 0.571289 0.525391 0.197266 0.00106144
2 0.550293 0.5625 0.516602 0.21875 0.00107574
11 0.258789 0.139648 0.078125 0.0820312 0.00108337
9 0.12207 0.0556641 0.244141 0.109375 0.00109577
2 0.558594 0.247559 0.132812 0.0947266 0.00112057
7 0.786621 0.949219 0.358398 0.0996094 0.00112152
9 0.279785 0.135742 0.176758 0.0976562 0.00112915
0 0.279785 0.135742 0.176758 0.0976562 0.00113964
12 0.251465 0.415527 0.401367 0.602539 0.00115108
6 0.495605 0.296387 0.334961 0.200195 0.00115299
0 0.466797 0.231445 0.0605469 0.0527344 0.00115967
3 0.762207 0.547363 0.291992 0.311523 0.00118732
7 0.495605 0.296387 0.334961 0.200195 0.001194
9 0.935059 0.491211 0.129883 0.505859 0.00119591
0 0.474609 0.232422 0.324219 0.191406 0.00120163
12 0.495605 0.296387 0.334961 0.200195 0.00120354
11 0.355957 0.128906 0.182617 0.0742188 0.00120544
5 0.751953 0.207031 0.4375 0.242188 0.00120926
8 0.556641 0.280273 0.183594 0.160156 0.00122261
5 0.495605 0.296387 0.334961 0.200195 0.00123692
11 0.356445 0.106934 0.130859 0.0263672 0.00125217
2 0.495605 0.296387 0.334961 0.200195 0.00126553
13 0.251465 0.415527 0.401367 0.602539 0.00127792
1 0.504395 0.286133 0.295898 0.167969 0.00127983
10 0.279785 0.135742 0.176758 0.0976562 0.00135422
9 0.779785 0.546875 0.264648 0.3125 0.00135899
9 0.783691 0.932617 0.358398 0.134766 0.00138664
4 0.495605 0.296387 0.334961 0.200195 0.00141525
7 0.855469 0.631836 0.0507812 0.0390625 0.00142193
9 0.794922 0.174805 0.410156 0.240234 0.0014286
11 0.317871 0.110352 0.0869141 0.0351562 0.00147343
11 0.735352 0.137695 0.345703 0.115234 0.00151062
9 0.473145 0.39502 0.344727 0.329102 0.00154114
5 0.866211 0.496582 0.251953 0.43457 0.00154781
3 0.907227 0.37207 0.185547 0.375 0.00155926
11 0.308594 0.110352 0.277344 0.0917969 0.00156403
11 0.246094 0.157227 0.125 0.132812 0.00157261
9 0.412598 0.496094 0.290039 0.402344 0.00169182
12 0.279785 0.135742 0.176758 0.0976562 0.0017004
8 0.495605 0.296387 0.334961 0.200195 0.00183487
9 0.361816 0.596191 0.209961 0.21582 0.00184917
10 0.700684 0.894531 0.530273 0.201172 0.0018549
11 0.297363 0.171875 0.288086 0.183594 0.00191784
9 0.96582 0.272461 0.0683594 0.507812 0.00195026
10 0.495605 0.296387 0.334961 0.200195 0.00195217
9 0.856445 0.631836 0.0488281 0.0390625 0.00195503
5 0.83252 0.30127 0.334961 0.459961 0.00204086
13 0.49707 0.303223 0.333984 0.217773 0.00209045
10 0.550293 0.580078 0.524414 0.193359 0.00211334
5 0.34668 0.425781 0.197266 0.470703 0.00217438
10 0.125 0.972168 0.185547 0.0537109 0.00217819
9 0.556641 0.280273 0.183594 0.160156 0.00219154
5 0.550293 0.5625 0.516602 0.21875 0.002285
9 0.186035 0.146973 0.368164 0.15332 0.0025177
6 0.743164 0.413086 0.361328 0.652344 0.00258064
11 0.534668 0.272949 0.22168 0.145508 0.00265503
10 0.166504 0.955566 0.272461 0.0849609 0.00270844
6 0.251465 0.415527 0.401367 0.602539 0.00276566
11 0.586914 0.261719 0.105469 0.105469 0.00289154
0 0.598633 0.259766 0.0878906 0.0996094 0.00297737
5 0.253418 0.604492 0.383789 0.214844 0.00304031
2 0.321289 0.290039 0.0566406 0.0449219 0.003088
8 0.584473 0.266602 0.112305 0.113281 0.00317192
1 0.30127 0.130859 0.194336 0.09375 0.00323677
9 0.550293 0.580078 0.524414 0.193359 0.00328636
0 0.472656 0.362793 0.291016 0.208008 0.00328827
11 0.665039 0.117188 0.189453 0.0507812 0.00338554
9 0.584473 0.266602 0.112305 0.113281 0.00349998
9 0.743164 0.413086 0.361328 0.652344 0.00366402
3 0.743164 0.413086 0.361328 0.652344 0.00366402
3 0.234863 0.411133 0.40918 0.619141 0.00368881
9 0.234863 0.411133 0.40918 0.619141 0.00388336
13 0.534668 0.272949 0.22168 0.145508 0.00406647
5 0.700684 0.547852 0.270508 0.310547 0.00452042
3 0.495605 0.296387 0.334961 0.200195 0.00452805
13 0.586914 0.261719 0.105469 0.105469 0.0045929
2 0.544434 0.270996 0.209961 0.135742 0.00479889
9 0.210938 0.646484 0.320312 0.128906 0.00481415
9 0.39209 0.382324 0.131836 0.270508 0.00643921
3 0.551758 0.460938 0.5625 0.451172 0.00704956
2 0.459961 0.227051 0.0410156 0.0439453 0.00709915
8 0.855957 0.632324 0.0478516 0.0400391 0.00715256
9 0.495605 0.296387 0.334961 0.200195 0.00736237
0 0.532227 0.247559 0.238281 0.120117 0.00740433
9 0.551758 0.460938 0.5625 0.451172 0.0075798
10 0.815918 0.962891 0.290039 0.0742188 0.0108795
0 0.501953 0.38623 0.384766 0.352539 0.0121765
11 0.33252 0.112305 0.161133 0.0429688 0.0125504
5 0.227539 0.514648 0.283203 0.378906 0.0159912
11 0.302734 0.143066 0.214844 0.110352 0.0218353
0 0.576172 0.275391 0.138672 0.148438 0.0261078
5 0.79541 0.537598 0.211914 0.297852 0.0298309
11 0.706055 0.131836 0.152344 0.0898438 0.0317078
2 0.591309 0.265137 0.0986328 0.108398 0.0394897
0 0.553223 0.511719 0.532227 0.3125 0.0413818
10 0.783691 0.932617 0.358398 0.134766 0.048645
5 0.234863 0.411133 0.40918 0.619141 0.100281
5 0.743164 0.413086 0.361328 0.652344 0.119873
11 0.290039 0.129395 0.126953 0.0791016 0.124756
0 0.499512 0.296387 0.319336 0.196289 0.328369
3 0.550781 0.572754 0.519531 0.198242 0.516602
