0 0.111328 0.891113 0.222656 0.217773 0.000100076
11 0.380371 0.177246 0.108398 0.124023 0.000100374
9 0.700195 0.540527 0.197266 0.208008 0.000101388
13 0.162598 0.109863 0.325195 0.219727 0.000101566
3 0.650879 0.126465 0.15918 0.0322266 0.000102103
9 0.17041 0.0688477 0.34082 0.12793 0.000102401
9 0.323242 0.214844 0.0703125 0.101562 0.000102818
9 0.326172 0.176758 0.0253906 0.0273438 0.000102878
4 0.538574 0.587891 0.40332 0.140625 0.000103652
11 0.634277 0.197266 0.102539 0.146484 0.000103652
3 0.546387 0.959961 0.213867 0.0800781 0.000103652
8 0.848633 0.0883789 0.269531 0.155273 0.000104666
6 0.895996 0.0683594 0.196289 0.128906 0.000104725
8 0.680176 0.493164 0.0478516 0.0371094 0.000105083
9 0.58252 0.425293 0.0361328 0.0439453 0.000105798
8 0.757324 0.30127 0.0322266 0.0341797 0.000105858
10 0.644531 0.149414 0.226562 0.0839844 0.000106156
6 0.538574 0.587891 0.40332 0.140625 0.000106871
13 0.669922 0.32373 0.109375 0.0556641 0.000106931
9 0.208984 0.152344 0.302734 0.140625 0.000109434
6 0.781738 0.560059 0.15332 0.186523 0.00011003
13 0.645996 0.186523 0.0986328 0.142578 0.000110328
13 0.322754 0.16748 0.120117 0.0673828 0.000110745
13 0.0390625 0.104004 0.078125 0.166992 0.000111043
8 0.14502 0.894531 0.227539 0.210938 0.00011158
13 0.622559 0.30127 0.0458984 0.0654297 0.000111759
13 0.308105 0.194336 0.0693359 0.0546875 0.000111818
7 0.596191 0.369629 0.0693359 0.0595703 0.000113666
9 0.637207 0.230469 0.0712891 0.175781 0.000114024
3 0.904785 0.0957031 0.172852 0.183594 0.000114858
13 0.646973 0.20459 0.209961 0.15918 0.000115037
7 0.300781 0.155273 0.201172 0.0507812 0.000115931
9 0.268555 0.251465 0.181641 0.165039 0.000116587
7 0.382324 0.168945 0.0947266 0.0761719 0.000116825
9 0.265137 0.235352 0.0283203 0.0449219 0.000123858
7 0.521973 0.316406 0.100586 0.0898438 0.000124454
9 0.411133 0.585449 0.134766 0.182617 0.000124454
11 0.721191 0.140625 0.0927734 0.046875 0.000124574
1 0.848633 0.0883789 0.269531 0.155273 0.000124931
9 0.980469 0.00878906 0.0273438 0.015625 0.000124931
8 0.538574 0.587891 0.40332 0.140625 0.000126004
11 0.379395 0.221191 0.0791016 0.112305 0.000126123
11 0.737793 0.133301 0.323242 0.231445 0.000128031
4 0.371582 0.239258 0.0537109 0.0507812 0.000128508
7 0.538574 0.587891 0.40332 0.140625 0.000128984
13 0.081543 0.0498047 0.163086 0.0996094 0.000128984
9 0.9375 0.445312 0.123047 0.535156 0.000129938
8 0.575195 0.280273 0.0527344 0.0625 0.000130296
13 0.894531 0.105469 0.210938 0.210938 0.000130534
9 0.305176 0.161621 0.192383 0.0830078 0.000130892
9 0.274902 0.195312 0.225586 0.121094 0.000131249
9 0.682129 0.265625 0.225586 0.181641 0.000131845
9 0.571289 0.268066 0.078125 0.118164 0.000132799
13 0.713867 0.473145 0.113281 0.0869141 0.000133157
8 0.599121 0.369629 0.0693359 0.0576172 0.000133991
13 0.376465 0.160645 0.0849609 0.0537109 0.000137091
0 0.904785 0.847656 0.19043 0.224609 0.000137448
11 0.725586 0.175293 0.158203 0.110352 0.000138998
9 0.98584 0.130371 0.0244141 0.0224609 0.00014019
13 0.611328 0.307129 0.125 0.161133 0.000142694
5 0.808594 0.0776367 0.382812 0.143555 0.00014329
13 0.23584 0.262695 0.100586 0.0839844 0.000144005
11 0.40332 0.171875 0.0527344 0.0605469 0.000144124
11 0.15918 0.198242 0.0996094 0.148438 0.000144124
13 0.301758 0.155273 0.197266 0.0507812 0.000146031
1 0.538574 0.587891 0.40332 0.140625 0.000147223
1 0.650879 0.126465 0.15918 0.0322266 0.000147223
9 0.0483398 0.398438 0.0947266 0.498047 0.00014782
6 0.102539 0.081543 0.205078 0.163086 0.000149131
3 0.520508 0.316895 0.0976562 0.0830078 0.0001508
9 0.471191 0.0317383 0.213867 0.0634766 0.000152707
3 0.547363 0.642578 0.401367 0.144531 0.00015533
9 0.477051 0.350586 0.192383 0.152344 0.000155449
11 0.848633 0.0883789 0.269531 0.155273 0.000155687
0 0.879395 0.840332 0.241211 0.319336 0.000156522
11 0.624023 0.119629 0.0625 0.0166016 0.000160217
7 0.961914 0.136719 0.0703125 0.0371094 0.000162721
13 0.650879 0.126465 0.15918 0.0322266 0.000163078
13 0.979004 0.838867 0.0419922 0.191406 0.000164032
13 0.755371 0.307617 0.0595703 0.0546875 0.000169277
13 0.235352 0.261719 0.0800781 0.0390625 0.000170231
4 0.318848 0.17334 0.0439453 0.0341797 0.000172615
7 0.567383 0.272949 0.0644531 0.0830078 0.000174761
11 0.34668 0.20752 0.140625 0.137695 0.000174761
11 0.177734 0.195312 0.205078 0.173828 0.00017488
13 0.679199 0.307617 0.194336 0.123047 0.00017488
9 0.645996 0.191895 0.219727 0.137695 0.000175238
2 0.521973 0.316406 0.100586 0.0898438 0.000177264
9 0.26416 0.23584 0.0595703 0.0634766 0.000177741
8 0.245605 0.484375 0.0166016 0.015625 0.000178337
2 0.3125 0.165039 0.078125 0.046875 0.000179291
11 0.240723 0.150879 0.0537109 0.0302734 0.00018084
11 0.246582 0.224609 0.139648 0.111328 0.000184178
0 0.538086 0.583984 0.402344 0.140625 0.000184417
11 0.354492 0.136719 0.103516 0.0351562 0.000184774
9 0.797363 0.415039 0.133789 0.441406 0.000184894
13 0.98584 0.130371 0.0244141 0.0224609 0.00018549
2 0.538574 0.587891 0.40332 0.140625 0.000188947
13 0.538086 0.583984 0.402344 0.140625 0.000191689
9 0.50293 0.507324 0.265625 0.37207 0.000192165
9 0.72168 0.604004 0.0136719 0.0205078 0.000196695
12 0.17041 0.0688477 0.34082 0.12793 0.000201583
3 0.822754 0.0864258 0.354492 0.149414 0.000201702
7 0.748535 0.271973 0.0693359 0.12207 0.000202298
10 0.881836 0.703125 0.0253906 0.0351562 0.000205278
11 0.686523 0.129395 0.078125 0.0322266 0.000205874
10 0.538574 0.587891 0.40332 0.140625 0.000207543
7 0.746582 0.307129 0.0791016 0.0634766 0.000208497
2 0.848633 0.0883789 0.269531 0.155273 0.000212789
9 0.774902 0.552734 0.15332 0.203125 0.000213742
13 0.337402 0.242676 0.0810547 0.0986328 0.000214338
11 0.335449 0.180664 0.0791016 0.0410156 0.000215054
10 0.0405273 0.368164 0.0810547 0.503906 0.000217199
5 0.538574 0.587891 0.40332 0.140625 0.00022006
8 0.17041 0.0688477 0.34082 0.12793 0.000223756
11 0.677734 0.117676 0.119141 0.0380859 0.000225186
11 0.538086 0.583984 0.402344 0.140625 0.000231266
11 0.321777 0.167969 0.217773 0.0976562 0.000232935
10 0.163086 0.205078 0.0878906 0.078125 0.000233054
13 0.649902 0.319824 0.112305 0.0947266 0.000234127
11 0.274902 0.195312 0.225586 0.121094 0.000234365
12 0.538574 0.587891 0.40332 0.140625 0.000235081
13 0.313477 0.165039 0.0761719 0.046875 0.000235796
11 0.306152 0.140137 0.0751953 0.0185547 0.000238895
13 0.75 0.264648 0.0625 0.125 0.000243902
9 0.748535 0.271973 0.0693359 0.12207 0.000245094
9 0.644531 0.149414 0.226562 0.0839844 0.000248432
11 0.583496 0.15918 0.139648 0.09375 0.000252962
2 0.149902 0.904297 0.161133 0.164062 0.000253201
11 0.881836 0.703125 0.0253906 0.0371094 0.000254393
8 0.323242 0.344238 0.0214844 0.0185547 0.000254393
1 0.644531 0.149414 0.226562 0.0839844 0.000255585
10 0.17041 0.0688477 0.34082 0.12793 0.000263929
13 0.34668 0.20752 0.140625 0.137695 0.000266314
5 0.781738 0.560059 0.15332 0.186523 0.000277519
9 0.608887 0.266113 0.135742 0.178711 0.000280142
13 0.288086 0.248535 0.0644531 0.0693359 0.000291586
4 0.17041 0.0688477 0.34082 0.12793 0.000297785
13 0.638672 0.143555 0.234375 0.0585938 0.000298262
3 0.374512 0.959961 0.19043 0.0800781 0.000300884
5 0.180176 0.0673828 0.360352 0.125 0.000323296
13 0.269531 0.231445 0.0351562 0.0527344 0.000327826
13 0.637207 0.230469 0.0712891 0.175781 0.000329256
12 0.644531 0.149414 0.226562 0.0839844 0.00033474
2 0.17041 0.0688477 0.34082 0.12793 0.000339031
7 0.574707 0.288574 0.0419922 0.0361328 0.00033927
8 0.72168 0.604004 0.0136719 0.0205078 0.000344038
9 0.472168 0.41748 0.18457 0.334961 0.00035429
13 0.961914 0.136719 0.0703125 0.0371094 0.000357389
10 0.65332 0.845215 0.5625 0.256836 0.000357389
11 0.347656 0.145996 0.0351562 0.0205078 0.000362158
9 0.505371 0.0415039 0.364258 0.0830078 0.00036788
13 0.270508 0.229004 0.0566406 0.0830078 0.000368595
1 0.17041 0.0688477 0.34082 0.12793 0.000373125
2 0.319336 0.172852 0.0449219 0.0332031 0.000375509
8 0.521973 0.316406 0.100586 0.0898438 0.000385046
13 0.641602 0.268066 0.154297 0.178711 0.000388622
11 0.738281 0.164062 0.0976562 0.0800781 0.000392675
7 0.275879 0.245605 0.0947266 0.0908203 0.000394106
9 0.676758 0.557617 0.109375 0.119141 0.00039506
8 0.649414 0.357422 0.0195312 0.015625 0.000396013
13 0.323242 0.214844 0.0703125 0.101562 0.000400305
2 0.72168 0.604004 0.0136719 0.0205078 0.000400543
11 0.647949 0.169922 0.235352 0.130859 0.000404835
11 0.208984 0.152344 0.302734 0.140625 0.000448942
13 0.318359 0.177734 0.0507812 0.03125 0.000457764
8 0.98584 0.130371 0.0244141 0.0224609 0.000458956
9 0.573242 0.289551 0.0488281 0.0419922 0.000461817
13 0.243652 0.44873 0.118164 0.0419922 0.000467539
6 0.808594 0.0776367 0.382812 0.143555 0.000481129
7 0.3125 0.165039 0.078125 0.046875 0.000486374
9 0.98291 0.0126953 0.0126953 0.0195312 0.00049448
9 0.3125 0.165039 0.078125 0.046875 0.000497818
11 0.359375 0.150391 0.0507812 0.0292969 0.000503063
10 0.0805664 0.651855 0.0322266 0.0537109 0.0005126
13 0.737305 0.297852 0.0839844 0.0839844 0.000517368
11 0.0805664 0.651855 0.0322266 0.0537109 0.000545025
13 0.102539 0.081543 0.205078 0.163086 0.000551701
8 0.335449 0.331543 0.0146484 0.0126953 0.00056982
0 0.477051 0.350586 0.192383 0.152344 0.000580788
7 0.774902 0.552734 0.15332 0.203125 0.000585556
7 0.676758 0.557617 0.109375 0.119141 0.000591278
8 0.709473 0.519531 0.0341797 0.0273438 0.000593185
11 0.538574 0.152344 0.0537109 0.046875 0.000605583
7 0.17041 0.0688477 0.34082 0.12793 0.000606537
11 0.279785 0.13916 0.0712891 0.0205078 0.000609875
9 0.281738 0.245117 0.0771484 0.0898438 0.000641823
13 0.262695 0.241699 0.101562 0.0849609 0.000644684
11 0.381348 0.142578 0.0771484 0.0429688 0.000648022
13 0.274414 0.224609 0.160156 0.140625 0.000654221
11 0.142578 0.216309 0.0585938 0.0595703 0.000654697
11 0.170898 0.19043 0.0722656 0.0566406 0.000668049
9 0.534668 0.585449 0.389648 0.149414 0.000739098
9 0.529785 0.314941 0.0869141 0.0888672 0.000752926
11 0.237305 0.172363 0.169922 0.0849609 0.000848293
11 0.661621 0.124023 0.0751953 0.0253906 0.00090313
13 0.818848 0.0834961 0.352539 0.155273 0.000922203
13 0.626465 0.297852 0.0693359 0.109375 0.000927448
7 0.371582 0.240234 0.0498047 0.0488281 0.000952244
3 0.13916 0.0761719 0.256836 0.138672 0.000957012
11 0.17041 0.0688477 0.34082 0.12793 0.000966072
3 0.461914 0.962891 0.220703 0.0742188 0.000972271
11 0.342773 0.145508 0.0683594 0.0292969 0.00100327
3 0.65332 0.845215 0.5625 0.256836 0.00101852
13 0.294434 0.228516 0.0947266 0.101562 0.00107956
11 0.209961 0.17041 0.0976562 0.0576172 0.00117493
11 0.300781 0.137207 0.130859 0.0244141 0.00124359
11 0.348145 0.15918 0.125977 0.0664062 0.00129032
6 0.180176 0.0673828 0.360352 0.125 0.00130844
0 0.149902 0.904297 0.161133 0.164062 0.00133228
11 0.561523 0.148438 0.0859375 0.0625 0.00135708
11 0.695801 0.150391 0.176758 0.0761719 0.0013752
9 0.371582 0.239746 0.0498047 0.0478516 0.00137901
11 0.765137 0.176758 0.0673828 0.0683594 0.00138855
8 0.266113 0.386719 0.0126953 0.0117188 0.00142288
7 0.318848 0.17334 0.0439453 0.0341797 0.00144958
8 0.577148 0.290039 0.0390625 0.0351562 0.00145435
9 0.319336 0.172852 0.0449219 0.0332031 0.00146675
8 0.32373 0.177246 0.0322266 0.0283203 0.0019455
8 0.355957 0.38916 0.0146484 0.0126953 0.00214386
11 0.322754 0.174316 0.0400391 0.0302734 0.0023098
11 0.692383 0.132324 0.138672 0.0478516 0.00350761
11 0.59375 0.133301 0.136719 0.0439453 0.00363541
11 0.327148 0.166992 0.0800781 0.0449219 0.00364494
11 0.185059 0.187012 0.118164 0.0947266 0.00365829
13 0.180176 0.0673828 0.360352 0.125 0.00443268
11 0.286621 0.158203 0.192383 0.0585938 0.00463867
11 0.225098 0.155273 0.0712891 0.0429688 0.00518799
11 0.382812 0.164551 0.0859375 0.0654297 0.0051918
11 0.617188 0.122559 0.109375 0.0244141 0.00554657
8 0.371582 0.239258 0.0537109 0.0507812 0.00784302
11 0.634277 0.142578 0.209961 0.0644531 0.00810242
8 0.316406 0.169922 0.0488281 0.0390625 0.00956726
11 0.363281 0.151367 0.0898438 0.0390625 0.0147552
11 0.309082 0.144531 0.178711 0.03125 0.0168762
11 0.157227 0.203613 0.0644531 0.0595703 0.0218506
0 0.521484 0.318359 0.101562 0.0917969 0.0218658
11 0.249512 0.149414 0.100586 0.0371094 0.0246277
11 0.650879 0.126465 0.15918 0.0322266 0.0762939
3 0.538574 0.587891 0.40332 0.140625 0.135742
