9 0.489746 0.677734 0.0400391 0.0429688 0.000100434
11 0.184082 0.70459 0.104492 0.233398 0.000100493
7 0.508789 0.547363 0.126953 0.483398 0.000100791
9 0.193848 0.437012 0.0419922 0.0361328 0.000100851
13 0.842285 0.387695 0.0185547 0.015625 0.000100911
3 0.239746 0.050293 0.479492 0.100586 0.000101447
13 0.825195 0.251465 0.0195312 0.0615234 0.000102699
9 0.772461 0.693848 0.09375 0.0458984 0.000103951
2 0.84668 0.385254 0.00976562 0.0107422 0.000104964
9 0.673828 0.515625 0.0390625 0.0546875 0.000105202
8 0.706055 0.430176 0.0292969 0.0244141 0.000106394
8 0.839355 0.553711 0.0556641 0.0488281 0.000106812
9 0.562012 0.835449 0.170898 0.206055 0.000106931
9 0.865234 0.677734 0.0488281 0.0371094 0.000107467
1 0.186035 0.722168 0.0986328 0.186523 0.000107646
11 0.87793 0.748535 0.046875 0.0927734 0.000108361
3 0.28418 0.503906 0.359375 0.742188 0.00010848
8 0.288086 0.429688 0.0449219 0.03125 0.000108719
3 0.879395 0.772461 0.0419922 0.0566406 0.000108838
0 0.65332 0.924316 0.191406 0.147461 0.000113547
11 0.742188 0.691406 0.0625 0.0273438 0.000114083
8 0.42041 0.42334 0.0126953 0.0126953 0.000114381
7 0.878418 0.773926 0.0400391 0.0576172 0.000115871
8 0.671387 0.436035 0.0615234 0.0419922 0.000117064
7 0.466309 0.615723 0.151367 0.245117 0.000117123
11 0.376465 0.172852 0.188477 0.0332031 0.00011766
13 0.451172 0.249023 0.0273438 0.0507812 0.000117898
11 0.341797 0.129883 0.0625 0.0351562 0.000118256
9 0.848633 0.697266 0.0566406 0.0371094 0.000118554
11 0.362793 0.163086 0.243164 0.105469 0.000118673
9 0.73584 0.693848 0.0986328 0.0380859 0.000120521
8 0.830566 0.439453 0.0107422 0.0117188 0.000120997
9 0.939941 0.57373 0.0419922 0.0498047 0.000121474
2 0.758789 0.67627 0.0234375 0.0224609 0.00012219
11 0.459961 0.0981445 0.0566406 0.0146484 0.00012362
11 0.623535 0.148926 0.0478516 0.0263672 0.00012517
9 0.59668 0.937988 0.414062 0.124023 0.000126123
12 0.169434 0.706543 0.0712891 0.149414 0.000127435
2 0.458984 0.585938 0.0527344 0.0625 0.00012815
9 0.75293 0.674805 0.0351562 0.0371094 0.000129342
8 0.84668 0.384277 0.0214844 0.0263672 0.000131011
8 0.277344 0.530273 0.335938 0.611328 0.000131249
8 0.118164 0.105957 0.236328 0.211914 0.000132322
11 0.940918 0.55127 0.118164 0.584961 0.000132442
9 0.50293 0.73584 0.0957031 0.293945 0.000132799
5 0.213379 0.671387 0.202148 0.286133 0.000133395
11 0.652832 0.162109 0.0771484 0.0273438 0.000133634
2 0.119141 0.10791 0.238281 0.21582 0.000135303
9 0.519043 0.527344 0.110352 0.355469 0.000135422
13 0.855469 0.666504 0.0703125 0.0400391 0.000136137
7 0.790039 0.727539 0.216797 0.125 0.000136375
9 0.195312 0.316406 0.0390625 0.0644531 0.00013721
9 0.879395 0.778809 0.0400391 0.0673828 0.00013721
13 0.842773 0.383301 0.0253906 0.0302734 0.000139475
11 0.29834 0.139648 0.0615234 0.0390625 0.000141144
11 0.213379 0.671387 0.202148 0.286133 0.000144005
0 0.557129 0.310059 0.161133 0.124023 0.000144362
11 0.644531 0.110352 0.0507812 0.0136719 0.000147581
13 0.367676 0.615234 0.0244141 0.0761719 0.000149608
9 0.266602 0.154297 0.505859 0.308594 0.000151157
0 0.537598 0.363281 0.168945 0.240234 0.000153184
7 0.61084 0.244629 0.0322266 0.0244141 0.000153661
11 0.290527 0.146973 0.100586 0.0556641 0.000154257
9 0.629395 0.740723 0.348633 0.272461 0.000154614
10 0.28418 0.503906 0.359375 0.742188 0.000154972
9 0.188965 0.666016 0.0810547 0.0390625 0.000155807
8 0.702148 0.518555 0.0332031 0.03125 0.000158668
10 0.883301 0.79248 0.0380859 0.0634766 0.000158668
13 0.456543 0.260742 0.0283203 0.046875 0.000159621
9 0.84375 0.313477 0.0644531 0.0761719 0.00016582
9 0.84375 0.384766 0.015625 0.015625 0.000166178
9 0.904785 0.607422 0.0322266 0.0605469 0.000167847
13 0.36084 0.623535 0.0498047 0.0712891 0.000168562
0 0.108887 0.864746 0.217773 0.270508 0.0001688
9 0.526855 0.270996 0.124023 0.395508 0.000169754
2 0.947266 0.554688 0.0214844 0.0253906 0.000171304
9 0.321289 0.250488 0.34375 0.262695 0.000172615
4 0.119141 0.10791 0.238281 0.21582 0.00017333
11 0.256348 0.167969 0.0498047 0.0351562 0.000174761
12 0.362793 0.163086 0.243164 0.105469 0.000175834
11 0.758789 0.67627 0.0234375 0.0224609 0.000176311
9 0.455566 0.593262 0.0634766 0.0849609 0.00017643
7 0.277344 0.530273 0.335938 0.611328 0.000178218
8 0.76709 0.465332 0.00878906 0.00683594 0.00017941
2 0.276367 0.531738 0.339844 0.608398 0.000180721
9 0.209473 0.751465 0.163086 0.200195 0.000181079
2 0.659668 0.39502 0.0205078 0.0244141 0.000181556
8 0.65918 0.434082 0.0371094 0.0302734 0.000183225
8 0.602051 0.600586 0.0400391 0.0390625 0.000187635
9 0.858887 0.688965 0.0673828 0.0654297 0.000191689
9 0.493164 0.651367 0.0195312 0.03125 0.000194073
9 0.187988 0.661133 0.0888672 0.130859 0.00019455
9 0.851562 0.652832 0.0742188 0.0458984 0.000195026
1 0.277344 0.530273 0.335938 0.611328 0.000198603
9 0.718262 0.703125 0.209961 0.0585938 0.000199199
9 0.47168 0.818359 0.330078 0.359375 0.00020051
9 0.873535 0.764648 0.0595703 0.107422 0.000202298
10 0.883789 0.674316 0.0214844 0.0322266 0.000204682
9 0.87793 0.337402 0.0175781 0.0224609 0.000210762
8 0.448242 0.393555 0.0390625 0.0332031 0.000211596
9 0.169434 0.706543 0.0712891 0.149414 0.000211596
9 0.381836 0.442871 0.0429688 0.0283203 0.000211835
11 0.634277 0.131348 0.0751953 0.0419922 0.0002141
9 0.831055 0.672852 0.015625 0.015625 0.000215173
13 0.750488 0.312988 0.0966797 0.0869141 0.000217676
9 0.666016 0.6875 0.138672 0.046875 0.000219584
8 0.493164 0.674805 0.0195312 0.0214844 0.000222087
9 0.905762 0.642578 0.145508 0.304688 0.000222921
11 0.694824 0.12207 0.0654297 0.0234375 0.000226259
7 0.853516 0.666992 0.0722656 0.0507812 0.000226378
8 0.16748 0.299805 0.00878906 0.0117188 0.000228882
2 0.756836 0.687988 0.0332031 0.0205078 0.000228882
12 0.410156 0.21582 0.177734 0.171875 0.000229239
8 0.443848 0.308594 0.0185547 0.0175781 0.000230074
10 0.154785 0.788574 0.0400391 0.0732422 0.000233769
13 0.274902 0.531738 0.338867 0.594727 0.000238776
11 0.884277 0.674316 0.0224609 0.0322266 0.000238776
7 0.181152 0.715332 0.0927734 0.19043 0.000245333
8 0.195801 0.4375 0.0380859 0.0371094 0.000246525
9 0.780273 0.708984 0.140625 0.0742188 0.000248432
9 0.615234 0.771484 0.0976562 0.123047 0.000249147
1 0.119141 0.10791 0.238281 0.21582 0.000250101
9 0.465332 0.644531 0.0556641 0.0742188 0.000251293
9 0.459961 0.604492 0.0839844 0.150391 0.000254154
9 0.0708008 0.52832 0.141602 0.759766 0.000255346
7 0.84668 0.385742 0.00976562 0.0117188 0.000260592
8 0.694336 0.357422 0.0117188 0.0117188 0.000264406
3 0.546387 0.751953 0.235352 0.455078 0.000267506
9 0.444336 0.654785 0.0800781 0.0380859 0.000268459
9 0.473145 0.683105 0.125977 0.174805 0.00027442
9 0.86084 0.696289 0.12793 0.216797 0.000274897
2 0.381836 0.442871 0.0429688 0.0283203 0.000278234
10 0.875488 0.770996 0.0771484 0.0791016 0.00027895
8 0.586914 0.293945 0.0957031 0.0839844 0.000284195
9 0.916992 0.592285 0.0117188 0.0146484 0.000285864
8 0.84375 0.384766 0.015625 0.015625 0.000288486
5 0.120117 0.0986328 0.240234 0.197266 0.000289917
9 0.120117 0.100098 0.240234 0.200195 0.000292301
7 0.587891 0.295898 0.09375 0.0859375 0.000295401
11 0.679688 0.138672 0.0625 0.0351562 0.000304461
11 0.391113 0.139648 0.196289 0.0664062 0.000304937
11 0.253418 0.539062 0.30957 0.568359 0.000309467
12 0.946289 0.6875 0.107422 0.490234 0.000310421
9 0.493652 0.675781 0.0556641 0.154297 0.000310659
9 0.0766602 0.529785 0.0302734 0.0556641 0.000318527
2 0.61377 0.244141 0.0283203 0.0234375 0.000321388
9 0.501465 0.660645 0.0869141 0.0771484 0.000323296
9 0.558594 0.646973 0.267578 0.225586 0.000325203
9 0.470703 0.661621 0.0859375 0.112305 0.000328779
11 0.468262 0.146973 0.0615234 0.0634766 0.000333786
7 0.119141 0.10791 0.238281 0.21582 0.000340462
8 0.384766 0.225098 0.0292969 0.0263672 0.000341177
9 0.901855 0.548828 0.192383 0.541016 0.000346661
12 0.292969 0.723145 0.361328 0.165039 0.000355482
3 0.5625 0.625 0.330078 0.167969 0.000360966
9 0.549805 0.76709 0.154297 0.196289 0.000365496
9 0.581543 0.85791 0.295898 0.276367 0.00036931
3 0.769531 0.0825195 0.460938 0.165039 0.000373363
9 0.206543 0.540527 0.231445 0.553711 0.000375986
11 0.875488 0.770996 0.0771484 0.0791016 0.000386715
11 0.621582 0.161133 0.0595703 0.0449219 0.00039959
12 0.097168 0.527344 0.194336 0.722656 0.000400543
9 0.82666 0.710449 0.116211 0.0830078 0.000403643
5 0.186035 0.722168 0.0986328 0.186523 0.00041151
8 0.774414 0.429688 0.0332031 0.0273438 0.0004251
9 0.9375 0.656738 0.0957031 0.233398 0.000431776
9 0.758789 0.67627 0.0234375 0.0224609 0.000432253
11 0.317383 0.132812 0.0820312 0.0429688 0.000452518
9 0.90918 0.600098 0.0214844 0.0341797 0.000453472
11 0.155273 0.784668 0.0429688 0.0791016 0.000467539
7 0.830566 0.562988 0.0419922 0.0361328 0.00047636
9 0.458008 0.597656 0.0410156 0.0390625 0.000478745
9 0.314453 0.828613 0.369141 0.325195 0.00048542
9 0.751465 0.686523 0.0439453 0.0429688 0.000491619
9 0.16748 0.299805 0.0107422 0.0117188 0.000494957
9 0.508789 0.827148 0.121094 0.279297 0.000499249
9 0.85498 0.689941 0.0849609 0.145508 0.000508785
9 0.862793 0.65918 0.0654297 0.0214844 0.000521183
8 0.75293 0.674805 0.0351562 0.0371094 0.000529766
9 0.84668 0.385254 0.00976562 0.0107422 0.000532627
12 0.265137 0.146973 0.473633 0.262695 0.000540257
13 0.84668 0.385742 0.00976562 0.0117188 0.000557899
11 0.38623 0.117188 0.118164 0.0371094 0.00056982
11 0.473145 0.108398 0.0595703 0.0351562 0.000585556
11 0.436035 0.120117 0.116211 0.0410156 0.000590801
8 0.458008 0.597656 0.0410156 0.0390625 0.000603676
9 0.495605 0.676758 0.0205078 0.0214844 0.000610828
8 0.947754 0.553711 0.0205078 0.0253906 0.000613213
12 0.313477 0.387695 0.359375 0.550781 0.000637531
13 0.198242 0.32373 0.0351562 0.0576172 0.000649452
13 0.45459 0.255371 0.0166016 0.0380859 0.000707626
9 0.61084 0.244629 0.0322266 0.0244141 0.000710011
9 0.685547 0.814941 0.445312 0.25293 0.000716209
11 0.44873 0.104004 0.0869141 0.0263672 0.00074625
9 0.493652 0.663574 0.0302734 0.0517578 0.000749111
12 0.839844 0.722656 0.107422 0.146484 0.000766754
9 0.0952148 0.199219 0.0693359 0.0585938 0.000772476
5 0.28418 0.503906 0.359375 0.742188 0.000781059
8 0.611328 0.666992 0.0195312 0.0214844 0.00078392
9 0.773438 0.694824 0.0566406 0.0283203 0.000785828
11 0.663086 0.118164 0.119141 0.0371094 0.000801563
9 0.513184 0.385742 0.135742 0.289062 0.000806808
9 0.730469 0.753418 0.345703 0.147461 0.000842571
11 0.748535 0.685059 0.0380859 0.0224609 0.000890255
11 0.646484 0.10791 0.0898438 0.0185547 0.000917435
9 0.831055 0.567871 0.0410156 0.0302734 0.000931263
11 0.769043 0.692383 0.0517578 0.0253906 0.000946522
9 0.883301 0.333496 0.0224609 0.0205078 0.000967503
9 0.87793 0.339355 0.0117188 0.0126953 0.000979424
13 0.360352 0.625977 0.0273438 0.0585938 0.00103951
9 0.84375 0.743652 0.107422 0.12793 0.00111008
11 0.433105 0.136719 0.12207 0.0507812 0.00111961
12 0.321289 0.244629 0.332031 0.229492 0.00115681
9 0.947266 0.554688 0.0214844 0.0253906 0.00119877
9 0.449219 0.65625 0.107422 0.0683594 0.00121498
9 0.258789 0.712891 0.277344 0.189453 0.0012455
6 0.119141 0.10791 0.238281 0.21582 0.00131416
11 0.419922 0.102051 0.0722656 0.0205078 0.00137806
13 0.84375 0.313477 0.0644531 0.0761719 0.00139523
11 0.384766 0.129395 0.154297 0.0380859 0.0014267
9 0.183105 0.656738 0.108398 0.305664 0.00144386
9 0.28418 0.503906 0.359375 0.742188 0.00154305
8 0.758789 0.67627 0.0234375 0.0224609 0.00158787
9 0.526855 0.665039 0.12793 0.140625 0.00162792
9 0.757324 0.6875 0.0322266 0.0234375 0.00178719
9 0.586914 0.293945 0.09375 0.0839844 0.00179863
11 0.663574 0.143066 0.118164 0.0361328 0.00182819
9 0.49707 0.626953 0.193359 0.388672 0.00185394
8 0.381836 0.442871 0.0429688 0.0283203 0.00191498
9 0.972168 0.232422 0.0537109 0.046875 0.00196648
9 0.913086 0.59668 0.0175781 0.0214844 0.0020504
8 0.614258 0.244629 0.0292969 0.0263672 0.00219154
9 0.943359 0.639648 0.109375 0.455078 0.00251007
11 0.681152 0.116699 0.0693359 0.0205078 0.00257301
11 0.757812 0.686523 0.0390625 0.0332031 0.0027256
11 0.630859 0.118652 0.0605469 0.0263672 0.00283051
13 0.119141 0.10791 0.238281 0.21582 0.00300217
11 0.649414 0.156738 0.109375 0.0439453 0.00332642
9 0.466309 0.615723 0.151367 0.245117 0.00370979
9 0.790039 0.727539 0.216797 0.125 0.00383949
12 0.184082 0.70459 0.104492 0.233398 0.00426483
8 0.831055 0.567871 0.0410156 0.0302734 0.00428391
11 0.661133 0.113281 0.09375 0.0195312 0.00554657
8 0.84668 0.385254 0.00976562 0.0107422 0.00577164
9 0.855957 0.668457 0.0712891 0.0439453 0.00743866
9 0.527832 0.67334 0.25293 0.65332 0.00836182
12 0.213379 0.671387 0.202148 0.286133 0.008461
9 0.522949 0.482422 0.161133 0.544922 0.0118408
11 0.757812 0.688477 0.0253906 0.0175781 0.0142059
10 0.879395 0.772461 0.0439453 0.0566406 0.015419
11 0.879395 0.774414 0.0419922 0.0566406 0.016922
0 0.587402 0.297363 0.0966797 0.0849609 0.018631
12 0.253418 0.539062 0.30957 0.568359 0.0193939
9 0.544922 0.773438 0.173828 0.400391 0.0273895
