7 0.757324 0.479492 0.0654297 0.0625 0.000100255
12 0.349609 0.254883 0.0605469 0.0625 0.000100791
8 0.740234 0.466797 0.0605469 0.046875 0.000103176
13 0.370117 0.365723 0.105469 0.106445 0.000103235
9 0.686523 0.691895 0.0332031 0.0439453 0.000103712
13 0.625488 0.455566 0.0419922 0.0419922 0.000103772
11 0.471191 0.164551 0.0458984 0.0400391 0.000103951
11 0.609375 0.247559 0.0664062 0.166992 0.000105202
13 0.703613 0.664551 0.0498047 0.0693359 0.0001055
3 0.21582 0.108398 0.431641 0.216797 0.00010705
3 0.0410156 0.222656 0.0820312 0.398438 0.000108302
9 0.61084 0.171387 0.0888672 0.116211 0.000109136
8 0.436035 0.602051 0.0322266 0.0302734 0.000109255
11 0.457031 0.143066 0.0625 0.0263672 0.000109434
2 0.6875 0.67627 0.03125 0.0654297 0.000109851
2 0.439941 0.475586 0.0673828 0.0800781 0.000110209
11 0.593262 0.128418 0.0556641 0.0341797 0.000110328
13 0.609375 0.235352 0.119141 0.207031 0.000110388
8 0.741699 0.463867 0.0205078 0.0175781 0.000110447
8 0.432129 0.515625 0.0478516 0.0507812 0.00011158
6 0.689941 0.657227 0.0556641 0.103516 0.000112951
9 0.334961 0.334961 0.0488281 0.046875 0.00011301
13 0.743652 0.384766 0.0810547 0.0488281 0.00011313
2 0.758789 0.46582 0.0429688 0.03125 0.000113547
11 0.446289 0.202637 0.09375 0.12207 0.000114501
8 0.346191 0.314453 0.0302734 0.0195312 0.000114918
2 0.719727 0.66748 0.0878906 0.0966797 0.000115037
9 0.525879 0.36377 0.163086 0.387695 0.000115812
10 0.11084 0.881836 0.192383 0.222656 0.000115931
13 0.465332 0.540039 0.0244141 0.0136719 0.000116408
9 0.719727 0.66748 0.0878906 0.0966797 0.000116467
8 0.667969 0.356445 0.0195312 0.0117188 0.000117004
13 0.658203 0.362793 0.0761719 0.0654297 0.000117421
13 0.0620117 0.884277 0.124023 0.231445 0.000118494
13 0.455566 0.458984 0.114258 0.251953 0.000118732
3 0.0556641 0.949707 0.101562 0.0908203 0.000120461
6 0.59375 0.235352 0.0605469 0.191406 0.000120699
12 0.594727 0.213379 0.0625 0.188477 0.000121295
9 0.641602 0.297852 0.148438 0.232422 0.000121891
5 0.349121 0.254395 0.0595703 0.0654297 0.000122905
8 0.345215 0.244141 0.0947266 0.0957031 0.000123382
10 0.724121 0.994141 0.0615234 0.0117188 0.000123858
11 0.76123 0.206055 0.0478516 0.0390625 0.00012517
9 0.314453 0.42334 0.03125 0.0302734 0.000125527
11 0.362793 0.172363 0.106445 0.0615234 0.000125885
8 0.318848 0.428711 0.0185547 0.0195312 0.000126004
7 0.743652 0.678711 0.0498047 0.0820312 0.000127316
7 0.11084 0.881836 0.192383 0.222656 0.000128269
9 0.683105 0.652344 0.0517578 0.109375 0.000128984
8 0.758789 0.458984 0.0292969 0.0195312 0.000129819
11 0.630371 0.143066 0.0576172 0.0244141 0.000131249
1 0.594727 0.213379 0.0625 0.188477 0.000131369
7 0.719238 0.506348 0.151367 0.295898 0.000131607
3 0.230957 0.043457 0.461914 0.0869141 0.00013268
11 0.791504 0.772949 0.0322266 0.0400391 0.000132799
1 0.11084 0.881836 0.192383 0.222656 0.000133276
13 0.727539 0.297852 0.0527344 0.0429688 0.000133991
11 0.663086 0.140137 0.0644531 0.0205078 0.000134587
2 0.0600586 0.946289 0.0986328 0.101562 0.00013566
11 0.588867 0.140137 0.0664062 0.0361328 0.000136614
8 0.444336 0.445801 0.0722656 0.0615234 0.00013721
10 0.711426 0.972656 0.120117 0.0546875 0.000137329
13 0.348145 0.243652 0.0693359 0.0927734 0.00013864
11 0.711426 0.972656 0.120117 0.0546875 0.000140309
9 0.0556641 0.949707 0.101562 0.0908203 0.000141263
10 0.00390625 0.48584 0.0078125 0.0517578 0.000143647
8 0.11084 0.881836 0.192383 0.222656 0.000144601
11 0.48291 0.204102 0.0341797 0.0273438 0.000145316
13 0.314941 0.422852 0.0341797 0.0292969 0.000145555
13 0.649414 0.336914 0.111328 0.132812 0.000146389
10 0.349609 0.254883 0.0605469 0.0625 0.000147581
5 0.753418 0.524414 0.0908203 0.164062 0.000148177
9 0.75 0.507324 0.0839844 0.131836 0.000148773
3 0.846191 0.842773 0.307617 0.285156 0.000148892
11 0.439453 0.451172 0.0449219 0.03125 0.000154018
10 0.791504 0.772949 0.0322266 0.0400391 0.000154138
11 0.407715 0.175781 0.170898 0.111328 0.000156283
9 0.575684 0.297363 0.145508 0.305664 0.000157118
7 0.604004 0.183594 0.0751953 0.123047 0.000157356
1 0.349609 0.253906 0.0585938 0.0644531 0.000158072
8 0.333496 0.375 0.0146484 0.0136719 0.000160575
9 0.388672 0.257324 0.169922 0.172852 0.000161409
13 0.635742 0.588867 0.105469 0.199219 0.000164628
4 0.11084 0.881836 0.192383 0.222656 0.000165105
11 0.746582 0.994629 0.0458984 0.0107422 0.000165224
9 0.747559 0.674316 0.0458984 0.0869141 0.000166416
9 0.444336 0.445801 0.0722656 0.0615234 0.000168562
9 0.719238 0.506348 0.151367 0.295898 0.000169873
13 0.405762 0.421875 0.0419922 0.0292969 0.000170469
8 0.409668 0.255859 0.0380859 0.0332031 0.000170946
11 0.724121 0.994141 0.0615234 0.0117188 0.000171781
8 0.42041 0.659668 0.00878906 0.00878906 0.000173926
13 0.394531 0.38623 0.105469 0.100586 0.000177383
5 0.354004 0.495117 0.223633 0.396484 0.000179052
11 0.00292969 0.47998 0.00585938 0.0439453 0.000179291
0 0.439453 0.451172 0.0449219 0.03125 0.000179887
11 0.395996 0.140625 0.0380859 0.0195312 0.000181556
11 0.00732422 0.508789 0.0126953 0.046875 0.000182509
8 0.407715 0.422852 0.0302734 0.03125 0.000185966
2 0.109863 0.882812 0.176758 0.212891 0.000191331
11 0.11084 0.881836 0.192383 0.222656 0.000191927
11 0.334961 0.218262 0.0878906 0.0908203 0.000193596
8 0.364258 0.661621 0.0214844 0.0146484 0.000193596
11 0.425781 0.145996 0.0507812 0.0166016 0.000193954
7 0.62207 0.221191 0.0957031 0.204102 0.00019455
13 0.680176 0.339355 0.18457 0.178711 0.000199199
8 0.77832 0.487305 0.00976562 0.00976562 0.000199199
2 0.427734 0.45459 0.0390625 0.0283203 0.000200391
2 0.631836 0.475098 0.0605469 0.0888672 0.000202179
11 0.687988 0.691895 0.0322266 0.0341797 0.000202537
9 0.520996 0.610352 0.118164 0.300781 0.000205755
8 0.743652 0.412109 0.0400391 0.0371094 0.000208259
8 0.393555 0.529785 0.0332031 0.0283203 0.000208616
8 0.749512 0.554199 0.0283203 0.0263672 0.000211
11 0.717285 0.985352 0.0771484 0.0292969 0.000211477
10 0.00732422 0.508789 0.0126953 0.046875 0.000211596
13 0.406738 0.42334 0.0166016 0.0185547 0.000215769
5 0.106445 0.88623 0.185547 0.217773 0.000218034
13 0.747559 0.65332 0.0419922 0.0332031 0.000227213
11 0.645996 0.172363 0.139648 0.0927734 0.000228405
2 0.406738 0.42334 0.0166016 0.0185547 0.000238776
10 0.717773 0.985352 0.0800781 0.0292969 0.000239134
8 0.775879 0.48877 0.0166016 0.0166016 0.000241041
7 0.692383 0.668945 0.0332031 0.0703125 0.00024128
13 0.648438 0.6875 0.09375 0.0507812 0.000244379
7 0.750488 0.526367 0.0830078 0.166016 0.000257492
8 0.324707 0.642578 0.0302734 0.0332031 0.000261068
9 0.40625 0.42334 0.015625 0.0166016 0.000261068
2 0.686523 0.659668 0.046875 0.0908203 0.000261784
13 0.439941 0.475586 0.0673828 0.0800781 0.000262499
11 0.251465 0.758301 0.0322266 0.0439453 0.000263214
7 0.758301 0.466797 0.0439453 0.0332031 0.000263453
3 0.761719 0.109863 0.476562 0.219727 0.000270844
11 0.00488281 0.494141 0.00976562 0.0585938 0.000272274
5 0.6875 0.584473 0.177734 0.336914 0.000272274
11 0.402344 0.154297 0.0898438 0.0292969 0.00028038
11 0.748535 0.187988 0.0556641 0.0517578 0.000282288
13 0.722168 0.633301 0.12793 0.157227 0.000284433
9 0.631836 0.475098 0.0605469 0.0888672 0.000284433
13 0.65332 0.46875 0.109375 0.167969 0.000287771
7 0.438965 0.451172 0.0400391 0.0273438 0.000291586
11 0.470703 0.195801 0.0625 0.0478516 0.000320673
10 0.835938 0.876953 0.328125 0.246094 0.000325918
10 0.250977 0.761719 0.03125 0.0449219 0.000333786
7 0.358398 0.262695 0.0410156 0.0390625 0.000348091
13 0.69873 0.416992 0.18457 0.308594 0.000351667
9 0.647949 0.686035 0.112305 0.0537109 0.000355482
13 0.704102 0.381836 0.158203 0.107422 0.000362158
11 0.680176 0.147461 0.0712891 0.03125 0.000368357
13 0.749512 0.694336 0.0322266 0.0585938 0.000369072
11 0.423828 0.158203 0.109375 0.0488281 0.000379086
11 0.349609 0.253906 0.0585938 0.0644531 0.000383615
8 0.611328 0.513184 0.0195312 0.0166016 0.00039506
11 0.609375 0.235352 0.119141 0.207031 0.000396252
9 0.347656 0.244141 0.0742188 0.115234 0.000397444
11 0.443848 0.183594 0.0908203 0.0546875 0.000405312
9 0.51709 0.839355 0.118164 0.305664 0.000405788
13 0.655762 0.383301 0.0986328 0.0908203 0.000413179
9 0.358887 0.262695 0.0400391 0.0410156 0.000425577
8 0.334961 0.339355 0.0429688 0.0400391 0.000426292
13 0.667969 0.622559 0.09375 0.178711 0.00044322
8 0.314453 0.423828 0.03125 0.03125 0.000445604
9 0.624512 0.211914 0.141602 0.230469 0.00045085
2 0.350586 0.256348 0.0585938 0.0576172 0.000460148
11 0.623047 0.147949 0.105469 0.0576172 0.000464439
9 0.415527 0.263672 0.0283203 0.0214844 0.000498772
9 0.758789 0.46582 0.0429688 0.03125 0.000508308
10 0.00341797 0.503418 0.00683594 0.0361328 0.00051403
7 0.415527 0.263672 0.0283203 0.0214844 0.000516415
8 0.337402 0.615234 0.0166016 0.015625 0.000525951
11 0.313477 0.205566 0.0449219 0.0419922 0.000529289
11 0.393555 0.145996 0.0625 0.0224609 0.000537872
7 0.345215 0.244141 0.0947266 0.0957031 0.000543594
13 0.686523 0.686035 0.0292969 0.0439453 0.000551701
6 0.109375 0.884277 0.185547 0.22168 0.000563622
9 0.691406 0.668457 0.0371094 0.0693359 0.000576496
11 0.644531 0.136719 0.0859375 0.0175781 0.000602245
5 0.730469 0.51416 0.144531 0.27832 0.000610828
8 0.73877 0.46582 0.0126953 0.00976562 0.000614643
13 0.109863 0.882812 0.176758 0.212891 0.00062561
11 0.591309 0.153809 0.0576172 0.0400391 0.000636578
11 0.691406 0.678223 0.03125 0.0595703 0.000640392
13 0.602051 0.225586 0.0576172 0.189453 0.00069809
13 0.669922 0.677246 0.0722656 0.0771484 0.000761032
11 0.00341797 0.503418 0.00683594 0.0361328 0.000763893
13 0.692871 0.336426 0.120117 0.112305 0.000772476
11 0.602539 0.165527 0.0820312 0.0791016 0.000780106
2 0.437988 0.45166 0.0615234 0.0458984 0.000794411
6 0.349609 0.248535 0.0625 0.0751953 0.00080204
8 0.748047 0.463867 0.03125 0.0234375 0.000822067
13 0.739258 0.655273 0.0605469 0.0585938 0.000844479
13 0.444336 0.445801 0.0722656 0.0615234 0.000855446
11 0.333984 0.18457 0.0625 0.0488281 0.000860214
11 0.617676 0.132324 0.0849609 0.0302734 0.00086832
13 0.756348 0.374023 0.0654297 0.0371094 0.000926018
10 0.735352 0.989746 0.0527344 0.0205078 0.00104237
13 0.34668 0.259766 0.0585938 0.046875 0.0011158
4 0.350586 0.256348 0.0585938 0.0576172 0.00113583
11 0.595215 0.199707 0.0615234 0.172852 0.00119019
11 0.735352 0.989746 0.0527344 0.0205078 0.00135517
8 0.362305 0.259766 0.0371094 0.0371094 0.00150871
9 0.438965 0.452148 0.0419922 0.0292969 0.00161839
9 0.598633 0.219727 0.0664062 0.185547 0.00184727
11 0.463379 0.171387 0.0673828 0.0654297 0.00196838
11 0.646484 0.144531 0.119141 0.0273438 0.00206375
7 0.594238 0.23291 0.0615234 0.194336 0.00206947
10 0.741211 0.979492 0.0546875 0.0410156 0.00269508
13 0.439941 0.45166 0.0400391 0.0302734 0.00335312
11 0.454102 0.153809 0.0683594 0.0361328 0.00349998
13 0.743652 0.678711 0.0498047 0.0820312 0.00354195
11 0.741211 0.979492 0.0546875 0.0410156 0.00382805
13 0.631836 0.475098 0.0605469 0.0888672 0.0039978
8 0.757812 0.46582 0.0449219 0.0332031 0.0045433
13 0.684082 0.645508 0.0595703 0.119141 0.00458145
8 0.40625 0.423828 0.015625 0.015625 0.0045929
11 0.610352 0.145508 0.0820312 0.0332031 0.00492096
13 0.719727 0.66748 0.0878906 0.0966797 0.00600052
9 0.526367 0.504883 0.146484 0.412109 0.00658417
11 0.322754 0.194336 0.0498047 0.0410156 0.00717163
11 0.424316 0.147949 0.0927734 0.0244141 0.00860596
8 0.438965 0.452637 0.0419922 0.0322266 0.00953674
8 0.415527 0.263672 0.0283203 0.0214844 0.009552
13 0.6875 0.666016 0.0390625 0.0820312 0.0130005
7 0.349609 0.254883 0.0605469 0.0625 0.0135727
9 0.349609 0.253906 0.0605469 0.0625 0.0137863
2 0.439941 0.45166 0.0400391 0.0302734 0.0157318
8 0.350586 0.256348 0.0566406 0.0576172 0.0213165
