13 0.652832 0.209473 0.182617 0.110352 0.00018394
8 0.243652 0.668457 0.0107422 0.0107422 0.000184298
9 0.733887 0.273438 0.0283203 0.0195312 0.000184655
13 0.667969 0.641602 0.0800781 0.0292969 0.000185132
8 0.304688 0.555176 0.0351562 0.0283203 0.000187039
13 0.728027 0.275391 0.0166016 0.0136719 0.000187397
11 0.683105 0.224609 0.196289 0.136719 0.00018847
7 0.274902 0.175293 0.0615234 0.0361328 0.000194073
11 0.0859375 0.88916 0.0449219 0.0732422 0.000194907
13 0.687988 0.525879 0.102539 0.0341797 0.000196934
6 0.731934 0.272949 0.0126953 0.0126953 0.00019753
7 0.270996 0.124512 0.0302734 0.0302734 0.000198364
11 0.324707 0.156738 0.143555 0.0439453 0.000199199
11 0.210938 0.213867 0.078125 0.0683594 0.000200987
13 0.756348 0.556152 0.108398 0.0478516 0.000201344
5 0.206055 0.596191 0.107422 0.168945 0.000201583
13 0.670898 0.239258 0.128906 0.0996094 0.000201702
8 0.208008 0.599121 0.0390625 0.0302734 0.000202179
9 0.751465 0.320801 0.0498047 0.0458984 0.000203013
0 0.5 0.395508 0.197266 0.232422 0.000204325
5 0.17334 0.566406 0.176758 0.353516 0.000205159
13 0.0126953 0.338379 0.0253906 0.217773 0.000207305
4 0.126953 0.402832 0.015625 0.0283203 0.000207543
13 0.226562 0.305176 0.0957031 0.0634766 0.000208139
7 0.76123 0.318359 0.0537109 0.0820312 0.000208139
10 0.758789 0.317383 0.0136719 0.0195312 0.000209332
13 0.628906 0.39502 0.0898438 0.139648 0.000209689
6 0.322266 0.727539 0.046875 0.0371094 0.000211477
13 0.76709 0.319824 0.100586 0.102539 0.00021255
13 0.659668 0.366699 0.112305 0.0986328 0.000212908
13 0.719238 0.272461 0.0419922 0.0390625 0.000214338
4 0.319824 0.729492 0.0419922 0.0332031 0.000214338
2 0.580078 0.321777 0.0195312 0.0185547 0.000215411
4 0.14209 0.785156 0.0556641 0.0390625 0.000217199
13 0.296387 0.555176 0.0517578 0.0302734 0.000217915
13 0.709473 0.184082 0.0869141 0.0576172 0.000219107
9 0.174805 0.781738 0.191406 0.124023 0.000219941
8 0.271973 0.66748 0.0576172 0.0498047 0.00022018
13 0.687988 0.340332 0.0947266 0.0576172 0.000220656
9 0.145508 0.779785 0.0996094 0.104492 0.000223279
2 0.267578 0.124512 0.0273438 0.0302734 0.000225306
10 0.27002 0.174316 0.0595703 0.0322266 0.00022614
2 0.70752 0.178223 0.0810547 0.0537109 0.000227094
5 0.257812 0.671875 0.197266 0.216797 0.000229716
6 0.126953 0.402832 0.015625 0.0283203 0.000229716
13 0.270996 0.310547 0.245117 0.224609 0.000230312
2 0.144043 0.783203 0.0498047 0.0371094 0.000230551
10 0.731934 0.272949 0.0107422 0.0107422 0.0002321
11 0.138672 0.786621 0.0605469 0.0419922 0.000233054
13 0.319824 0.35498 0.0146484 0.0302734 0.000234604
11 0.370117 0.183105 0.0722656 0.0576172 0.000234962
13 0.196289 0.282227 0.0644531 0.0410156 0.00023663
1 0.759277 0.317383 0.0146484 0.0214844 0.000239968
12 0.239258 0.553711 0.287109 0.613281 0.000240207
4 0.759277 0.317383 0.0146484 0.0214844 0.000243783
13 0.641113 0.263672 0.120117 0.119141 0.000244379
0 0.569824 0.330566 0.0615234 0.0615234 0.000245571
1 0.551758 0.34082 0.0996094 0.0800781 0.000246763
9 0.271484 0.166016 0.0859375 0.0703125 0.000248194
12 0.550781 0.339844 0.101562 0.0761719 0.000249147
5 0.248535 0.568359 0.188477 0.136719 0.000250101
9 0.604492 0.103516 0.0214844 0.0195312 0.000252247
8 0.383301 0.408691 0.0185547 0.0263672 0.000252962
7 0.152832 0.783691 0.0283203 0.0263672 0.000255346
11 0.579102 0.181152 0.115234 0.0908203 0.000256062
7 0.550293 0.339844 0.104492 0.0761719 0.000256777
13 0.738281 0.248047 0.0371094 0.078125 0.000258207
6 0.550293 0.339844 0.104492 0.0761719 0.000262499
11 0.851074 0.87207 0.0478516 0.046875 0.000262737
13 0.715332 0.424805 0.268555 0.40625 0.000264883
3 0.225098 0.591797 0.270508 0.488281 0.000267029
13 0.245605 0.580566 0.239258 0.291992 0.000267267
13 0.753906 0.355957 0.0898438 0.131836 0.000267982
13 0.775879 0.376953 0.0556641 0.09375 0.000272274
11 0.320312 0.72998 0.0410156 0.0341797 0.000272751
11 0.766113 0.331543 0.0341797 0.0498047 0.000273228
9 0.740234 0.314453 0.109375 0.142578 0.00027585
5 0.754883 0.557617 0.175781 0.21875 0.000278234
13 0.734863 0.282715 0.0244141 0.0380859 0.000280142
9 0.582031 0.0986328 0.0351562 0.03125 0.000280619
9 0.733887 0.281738 0.0439453 0.0595703 0.000281096
9 0.598633 0.0737305 0.0605469 0.124023 0.000283957
8 0.203613 0.76416 0.0107422 0.0107422 0.000285625
9 0.208008 0.597168 0.0214844 0.0185547 0.00028944
10 0.851074 0.87207 0.0478516 0.046875 0.000291824
13 0.319824 0.728516 0.0419922 0.0351562 0.000293732
6 0.758789 0.317383 0.0136719 0.0195312 0.000299692
11 0.375488 0.161621 0.0634766 0.0322266 0.000300169
1 0.749023 0.306152 0.0605469 0.0869141 0.000302792
8 0.733887 0.281738 0.0439453 0.0595703 0.00030899
8 0.758301 0.310547 0.0361328 0.0625 0.000315905
11 0.554688 0.172363 0.0585938 0.0654297 0.000317574
8 0.293945 0.586426 0.0136719 0.0126953 0.000318527
13 0.157715 0.787598 0.0966797 0.0595703 0.000320196
5 0.20166 0.75 0.198242 0.158203 0.00032115
0 0.504395 0.353516 0.194336 0.105469 0.000321388
13 0.674805 0.528809 0.113281 0.0712891 0.000321627
13 0.636719 0.40332 0.136719 0.228516 0.000327349
6 0.745117 0.29834 0.0507812 0.0751953 0.000328302
9 0.416504 0.246582 0.0615234 0.208008 0.000329733
9 0.858887 0.64209 0.0146484 0.0283203 0.000332355
8 0.675293 0.380859 0.0126953 0.0117188 0.000333309
9 0.275879 0.143555 0.0595703 0.0703125 0.000333786
2 0.131348 0.400879 0.0400391 0.0361328 0.000339985
8 0.267578 0.124512 0.0273438 0.0302734 0.000343323
9 0.353516 0.0947266 0.015625 0.0175781 0.0003438
10 0.550781 0.339844 0.101562 0.0761719 0.000344515
8 0.86084 0.643066 0.0107422 0.0166016 0.000345469
2 0.731445 0.27832 0.015625 0.0214844 0.000347614
13 0.259277 0.574707 0.137695 0.0751953 0.000348091
1 0.274902 0.175293 0.0615234 0.0361328 0.000349045
11 0.731934 0.272949 0.0107422 0.0107422 0.000355005
11 0.33252 0.165527 0.0751953 0.0224609 0.000355482
9 0.479004 0.505859 0.282227 0.5625 0.000359774
1 0.710449 0.183594 0.0830078 0.0585938 0.000365734
5 0.208984 0.597656 0.03125 0.0175781 0.000371456
7 0.760254 0.318848 0.0244141 0.0322266 0.000371695
13 0.636719 0.469238 0.115234 0.180664 0.000372887
11 0.194336 0.227539 0.0683594 0.0605469 0.000373602
13 0.237305 0.552734 0.277344 0.595703 0.000375748
2 0.274902 0.175293 0.0615234 0.0361328 0.000375986
10 0.710449 0.183594 0.0830078 0.0585938 0.000377178
5 0.725586 0.431152 0.28125 0.43457 0.00037837
13 0.220215 0.303223 0.0439453 0.0439453 0.000383377
8 0.090332 0.571777 0.0146484 0.00878906 0.000383615
9 0.186035 0.692871 0.188477 0.260742 0.000394344
11 0.178711 0.248535 0.0859375 0.0908203 0.000403881
11 0.687988 0.166504 0.0517578 0.0322266 0.000404358
11 0.289551 0.162598 0.0986328 0.0693359 0.000404835
11 0.658203 0.15918 0.09375 0.03125 0.000406504
5 0.135742 0.79541 0.0800781 0.0849609 0.000408649
8 0.144043 0.790527 0.0556641 0.0478516 0.000412703
11 0.339844 0.177246 0.142578 0.0556641 0.000414133
2 0.733887 0.273438 0.0283203 0.0195312 0.000414848
6 0.229492 0.555176 0.283203 0.59082 0.000421762
13 0.745117 0.26709 0.0566406 0.0791016 0.000422478
2 0.733887 0.285645 0.0556641 0.0791016 0.000423431
8 0.554199 0.339844 0.0927734 0.0761719 0.000424385
11 0.749023 0.306152 0.0605469 0.0869141 0.000424862
9 0.150879 0.783203 0.0341797 0.03125 0.000427008
13 0.123535 0.780273 0.0810547 0.0625 0.000432491
10 0.103516 0.933105 0.0546875 0.0634766 0.000435829
5 0.137695 0.78418 0.0605469 0.0410156 0.000436544
13 0.760742 0.31543 0.015625 0.0253906 0.00044179
13 0.766113 0.287598 0.0830078 0.0966797 0.000449181
13 0.25 0.566895 0.195312 0.129883 0.000452757
6 0.126953 0.791016 0.0820312 0.0644531 0.000452995
2 0.86084 0.643066 0.0107422 0.0166016 0.000459433
5 0.550293 0.339844 0.104492 0.0761719 0.000466347
13 0.624023 0.491211 0.0917969 0.0996094 0.000466585
11 0.103516 0.933105 0.0546875 0.0634766 0.0004704
8 0.306641 0.732422 0.0175781 0.0214844 0.000470638
13 0.779785 0.548828 0.0810547 0.0292969 0.000488281
5 0.245605 0.580566 0.239258 0.291992 0.000494003
0 0.758301 0.317383 0.0126953 0.0195312 0.000495911
9 0.71875 0.305176 0.0976562 0.0849609 0.000496864
11 0.316895 0.170898 0.0751953 0.0253906 0.000511169
2 0.375977 0.69873 0.0234375 0.0302734 0.000516891
7 0.746094 0.299316 0.0546875 0.0771484 0.000517845
9 0.200195 0.0996094 0.0175781 0.015625 0.00052309
9 0.40625 0.214844 0.03125 0.0332031 0.000524044
11 0.690918 0.180664 0.170898 0.0800781 0.000525475
13 0.126465 0.40332 0.0244141 0.0410156 0.000530243
8 0.728027 0.274414 0.0166016 0.0117188 0.000537872
2 0.73584 0.280762 0.0380859 0.0419922 0.000545025
11 0.363281 0.164062 0.0976562 0.0488281 0.00055027
7 0.768555 0.330566 0.0371094 0.0498047 0.000553608
8 0.646484 0.276855 0.0371094 0.0302734 0.000563145
13 0.728516 0.267578 0.0175781 0.0234375 0.000570774
13 0.703613 0.245605 0.0712891 0.0712891 0.000571728
9 0.197266 0.097168 0.0078125 0.00683594 0.000575542
13 0.662109 0.520508 0.0742188 0.0488281 0.00059557
2 0.320312 0.72998 0.0410156 0.0341797 0.000623703
11 0.550781 0.339844 0.101562 0.0761719 0.000645638
13 0.558105 0.337891 0.0869141 0.0722656 0.000658512
9 0.768066 0.335938 0.0517578 0.0761719 0.0006814
13 0.69873 0.338379 0.198242 0.166992 0.000706196
13 0.729492 0.256348 0.0898438 0.124023 0.000706673
13 0.717285 0.259766 0.0615234 0.0605469 0.000712395
2 0.0898438 0.572266 0.0136719 0.00976562 0.000720978
11 0.285156 0.188477 0.191406 0.0800781 0.000738621
2 0.768066 0.335938 0.0517578 0.0761719 0.000739098
11 0.759766 0.318848 0.0273438 0.0439453 0.000758648
2 0.71875 0.305176 0.0976562 0.0849609 0.000780106
9 0.597656 0.0976562 0.0527344 0.0507812 0.000782967
7 0.126953 0.791016 0.0820312 0.0644531 0.000795364
11 0.201172 0.224121 0.140625 0.104492 0.000851631
9 0.550293 0.342285 0.102539 0.0810547 0.000857353
8 0.12793 0.401855 0.0253906 0.0341797 0.000870228
13 0.73291 0.270508 0.0322266 0.0351562 0.000874996
8 0.731445 0.27832 0.015625 0.0214844 0.000942707
13 0.712891 0.331543 0.0625 0.0361328 0.000948429
11 0.759277 0.317383 0.0146484 0.0214844 0.000984192
9 0.581055 0.0961914 0.0195312 0.0224609 0.00101662
9 0.126465 0.40332 0.0244141 0.0410156 0.0010519
13 0.273438 0.564453 0.0976562 0.046875 0.00105476
9 0.123535 0.810547 0.0966797 0.103516 0.00107288
11 0.384766 0.150391 0.0683594 0.0195312 0.00107765
13 0.617676 0.241211 0.0791016 0.0976562 0.00108051
8 0.302246 0.554199 0.0205078 0.0205078 0.00108528
8 0.270996 0.672852 0.0361328 0.0332031 0.00108814
9 0.375 0.699219 0.0117188 0.0136719 0.00109768
13 0.698242 0.341797 0.146484 0.0996094 0.00110054
9 0.225098 0.591797 0.270508 0.488281 0.00110912
13 0.734863 0.271973 0.0224609 0.0166016 0.0011282
8 0.766113 0.599609 0.0107422 0.0117188 0.00113297
8 0.730469 0.269531 0.015625 0.015625 0.00114536
11 0.291504 0.171387 0.0615234 0.0263672 0.00114632
2 0.551758 0.34082 0.0996094 0.0800781 0.00115585
8 0.749023 0.306152 0.0605469 0.0869141 0.00121212
2 0.751465 0.320801 0.0498047 0.0458984 0.0012207
8 0.684082 0.239746 0.0126953 0.0126953 0.00131512
8 0.731445 0.274414 0.03125 0.0292969 0.00141048
11 0.126953 0.40332 0.015625 0.0253906 0.00141048
0 0.546875 0.371582 0.119141 0.161133 0.00141716
9 0.896484 0.385742 0.0175781 0.0214844 0.00146866
13 0.76709 0.347168 0.0498047 0.0986328 0.00150776
13 0.731445 0.27832 0.015625 0.0214844 0.00157261
8 0.765625 0.331055 0.03125 0.0507812 0.0016737
11 0.620117 0.151367 0.132812 0.0292969 0.00168991
13 0.761719 0.288574 0.0488281 0.0615234 0.00178146
10 0.0942383 0.906738 0.0498047 0.0712891 0.00184822
13 0.149414 0.783691 0.0351562 0.0302734 0.00187397
13 0.694824 0.277832 0.163086 0.168945 0.00188541
11 0.600586 0.145508 0.0507812 0.015625 0.00190449
9 0.599609 0.0986328 0.0351562 0.03125 0.00194168
11 0.725098 0.192383 0.0966797 0.0644531 0.0019474
6 0.14209 0.785156 0.0556641 0.0390625 0.00209999
7 0.731934 0.272949 0.0107422 0.0107422 0.00213623
7 0.320312 0.72998 0.0410156 0.0341797 0.00216103
9 0.279297 0.12207 0.0507812 0.0527344 0.00217438
11 0.0942383 0.906738 0.0498047 0.0712891 0.00242233
13 0.130859 0.803711 0.0800781 0.0742188 0.00242805
8 0.266602 0.678711 0.0214844 0.0214844 0.0024929
9 0.137695 0.78418 0.0605469 0.0410156 0.00258446
7 0.759766 0.317871 0.0136719 0.0185547 0.00265312
13 0.708008 0.327637 0.0917969 0.0556641 0.00269699
9 0.765625 0.328613 0.0332031 0.0498047 0.00278664
13 0.731934 0.322754 0.0771484 0.0419922 0.00295067
9 0.873535 0.329102 0.0166016 0.0214844 0.00297165
9 0.61084 0.0957031 0.0185547 0.0292969 0.00298119
13 0.740234 0.314453 0.109375 0.142578 0.00301552
7 0.126953 0.402832 0.015625 0.0283203 0.00303078
2 0.374512 0.699219 0.0146484 0.015625 0.00363159
7 0.14209 0.785156 0.0556641 0.0390625 0.00368118
3 0.549316 0.338867 0.104492 0.0761719 0.00368309
9 0.203613 0.101562 0.0302734 0.0234375 0.00369835
11 0.360352 0.153809 0.0664062 0.0205078 0.00388336
13 0.648926 0.505859 0.0927734 0.0820312 0.00396347
11 0.632812 0.163574 0.166016 0.0400391 0.00404739
9 0.0898438 0.571777 0.0136719 0.00878906 0.0040741
8 0.149902 0.78418 0.0361328 0.0332031 0.00408173
8 0.375488 0.69873 0.0146484 0.0166016 0.0043602
11 0.699707 0.174805 0.0517578 0.0351562 0.00442886
9 0.86084 0.643066 0.0107422 0.0166016 0.00456619
9 0.320312 0.72998 0.0410156 0.0341797 0.00479507
9 0.760254 0.318848 0.0244141 0.0322266 0.00488663
13 0.733887 0.281738 0.0439453 0.0595703 0.00502396
2 0.731934 0.272949 0.0126953 0.0126953 0.00518417
13 0.209473 0.290527 0.0478516 0.0400391 0.00535202
10 0.852051 0.872559 0.0283203 0.0361328 0.00588608
13 0.731934 0.272949 0.0126953 0.0126953 0.00598526
8 0.126953 0.402832 0.0136719 0.0283203 0.00605011
11 0.587891 0.146484 0.0859375 0.0214844 0.00623322
11 0.347656 0.157227 0.109375 0.0253906 0.00646973
9 0.731934 0.272949 0.0107422 0.0107422 0.0065155
9 0.445801 0.585938 0.15918 0.542969 0.00662231
9 0.749023 0.306152 0.0605469 0.0869141 0.00687027
8 0.760254 0.318848 0.0244141 0.0322266 0.00696182
2 0.764648 0.327637 0.03125 0.0498047 0.00718307
13 0.126465 0.402832 0.0146484 0.0263672 0.00777054
11 0.852051 0.872559 0.0283203 0.0361328 0.00835419
11 0.57959 0.165527 0.0908203 0.0478516 0.00875854
13 0.758789 0.321777 0.0234375 0.0361328 0.00901794
5 0.207031 0.661621 0.212891 0.336914 0.00942993
2 0.125977 0.402832 0.015625 0.0283203 0.0094986
13 0.766113 0.331543 0.0341797 0.0498047 0.00956726
8 0.208496 0.597168 0.0205078 0.0185547 0.00963593
13 0.757812 0.318848 0.0117188 0.0166016 0.00991058
11 0.679199 0.168945 0.102539 0.046875 0.0107422
13 0.76123 0.318359 0.0537109 0.0820312 0.0129547
2 0.749023 0.306152 0.0605469 0.0869141 0.013855
13 0.71875 0.305176 0.0976562 0.0849609 0.0146866
11 0.23877 0.200684 0.131836 0.0849609 0.0150757
5 0.229492 0.555176 0.283203 0.59082 0.0152588
9 0.270508 0.125488 0.0351562 0.0341797 0.015976
13 0.138672 0.786621 0.0605469 0.0419922 0.0166931
8 0.320312 0.72998 0.0410156 0.0341797 0.016922
9 0.759766 0.317871 0.0136719 0.0185547 0.0188141
2 0.759277 0.317871 0.0224609 0.0302734 0.0214996
11 0.258789 0.180664 0.0996094 0.0488281 0.0245667
11 0.313965 0.17041 0.137695 0.0341797 0.0374146
2 0.758789 0.317383 0.0136719 0.0195312 0.0474854
8 0.758789 0.317383 0.0136719 0.0175781 0.0492249
9 0.125977 0.402344 0.015625 0.0273438 0.0500793
13 0.746094 0.299316 0.0546875 0.0771484 0.0522461
11 0.70752 0.178223 0.0810547 0.0537109 0.0894775
11 0.272949 0.174805 0.0615234 0.0332031 0.120483
8 0.731934 0.272949 0.0107422 0.0107422 0.124756
0 0.550293 0.339844 0.104492 0.0761719 0.451172
