7 0.22168 0.585449 0.0585938 0.0732422 0.00010407
6 0.279297 0.404785 0.125 0.106445 0.000104547
9 0.437988 0.28418 0.147461 0.1875 0.000105798
7 0.0727539 0.814453 0.0791016 0.107422 0.000107288
8 0.251953 0.637695 0.015625 0.015625 0.000108957
0 0.521484 0.327148 0.0917969 0.0546875 0.000109255
11 0.00878906 0.26123 0.0175781 0.0263672 0.000109434
11 0.574219 0.228516 0.0488281 0.0175781 0.000110686
13 0.315918 0.553711 0.0732422 0.0292969 0.00011158
0 0.55957 0.349609 0.0527344 0.0761719 0.000111639
7 0.382324 0.30127 0.118164 0.180664 0.000111818
13 0.0756836 0.877441 0.151367 0.245117 0.000112951
9 0.417969 0.640137 0.140625 0.166992 0.000112951
13 0.372559 0.621094 0.0517578 0.078125 0.000113308
13 0.324707 0.469238 0.15332 0.188477 0.000113845
9 0.448242 0.477539 0.130859 0.304688 0.000114441
0 0.0786133 0.900391 0.133789 0.15625 0.00011456
8 0.0688477 0.812988 0.0771484 0.114258 0.000116229
13 0.305664 0.542969 0.128906 0.0859375 0.000116587
8 0.725586 0.138184 0.427734 0.256836 0.000117481
7 0.775391 0.65625 0.0703125 0.123047 0.000117838
11 0.382324 0.227539 0.0439453 0.015625 0.000118017
2 0.163086 0.175293 0.314453 0.266602 0.000118971
3 0.536621 0.970215 0.491211 0.0595703 0.000120103
7 0.961914 0.369141 0.0742188 0.175781 0.000121057
13 0.342285 0.367676 0.124023 0.174805 0.000121057
9 0.0961914 0.62207 0.12793 0.255859 0.000121176
7 0.221191 0.616699 0.147461 0.155273 0.000121355
9 0.426758 0.323242 0.0800781 0.177734 0.000123262
2 0.570801 0.361816 0.0263672 0.0283203 0.00012362
8 0.0234375 0.249512 0.0449219 0.0341797 0.000124216
5 0.697754 0.480469 0.166992 0.210938 0.000125051
13 0.90918 0.117188 0.177734 0.212891 0.000125408
13 0.0454102 0.891113 0.0908203 0.141602 0.000125408
6 0.123047 0.118164 0.246094 0.220703 0.000126004
6 0.404785 0.292969 0.0498047 0.125 0.0001266
6 0.736328 0.126953 0.492188 0.224609 0.000127077
9 0.221191 0.616699 0.147461 0.155273 0.000127077
5 0.22998 0.587402 0.0986328 0.12207 0.000128269
9 0.743164 0.455566 0.125 0.276367 0.000129938
3 0.726074 0.571289 0.15332 0.222656 0.000131488
7 0.706543 0.483398 0.110352 0.0878906 0.000132084
10 0.407227 0.296387 0.0527344 0.141602 0.000132322
9 0.456543 0.339844 0.176758 0.177734 0.000132918
4 0.407227 0.296387 0.0527344 0.141602 0.000132918
7 0.604004 0.449707 0.147461 0.194336 0.000133872
10 0.00976562 0.261719 0.0175781 0.0273438 0.000133991
13 0.34375 0.522949 0.0703125 0.120117 0.000137687
9 0.23584 0.399902 0.106445 0.15332 0.000137806
3 0.128418 0.0839844 0.245117 0.158203 0.000137925
11 0.63623 0.225586 0.15332 0.119141 0.000138521
13 0.717773 0.492676 0.123047 0.151367 0.000140548
3 0.507812 0.555176 0.287109 0.383789 0.000142336
8 0.654785 0.257324 0.0927734 0.0673828 0.000142455
9 0.0234375 0.249512 0.0449219 0.0341797 0.000144005
11 0.328125 0.265625 0.167969 0.0859375 0.000145078
11 0.555176 0.256836 0.12207 0.0742188 0.000146389
10 0.0195312 0.26416 0.0390625 0.104492 0.000147581
1 0.587891 0.458984 0.0664062 0.115234 0.000151396
9 0.553223 0.177246 0.0107422 0.0185547 0.000151753
6 0.705078 0.503418 0.144531 0.15918 0.000153184
2 0.725586 0.138184 0.427734 0.256836 0.00015533
6 0.32666 0.500488 0.149414 0.250977 0.000156403
9 0.30957 0.417969 0.152344 0.117188 0.000156522
0 0.654785 0.257324 0.0927734 0.0673828 0.00015831
9 0.0727539 0.814453 0.0791016 0.107422 0.000159264
10 0.186523 0.269531 0.373047 0.539062 0.000159383
3 0.651367 0.254395 0.0878906 0.0654297 0.000159383
3 0.562988 0.702637 0.415039 0.165039 0.000160456
10 0.961914 0.369141 0.0742188 0.175781 0.000160694
5 0.736328 0.126953 0.492188 0.224609 0.000160694
11 0.163086 0.175293 0.314453 0.266602 0.000160813
9 0.691895 0.465332 0.0810547 0.0283203 0.00016129
5 0.32666 0.500488 0.149414 0.250977 0.000161409
6 0.34375 0.522949 0.0703125 0.120117 0.000161409
10 0.166016 0.20459 0.332031 0.307617 0.000162125
2 0.115234 0.119141 0.230469 0.220703 0.000164151
4 0.244141 0.495605 0.154297 0.166992 0.00016439
4 0.350586 0.511719 0.0761719 0.117188 0.000164986
7 0.328613 0.367676 0.15332 0.196289 0.000165343
13 0.217773 0.514648 0.111328 0.275391 0.000168562
13 0.263184 0.557129 0.129883 0.0498047 0.000170231
0 0.979004 0.741699 0.0419922 0.143555 0.0001719
10 0.21875 0.532227 0.109375 0.244141 0.000174403
10 0.730957 0.541992 0.118164 0.134766 0.000179887
9 0.553711 0.844238 0.642578 0.295898 0.000183582
11 0.0224609 0.259277 0.0429688 0.0322266 0.000184178
11 0.530273 0.223145 0.0488281 0.0244141 0.000189185
9 0.393555 0.261719 0.0566406 0.130859 0.000189662
11 0.725586 0.138184 0.427734 0.256836 0.0001899
7 0.373535 0.618652 0.0517578 0.0849609 0.000193834
8 0.34082 0.443848 0.0292969 0.0244141 0.000194669
9 0.604004 0.250488 0.178711 0.0751953 0.000196338
7 0.655762 0.553711 0.254883 0.263672 0.000197768
11 0.375977 0.22168 0.0566406 0.0175781 0.00020349
11 0.347168 0.242676 0.118164 0.0419922 0.000204563
2 0.572754 0.362793 0.0166016 0.0185547 0.000204563
9 0.0151367 0.260742 0.0302734 0.0292969 0.000206232
8 0.691895 0.544434 0.0341797 0.0302734 0.000206947
13 0.287109 0.540039 0.177734 0.148438 0.000207067
0 0.585449 0.460938 0.0791016 0.121094 0.00020957
13 0.0869141 0.223145 0.0546875 0.0205078 0.000215411
8 0.345215 0.419922 0.0185547 0.015625 0.000218511
0 0.0454102 0.891113 0.0908203 0.141602 0.000219703
11 0.551758 0.237305 0.0976562 0.0351562 0.000219822
11 0.559082 0.22168 0.0615234 0.0175781 0.000220299
13 0.585938 0.459961 0.0722656 0.115234 0.000221133
1 0.730957 0.541992 0.118164 0.134766 0.000221848
13 0.217285 0.57959 0.0947266 0.141602 0.000223041
2 0.726074 0.571289 0.15332 0.222656 0.000224471
3 0.0722656 0.932129 0.144531 0.135742 0.000228286
13 0.725586 0.138184 0.427734 0.256836 0.000230074
10 0.589355 0.46582 0.0712891 0.113281 0.000230789
2 0.506348 0.320801 0.0166016 0.0205078 0.000234008
4 0.268555 0.430176 0.164062 0.174805 0.000240803
0 0.685547 0.905762 0.328125 0.188477 0.000241637
13 0.404785 0.292969 0.0498047 0.125 0.000243783
0 0.23291 0.880859 0.288086 0.224609 0.000243902
9 0.197754 0.535645 0.0927734 0.24707 0.000244617
11 0.587891 0.459473 0.0664062 0.112305 0.000248909
9 0.53418 0.471191 0.167969 0.260742 0.000252008
9 0.655762 0.553711 0.254883 0.263672 0.000254154
7 0.751465 0.622559 0.116211 0.241211 0.000254393
0 0.483887 0.42627 0.25293 0.282227 0.000256538
7 0.30957 0.60791 0.0976562 0.0712891 0.000257492
11 0.330566 0.229492 0.0458984 0.0136719 0.00026536
13 0.859375 0.279297 0.28125 0.353516 0.000270128
5 0.294922 0.435547 0.177734 0.150391 0.000273228
8 0.350586 0.511719 0.0761719 0.117188 0.000276089
12 0.651367 0.252441 0.078125 0.0595703 0.000276804
6 0.231934 0.452148 0.118164 0.236328 0.000279427
4 0.215332 0.584473 0.0966797 0.12793 0.000279903
9 0.356445 0.498535 0.103516 0.192383 0.000280857
7 0.394043 0.269043 0.0517578 0.124023 0.000282288
11 0.543457 0.229492 0.0498047 0.0234375 0.00028491
9 0.962891 0.483398 0.0664062 0.0820312 0.000288248
9 0.98291 0.0126953 0.0126953 0.0195312 0.000290871
11 0.379395 0.248535 0.0634766 0.0673828 0.000297785
13 0.0869141 0.104004 0.162109 0.186523 0.0002985
9 0.383301 0.283691 0.12793 0.170898 0.000299692
11 0.589844 0.229004 0.0917969 0.0244141 0.000299931
9 0.268555 0.430176 0.164062 0.174805 0.000300407
0 0.145996 0.907715 0.291992 0.18457 0.000302792
3 0.857422 0.338379 0.285156 0.219727 0.000310421
9 0.203125 0.646484 0.0195312 0.0175781 0.000311852
3 0.552734 0.657227 0.21875 0.138672 0.000315666
9 0.476074 0.40332 0.182617 0.214844 0.000319242
9 0.461914 0.609863 0.214844 0.274414 0.000319719
8 0.583008 0.376953 0.0117188 0.00976562 0.000320673
13 0.730957 0.541992 0.118164 0.134766 0.000326633
7 0.015625 0.249512 0.0292969 0.0400391 0.000328064
4 0.0229492 0.255859 0.0458984 0.03125 0.000329494
13 0.700195 0.467773 0.09375 0.0546875 0.000330448
13 0.728027 0.480469 0.0458984 0.0332031 0.000333786
13 0.268555 0.430176 0.164062 0.174805 0.000339985
7 0.320801 0.433594 0.139648 0.130859 0.000340462
10 0.012207 0.275879 0.0244141 0.0595703 0.000345707
9 0.270508 0.591797 0.160156 0.113281 0.000351906
6 0.0229492 0.255859 0.0458984 0.03125 0.000356197
13 0.163086 0.175293 0.314453 0.266602 0.000365734
3 0.793457 0.251465 0.413086 0.37207 0.000366926
7 0.599609 0.487793 0.0605469 0.0966797 0.000370026
6 0.272461 0.592773 0.160156 0.109375 0.000370979
9 0.620117 0.52002 0.138672 0.157227 0.000373363
11 0.368164 0.243164 0.0644531 0.0253906 0.000381231
5 0.217773 0.514648 0.111328 0.275391 0.000383139
8 0.364746 0.45166 0.0166016 0.0146484 0.000401258
12 0.726074 0.571289 0.15332 0.222656 0.000408888
3 0.582031 0.882812 0.583984 0.207031 0.000410318
3 0.267578 0.502441 0.208984 0.319336 0.000416994
4 0.211426 0.519531 0.100586 0.269531 0.000419378
0 0.539062 0.342773 0.0527344 0.0683594 0.000419855
9 0.372559 0.621094 0.0517578 0.078125 0.000446081
7 0.532227 0.357422 0.107422 0.111328 0.000449181
7 0.00878906 0.26123 0.0175781 0.0263672 0.000451088
4 0.532227 0.357422 0.107422 0.111328 0.000454426
13 0.274414 0.583496 0.158203 0.100586 0.000463724
8 0.633789 0.495605 0.0214844 0.0185547 0.000464439
8 0.730957 0.541992 0.118164 0.134766 0.000465393
11 0.404785 0.287598 0.0517578 0.137695 0.000481367
9 0.129883 0.49707 0.259766 0.523438 0.000483274
6 0.589355 0.46582 0.0712891 0.113281 0.000492573
2 0.587891 0.458984 0.0664062 0.115234 0.000498772
8 0.198242 0.646484 0.015625 0.0136719 0.000501633
9 0.654785 0.257324 0.0927734 0.0673828 0.00050211
9 0.557617 0.449219 0.0820312 0.111328 0.000518799
9 0.705078 0.503418 0.144531 0.15918 0.000519276
7 0.23584 0.399902 0.106445 0.15332 0.000535488
6 0.532227 0.357422 0.107422 0.111328 0.000537395
13 0.287598 0.558105 0.100586 0.0322266 0.000541687
0 0.559082 0.432617 0.114258 0.189453 0.000565052
13 0.712402 0.474121 0.0673828 0.0283203 0.000569344
0 0.267578 0.502441 0.208984 0.319336 0.000583172
10 0.0200195 0.258789 0.0380859 0.0332031 0.000609398
12 0.532715 0.356445 0.108398 0.111328 0.000637054
11 0.640137 0.242676 0.0517578 0.0419922 0.000641346
6 0.215332 0.563965 0.102539 0.168945 0.00067091
2 0.654785 0.257324 0.0927734 0.0673828 0.000686646
13 0.654785 0.257324 0.0927734 0.0673828 0.000705719
3 0.736328 0.126953 0.492188 0.224609 0.000744343
10 0.651855 0.252441 0.0791016 0.0595703 0.000749588
7 0.244141 0.495605 0.154297 0.166992 0.000765324
7 0.654785 0.257324 0.0927734 0.0673828 0.000771046
9 0.599609 0.487793 0.0605469 0.0966797 0.000828266
8 0.532715 0.356445 0.108398 0.111328 0.000836372
11 0.726074 0.571289 0.15332 0.222656 0.000854969
8 0.213379 0.620605 0.0146484 0.0126953 0.000864506
5 0.532715 0.356445 0.108398 0.111328 0.00086689
1 0.532227 0.357422 0.107422 0.111328 0.000868797
13 0.0131836 0.26709 0.0263672 0.0361328 0.000874996
6 0.294434 0.436035 0.176758 0.149414 0.00088644
2 0.267578 0.502441 0.208984 0.319336 0.000905037
11 0.375 0.234375 0.0625 0.03125 0.00093174
13 0.30957 0.417969 0.152344 0.117188 0.000935555
5 0.725098 0.561035 0.15332 0.235352 0.000936985
10 0.727051 0.564453 0.155273 0.234375 0.000939369
11 0.316406 0.23877 0.0878906 0.0322266 0.000983238
11 0.32666 0.235352 0.0537109 0.0214844 0.000997543
7 0.356445 0.498535 0.103516 0.192383 0.0010004
7 0.0141602 0.267578 0.0263672 0.0390625 0.00100803
13 0.725098 0.561035 0.15332 0.235352 0.00103664
1 0.725098 0.561035 0.15332 0.235352 0.00104046
11 0.365234 0.227051 0.0644531 0.0185547 0.00104332
11 0.532227 0.357422 0.107422 0.111328 0.00107956
9 0.349609 0.512207 0.0761719 0.116211 0.00110722
10 0.532715 0.356445 0.108398 0.111328 0.0011158
13 0.532227 0.357422 0.107422 0.111328 0.00111866
1 0.651855 0.252441 0.0791016 0.0595703 0.00113964
11 0.520996 0.248047 0.0576172 0.0664062 0.00116062
11 0.588379 0.23291 0.141602 0.0361328 0.00116539
7 0.684082 0.51416 0.19043 0.155273 0.00120544
4 0.589355 0.46582 0.0712891 0.113281 0.00121212
11 0.267578 0.502441 0.208984 0.319336 0.00121593
11 0.604004 0.250488 0.178711 0.0751953 0.00121593
7 0.554199 0.643555 0.413086 0.162109 0.00125504
11 0.651367 0.257324 0.103516 0.110352 0.00130939
9 0.730957 0.541992 0.118164 0.134766 0.00133801
9 0.215332 0.584473 0.0966797 0.12793 0.00135708
12 0.554199 0.643555 0.413086 0.162109 0.00137329
12 0.267578 0.502441 0.208984 0.319336 0.00137615
11 0.554199 0.643555 0.413086 0.162109 0.00137901
11 0.672852 0.265625 0.0703125 0.0625 0.0014677
1 0.554199 0.643555 0.413086 0.162109 0.00147915
8 0.554199 0.643555 0.413086 0.162109 0.00150204
2 0.554199 0.643555 0.413086 0.162109 0.00150204
6 0.554199 0.643555 0.413086 0.162109 0.00153732
8 0.203125 0.646484 0.0195312 0.0175781 0.00154305
6 0.730957 0.541992 0.118164 0.134766 0.00154686
4 0.554199 0.643555 0.413086 0.162109 0.00163555
7 0.272461 0.592773 0.160156 0.109375 0.00163651
11 0.286621 0.25293 0.0771484 0.0546875 0.00164223
13 0.554199 0.643555 0.413086 0.162109 0.00164986
9 0.492188 0.486328 0.207031 0.445312 0.00165462
9 0.532227 0.357422 0.107422 0.111328 0.00174999
13 0.872559 0.272949 0.102539 0.0322266 0.00180817
2 0.53418 0.342773 0.101562 0.0800781 0.00192547
9 0.570801 0.463867 0.104492 0.201172 0.00192642
5 0.554199 0.643555 0.413086 0.162109 0.00208092
11 0.350098 0.237793 0.0908203 0.0224609 0.00209427
4 0.730957 0.541992 0.118164 0.134766 0.00216675
9 0.407227 0.296387 0.0527344 0.141602 0.00226593
7 0.350586 0.511719 0.0761719 0.117188 0.00227356
8 0.587891 0.458984 0.0664062 0.115234 0.00229263
11 0.34082 0.229004 0.0800781 0.0185547 0.00235748
1 0.265625 0.500488 0.207031 0.30957 0.00245476
13 0.0224609 0.259277 0.0429688 0.0322266 0.00257492
9 0.554199 0.643555 0.413086 0.162109 0.00266075
0 0.490723 0.367676 0.206055 0.135742 0.00294876
0 0.554199 0.643555 0.413086 0.162109 0.00295448
11 0.527832 0.233887 0.0517578 0.0361328 0.00302887
7 0.0219727 0.260254 0.0419922 0.0322266 0.00312233
7 0.268555 0.430176 0.164062 0.174805 0.00313568
13 0.691895 0.465332 0.0810547 0.0283203 0.00322533
10 0.554199 0.643555 0.413086 0.162109 0.00327873
3 0.532227 0.357422 0.107422 0.111328 0.00338554
13 0.272949 0.498047 0.223633 0.306641 0.00378227
8 0.725098 0.561035 0.15332 0.235352 0.00378799
11 0.259277 0.26416 0.0595703 0.0556641 0.00379753
11 0.628906 0.241699 0.0957031 0.0615234 0.00380135
11 0.559082 0.226562 0.0927734 0.0253906 0.00389481
7 0.211426 0.519531 0.100586 0.269531 0.00391388
7 0.407227 0.296387 0.0527344 0.141602 0.00399017
10 0.267578 0.502441 0.208984 0.319336 0.00429916
7 0.215332 0.584473 0.0966797 0.12793 0.00568771
8 0.248047 0.5 0.181641 0.308594 0.00590897
6 0.725098 0.561035 0.15332 0.235352 0.00610352
4 0.725098 0.561035 0.15332 0.235352 0.00764465
9 0.725098 0.561035 0.15332 0.235352 0.0118103
5 0.268066 0.508789 0.208008 0.324219 0.0122757
7 0.585938 0.459961 0.0722656 0.115234 0.0145493
7 0.730957 0.541992 0.118164 0.134766 0.0160217
4 0.265625 0.500488 0.207031 0.30957 0.0174408
9 0.237305 0.506836 0.150391 0.300781 0.0218964
6 0.265625 0.500488 0.207031 0.30957 0.0255737
7 0.725098 0.561035 0.15332 0.235352 0.067627
9 0.586426 0.459961 0.0712891 0.117188 0.0834961
7 0.262207 0.5 0.202148 0.3125 0.123596
11 0.651855 0.252441 0.0791016 0.0595703 0.142822
0 0.533203 0.348145 0.105469 0.0908203 0.71875
3 0.554199 0.643555 0.416992 0.152344 0.78125
