9 0.386719 0.742188 0.367188 0.292969 0.000163794
13 0.399902 0.438477 0.0224609 0.0234375 0.000164032
2 0.581055 0.29541 0.0644531 0.0576172 0.000164032
10 0.0644531 0.73877 0.128906 0.21582 0.000165343
9 0.869629 0.824219 0.260742 0.255859 0.000165939
9 0.75293 0.0722656 0.0683594 0.0410156 0.000166893
1 0.749023 0.262695 0.404297 0.291016 0.000167966
13 0.65332 0.500488 0.203125 0.286133 0.000168204
9 0.78125 0.779297 0.367188 0.0703125 0.000168204
2 0.309082 0.601562 0.393555 0.326172 0.000168324
12 0.3125 0.556152 0.302734 0.319336 0.000168443
9 0.685547 0.399414 0.128906 0.144531 0.000168562
9 0.179688 0.179199 0.359375 0.288086 0.000169039
12 0.695312 0.35498 0.273438 0.291992 0.000170946
2 0.710449 0.595215 0.319336 0.282227 0.000173926
13 0.399414 0.250488 0.0859375 0.166992 0.000175118
3 0.657715 0.96582 0.55957 0.0683594 0.000177145
12 0.257812 0.121582 0.455078 0.178711 0.000177622
9 0.219727 0.93457 0.404297 0.126953 0.000180721
1 0.682129 0.399902 0.202148 0.225586 0.00018084
3 0.660645 0.542969 0.227539 0.246094 0.000181437
9 0.925293 0.741699 0.149414 0.200195 0.000181556
11 0.581543 0.498535 0.418945 0.446289 0.000183702
2 0.359863 0.547363 0.165039 0.25293 0.000184417
7 0.74707 0.397461 0.359375 0.376953 0.000184655
9 0.306641 0.134277 0.392578 0.125977 0.000185847
8 0.453613 0.435059 0.0244141 0.0302734 0.000188589
9 0.34375 0.167969 0.230469 0.117188 0.000190139
0 0.493164 0.416504 0.341797 0.209961 0.000190616
10 0.734375 0.169922 0.404297 0.150391 0.000190616
7 0.309082 0.678223 0.586914 0.280273 0.000192761
12 0.658691 0.166016 0.235352 0.109375 0.000193
11 0.651855 0.513672 0.12207 0.111328 0.000193119
9 0.396973 0.185547 0.18457 0.179688 0.000193715
5 0.778809 0.752441 0.407227 0.155273 0.000193834
3 0.308594 0.824219 0.617188 0.324219 0.000195146
10 0.882812 0.396973 0.234375 0.639648 0.000195622
11 0.748535 0.169922 0.239258 0.119141 0.000196576
3 0.219727 0.23584 0.439453 0.266602 0.000198483
9 0.257324 0.117676 0.473633 0.225586 0.000199795
9 0.816406 0.171875 0.367188 0.291016 0.000203252
10 0.194824 0.219727 0.303711 0.224609 0.000204444
10 0.201172 0.705078 0.402344 0.259766 0.000204802
2 0.40918 0.247559 0.0722656 0.124023 0.000206113
13 0.212891 0.629395 0.390625 0.319336 0.000206709
9 0.608398 0.440918 0.341797 0.481445 0.000209093
11 0.36084 0.152832 0.143555 0.0693359 0.000209689
12 0.658203 0.217773 0.292969 0.210938 0.000210881
2 0.629883 0.296875 0.0527344 0.0488281 0.000211477
10 0.539551 0.506348 0.483398 0.479492 0.000211596
10 0.928711 0.309082 0.142578 0.481445 0.000211835
4 0.237793 0.491699 0.397461 0.532227 0.00021255
4 0.503418 0.347656 0.422852 0.236328 0.00021255
1 0.503418 0.347656 0.422852 0.236328 0.00021255
0 0.361816 0.510254 0.151367 0.233398 0.00021255
9 0.578125 0.283691 0.0859375 0.0849609 0.000212908
10 0.874023 0.727051 0.251953 0.231445 0.000217676
7 0.503418 0.347656 0.422852 0.236328 0.000219226
3 0.681641 0.887695 0.636719 0.199219 0.000219822
9 0.57959 0.27832 0.165039 0.158203 0.000221968
5 0.878418 0.45166 0.243164 0.700195 0.000222445
11 0.219727 0.193848 0.205078 0.141602 0.000223041
4 0.359863 0.547363 0.165039 0.25293 0.000225663
8 0.239258 0.45459 0.396484 0.555664 0.000229836
2 0.453613 0.435059 0.0244141 0.0302734 0.000229955
9 0.124512 0.40332 0.24707 0.542969 0.000231028
5 0.79541 0.626465 0.147461 0.250977 0.000231266
2 0.503418 0.347656 0.422852 0.236328 0.000233173
9 0.934082 0.446777 0.131836 0.651367 0.000233531
8 0.361816 0.429688 0.0185547 0.0195312 0.000233531
9 0.502441 0.027832 0.0478516 0.0556641 0.000234127
5 0.503418 0.347656 0.422852 0.236328 0.000234962
10 0.87207 0.170898 0.255859 0.310547 0.000237346
11 0.309082 0.601562 0.393555 0.326172 0.000237584
9 0.870605 0.260742 0.250977 0.361328 0.000242829
12 0.655762 0.496582 0.256836 0.350586 0.000243306
13 0.712402 0.59668 0.333008 0.298828 0.000247002
1 0.309082 0.601562 0.393555 0.326172 0.000247002
12 0.503418 0.347656 0.422852 0.236328 0.00024724
11 0.662598 0.135742 0.0771484 0.0234375 0.0002563
9 0.63623 0.509766 0.0771484 0.0703125 0.000260353
6 0.822266 0.683594 0.332031 0.267578 0.00026083
8 0.650879 0.405273 0.0146484 0.0175781 0.000262976
13 0.651367 0.398438 0.248047 0.277344 0.000263214
4 0.350098 0.516602 0.108398 0.0976562 0.000264406
2 0.724609 0.0893555 0.0136719 0.0107422 0.000265837
11 0.529297 0.275879 0.345703 0.213867 0.000271797
8 0.347168 0.32666 0.0107422 0.0107422 0.000272989
0 0.495117 0.337891 0.251953 0.160156 0.00027585
7 0.311523 0.502441 0.28125 0.360352 0.000276089
9 0.0561523 0.449219 0.112305 0.556641 0.00027895
5 0.876953 0.683105 0.195312 0.196289 0.000282764
9 0.152344 0.447266 0.123047 0.0761719 0.000285149
11 0.503418 0.347656 0.422852 0.236328 0.000285387
5 0.539551 0.506348 0.483398 0.479492 0.000285864
13 0.35791 0.261719 0.217773 0.246094 0.000289202
1 0.239258 0.45459 0.396484 0.555664 0.000289917
8 0.503418 0.347656 0.422852 0.236328 0.000291824
2 0.623047 0.306152 0.273438 0.235352 0.000293732
2 0.65625 0.402344 0.0410156 0.0390625 0.000296831
0 0.594238 0.265625 0.379883 0.277344 0.00029707
9 0.693359 0.0629883 0.585938 0.125977 0.000298262
2 0.657227 0.402344 0.0605469 0.0625 0.000304461
4 0.574219 0.643066 0.591797 0.291992 0.000306368
11 0.615234 0.171875 0.236328 0.134766 0.000307798
9 0.0776367 0.830078 0.15332 0.304688 0.000307798
1 0.361816 0.510254 0.151367 0.233398 0.000309467
10 0.078125 0.402832 0.15625 0.516602 0.000309467
7 0.657715 0.530762 0.149414 0.139648 0.000309467
11 0.239258 0.45459 0.396484 0.555664 0.000313282
9 0.0498047 0.693848 0.0996094 0.303711 0.000314951
10 0.78418 0.90625 0.431641 0.171875 0.000315905
10 0.931641 0.771484 0.136719 0.171875 0.000315905
2 0.239258 0.45459 0.396484 0.555664 0.000319481
3 0.776367 0.491211 0.412109 0.699219 0.000322342
11 0.70752 0.141113 0.116211 0.0478516 0.000322819
12 0.249023 0.262695 0.412109 0.28125 0.000324249
11 0.574219 0.643066 0.591797 0.291992 0.000324726
3 0.777344 0.265137 0.445312 0.303711 0.000327349
1 0.574219 0.643066 0.591797 0.291992 0.000327349
0 0.392578 0.450195 0.224609 0.417969 0.000328302
9 0.186523 0.726074 0.373047 0.254883 0.000329018
1 0.654297 0.499512 0.21875 0.303711 0.000329494
13 0.574219 0.643066 0.591797 0.291992 0.000333786
9 0.70752 0.577637 0.225586 0.34082 0.000335217
6 0.309082 0.601562 0.393555 0.326172 0.000335932
9 0.658203 0.217773 0.292969 0.210938 0.000341177
12 0.539551 0.506348 0.483398 0.479492 0.000341415
4 0.655762 0.496582 0.256836 0.350586 0.000344038
0 0.239258 0.45459 0.396484 0.555664 0.00034523
10 0.340332 0.96582 0.485352 0.0683594 0.000345469
12 0.365723 0.45752 0.209961 0.37207 0.000346661
13 0.130371 0.441406 0.0673828 0.0292969 0.000348806
2 0.574219 0.643066 0.591797 0.291992 0.000349522
8 0.309082 0.601562 0.393555 0.326172 0.000350475
9 0.262207 0.177734 0.366211 0.158203 0.000350952
8 0.415527 0.590332 0.0810547 0.0576172 0.000356436
11 0.306641 0.134277 0.392578 0.125977 0.000364065
2 0.650879 0.405762 0.0146484 0.0185547 0.000371218
7 0.749023 0.262695 0.404297 0.291016 0.000382662
9 0.436035 0.654297 0.286133 0.304688 0.0003829
11 0.347656 0.13623 0.105469 0.0263672 0.000384569
9 0.797363 0.771973 0.40332 0.15918 0.000385761
7 0.581543 0.498535 0.418945 0.446289 0.000388145
0 0.358398 0.597656 0.287109 0.332031 0.000391006
11 0.34375 0.167969 0.230469 0.117188 0.000392675
8 0.398438 0.440918 0.0429688 0.0458984 0.000393391
7 0.651367 0.398438 0.248047 0.277344 0.000396729
10 0.503418 0.347656 0.422852 0.236328 0.000397205
11 0.632812 0.144043 0.119141 0.0498047 0.000401974
13 0.531738 0.352051 0.44043 0.241211 0.000406742
7 0.612305 0.644531 0.552734 0.283203 0.000406981
9 0.500488 0.180176 0.331055 0.295898 0.000407457
13 0.351074 0.513184 0.116211 0.120117 0.000409365
3 0.358398 0.597656 0.287109 0.332031 0.000415564
12 0.251465 0.631348 0.477539 0.317383 0.000419855
3 0.588379 0.738281 0.510742 0.164062 0.00042963
11 0.649902 0.314453 0.297852 0.3125 0.000432491
0 0.745605 0.346191 0.362305 0.338867 0.000434637
2 0.65332 0.500488 0.203125 0.286133 0.000436068
8 0.632324 0.602051 0.473633 0.334961 0.000437737
9 0.658691 0.166016 0.235352 0.109375 0.000458241
11 0.712402 0.59668 0.333008 0.298828 0.000463724
10 0.19043 0.300293 0.380859 0.319336 0.000470161
9 0.518555 0.495605 0.328125 0.356445 0.000472784
3 0.230957 0.420898 0.44043 0.603516 0.000473261
8 0.358398 0.507324 0.078125 0.0654297 0.000474691
9 0.355957 0.357422 0.249023 0.392578 0.000475407
8 0.654297 0.400391 0.205078 0.238281 0.000478745
3 0.503418 0.347656 0.422852 0.236328 0.000479698
9 0.401367 0.438965 0.0371094 0.0341797 0.000481129
4 0.309082 0.601562 0.393555 0.326172 0.000491142
10 0.224609 0.414062 0.449219 0.599609 0.00049305
10 0.241699 0.598633 0.432617 0.330078 0.000493526
9 0.870605 0.689453 0.24707 0.261719 0.000507355
2 0.72168 0.37793 0.328125 0.25 0.000509262
12 0.712402 0.59668 0.333008 0.298828 0.0005126
9 0.458496 0.0581055 0.561523 0.114258 0.000515938
3 0.309082 0.678223 0.586914 0.280273 0.000519276
0 0.654297 0.499512 0.21875 0.303711 0.000524521
7 0.237793 0.491699 0.397461 0.532227 0.000525475
5 0.750488 0.289551 0.40332 0.352539 0.000525951
12 0.743652 0.171387 0.385742 0.161133 0.000529289
3 0.822266 0.683594 0.332031 0.267578 0.00053215
1 0.712402 0.59668 0.333008 0.298828 0.000538826
9 0.976562 0.208496 0.0429688 0.0595703 0.000548363
2 0.392578 0.444824 0.0585938 0.0517578 0.000559807
10 0.243164 0.978516 0.396484 0.0429688 0.000568867
11 0.697754 0.200684 0.327148 0.19043 0.000579357
10 0.574219 0.643066 0.591797 0.291992 0.000583649
6 0.709961 0.630371 0.402344 0.319336 0.000585079
5 0.208984 0.567383 0.240234 0.333984 0.000590801
9 0.782715 0.879883 0.43457 0.212891 0.000615597
13 0.164551 0.447754 0.133789 0.0830078 0.000618935
9 0.311523 0.502441 0.28125 0.360352 0.000619888
11 0.683105 0.399414 0.213867 0.236328 0.000632763
2 0.766602 0.550293 0.376953 0.481445 0.00063467
0 0.574219 0.643066 0.591797 0.291992 0.000648499
0 0.712402 0.59668 0.333008 0.298828 0.000649929
0 0.651367 0.398438 0.248047 0.277344 0.000650883
11 0.253418 0.203613 0.352539 0.196289 0.000653267
8 0.723633 0.0883789 0.0136719 0.0126953 0.000670433
2 0.678711 0.411133 0.175781 0.201172 0.000672817
9 0.40918 0.247559 0.0722656 0.124023 0.000684738
11 0.744141 0.129883 0.451172 0.154297 0.00071764
9 0.649414 0.313965 0.300781 0.299805 0.000730038
11 0.76709 0.510254 0.391602 0.563477 0.000754356
7 0.65332 0.500488 0.203125 0.286133 0.000762939
3 0.214355 0.598145 0.37793 0.34082 0.000768185
2 0.636719 0.508301 0.0761719 0.0712891 0.000777245
2 0.351074 0.513184 0.116211 0.120117 0.000787735
12 0.574219 0.643066 0.591797 0.291992 0.000789642
0 0.76709 0.510254 0.391602 0.563477 0.000790119
9 0.398438 0.26123 0.191406 0.229492 0.000819206
11 0.366699 0.463867 0.172852 0.345703 0.00082159
11 0.654297 0.499512 0.21875 0.303711 0.00082922
9 0.225098 0.26416 0.450195 0.288086 0.000831604
9 0.241699 0.581055 0.370117 0.287109 0.000856876
1 0.76709 0.510254 0.391602 0.563477 0.000860691
5 0.574219 0.643066 0.591797 0.291992 0.000879765
9 0.734375 0.169922 0.404297 0.150391 0.000891685
4 0.710449 0.595215 0.319336 0.282227 0.000899792
10 0.251465 0.912109 0.481445 0.166016 0.000900745
13 0.366699 0.46582 0.15918 0.322266 0.000914097
7 0.359863 0.547363 0.165039 0.25293 0.000948429
2 0.651855 0.512695 0.125977 0.111328 0.000956535
11 0.272949 0.148926 0.0947266 0.0498047 0.00100327
5 0.249023 0.262695 0.412109 0.28125 0.00114441
8 0.766602 0.550293 0.376953 0.481445 0.00117016
10 0.790527 0.953125 0.40918 0.0878906 0.00118256
8 0.359863 0.547363 0.165039 0.25293 0.00118256
6 0.224121 0.496094 0.401367 0.507812 0.00118542
13 0.76709 0.510254 0.391602 0.563477 0.00122738
9 0.399414 0.438477 0.0234375 0.0234375 0.00126839
7 0.34668 0.525391 0.115234 0.113281 0.00130272
9 0.651855 0.513672 0.12207 0.111328 0.00130272
8 0.657715 0.530762 0.149414 0.139648 0.00131607
9 0.782227 0.453613 0.435547 0.758789 0.0013237
10 0.766602 0.550293 0.376953 0.481445 0.00138569
10 0.821289 0.257812 0.357422 0.328125 0.00139332
9 0.499512 0.28125 0.366211 0.230469 0.00143433
13 0.690918 0.308105 0.30957 0.321289 0.00146675
2 0.387695 0.438965 0.138672 0.368164 0.00149822
8 0.90625 0.652344 0.0175781 0.0175781 0.00153065
12 0.76709 0.510254 0.391602 0.563477 0.00153351
13 0.688965 0.383789 0.149414 0.185547 0.00153446
8 0.63916 0.51416 0.0888672 0.0751953 0.00156593
3 0.504883 0.0410156 0.472656 0.0820312 0.00157738
9 0.74707 0.397461 0.359375 0.376953 0.00161457
9 0.505371 0.03125 0.463867 0.0625 0.00161743
13 0.239258 0.45459 0.396484 0.555664 0.00173283
0 0.471191 0.276855 0.34668 0.204102 0.00174618
4 0.766602 0.550293 0.376953 0.481445 0.00185966
5 0.835938 0.589355 0.244141 0.374023 0.00195694
9 0.222656 0.830566 0.445312 0.311523 0.00198936
7 0.309082 0.601562 0.393555 0.326172 0.00209808
11 0.691406 0.144531 0.320312 0.0957031 0.00221443
9 0.785645 0.634277 0.370117 0.331055 0.00229645
12 0.239258 0.45459 0.396484 0.555664 0.00230026
7 0.710449 0.595215 0.319336 0.282227 0.00237274
5 0.739258 0.615234 0.318359 0.308594 0.0024147
6 0.786133 0.541992 0.380859 0.552734 0.00263596
11 0.696289 0.151367 0.207031 0.0664062 0.00275993
12 0.749023 0.262695 0.404297 0.291016 0.00276184
11 0.328125 0.139648 0.166016 0.0371094 0.00276566
8 0.70166 0.558105 0.262695 0.286133 0.00278473
3 0.762207 0.599609 0.37207 0.347656 0.00279045
0 0.506836 0.444824 0.484375 0.379883 0.00283241
9 0.612305 0.644531 0.552734 0.283203 0.002882
3 0.543945 0.549805 0.519531 0.53125 0.00288391
9 0.309082 0.678223 0.586914 0.280273 0.00292397
11 0.265625 0.163086 0.148438 0.0917969 0.00296402
13 0.147461 0.443359 0.113281 0.046875 0.00297546
8 0.400879 0.439453 0.0283203 0.03125 0.00299263
10 0.218262 0.95166 0.391602 0.0927734 0.00304413
8 0.346191 0.525879 0.116211 0.131836 0.00312042
9 0.22998 0.461914 0.418945 0.580078 0.00315666
9 0.504883 0.388184 0.462891 0.280273 0.00363922
9 0.749023 0.262695 0.404297 0.291016 0.00380516
9 0.351074 0.513184 0.116211 0.120117 0.00390053
9 0.682129 0.399902 0.202148 0.225586 0.00403976
2 0.401367 0.438965 0.0371094 0.0341797 0.00427628
11 0.633301 0.136719 0.0849609 0.0273438 0.00438309
9 0.724609 0.0893555 0.0136719 0.0107422 0.00446701
9 0.65332 0.500488 0.203125 0.286133 0.00582123
8 0.400391 0.438477 0.0195312 0.0195312 0.00600433
7 0.766602 0.550293 0.376953 0.481445 0.00661469
9 0.382324 0.455566 0.172852 0.379883 0.00756836
2 0.399414 0.438477 0.0234375 0.0234375 0.00785828
9 0.711426 0.535156 0.366211 0.476562 0.00837708
5 0.212891 0.629395 0.390625 0.319336 0.00879669
5 0.822266 0.683594 0.332031 0.267578 0.0104218
9 0.358398 0.597656 0.287109 0.332031 0.0110931
9 0.543945 0.549805 0.519531 0.53125 0.015625
9 0.359863 0.547363 0.165039 0.25293 0.0209961
0 0.503418 0.345215 0.40332 0.227539 0.0248413
11 0.666992 0.13623 0.150391 0.0341797 0.0258179
5 0.22998 0.461914 0.418945 0.580078 0.0298157
5 0.786133 0.541992 0.380859 0.552734 0.0679321
3 0.586426 0.660645 0.49707 0.243164 0.0725708
