13 0.306641 0.342773 0.246094 0.212891 0.000100613
13 0.72168 0.15918 0.158203 0.0839844 0.000102341
11 0.399902 0.146973 0.0498047 0.0537109 0.00010252
9 0.401367 0.180664 0.117188 0.134766 0.000103056
11 0.755859 0.132812 0.152344 0.0703125 0.000103295
7 0.370117 0.413086 0.0410156 0.0390625 0.000103593
11 0.65332 0.123535 0.0625 0.0322266 0.000103831
4 0.0244141 0.276367 0.0449219 0.136719 0.000105202
8 0.278809 0.463379 0.0126953 0.0107422 0.000105381
13 0.722656 0.497559 0.0664062 0.0205078 0.000105739
11 0.0112305 0.0991211 0.0205078 0.110352 0.00010711
3 0.0507812 0.375 0.101562 0.121094 0.000107646
8 0.334473 0.477051 0.00878906 0.00878906 0.0001086
11 0.33252 0.250977 0.206055 0.138672 0.000109315
7 0.0244141 0.375 0.0449219 0.0859375 0.000109792
7 0.0078125 0.0883789 0.0136719 0.0615234 0.000109971
3 0.0703125 0.303223 0.140625 0.288086 0.000110805
11 0.282227 0.137695 0.0761719 0.0429688 0.000110924
4 0.258301 0.944336 0.180664 0.111328 0.00011152
3 0.09375 0.844238 0.1875 0.260742 0.000111639
9 0.33252 0.192871 0.0947266 0.0751953 0.00011313
11 0.167969 0.830078 0.0742188 0.0742188 0.000114143
11 0.743652 0.730469 0.0361328 0.0234375 0.000114977
11 0.658203 0.10791 0.119141 0.0380859 0.000115812
12 0.687012 0.133301 0.170898 0.0791016 0.000116289
8 0.0078125 0.0708008 0.0136719 0.0361328 0.000116885
9 0.33252 0.250977 0.206055 0.138672 0.000118971
11 0.408691 0.124512 0.0556641 0.0302734 0.000119746
13 0.795898 0.542969 0.113281 0.0371094 0.000119984
9 0.00732422 0.0961914 0.0146484 0.0693359 0.000121355
9 0.29248 0.252441 0.110352 0.0830078 0.000123382
7 0.97998 0.277344 0.0380859 0.15625 0.0001266
3 0.804199 0.964355 0.391602 0.0693359 0.000126719
9 0.668457 0.161133 0.0810547 0.078125 0.000127435
11 0.376953 0.110352 0.0527344 0.0175781 0.000127792
13 0.246582 0.469238 0.125977 0.0615234 0.000128508
3 0.0625 0.402832 0.107422 0.22168 0.000128627
4 0.370605 0.401855 0.0732422 0.0595703 0.000128984
13 0.27832 0.320801 0.123047 0.0908203 0.000129938
8 0.0244141 0.375 0.0449219 0.0859375 0.000131726
11 0.376953 0.404297 0.0644531 0.0585938 0.000131845
9 0.370605 0.413574 0.0419922 0.0400391 0.000131845
13 0.396973 0.191406 0.0634766 0.0664062 0.000132203
5 0.415039 0.147949 0.0585938 0.0654297 0.000133276
13 0.832031 0.0571289 0.335938 0.114258 0.000133514
13 0.289062 0.348145 0.0742188 0.0283203 0.000133872
11 0.394043 0.114258 0.0517578 0.0195312 0.00013411
1 0.678223 0.13916 0.129883 0.0693359 0.000134826
13 0.313477 0.262695 0.0429688 0.0371094 0.000137687
7 0.383301 0.135254 0.145508 0.0712891 0.000138044
13 0.30127 0.0527344 0.225586 0.105469 0.000141621
13 0.273438 0.249512 0.0683594 0.0498047 0.000142694
7 0.0239258 0.161621 0.0439453 0.106445 0.000143886
12 0.346191 0.17627 0.186523 0.104492 0.000145197
10 0.410645 0.151367 0.0439453 0.0546875 0.000147104
2 0.374023 0.118164 0.134766 0.0332031 0.000149608
8 0.258301 0.944336 0.180664 0.111328 0.000150204
13 0.433594 0.148926 0.0800781 0.0693359 0.0001508
9 0.379395 0.120605 0.139648 0.0322266 0.000159025
7 0.0268555 0.541016 0.0322266 0.0332031 0.000159502
7 0.416992 0.17041 0.0761719 0.0927734 0.000160217
11 0.798828 0.13916 0.0546875 0.0439453 0.000161648
0 0.216309 0.945312 0.245117 0.109375 0.000165462
11 0.719727 0.724609 0.0449219 0.0234375 0.000166059
13 0.359375 0.461426 0.0683594 0.0380859 0.000167489
3 0.90332 0.0527344 0.167969 0.0976562 0.000167608
13 0.812988 0.310059 0.0517578 0.0185547 0.000168562
9 0.669922 0.121582 0.142578 0.0439453 0.0001719
6 0.38916 0.13623 0.112305 0.0693359 0.00017345
2 0.40332 0.139648 0.0917969 0.0605469 0.000174046
12 0.374023 0.118652 0.136719 0.0341797 0.000174165
13 0.652344 0.159668 0.0898438 0.0673828 0.000176311
11 0.62207 0.130859 0.0488281 0.03125 0.000178099
13 0.422852 0.124512 0.0996094 0.0458984 0.000180006
7 0.665039 0.143555 0.105469 0.0585938 0.000181317
8 0.587402 0.304199 0.0751953 0.0869141 0.000182867
9 0.712891 0.723145 0.0625 0.0283203 0.00018394
8 0.289062 0.427734 0.0117188 0.0117188 0.000184298
13 0.695312 0.219727 0.0371094 0.0292969 0.000187278
11 0.419922 0.161621 0.0664062 0.0830078 0.000189185
13 0.691895 0.211426 0.0517578 0.0498047 0.000190854
11 0.730469 0.111816 0.0605469 0.0185547 0.000194907
11 0.677246 0.135254 0.0615234 0.0439453 0.000195146
10 0.0229492 0.161133 0.0458984 0.117188 0.000195384
7 0.0141602 0.238281 0.0283203 0.226562 0.000198007
9 0.751953 0.595703 0.0390625 0.0371094 0.000198841
11 0.351562 0.115234 0.0742188 0.0253906 0.00019896
13 0.686523 0.396484 0.0292969 0.0253906 0.000201106
9 0.38916 0.13623 0.112305 0.0693359 0.000201583
7 0.0078125 0.262695 0.015625 0.166016 0.000203252
13 0.210938 0.678223 0.0449219 0.0283203 0.000204682
9 0.981445 0.00830078 0.0214844 0.0126953 0.000205755
13 0.677734 0.403809 0.0488281 0.0458984 0.000207901
8 0.354492 0.46875 0.046875 0.0371094 0.000211596
9 0.0268555 0.541016 0.0322266 0.0332031 0.000215769
13 0.683594 0.226562 0.101562 0.0722656 0.000217676
7 0.365234 0.204102 0.117188 0.09375 0.000219822
13 0.36084 0.227539 0.0654297 0.0546875 0.000222683
13 0.333008 0.197266 0.0449219 0.0585938 0.000223041
9 0.0234375 0.161621 0.0449219 0.106445 0.000223637
10 0.0244141 0.23877 0.046875 0.211914 0.000229836
13 0.852539 0.549316 0.0703125 0.0263672 0.000232697
9 0.0112305 0.078125 0.0205078 0.0703125 0.00023365
2 0.679688 0.115723 0.150391 0.0380859 0.000236869
3 0.682617 0.120605 0.15625 0.0361328 0.000240445
3 0.374023 0.115234 0.134766 0.0332031 0.000240445
11 0.714844 0.108887 0.15625 0.0478516 0.000243902
3 0.352051 0.907227 0.512695 0.185547 0.000244141
9 0.361816 0.196289 0.223633 0.134766 0.000244856
2 0.376465 0.404297 0.0654297 0.0585938 0.000253201
7 0.374023 0.118652 0.136719 0.0341797 0.000256062
7 0.752441 0.595703 0.0400391 0.0351562 0.000261307
9 0.365723 0.20459 0.116211 0.0927734 0.000266075
11 0.693848 0.158203 0.12793 0.0839844 0.000267506
12 0.370117 0.14502 0.166016 0.0771484 0.000267982
13 0.316406 0.208984 0.0683594 0.0410156 0.000268459
13 0.313965 0.203613 0.106445 0.0771484 0.000277281
7 0.586914 0.303711 0.0761719 0.0878906 0.000279903
7 0.0244141 0.276367 0.0449219 0.136719 0.000280619
2 0.416992 0.17041 0.0878906 0.0947266 0.000285864
11 0.300781 0.128906 0.0761719 0.0332031 0.000311136
8 0.329102 0.210938 0.03125 0.0292969 0.000313044
12 0.682617 0.120605 0.15625 0.0361328 0.000314713
11 0.45752 0.133789 0.0498047 0.0429688 0.000317574
1 0.402344 0.137695 0.0839844 0.0546875 0.000321388
3 0.605469 0.899902 0.611328 0.19043 0.000321388
10 0.810547 0.950195 0.378906 0.09375 0.000323057
9 0.416992 0.17041 0.0761719 0.0927734 0.000328541
10 0.374023 0.114746 0.132812 0.0283203 0.000341415
13 0.429688 0.201172 0.0976562 0.146484 0.00034976
1 0.413086 0.149902 0.0488281 0.0537109 0.000351906
7 0.402344 0.137695 0.0839844 0.0546875 0.000356674
11 0.713867 0.10791 0.0742188 0.0185547 0.000357389
13 0.38623 0.234863 0.0947266 0.0615234 0.000369072
13 0.423828 0.168945 0.0507812 0.0546875 0.0003829
6 0.416992 0.17041 0.0761719 0.0927734 0.000412703
9 0.98291 0.0131836 0.0126953 0.0185547 0.00042057
13 0.82373 0.547852 0.0751953 0.0292969 0.000421762
13 0.296875 0.288574 0.134766 0.125977 0.000444651
7 0.682617 0.120605 0.15625 0.0361328 0.00046277
9 0.733398 0.729492 0.0371094 0.0253906 0.000509739
11 0.756836 0.120605 0.107422 0.0400391 0.00052166
11 0.368652 0.170898 0.170898 0.117188 0.00053072
13 0.680664 0.119629 0.148438 0.0361328 0.00054884
13 0.325684 0.210938 0.0341797 0.03125 0.000566959
13 0.67627 0.14502 0.0732422 0.0556641 0.000601768
1 0.374023 0.118164 0.134766 0.0332031 0.000602722
8 0.359863 0.402344 0.0517578 0.0449219 0.000608444
2 0.414551 0.15332 0.0537109 0.0664062 0.000640392
9 0.522461 0.54248 0.136719 0.512695 0.000692368
13 0.691895 0.187988 0.161133 0.137695 0.000696659
0 0.581055 0.303223 0.0878906 0.0849609 0.000699997
11 0.672363 0.118164 0.0751953 0.0273438 0.000741482
13 0.320801 0.232422 0.155273 0.0742188 0.000798225
9 0.0078125 0.0708008 0.0136719 0.0361328 0.000813007
13 0.347656 0.193848 0.0976562 0.0751953 0.000844002
11 0.872559 0.853516 0.0400391 0.0546875 0.000862598
10 0.682129 0.120117 0.15332 0.0351562 0.000872612
10 0.871094 0.854004 0.0390625 0.0556641 0.000890732
13 0.412598 0.188965 0.0478516 0.0908203 0.0008955
7 0.375 0.404297 0.0703125 0.0527344 0.000906944
13 0.383301 0.135254 0.145508 0.0712891 0.00104618
9 0.414062 0.151367 0.046875 0.0546875 0.00105286
9 0.375 0.404297 0.0703125 0.0527344 0.00107384
1 0.682129 0.120117 0.15332 0.0351562 0.00111103
6 0.413086 0.150391 0.0449219 0.0546875 0.00113297
11 0.376465 0.117676 0.0771484 0.0224609 0.00127029
9 0.586914 0.303711 0.0761719 0.0878906 0.00132465
13 0.331055 0.219727 0.09375 0.0546875 0.00135326
11 0.627441 0.136719 0.0732422 0.0507812 0.00136471
11 0.411133 0.113281 0.0722656 0.0273438 0.00144672
13 0.33252 0.250977 0.206055 0.138672 0.00145721
13 0.379395 0.120605 0.139648 0.0322266 0.0014658
13 0.396484 0.159668 0.0761719 0.0673828 0.00149155
13 0.681152 0.171387 0.0869141 0.0849609 0.00152111
11 0.38916 0.105957 0.143555 0.0302734 0.00155163
11 0.430176 0.137207 0.0869141 0.0654297 0.00157261
11 0.416504 0.150391 0.0458984 0.0546875 0.00165367
13 0.364258 0.217285 0.109375 0.0947266 0.00168991
13 0.222168 0.460938 0.0751953 0.0371094 0.00179577
11 0.696777 0.115723 0.0771484 0.0224609 0.00183201
13 0.678223 0.13916 0.129883 0.0693359 0.00204086
7 0.415039 0.151367 0.046875 0.0566406 0.0020504
11 0.78418 0.129395 0.0644531 0.0458984 0.0022049
8 0.0268555 0.541016 0.0322266 0.0332031 0.00226974
11 0.687012 0.133301 0.170898 0.0791016 0.00227547
11 0.652344 0.145996 0.101562 0.0595703 0.0022831
11 0.314453 0.122559 0.0566406 0.0263672 0.00234222
8 0.370117 0.413086 0.0410156 0.0390625 0.00251579
11 0.165039 0.836426 0.0429688 0.0556641 0.00256157
13 0.367188 0.199219 0.179688 0.148438 0.00258064
13 0.29248 0.252441 0.110352 0.0830078 0.00273132
10 0.165039 0.836426 0.0429688 0.0556641 0.0027504
8 0.751953 0.595703 0.0390625 0.0371094 0.00289726
11 0.732422 0.728027 0.0371094 0.0263672 0.00337791
11 0.717773 0.126465 0.173828 0.0419922 0.00342941
11 0.730469 0.116211 0.121094 0.0253906 0.00351715
13 0.393066 0.191406 0.100586 0.113281 0.00483704
11 0.412598 0.119141 0.118164 0.0488281 0.00513458
13 0.402344 0.137695 0.0839844 0.0546875 0.00667191
11 0.335938 0.121094 0.119141 0.0273438 0.00732803
11 0.366211 0.130859 0.146484 0.0546875 0.00827789
11 0.402344 0.137695 0.0839844 0.0546875 0.0114822
8 0.376465 0.404297 0.0654297 0.0585938 0.011734
11 0.705078 0.108398 0.125 0.0253906 0.0133209
11 0.657715 0.128418 0.124023 0.0517578 0.0148468
13 0.416992 0.17041 0.0761719 0.0927734 0.0342102
13 0.415039 0.151367 0.046875 0.0566406 0.0895996
11 0.377441 0.117188 0.139648 0.03125 0.18042
11 0.683105 0.116211 0.149414 0.03125 0.215698
