13 0.137695 0.0600586 0.275391 0.120117 0.000100791
13 0.984863 0.827637 0.0302734 0.303711 0.000101089
9 0.375488 0.381836 0.0185547 0.0136719 0.000101924
5 0.423828 0.37793 0.144531 0.285156 0.000102282
9 0.820312 0.359375 0.0507812 0.0351562 0.000103652
8 0.388184 0.464844 0.0439453 0.0195312 0.000105202
13 0.345703 0.468262 0.126953 0.0498047 0.000105262
8 0.279297 0.270508 0.015625 0.0136719 0.000106335
5 0.71582 0.455078 0.287109 0.214844 0.000106633
5 0.822266 0.355469 0.046875 0.0273438 0.000106871
9 0.602051 0.525391 0.272461 0.140625 0.000107288
10 0.316406 0.897461 0.396484 0.193359 0.000107408
10 0.140137 0.982422 0.0830078 0.0351562 0.000107467
0 1 0.802246 0 0.0947266 0.000107527
7 0.395508 0.4375 0.146484 0.115234 0.000107646
3 0.69043 0.958984 0.527344 0.0800781 0.000108063
11 1 0.829102 0 0.179688 0.000108421
9 0.512207 0.967773 0.520508 0.0644531 0.000108898
10 0.199707 0.994629 0.0810547 0.0107422 0.000109017
6 0.82666 0.428711 0.141602 0.208984 0.000109673
9 0.624023 0.13916 0.0625 0.0771484 0.000109673
0 0.623047 0.27002 0.109375 0.104492 0.000111401
9 0.77832 0.507812 0.136719 0.0507812 0.000111759
11 0.908691 0.544922 0.0458984 0.0742188 0.000111759
9 0.55957 0.612305 0.216797 0.447266 0.000112355
13 0.411621 0.478027 0.0888672 0.0966797 0.000112712
11 0.4375 0.151367 0.103516 0.046875 0.000113726
3 0.352539 0.369141 0.255859 0.316406 0.000115693
11 0.344238 0.148926 0.0634766 0.0341797 0.000116944
5 0.313965 0.431152 0.131836 0.0634766 0.000117183
2 0.717773 0.400879 0.0253906 0.0205078 0.000117481
7 1 0.829102 0 0.179688 0.000118256
5 0.790527 0.480957 0.125977 0.0908203 0.000119448
0 0.192871 0.65625 0.385742 0.541016 0.000120997
13 0.600586 0.262207 0.214844 0.163086 0.000121653
0 0.675293 0.233887 0.229492 0.165039 0.000121772
13 0.351562 0.411621 0.244141 0.235352 0.000122428
8 0.71875 0.399414 0.015625 0.0136719 0.000125647
9 0.369141 0.472656 0.015625 0.0117188 0.000125766
5 0.401855 0.429688 0.131836 0.123047 0.000131011
3 0.0708008 0.653809 0.141602 0.416992 0.000131607
5 0.726074 0.257324 0.225586 0.200195 0.000132203
11 0.994141 0.979004 0.0117188 0.0400391 0.00013268
8 0.415039 0.398926 0.0605469 0.0458984 0.000132918
6 1 0.829102 0 0.179688 0.000133276
11 0.666504 0.125488 0.0888672 0.0224609 0.000135064
9 0.271484 0.963867 0.320312 0.0722656 0.000136018
10 0.863281 0.967285 0.273438 0.0654297 0.000138044
9 0.342773 0.446289 0.205078 0.109375 0.000138283
13 0.769043 0.508789 0.145508 0.0449219 0.000139475
3 0.624023 0.260254 0.205078 0.163086 0.000139713
10 0.208496 0.960449 0.131836 0.0771484 0.000142217
9 0.569336 0.244141 0.216797 0.117188 0.000142694
13 0.349609 0.40918 0.0175781 0.0117188 0.000142813
3 0.757324 0.359375 0.28418 0.353516 0.000144601
6 0.363281 0.443359 0.201172 0.107422 0.00014472
5 0.345703 0.466797 0.0996094 0.0546875 0.000145435
0 0.624023 0.239258 0.0605469 0.0761719 0.000145555
8 0.668457 0.234375 0.0537109 0.0742188 0.00014782
3 0.949219 0.967285 0.101562 0.0654297 0.000147939
6 0.356445 0.377441 0.255859 0.307617 0.00015223
11 0.763184 0.134277 0.0576172 0.0361328 0.000152826
5 0.509766 0.375 0.148438 0.328125 0.000153065
3 0.808594 0.0830078 0.382812 0.166016 0.000154257
7 0.409668 0.397949 0.0341797 0.0322266 0.000154376
11 0.46875 0.140137 0.0507812 0.0341797 0.00015533
13 0.804199 0.374512 0.108398 0.151367 0.000156045
1 1 0.829102 0 0.179688 0.000156403
13 0.817871 0.385254 0.0322266 0.0224609 0.000159144
11 0.199707 0.994629 0.0810547 0.0107422 0.000159264
11 0.207031 0.984863 0.125 0.0302734 0.000161529
13 0.367676 0.41748 0.106445 0.0302734 0.000166297
3 0.644043 0.88623 0.62207 0.227539 0.000167847
9 0.688965 0.776367 0.545898 0.447266 0.000170231
11 0.448242 0.133301 0.0566406 0.0185547 0.000170588
9 0.749512 0.521484 0.202148 0.0703125 0.000170588
11 0.13916 0.980469 0.0869141 0.0390625 0.000171304
0 1 0.811035 0 0.0498047 0.000172019
11 0.680664 0.118652 0.0566406 0.0107422 0.000172138
13 0.409668 0.397949 0.0341797 0.0322266 0.000172257
8 0.0922852 0.992676 0.0244141 0.0146484 0.000172257
12 1 0.829102 0 0.179688 0.000173926
3 0.17041 0.20459 0.34082 0.354492 0.000175476
11 0.989746 0.990723 0.0205078 0.0185547 0.000179529
9 0.409668 0.397949 0.0341797 0.0322266 0.000184178
8 0.618652 0.249023 0.15332 0.125 0.000184536
9 0.777344 0.353027 0.253906 0.374023 0.000187755
4 1 0.829102 0 0.179688 0.000190496
0 0.984863 0.827637 0.0302734 0.303711 0.000190616
12 0.941895 0.933105 0.110352 0.120117 0.000191808
0 0.920898 0.208984 0.158203 0.208984 0.000193954
11 0.643555 0.126953 0.0566406 0.03125 0.000198245
8 0.366211 0.468262 0.0195312 0.0146484 0.000200629
2 0.668457 0.250977 0.0927734 0.123047 0.000202298
8 0.379395 0.296387 0.00878906 0.00878906 0.000203609
11 0.151367 0.988281 0.0664062 0.0234375 0.000204206
5 0.804199 0.374512 0.108398 0.151367 0.000207305
9 0.624023 0.260254 0.205078 0.163086 0.000208735
3 0.280273 0.0986328 0.560547 0.197266 0.000213385
8 0.349609 0.40918 0.0175781 0.0117188 0.000216722
8 0.379395 0.384766 0.0322266 0.015625 0.000217557
5 0.817383 0.371582 0.0566406 0.0595703 0.000220299
8 1 0.829102 0 0.179688 0.000223756
10 0.984375 0.981445 0.03125 0.0371094 0.000231504
13 0.331543 0.438477 0.15918 0.0878906 0.000231624
9 0.57959 0.373047 0.295898 0.416016 0.000232577
0 0.668457 0.252441 0.104492 0.129883 0.000234008
8 0.398438 0.362793 0.00976562 0.00878906 0.000237823
9 0.311523 0.931641 0.408203 0.134766 0.00024581
10 0.918457 0.555664 0.0283203 0.0507812 0.0002563
6 0.656738 0.496094 0.374023 0.0976562 0.000257492
4 0.656738 0.496094 0.374023 0.0976562 0.000259399
0 0.664062 0.234375 0.0644531 0.0820312 0.000261307
8 0.656738 0.496094 0.374023 0.0976562 0.000263453
5 0.297363 0.40625 0.133789 0.212891 0.000264406
13 0.751953 0.490723 0.173828 0.0810547 0.000265121
3 0.180176 0.453125 0.360352 0.505859 0.000265837
11 0.723145 0.127441 0.0732422 0.0244141 0.000266314
9 0.552246 0.893555 0.62793 0.212891 0.000267744
11 0.325195 0.162598 0.0683594 0.0478516 0.000270605
7 0.656738 0.496094 0.374023 0.0976562 0.000271797
11 0.918457 0.555664 0.0283203 0.0507812 0.000274181
11 0.399414 0.137695 0.113281 0.0332031 0.00027442
10 0.207031 0.984863 0.125 0.0302734 0.000275373
10 0.634277 0.236816 0.108398 0.0927734 0.000277519
9 0.82666 0.428711 0.141602 0.208984 0.000283003
13 0.358887 0.40918 0.0302734 0.0136719 0.000283718
11 0.367188 0.14209 0.0683594 0.0244141 0.000283957
11 0.65918 0.135254 0.0996094 0.0380859 0.000305414
9 0.669922 0.233887 0.0585938 0.0751953 0.000309706
11 0.786133 0.151855 0.0761719 0.0517578 0.000312567
1 0.656738 0.496094 0.374023 0.0976562 0.000314236
13 0.656738 0.496094 0.374023 0.0976562 0.000317812
11 0.297363 0.183105 0.0595703 0.0537109 0.000319958
13 0.405273 0.496582 0.0351562 0.0595703 0.00032711
4 0.632812 0.246094 0.113281 0.115234 0.000338793
9 0.345215 0.0136719 0.0400391 0.0273438 0.000341177
13 0.367188 0.412598 0.0605469 0.0224609 0.000345945
2 0.659668 0.252441 0.0400391 0.0458984 0.000347853
11 0.658691 0.495117 0.37793 0.103516 0.000354528
2 0.656738 0.496094 0.374023 0.0976562 0.000365973
9 0.352539 0.369141 0.255859 0.316406 0.000369787
3 0.955566 0.9375 0.0888672 0.115234 0.000372171
5 0.753906 0.456055 0.166016 0.140625 0.000372648
11 0.471191 0.152832 0.0615234 0.0458984 0.000379562
5 0.84668 0.469727 0.115234 0.130859 0.000385761
2 0.600098 0.242188 0.182617 0.107422 0.000391483
7 0.634766 0.236328 0.107422 0.09375 0.000393629
12 0.656738 0.496094 0.374023 0.0976562 0.000395536
2 0.633789 0.207031 0.078125 0.0371094 0.000399828
13 0.384766 0.437988 0.162109 0.106445 0.000448465
10 0.656738 0.496094 0.374023 0.0976562 0.000449896
8 0.392578 0.466309 0.0195312 0.0166016 0.000454664
8 0.368652 0.47168 0.0322266 0.0175781 0.000461102
12 0.632812 0.246094 0.113281 0.115234 0.00046277
3 0.536133 0.969727 0.521484 0.0605469 0.000463486
11 0.445312 0.146484 0.078125 0.0273438 0.000464439
13 1 0.829102 0 0.179688 0.000467777
0 0.64502 0.341797 0.319336 0.283203 0.000472069
10 0.175781 0.970703 0.0957031 0.0566406 0.000476599
2 1 0.829102 0 0.179688 0.000478506
13 0.347656 0.472168 0.0664062 0.0400391 0.000481367
11 0.463867 0.135254 0.03125 0.0205078 0.000511646
9 0.552246 0.508789 0.165039 0.291016 0.000514507
6 0.632812 0.246094 0.113281 0.115234 0.000528336
5 0.656738 0.496094 0.374023 0.0976562 0.000544548
9 0.648438 0.222656 0.0839844 0.0683594 0.000565052
11 0.420898 0.132324 0.0664062 0.0126953 0.000567913
8 0.715332 0.293457 0.0146484 0.0126953 0.000570774
11 0.647949 0.222168 0.0830078 0.0673828 0.000570774
13 0.803223 0.30127 0.0537109 0.0185547 0.00057745
8 0.347656 0.408691 0.00976562 0.00878906 0.000580311
13 0.325684 0.419922 0.112305 0.0332031 0.000582695
3 0.920898 0.208984 0.158203 0.208984 0.000585556
5 0.634766 0.236328 0.107422 0.09375 0.00060463
2 0.674316 0.239746 0.0322266 0.0419922 0.000621796
10 0.181641 0.990723 0.078125 0.0185547 0.000627041
11 0.175781 0.970703 0.0957031 0.0566406 0.000682354
11 0.181641 0.990723 0.078125 0.0185547 0.000686169
11 0.621094 0.149902 0.0507812 0.0498047 0.000717163
11 0.984375 0.979004 0.03125 0.0380859 0.000718594
1 0.632812 0.246094 0.113281 0.115234 0.000744343
11 0.434082 0.138184 0.0888672 0.0244141 0.000874996
11 0.630371 0.135254 0.0556641 0.0439453 0.000876904
13 0.647949 0.222168 0.0830078 0.0673828 0.000880718
3 0.549805 0.94043 0.623047 0.119141 0.00100517
0 0.656738 0.491211 0.37793 0.0996094 0.00106049
11 0.171387 0.98291 0.0712891 0.0341797 0.00107193
13 0.818848 0.372559 0.0537109 0.0517578 0.00109386
11 0.684082 0.118652 0.0908203 0.0185547 0.00116825
8 0.640625 0.232422 0.0976562 0.0839844 0.00127983
10 0.171387 0.98291 0.0712891 0.0341797 0.00129223
0 0.645996 0.28418 0.161133 0.199219 0.00131035
11 0.70752 0.121094 0.0576172 0.0195312 0.00132942
9 0.658203 0.487305 0.378906 0.117188 0.0013504
11 0.310547 0.171387 0.0546875 0.0380859 0.00139523
9 0.564453 0.302246 0.1875 0.243164 0.00148964
3 0.633789 0.240723 0.111328 0.104492 0.00156498
0 0.644043 0.226074 0.0654297 0.0673828 0.00167751
11 0.633789 0.243652 0.111328 0.112305 0.00178146
8 0.375 0.381836 0.0195312 0.0136719 0.0018425
2 0.668457 0.234375 0.0537109 0.0742188 0.00193882
11 0.379395 0.138184 0.0615234 0.0146484 0.00205612
5 0.341797 0.446777 0.203125 0.106445 0.00206566
0 1 0.829102 0 0.179688 0.00209236
8 0.409668 0.397949 0.0341797 0.0322266 0.00275803
5 0.762695 0.361328 0.25 0.34375 0.0027771
13 0.822754 0.355469 0.0458984 0.0273438 0.00278854
13 0.632812 0.246094 0.113281 0.115234 0.00286293
0 0.564453 0.302246 0.1875 0.243164 0.0029583
8 0.369141 0.472656 0.015625 0.0117188 0.00325966
9 0.632812 0.246094 0.113281 0.115234 0.00327682
3 0.657715 0.488281 0.399414 0.207031 0.00515747
11 0.40332 0.13623 0.0878906 0.0185547 0.0051918
11 0.774902 0.143555 0.0595703 0.0332031 0.00551987
5 0.816406 0.419434 0.158203 0.225586 0.00572586
5 0.344727 0.383301 0.236328 0.282227 0.00719833
9 0.549805 0.395508 0.136719 0.396484 0.00930786
2 0.640137 0.231445 0.0986328 0.0859375 0.0113297
0 0.601074 0.252441 0.18457 0.124023 0.0148849
3 0.656738 0.496094 0.374023 0.0976562 0.450684
0 0.633301 0.237793 0.108398 0.0947266 0.578613
