8 0.330078 0.583496 0.0527344 0.0361328 0.00109863
8 0.273926 0.563477 0.12793 0.0664062 0.00110817
13 0.330078 0.647461 0.0390625 0.0390625 0.00111198
7 0.259766 0.339355 0.126953 0.112305 0.00111771
13 0.213867 0.625977 0.142578 0.132812 0.0011282
4 0.746094 0.42627 0.0917969 0.106445 0.00114059
1 0.791016 0.629883 0.140625 0.400391 0.00114822
0 0.234863 0.602539 0.0419922 0.03125 0.00118351
9 0.714355 0.663086 0.0888672 0.148438 0.00118637
4 0.706055 0.663574 0.109375 0.157227 0.00119114
3 0.793945 0.77832 0.0410156 0.0292969 0.00119591
7 0.252441 0.558105 0.0673828 0.0556641 0.00119686
9 0.57373 0.410645 0.0986328 0.0810547 0.00120068
8 0.728516 0.622559 0.0449219 0.0400391 0.00120068
8 0.676758 0.291504 0.0214844 0.0224609 0.00120354
11 0.731445 0.599121 0.271484 0.504883 0.0012064
7 0.811035 0.780762 0.0869141 0.0712891 0.00121498
11 0.75293 0.298828 0.0605469 0.0546875 0.00122356
7 0.23291 0.447266 0.0283203 0.0214844 0.00122452
13 0.261719 0.559082 0.0429688 0.0322266 0.0012331
5 0.745605 0.407715 0.106445 0.137695 0.00123405
11 0.793945 0.780273 0.0390625 0.0332031 0.00125027
8 0.800781 0.703125 0.03125 0.0253906 0.00125408
11 0.589355 0.269043 0.0634766 0.0869141 0.00126266
13 0.239746 0.399414 0.112305 0.0585938 0.00126457
10 0.855469 0.854492 0.0351562 0.0625 0.00127411
8 0.252441 0.431641 0.0498047 0.0292969 0.00127411
8 0.311035 0.356934 0.0400391 0.0302734 0.00129795
9 0.235352 0.446777 0.0332031 0.0244141 0.00130558
8 0.164062 0.600098 0.046875 0.0419922 0.0013113
13 0.258789 0.346191 0.123047 0.112305 0.00131512
2 0.674316 0.355957 0.0498047 0.0439453 0.00131702
5 0.360352 0.496582 0.142578 0.342773 0.00133514
8 0.814941 0.726074 0.0361328 0.0263672 0.00136852
13 0.248535 0.42627 0.0712891 0.0341797 0.00139236
4 0.675293 0.619629 0.15332 0.245117 0.00139618
11 0.631836 0.261719 0.113281 0.0390625 0.00140285
9 0.567383 0.646973 0.339844 0.25293 0.00140858
4 0.836914 0.779785 0.0273438 0.0224609 0.00141048
13 0.261719 0.479492 0.167969 0.111328 0.00141621
7 0.17627 0.581055 0.0224609 0.0175781 0.00143242
7 0.677734 0.53125 0.0507812 0.0390625 0.00143528
6 0.683105 0.533691 0.0341797 0.0361328 0.00143814
13 0.234863 0.383789 0.0966797 0.03125 0.00145912
8 0.310059 0.46875 0.108398 0.0683594 0.00146198
8 0.27002 0.543945 0.0419922 0.0351562 0.00147629
8 0.313965 0.463867 0.0595703 0.046875 0.0014782
13 0.252441 0.558105 0.0673828 0.0556641 0.0014801
6 0.793945 0.77832 0.0410156 0.03125 0.00148106
1 0.730469 0.446289 0.173828 0.220703 0.00150108
13 0.63916 0.470703 0.0634766 0.0644531 0.00150204
8 0.678223 0.558105 0.0322266 0.0380859 0.00150585
0 0.77832 0.713379 0.0625 0.0517578 0.00150681
6 0.254395 0.562012 0.0341797 0.0302734 0.00150776
13 0.223145 0.505859 0.0849609 0.0488281 0.00151062
11 0.804199 0.615723 0.124023 0.428711 0.00151634
8 0.348633 0.443359 0.046875 0.0429688 0.00151825
8 0.167969 0.672363 0.0390625 0.0361328 0.00153637
8 0.352051 0.621094 0.0380859 0.0351562 0.00154209
8 0.220215 0.595703 0.0458984 0.0351562 0.00155354
2 0.771973 0.508301 0.137695 0.336914 0.00155449
8 0.682129 0.737793 0.0478516 0.0380859 0.0015564
2 0.234375 0.446777 0.0371094 0.0302734 0.00156212
4 0.257324 0.59375 0.235352 0.203125 0.00156593
2 0.730469 0.446289 0.173828 0.220703 0.00156593
3 0.589355 0.681152 0.243164 0.112305 0.00157642
8 0.248047 0.475098 0.146484 0.231445 0.00157738
2 0.257324 0.559082 0.0341797 0.0302734 0.00158024
9 0.257324 0.59375 0.235352 0.203125 0.00158596
8 0.249512 0.601562 0.12207 0.0976562 0.00158787
2 0.235352 0.496094 0.173828 0.253906 0.0015974
8 0.339355 0.631836 0.0341797 0.0371094 0.00161743
8 0.263184 0.479492 0.110352 0.0507812 0.00162029
8 0.82959 0.800781 0.0205078 0.0195312 0.00163269
9 0.821777 0.76123 0.0224609 0.0224609 0.00163651
8 0.391113 0.546387 0.0205078 0.0166016 0.00166416
4 0.257324 0.55957 0.0341797 0.03125 0.00166988
13 0.792969 0.436035 0.0800781 0.0537109 0.00167656
8 0.301758 0.646484 0.015625 0.015625 0.00169563
8 0.304199 0.301758 0.0517578 0.0410156 0.00172043
7 0.586426 0.299316 0.0595703 0.131836 0.00173378
2 0.175781 0.581055 0.0253906 0.0195312 0.00175667
5 0.257324 0.59375 0.235352 0.203125 0.0017786
7 0.744141 0.466797 0.152344 0.259766 0.00177956
13 0.671875 0.358887 0.0527344 0.0498047 0.00178242
6 0.231934 0.600098 0.0419922 0.0341797 0.00178719
2 0.821777 0.760742 0.0341797 0.0253906 0.00180054
13 0.707031 0.390625 0.162109 0.146484 0.00180912
2 0.234863 0.601562 0.0419922 0.03125 0.00184345
13 0.231445 0.504883 0.123047 0.078125 0.00188637
6 0.681152 0.616699 0.172852 0.286133 0.00188923
8 0.725586 0.712402 0.0449219 0.0341797 0.00189018
13 0.284668 0.383789 0.19043 0.205078 0.00190449
2 0.231445 0.504883 0.123047 0.078125 0.00191593
8 0.365723 0.588867 0.0244141 0.0234375 0.00194836
13 0.193848 0.144043 0.362305 0.25293 0.00195122
8 0.800781 0.710938 0.0898438 0.0625 0.00196838
9 0.257324 0.559082 0.0341797 0.0302734 0.0019989
9 0.804688 0.598633 0.130859 0.462891 0.00201035
8 0.312012 0.470703 0.15332 0.300781 0.00201988
11 0.803223 0.388672 0.0849609 0.111328 0.0020237
9 0.165527 0.604004 0.0263672 0.0224609 0.00205612
8 0.27832 0.55957 0.0136719 0.015625 0.00205612
6 0.718262 0.54541 0.217773 0.235352 0.00206184
9 0.175781 0.581543 0.0214844 0.0185547 0.00206375
8 0.177246 0.581543 0.0380859 0.0244141 0.00206947
8 0.697754 0.629395 0.155273 0.250977 0.0020752
2 0.754883 0.429199 0.0800781 0.0849609 0.00211143
6 0.791016 0.630859 0.140625 0.398438 0.00211525
2 0.836914 0.779785 0.0273438 0.0224609 0.00211525
3 0.726074 0.554199 0.245117 0.475586 0.00214386
0 0.281738 0.500488 0.297852 0.40918 0.00214958
8 0.414062 0.457031 0.03125 0.0292969 0.0021534
8 0.220703 0.552734 0.015625 0.0117188 0.0021534
13 0.231934 0.600098 0.0419922 0.0341797 0.00218773
0 0.793457 0.777344 0.0400391 0.0292969 0.0022068
8 0.283203 0.362305 0.015625 0.0136719 0.00221062
13 0.679688 0.532715 0.0390625 0.0380859 0.00222778
8 0.311035 0.358398 0.0244141 0.0214844 0.00222969
13 0.257324 0.59375 0.235352 0.203125 0.00226021
0 0.726074 0.554199 0.245117 0.475586 0.00227356
6 0.30127 0.300293 0.0283203 0.0244141 0.0022831
8 0.337891 0.656738 0.0214844 0.0224609 0.00230789
11 0.852539 0.849609 0.0371094 0.0527344 0.00231552
7 0.678711 0.737305 0.0292969 0.0273438 0.00234985
2 0.678711 0.737305 0.0292969 0.0273438 0.00240326
6 0.77832 0.713867 0.0644531 0.0527344 0.00241089
8 0.719238 0.353027 0.0341797 0.0361328 0.00241852
8 0.812988 0.780762 0.0888672 0.0849609 0.00242043
8 0.686523 0.530762 0.0859375 0.0830078 0.00243759
9 0.730469 0.446289 0.173828 0.220703 0.00247383
8 0.833984 0.769531 0.046875 0.0527344 0.00253677
4 0.671387 0.358398 0.0517578 0.046875 0.00256729
13 0.273438 0.418945 0.09375 0.0410156 0.00260735
8 0.764648 0.720215 0.0390625 0.0380859 0.00262451
8 0.685547 0.537598 0.150391 0.274414 0.00268745
7 0.165039 0.605469 0.0292969 0.0214844 0.00271225
8 0.80127 0.702148 0.0927734 0.142578 0.00273895
7 0.820801 0.763672 0.0283203 0.0253906 0.00275421
8 0.26416 0.555176 0.182617 0.268555 0.00276566
8 0.254395 0.476074 0.0810547 0.100586 0.00277138
13 0.256348 0.476074 0.0244141 0.0244141 0.00279427
8 0.208496 0.490723 0.0126953 0.0107422 0.00279999
13 0.210449 0.516602 0.0341797 0.0214844 0.00281525
8 0.322754 0.640625 0.0302734 0.0253906 0.00282288
3 0.281738 0.500488 0.297852 0.40918 0.00283051
13 0.79541 0.777832 0.0400391 0.0341797 0.00284958
6 0.211914 0.625 0.142578 0.130859 0.00288391
8 0.220215 0.506836 0.0712891 0.0410156 0.00290298
8 0.255371 0.473145 0.0478516 0.0498047 0.0029068
13 0.232422 0.496582 0.158203 0.24707 0.00293541
12 0.726074 0.554199 0.245117 0.475586 0.00301933
13 0.762695 0.480469 0.150391 0.373047 0.00302887
10 0.286133 0.499023 0.279297 0.382812 0.00302887
2 0.32959 0.647949 0.0380859 0.0400391 0.00305367
13 0.777344 0.430176 0.125 0.151367 0.00306129
6 0.671875 0.358887 0.0527344 0.0498047 0.00306702
4 0.32959 0.647949 0.0380859 0.0400391 0.00307655
13 0.777344 0.712891 0.0625 0.0488281 0.0030899
8 0.269531 0.561035 0.03125 0.0244141 0.00310135
8 0.420898 0.572754 0.0429688 0.0458984 0.00310516
2 0.220215 0.506836 0.0712891 0.0410156 0.00313187
2 0.779297 0.712891 0.0625 0.0507812 0.00316048
2 0.804688 0.598633 0.130859 0.462891 0.00318527
7 0.257324 0.55957 0.0341797 0.03125 0.00320435
8 0.678711 0.563477 0.0234375 0.0214844 0.00320816
4 0.30127 0.300293 0.0283203 0.0244141 0.00321388
6 0.63916 0.470703 0.0634766 0.0644531 0.00322723
7 0.210938 0.517578 0.0214844 0.0175781 0.00323486
12 0.28125 0.503418 0.283203 0.383789 0.00325966
8 0.737305 0.401855 0.115234 0.131836 0.00331497
8 0.254883 0.580078 0.0195312 0.0136719 0.00331497
8 0.348145 0.532227 0.0517578 0.0410156 0.00339508
13 0.718262 0.54541 0.217773 0.235352 0.00359344
8 0.819824 0.766602 0.0185547 0.0136719 0.00359535
8 0.818359 0.766113 0.046875 0.0400391 0.00376511
2 0.256348 0.476074 0.0244141 0.0244141 0.00383186
11 0.28125 0.503418 0.283203 0.383789 0.0038662
4 0.730469 0.408691 0.15625 0.151367 0.0039711
7 0.793945 0.683105 0.134766 0.280273 0.00399017
7 0.746094 0.42627 0.0917969 0.106445 0.00405121
1 0.747559 0.406738 0.108398 0.133789 0.00409698
2 0.28125 0.503418 0.283203 0.383789 0.00411224
7 0.257812 0.475098 0.0253906 0.0205078 0.00411606
10 0.73291 0.569824 0.243164 0.458008 0.00413895
8 0.270996 0.405762 0.0263672 0.0205078 0.00415039
8 0.324219 0.518555 0.0273438 0.0253906 0.0042038
9 0.677246 0.737305 0.0322266 0.0292969 0.00420761
9 0.257812 0.475098 0.0253906 0.0205078 0.00424576
11 0.301758 0.30127 0.0273438 0.0244141 0.00424957
8 0.734375 0.591309 0.0195312 0.0205078 0.00428009
8 0.370605 0.583984 0.0380859 0.0332031 0.00447464
9 0.671387 0.356934 0.0517578 0.0478516 0.00457382
9 0.330078 0.647461 0.0390625 0.0390625 0.00459671
1 0.28125 0.503418 0.283203 0.383789 0.00465775
7 0.672852 0.628906 0.169922 0.257812 0.00467682
7 0.213867 0.625977 0.142578 0.132812 0.00475311
13 0.765625 0.430664 0.0839844 0.0878906 0.00475311
8 0.358887 0.516602 0.0615234 0.0449219 0.0049057
9 0.836914 0.779785 0.0273438 0.0224609 0.00491333
8 0.358887 0.51416 0.0380859 0.0283203 0.00509262
9 0.780273 0.714844 0.0644531 0.0507812 0.00510788
6 0.257324 0.59375 0.235352 0.203125 0.00515366
9 0.234863 0.603027 0.0439453 0.0322266 0.0051918
8 0.225586 0.603027 0.078125 0.0537109 0.00520706
8 0.274414 0.333008 0.0136719 0.0117188 0.00527954
13 0.79834 0.43457 0.0751953 0.0253906 0.00538635
8 0.270508 0.535645 0.0214844 0.0166016 0.00553513
8 0.261719 0.479492 0.167969 0.111328 0.00572205
9 0.751953 0.403809 0.113281 0.129883 0.00583267
8 0.282227 0.508789 0.294922 0.380859 0.00592041
4 0.63916 0.470703 0.0634766 0.0644531 0.00592804
13 0.212891 0.385254 0.046875 0.0244141 0.00593567
7 0.714355 0.663574 0.0869141 0.149414 0.0059967
8 0.238281 0.70752 0.0273438 0.0283203 0.00623703
8 0.724609 0.578125 0.257812 0.478516 0.00627136
9 0.209961 0.517578 0.0214844 0.0175781 0.00668716
13 0.790527 0.612793 0.147461 0.428711 0.0067215
2 0.210449 0.517578 0.0224609 0.0175781 0.00676727
7 0.836914 0.779785 0.0273438 0.0224609 0.00701141
1 0.742188 0.558105 0.21875 0.481445 0.00717545
8 0.257324 0.550293 0.106445 0.143555 0.00733185
11 0.737305 0.287109 0.0800781 0.0644531 0.0074234
8 0.329102 0.57959 0.03125 0.0224609 0.00745773
4 0.234375 0.603516 0.0390625 0.03125 0.00750732
4 0.793945 0.77832 0.0410156 0.0292969 0.00780106
8 0.816895 0.726562 0.0146484 0.015625 0.00799561
4 0.77832 0.713379 0.0625 0.0517578 0.00807953
11 0.750488 0.409668 0.112305 0.131836 0.00810242
9 0.504395 0.547852 0.172852 0.412109 0.00822449
10 0.112793 0.776855 0.0439453 0.0751953 0.00836945
7 0.257324 0.59375 0.235352 0.203125 0.00888824
2 0.742188 0.558105 0.21875 0.481445 0.00911713
8 0.603516 0.679688 0.0292969 0.0253906 0.00919342
5 0.714355 0.453125 0.18457 0.244141 0.0094223
8 0.348633 0.538086 0.03125 0.0253906 0.00971222
9 0.637695 0.470215 0.0644531 0.0654297 0.00974274
2 0.751953 0.403809 0.113281 0.129883 0.00978851
8 0.211426 0.515625 0.0361328 0.0253906 0.01017
8 0.739258 0.405762 0.0136719 0.0146484 0.0104294
2 0.794434 0.777344 0.0419922 0.03125 0.010437
7 0.32959 0.647949 0.0380859 0.0400391 0.0106049
13 0.302246 0.300781 0.0283203 0.0234375 0.0106735
9 0.741699 0.560547 0.217773 0.476562 0.0107803
8 0.23877 0.441406 0.0419922 0.0332031 0.011467
8 0.707031 0.664062 0.107422 0.158203 0.0116425
8 0.252441 0.558105 0.0673828 0.0556641 0.0117416
11 0.112793 0.776855 0.0439453 0.0751953 0.0119934
8 0.791504 0.705078 0.0478516 0.0390625 0.0121536
7 0.671387 0.358398 0.0517578 0.046875 0.0127106
11 0.77002 0.533203 0.155273 0.408203 0.0130005
9 0.280273 0.51123 0.304688 0.366211 0.0142212
4 0.282227 0.51123 0.296875 0.379883 0.014534
11 0.854492 0.86084 0.0253906 0.0341797 0.014801
8 0.802246 0.773438 0.0634766 0.0429688 0.0152969
9 0.792969 0.777344 0.0390625 0.03125 0.0153046
7 0.234863 0.602539 0.0419922 0.03125 0.015358
10 0.854492 0.86084 0.0253906 0.0341797 0.0156708
13 0.813477 0.429688 0.0449219 0.0195312 0.01828
8 0.347168 0.617188 0.0224609 0.0253906 0.0183716
8 0.314453 0.467285 0.0292969 0.0244141 0.0196075
4 0.723145 0.57959 0.25293 0.475586 0.0210571
7 0.792969 0.77832 0.0390625 0.0292969 0.0214081
3 0.58252 0.67627 0.352539 0.182617 0.0216217
7 0.71875 0.406738 0.162109 0.151367 0.022049
7 0.779785 0.713379 0.0654297 0.0498047 0.0233154
2 0.302246 0.300293 0.0283203 0.0244141 0.0237274
6 0.745605 0.407715 0.106445 0.137695 0.0269775
7 0.30127 0.300293 0.0283203 0.0244141 0.0293274
7 0.637695 0.470215 0.0644531 0.0654297 0.0328979
6 0.714355 0.453125 0.18457 0.244141 0.0341187
8 0.679688 0.532715 0.0390625 0.0380859 0.0393372
8 0.63916 0.470703 0.0634766 0.0644531 0.0467834
8 0.671875 0.358398 0.0507812 0.0449219 0.0470276
8 0.819824 0.759277 0.0263672 0.0224609 0.0495605
8 0.165039 0.604492 0.0253906 0.0214844 0.0560303
7 0.282227 0.508789 0.294922 0.380859 0.056427
0 0.57373 0.412598 0.0986328 0.0849609 0.06604
8 0.23291 0.447266 0.0283203 0.0214844 0.0675049
7 0.723145 0.57959 0.25293 0.475586 0.0740967
5 0.72168 0.555176 0.240234 0.458008 0.074707
8 0.175781 0.581543 0.0214844 0.0166016 0.0747681
9 0.301758 0.300293 0.0292969 0.0244141 0.0759277
8 0.678711 0.737305 0.0292969 0.0273438 0.0843506
8 0.836914 0.779785 0.0273438 0.0224609 0.105652
5 0.287598 0.500488 0.303711 0.401367 0.109009
8 0.257324 0.55957 0.0341797 0.03125 0.11145
13 0.730469 0.446289 0.173828 0.220703 0.112061
13 0.280273 0.503418 0.287109 0.387695 0.122803
6 0.720703 0.549316 0.251953 0.461914 0.133423
6 0.285156 0.508301 0.296875 0.370117 0.136108
13 0.747559 0.406738 0.108398 0.133789 0.152954
8 0.209961 0.51709 0.0214844 0.0166016 0.166138
13 0.727539 0.552734 0.242188 0.480469 0.195679
8 0.30127 0.300293 0.0283203 0.0244141 0.251221
8 0.330078 0.646484 0.0390625 0.0390625 0.275635
8 0.257324 0.474609 0.0263672 0.0214844 0.290039
8 0.777344 0.713867 0.0625 0.0527344 0.339111
8 0.232422 0.601074 0.0429688 0.0322266 0.357422
8 0.793457 0.77832 0.0400391 0.0292969 0.529785
