5 0.246094 0.683105 0.382812 0.223633 0.000100493
9 0.180664 0.643066 0.208984 0.168945 0.000100911
5 0.707031 0.588379 0.251953 0.307617 0.000101209
1 0.255859 0.486328 0.361328 0.546875 0.000101388
11 0.602051 0.172363 0.0634766 0.0517578 0.000101388
9 0.371582 0.40918 0.0380859 0.03125 0.00010252
11 0.852051 0.983398 0.0556641 0.0332031 0.000104129
11 0.574219 0.609375 0.447266 0.21875 0.000104547
9 0.968262 0.534668 0.0634766 0.49707 0.000106633
0 0.403809 0.0185547 0.192383 0.0371094 0.000108719
6 0.977051 0.96582 0.0458984 0.0683594 0.000111163
9 0.618652 0.0771484 0.72168 0.154297 0.000111282
5 0.241211 0.48877 0.289062 0.223633 0.000111759
11 0.755859 0.500488 0.333984 0.545898 0.00011301
3 0.229004 0.590332 0.301758 0.290039 0.000114143
13 0.0229492 0.300781 0.0458984 0.144531 0.000114441
3 0.582031 0.346191 0.121094 0.110352 0.00011462
6 0.845703 0.70166 0.150391 0.0712891 0.000115037
9 0.859863 0.504883 0.202148 0.503906 0.000115335
11 0.69043 0.18457 0.236328 0.0878906 0.000115991
4 0.524414 0.366211 0.263672 0.177734 0.00011611
11 0.660156 0.164551 0.0703125 0.0244141 0.000118256
9 0.169922 0.266602 0.339844 0.310547 0.000118673
0 0.027832 0.777832 0.0517578 0.0908203 0.000118732
8 0.580566 0.347656 0.124023 0.123047 0.000118852
6 0.787109 0.692871 0.275391 0.104492 0.00011909
5 0.354492 0.544922 0.300781 0.5 0.000119328
2 0.371094 0.407715 0.0371094 0.0283203 0.000119746
13 0.808594 0.621094 0.214844 0.199219 0.000122905
9 0.943359 0.587402 0.103516 0.352539 0.000123501
2 0.574219 0.609375 0.447266 0.21875 0.00012362
4 0.755859 0.500488 0.333984 0.545898 0.000124097
11 0.439453 0.169434 0.0644531 0.0302734 0.000124216
9 0.70166 0.880859 0.469727 0.203125 0.000126123
13 0.800781 0.699219 0.25 0.0917969 0.000126719
9 0.291992 0.629883 0.285156 0.164062 0.000127077
9 0.896484 0.70752 0.0605469 0.0830078 0.000127912
8 0.755859 0.500488 0.333984 0.545898 0.000130892
9 0.773438 0.11084 0.453125 0.211914 0.000131726
9 0.980469 0.607422 0.0371094 0.394531 0.000131965
7 0.883301 0.70459 0.0849609 0.0791016 0.000132561
9 0.282227 0.614746 0.0175781 0.0146484 0.000135779
11 0.270996 0.204102 0.104492 0.0625 0.000135899
9 0.749512 0.726562 0.37793 0.171875 0.000136018
1 0.755859 0.500488 0.333984 0.545898 0.000136137
8 0.405762 0.399902 0.0126953 0.0126953 0.00013876
0 0.568359 0.612305 0.416016 0.208984 0.000138879
10 0.755859 0.500488 0.333984 0.545898 0.00014329
13 0.694824 0.333008 0.124023 0.130859 0.000143528
9 0.583984 0.0634766 0.292969 0.123047 0.000146627
0 0.0239258 0.895996 0.0478516 0.125977 0.000147462
2 0.282227 0.614746 0.0195312 0.0166016 0.000147462
8 0.28125 0.615723 0.0585938 0.0341797 0.000147581
12 0.524414 0.366211 0.263672 0.177734 0.000148058
13 0.291992 0.487793 0.226562 0.323242 0.000148296
2 0.255859 0.486328 0.361328 0.546875 0.000148535
11 0.412598 0.186523 0.0634766 0.0195312 0.000152111
3 0.280273 0.122559 0.560547 0.245117 0.000153422
11 0.583008 0.345215 0.117188 0.106445 0.000154614
11 0.626465 0.170898 0.0732422 0.0371094 0.000159502
9 0.345215 0.686035 0.163086 0.104492 0.000160098
1 0.532227 0.353516 0.232422 0.140625 0.000160336
13 0.292969 0.491699 0.144531 0.0517578 0.000161171
7 0.255859 0.486328 0.361328 0.546875 0.000161767
8 0.276367 0.61377 0.0332031 0.0185547 0.000162005
9 0.865723 0.167969 0.268555 0.335938 0.000169039
0 0.255859 0.486328 0.361328 0.546875 0.000171423
9 0.843262 0.758789 0.165039 0.164062 0.000177979
12 0.574219 0.609375 0.447266 0.21875 0.00018084
7 0.977051 0.96582 0.0458984 0.0683594 0.000185013
9 0.749023 0.315918 0.298828 0.250977 0.000187635
6 0.803711 0.597168 0.220703 0.262695 0.00019443
8 0.524414 0.366211 0.263672 0.177734 0.000196338
9 0.0185547 0.678711 0.0351562 0.425781 0.000199318
2 0.755859 0.500488 0.333984 0.545898 0.000199437
9 0.646973 0.0444336 0.227539 0.0869141 0.000201106
5 0.530273 0.375977 0.267578 0.185547 0.000203848
2 0.0302734 0.267578 0.0605469 0.078125 0.000204563
10 0.574219 0.609375 0.447266 0.21875 0.000206351
12 0.268066 0.164062 0.536133 0.322266 0.000209808
9 0.867676 0.697754 0.12207 0.0927734 0.000210881
9 0.244141 0.681641 0.371094 0.169922 0.000212073
13 0.583984 0.335938 0.115234 0.0996094 0.000224113
10 0.524414 0.366211 0.263672 0.177734 0.000225425
0 0.761719 0.501465 0.318359 0.526367 0.000229836
11 0.518555 0.361816 0.248047 0.15332 0.000235558
9 0.273438 0.306641 0.371094 0.244141 0.000238895
9 0.352539 0.711914 0.242188 0.169922 0.000242114
13 0.325684 0.452148 0.0322266 0.0253906 0.000242472
10 0.902832 0.695801 0.116211 0.141602 0.000248671
11 0.33252 0.174316 0.120117 0.0302734 0.000248909
13 0.97168 0.893555 0.0566406 0.212891 0.000249147
0 0.55957 0.499512 0.425781 0.411133 0.000249863
13 0.708496 0.313965 0.227539 0.198242 0.000254154
7 0.755859 0.500488 0.333984 0.545898 0.000255823
8 0.371582 0.267578 0.0166016 0.015625 0.000259638
5 0.182617 0.640137 0.205078 0.176758 0.000270605
10 0.827637 0.681152 0.223633 0.18457 0.000275612
9 0.828125 0.662598 0.189453 0.141602 0.000288248
2 0.532227 0.353516 0.232422 0.140625 0.000292063
9 0.937012 0.449219 0.125977 0.583984 0.000300169
13 0.976074 0.957031 0.0478516 0.0859375 0.000300646
10 0.874512 0.717285 0.114258 0.100586 0.000309229
5 0.574219 0.609375 0.447266 0.21875 0.000317097
10 0.318359 0.964844 0.441406 0.0703125 0.000320911
0 0.53125 0.309082 0.277344 0.112305 0.000330448
13 0.532227 0.353516 0.232422 0.140625 0.000338554
11 0.249023 0.211426 0.0566406 0.0458984 0.000344515
0 0.654785 0.0361328 0.192383 0.0703125 0.000361443
3 0.255859 0.486328 0.361328 0.546875 0.00036931
3 0.586914 0.512695 0.513672 0.443359 0.000370741
2 0.328613 0.453125 0.0302734 0.0273438 0.000379324
11 0.888184 0.693359 0.0771484 0.0878906 0.000383377
11 0.650879 0.159668 0.0498047 0.0166016 0.00039196
7 0.833984 0.696289 0.183594 0.101562 0.000393867
5 0.845215 0.70166 0.149414 0.0751953 0.000406027
0 0.580566 0.386719 0.155273 0.1875 0.000408173
9 0.268066 0.164062 0.536133 0.322266 0.000416994
9 0.964844 0.321289 0.0703125 0.378906 0.000428915
5 0.859863 0.50293 0.237305 0.523438 0.00044632
9 0.553711 0.505859 0.431641 0.46875 0.000448704
12 0.755859 0.500488 0.333984 0.545898 0.000481606
12 0.255859 0.486328 0.361328 0.546875 0.000483751
9 0.229004 0.590332 0.301758 0.290039 0.000486135
5 0.740234 0.657715 0.349609 0.15918 0.000507355
11 0.732422 0.183105 0.107422 0.0439453 0.000512123
3 0.759277 0.638672 0.334961 0.216797 0.000518799
11 0.409668 0.155762 0.0849609 0.0205078 0.000522137
7 0.329102 0.452637 0.0273438 0.0244141 0.000532627
11 0.907715 0.731934 0.0439453 0.0634766 0.00053978
8 0.333008 0.452637 0.046875 0.0361328 0.000549316
9 0.0302734 0.267578 0.0605469 0.078125 0.000556469
13 0.755859 0.500488 0.333984 0.545898 0.000584126
5 0.273438 0.306641 0.371094 0.244141 0.000610352
9 0.329102 0.452637 0.0273438 0.0244141 0.000615597
3 0.519043 0.373047 0.24707 0.171875 0.000628948
11 0.367188 0.166992 0.136719 0.0292969 0.000639439
2 0.58252 0.335938 0.118164 0.103516 0.000666142
11 0.872559 0.71582 0.108398 0.0898438 0.000666618
9 0.784668 0.710938 0.27832 0.0976562 0.000667572
9 0.580566 0.347656 0.124023 0.123047 0.000674248
11 0.683105 0.177246 0.161133 0.0400391 0.000698566
10 0.906738 0.731934 0.0458984 0.0654297 0.000751019
9 0.803711 0.597168 0.220703 0.262695 0.000777721
9 0.574219 0.609375 0.447266 0.21875 0.000810146
11 0.387695 0.161133 0.0820312 0.0214844 0.000828743
13 0.255859 0.486328 0.361328 0.546875 0.000845909
6 0.255859 0.486328 0.361328 0.546875 0.000873566
11 0.405273 0.180664 0.0898438 0.0253906 0.00102615
5 0.751953 0.349609 0.294922 0.273438 0.00118923
9 0.521973 0.381836 0.268555 0.201172 0.001194
0 0.660645 0.0166016 0.178711 0.03125 0.00123119
8 0.285645 0.616699 0.0302734 0.0263672 0.00132275
8 0.371582 0.408691 0.0361328 0.0302734 0.00133324
6 0.761719 0.501465 0.318359 0.526367 0.00133896
9 0.248535 0.802734 0.399414 0.353516 0.00143242
10 0.833984 0.696289 0.183594 0.101562 0.00143814
3 0.755859 0.500488 0.333984 0.545898 0.00152493
9 0.255859 0.486328 0.361328 0.546875 0.00158024
0 0.518066 0.398438 0.303711 0.248047 0.00167084
9 0.761719 0.501465 0.318359 0.526367 0.00182915
5 0.787109 0.692871 0.275391 0.104492 0.00185776
11 0.635742 0.159668 0.09375 0.0224609 0.00224113
11 0.647461 0.165527 0.132812 0.0341797 0.00239182
11 0.898926 0.714844 0.0537109 0.0800781 0.00251961
10 0.896484 0.70752 0.0605469 0.0830078 0.00280571
5 0.836914 0.652344 0.162109 0.138672 0.00303841
8 0.282227 0.614746 0.0175781 0.0146484 0.00372314
11 0.412598 0.165527 0.0966797 0.0302734 0.00389671
5 0.229004 0.590332 0.301758 0.290039 0.00395966
8 0.329102 0.452637 0.0273438 0.0244141 0.0186005
5 0.803711 0.597168 0.220703 0.262695 0.0207672
5 0.255859 0.486328 0.361328 0.546875 0.0265808
3 0.57373 0.609375 0.444336 0.216797 0.0281525
0 0.582031 0.346191 0.121094 0.110352 0.0391541
5 0.755859 0.500488 0.333984 0.545898 0.0483093
0 0.532227 0.353516 0.232422 0.140625 0.0597229
