9 0.82959 0.411621 0.100586 0.196289 0.000100791
0 0.61377 0.367676 0.206055 0.166992 0.000101209
9 0.231934 0.422852 0.0322266 0.0234375 0.000102341
6 0.115234 0.0649414 0.228516 0.116211 0.000105083
9 0.886719 0.70752 0.0742188 0.0810547 0.000105679
0 0.160156 0.0991211 0.300781 0.178711 0.000106335
9 0.504883 0.623047 0.203125 0.191406 0.000107765
10 0.888184 0.715332 0.110352 0.129883 0.00010854
11 0.417969 0.191406 0.0703125 0.0488281 0.000109494
11 0.652344 0.177246 0.0605469 0.0185547 0.000110149
0 0.959961 0.191895 0.0703125 0.0654297 0.000110388
11 0.371094 0.181152 0.0527344 0.0185547 0.000111282
8 0.24707 0.4375 0.0234375 0.0214844 0.00011158
11 0.393555 0.15918 0.0488281 0.0234375 0.000111997
11 0.90625 0.633789 0.0351562 0.179688 0.000114381
11 0.419434 0.185547 0.0458984 0.0214844 0.000115335
3 0.590332 0.645508 0.40918 0.261719 0.000115514
8 0.65332 0.409668 0.0507812 0.0537109 0.000116527
13 0.773926 0.396484 0.0205078 0.0136719 0.000117719
13 0.872559 0.955566 0.145508 0.0888672 0.000119388
9 0.874023 0.586914 0.0957031 0.257812 0.000121295
9 0.918945 0.695801 0.0625 0.124023 0.000122011
9 0.223633 0.421875 0.0175781 0.015625 0.000122547
9 0.980469 0.00830078 0.0273438 0.0146484 0.000123262
11 0.384277 0.184082 0.12207 0.0478516 0.000123858
4 0.959961 0.191895 0.0703125 0.0654297 0.000124216
9 0.912109 0.666016 0.0371094 0.146484 0.000124693
9 0.219727 0.42334 0.0117188 0.00878906 0.000128269
8 0.235352 0.427734 0.0390625 0.03125 0.000129938
4 0.586914 0.35791 0.115234 0.116211 0.000135541
6 0.587402 0.355469 0.114258 0.109375 0.000136375
9 0.733398 0.597656 0.0976562 0.117188 0.000136495
8 0.179688 0.65332 0.0117188 0.00976562 0.00013721
3 0.685059 0.854492 0.59668 0.267578 0.000138998
11 0.688477 0.165527 0.0644531 0.0205078 0.000139713
9 0.0410156 0.634766 0.0722656 0.210938 0.000141859
10 0.958496 0.320801 0.0830078 0.301758 0.000143766
7 0.911133 0.727539 0.0449219 0.0605469 0.000147939
8 0.87793 0.100586 0.244141 0.201172 0.000149846
9 0.769043 0.685059 0.266602 0.0732422 0.000150084
13 0.705078 0.420898 0.0976562 0.0722656 0.000150323
8 0.983887 0.65332 0.0283203 0.125 0.000161648
7 0.178711 0.0908203 0.345703 0.173828 0.000162125
11 0.286621 0.188965 0.0673828 0.0400391 0.00016284
7 0.0200195 0.154785 0.0341797 0.0400391 0.00016427
13 0.311035 0.597656 0.12793 0.0859375 0.000164747
4 0.160156 0.0991211 0.300781 0.178711 0.000165582
0 0.587402 0.347168 0.0634766 0.0810547 0.000166059
11 0.921875 0.744141 0.0429688 0.0703125 0.000166059
3 0.944824 0.946289 0.110352 0.107422 0.0001688
10 0.878906 0.103027 0.226562 0.182617 0.000169277
11 0.662109 0.180664 0.144531 0.0449219 0.000171781
13 0.115234 0.0649414 0.228516 0.116211 0.0001719
7 0.959961 0.191895 0.0703125 0.0654297 0.000174642
8 0.354492 0.584961 0.00976562 0.00976562 0.000174642
11 0.599609 0.199707 0.0761719 0.0732422 0.000174761
8 0.656738 0.396484 0.0283203 0.0214844 0.000184536
0 0.0800781 0.907227 0.160156 0.162109 0.000187874
5 0.178711 0.0908203 0.345703 0.173828 0.000188589
13 0.012207 0.168945 0.0244141 0.0371094 0.000199318
3 0.0966797 0.310059 0.179688 0.231445 0.000202179
7 0.901367 0.712402 0.0488281 0.0693359 0.000202298
3 0.84668 0.0961914 0.306641 0.170898 0.000208735
7 0.588379 0.355469 0.114258 0.107422 0.000212312
13 0.325684 0.556152 0.112305 0.0693359 0.0002141
8 0.794922 0.359863 0.0253906 0.0224609 0.000216246
10 0.0078125 0.347168 0.015625 0.180664 0.000221252
3 0.984375 0.663086 0.0292969 0.205078 0.000222802
3 0.45459 0.864258 0.709961 0.271484 0.000225544
3 0.529297 0.387207 0.21875 0.157227 0.000229359
13 0.586914 0.35791 0.115234 0.116211 0.000234127
9 0.704102 0.646973 0.144531 0.116211 0.000235796
11 0.134766 0.76709 0.0332031 0.0400391 0.00023675
9 0.828613 0.577148 0.198242 0.289062 0.000241518
12 0.586914 0.35791 0.115234 0.116211 0.000241518
13 0.287598 0.574707 0.102539 0.0244141 0.00024271
8 0.770996 0.400391 0.0205078 0.015625 0.00024271
0 0.104492 0.880859 0.208984 0.238281 0.000244021
11 0.385742 0.1875 0.09375 0.0234375 0.000246763
13 0.776855 0.402344 0.0498047 0.0273438 0.000249386
11 0.696777 0.17334 0.0947266 0.0322266 0.000252247
11 0.878906 0.103027 0.226562 0.182617 0.000253916
10 0.0234375 0.361328 0.046875 0.257812 0.000254154
8 0.385254 0.635742 0.0361328 0.0332031 0.000254631
1 0.586914 0.35791 0.115234 0.116211 0.000260115
2 0.878418 0.0957031 0.21582 0.171875 0.000260353
8 0.160156 0.0991211 0.300781 0.178711 0.000261068
13 0.779785 0.410645 0.0400391 0.0166016 0.000261307
9 0.90625 0.721191 0.0488281 0.0693359 0.000268936
9 0.834473 0.697754 0.204102 0.102539 0.000272512
9 0.970215 0.681152 0.0556641 0.192383 0.000274658
8 0.231934 0.461426 0.0166016 0.0126953 0.000276327
9 0.943848 0.663574 0.0771484 0.145508 0.000276566
10 0.134766 0.76709 0.0332031 0.0400391 0.000280142
1 0.160156 0.0991211 0.300781 0.178711 0.000281572
8 0.586914 0.35791 0.115234 0.116211 0.0003016
11 0.903809 0.720215 0.0634766 0.116211 0.000307798
5 0.587402 0.358398 0.114258 0.117188 0.000309944
9 0.532715 0.398438 0.237305 0.201172 0.000337362
5 0.87793 0.0942383 0.244141 0.188477 0.000352621
8 0.248047 0.437988 0.0117188 0.0107422 0.000355721
7 0.983887 0.652832 0.0263672 0.12207 0.000363827
9 0.990723 0.711914 0.0166016 0.15625 0.000369549
11 0.726074 0.187988 0.0947266 0.0498047 0.000373125
10 0.917969 0.741211 0.0488281 0.0800781 0.000377178
11 0.334473 0.187988 0.168945 0.0380859 0.0003829
2 0.586914 0.35791 0.115234 0.116211 0.000421762
1 0.877441 0.102051 0.243164 0.202148 0.000427961
11 0.586914 0.35791 0.115234 0.116211 0.000433445
10 0.586914 0.35791 0.115234 0.116211 0.000433445
11 0.671875 0.161133 0.0898438 0.0195312 0.000437737
11 0.33252 0.175781 0.104492 0.0273438 0.000454903
11 0.160156 0.0991211 0.300781 0.178711 0.000458002
9 0.584961 0.626465 0.375 0.12793 0.00047183
8 0.303711 0.629883 0.0351562 0.0292969 0.000490189
2 0.160156 0.0991211 0.300781 0.178711 0.000505447
9 0.98291 0.0126953 0.0126953 0.0195312 0.000508785
8 0.248535 0.437988 0.00683594 0.00683594 0.000509262
11 0.308105 0.181152 0.0810547 0.0302734 0.000510693
8 0.223633 0.421875 0.0175781 0.015625 0.000519753
9 0.988281 0.734863 0.0234375 0.291992 0.000580311
11 0.408691 0.166992 0.0810547 0.0429688 0.000580788
10 0.901367 0.701172 0.0507812 0.0839844 0.00058794
11 0.268555 0.197266 0.0585938 0.0390625 0.000593662
3 0.160156 0.0991211 0.300781 0.178711 0.000602722
13 0.773926 0.401855 0.0302734 0.0205078 0.00060463
8 0.650879 0.377441 0.0107422 0.0107422 0.000622272
9 0.504883 0.539551 0.171875 0.40918 0.000652313
11 0.90918 0.686035 0.0410156 0.114258 0.000716209
9 0.975586 0.618652 0.0390625 0.217773 0.000795364
9 0.828613 0.490234 0.139648 0.304688 0.000811577
4 0.87793 0.100586 0.244141 0.201172 0.000844479
11 0.657715 0.179688 0.108398 0.0214844 0.000862122
11 0.424805 0.175781 0.0683594 0.0390625 0.0008955
9 0.586914 0.35791 0.115234 0.116211 0.000900745
7 0.87793 0.100586 0.244141 0.201172 0.000926971
6 0.178711 0.0908203 0.345703 0.173828 0.000936031
7 0.828613 0.490234 0.139648 0.304688 0.000941277
11 0.606445 0.18457 0.0703125 0.0390625 0.000992775
8 0.219727 0.42334 0.0117188 0.00878906 0.00105
3 0.586914 0.35791 0.115234 0.116211 0.00126266
13 0.251465 0.522461 0.0615234 0.0214844 0.00157738
0 0.609863 0.339844 0.0693359 0.0742188 0.00166225
11 0.661621 0.168945 0.106445 0.0273438 0.00172806
11 0.75 0.193848 0.0683594 0.0419922 0.00204659
13 0.178711 0.0908203 0.345703 0.173828 0.00245476
0 0.547852 0.383301 0.197266 0.163086 0.00245476
11 0.900391 0.712891 0.0488281 0.0683594 0.00272751
6 0.87793 0.100586 0.244141 0.201172 0.00331116
11 0.362793 0.181641 0.104492 0.0234375 0.00348854
11 0.404297 0.181152 0.078125 0.0302734 0.00421906
13 0.87793 0.100586 0.244141 0.201172 0.0049324
11 0.918945 0.739746 0.03125 0.0400391 0.00495529
10 0.908203 0.723633 0.0449219 0.0625 0.00552368
9 0.983887 0.65332 0.0283203 0.125 0.00761414
3 0.585449 0.628906 0.375977 0.121094 0.00769424
11 0.62793 0.179199 0.0898438 0.0302734 0.00867462
10 0.916504 0.736328 0.0361328 0.046875 0.00968933
11 0.911133 0.728516 0.0449219 0.0585938 0.0129013
0 0.587402 0.355469 0.114258 0.109375 0.340088
