5 0.728516 0.360352 0.320312 0.339844 0.00033021
7 0.328125 0.180176 0.144531 0.0361328 0.000330448
11 0.630371 0.39502 0.0693359 0.0615234 0.000330925
11 0.626953 0.18457 0.0703125 0.0214844 0.000331402
9 0.210938 0.122559 0.115234 0.0849609 0.000334263
6 0.219238 0.696777 0.225586 0.106445 0.000334501
2 0.623535 0.341309 0.0576172 0.0791016 0.000339985
2 0.245117 0.510742 0.318359 0.550781 0.000340223
8 0.503906 0.922363 0.179688 0.145508 0.000348091
0 0.631836 0.40625 0.0585938 0.0664062 0.00034976
9 0.694336 0.483887 0.34375 0.520508 0.000349998
7 0.263672 0.683105 0.0234375 0.0205078 0.000350952
2 0.384277 0.311523 0.100586 0.236328 0.000351667
8 0.231445 0.691406 0.0761719 0.0292969 0.000351906
8 0.279297 0.666992 0.0136719 0.0136719 0.000355482
11 0.333984 0.162598 0.15625 0.0439453 0.000359058
2 0.53125 0.870605 0.0546875 0.0537109 0.000365496
9 0.229492 0.137695 0.0625 0.0449219 0.00036788
5 0.619141 0.391113 0.175781 0.272461 0.000371218
5 0.521484 0.526855 0.410156 0.526367 0.000371456
5 0.332031 0.371094 0.169922 0.292969 0.000371933
9 0.555664 0.212891 0.0917969 0.101562 0.00037694
2 0.56543 0.318848 0.0859375 0.0927734 0.000378609
9 0.549316 0.839355 0.178711 0.137695 0.000380754
13 0.817871 0.560059 0.0615234 0.0283203 0.000382185
11 0.542969 0.229492 0.0917969 0.0898438 0.000382423
9 0.661133 0.881836 0.599609 0.21875 0.000385046
11 0.0195312 0.231934 0.0390625 0.0654297 0.000392199
9 0.856445 0.680664 0.140625 0.179688 0.000395775
2 0.650879 0.405273 0.0517578 0.0527344 0.000396729
13 0.270996 0.362305 0.0927734 0.0625 0.000396967
13 0.314453 0.342773 0.132812 0.154297 0.000398397
7 0.106445 0.762695 0.0566406 0.0820312 0.000417948
5 0.68457 0.598633 0.279297 0.328125 0.000419855
2 0.637207 0.38623 0.0361328 0.0478516 0.00042057
0 0.233398 0.510742 0.289062 0.533203 0.000420809
11 0.200195 0.25293 0.101562 0.103516 0.000421047
9 0.568359 0.863281 0.324219 0.119141 0.000426292
6 0.205566 0.743164 0.235352 0.0898438 0.0004282
9 0.766602 0.546387 0.21875 0.387695 0.000432253
0 0.442871 0.529785 0.202148 0.606445 0.000432253
11 0.766113 0.265625 0.0751953 0.0917969 0.00043416
7 0.563477 0.219238 0.0996094 0.0888672 0.000442743
0 0.584473 0.285156 0.170898 0.113281 0.000443697
11 0.668945 0.183594 0.111328 0.0527344 0.000445604
13 0.311523 0.193848 0.210938 0.0810547 0.000448465
9 0.373535 0.297363 0.0927734 0.12793 0.000449419
7 0.842285 0.662598 0.133789 0.174805 0.000456333
9 0.363281 0.824707 0.564453 0.22168 0.00046277
7 0.245117 0.510742 0.318359 0.550781 0.000464201
2 0.605957 0.390625 0.0654297 0.0429688 0.000474691
9 0.189453 0.690918 0.199219 0.15332 0.000481606
13 0.333008 0.179199 0.15625 0.0361328 0.000485897
0 0.378906 0.318359 0.0957031 0.238281 0.000486374
0 0.256348 0.0883789 0.209961 0.176758 0.000489235
11 0.407715 0.219727 0.0966797 0.126953 0.000489235
2 0.621094 0.310547 0.0546875 0.0703125 0.000490189
9 0.503418 0.209473 0.0673828 0.131836 0.000491142
5 0.802734 0.576172 0.121094 0.111328 0.000492573
0 0.464355 0.419434 0.254883 0.19043 0.000501156
9 0.466309 0.838379 0.165039 0.149414 0.00051403
9 0.947754 0.706543 0.104492 0.586914 0.000517845
9 0.135742 0.763672 0.117188 0.0878906 0.000520229
9 0.418457 0.209473 0.0771484 0.131836 0.000530243
9 0.984375 0.734375 0.0292969 0.205078 0.000530243
11 0.598145 0.183594 0.0869141 0.0273438 0.000534534
7 0.504883 0.388672 0.373047 0.257812 0.000543118
0 0.590332 0.321289 0.125977 0.115234 0.000545025
12 0.311523 0.193848 0.210938 0.0810547 0.000545502
13 0.342285 0.341309 0.0498047 0.0927734 0.000553608
10 0.311523 0.193848 0.210938 0.0810547 0.000555515
9 0.474609 0.171875 0.3125 0.273438 0.000558376
9 0.241211 0.20459 0.0898438 0.0791016 0.000558376
9 0.414062 0.784668 0.158203 0.114258 0.000565529
3 0.21875 0.597656 0.236328 0.294922 0.000566483
11 0.383301 0.187012 0.0791016 0.0478516 0.000567913
13 0.302734 0.350586 0.21875 0.283203 0.00056839
7 0.175293 0.747559 0.168945 0.0693359 0.000570297
5 0.209961 0.686523 0.167969 0.0839844 0.000583172
3 0.598633 0.981445 0.455078 0.0371094 0.000590801
11 0.660645 0.186035 0.0751953 0.0302734 0.000594139
8 0.262207 0.682129 0.0400391 0.0322266 0.000601768
5 0.765137 0.479492 0.165039 0.240234 0.000602245
9 0.634766 0.395508 0.0585938 0.0546875 0.000603676
2 0.609863 0.412109 0.0361328 0.0371094 0.000608921
9 0.623047 0.376953 0.0742188 0.0878906 0.000611782
9 0.173828 0.738281 0.193359 0.134766 0.000612259
11 0.746094 0.243652 0.0996094 0.12207 0.00061512
9 0.334961 0.250488 0.162109 0.18457 0.000617504
12 0.233398 0.510742 0.289062 0.533203 0.00062561
5 0.362305 0.296875 0.121094 0.222656 0.000626087
11 0.566895 0.20459 0.0693359 0.0498047 0.000629425
7 0.570312 0.652832 0.482422 0.180664 0.000650406
11 0.225586 0.228027 0.183594 0.108398 0.000652313
13 0.630371 0.39502 0.0693359 0.0615234 0.000653744
13 0.296387 0.364746 0.114258 0.0869141 0.000659466
9 0.977539 0.746582 0.0390625 0.506836 0.000683784
8 0.618652 0.352051 0.0966797 0.157227 0.000686169
11 0.675293 0.216797 0.231445 0.109375 0.000693321
1 0.370117 0.278809 0.109375 0.217773 0.000695229
11 0.979492 0.376465 0.0410156 0.0439453 0.00069809
7 0.325684 0.196777 0.186523 0.0771484 0.000699997
9 0.20459 0.149414 0.174805 0.117188 0.000709057
13 0.505859 0.864258 0.109375 0.0625 0.000718117
8 0.530273 0.870605 0.0566406 0.0478516 0.00071907
13 0.317871 0.27832 0.0712891 0.185547 0.000720978
2 0.60791 0.42041 0.0537109 0.0595703 0.000722408
6 0.504883 0.388672 0.373047 0.257812 0.000741482
3 0.563477 0.73291 0.408203 0.22168 0.000743866
1 0.328613 0.179688 0.143555 0.0351562 0.000748158
9 0.821289 0.603027 0.136719 0.288086 0.000754356
6 0.570312 0.652832 0.482422 0.180664 0.000757217
6 0.226562 0.592285 0.224609 0.336914 0.000763416
11 0.64502 0.178711 0.112305 0.0292969 0.000766277
1 0.493164 0.37793 0.369141 0.230469 0.000770092
4 0.504883 0.388672 0.373047 0.257812 0.00078249
0 0.422363 0.347656 0.202148 0.162109 0.000782967
2 0.649414 0.407715 0.0332031 0.0361328 0.000788689
7 0.339355 0.323242 0.143555 0.232422 0.000791073
9 0.234375 0.203125 0.189453 0.207031 0.000798225
13 0.793945 0.575684 0.146484 0.204102 0.000804424
11 0.240723 0.211914 0.0673828 0.0644531 0.000813007
7 0.253906 0.0893555 0.191406 0.174805 0.000827789
13 0.217285 0.65625 0.213867 0.166016 0.000834465
9 0.834473 0.590332 0.0224609 0.0185547 0.000835896
11 0.566895 0.661133 0.491211 0.179688 0.000843048
8 0.566895 0.661133 0.491211 0.179688 0.000869751
13 0.566895 0.661133 0.491211 0.179688 0.000876427
9 0.514648 0.224609 0.126953 0.128906 0.000878811
10 0.504883 0.388672 0.373047 0.257812 0.000879288
9 0.180664 0.0546875 0.361328 0.109375 0.000880241
1 0.566895 0.661133 0.491211 0.179688 0.000883579
4 0.566895 0.661133 0.491211 0.179688 0.000890255
5 0.281738 0.590332 0.198242 0.327148 0.000896454
9 0.635742 0.39502 0.0351562 0.0341797 0.000899792
2 0.640625 0.375488 0.0722656 0.172852 0.000907898
13 0.803711 0.575195 0.123047 0.107422 0.000911236
13 0.63623 0.394531 0.0244141 0.0273438 0.000934124
7 0.241699 0.656738 0.180664 0.15332 0.000937462
5 0.193359 0.537598 0.164062 0.40332 0.000940323
12 0.566895 0.661133 0.491211 0.179688 0.000969887
7 0.503418 0.869141 0.106445 0.0605469 0.000973701
5 0.77832 0.561523 0.138672 0.179688 0.000981331
9 0.453125 0.807129 0.109375 0.131836 0.000985146
12 0.493164 0.37793 0.369141 0.230469 0.000999451
2 0.566895 0.661133 0.491211 0.179688 0.0010004
13 0.73584 0.681641 0.0595703 0.0625 0.00101662
11 0.308594 0.262695 0.216797 0.201172 0.0010519
11 0.619629 0.367676 0.0830078 0.114258 0.00105476
10 0.893555 0.75293 0.0527344 0.0722656 0.00105572
5 0.807617 0.578613 0.0878906 0.0615234 0.00105667
5 0.263184 0.655273 0.137695 0.138672 0.00106049
5 0.328613 0.484375 0.237305 0.578125 0.00108242
7 0.372559 0.212891 0.106445 0.109375 0.00108433
9 0.405762 0.3125 0.254883 0.296875 0.00109768
9 0.551758 0.865234 0.115234 0.0683594 0.00110245
2 0.485352 0.845703 0.154297 0.09375 0.00111771
9 0.476562 0.234863 0.150391 0.174805 0.00116253
9 0.262207 0.126465 0.0986328 0.0771484 0.00116539
9 0.304199 0.20166 0.211914 0.110352 0.00116634
9 0.625977 0.354492 0.101562 0.164062 0.00119114
0 0.616699 0.40918 0.104492 0.148438 0.00121593
7 0.429688 0.237793 0.0820312 0.174805 0.00121784
13 0.834961 0.591309 0.0273438 0.0146484 0.0012207
4 0.370117 0.278809 0.109375 0.217773 0.00123501
1 0.311523 0.193848 0.210938 0.0810547 0.0012455
8 0.231445 0.654297 0.015625 0.0136719 0.00125217
11 0.893555 0.75293 0.0527344 0.0722656 0.00125313
11 0.36084 0.283691 0.12207 0.204102 0.00125313
0 0.383301 0.396484 0.139648 0.257812 0.00130081
13 0.775391 0.556641 0.101562 0.0292969 0.00130177
11 0.316406 0.179199 0.0742188 0.0283203 0.00130844
2 0.565918 0.322266 0.18457 0.117188 0.00131798
8 0.493164 0.37793 0.369141 0.230469 0.00133133
9 0.29541 0.0571289 0.24707 0.114258 0.0013485
5 0.827637 0.617676 0.12207 0.202148 0.00134945
9 0.104004 0.757812 0.0595703 0.0898438 0.00137234
0 0.637695 0.39502 0.0214844 0.0244141 0.00140095
9 0.413086 0.788574 0.287109 0.166992 0.001441
8 0.834473 0.590332 0.0224609 0.0166016 0.00145435
6 0.36377 0.296387 0.112305 0.223633 0.0014925
13 0.830078 0.587891 0.0429688 0.0234375 0.00150967
10 0.567383 0.669922 0.484375 0.173828 0.00151157
5 0.504883 0.388672 0.373047 0.257812 0.00152206
0 0.504395 0.866699 0.108398 0.0576172 0.00153255
9 0.465332 0.296387 0.28418 0.161133 0.00153828
8 0.374512 0.322266 0.106445 0.244141 0.001544
8 0.622559 0.376465 0.0771484 0.0869141 0.00155354
5 0.570312 0.652832 0.482422 0.180664 0.00155544
11 0.505859 0.86377 0.107422 0.0634766 0.00159168
12 0.570312 0.356445 0.199219 0.193359 0.00159645
11 0.505859 0.365723 0.355469 0.223633 0.0015974
9 0.557617 0.549805 0.521484 0.4375 0.00162792
13 0.245117 0.510742 0.318359 0.550781 0.00166607
0 0.62793 0.384766 0.0527344 0.0527344 0.00169373
10 0.103516 0.759766 0.0566406 0.09375 0.00171185
2 0.630859 0.368652 0.046875 0.0712891 0.00171947
9 0.393066 0.229004 0.110352 0.15332 0.00175762
8 0.630371 0.388184 0.0517578 0.0498047 0.00177097
6 0.233887 0.644531 0.188477 0.177734 0.00180817
9 0.559082 0.74707 0.329102 0.292969 0.0018177
9 0.223145 0.640625 0.204102 0.193359 0.00189209
5 0.563965 0.358398 0.208008 0.195312 0.00191116
3 0.233398 0.510742 0.289062 0.533203 0.00194454
13 0.625977 0.380371 0.0917969 0.118164 0.00195217
9 0.400879 0.443359 0.168945 0.335938 0.00199127
7 0.563965 0.358398 0.208008 0.195312 0.0020256
1 0.570312 0.356445 0.199219 0.193359 0.00205421
0 0.566895 0.661133 0.491211 0.179688 0.00209236
11 0.341797 0.174805 0.0761719 0.0253906 0.00211906
0 0.580078 0.418457 0.238281 0.301758 0.00215912
7 0.366699 0.364258 0.0966797 0.203125 0.00221062
11 0.34375 0.214355 0.152344 0.120117 0.00226021
11 0.353027 0.18457 0.0986328 0.0332031 0.00226593
10 0.563965 0.358398 0.208008 0.195312 0.00231171
11 0.26123 0.195801 0.0830078 0.0615234 0.00231743
11 0.103516 0.759766 0.0566406 0.09375 0.00233078
11 0.597168 0.352539 0.147461 0.181641 0.00234985
13 0.79248 0.5625 0.110352 0.0566406 0.00242233
11 0.717285 0.21582 0.112305 0.0820312 0.00248528
8 0.641113 0.399414 0.0498047 0.046875 0.00251961
9 0.372559 0.385742 0.106445 0.207031 0.00252151
4 0.563965 0.358398 0.208008 0.195312 0.00261497
11 0.567871 0.212402 0.0986328 0.0810547 0.00268936
2 0.619141 0.404785 0.0585938 0.0556641 0.00270081
6 0.563965 0.358398 0.208008 0.195312 0.00270844
6 0.245117 0.510742 0.318359 0.550781 0.00279427
0 0.644043 0.400879 0.0439453 0.0458984 0.00281715
13 0.82666 0.585938 0.0751953 0.0371094 0.00300789
13 0.333984 0.308105 0.0566406 0.133789 0.00302696
9 0.530273 0.870605 0.0566406 0.0478516 0.00311279
9 0.441406 0.270508 0.115234 0.212891 0.00312424
8 0.570312 0.356445 0.199219 0.193359 0.00312996
11 0.587402 0.193848 0.0888672 0.0400391 0.0031414
9 0.320312 0.118164 0.292969 0.162109 0.00315094
5 0.189453 0.690918 0.199219 0.15332 0.00317764
9 0.233398 0.510742 0.289062 0.533203 0.00323677
2 0.612793 0.386719 0.0283203 0.0292969 0.00324059
2 0.625488 0.407715 0.0810547 0.0986328 0.00327682
13 0.339355 0.297852 0.135742 0.201172 0.00339508
9 0.637695 0.39502 0.0214844 0.0244141 0.00341606
13 0.505859 0.365723 0.355469 0.223633 0.0036087
8 0.233398 0.694336 0.0214844 0.015625 0.00382042
9 0.507812 0.907227 0.197266 0.148438 0.00382423
11 0.262695 0.208496 0.138672 0.0908203 0.00389671
0 0.503906 0.314453 0.291016 0.119141 0.00390053
9 0.175293 0.747559 0.168945 0.0693359 0.00400543
5 0.205566 0.743164 0.235352 0.0898438 0.00401688
11 0.366699 0.194336 0.114258 0.0742188 0.00428009
0 0.626465 0.379883 0.0751953 0.0878906 0.00431061
5 0.733887 0.493164 0.262695 0.457031 0.00452805
9 0.578125 0.354492 0.183594 0.185547 0.00459671
8 0.502441 0.86377 0.120117 0.0634766 0.0046196
13 0.799805 0.561035 0.0507812 0.0185547 0.00484085
0 0.498535 0.484863 0.366211 0.418945 0.00489807
11 0.220703 0.230957 0.0957031 0.0908203 0.00491714
2 0.521484 0.349609 0.302734 0.171875 0.00519562
3 0.562012 0.589844 0.510742 0.335938 0.00548172
9 0.449219 0.585938 0.230469 0.552734 0.00628662
9 0.560547 0.687988 0.458984 0.15918 0.00632095
9 0.394043 0.081543 0.555664 0.161133 0.00637054
9 0.505859 0.365723 0.355469 0.223633 0.00659943
8 0.263672 0.683105 0.0234375 0.0205078 0.00668335
9 0.438477 0.240723 0.0644531 0.178711 0.00695801
9 0.249512 0.132324 0.0576172 0.0478516 0.00707245
13 0.349121 0.326172 0.0771484 0.193359 0.00707626
8 0.637207 0.394531 0.0224609 0.0253906 0.00720215
11 0.638184 0.196777 0.19043 0.0634766 0.00776672
3 0.493164 0.37793 0.369141 0.230469 0.00827026
0 0.625977 0.354492 0.101562 0.164062 0.00852203
5 0.791992 0.558594 0.173828 0.355469 0.00901031
2 0.639648 0.400879 0.0390625 0.0361328 0.00963593
2 0.505859 0.866699 0.109375 0.0634766 0.00985718
13 0.597168 0.352539 0.147461 0.181641 0.0102234
13 0.794434 0.562988 0.0830078 0.0263672 0.010788
3 0.570312 0.356445 0.199219 0.193359 0.011116
7 0.369629 0.277344 0.110352 0.210938 0.0127258
11 0.685059 0.19873 0.106445 0.0537109 0.0136948
9 0.506836 0.802246 0.201172 0.21582 0.0151978
2 0.62207 0.379395 0.0507812 0.0419922 0.0165558
9 0.174805 0.118652 0.349609 0.237305 0.0166779
11 0.635254 0.188965 0.157227 0.0322266 0.0178375
13 0.813965 0.574219 0.0751953 0.0429688 0.0179138
9 0.251953 0.121094 0.134766 0.132812 0.0197906
9 0.369141 0.307129 0.121094 0.239258 0.0293274
2 0.634766 0.395508 0.0585938 0.0546875 0.0360718
2 0.603516 0.362305 0.125 0.191406 0.0370178
9 0.505859 0.852539 0.164062 0.0957031 0.0371399
11 0.321777 0.185547 0.178711 0.0644531 0.0402832
9 0.234863 0.136719 0.0986328 0.0644531 0.0418701
5 0.223145 0.640625 0.204102 0.193359 0.050415
2 0.62207 0.366699 0.0761719 0.114258 0.0644531
2 0.63623 0.394531 0.0244141 0.0273438 0.0662842
9 0.503906 0.867676 0.105469 0.0595703 0.0820312
5 0.230957 0.508789 0.27832 0.533203 0.0860596
9 0.23584 0.0908203 0.206055 0.177734 0.118347
11 0.333984 0.176758 0.146484 0.0332031 0.185791
0 0.499023 0.364746 0.351562 0.21582 0.295898
3 0.567871 0.668457 0.489258 0.157227 0.547852
0 0.57373 0.354004 0.182617 0.186523 0.631836
