8 0.012207 0.101074 0.0107422 0.0126953 0.000216246
13 0.261719 0.34375 0.0703125 0.0429688 0.000216603
9 0.250977 0.557617 0.0527344 0.0410156 0.000216603
7 0.232422 0.562988 0.015625 0.0146484 0.000217915
7 0.313477 0.521484 0.162109 0.15625 0.000220656
8 0.23291 0.442871 0.0126953 0.0126953 0.000221968
13 0.714355 0.326172 0.0302734 0.0253906 0.000222206
1 0.42041 0.328125 0.0634766 0.0898438 0.000224948
11 0.0283203 0.96582 0.0410156 0.0488281 0.000226259
8 0.313477 0.428223 0.03125 0.0244141 0.000227451
13 0.42041 0.328125 0.0634766 0.0898438 0.000227571
8 0.918945 0.666016 0.0351562 0.0351562 0.000230312
13 0.263184 0.5625 0.0634766 0.046875 0.000231266
2 0.612793 0.618652 0.0478516 0.0478516 0.000233054
13 0.654785 0.415527 0.0361328 0.0283203 0.000235081
13 0.059082 0.61084 0.108398 0.172852 0.000238061
13 0.556641 0.277832 0.0898438 0.125977 0.000238299
4 0.310547 0.449219 0.193359 0.314453 0.000239611
11 0.408691 0.124023 0.0615234 0.0332031 0.000241041
11 0.649414 0.122559 0.0273438 0.0283203 0.000242233
4 0.561523 0.555664 0.289062 0.181641 0.000242829
1 0.561523 0.555664 0.289062 0.181641 0.000242829
9 0.412109 0.291504 0.09375 0.186523 0.000246525
9 0.279785 0.52832 0.0166016 0.0136719 0.000246763
13 0.0654297 0.518066 0.0371094 0.0986328 0.000247478
8 0.561523 0.555664 0.289062 0.181641 0.000248671
8 0.276855 0.527832 0.0537109 0.0712891 0.000248909
13 0.292969 0.348633 0.126953 0.109375 0.000250578
9 0.609863 0.623047 0.0458984 0.03125 0.000252724
11 0.561523 0.555664 0.289062 0.181641 0.000254631
9 0.316895 0.591797 0.0419922 0.0253906 0.000257015
13 0.626465 0.291504 0.0673828 0.124023 0.000257969
9 0.0371094 0.0595703 0.0566406 0.0996094 0.000258684
13 0.981934 0.876465 0.0263672 0.0595703 0.000259399
7 0.253418 0.557129 0.0419922 0.0400391 0.000261068
10 0.277832 0.570801 0.0244141 0.0263672 0.00026226
13 0.254395 0.34375 0.0517578 0.0234375 0.000263929
9 0.297852 0.580566 0.210938 0.135742 0.000269651
8 0.713379 0.328125 0.0283203 0.0234375 0.000272036
2 0.561523 0.555664 0.289062 0.181641 0.000272989
3 0.350586 0.260254 0.289062 0.243164 0.000274181
11 0.981445 0.890137 0.0234375 0.0478516 0.000274658
7 0.354492 0.490234 0.0195312 0.0175781 0.000274897
4 0.715332 0.51416 0.12207 0.27832 0.000277519
3 0.165527 0.458984 0.331055 0.433594 0.000277996
1 0.911621 0.243164 0.0224609 0.0390625 0.000278711
13 0.234375 0.483887 0.0195312 0.0244141 0.000279188
8 0.0537109 0.373047 0.0332031 0.0253906 0.000280619
10 0.373047 0.270508 0.287109 0.257812 0.000286579
2 0.724609 0.0283203 0.105469 0.0527344 0.000288248
8 0.236816 0.430176 0.0283203 0.0263672 0.000289202
11 0.37793 0.100586 0.0722656 0.0273438 0.000289679
8 0.321289 0.382812 0.0488281 0.0332031 0.000290394
8 0.282715 0.361816 0.0283203 0.0185547 0.000290632
11 0.354004 0.130859 0.147461 0.078125 0.000290871
9 0.430176 0.300781 0.0673828 0.109375 0.000291824
7 0.69043 0.42627 0.0761719 0.0634766 0.000292301
2 0.707031 0.0332031 0.191406 0.0664062 0.000293732
5 0.90332 0.64502 0.189453 0.709961 0.000296354
8 0.240723 0.482422 0.0458984 0.0390625 0.000300169
8 0.641602 0.0712891 0.0273438 0.0234375 0.0003016
10 0.745117 0.664062 0.0585938 0.0664062 0.000303745
2 0.37207 0.257812 0.285156 0.238281 0.000306368
10 0.614746 0.62207 0.0244141 0.0273438 0.000306368
11 0.694824 0.0400391 0.204102 0.0800781 0.000306606
11 0.346191 0.119141 0.0615234 0.03125 0.000312805
12 0.561523 0.555664 0.289062 0.181641 0.000312805
9 0.32959 0.406738 0.241211 0.461914 0.000313759
9 0.484863 0.455078 0.0966797 0.228516 0.000313997
8 0.652344 0.417969 0.0332031 0.0292969 0.000318289
9 0.26123 0.553223 0.0771484 0.0927734 0.000318527
8 0.68457 0.44043 0.0175781 0.0136719 0.000319719
13 0.95459 0.725098 0.0751953 0.12793 0.00032115
9 0.976562 0.206543 0.0371094 0.350586 0.000324011
2 0.95752 0.754883 0.0732422 0.341797 0.00032568
8 0.311523 0.379883 0.0253906 0.0214844 0.000327587
0 0.561035 0.556152 0.290039 0.176758 0.000328302
8 0.299805 0.375977 0.015625 0.0117188 0.000334024
2 0.233398 0.48291 0.0214844 0.0283203 0.000334978
9 0.354492 0.490234 0.0195312 0.0175781 0.000335693
8 0.335449 0.290039 0.116211 0.115234 0.000337601
10 0.374512 0.114258 0.0986328 0.0292969 0.000337839
7 0.553223 0.274414 0.0869141 0.115234 0.000343084
13 0.0610352 0.524414 0.0810547 0.3125 0.000344753
9 0.231934 0.5625 0.0166016 0.015625 0.00034523
5 0.26709 0.558594 0.0830078 0.105469 0.000347376
7 0.284668 0.361816 0.114258 0.114258 0.000348091
6 0.254883 0.562988 0.015625 0.0205078 0.00034976
7 0.706055 0.466309 0.111328 0.141602 0.000353336
5 0.27832 0.572754 0.0253906 0.0244141 0.00035429
0 0.521484 0.280762 0.146484 0.15918 0.000355721
13 0.975098 0.797852 0.0400391 0.287109 0.000361204
8 0.259766 0.537598 0.015625 0.0146484 0.000362635
11 0.373047 0.270508 0.287109 0.257812 0.00036335
8 0.614746 0.432617 0.0185547 0.015625 0.000365257
9 0.975098 0.797852 0.0400391 0.287109 0.000365973
12 0.0732422 0.438965 0.146484 0.645508 0.000369787
5 0.288574 0.536621 0.0947266 0.0986328 0.000370264
11 0.745605 0.664062 0.0595703 0.0664062 0.000373125
8 0.279297 0.527344 0.03125 0.0234375 0.000378847
7 0.0527344 0.0615234 0.09375 0.103516 0.000381231
8 0.28418 0.53125 0.0527344 0.0371094 0.00038147
8 0.395508 0.385254 0.03125 0.0302734 0.000386
9 0.649414 0.0546875 0.189453 0.0722656 0.000387907
7 0.271484 0.550781 0.0859375 0.105469 0.000390291
2 0.379883 0.112305 0.0996094 0.0292969 0.000391245
13 0.0639648 0.510254 0.0537109 0.188477 0.000393152
9 0.466797 0.319824 0.0527344 0.166992 0.000396729
9 0.952148 0.0561523 0.0820312 0.104492 0.000403404
12 0.37207 0.257812 0.285156 0.238281 0.000404119
3 0.277832 0.572266 0.0244141 0.0273438 0.000404835
8 0.0527344 0.0615234 0.09375 0.103516 0.000407457
11 0.360352 0.115723 0.0507812 0.0224609 0.000407934
9 0.692383 0.0742188 0.380859 0.148438 0.000410318
11 0.253906 0.562012 0.0175781 0.0244141 0.000412226
6 0.265137 0.564941 0.0361328 0.0283203 0.000415564
8 0.246582 0.42334 0.0126953 0.0126953 0.000416994
6 0.715332 0.51416 0.12207 0.27832 0.000418901
8 0.283203 0.53125 0.0175781 0.015625 0.000420332
1 0.373047 0.270508 0.287109 0.257812 0.000428915
8 0.598145 0.0688477 0.0126953 0.0107422 0.000435352
8 0.611328 0.621094 0.0507812 0.0371094 0.000435829
11 0.613281 0.62207 0.0332031 0.0292969 0.000437498
9 0.974609 0.139648 0.0390625 0.146484 0.000440121
10 0.561523 0.555664 0.289062 0.181641 0.000448704
9 0.711426 0.330078 0.0146484 0.0136719 0.000455618
4 0.614258 0.621582 0.0234375 0.0224609 0.000455618
4 0.911621 0.243164 0.0224609 0.0390625 0.000458241
13 0.346191 0.350098 0.209961 0.350586 0.000458717
6 0.293457 0.525391 0.131836 0.158203 0.000463724
7 0.379883 0.112305 0.0996094 0.0292969 0.000469923
8 0.313477 0.525391 0.0253906 0.0234375 0.000470638
8 0.258301 0.465332 0.0205078 0.0205078 0.000473261
3 0.818359 0.403809 0.363281 0.508789 0.000483274
5 0.561523 0.555664 0.289062 0.181641 0.000492096
0 0.350586 0.260254 0.289062 0.243164 0.000495911
13 0.615234 0.249023 0.0488281 0.148438 0.00050211
5 0.723633 0.541016 0.119141 0.236328 0.000504494
9 0.709961 0.507812 0.132812 0.287109 0.000505447
8 0.344727 0.388672 0.0820312 0.0683594 0.000507355
8 0.643555 0.294434 0.0214844 0.0205078 0.000516891
6 0.373047 0.270508 0.287109 0.257812 0.000518322
13 0.691406 0.0649414 0.355469 0.129883 0.000521183
8 0.242188 0.425781 0.0195312 0.0175781 0.000528336
2 0.42041 0.328125 0.0634766 0.0898438 0.000552654
7 0.269531 0.557617 0.0585938 0.0546875 0.000567913
8 0.250977 0.557617 0.0527344 0.0410156 0.000570774
9 0.373047 0.270508 0.287109 0.257812 0.000575542
11 0.393555 0.117188 0.0605469 0.0234375 0.00058651
11 0.277832 0.570801 0.0244141 0.0263672 0.000597
10 0.768066 0.691895 0.0400391 0.0634766 0.000599861
8 0.348145 0.546387 0.0263672 0.0341797 0.000606537
9 0.806641 0.0205078 0.316406 0.0410156 0.000612736
5 0.301758 0.380371 0.140625 0.157227 0.000626087
1 0.374512 0.114258 0.0986328 0.0292969 0.000630379
2 0.910645 0.241699 0.0244141 0.0400391 0.000638962
13 0.265137 0.564941 0.0361328 0.0283203 0.000641346
13 0.375488 0.112305 0.0927734 0.0273438 0.00064373
8 0.671875 0.426758 0.0585938 0.0410156 0.000644684
9 0.956055 0.741211 0.0722656 0.0488281 0.00066328
4 0.253906 0.562012 0.0175781 0.0244141 0.00067234
2 0.691406 0.0512695 0.320312 0.102539 0.000684738
9 0.395508 0.0708008 0.0195312 0.0107422 0.000687122
13 0.324707 0.376953 0.176758 0.154297 0.000689507
11 0.768066 0.691895 0.0400391 0.0634766 0.000694752
9 0.918945 0.666016 0.0351562 0.0351562 0.000701427
9 0.379883 0.112305 0.0996094 0.0292969 0.000704288
8 0.415527 0.442871 0.0224609 0.0205078 0.00070858
9 0.90918 0.978516 0.03125 0.0292969 0.00071764
9 0.272949 0.563965 0.0537109 0.0576172 0.000722885
9 0.275879 0.530273 0.110352 0.15625 0.000725269
7 0.233398 0.483398 0.0214844 0.0292969 0.000732422
6 0.317383 0.383789 0.152344 0.150391 0.000733376
12 0.154785 0.414062 0.30957 0.613281 0.00074625
0 0.277344 0.570801 0.0234375 0.0263672 0.00074625
6 0.27832 0.572754 0.0253906 0.0224609 0.000800133
7 0.27002 0.530273 0.15332 0.212891 0.000807762
9 0.65625 0.0664062 0.0878906 0.0371094 0.000827312
8 0.612793 0.462891 0.0166016 0.015625 0.000837326
8 0.66748 0.398926 0.0146484 0.0146484 0.000861645
11 0.574219 0.132812 0.0585938 0.0371094 0.000880241
13 0.955566 0.73584 0.0712891 0.0595703 0.000888348
9 0.957031 0.179688 0.0683594 0.353516 0.000903606
13 0.704102 0.0419922 0.232422 0.0839844 0.000906467
9 0.0336914 0.687012 0.0517578 0.0478516 0.000907898
5 0.357422 0.252441 0.171875 0.186523 0.000912666
8 0.280762 0.361816 0.0126953 0.0126953 0.000929832
7 0.317383 0.383789 0.152344 0.150391 0.000957012
13 0.614258 0.621582 0.0234375 0.0263672 0.000985146
8 0.279785 0.578125 0.0205078 0.015625 0.0010004
5 0.962891 0.229492 0.0605469 0.458984 0.00102234
4 0.373047 0.270508 0.287109 0.257812 0.00106049
13 0.911621 0.243164 0.0205078 0.0390625 0.00107765
13 0.310547 0.449219 0.193359 0.314453 0.00110435
8 0.272461 0.564453 0.0625 0.0566406 0.00113773
9 0.508301 0.30957 0.155273 0.208984 0.0011425
8 0.350586 0.260254 0.289062 0.243164 0.00115395
8 0.368164 0.376953 0.0175781 0.015625 0.00116253
9 0.598145 0.0688477 0.0126953 0.0107422 0.00118351
8 0.345215 0.382812 0.0458984 0.0351562 0.00118828
9 0.462402 0.239258 0.147461 0.261719 0.00120544
7 0.429199 0.302734 0.0693359 0.132812 0.00122356
9 0.253906 0.560059 0.0253906 0.0322266 0.00126171
11 0.911621 0.243164 0.0224609 0.0390625 0.00132561
9 0.743164 0.0258789 0.154297 0.0517578 0.00133038
9 0.734863 0.558594 0.100586 0.208984 0.0013504
9 0.641113 0.0678711 0.0458984 0.0302734 0.00135612
13 0.253906 0.562012 0.0175781 0.0244141 0.00139141
8 0.415527 0.314453 0.0947266 0.117188 0.00143242
9 0.883789 0.63916 0.210938 0.72168 0.00144386
4 0.42041 0.328125 0.0634766 0.0898438 0.00146389
8 0.233887 0.562012 0.0263672 0.0205078 0.0014658
8 0.251953 0.558105 0.0292969 0.0322266 0.00151253
2 0.262207 0.5625 0.0361328 0.0351562 0.00152588
9 0.816895 0.043457 0.34668 0.0849609 0.00152683
8 0.278809 0.572266 0.0361328 0.0390625 0.00154972
9 0.233398 0.48291 0.0214844 0.0283203 0.00163174
9 0.562012 0.538574 0.282227 0.198242 0.0016346
13 0.957031 0.735352 0.0742188 0.28125 0.00169563
4 0.277832 0.570801 0.0244141 0.0263672 0.00174522
9 0.0576172 0.0722656 0.103516 0.128906 0.00177193
9 0.29834 0.474609 0.170898 0.289062 0.00179958
0 0.420898 0.32959 0.0644531 0.0869141 0.00180531
7 0.73877 0.569336 0.0830078 0.203125 0.00183105
9 0.553223 0.274414 0.0849609 0.109375 0.00183487
11 0.658203 0.12793 0.0234375 0.0253906 0.00184727
13 0.27832 0.572754 0.0253906 0.0224609 0.00189877
8 0.661133 0.427734 0.0332031 0.03125 0.00193882
5 0.958984 0.796875 0.0683594 0.296875 0.00196838
9 0.914551 0.0439453 0.131836 0.0839844 0.00203705
7 0.269043 0.564941 0.0419922 0.0341797 0.00205612
9 0.444336 0.27832 0.0722656 0.185547 0.00206375
10 0.202637 0.686523 0.0341797 0.046875 0.00230789
7 0.373047 0.270508 0.287109 0.257812 0.00239944
6 0.310547 0.449219 0.193359 0.314453 0.00240898
8 0.296875 0.444336 0.015625 0.0136719 0.00242615
7 0.614258 0.621582 0.0234375 0.0224609 0.00245857
5 0.293457 0.525391 0.131836 0.158203 0.00246429
9 0.479004 0.531738 0.120117 0.24707 0.00266266
7 0.310547 0.449219 0.193359 0.314453 0.00279236
11 0.20166 0.691406 0.0322266 0.0429688 0.00286674
5 0.942871 0.728027 0.108398 0.47168 0.00290108
9 0.955566 0.753418 0.0732422 0.366211 0.0029068
8 0.342773 0.381348 0.0214844 0.0224609 0.00299072
11 0.378418 0.113281 0.0615234 0.0195312 0.00349998
8 0.911621 0.243164 0.0205078 0.0390625 0.00366211
7 0.253906 0.562012 0.0175781 0.0244141 0.00390244
12 0.362305 0.259277 0.171875 0.172852 0.00400162
7 0.715332 0.51416 0.12207 0.27832 0.00402069
9 0.911621 0.243164 0.0205078 0.0390625 0.00421906
10 0.363281 0.263184 0.167969 0.188477 0.00431442
9 0.92627 0.0874023 0.124023 0.174805 0.00435638
11 0.38916 0.125488 0.12207 0.0458984 0.00469589
9 0.263672 0.5625 0.0371094 0.0351562 0.00476456
9 0.614746 0.62207 0.0244141 0.0253906 0.00479507
7 0.911621 0.243164 0.0205078 0.0390625 0.00479889
13 0.363281 0.261719 0.169922 0.1875 0.00486755
2 0.253906 0.562012 0.0175781 0.0244141 0.00499344
8 0.312012 0.379883 0.0126953 0.0117188 0.0051651
2 0.614746 0.62207 0.0244141 0.0273438 0.00555801
11 0.39209 0.106934 0.110352 0.0302734 0.00630569
10 0.758789 0.677246 0.0449219 0.0634766 0.00643921
2 0.362305 0.259277 0.171875 0.172852 0.0067749
2 0.27832 0.570801 0.0234375 0.0263672 0.00680161
9 0.477051 0.27832 0.0810547 0.201172 0.00690079
8 0.711426 0.330078 0.0146484 0.0136719 0.00714493
3 0.362305 0.259277 0.171875 0.172852 0.00720978
8 0.279297 0.526367 0.0175781 0.015625 0.0072403
11 0.758789 0.676758 0.0449219 0.0644531 0.00764084
8 0.263672 0.5625 0.0371094 0.0351562 0.00764084
9 0.254883 0.562988 0.015625 0.0205078 0.00792694
7 0.42041 0.335449 0.0654297 0.0771484 0.00802612
8 0.232422 0.562988 0.015625 0.0146484 0.00804138
9 0.9375 0.690918 0.115234 0.55957 0.008255
0 0.363281 0.259766 0.173828 0.181641 0.00829315
11 0.345703 0.12207 0.117188 0.0410156 0.00856018
11 0.36377 0.262207 0.174805 0.188477 0.00888824
8 0.661133 0.432129 0.0214844 0.0185547 0.00900269
9 0.421875 0.331543 0.0644531 0.0869141 0.00930023
7 0.277832 0.570801 0.0244141 0.0263672 0.00994873
9 0.703125 0.0375977 0.214844 0.0751953 0.0105057
8 0.233398 0.483398 0.0214844 0.0292969 0.0110092
1 0.360352 0.259766 0.177734 0.185547 0.0126266
8 0.354492 0.489258 0.0195312 0.0175781 0.0140076
9 0.27832 0.570801 0.0234375 0.0263672 0.014679
5 0.304688 0.462402 0.203125 0.327148 0.016098
6 0.363281 0.261719 0.169922 0.1875 0.0167236
9 0.490234 0.42041 0.128906 0.461914 0.0178528
9 0.966309 0.103027 0.0595703 0.194336 0.0204315
0 0.550781 0.275879 0.0898438 0.0927734 0.0218048
9 0.359375 0.258789 0.177734 0.181641 0.0232239
8 0.42041 0.333984 0.0654297 0.0722656 0.0287018
8 0.253906 0.562012 0.0175781 0.0244141 0.0551758
8 0.614746 0.62207 0.0244141 0.0273438 0.0864868
3 0.562012 0.557617 0.291992 0.175781 0.104553
4 0.363281 0.259766 0.171875 0.185547 0.13501
7 0.363281 0.263184 0.167969 0.188477 0.202515
8 0.364258 0.259766 0.171875 0.183594 0.248047
8 0.27832 0.570801 0.0234375 0.0263672 0.265381
11 0.370605 0.115723 0.0927734 0.0302734 0.266846
