10 0.88916 0.790039 0.0498047 0.0585938 0.000100195
13 0.337402 0.45166 0.0537109 0.0556641 0.000100195
3 0.902344 0.486328 0.195312 0.330078 0.000101328
11 0.88916 0.790039 0.0498047 0.0585938 0.000102341
8 0.645508 0.431152 0.0449219 0.0400391 0.00010246
13 0.421875 0.19873 0.0371094 0.0654297 0.000105441
2 0.67334 0.425293 0.0322266 0.0595703 0.0001055
9 0.40625 0.0986328 0.0371094 0.03125 0.000105619
11 0.661133 0.16748 0.0429688 0.0166016 0.000107706
9 0.610352 0.174805 0.0625 0.0429688 0.00011003
0 0.59082 0.31543 0.0761719 0.0664062 0.00011456
4 0.577148 0.338379 0.107422 0.114258 0.000115871
13 0.831055 0.697754 0.0585938 0.0380859 0.000119507
9 0.549316 0.375 0.157227 0.201172 0.000119984
3 0.876465 0.897949 0.24707 0.204102 0.000120282
13 0.34082 0.259766 0.158203 0.152344 0.000123382
0 0.521484 0.453613 0.197266 0.405273 0.00012517
10 0.0839844 0.869629 0.0273438 0.0400391 0.0001266
7 0.119141 0.791504 0.0273438 0.0263672 0.000127196
10 0.164551 0.963379 0.329102 0.0732422 0.000128984
11 0.349609 0.168945 0.15625 0.0449219 0.000129104
0 0.90918 0.346191 0.171875 0.25293 0.000129938
13 0.194336 0.70752 0.107422 0.0654297 0.000130653
9 0.663086 0.737305 0.183594 0.0390625 0.000136137
13 0.68457 0.385742 0.171875 0.25 0.000140309
11 0.650391 0.203125 0.164062 0.0996094 0.000141978
3 0.766602 0.112793 0.466797 0.225586 0.00014472
13 0.737793 0.368652 0.0419922 0.0302734 0.000145435
8 0.395996 0.591797 0.0302734 0.03125 0.000146151
11 0.668457 0.17627 0.0771484 0.0244141 0.000146985
9 0.166992 0.725098 0.0390625 0.0263672 0.000148416
11 0.4375 0.14209 0.0527344 0.0283203 0.000149608
13 0.646973 0.420898 0.0556641 0.046875 0.000151992
11 0.0834961 0.870605 0.0263672 0.0400391 0.000154257
13 0.220703 0.504395 0.0957031 0.0302734 0.000155091
9 0.21582 0.693848 0.0976562 0.0732422 0.000157237
7 0.612305 0.695801 0.078125 0.0751953 0.000157475
9 0.489258 0.966797 0.185547 0.0664062 0.000158548
9 0.164062 0.770996 0.140625 0.0986328 0.000158787
9 0.820312 0.659668 0.136719 0.260742 0.000160336
3 0.197266 0.090332 0.394531 0.180664 0.000160933
7 0.609863 0.19873 0.0712891 0.0849609 0.000161529
9 0.275879 0.125 0.551758 0.25 0.000162005
13 0.334473 0.450195 0.0263672 0.046875 0.00016427
8 0.143066 0.760742 0.0185547 0.015625 0.00016427
7 0.577148 0.338379 0.107422 0.114258 0.000168562
13 0.348145 0.430176 0.0849609 0.0771484 0.000169873
12 0.577148 0.338379 0.107422 0.114258 0.000181556
8 0.19043 0.612793 0.0292969 0.0224609 0.000186324
13 0.577148 0.338379 0.107422 0.112305 0.000187755
1 0.577148 0.338379 0.107422 0.112305 0.000188351
9 0.63916 0.424316 0.0302734 0.0263672 0.000191092
7 0.0224609 0.270508 0.0390625 0.197266 0.000195384
9 0.612305 0.695312 0.078125 0.0742188 0.000199556
11 0.433105 0.187012 0.0712891 0.0673828 0.000200152
2 0.390137 0.685059 0.0380859 0.0419922 0.000201941
11 0.89502 0.833984 0.0458984 0.0664062 0.00020659
3 0.650879 0.887207 0.616211 0.21582 0.000212193
13 0.736816 0.370117 0.0224609 0.0175781 0.000215411
5 0.747559 0.604004 0.272461 0.389648 0.000215888
9 0.189453 0.742188 0.158203 0.0996094 0.000220299
11 0.62793 0.175781 0.046875 0.0253906 0.000224113
3 0.246094 0.0556641 0.492188 0.111328 0.000224471
9 0.650879 0.887207 0.616211 0.21582 0.00022459
2 0.640625 0.425781 0.0410156 0.0429688 0.000236869
13 0.294922 0.520996 0.144531 0.0419922 0.000238419
13 0.30127 0.253906 0.0986328 0.0625 0.000238895
8 0.330078 0.691895 0.0371094 0.0302734 0.000243902
13 0.638672 0.422363 0.0234375 0.0205078 0.000250101
11 0.899902 0.848145 0.0341797 0.0439453 0.00025177
11 0.625 0.157715 0.0664062 0.0205078 0.000254631
8 0.577148 0.338379 0.107422 0.114258 0.000256777
11 0.668945 0.182129 0.115234 0.0283203 0.000276566
11 0.577148 0.338379 0.107422 0.112305 0.000293732
5 0.577148 0.338379 0.107422 0.114258 0.000294447
5 0.243652 0.588379 0.262695 0.342773 0.000303745
8 0.345215 0.667969 0.0224609 0.0195312 0.00032711
10 0.897461 0.844727 0.0410156 0.0488281 0.000337124
8 0.419434 0.448242 0.0400391 0.0371094 0.000339746
3 0.275879 0.125 0.551758 0.25 0.000343561
7 0.39209 0.685059 0.0400391 0.0400391 0.000345945
13 0.387695 0.685059 0.0410156 0.0380859 0.000348806
10 0.577148 0.338379 0.107422 0.114258 0.000353575
9 0.25 0.833496 0.394531 0.260742 0.000357151
11 0.405762 0.172363 0.0888672 0.0322266 0.000360489
13 0.227051 0.688477 0.0537109 0.0351562 0.00038147
13 0.365723 0.410156 0.0888672 0.101562 0.000396252
8 0.607422 0.392578 0.0175781 0.015625 0.000396967
9 0.120117 0.793457 0.0234375 0.0224609 0.00039959
9 0.558105 0.647461 0.303711 0.283203 0.000427008
2 0.578613 0.331055 0.102539 0.09375 0.000427961
11 0.716309 0.186035 0.0693359 0.0283203 0.00042963
11 0.0893555 0.856445 0.0400391 0.046875 0.000440121
13 0.410645 0.213379 0.0595703 0.0908203 0.000460625
8 0.166016 0.724609 0.0351562 0.0234375 0.000462055
11 0.682129 0.186035 0.166992 0.0478516 0.00046277
3 0.92334 0.313477 0.137695 0.285156 0.000464678
8 0.34375 0.664551 0.0371094 0.0283203 0.000490189
11 0.766602 0.207031 0.0644531 0.0507812 0.000496387
11 0.284668 0.179688 0.0673828 0.0488281 0.000507355
11 0.657227 0.169434 0.0859375 0.0205078 0.000517845
11 0.359863 0.153809 0.0654297 0.0166016 0.000530243
13 0.239746 0.678711 0.0771484 0.0605469 0.00056839
10 0.0893555 0.856445 0.0400391 0.046875 0.000577927
8 0.63916 0.424316 0.0302734 0.0263672 0.000638485
9 0.512207 0.40625 0.178711 0.298828 0.000658989
11 0.634766 0.191406 0.09375 0.0410156 0.000662327
9 0.418945 0.0927734 0.0175781 0.0214844 0.000691414
9 0.227539 0.757324 0.298828 0.118164 0.000720024
2 0.63916 0.424316 0.0302734 0.0263672 0.000725269
9 0.636719 0.421875 0.0195312 0.015625 0.000751972
9 0.577148 0.338379 0.107422 0.114258 0.000769615
13 0.67334 0.425293 0.0322266 0.0595703 0.000775814
11 0.441895 0.152344 0.0712891 0.0351562 0.000796318
0 0.549316 0.375 0.157227 0.201172 0.000799656
13 0.668945 0.432617 0.0566406 0.0898438 0.000834942
11 0.624023 0.166992 0.0761719 0.03125 0.000946522
13 0.686523 0.412598 0.0917969 0.125977 0.000992775
11 0.32373 0.163574 0.0849609 0.0361328 0.00100613
5 0.806641 0.652344 0.164062 0.283203 0.00104046
3 0.577148 0.338379 0.107422 0.112305 0.00107098
9 0.49707 0.736816 0.185547 0.506836 0.00107765
13 0.217773 0.693848 0.0800781 0.0537109 0.00108337
9 0.391113 0.68457 0.0361328 0.0410156 0.00111771
11 0.438477 0.176758 0.0625 0.0292969 0.00174522
3 0.583496 0.666992 0.350586 0.1875 0.00181866
11 0.374512 0.155273 0.0947266 0.0253906 0.00195026
8 0.118164 0.790527 0.0253906 0.0283203 0.00196838
11 0.394531 0.163574 0.123047 0.0322266 0.00197029
11 0.608887 0.199219 0.0654297 0.0859375 0.00224113
8 0.608887 0.689941 0.0712891 0.0732422 0.00243378
11 0.733887 0.191895 0.0927734 0.0419922 0.00282097
11 0.302734 0.168945 0.0664062 0.0390625 0.00426483
2 0.636719 0.421875 0.0195312 0.015625 0.00437927
11 0.636719 0.175781 0.0976562 0.0371094 0.00453568
9 0.493652 0.54834 0.157227 0.545898 0.0048027
8 0.636719 0.421875 0.0195312 0.015625 0.0053215
8 0.390137 0.685547 0.0400391 0.0429688 0.00780106
11 0.615234 0.183105 0.0664062 0.0419922 0.012825
11 0.429199 0.168457 0.0771484 0.0263672 0.0139084
0 0.577148 0.334473 0.107422 0.102539 0.210815
