11 0.359863 0.182617 0.0771484 0.0253906 0.000100076
8 0.918945 0.539062 0.0136719 0.0136719 0.000101268
13 0.320801 0.633301 0.112305 0.0439453 0.000101388
13 0.21875 0.274414 0.0742188 0.0527344 0.000101447
9 0.17334 0.598633 0.116211 0.134766 0.000102222
9 0.63916 0.280762 0.129883 0.145508 0.000103593
13 0.257324 0.329102 0.21582 0.197266 0.000103831
6 0.345703 0.623047 0.0898438 0.0527344 0.000103891
9 0.931152 0.782715 0.133789 0.231445 0.00010407
5 0.549316 0.368652 0.243164 0.176758 0.000104785
9 0.260742 0.307617 0.00976562 0.00976562 0.000105381
5 0.763184 0.556152 0.250977 0.268555 0.000106215
6 0.225098 0.288574 0.0712891 0.0341797 0.000106335
8 0.633301 0.342285 0.0205078 0.0185547 0.000106931
13 0.833496 0.294434 0.0322266 0.0322266 0.000106931
10 0.944824 0.663086 0.0595703 0.119141 0.000107765
9 0.929688 0.119629 0.130859 0.147461 0.000108123
8 0.634766 0.293457 0.0117188 0.0126953 0.000108361
0 0.622559 0.34668 0.0400391 0.0292969 0.000108421
10 0.552734 0.369629 0.251953 0.194336 0.000108778
12 0.789551 0.473633 0.317383 0.453125 0.000109076
8 0.875488 0.665039 0.0107422 0.0117188 0.000109673
9 0.697266 0.195312 0.220703 0.0839844 0.000109673
8 0.264648 0.284668 0.0136719 0.0126953 0.000109851
6 0.881348 0.661133 0.19043 0.140625 0.000110447
8 0.440918 0.397461 0.0146484 0.0292969 0.000110626
9 0.638672 0.723145 0.515625 0.268555 0.000110865
9 0.82373 0.273438 0.0224609 0.0195312 0.000111878
13 0.317383 0.401855 0.0585938 0.0478516 0.000112414
9 0.655273 0.515625 0.00976562 0.0175781 0.000112414
13 0.626465 0.344727 0.0283203 0.0253906 0.000113428
7 0.929688 0.117188 0.0625 0.0507812 0.000114143
11 0.9375 0.651367 0.0585938 0.109375 0.000114918
3 0.293945 0.112305 0.587891 0.224609 0.000115395
10 0.95752 0.726074 0.0458984 0.0830078 0.000116885
13 0.654297 0.274902 0.119141 0.102539 0.000117183
11 0.287598 0.0078125 0.0302734 0.015625 0.0001176
13 0.680176 0.308105 0.176758 0.176758 0.000119269
13 0.344727 0.623047 0.0898438 0.0527344 0.000122011
13 0.820312 0.282227 0.0507812 0.0449219 0.000123739
10 0.889648 0.95752 0.220703 0.0810547 0.000124335
5 0.257812 0.609863 0.179688 0.106445 0.000126123
9 0.210938 0.554199 0.195312 0.266602 0.000126839
3 0.650879 0.836914 0.625977 0.287109 0.000126839
7 0.17334 0.598633 0.116211 0.134766 0.000128508
8 0.34668 0.623535 0.0878906 0.0498047 0.000130296
8 0.783203 0.498535 0.0234375 0.0185547 0.000130534
5 0.220215 0.515625 0.145508 0.238281 0.000130534
9 0.770508 0.111328 0.458984 0.197266 0.00013113
9 0.681641 0.262207 0.0859375 0.0751953 0.000132084
9 0.223633 0.329102 0.119141 0.130859 0.000132561
8 0.80957 0.254395 0.0136719 0.0146484 0.000133038
6 0.246582 0.527344 0.106445 0.046875 0.000133157
5 0.222168 0.523438 0.0654297 0.0371094 0.000133514
3 0.584473 0.966797 0.520508 0.0664062 0.000133991
9 0.803711 0.67334 0.333984 0.137695 0.000134349
9 0.882324 0.716309 0.213867 0.139648 0.000136256
10 0.302734 0.00976562 0.0449219 0.0195312 0.000137568
10 0.873535 0.618652 0.168945 0.145508 0.000139356
8 0.65625 0.515625 0.00976562 0.0175781 0.000140667
13 0.82373 0.273926 0.0244141 0.0205078 0.000141025
5 0.873535 0.624512 0.0849609 0.0478516 0.000143051
10 0.216309 0.953613 0.342773 0.0908203 0.000143409
7 0.689453 0.268555 0.0546875 0.0507812 0.000143647
3 0.84082 0.612305 0.212891 0.146484 0.000145078
13 0.771973 0.403809 0.133789 0.0732422 0.000145197
8 0.169434 0.415527 0.0322266 0.0400391 0.000146985
13 0.368652 0.453613 0.0751953 0.0791016 0.000147939
2 0.614746 0.314453 0.0771484 0.0703125 0.000148177
9 0.937012 0.678223 0.110352 0.15332 0.000148654
9 0.0395508 0.167969 0.0244141 0.0214844 0.000149608
2 0.651855 0.302734 0.0166016 0.0136719 0.000149727
8 0.631836 0.347168 0.0410156 0.0380859 0.000152826
2 0.581055 0.358398 0.197266 0.167969 0.000154614
0 0.594238 0.333008 0.0615234 0.0820312 0.00015521
5 0.791016 0.487305 0.261719 0.177734 0.000155807
8 0.17041 0.577148 0.0107422 0.00976562 0.000158072
9 0.62207 0.340332 0.078125 0.0830078 0.000158787
13 0.90918 0.629883 0.103516 0.125 0.000160933
9 0.626465 0.344727 0.0283203 0.0253906 0.000161052
7 0.223633 0.286133 0.0703125 0.0332031 0.000161171
12 0.262695 0.48584 0.298828 0.416992 0.000161767
8 0.896973 0.578613 0.00878906 0.00878906 0.000165582
11 0.300293 0.00537109 0.0361328 0.0107422 0.000165939
5 0.188477 0.605469 0.142578 0.128906 0.000166893
13 0.693359 0.260742 0.078125 0.0742188 0.000169516
3 0.643555 0.67627 0.455078 0.0888672 0.000170946
8 0.178711 0.338867 0.0253906 0.0429688 0.0001719
0 0.632812 0.347168 0.0527344 0.0458984 0.000172257
11 0.943359 0.71582 0.0761719 0.0996094 0.000172377
13 0.622559 0.339844 0.0810547 0.0859375 0.000172615
6 0.617188 0.635742 0.46875 0.162109 0.000173688
8 0.23584 0.368652 0.00683594 0.00683594 0.000174046
9 0.904297 0.63623 0.117188 0.129883 0.000174284
13 0.26709 0.61084 0.182617 0.0947266 0.000178099
9 0.832031 0.282227 0.0546875 0.0507812 0.000178933
7 0.617188 0.635742 0.46875 0.162109 0.000179172
9 0.270508 0.355957 0.261719 0.239258 0.000179887
10 0.0908203 0.737305 0.0351562 0.0664062 0.000181794
7 0.832031 0.281738 0.0566406 0.0517578 0.000182033
0 0.609863 0.408203 0.137695 0.25 0.000184536
9 0.959961 0.89209 0.0351562 0.0361328 0.000185132
9 0.591309 0.495605 0.430664 0.450195 0.000185609
2 0.928711 0.115234 0.0546875 0.0507812 0.000186682
13 0.178711 0.339844 0.0273438 0.0429688 0.000187874
11 0.30127 0.197754 0.0927734 0.0341797 0.000188231
13 0.336914 0.413086 0.0917969 0.0644531 0.000189066
9 0.869629 0.830566 0.260742 0.311523 0.00019145
7 0.344727 0.623047 0.0898438 0.0527344 0.000192881
11 0.0922852 0.729492 0.0341797 0.0722656 0.00019455
8 0.294434 0.218262 0.0224609 0.0205078 0.000195384
8 0.848145 0.392578 0.0146484 0.0136719 0.000200033
13 0.319336 0.400391 0.0351562 0.03125 0.000200868
8 0.445312 0.404785 0.0234375 0.0439453 0.000202298
8 0.617188 0.635742 0.46875 0.162109 0.000204563
7 0.35791 0.62207 0.0556641 0.0371094 0.000204563
7 0.262695 0.48584 0.298828 0.416992 0.000205517
8 0.217285 0.287109 0.0458984 0.0273438 0.000205994
4 0.617188 0.635742 0.46875 0.162109 0.000206113
11 0.787598 0.203613 0.112305 0.0791016 0.000208974
11 0.302734 0.00976562 0.0449219 0.0195312 0.00020957
8 0.149902 0.631348 0.0400391 0.0322266 0.000211239
13 0.444824 0.401367 0.0400391 0.0664062 0.000211716
2 0.451172 0.404297 0.0390625 0.0546875 0.000217319
13 0.306641 0.586426 0.09375 0.0263672 0.000218511
1 0.617188 0.635742 0.46875 0.162109 0.000219345
9 0.944336 0.679688 0.0566406 0.121094 0.000219822
13 0.617188 0.635742 0.46875 0.162109 0.000221014
3 0.638672 0.723145 0.515625 0.268555 0.000222564
11 0.611816 0.635742 0.454102 0.130859 0.000225663
13 0.836426 0.52002 0.211914 0.331055 0.00022614
13 0.21875 0.524414 0.0429688 0.0253906 0.000226378
8 0.398438 0.0947266 0.0351562 0.0332031 0.000229359
8 0.817383 0.501953 0.0253906 0.0214844 0.000231504
9 0.689453 0.268555 0.0546875 0.0507812 0.000231504
0 0.552246 0.463379 0.286133 0.395508 0.000231862
9 0.325195 0.608887 0.126953 0.0986328 0.000234008
8 0.208496 0.414551 0.0107422 0.0107422 0.0002352
7 0.226562 0.585449 0.224609 0.200195 0.000237703
2 0.397949 0.0947266 0.0361328 0.0332031 0.000242829
13 0.296387 0.401855 0.225586 0.206055 0.000243187
3 0.257812 0.492676 0.300781 0.415039 0.000246286
2 0.617188 0.635742 0.46875 0.162109 0.000248432
13 0.255371 0.539551 0.125977 0.0576172 0.000253677
8 0.62207 0.340332 0.078125 0.0830078 0.000254154
4 0.87207 0.616211 0.162109 0.148438 0.000254869
13 0.361328 0.458008 0.0234375 0.0488281 0.000256538
9 0.225098 0.288574 0.0712891 0.0341797 0.000257254
8 0.851074 0.28125 0.0146484 0.0195312 0.000259638
7 0.846191 0.548828 0.182617 0.251953 0.00026679
7 0.881348 0.661133 0.19043 0.140625 0.000269175
9 0.84668 0.624023 0.226562 0.179688 0.000273705
3 0.552734 0.369629 0.251953 0.194336 0.00027585
6 0.904297 0.63623 0.117188 0.129883 0.000278473
9 0.408203 0.101562 0.0546875 0.0488281 0.000280142
13 0.771484 0.422852 0.326172 0.416016 0.000282049
8 0.311035 0.318848 0.0126953 0.00878906 0.000290155
12 0.617188 0.635742 0.46875 0.162109 0.000290394
13 0.347656 0.411133 0.144531 0.160156 0.000298738
9 0.947754 0.116211 0.0947266 0.0878906 0.000314713
10 0.937012 0.678223 0.110352 0.15332 0.000315666
7 0.944336 0.679688 0.0566406 0.121094 0.000318289
13 0.74707 0.409668 0.226562 0.170898 0.000320435
5 0.881348 0.661133 0.19043 0.140625 0.000320435
5 0.78418 0.328613 0.230469 0.21582 0.00033021
5 0.258301 0.279785 0.249023 0.194336 0.000333786
9 0.507324 0.498047 0.18457 0.453125 0.000339031
8 0.909668 0.80957 0.0595703 0.046875 0.000342131
2 0.655273 0.515625 0.00976562 0.0175781 0.000342846
3 0.793457 0.473633 0.329102 0.447266 0.000349522
9 0.231445 0.830078 0.400391 0.3125 0.000357389
11 0.732422 0.208496 0.232422 0.108398 0.000358582
9 0.875488 0.624512 0.102539 0.0693359 0.000359535
9 0.443359 0.404785 0.0253906 0.0419922 0.000359535
9 0.728027 0.835449 0.543945 0.293945 0.000362396
7 0.811523 0.633789 0.291016 0.15625 0.000371218
5 0.617188 0.635742 0.46875 0.162109 0.000382423
7 0.873535 0.618164 0.106445 0.0625 0.000390768
13 0.882324 0.633301 0.116211 0.0791016 0.000394344
11 0.69043 0.180664 0.171875 0.0410156 0.000397205
5 0.246582 0.527344 0.106445 0.046875 0.000399113
5 0.222656 0.32959 0.121094 0.131836 0.000403166
6 0.776855 0.46875 0.354492 0.478516 0.000404835
6 0.813477 0.608398 0.261719 0.164062 0.000407934
11 0.277344 0.207031 0.078125 0.0488281 0.000421524
0 0.617188 0.635742 0.46875 0.162109 0.000424385
13 0.323242 0.42041 0.150391 0.0869141 0.000430822
10 0.617188 0.635742 0.46875 0.162109 0.000434637
8 0.215332 0.34082 0.0146484 0.0136719 0.000436306
5 0.257324 0.526367 0.165039 0.134766 0.00044775
9 0.174316 0.161621 0.0244141 0.0283203 0.000462055
5 0.325195 0.598633 0.134766 0.119141 0.000467062
4 0.59668 0.345215 0.134766 0.133789 0.000468731
6 0.864258 0.622559 0.105469 0.0732422 0.000472069
7 0.904297 0.63623 0.117188 0.129883 0.000474215
11 0.375977 0.195801 0.132812 0.0322266 0.000475883
11 0.614258 0.193848 0.0800781 0.0517578 0.000477314
13 0.279297 0.464844 0.273438 0.423828 0.000480652
7 0.597656 0.347656 0.130859 0.134766 0.000487804
5 0.90918 0.630371 0.103516 0.125977 0.00049305
13 0.237305 0.307617 0.0859375 0.078125 0.000497341
11 0.316406 0.204102 0.201172 0.0898438 0.000497818
3 0.613281 0.578613 0.474609 0.293945 0.000499249
2 0.440918 0.397461 0.0146484 0.0292969 0.000505924
2 0.631836 0.32666 0.0332031 0.0478516 0.000514507
13 0.740723 0.420898 0.124023 0.0839844 0.000519276
8 0.76416 0.26709 0.0244141 0.0185547 0.000543118
13 0.85791 0.608887 0.0732422 0.0634766 0.000551224
13 0.223633 0.329102 0.119141 0.130859 0.000551701
8 0.26416 0.305664 0.0126953 0.0117188 0.000576496
13 0.325195 0.598633 0.134766 0.119141 0.000587463
8 0.626465 0.344727 0.0283203 0.0253906 0.000591755
11 0.400879 0.186523 0.0908203 0.0234375 0.000597
13 0.828613 0.277344 0.0791016 0.0742188 0.000597477
9 0.552734 0.382812 0.25 0.208984 0.000603199
8 0.689453 0.268555 0.0546875 0.0507812 0.000614166
11 0.955078 0.715332 0.0429688 0.0693359 0.000627518
8 0.651855 0.303223 0.0166016 0.0146484 0.000638008
6 0.262695 0.48584 0.298828 0.416992 0.000644684
11 0.750977 0.19043 0.109375 0.0644531 0.00066185
8 0.822754 0.271484 0.0224609 0.0175781 0.000671864
2 0.633301 0.342285 0.0205078 0.0185547 0.000672817
6 0.598145 0.352051 0.131836 0.143555 0.000678539
6 0.836426 0.52002 0.211914 0.331055 0.000684261
12 0.597656 0.347656 0.130859 0.134766 0.000712395
9 0.268555 0.589355 0.253906 0.15332 0.00075388
9 0.907227 0.808594 0.0546875 0.0488281 0.000761032
6 0.325195 0.598633 0.134766 0.119141 0.000769615
9 0.85498 0.544434 0.178711 0.270508 0.000778675
13 0.441895 0.40332 0.0224609 0.0410156 0.00078392
9 0.262695 0.48584 0.298828 0.416992 0.000784397
13 0.234863 0.527832 0.0849609 0.0400391 0.000816345
13 0.217285 0.287598 0.0439453 0.0283203 0.000856876
5 0.598145 0.352051 0.131836 0.143555 0.000902176
11 0.658203 0.178223 0.0996094 0.0263672 0.000910282
10 0.597168 0.351562 0.133789 0.142578 0.000950813
0 0.59375 0.316406 0.109375 0.0703125 0.000954151
13 0.268555 0.589355 0.253906 0.15332 0.00100708
1 0.597656 0.347656 0.130859 0.134766 0.00102425
7 0.290527 0.587402 0.194336 0.15332 0.00103092
8 0.249023 0.48584 0.0117188 0.0107422 0.00105572
8 0.36377 0.620605 0.0419922 0.0341797 0.00106907
9 0.616211 0.635742 0.466797 0.140625 0.00114822
8 0.597656 0.347656 0.130859 0.134766 0.00118732
11 0.385254 0.178223 0.100586 0.0263672 0.001194
7 0.326172 0.606445 0.128906 0.0996094 0.00123024
9 0.808105 0.475098 0.270508 0.418945 0.00125408
13 0.866699 0.615234 0.170898 0.158203 0.00147247
6 0.268555 0.589355 0.253906 0.15332 0.00149059
11 0.599121 0.339844 0.125977 0.123047 0.00151253
13 0.835938 0.287109 0.0507812 0.0449219 0.00152779
0 0.613281 0.349609 0.0820312 0.078125 0.00180721
11 0.94873 0.688965 0.0517578 0.102539 0.00186825
10 0.950195 0.700684 0.0527344 0.0869141 0.00187397
11 0.331543 0.196289 0.165039 0.0429688 0.00191307
13 0.23291 0.289062 0.0791016 0.0390625 0.00205421
8 0.260742 0.307617 0.00976562 0.00976562 0.00214958
9 0.868164 0.614258 0.142578 0.125 0.00218201
8 0.780273 0.501465 0.0136719 0.0126953 0.00222206
5 0.262695 0.354492 0.220703 0.201172 0.00237083
5 0.812012 0.630859 0.286133 0.166016 0.00258064
2 0.626953 0.343262 0.046875 0.0419922 0.00300026
9 0.597656 0.347656 0.130859 0.134766 0.00309372
9 0.397949 0.0947266 0.0361328 0.0332031 0.00324249
7 0.865234 0.603027 0.144531 0.129883 0.00347137
13 0.599121 0.339844 0.125977 0.123047 0.00388718
2 0.442871 0.40332 0.0224609 0.0410156 0.00398636
5 0.86084 0.611328 0.118164 0.0898438 0.00415802
13 0.873535 0.624512 0.0849609 0.0478516 0.00424194
3 0.597168 0.351562 0.133789 0.142578 0.00426483
11 0.632324 0.182617 0.0849609 0.03125 0.00494766
13 0.861328 0.611328 0.119141 0.0878906 0.00574112
6 0.866699 0.603516 0.145508 0.130859 0.00615311
2 0.62207 0.340332 0.0722656 0.0830078 0.00782013
2 0.626465 0.344727 0.0283203 0.0253906 0.00884247
5 0.254395 0.587891 0.250977 0.179688 0.00976562
11 0.36377 0.185059 0.137695 0.0322266 0.010582
2 0.605957 0.340332 0.12207 0.120117 0.0123062
5 0.259277 0.492676 0.28418 0.416992 0.0143051
9 0.928711 0.115234 0.0546875 0.0507812 0.0178833
5 0.779785 0.466797 0.325195 0.480469 0.02034
0 0.55127 0.370117 0.241211 0.179688 0.0212708
5 0.868164 0.604492 0.164062 0.164062 0.0297394
5 0.836426 0.52002 0.211914 0.331055 0.0449219
3 0.615723 0.637207 0.46582 0.131836 0.207275
0 0.59668 0.346191 0.134766 0.129883 0.604492
