11 0.473145 0.162109 0.0498047 0.03125 0.000102758
4 0.814453 0.55127 0.130859 0.19043 0.000104487
10 0.00683594 0.169434 0.0136719 0.0498047 0.00010705
13 0.8125 0.595703 0.0800781 0.109375 0.000107467
0 0.550293 0.293457 0.139648 0.104492 0.000107884
13 0.993164 0.164062 0.00976562 0.0332031 0.000108063
9 0.529297 0.974609 0.236328 0.0507812 0.000108421
11 0.473145 0.145508 0.0458984 0.0234375 0.000110149
9 0.676758 0.234863 0.015625 0.0146484 0.000111163
0 0.373535 0.880371 0.364258 0.239258 0.000111341
0 0.898926 0.439941 0.202148 0.30957 0.000111699
5 0.753906 0.501465 0.246094 0.286133 0.000111997
10 0.171387 0.669434 0.0224609 0.0322266 0.000116229
8 0.893555 0.178711 0.046875 0.0410156 0.000116408
13 0.817871 0.629883 0.0400391 0.03125 0.000117242
9 0.583496 0.459961 0.307617 0.419922 0.000117362
11 0.171387 0.669434 0.0224609 0.0322266 0.000118673
5 0.286621 0.504883 0.15332 0.166016 0.000122666
9 0.637207 0.791992 0.563477 0.416016 0.000123024
7 0.819336 0.632324 0.0351562 0.0263672 0.000124216
11 0.719238 0.162109 0.0615234 0.0449219 0.000125408
13 0.238281 0.568359 0.0585938 0.0292969 0.00012958
13 0.494141 0.264648 0.0429688 0.166016 0.000130892
9 0.248535 0.0385742 0.46582 0.0771484 0.00013411
2 0.643555 0.57373 0.0351562 0.0654297 0.00013423
11 0.413086 0.142578 0.0996094 0.0292969 0.000134706
13 0.399902 0.256836 0.141602 0.173828 0.000137329
0 0.540527 0.366211 0.170898 0.263672 0.000137448
3 0.86084 0.366211 0.27832 0.441406 0.000137687
8 0.283691 0.51123 0.0126953 0.0126953 0.000138879
8 0.318359 0.246094 0.0253906 0.0214844 0.000141144
3 0.0458984 0.555664 0.0917969 0.226562 0.000142574
7 0.399902 0.558594 0.0576172 0.0488281 0.00014329
11 0.363281 0.162598 0.0898438 0.0654297 0.000145435
3 0.165039 0.666992 0.330078 0.375 0.000145555
9 0.817871 0.60791 0.0830078 0.106445 0.000147343
7 0.819824 0.59082 0.0927734 0.115234 0.000156641
11 0.00439453 0.169434 0.00878906 0.0380859 0.000161529
3 0.927734 0.270996 0.128906 0.241211 0.00016427
2 0.817871 0.629883 0.0400391 0.03125 0.00016439
9 0.503906 0.316895 0.0371094 0.0341797 0.000164509
8 0.455566 0.379883 0.0146484 0.015625 0.000165343
13 0.390625 0.249023 0.0195312 0.0488281 0.000170827
11 0.640137 0.175781 0.0732422 0.015625 0.00017345
9 0.863281 0.98291 0.107422 0.0322266 0.000174999
9 0.816895 0.616699 0.0498047 0.0576172 0.000177145
0 0.587891 0.286621 0.0683594 0.0810547 0.000177741
13 0.654785 0.400879 0.0634766 0.0498047 0.000179887
11 0.87207 0.671875 0.0585938 0.0996094 0.000181913
11 0.612793 0.145996 0.0537109 0.0263672 0.000182152
0 0.889648 0.333984 0.220703 0.3125 0.000186682
11 0.631836 0.141602 0.0839844 0.0273438 0.000190735
9 0.654785 0.403809 0.0634766 0.0517578 0.000193834
9 0.505859 0.51709 0.148438 0.311523 0.000194788
2 0.654785 0.403809 0.0634766 0.0517578 0.000205874
13 0.643555 0.57373 0.0332031 0.0634766 0.000216007
9 0.323242 0.639648 0.0390625 0.0332031 0.000222087
8 0.658691 0.481445 0.0244141 0.0253906 0.000225067
9 0.524902 0.269043 0.133789 0.28418 0.000228047
3 0.317871 0.0922852 0.635742 0.168945 0.000230908
10 0.87207 0.671875 0.0585938 0.0996094 0.000231147
3 0.925781 0.377441 0.148438 0.256836 0.00023222
7 0.817871 0.62207 0.0478516 0.046875 0.000238061
8 0.398438 0.525879 0.00976562 0.00878906 0.000241756
3 0.567383 0.98291 0.375 0.0341797 0.000254869
8 0.653809 0.402832 0.0615234 0.0498047 0.000257492
3 0.169434 0.501465 0.338867 0.305664 0.000265598
13 0.300293 0.467285 0.125977 0.0849609 0.000277042
3 0.227051 0.196777 0.454102 0.295898 0.000277281
9 0.400391 0.561035 0.0625 0.0439453 0.0002985
3 0.529785 0.991211 0.206055 0.0175781 0.000312328
13 0.84375 0.214355 0.105469 0.0224609 0.000319242
11 0.448242 0.160156 0.0878906 0.0390625 0.000320911
0 0.893555 0.178711 0.046875 0.0410156 0.000342846
8 0.414062 0.508789 0.0273438 0.0234375 0.000346184
6 0.805664 0.538086 0.144531 0.216797 0.000353336
9 0.583496 0.546875 0.303711 0.171875 0.000355244
9 0.88916 0.98584 0.0556641 0.0283203 0.000390291
9 0.520508 0.986328 0.177734 0.0273438 0.000427723
11 0.733887 0.169434 0.0517578 0.0400391 0.000442266
11 0.461914 0.140137 0.0488281 0.0185547 0.000457048
11 0.33252 0.176758 0.0634766 0.0546875 0.000492573
13 0.644531 0.560547 0.0507812 0.0996094 0.000507355
3 0.88623 0.304688 0.227539 0.259766 0.000516415
11 0.437988 0.149414 0.0595703 0.0175781 0.000521183
8 0.283691 0.510742 0.00878906 0.0078125 0.000621319
13 0.825684 0.612793 0.0634766 0.0615234 0.000628471
13 0.257812 0.435547 0.0527344 0.0273438 0.00070715
8 0.323242 0.639648 0.0371094 0.0332031 0.000720978
8 0.399902 0.55957 0.0615234 0.0507812 0.000778675
9 0.817871 0.629883 0.0400391 0.03125 0.000937462
11 0.462891 0.151855 0.0625 0.0322266 0.000945091
8 0.819336 0.632324 0.0351562 0.0263672 0.00100613
9 0.814453 0.554199 0.130859 0.19043 0.00112915
10 0.178223 0.662598 0.0283203 0.0380859 0.00126266
11 0.178223 0.662598 0.0283203 0.0380859 0.00129414
5 0.805664 0.538086 0.144531 0.216797 0.00132847
11 0.390625 0.160645 0.134766 0.0400391 0.00136757
8 0.677734 0.234863 0.015625 0.0146484 0.00144005
10 0.880859 0.664062 0.0410156 0.0625 0.00164509
11 0.880859 0.664062 0.0410156 0.0625 0.00176334
7 0.812988 0.550781 0.135742 0.195312 0.00189781
9 0.288086 0.0766602 0.576172 0.149414 0.0020237
9 0.53125 0.416504 0.142578 0.438477 0.00227928
11 0.446289 0.144043 0.0839844 0.0244141 0.00235939
13 0.280273 0.447266 0.0957031 0.0527344 0.00310898
11 0.348145 0.167969 0.0615234 0.0429688 0.00373077
3 0.602051 0.550293 0.342773 0.147461 0.0066452
11 0.424316 0.152344 0.112305 0.0273438 0.0116348
