11 0.590332 0.124023 0.0673828 0.115234 0.000100136
13 0.342285 0.191406 0.0361328 0.0488281 0.000101268
8 0.787109 0.167969 0.0488281 0.0332031 0.000104487
9 0.558105 0.36084 0.0556641 0.0478516 0.000109553
13 0.345215 0.300293 0.0966797 0.102539 0.000109911
8 0.108398 0.703613 0.00976562 0.00878906 0.000112057
10 0.0253906 0.362305 0.0507812 0.212891 0.000112653
9 0.443359 0.368164 0.0273438 0.0332031 0.00011456
9 0.702637 0.224609 0.139648 0.193359 0.000117064
13 0.635254 0.153809 0.137695 0.172852 0.000119269
9 0.452637 0.36377 0.0908203 0.188477 0.000120401
0 0.536621 0.328613 0.125977 0.21582 0.000125885
5 0.835449 0.677734 0.18457 0.208984 0.000126243
9 0.638184 0.51709 0.0302734 0.0322266 0.000132203
13 0.276855 0.313477 0.139648 0.09375 0.000132799
11 0.668945 0.0639648 0.0507812 0.0146484 0.000133395
11 0.365723 0.0786133 0.0595703 0.0205078 0.000133991
9 0.776367 0.166992 0.0253906 0.0234375 0.000138164
9 0.228027 0.287598 0.116211 0.0771484 0.000142217
11 0.620605 0.0737305 0.0517578 0.0263672 0.00014782
13 0.69873 0.253906 0.0673828 0.0976562 0.000147939
13 0.737305 0.249023 0.234375 0.263672 0.000148177
11 0.345703 0.09375 0.154297 0.0625 0.000148654
8 0.330566 0.597656 0.0107422 0.00976562 0.00014925
2 0.702637 0.244629 0.135742 0.194336 0.000149727
13 0.321777 0.248535 0.108398 0.143555 0.000150681
11 0.38916 0.0795898 0.0517578 0.0185547 0.0001508
3 0.583008 0.605469 0.496094 0.28125 0.000153661
13 0.664062 0.160645 0.0996094 0.0947266 0.000153899
11 0.645996 0.0957031 0.0947266 0.0703125 0.000156164
13 0.358887 0.177246 0.131836 0.15332 0.000170469
7 0.228027 0.287598 0.116211 0.0771484 0.000173688
13 0.760742 0.324219 0.0625 0.03125 0.000175357
11 0.714844 0.0698242 0.0488281 0.0263672 0.000175714
13 0.251465 0.255859 0.172852 0.132812 0.000178099
5 0.235352 0.472168 0.320312 0.512695 0.000184774
9 0.82959 0.605469 0.137695 0.238281 0.000185728
8 0.770508 0.359863 0.0117188 0.0107422 0.000187635
11 0.646484 0.0629883 0.0605469 0.0185547 0.000187755
13 0.628418 0.106934 0.0595703 0.0751953 0.000188828
13 0.64502 0.355469 0.0791016 0.0898438 0.000191331
13 0.760254 0.175293 0.0673828 0.0419922 0.000194311
13 0.706055 0.157227 0.0488281 0.0722656 0.000194788
5 0.803711 0.519531 0.208984 0.341797 0.000199676
13 0.739258 0.333008 0.185547 0.101562 0.00021553
5 0.16748 0.637207 0.180664 0.262695 0.000216484
8 0.144531 0.638184 0.0117188 0.0107422 0.000219703
13 0.811035 0.381348 0.0869141 0.0419922 0.000220895
11 0.399902 0.0966797 0.0810547 0.0566406 0.000228643
10 0.0639648 0.81543 0.0400391 0.0664062 0.000244379
6 0.227539 0.287598 0.113281 0.0751953 0.000247002
8 0.76123 0.607422 0.0126953 0.0117188 0.00024724
13 0.741699 0.271484 0.15918 0.140625 0.000258446
13 0.800781 0.308594 0.0957031 0.0371094 0.000263453
11 0.0639648 0.811523 0.0419922 0.0683594 0.000279427
13 0.292969 0.280273 0.183594 0.109375 0.000287533
11 0.612793 0.0981445 0.0849609 0.0771484 0.000295162
5 0.227539 0.287598 0.113281 0.0751953 0.000298262
13 0.661133 0.319824 0.09375 0.147461 0.000303507
13 0.774414 0.16748 0.0292969 0.0244141 0.000304461
13 0.646484 0.370605 0.0507812 0.0361328 0.000304699
13 0.634766 0.0883789 0.0820312 0.0576172 0.000306368
13 0.650879 0.0698242 0.124023 0.0263672 0.000312805
11 0.386719 0.0727539 0.0742188 0.0205078 0.000315666
9 0.487305 0.48291 0.189453 0.553711 0.000327349
9 0.524414 0.318848 0.162109 0.237305 0.000333309
13 0.681641 0.276367 0.0527344 0.0878906 0.00034976
13 0.680176 0.20166 0.0908203 0.155273 0.000351667
11 0.932129 0.82959 0.0302734 0.0439453 0.000355721
13 0.775879 0.325684 0.12207 0.0654297 0.000357866
11 0.324219 0.0800781 0.0722656 0.0253906 0.000360012
7 0.552734 0.288086 0.103516 0.107422 0.000387192
13 0.347656 0.170898 0.0644531 0.078125 0.000400066
11 0.727051 0.0800781 0.0673828 0.0429688 0.000422239
13 0.73584 0.180664 0.0869141 0.0703125 0.000445366
10 0.932129 0.830078 0.0302734 0.0449219 0.000451565
13 0.668945 0.209473 0.15625 0.217773 0.000452757
13 0.297363 0.223145 0.192383 0.19043 0.000463247
8 0.553223 0.288086 0.102539 0.107422 0.000463963
8 0.660156 0.476562 0.0429688 0.0292969 0.00048089
11 0.380371 0.081543 0.120117 0.0458984 0.000490189
11 0.260742 0.105469 0.0703125 0.046875 0.0005126
11 0.242188 0.115723 0.0664062 0.0498047 0.000527859
13 0.778809 0.550781 0.0771484 0.0253906 0.000552177
11 0.40625 0.0756836 0.0683594 0.0205078 0.00058794
11 0.601562 0.0869141 0.0585938 0.0449219 0.000593185
13 0.719727 0.192383 0.115234 0.117188 0.000637531
11 0.41748 0.0864258 0.0693359 0.0302734 0.000677109
13 0.14502 0.410645 0.100586 0.0263672 0.000736713
13 0.78125 0.316895 0.0898438 0.0361328 0.000786781
11 0.628906 0.0649414 0.0800781 0.0283203 0.000813961
11 0.652832 0.059082 0.104492 0.0244141 0.000819206
5 0.190918 0.549316 0.206055 0.327148 0.000870228
8 0.776367 0.166992 0.0253906 0.0234375 0.000902653
13 0.693359 0.288574 0.142578 0.182617 0.00102711
11 0.669434 0.065918 0.0751953 0.0224609 0.00122356
9 0.479004 0.355469 0.145508 0.300781 0.00130272
13 0.695312 0.173828 0.0859375 0.0898438 0.00134182
11 0.288086 0.0917969 0.0703125 0.046875 0.0015049
11 0.342285 0.0756836 0.0732422 0.0205078 0.00164604
11 0.671875 0.0795898 0.154297 0.0458984 0.00175667
13 0.243164 0.29248 0.134766 0.0810547 0.00177002
13 0.124023 0.40918 0.0664062 0.0175781 0.00191784
11 0.695801 0.0678711 0.0615234 0.0224609 0.00200653
11 0.324707 0.0825195 0.104492 0.0400391 0.00201607
9 0.553223 0.288086 0.102539 0.107422 0.00206184
13 0.680664 0.274414 0.0820312 0.126953 0.00210762
5 0.82959 0.605469 0.137695 0.238281 0.00256729
13 0.702148 0.240234 0.103516 0.171875 0.00305176
11 0.617188 0.0761719 0.078125 0.0390625 0.00406647
0 0.551758 0.289062 0.107422 0.103516 0.00546265
11 0.0673828 0.81543 0.03125 0.0390625 0.00548553
10 0.0683594 0.814941 0.03125 0.0361328 0.00571442
11 0.700195 0.0722656 0.09375 0.0371094 0.00671768
11 0.387207 0.0810547 0.0830078 0.0292969 0.00772858
11 0.353027 0.078125 0.137695 0.0253906 0.0267639
11 0.665527 0.0683594 0.12793 0.0292969 0.036499
