4 0.663574 0.513672 0.301758 0.388672 0.00032115
8 0.778809 0.535645 0.0673828 0.0595703 0.000323534
11 0.324219 0.265625 0.113281 0.0878906 0.000324488
6 0.279785 0.450195 0.188477 0.115234 0.000330925
0 0.556641 0.348145 0.162109 0.114258 0.000331402
9 0.0581055 0.637207 0.0380859 0.198242 0.000337601
9 0.75293 0.441406 0.109375 0.144531 0.000339985
11 0.790039 0.14502 0.396484 0.258789 0.000342131
7 0.129883 0.643555 0.0488281 0.152344 0.000349045
6 0.384766 0.228516 0.09375 0.09375 0.000350952
2 0.618652 0.225098 0.186523 0.0849609 0.000351429
10 0.818359 0.660645 0.0429688 0.0771484 0.000353098
10 0.753418 0.516602 0.116211 0.0839844 0.000355005
9 0.151855 0.597168 0.0888672 0.209961 0.000356674
10 0.819824 0.571289 0.0341797 0.0703125 0.00036025
0 0.618652 0.225098 0.186523 0.0849609 0.000366926
6 0.790039 0.14502 0.396484 0.258789 0.000369787
13 0.686523 0.475098 0.236328 0.19043 0.000370502
11 0.770996 0.531738 0.110352 0.118164 0.000373363
1 0.771484 0.505859 0.0742188 0.0351562 0.000376225
9 0.632812 0.513184 0.355469 0.348633 0.000377893
10 0.178711 0.623047 0.105469 0.152344 0.000380516
6 0.68457 0.472168 0.171875 0.0810547 0.000380516
13 0.740723 0.491211 0.0498047 0.0292969 0.000383377
10 0.126465 0.691895 0.0498047 0.0966797 0.000384092
9 0.21875 0.421875 0.0664062 0.0371094 0.00038743
9 0.805176 0.592773 0.0556641 0.138672 0.000395536
7 0.197266 0.660156 0.0605469 0.0761719 0.000397921
1 0.179199 0.62207 0.112305 0.150391 0.000401497
7 0.69873 0.52832 0.161133 0.125 0.000410557
7 0.279785 0.450195 0.188477 0.115234 0.000422716
10 0.733398 0.492188 0.144531 0.0644531 0.000424385
3 0.590332 0.587891 0.243164 0.144531 0.000424623
7 0.143066 0.59668 0.0673828 0.205078 0.000426769
9 0.0693359 0.528809 0.0390625 0.0400391 0.000428438
12 0.35791 0.214355 0.147461 0.0654297 0.00043273
9 0.721191 0.387695 0.206055 0.269531 0.000433683
1 0.369141 0.20752 0.117188 0.0478516 0.00043416
13 0.10791 0.227539 0.0478516 0.015625 0.00043416
8 0.246582 0.480957 0.0107422 0.0107422 0.00043726
13 0.599609 0.206055 0.146484 0.0351562 0.000439167
7 0.376953 0.26709 0.183594 0.186523 0.000439644
0 0.709961 0.51416 0.205078 0.137695 0.000454426
11 0.137207 0.583984 0.0458984 0.224609 0.000463486
2 0.384277 0.253418 0.106445 0.137695 0.000463486
9 0.400391 0.325195 0.0683594 0.154297 0.000466108
8 0.382812 0.236816 0.0996094 0.110352 0.000467062
10 0.804199 0.562012 0.0380859 0.0400391 0.000467062
8 0.777344 0.507812 0.0546875 0.0273438 0.0004673
12 0.716797 0.507812 0.1875 0.107422 0.000473976
8 0.258301 0.618652 0.0107422 0.0107422 0.000478029
5 0.179199 0.62207 0.112305 0.150391 0.000479698
10 0.785156 0.657227 0.117188 0.152344 0.000483513
9 0.131836 0.619141 0.0488281 0.181641 0.000489235
1 0.211914 0.413574 0.0488281 0.0166016 0.000495911
11 0.617676 0.254883 0.198242 0.15625 0.000500679
6 0.213867 0.42041 0.0585938 0.0302734 0.00050211
9 0.756348 0.501953 0.102539 0.046875 0.0005126
5 0.762695 0.519043 0.109375 0.0830078 0.000514507
11 0.179199 0.62207 0.112305 0.150391 0.000515938
3 0.618652 0.225098 0.186523 0.0849609 0.000519276
6 0.132812 0.106934 0.265625 0.200195 0.000519753
13 0.357422 0.208984 0.140625 0.0488281 0.00052309
9 0.78418 0.54541 0.0605469 0.0458984 0.000525951
9 0.67627 0.64502 0.313477 0.170898 0.00053215
7 0.674805 0.47168 0.171875 0.0761719 0.000532627
13 0.269531 0.475586 0.179688 0.15625 0.000539303
10 0.339844 0.224121 0.173828 0.0869141 0.000545025
7 0.723633 0.491699 0.148438 0.0537109 0.000548363
13 0.202148 0.431152 0.0585938 0.0537109 0.000551701
11 0.56543 0.197754 0.105469 0.0361328 0.000552654
9 0.472168 0.430176 0.209961 0.260742 0.000556469
9 0.665527 0.466797 0.25293 0.171875 0.000561714
3 0.505371 0.666016 0.547852 0.169922 0.000568867
11 0.333496 0.20459 0.0712891 0.0361328 0.000576496
6 0.561035 0.380371 0.15332 0.108398 0.000577927
8 0.316406 0.567871 0.216797 0.249023 0.000582218
0 0.459961 0.366211 0.175781 0.132812 0.000583649
11 0.777832 0.591797 0.12207 0.195312 0.000596046
10 0.709961 0.51416 0.199219 0.137695 0.000598431
3 0.209961 0.186035 0.419922 0.325195 0.000600815
9 0.376953 0.26709 0.183594 0.186523 0.000609398
11 0.817383 0.646973 0.0429688 0.0830078 0.000610828
1 0.602539 0.206543 0.142578 0.0361328 0.000612736
11 0.571289 0.236328 0.126953 0.101562 0.000616074
0 0.57959 0.431152 0.194336 0.227539 0.000627041
1 0.745117 0.496094 0.117188 0.0546875 0.000629425
3 0.48877 0.407715 0.268555 0.147461 0.000635624
5 0.561035 0.380371 0.15332 0.108398 0.0006423
0 0.565918 0.375977 0.0634766 0.0820312 0.00064373
12 0.561035 0.380371 0.15332 0.108398 0.000644684
12 0.614746 0.225098 0.19043 0.0888672 0.000644684
10 0.798828 0.572266 0.0507812 0.078125 0.000650883
8 0.368652 0.401367 0.0166016 0.015625 0.000666142
8 0.751465 0.52002 0.124023 0.0947266 0.000669956
1 0.692871 0.485352 0.198242 0.0917969 0.000675201
9 0.560059 0.242188 0.106445 0.117188 0.000675678
9 0.225586 0.436523 0.0820312 0.078125 0.000677109
6 0.3125 0.567383 0.212891 0.259766 0.000683308
13 0.614746 0.225098 0.19043 0.0888672 0.000696182
10 0.67041 0.649414 0.321289 0.166016 0.000702381
13 0.79541 0.53418 0.0439453 0.0644531 0.000704765
13 0.201172 0.47998 0.0546875 0.0224609 0.000705242
9 0.432617 0.309082 0.152344 0.229492 0.000705719
11 0.804199 0.562012 0.0380859 0.0400391 0.00070715
12 0.392578 0.269043 0.0859375 0.174805 0.000722408
13 0.131348 0.109375 0.254883 0.205078 0.000724792
7 0.213867 0.42041 0.0585938 0.0302734 0.000725269
7 0.810059 0.577148 0.0400391 0.0761719 0.000730515
8 0.278809 0.513672 0.0283203 0.0214844 0.000732422
10 0.785645 0.529297 0.0693359 0.0761719 0.000749588
11 0.745117 0.502441 0.125 0.0693359 0.000749588
8 0.266113 0.649902 0.0126953 0.0126953 0.000750065
4 0.384766 0.228516 0.09375 0.09375 0.00075388
7 0.223633 0.439941 0.0742188 0.0732422 0.000758648
7 0.602539 0.206543 0.142578 0.0361328 0.000790119
10 0.614746 0.225098 0.19043 0.0888672 0.000812054
7 0.665527 0.486328 0.272461 0.230469 0.000814915
7 0.795898 0.555664 0.0429688 0.03125 0.000832558
4 0.566895 0.379883 0.124023 0.101562 0.000835896
13 0.750488 0.133789 0.428711 0.232422 0.000842094
13 0.344238 0.224121 0.170898 0.0927734 0.000843048
13 0.782227 0.499512 0.0488281 0.0263672 0.000845432
8 0.701172 0.490234 0.205078 0.103516 0.00084734
13 0.287109 0.428711 0.191406 0.119141 0.000860691
10 0.112305 0.73291 0.046875 0.0556641 0.000871181
3 0.715332 0.54248 0.208008 0.178711 0.000874519
13 0.241211 0.409668 0.115234 0.0478516 0.000879288
9 0.500977 0.384766 0.253906 0.136719 0.000892162
11 0.19873 0.681641 0.0458984 0.0390625 0.000892639
4 0.3125 0.567383 0.212891 0.259766 0.00089407
8 0.664062 0.510742 0.0292969 0.0273438 0.000899315
6 0.223145 0.44043 0.0732422 0.0761719 0.000907898
4 0.779785 0.527344 0.0791016 0.0742188 0.000932693
7 0.343262 0.486816 0.0986328 0.106445 0.000942707
11 0.129883 0.643555 0.0488281 0.152344 0.000963211
9 0.614746 0.225098 0.19043 0.0888672 0.000964165
10 0.762695 0.579102 0.134766 0.179688 0.000979424
6 0.777344 0.507812 0.0546875 0.0273438 0.000982285
10 0.561035 0.380371 0.15332 0.108398 0.000982285
1 0.772461 0.525391 0.0957031 0.0800781 0.000982285
1 0.561035 0.380371 0.15332 0.108398 0.000989914
8 0.306641 0.307129 0.0117188 0.0146484 0.00101566
11 0.132324 0.723633 0.0693359 0.09375 0.00104237
10 0.810547 0.556641 0.0429688 0.0761719 0.00104713
13 0.215332 0.405273 0.0537109 0.0273438 0.00104713
11 0.211426 0.413086 0.0498047 0.0175781 0.00107193
6 0.211426 0.413086 0.0478516 0.015625 0.00108051
9 0.211914 0.413574 0.0488281 0.0166016 0.00108814
7 0.566895 0.379883 0.124023 0.101562 0.00109482
0 0.586914 0.359863 0.078125 0.0615234 0.00111485
7 0.756836 0.579102 0.144531 0.183594 0.00112724
6 0.756348 0.501953 0.102539 0.046875 0.00113964
2 0.748047 0.51123 0.125 0.0927734 0.00114918
11 0.800781 0.560059 0.0683594 0.135742 0.00115395
7 0.805176 0.592773 0.0556641 0.138672 0.0011816
9 0.775879 0.509277 0.0634766 0.0283203 0.00119114
13 0.208496 0.472656 0.0732422 0.0429688 0.00119209
11 0.771484 0.505859 0.0742188 0.0351562 0.00119495
10 0.800781 0.560059 0.0683594 0.135742 0.00121021
7 0.618164 0.221191 0.185547 0.0693359 0.00124359
9 0.604492 0.379883 0.0722656 0.0996094 0.00125694
7 0.39209 0.218262 0.0830078 0.0869141 0.00125885
7 0.560059 0.242188 0.106445 0.117188 0.00126553
11 0.806641 0.54541 0.046875 0.0849609 0.00129414
11 0.561035 0.380371 0.15332 0.108398 0.00132084
8 0.178711 0.625 0.107422 0.146484 0.0013361
1 0.342773 0.220703 0.169922 0.0722656 0.00136185
11 0.600586 0.206543 0.0761719 0.0244141 0.00136375
11 0.115234 0.735352 0.046875 0.0566406 0.00136566
13 0.185059 0.638672 0.0791016 0.132812 0.00137997
9 0.35791 0.214355 0.147461 0.0654297 0.00138092
13 0.756348 0.555176 0.141602 0.157227 0.00140285
10 0.137695 0.717773 0.0683594 0.0605469 0.00140667
7 0.797852 0.556152 0.0566406 0.0595703 0.00140858
2 0.561035 0.380371 0.15332 0.108398 0.00141621
13 0.561035 0.380371 0.15332 0.108398 0.00142765
13 0.384277 0.253418 0.106445 0.137695 0.00145435
2 0.706543 0.549316 0.227539 0.204102 0.00146389
7 0.497559 0.599609 0.598633 0.191406 0.00146484
7 0.400391 0.325195 0.0683594 0.154297 0.00153446
1 0.614746 0.225098 0.19043 0.0888672 0.00158501
12 0.497559 0.599609 0.598633 0.191406 0.00160885
5 0.69873 0.568848 0.245117 0.22168 0.00162601
5 0.716797 0.507812 0.1875 0.107422 0.00162697
9 0.69043 0.476562 0.177734 0.0742188 0.00167465
10 0.12207 0.72168 0.0605469 0.0957031 0.00168419
1 0.393555 0.272949 0.0800781 0.182617 0.00171661
7 0.756348 0.501953 0.102539 0.046875 0.00174046
7 0.664551 0.604492 0.311523 0.214844 0.00174332
13 0.768066 0.546875 0.0966797 0.0664062 0.00175762
0 0.678223 0.572754 0.286133 0.219727 0.00178623
11 0.126465 0.691895 0.0498047 0.0966797 0.00178623
10 0.795898 0.612305 0.0800781 0.154297 0.00180054
13 0.723145 0.48877 0.0498047 0.0302734 0.00180054
11 0.497559 0.599609 0.598633 0.191406 0.00180817
8 0.497559 0.599609 0.598633 0.191406 0.00180817
6 0.393555 0.276855 0.0839844 0.19043 0.00182629
1 0.497559 0.599609 0.598633 0.191406 0.00186539
11 0.395508 0.274902 0.0800781 0.18457 0.00187016
2 0.497559 0.599609 0.598633 0.191406 0.00187969
8 0.562988 0.377441 0.129883 0.100586 0.0018816
9 0.751465 0.52002 0.124023 0.0947266 0.00188446
6 0.497559 0.599609 0.598633 0.191406 0.00192356
11 0.785645 0.529297 0.0693359 0.0761719 0.00199699
4 0.178711 0.625 0.107422 0.146484 0.00200272
11 0.197754 0.683105 0.0283203 0.0205078 0.00202751
11 0.57373 0.214355 0.110352 0.0400391 0.00204468
11 0.811035 0.609863 0.0478516 0.110352 0.00204659
13 0.497559 0.599609 0.598633 0.191406 0.00209618
4 0.497559 0.599609 0.598633 0.191406 0.00209618
11 0.290039 0.236328 0.0878906 0.078125 0.00212097
4 0.751465 0.52002 0.124023 0.0947266 0.00218201
12 0.704102 0.553223 0.226562 0.217773 0.00219345
7 0.78418 0.54541 0.0605469 0.0458984 0.00220108
7 0.369629 0.208008 0.118164 0.0507812 0.00221062
7 0.211426 0.413086 0.0478516 0.015625 0.00221825
5 0.497559 0.599609 0.598633 0.191406 0.00224876
13 0.197754 0.664551 0.0400391 0.0576172 0.00225639
13 0.785645 0.51416 0.0654297 0.0439453 0.00227356
10 0.393066 0.272949 0.0810547 0.182617 0.00227737
11 0.669434 0.23291 0.104492 0.0771484 0.00229836
3 0.5625 0.381836 0.152344 0.109375 0.00240517
4 0.711426 0.491211 0.188477 0.0957031 0.00249672
13 0.785645 0.510742 0.0478516 0.0273438 0.00250626
9 0.779297 0.527344 0.078125 0.0742188 0.00250626
6 0.779785 0.52002 0.0693359 0.0576172 0.00255775
6 0.179199 0.62207 0.112305 0.150391 0.00256729
13 0.699707 0.479004 0.118164 0.0556641 0.00263405
13 0.748535 0.51416 0.106445 0.0791016 0.00274086
10 0.811035 0.627441 0.0498047 0.104492 0.00282288
0 0.497559 0.599609 0.598633 0.191406 0.00296211
9 0.3125 0.567383 0.212891 0.259766 0.00305557
11 0.650879 0.214355 0.100586 0.0556641 0.00324059
11 0.716797 0.507812 0.1875 0.107422 0.00328636
11 0.356445 0.239746 0.162109 0.131836 0.00328636
8 0.398438 0.27832 0.078125 0.193359 0.00330734
6 0.679199 0.571289 0.28418 0.207031 0.00340462
1 0.731445 0.505859 0.150391 0.09375 0.00364494
13 0.77832 0.543945 0.0625 0.0410156 0.00378609
13 0.795898 0.556152 0.0429688 0.0283203 0.00385475
2 0.72168 0.489746 0.166016 0.0712891 0.00387192
10 0.497559 0.599609 0.598633 0.191406 0.00387383
9 0.725586 0.496094 0.15625 0.0800781 0.00397873
13 0.708008 0.554199 0.224609 0.219727 0.00411606
9 0.497559 0.599609 0.598633 0.191406 0.00411987
7 0.776855 0.508301 0.0537109 0.0283203 0.00413895
11 0.386719 0.205078 0.0839844 0.0429688 0.00414658
13 0.248535 0.447754 0.124023 0.0947266 0.00423813
11 0.317383 0.21582 0.0859375 0.0546875 0.00458145
13 0.797852 0.556152 0.0566406 0.0595703 0.00525665
7 0.361328 0.23291 0.142578 0.0986328 0.00547028
11 0.697754 0.560059 0.241211 0.211914 0.00583267
9 0.562988 0.378418 0.131836 0.102539 0.00585938
9 0.178711 0.625 0.107422 0.146484 0.00595093
6 0.72168 0.489746 0.166016 0.0712891 0.00608063
11 0.811035 0.57959 0.0380859 0.0732422 0.00659943
1 0.697754 0.560059 0.241211 0.211914 0.00667191
9 0.709961 0.51416 0.205078 0.137695 0.00681305
3 0.383301 0.617676 0.334961 0.149414 0.00706863
7 0.3125 0.567383 0.212891 0.259766 0.00892639
4 0.393555 0.276855 0.0839844 0.19043 0.00965118
10 0.812012 0.589844 0.0458984 0.101562 0.00965881
11 0.386719 0.229492 0.0917969 0.09375 0.0104141
9 0.681641 0.571777 0.285156 0.208008 0.0105133
7 0.779297 0.527344 0.078125 0.0742188 0.0105133
6 0.748047 0.51123 0.125 0.0927734 0.0113144
10 0.69873 0.568848 0.245117 0.22168 0.0122375
3 0.565918 0.541992 0.463867 0.15625 0.0125122
13 0.226562 0.412598 0.0800781 0.0283203 0.0139618
13 0.722656 0.489746 0.0859375 0.0400391 0.0144043
7 0.751465 0.52002 0.124023 0.0947266 0.0153885
6 0.709961 0.51416 0.205078 0.137695 0.016098
8 0.70459 0.551758 0.227539 0.207031 0.0198669
0 0.517578 0.388672 0.242188 0.126953 0.0199127
13 0.692871 0.485352 0.198242 0.0917969 0.0200806
3 0.651855 0.647949 0.352539 0.161133 0.0205688
7 0.179199 0.62207 0.112305 0.150391 0.0223846
9 0.393066 0.272949 0.0810547 0.182617 0.0227356
13 0.757812 0.496094 0.09375 0.0351562 0.02388
10 0.121582 0.720215 0.0419922 0.0498047 0.025589
7 0.711426 0.491211 0.188477 0.0957031 0.0258484
13 0.215332 0.421875 0.0556641 0.0332031 0.0284424
11 0.326172 0.224609 0.150391 0.0742188 0.03125
11 0.122559 0.720215 0.0498047 0.0537109 0.0325928
4 0.70459 0.551758 0.227539 0.207031 0.0375061
11 0.623535 0.222656 0.178711 0.0722656 0.0397949
13 0.222656 0.438477 0.0722656 0.0703125 0.0418091
13 0.774902 0.524414 0.0791016 0.0722656 0.0542908
7 0.393066 0.272949 0.0810547 0.182617 0.0608826
11 0.352539 0.209961 0.134766 0.0449219 0.067749
13 0.771484 0.505859 0.0742188 0.0351562 0.083313
11 0.599609 0.206055 0.146484 0.0351562 0.0856323
13 0.722656 0.514648 0.183594 0.115234 0.0941162
7 0.706543 0.549316 0.227539 0.204102 0.116394
13 0.211914 0.413574 0.0488281 0.0166016 0.161621
3 0.660645 0.583008 0.31543 0.199219 0.200562
13 0.733398 0.492188 0.144531 0.0644531 0.392822
3 0.497559 0.600098 0.604492 0.19043 0.648438
0 0.565918 0.379883 0.118164 0.103516 0.65332
