9 0.51123 0.046875 0.112305 0.0898438 0.000114381
9 0.476562 0.366699 0.0820312 0.176758 0.000114441
9 0.479492 0.47998 0.167969 0.21582 0.000115573
9 0.290039 0.654297 0.154297 0.117188 0.000115991
2 0.192383 0.352051 0.0449219 0.0595703 0.000116527
13 0.942871 0.249512 0.110352 0.0791016 0.000117123
11 0.733887 0.270996 0.0517578 0.0380859 0.000118196
8 0.327637 0.556152 0.0146484 0.0126953 0.000118494
2 0.765625 0.719727 0.119141 0.0722656 0.000118792
12 0.977539 0.291016 0.0449219 0.101562 0.000118971
9 0.726074 0.563477 0.266602 0.408203 0.000119209
3 0.249023 0.935059 0.498047 0.129883 0.000120103
0 0.291504 0.26123 0.0986328 0.0498047 0.000120163
9 0.467285 0.472168 0.106445 0.137695 0.000120461
13 0.662109 0.54834 0.0332031 0.0224609 0.000120997
9 0.236328 0.737305 0.244141 0.0625 0.000121176
11 0.725586 0.311523 0.152344 0.179688 0.000123501
4 0.650391 0.736328 0.03125 0.0410156 0.000123739
3 0.294922 0.258301 0.0976562 0.0517578 0.000124454
11 0.699707 0.259277 0.0517578 0.0361328 0.000125527
11 0.768555 0.724121 0.111328 0.0576172 0.000126839
11 0.196289 0.381348 0.0878906 0.15918 0.000127435
9 0.706055 0.733398 0.152344 0.0566406 0.00012815
9 0.889648 0.254395 0.173828 0.0791016 0.000128627
9 0.308105 0.680176 0.0927734 0.0556641 0.000129461
13 0.774414 0.72168 0.0644531 0.0429688 0.000130653
11 0.314941 0.25 0.0595703 0.0410156 0.000130653
13 0.646973 0.707031 0.0576172 0.121094 0.000131607
13 0.350098 0.403809 0.165039 0.19043 0.000132799
11 0.413086 0.255859 0.0664062 0.0273438 0.000134587
11 0.575684 0.0112305 0.225586 0.0224609 0.000136495
2 0.344727 0.32666 0.0214844 0.0185547 0.000136495
2 0.782227 0.550293 0.0527344 0.0302734 0.000137329
8 0.192383 0.650879 0.0078125 0.00683594 0.000137568
13 0.644043 0.717285 0.0419922 0.0751953 0.000138044
9 0.72998 0.8125 0.34082 0.134766 0.000138283
6 0.649414 0.734863 0.0390625 0.0439453 0.000138402
6 0.277344 0.667969 0.166016 0.0957031 0.000138402
9 0.194336 0.34668 0.0546875 0.0722656 0.00013876
11 0.221191 0.311035 0.0537109 0.0458984 0.000141025
8 0.713867 0.546387 0.015625 0.0107422 0.000141144
13 0.780762 0.552246 0.0576172 0.0263672 0.000141382
1 0.257812 0.309082 0.173828 0.151367 0.000141859
13 0.109863 0.754395 0.0615234 0.0146484 0.000142097
7 0.768555 0.723633 0.111328 0.0585938 0.000142455
3 0.15918 0.17334 0.302734 0.274414 0.000143409
7 0.647949 0.73291 0.0634766 0.0537109 0.000144005
10 0.877441 0.883301 0.0576172 0.0908203 0.00014472
13 0.643555 0.476074 0.0878906 0.0908203 0.000145316
9 0.453125 0.473633 0.0371094 0.0292969 0.000146031
12 0.720703 0.26709 0.0898438 0.0537109 0.000147223
10 0.884766 0.824707 0.0507812 0.0732422 0.000147343
13 0.399414 0.650879 0.078125 0.110352 0.0001477
8 0.476562 0.37207 0.0429688 0.0488281 0.0001477
0 0.59082 0.487793 0.177734 0.21582 0.000148535
11 0.630371 0.245117 0.0595703 0.0136719 0.000149012
1 0.282227 0.273926 0.128906 0.0849609 0.000149727
0 0.495605 0.493652 0.180664 0.188477 0.000151753
13 0.961914 0.231445 0.0683594 0.0722656 0.000152826
1 0.513672 0.420898 0.189453 0.119141 0.000154495
5 0.513184 0.428223 0.194336 0.137695 0.000156879
8 0.313477 0.677734 0.0878906 0.0566406 0.000157356
9 0.67627 0.758789 0.0966797 0.0410156 0.000158668
8 0.723145 0.269043 0.0986328 0.0615234 0.000158787
0 0.574707 0.414551 0.22168 0.180664 0.000159502
9 0.462891 0.661133 0.205078 0.285156 0.000160336
13 0.165039 0.742676 0.162109 0.0517578 0.000162601
13 0.291504 0.26123 0.0986328 0.0498047 0.000162959
9 0.502441 0.335938 0.168945 0.244141 0.000164866
6 0.308105 0.680176 0.0927734 0.0556641 0.000166416
8 0.791016 0.661133 0.0175781 0.015625 0.000169754
8 0.275391 0.54541 0.0078125 0.00683594 0.000173688
12 0.513672 0.420898 0.189453 0.119141 0.000174284
9 0.312988 0.266113 0.198242 0.0908203 0.000175595
9 0.297852 0.348633 0.269531 0.232422 0.000177264
8 0.622559 0.495605 0.0205078 0.0185547 0.000177503
9 0.618164 0.753906 0.146484 0.0449219 0.000179172
9 0.293945 0.258789 0.0957031 0.0507812 0.000179887
7 0.234863 0.777832 0.336914 0.12793 0.000179887
13 0.367676 0.403809 0.0537109 0.0751953 0.000180364
8 0.591797 0.71582 0.0449219 0.046875 0.000180721
13 0.801758 0.420898 0.0566406 0.0292969 0.000181675
8 0.587402 0.290039 0.0341797 0.0566406 0.000184178
9 0.561035 0.32959 0.118164 0.200195 0.000184417
3 0.719727 0.268066 0.0957031 0.0556641 0.000184894
8 0.509766 0.429199 0.1875 0.135742 0.00018537
13 0.245117 0.59668 0.09375 0.03125 0.000185728
13 0.138184 0.756836 0.131836 0.0332031 0.000186205
12 0.294922 0.258301 0.0976562 0.0517578 0.000186801
0 0.571777 0.374512 0.100586 0.161133 0.000190258
2 0.647949 0.734863 0.0634766 0.0537109 0.000191927
9 0.192871 0.727539 0.0166016 0.0117188 0.000192046
13 0.867188 0.236816 0.150391 0.0830078 0.000194311
11 0.317383 0.293457 0.177734 0.110352 0.000195384
11 0.294434 0.328613 0.260742 0.176758 0.000195861
6 0.744629 0.696289 0.204102 0.134766 0.000196457
11 0.884766 0.824707 0.0507812 0.0732422 0.000198245
11 0.877441 0.883301 0.0576172 0.0908203 0.000200391
9 0.657227 0.731934 0.257812 0.120117 0.000201702
7 0.788086 0.637207 0.119141 0.208008 0.000202417
13 0.294434 0.475586 0.229492 0.107422 0.000203013
13 0.308594 0.677734 0.105469 0.0605469 0.000204086
10 0.509766 0.434082 0.189453 0.15332 0.000207424
13 0.509766 0.434082 0.189453 0.15332 0.000209928
8 0.831055 0.723633 0.0214844 0.0214844 0.000211
9 0.665039 0.270508 0.193359 0.0898438 0.00021112
9 0.257812 0.309082 0.173828 0.151367 0.000213385
11 0.184082 0.364258 0.0380859 0.0507812 0.000213861
11 0.400879 0.248047 0.0927734 0.046875 0.000219107
8 0.192871 0.727539 0.0166016 0.0117188 0.000224948
13 0.803223 0.740234 0.0947266 0.0429688 0.000225663
9 0.782227 0.550293 0.0527344 0.0302734 0.000228405
7 0.293945 0.258789 0.0957031 0.0507812 0.00022912
11 0.505371 0.0136719 0.143555 0.0273438 0.000230193
8 0.760254 0.558594 0.0263672 0.0175781 0.0002321
2 0.509766 0.429199 0.1875 0.135742 0.000232339
7 0.290039 0.654297 0.154297 0.117188 0.000233531
13 0.686035 0.727051 0.15332 0.0693359 0.000244856
9 0.474609 0.373535 0.0429688 0.0439453 0.000247002
9 0.761719 0.713379 0.128906 0.0810547 0.000248909
13 0.976562 0.264648 0.0429688 0.0722656 0.00025034
9 0.76709 0.624512 0.166992 0.245117 0.000251055
8 0.754883 0.5625 0.0195312 0.015625 0.000252008
11 0.335449 0.243164 0.0751953 0.03125 0.000258207
5 0.279785 0.636719 0.202148 0.169922 0.000259876
6 0.972656 0.283203 0.0546875 0.136719 0.000262022
12 0.225586 0.779297 0.314453 0.128906 0.000262022
5 0.773926 0.717773 0.114258 0.078125 0.000262737
6 0.773926 0.717773 0.114258 0.078125 0.000264168
5 0.770996 0.626465 0.155273 0.262695 0.000266314
11 0.208496 0.325195 0.0693359 0.0644531 0.000271797
9 0.660645 0.748047 0.0888672 0.0390625 0.000275373
9 0.345215 0.327148 0.0224609 0.0195312 0.000275612
8 0.429688 0.479004 0.0273438 0.0224609 0.000279427
1 0.977539 0.291016 0.0449219 0.101562 0.000281572
13 0.783691 0.68457 0.135742 0.113281 0.000283003
9 0.64502 0.737305 0.0498047 0.0488281 0.00028348
7 0.720215 0.686035 0.225586 0.163086 0.000287533
0 0.719727 0.268066 0.0957031 0.0556641 0.00028944
9 0.720703 0.26709 0.0898438 0.0537109 0.000291348
13 0.647949 0.734863 0.0634766 0.0537109 0.000294209
6 0.561035 0.676758 0.40332 0.166016 0.000295162
13 0.68457 0.431152 0.171875 0.19043 0.000296831
9 0.0517578 0.767578 0.0332031 0.0449219 0.00029707
11 0.599121 0.252441 0.0615234 0.0283203 0.000297308
8 0.648438 0.589355 0.0273438 0.0224609 0.000299931
13 0.277344 0.667969 0.166016 0.0957031 0.00030303
10 0.293945 0.258789 0.0957031 0.0507812 0.000310659
3 0.808594 0.243164 0.382812 0.404297 0.000310898
11 0.513672 0.420898 0.189453 0.119141 0.000316143
8 0.806152 0.535156 0.0166016 0.0175781 0.000317335
0 0.448242 0.467773 0.0585938 0.0742188 0.000317574
7 0.561035 0.676758 0.40332 0.166016 0.000317812
11 0.440918 0.473633 0.0478516 0.0351562 0.000325918
13 0.442871 0.47998 0.0595703 0.0693359 0.000326395
3 0.549805 0.616211 0.384766 0.335938 0.000329256
4 0.561035 0.676758 0.40332 0.166016 0.000330448
13 0.739746 0.713379 0.135742 0.0419922 0.000332832
11 0.757324 0.299805 0.120117 0.0976562 0.0003438
13 0.121094 0.759277 0.0820312 0.0224609 0.000344753
8 0.655762 0.73584 0.0654297 0.0498047 0.000345469
13 0.254395 0.461914 0.141602 0.0449219 0.000350475
10 0.193848 0.345703 0.0498047 0.0722656 0.000350952
9 0.750977 0.754395 0.205078 0.0673828 0.000353336
8 0.561035 0.676758 0.40332 0.166016 0.000357151
9 0.662109 0.764648 0.240234 0.0546875 0.000360012
13 0.377441 0.445801 0.0888672 0.12207 0.000361204
11 0.502441 0.00683594 0.112305 0.0136719 0.000361204
1 0.561035 0.676758 0.40332 0.166016 0.000361204
8 0.782715 0.604004 0.00878906 0.00683594 0.00036478
11 0.561035 0.676758 0.40332 0.166016 0.000372648
2 0.294922 0.258301 0.0976562 0.0517578 0.000384331
11 0.369629 0.242676 0.0732422 0.0185547 0.000389099
11 0.448242 0.00878906 0.203125 0.0175781 0.000389099
2 0.432617 0.479004 0.0371094 0.0263672 0.00039196
13 0.561035 0.676758 0.40332 0.166016 0.000404596
2 0.561035 0.676758 0.40332 0.166016 0.000410795
12 0.312988 0.266113 0.198242 0.0908203 0.000412703
0 0.519043 0.386719 0.176758 0.119141 0.000433922
13 0.969238 0.269531 0.0576172 0.146484 0.000435352
2 0.45166 0.477051 0.0302734 0.0283203 0.000440359
0 0.467285 0.472168 0.106445 0.137695 0.00044322
10 0.719727 0.268066 0.0957031 0.0556641 0.000445604
8 0.314453 0.521973 0.0136719 0.0126953 0.000453472
4 0.977051 0.296875 0.0458984 0.0976562 0.000453949
11 0.588379 0.284668 0.0478516 0.0810547 0.000465631
9 0.160645 0.782227 0.155273 0.111328 0.00046587
8 0.297363 0.570801 0.0146484 0.0107422 0.000467062
3 0.470703 0.851074 0.689453 0.217773 0.000484705
7 0.719727 0.268066 0.0957031 0.0556641 0.00048542
9 0.54541 0.618164 0.368164 0.337891 0.000492096
11 0.199219 0.333008 0.0722656 0.123047 0.000494957
13 0.723145 0.269531 0.0888672 0.0546875 0.000501633
12 0.258301 0.316406 0.19043 0.167969 0.000504971
2 0.723145 0.269531 0.0888672 0.0546875 0.000515938
12 0.561035 0.676758 0.40332 0.166016 0.000516415
13 0.590332 0.286621 0.0400391 0.0673828 0.000527859
9 0.556152 0.414551 0.100586 0.125977 0.000529289
9 0.641602 0.587402 0.0332031 0.0224609 0.000537395
0 0.501465 0.520996 0.227539 0.368164 0.000543118
9 0.183594 0.750488 0.203125 0.0673828 0.000544071
9 0.58252 0.286621 0.0810547 0.0927734 0.000546932
9 0.250977 0.865234 0.431641 0.234375 0.000549793
7 0.314941 0.680176 0.0927734 0.0595703 0.000557899
11 0.626953 0.239746 0.078125 0.0185547 0.000574589
8 0.745117 0.599609 0.0234375 0.0195312 0.000596046
13 0.685547 0.451172 0.128906 0.113281 0.000596523
7 0.440918 0.477051 0.0439453 0.0302734 0.000606537
13 0.736328 0.739746 0.203125 0.0595703 0.000607014
9 0.653809 0.743652 0.131836 0.0634766 0.000608921
10 0.561035 0.676758 0.40332 0.166016 0.000644684
11 0.650391 0.739746 0.0390625 0.0361328 0.000655651
11 0.289062 0.263672 0.0527344 0.0410156 0.000655651
11 0.976562 0.303223 0.0429688 0.0810547 0.000662804
5 0.560059 0.680176 0.399414 0.166992 0.000678539
6 0.797363 0.679688 0.108398 0.105469 0.000693798
3 0.513672 0.420898 0.189453 0.119141 0.000697136
11 0.0859375 0.838867 0.0585938 0.0566406 0.000711441
1 0.293945 0.258789 0.0957031 0.0507812 0.000711441
5 0.744629 0.696289 0.204102 0.134766 0.000720024
11 0.735352 0.282227 0.0878906 0.0546875 0.000742912
2 0.588379 0.285645 0.0380859 0.0673828 0.000749111
8 0.662109 0.548828 0.03125 0.0253906 0.000760078
9 0.733398 0.770508 0.306641 0.09375 0.000774384
8 0.802246 0.537598 0.0146484 0.0126953 0.000778198
9 0.155762 0.75 0.137695 0.0332031 0.000782013
13 0.243164 0.482422 0.150391 0.0742188 0.000806332
0 0.561035 0.676758 0.40332 0.166016 0.000813007
9 0.742188 0.713379 0.226562 0.108398 0.000818253
1 0.719727 0.268066 0.0957031 0.0556641 0.000825882
9 0.651855 0.588867 0.0126953 0.0136719 0.000826836
9 0.442871 0.47998 0.0595703 0.0693359 0.000841618
11 0.717773 0.265625 0.0527344 0.0371094 0.000909805
8 0.442871 0.47998 0.0595703 0.0693359 0.000945091
0 0.977051 0.302734 0.0458984 0.0898438 0.000952244
8 0.782227 0.550293 0.0527344 0.0302734 0.000981331
9 0.795898 0.67627 0.105469 0.114258 0.00098896
13 0.147949 0.746094 0.118164 0.03125 0.000993729
5 0.782715 0.666992 0.129883 0.138672 0.00100517
10 0.888184 0.852539 0.0517578 0.0859375 0.00103474
11 0.646973 0.250488 0.12793 0.0283203 0.0010376
13 0.441406 0.471191 0.0449219 0.0361328 0.00110054
2 0.646484 0.586426 0.0253906 0.0185547 0.00116158
9 0.776367 0.726074 0.113281 0.0439453 0.0011692
7 0.650391 0.736328 0.03125 0.0410156 0.00117397
13 0.734375 0.700195 0.191406 0.117188 0.00117397
9 0.616699 0.766602 0.112305 0.0332031 0.00117874
0 0.442383 0.472656 0.0507812 0.0390625 0.00120926
8 0.345215 0.327148 0.0224609 0.0195312 0.00142097
11 0.888184 0.852539 0.0517578 0.0859375 0.00145245
11 0.395508 0.239746 0.0722656 0.0224609 0.00148201
2 0.650391 0.736328 0.03125 0.0410156 0.00150013
11 0.333496 0.260254 0.182617 0.0830078 0.00153065
7 0.588379 0.284668 0.0478516 0.0810547 0.00165749
9 0.700195 0.750977 0.177734 0.0429688 0.00165939
11 0.687012 0.26709 0.165039 0.0634766 0.00167942
2 0.651855 0.588867 0.0126953 0.0136719 0.00170422
9 0.510254 0.42627 0.188477 0.143555 0.00171566
8 0.72998 0.515137 0.0146484 0.0146484 0.00181198
9 0.560547 0.677734 0.404297 0.15625 0.00183678
13 0.786621 0.729004 0.108398 0.0419922 0.00203514
13 0.650391 0.736328 0.03125 0.0410156 0.00209236
11 0.726562 0.279785 0.119141 0.0927734 0.0021019
11 0.256836 0.300781 0.148438 0.121094 0.00211525
8 0.637695 0.586426 0.0292969 0.0185547 0.00223541
9 0.651855 0.738281 0.0283203 0.0351562 0.00228691
2 0.442871 0.47998 0.0595703 0.0693359 0.00230598
9 0.500977 0.544922 0.181641 0.396484 0.00231743
8 0.651855 0.588867 0.0126953 0.0136719 0.00242996
7 0.797852 0.676758 0.101562 0.107422 0.00253105
8 0.977539 0.296875 0.0449219 0.0976562 0.00259972
11 0.698242 0.257812 0.09375 0.0507812 0.00265312
13 0.222168 0.467773 0.110352 0.03125 0.00286484
7 0.978516 0.290527 0.0429688 0.102539 0.00294495
11 0.324707 0.250488 0.116211 0.0498047 0.0031395
13 0.976562 0.303223 0.0429688 0.0810547 0.00361633
9 0.978516 0.290527 0.0429688 0.102539 0.00439072
11 0.615234 0.246582 0.0722656 0.0244141 0.00439453
11 0.367676 0.243652 0.124023 0.0244141 0.0046463
13 0.126953 0.751465 0.0761719 0.0244141 0.00572968
11 0.888184 0.86377 0.0400391 0.0498047 0.00678253
10 0.888184 0.86377 0.0400391 0.0498047 0.00718689
9 0.590332 0.289551 0.0400391 0.0654297 0.00737
8 0.650391 0.736328 0.03125 0.0410156 0.00848389
9 0.225586 0.779297 0.314453 0.128906 0.00881958
11 0.405273 0.247559 0.0742188 0.0263672 0.00888824
11 0.0874023 0.84082 0.0380859 0.0390625 0.00907898
10 0.0864258 0.838379 0.0380859 0.0478516 0.00928497
13 0.765625 0.719727 0.119141 0.0722656 0.0103226
11 0.192383 0.349609 0.0429688 0.0625 0.0114822
9 0.439941 0.477051 0.0439453 0.0283203 0.0128632
0 0.557129 0.413086 0.100586 0.115234 0.0136185
8 0.441895 0.473633 0.0458984 0.03125 0.0144348
11 0.282227 0.273926 0.128906 0.0849609 0.0152512
2 0.977539 0.303223 0.0449219 0.0791016 0.0192871
2 0.441406 0.471191 0.0449219 0.0361328 0.0209198
0 0.509766 0.434082 0.189453 0.15332 0.0667725
11 0.72168 0.267578 0.0898438 0.0507812 0.12793
11 0.294922 0.259277 0.0957031 0.0498047 0.147705
3 0.558105 0.681641 0.40332 0.154297 0.279785
