8 0.363281 0.459473 0.0214844 0.0166016 0.000100076
13 0.318848 0.526855 0.0869141 0.0361328 0.000101805
9 0.266602 0.60498 0.267578 0.102539 0.000101984
9 0.777832 0.16748 0.280273 0.208008 0.000103593
4 0.437988 0.481934 0.0751953 0.116211 0.000104904
11 0.477539 0.181152 0.0488281 0.0224609 0.000105023
13 0.689453 0.393555 0.0722656 0.0722656 0.000106156
11 0.733398 0.197754 0.121094 0.0595703 0.000106335
12 0.212891 0.248535 0.371094 0.444336 0.000106931
13 0.730469 0.413086 0.123047 0.113281 0.00010705
6 0.437988 0.481934 0.0751953 0.116211 0.000107527
9 0.220703 0.199219 0.441406 0.398438 0.000108838
11 0.363281 0.181641 0.0585938 0.03125 0.000109911
9 0.880371 0.634766 0.0654297 0.0449219 0.000110567
9 0.561035 0.331055 0.202148 0.134766 0.000111222
2 0.63916 0.318359 0.0439453 0.0390625 0.000111461
0 0.539062 0.956543 0.183594 0.0849609 0.000111878
12 0.111816 0.649414 0.0791016 0.130859 0.000113428
3 0.434082 0.869629 0.422852 0.260742 0.000114143
13 0.749512 0.387207 0.165039 0.188477 0.000115454
13 0.830078 0.62793 0.0625 0.046875 0.000115752
9 0.979492 0.360352 0.0195312 0.0234375 0.000116765
0 0.988281 0.917969 0.0234375 0.164062 0.000117302
11 0.822266 0.620117 0.134766 0.0761719 0.000117838
0 0.45166 0.478516 0.102539 0.150391 0.000118017
12 0.747559 0.213867 0.202148 0.117188 0.000123501
9 0.456543 0.598145 0.182617 0.204102 0.000123978
9 0.793457 0.682129 0.311523 0.112305 0.000124693
3 0.37793 0.963379 0.158203 0.0712891 0.000125289
9 0.830566 0.561035 0.192383 0.202148 0.000125289
9 0.692383 0.594727 0.0566406 0.115234 0.000131488
13 0.689941 0.404785 0.0478516 0.0400391 0.000133038
5 0.822266 0.620117 0.134766 0.0761719 0.000134468
12 0.161621 0.558105 0.180664 0.297852 0.000134468
9 0.762695 0.624023 0.296875 0.105469 0.000135541
9 0.11084 0.290039 0.0478516 0.0683594 0.000137568
13 0.257812 0.457031 0.123047 0.0976562 0.000138164
11 0.625488 0.210938 0.0498047 0.0351562 0.000139356
13 0.865234 0.614258 0.0878906 0.046875 0.000139594
9 0.876953 0.669434 0.111328 0.100586 0.000140786
9 0.699707 0.571289 0.229492 0.201172 0.000141263
13 0.293457 0.435059 0.0576172 0.0341797 0.00014317
13 0.335449 0.59082 0.108398 0.0449219 0.00014627
11 0.64502 0.205078 0.0751953 0.03125 0.000147462
3 0.539062 0.956543 0.183594 0.0849609 0.00014782
9 0.743652 0.175293 0.102539 0.110352 0.000150442
7 0.330078 0.569336 0.126953 0.0800781 0.000153422
11 0.715332 0.207031 0.141602 0.0292969 0.000155091
13 0.314941 0.447754 0.0693359 0.0439453 0.000156045
13 0.841797 0.63623 0.138672 0.139648 0.000158906
3 0.279785 0.0493164 0.555664 0.0947266 0.000162959
9 0.916016 0.294434 0.158203 0.370117 0.000163794
11 0.425293 0.179688 0.0498047 0.0195312 0.000164509
11 0.131348 0.304688 0.22168 0.369141 0.000166655
13 0.292969 0.427734 0.214844 0.0976562 0.000169158
4 0.85498 0.643555 0.0634766 0.0410156 0.000169277
11 0.663574 0.199707 0.0751953 0.0224609 0.000169754
9 0.306152 0.563477 0.180664 0.0917969 0.000172377
13 0.302734 0.551758 0.1875 0.152344 0.000172377
7 0.644043 0.449707 0.0830078 0.0830078 0.000174284
3 0.59668 0.612793 0.246094 0.106445 0.000176311
3 0.927734 0.20752 0.144531 0.133789 0.000177622
13 0.275391 0.473145 0.0683594 0.0322266 0.000178337
0 0.609863 0.338867 0.0615234 0.0761719 0.000180125
9 0.276367 0.466797 0.181641 0.115234 0.000181794
12 0.783691 0.257324 0.209961 0.15918 0.000186682
13 0.399414 0.304199 0.0234375 0.0458984 0.000187039
2 0.64502 0.314453 0.0283203 0.0253906 0.000187278
11 0.696289 0.1875 0.0859375 0.0214844 0.000188828
3 0.999512 0.0585938 0.000976562 0.117188 0.000189066
9 0.780762 0.0859375 0.389648 0.171875 0.000190139
13 0.848145 0.470703 0.0380859 0.0117188 0.000193834
13 0.327148 0.440918 0.126953 0.0556641 0.000198126
11 0.438477 0.172363 0.0917969 0.0263672 0.000198126
9 0.691406 0.146973 0.0253906 0.0166016 0.000200152
11 0.776855 0.206055 0.0556641 0.03125 0.000200629
13 0.340332 0.520996 0.0732422 0.0322266 0.000202656
6 0.871094 0.630371 0.0820312 0.0537109 0.000203848
13 0.705566 0.462402 0.0244141 0.0185547 0.000206828
0 0.616699 0.383301 0.104492 0.15332 0.000207305
9 0.260254 0.435059 0.129883 0.0693359 0.000212669
9 0.11084 0.305176 0.19043 0.467773 0.000216007
7 0.276367 0.466797 0.181641 0.115234 0.000222683
11 0.722656 0.189453 0.0898438 0.0292969 0.000223756
11 0.42041 0.190918 0.0947266 0.0322266 0.000227332
7 0.59668 0.623047 0.455078 0.128906 0.000228763
7 0.852051 0.626953 0.186523 0.138672 0.000228882
6 0.598633 0.628418 0.460938 0.15918 0.000229359
9 0.747559 0.213867 0.202148 0.117188 0.000229836
13 0.29541 0.478027 0.19043 0.15332 0.000233412
13 0.72168 0.592285 0.160156 0.129883 0.000234127
3 0.27832 0.109863 0.556641 0.198242 0.000234246
7 0.883301 0.649902 0.110352 0.0966797 0.000240922
9 0.699219 0.584473 0.113281 0.141602 0.000244021
11 0.289551 0.220703 0.0732422 0.0546875 0.000245333
9 0.267578 0.617676 0.199219 0.0517578 0.000247717
13 0.279297 0.42627 0.109375 0.0791016 0.000248671
4 0.598633 0.628418 0.460938 0.15918 0.000253677
8 0.598633 0.628418 0.460938 0.15918 0.000261545
12 0.206543 0.657227 0.280273 0.125 0.000262022
7 0.27832 0.501465 0.277344 0.235352 0.000269413
11 0.473633 0.208008 0.0527344 0.0761719 0.000273943
2 0.830566 0.62207 0.12207 0.0722656 0.000278473
9 0.244629 0.733887 0.368164 0.241211 0.000279665
6 0.861816 0.643555 0.0654297 0.0429688 0.00028348
13 0.697266 0.357422 0.132812 0.154297 0.000283718
9 0.304199 0.62793 0.15332 0.046875 0.000285387
6 0.614258 0.34375 0.123047 0.134766 0.000286579
11 0.6875 0.185059 0.0605469 0.0126953 0.000299931
9 0.474121 0.217773 0.0576172 0.0917969 0.000301123
13 0.594238 0.62207 0.452148 0.101562 0.000302553
13 0.277832 0.469727 0.108398 0.0585938 0.000303984
13 0.308594 0.580078 0.142578 0.0566406 0.000304699
1 0.59668 0.623047 0.455078 0.128906 0.000309944
7 0.821289 0.618652 0.134766 0.0810547 0.000311852
9 0.485352 0.433105 0.152344 0.282227 0.000321388
4 0.614258 0.341797 0.121094 0.121094 0.000326157
11 0.870605 0.632324 0.0791016 0.0458984 0.000326633
11 0.592773 0.621094 0.447266 0.121094 0.000328064
11 0.697266 0.198242 0.111328 0.0214844 0.000329494
2 0.597656 0.621582 0.457031 0.106445 0.000331402
13 0.362305 0.582031 0.0839844 0.0566406 0.000331879
13 0.286133 0.446777 0.0742188 0.0498047 0.000343561
13 0.962891 0.189453 0.0664062 0.0371094 0.000344515
7 0.614258 0.341797 0.121094 0.121094 0.000348568
12 0.588867 0.619629 0.447266 0.110352 0.000352383
9 0.279297 0.496582 0.28125 0.21582 0.000352621
11 0.814941 0.236816 0.0732422 0.0634766 0.000369072
13 0.399414 0.306152 0.0390625 0.0693359 0.000375509
8 0.0209961 0.37207 0.0341797 0.0390625 0.000376701
7 0.879883 0.634766 0.0761719 0.0488281 0.000377655
11 0.448242 0.194824 0.0253906 0.0205078 0.000378132
11 0.319824 0.196289 0.0732422 0.0566406 0.000383139
13 0.871094 0.649414 0.0800781 0.0507812 0.000386953
13 0.240234 0.449219 0.125 0.0507812 0.00039053
13 0.695801 0.607422 0.0595703 0.0859375 0.000408173
8 0.260742 0.5 0.0175781 0.015625 0.000414371
7 0.872559 0.56543 0.0302734 0.0234375 0.000422478
9 0.542969 0.478516 0.285156 0.408203 0.0004251
8 0.437012 0.478516 0.0751953 0.123047 0.000428438
0 0.625977 0.320801 0.078125 0.0771484 0.000439167
13 0.715332 0.303711 0.0283203 0.0722656 0.000442982
12 0.614258 0.341797 0.121094 0.121094 0.000454426
5 0.59668 0.623047 0.455078 0.128906 0.000454664
7 0.260254 0.433594 0.129883 0.0703125 0.000464678
13 0.866211 0.645508 0.0566406 0.03125 0.000468493
13 0.720215 0.371582 0.0927734 0.104492 0.000483751
7 0.474121 0.217773 0.0576172 0.0917969 0.000488758
13 0.614258 0.34375 0.123047 0.134766 0.000490665
6 0.822266 0.620117 0.134766 0.0761719 0.000496387
11 0.679688 0.192383 0.0800781 0.0214844 0.000498295
9 0.738281 0.115723 0.169922 0.211914 0.000504971
1 0.614258 0.341797 0.121094 0.121094 0.000506878
9 0.644043 0.449707 0.0830078 0.0830078 0.000509739
13 0.322754 0.538574 0.120117 0.0595703 0.00051403
11 0.936035 0.706055 0.0380859 0.0527344 0.000535965
8 0.614258 0.341797 0.121094 0.121094 0.000537395
13 0.795898 0.602539 0.179688 0.101562 0.000537872
5 0.613281 0.338379 0.123047 0.110352 0.000556469
10 0.936035 0.706543 0.0380859 0.0517578 0.000557899
9 0.453125 0.526367 0.119141 0.248047 0.000566006
13 0.719727 0.318848 0.0625 0.100586 0.000574112
11 0.46875 0.188965 0.0527344 0.0361328 0.000582695
13 0.258301 0.47998 0.0791016 0.0439453 0.000600815
11 0.788574 0.215332 0.0595703 0.0419922 0.000608921
9 0.86377 0.644043 0.174805 0.112305 0.000617027
9 0.873535 0.565918 0.0302734 0.0244141 0.000621319
13 0.151855 0.588379 0.0478516 0.0458984 0.000641823
11 0.614258 0.34375 0.123047 0.134766 0.000652313
9 0.859375 0.641602 0.0664062 0.0429688 0.000667095
10 0.59668 0.623047 0.455078 0.128906 0.00067091
9 0.520996 0.319824 0.137695 0.282227 0.000688553
0 0.59375 0.628906 0.449219 0.105469 0.000692844
13 0.19873 0.449219 0.0849609 0.0292969 0.00071907
9 0.248535 0.636719 0.258789 0.0742188 0.00073576
13 0.288086 0.448242 0.136719 0.0605469 0.000751495
2 0.616211 0.333984 0.117188 0.109375 0.000781536
8 0.855469 0.644043 0.0566406 0.0380859 0.000789642
13 0.872559 0.63916 0.12207 0.0888672 0.00080204
9 0.822266 0.620117 0.134766 0.0761719 0.000833035
10 0.614258 0.341797 0.121094 0.121094 0.00092411
11 0.412598 0.177734 0.0947266 0.0253906 0.000930786
11 0.45752 0.177246 0.0654297 0.0244141 0.000938416
11 0.739258 0.198242 0.0859375 0.0253906 0.00100517
11 0.447754 0.189941 0.0576172 0.0263672 0.00105
9 0.868652 0.633789 0.110352 0.0664062 0.00111103
9 0.59668 0.623047 0.455078 0.128906 0.00112057
13 0.889648 0.623535 0.0703125 0.0498047 0.00112438
7 0.852051 0.632324 0.120117 0.0673828 0.00130558
13 0.962402 0.171387 0.0654297 0.0224609 0.00133801
9 0.614258 0.34375 0.123047 0.134766 0.00146389
13 0.339355 0.56543 0.118164 0.0878906 0.00152683
7 0.437988 0.481934 0.0751953 0.116211 0.00169754
9 0.742188 0.14502 0.0683594 0.0849609 0.00180721
8 0.707031 0.462402 0.0234375 0.0185547 0.0018301
12 0.233398 0.595215 0.353516 0.211914 0.00201416
9 0.437012 0.478516 0.0751953 0.123047 0.00211525
0 0.540039 0.398926 0.259766 0.239258 0.00224304
11 0.765625 0.206543 0.0957031 0.0419922 0.00228882
7 0.861816 0.643555 0.0654297 0.0429688 0.00237465
9 0.233398 0.595215 0.353516 0.211914 0.00238228
3 0.595215 0.64209 0.475586 0.262695 0.00255775
3 0.614258 0.341797 0.121094 0.121094 0.00270271
0 0.594727 0.354492 0.195312 0.166016 0.00335693
11 0.79541 0.222168 0.0869141 0.0654297 0.00339127
9 0.234375 0.660645 0.349609 0.12793 0.00362396
11 0.437988 0.183594 0.0869141 0.0292969 0.0036602
9 0.527832 0.37793 0.21582 0.259766 0.00402832
13 0.84668 0.639648 0.0839844 0.0390625 0.00614929
8 0.873535 0.565918 0.0302734 0.0244141 0.0089035
11 0.304688 0.208496 0.0644531 0.0478516 0.0146637
13 0.830566 0.62207 0.12207 0.0722656 0.0222626
13 0.866699 0.632812 0.0810547 0.0429688 0.0277557
3 0.595215 0.626953 0.450195 0.09375 0.52002
0 0.612305 0.338379 0.123047 0.110352 0.629883
