7 0.684082 0.599609 0.139648 0.117188 0.000117302
13 0.138184 0.954102 0.0751953 0.0859375 0.000117421
5 0.723145 0.566895 0.245117 0.235352 0.000119269
12 0.618164 0.17041 0.0878906 0.0263672 0.000120103
9 0.481445 0.359863 0.105469 0.145508 0.000120103
11 0.108887 0.944336 0.217773 0.111328 0.000120819
0 0.358398 0.62207 0.224609 0.111328 0.000121772
8 0.0537109 0.946777 0.0917969 0.0966797 0.000122309
7 0.565918 0.557129 0.307617 0.155273 0.000123262
6 0.949707 0.216797 0.100586 0.177734 0.000124574
8 0.646484 0.533691 0.0234375 0.0166016 0.000124931
2 0.481445 0.359863 0.105469 0.145508 0.000125647
0 0.572266 0.411621 0.113281 0.202148 0.000126004
12 0.222656 0.787109 0.445312 0.392578 0.000128031
9 0.717285 0.615234 0.145508 0.0527344 0.000128627
9 0.629883 0.172363 0.0996094 0.0302734 0.000128865
11 0.445312 0.174805 0.03125 0.03125 0.000129223
5 0.344238 0.367188 0.15918 0.1875 0.000129938
2 0.563965 0.499512 0.321289 0.286133 0.000130057
11 0.444336 0.219238 0.0878906 0.139648 0.000130892
3 0.747559 0.168457 0.504883 0.307617 0.000131607
11 0.575684 0.355957 0.0986328 0.0966797 0.000132918
9 0.0571289 0.912598 0.0927734 0.141602 0.000133395
9 0.633301 0.443359 0.0830078 0.117188 0.000133395
3 0.446777 0.550293 0.329102 0.233398 0.000134826
2 0.666992 0.558105 0.115234 0.149414 0.000134826
3 0.20166 0.35498 0.297852 0.206055 0.000136256
2 0.108887 0.944336 0.217773 0.111328 0.000137448
10 0.17334 0.719238 0.34668 0.27832 0.000137687
8 0.635254 0.518555 0.0185547 0.015625 0.000138521
8 0.639648 0.381836 0.0136719 0.0136719 0.000140071
13 0.108887 0.944336 0.217773 0.111328 0.000140667
0 0.567871 0.438477 0.0751953 0.0644531 0.000141263
11 0.625488 0.187988 0.0712891 0.0478516 0.000142574
7 0.629883 0.172363 0.0996094 0.0302734 0.000144243
8 0.575195 0.355957 0.0996094 0.100586 0.000145078
12 0.358398 0.62207 0.224609 0.111328 0.000146747
9 0.797363 0.966309 0.34668 0.0654297 0.000146866
2 0.552734 0.32959 0.119141 0.0791016 0.000146866
0 0.477539 0.319336 0.0898438 0.109375 0.000147223
9 0.753906 0.576172 0.0761719 0.0410156 0.000149608
13 0.689941 0.613281 0.0693359 0.0390625 0.000149727
11 0.222656 0.787109 0.445312 0.392578 0.000150323
3 0.0537109 0.946777 0.0917969 0.0966797 0.000151157
0 0.607422 0.399414 0.0917969 0.148438 0.000152588
2 0.183594 0.717285 0.367188 0.331055 0.000154734
11 0.249512 0.669434 0.0302734 0.0595703 0.000156641
12 0.668457 0.564453 0.104492 0.115234 0.000157833
9 0.488281 0.336426 0.046875 0.0576172 0.000158191
2 0.580566 0.424805 0.0771484 0.0996094 0.000158906
8 0.76416 0.493164 0.0126953 0.0117188 0.000159025
9 0.616699 0.189453 0.168945 0.0859375 0.000159979
13 0.400879 0.36377 0.0966797 0.0693359 0.000160217
5 0.564941 0.552246 0.317383 0.196289 0.00016129
9 0.554199 0.650879 0.139648 0.151367 0.000162005
12 0.566406 0.548828 0.320312 0.191406 0.000162482
8 0.696289 0.556641 0.0527344 0.0664062 0.000165582
9 0.597168 0.383301 0.108398 0.161133 0.000166535
2 0.0576172 0.946289 0.0976562 0.107422 0.000167012
9 0.458984 0.647949 0.171875 0.12207 0.000167012
11 0.455566 0.603516 0.0341797 0.0351562 0.00016737
10 0.612793 0.168945 0.0732422 0.0195312 0.000167489
9 0.572754 0.216797 0.0654297 0.109375 0.000168204
13 0.360352 0.353027 0.0566406 0.0224609 0.000168443
2 0.494629 0.377441 0.0322266 0.0380859 0.00016892
6 0.548828 0.427734 0.267578 0.25 0.000172019
7 0.716309 0.449707 0.202148 0.354492 0.00017345
6 0.645508 0.549316 0.199219 0.198242 0.000174284
9 0.459473 0.475586 0.370117 0.355469 0.000174403
13 0.703613 0.563965 0.0439453 0.0615234 0.00017488
8 0.183594 0.717285 0.367188 0.331055 0.000174999
5 0.453125 0.442383 0.328125 0.333984 0.000175357
8 0.665527 0.584473 0.0751953 0.0751953 0.000176907
7 0.548828 0.427734 0.267578 0.25 0.000177383
13 0.774902 0.573242 0.0810547 0.0566406 0.000179052
11 0.705078 0.624512 0.185547 0.0693359 0.000179052
11 0.581055 0.189941 0.0585938 0.0576172 0.000181794
13 0.37793 0.399902 0.253906 0.385742 0.000183821
9 0.566895 0.982422 0.344727 0.0351562 0.000185132
11 0.443848 0.155273 0.0458984 0.0175781 0.000186205
2 0.503906 0.32666 0.0917969 0.0849609 0.000186324
11 0.478027 0.341309 0.0693359 0.0927734 0.000190377
11 0.405273 0.185547 0.138672 0.0800781 0.000190496
9 0.696777 0.571777 0.0537109 0.0791016 0.000190496
1 0.548828 0.427734 0.267578 0.25 0.000191689
9 0.950684 0.786621 0.0986328 0.426758 0.000192881
10 0.722168 0.629883 0.22168 0.0976562 0.000193119
9 0.651367 0.687988 0.392578 0.258789 0.000193477
3 0.361328 0.465332 0.238281 0.374023 0.000195026
9 0.297852 0.631348 0.134766 0.120117 0.000198841
0 0.61377 0.451172 0.143555 0.248047 0.000207067
9 0.564453 0.229004 0.158203 0.149414 0.000209332
4 0.548828 0.427734 0.267578 0.25 0.000211954
0 0.507324 0.297363 0.104492 0.112305 0.000214696
3 0.261719 0.0498047 0.523438 0.0996094 0.000215054
1 0.645996 0.183105 0.120117 0.0498047 0.000216842
13 0.706543 0.46875 0.200195 0.330078 0.000218511
2 0.452148 0.352051 0.0683594 0.0771484 0.000218868
9 0.479004 0.734863 0.489258 0.329102 0.000219226
2 0.421387 0.257324 0.0400391 0.0419922 0.000219703
9 0.654785 0.609863 0.112305 0.124023 0.000221491
9 0.442383 0.577148 0.0820312 0.107422 0.000223279
3 0.507812 0.981934 0.392578 0.0361328 0.000231981
11 0.548828 0.427734 0.267578 0.25 0.000232577
0 0.487305 0.387695 0.123047 0.150391 0.000233054
3 0.541016 0.405762 0.285156 0.249023 0.000234365
10 0.548828 0.427734 0.267578 0.25 0.000236392
10 0.643066 0.178711 0.110352 0.0429688 0.000237823
6 0.349609 0.41748 0.179688 0.405273 0.00023818
7 0.572754 0.216797 0.0654297 0.109375 0.000239849
11 0.826172 0.635742 0.03125 0.046875 0.000243902
13 0.374023 0.353516 0.0898438 0.0351562 0.000244141
10 0.826172 0.635742 0.03125 0.046875 0.000245571
9 0.437988 0.550293 0.0419922 0.0439453 0.000246048
11 0.357422 0.186523 0.0722656 0.0546875 0.000246525
11 0.600586 0.174316 0.0527344 0.0224609 0.000246525
9 0.336914 0.620117 0.128906 0.0859375 0.000246763
8 0.292969 0.522461 0.0117188 0.0117188 0.000248671
2 0.563965 0.331543 0.0634766 0.0576172 0.000249386
8 0.350098 0.516602 0.0107422 0.00976562 0.00025034
6 0.696289 0.556641 0.0664062 0.0820312 0.000253439
13 0.714844 0.548828 0.132812 0.0976562 0.000255823
8 0.415039 0.393066 0.0175781 0.0146484 0.000260592
9 0.597656 0.674316 0.167969 0.141602 0.000260592
0 0.562988 0.378906 0.0849609 0.0800781 0.00026083
9 0.310547 0.444336 0.119141 0.304688 0.000268936
13 0.780273 0.58252 0.0742188 0.0283203 0.000270128
1 0.629883 0.172363 0.0996094 0.0302734 0.000270367
2 0.599121 0.393066 0.0732422 0.100586 0.000271797
8 0.488281 0.336426 0.0527344 0.0595703 0.000272989
3 0.700684 0.463867 0.245117 0.341797 0.00027442
12 0.548828 0.427734 0.267578 0.25 0.000274658
7 0.956543 0.209473 0.0869141 0.143555 0.000275612
9 0.635254 0.446777 0.114258 0.192383 0.000275612
9 0.352539 0.552246 0.201172 0.21582 0.000278234
9 0.689941 0.614258 0.0771484 0.0390625 0.000280142
13 0.575684 0.355957 0.0986328 0.0966797 0.000280857
8 0.477051 0.354004 0.0771484 0.100586 0.000284195
13 0.548828 0.427734 0.267578 0.25 0.000284672
9 0.516113 0.271973 0.168945 0.172852 0.000285387
9 0.584961 0.89209 0.359375 0.208008 0.000291586
11 0.461426 0.18457 0.0517578 0.0722656 0.000292063
13 0.478027 0.341309 0.0693359 0.0927734 0.000303984
9 0.460938 0.611816 0.121094 0.124023 0.000304937
9 0.559082 0.969727 0.458008 0.0605469 0.000306368
9 0.752441 0.496094 0.139648 0.244141 0.000307083
7 0.612793 0.168945 0.0732422 0.0195312 0.000310183
11 0.666992 0.196289 0.134766 0.0878906 0.000310898
5 0.357422 0.620117 0.216797 0.103516 0.000312567
9 0.911133 0.979492 0.167969 0.0410156 0.000312567
9 0.683105 0.666016 0.319336 0.140625 0.000317335
0 0.050293 0.952148 0.0927734 0.0957031 0.000317574
8 0.548828 0.427734 0.267578 0.25 0.000320673
9 0.632324 0.411133 0.24707 0.277344 0.000328064
2 0.556641 0.378418 0.0585938 0.0654297 0.000331163
1 0.612793 0.168945 0.0732422 0.0195312 0.000331402
11 0.70752 0.619629 0.0888672 0.0458984 0.000334263
3 0.20459 0.445312 0.331055 0.324219 0.000335932
13 0.622559 0.171387 0.0947266 0.0244141 0.000338316
7 0.421387 0.257324 0.0400391 0.0419922 0.000341654
11 0.568848 0.224121 0.0908203 0.124023 0.000342369
11 0.615234 0.179199 0.046875 0.0322266 0.000344276
11 0.4375 0.16748 0.046875 0.0263672 0.000354528
10 0.205566 0.810547 0.411133 0.378906 0.000355005
9 0.575195 0.355957 0.0996094 0.100586 0.00036025
3 0.422852 0.612793 0.335938 0.135742 0.000361681
7 0.665527 0.584473 0.0751953 0.0751953 0.000362396
7 0.696289 0.556641 0.0664062 0.0820312 0.000366211
9 0.697754 0.603027 0.141602 0.0966797 0.00036931
13 0.698242 0.588867 0.119141 0.0996094 0.000377178
11 0.455078 0.158691 0.0429688 0.0283203 0.000377178
13 0.732422 0.564453 0.0722656 0.0566406 0.000380993
9 0.930176 0.885254 0.139648 0.229492 0.000386238
6 0.698242 0.458008 0.25 0.349609 0.000398636
8 0.427246 0.345703 0.0126953 0.0117188 0.000405312
13 0.699219 0.609863 0.0390625 0.0283203 0.000415564
0 0.460449 0.355957 0.0966797 0.112305 0.000422001
8 0.382812 0.476074 0.015625 0.0126953 0.000430107
9 0.711426 0.543945 0.168945 0.166016 0.000434875
2 0.621582 0.168945 0.0810547 0.0214844 0.000450134
11 0.668457 0.568848 0.104492 0.112305 0.000450611
9 0.72168 0.5625 0.132812 0.0898438 0.000452518
7 0.69873 0.524414 0.155273 0.191406 0.000459433
13 0.616699 0.168457 0.0517578 0.0185547 0.000459433
9 0.44043 0.552246 0.0605469 0.0712891 0.00046587
13 0.422852 0.57373 0.0488281 0.0478516 0.000473738
11 0.609375 0.218262 0.144531 0.137695 0.000477552
5 0.77002 0.562012 0.106445 0.106445 0.000481844
10 0.666016 0.565918 0.109375 0.116211 0.000505447
7 0.533691 0.369629 0.18457 0.133789 0.000508308
13 0.69873 0.524414 0.155273 0.191406 0.00052166
5 0.57373 0.451172 0.333008 0.294922 0.000522137
9 0.470215 0.353027 0.0380859 0.0576172 0.000524998
9 0.651855 0.616699 0.25293 0.174805 0.000526905
11 0.605469 0.162109 0.0761719 0.0273438 0.000534058
13 0.696777 0.563965 0.0751953 0.0966797 0.000535011
9 0.700684 0.612793 0.0380859 0.0263672 0.000549316
9 0.755371 0.886719 0.489258 0.210938 0.000558376
11 0.615723 0.163086 0.102539 0.0488281 0.000564098
7 0.645508 0.549316 0.199219 0.198242 0.000564098
7 0.72168 0.571777 0.140625 0.0908203 0.000567913
7 0.438965 0.553223 0.0498047 0.0498047 0.000574589
2 0.57373 0.414062 0.237305 0.214844 0.000579834
9 0.445312 0.600586 0.208984 0.164062 0.00058651
9 0.541992 0.423828 0.226562 0.255859 0.000605583
8 0.370117 0.272461 0.0195312 0.0195312 0.000606537
12 0.533691 0.369629 0.18457 0.133789 0.000617981
10 0.53418 0.374512 0.193359 0.145508 0.000618935
9 0.478027 0.341309 0.0693359 0.0927734 0.000642776
4 0.533691 0.369629 0.18457 0.133789 0.000642776
1 0.666016 0.565918 0.109375 0.116211 0.000643253
9 0.682129 0.820801 0.499023 0.338867 0.000650406
9 0.704102 0.624023 0.244141 0.109375 0.00065279
11 0.437988 0.180664 0.0810547 0.0566406 0.000659943
7 0.369141 0.617676 0.21875 0.0908203 0.000680447
0 0.488281 0.336426 0.0527344 0.0595703 0.000680447
9 0.616699 0.168457 0.0595703 0.0205078 0.000680447
0 0.475098 0.342773 0.196289 0.160156 0.000685215
6 0.72168 0.5625 0.132812 0.0898438 0.000689983
6 0.533691 0.369629 0.18457 0.133789 0.000699997
9 0.693359 0.937988 0.560547 0.12207 0.000776291
5 0.533691 0.369629 0.18457 0.133789 0.000790596
2 0.591797 0.396484 0.119141 0.154297 0.000815392
0 0.560059 0.344238 0.12207 0.0888672 0.000873566
9 0.516113 0.637695 0.327148 0.220703 0.000874996
13 0.435059 0.561523 0.0654297 0.0703125 0.00092268
5 0.75 0.569336 0.107422 0.0664062 0.000963211
6 0.69873 0.524414 0.155273 0.191406 0.000973225
0 0.532715 0.306641 0.192383 0.138672 0.00104618
0 0.52832 0.42041 0.177734 0.143555 0.00105667
9 0.883789 0.828125 0.232422 0.34375 0.00108433
0 0.17334 0.719238 0.34668 0.27832 0.00112152
1 0.533691 0.369629 0.18457 0.133789 0.00112247
9 0.428223 0.646973 0.356445 0.147461 0.00113869
0 0.632324 0.411133 0.24707 0.277344 0.00118637
2 0.574707 0.35498 0.0947266 0.0927734 0.00119972
9 0.889648 0.93457 0.220703 0.130859 0.00128174
9 0.349609 0.41748 0.179688 0.405273 0.0013113
0 0.615234 0.369141 0.171875 0.175781 0.00135136
9 0.422363 0.257324 0.0380859 0.0400391 0.00138569
8 0.530762 0.366211 0.180664 0.125 0.00140953
11 0.535645 0.363281 0.186523 0.126953 0.00141048
11 0.63623 0.174316 0.0615234 0.0244141 0.00148582
9 0.706543 0.46875 0.200195 0.330078 0.00150871
8 0.470215 0.349609 0.0400391 0.0527344 0.00157356
11 0.436035 0.160645 0.0693359 0.0244141 0.00161457
5 0.310547 0.444336 0.119141 0.304688 0.00166321
0 0.470215 0.349609 0.0400391 0.0527344 0.00177479
3 0.572266 0.494141 0.330078 0.285156 0.00177479
2 0.478027 0.341309 0.0693359 0.0927734 0.00179482
11 0.452148 0.171875 0.0507812 0.0429688 0.00194645
2 0.538086 0.36377 0.177734 0.125977 0.00196075
11 0.382324 0.178223 0.0947266 0.0517578 0.00197983
11 0.591797 0.200195 0.0898438 0.0878906 0.00201607
8 0.438965 0.553223 0.0478516 0.0498047 0.00204659
11 0.634766 0.166504 0.0957031 0.0302734 0.00213051
3 0.164062 0.549805 0.328125 0.287109 0.00217247
8 0.422363 0.256836 0.0400391 0.0429688 0.0024395
9 0.660156 0.51123 0.146484 0.245117 0.00246429
8 0.666016 0.565918 0.109375 0.116211 0.00249672
13 0.534668 0.372559 0.188477 0.141602 0.00252914
13 0.761719 0.579102 0.0429688 0.0332031 0.00258064
5 0.352539 0.552246 0.201172 0.21582 0.00260544
9 0.533691 0.369629 0.18457 0.133789 0.00266457
9 0.566406 0.705078 0.185547 0.253906 0.00271034
11 0.677734 0.185059 0.0742188 0.0498047 0.00271225
0 0.504883 0.339844 0.126953 0.0976562 0.00273323
11 0.69873 0.612793 0.0478516 0.0341797 0.00277519
3 0.176758 0.717285 0.353516 0.288086 0.00282478
5 0.745117 0.503418 0.146484 0.22168 0.00333023
9 0.581055 0.747559 0.255859 0.477539 0.00349045
5 0.660156 0.51123 0.146484 0.245117 0.00349045
0 0.563965 0.499512 0.321289 0.286133 0.00382996
3 0.533691 0.369629 0.18457 0.133789 0.0038662
13 0.668457 0.564453 0.104492 0.115234 0.0039978
13 0.737793 0.570801 0.12793 0.0771484 0.00416946
9 0.564941 0.581055 0.30957 0.128906 0.00454712
2 0.488281 0.336426 0.046875 0.0576172 0.00458145
13 0.753906 0.576172 0.0761719 0.0410156 0.00474167
11 0.624512 0.187988 0.133789 0.0693359 0.00496292
4 0.666016 0.565918 0.109375 0.116211 0.00502014
9 0.666992 0.564453 0.103516 0.117188 0.00522614
5 0.720703 0.553711 0.166016 0.123047 0.00553513
11 0.700195 0.611816 0.03125 0.0244141 0.00649643
0 0.585449 0.365234 0.0947266 0.119141 0.0078125
11 0.412598 0.169922 0.112305 0.0351562 0.00875854
2 0.470215 0.349609 0.0400391 0.0527344 0.0094986
9 0.562988 0.5 0.301758 0.287109 0.00965881
11 0.601562 0.179199 0.0859375 0.0400391 0.0117874
6 0.666504 0.564941 0.108398 0.120117 0.0135803
5 0.67041 0.557129 0.108398 0.139648 0.0140762
9 0.358398 0.62207 0.224609 0.111328 0.0187836
3 0.562012 0.570801 0.303711 0.137695 0.021698
5 0.349609 0.41748 0.179688 0.405273 0.0241547
5 0.706543 0.46875 0.200195 0.330078 0.0269012
7 0.666016 0.564453 0.105469 0.119141 0.0440063
0 0.546875 0.424316 0.246094 0.250977 0.0502319
11 0.638184 0.178223 0.118164 0.0380859 0.104553
11 0.61377 0.169434 0.0751953 0.0205078 0.144409
0 0.533691 0.369629 0.18457 0.133789 0.47998
