0 0.943359 0.396484 0.113281 0.318359 0.000110269
13 0.00927734 0.204102 0.0185547 0.121094 0.000110507
9 0.158203 0.645996 0.136719 0.213867 0.000111103
11 0.674316 0.120117 0.151367 0.0625 0.000111341
13 0.185547 0.726562 0.0703125 0.046875 0.000112116
8 0.180664 0.644043 0.0722656 0.0654297 0.000113606
13 0.21875 0.634766 0.0566406 0.0449219 0.000114858
9 0.421875 0.505859 0.126953 0.564453 0.000114918
7 0.586914 0.663574 0.396484 0.186523 0.000115693
8 0.69043 0.355957 0.0117188 0.0107422 0.000115871
8 0.776367 0.642578 0.0136719 0.0136719 0.000116229
13 0.684082 0.406738 0.124023 0.155273 0.000116348
9 0.65332 0.443359 0.113281 0.214844 0.000116825
11 0.76709 0.74707 0.0224609 0.0214844 0.000117242
8 0.186035 0.729492 0.0498047 0.0390625 0.00011766
6 0.586914 0.657227 0.400391 0.191406 0.000117779
6 0.251953 0.669922 0.126953 0.105469 0.000117958
5 0.253906 0.698242 0.177734 0.119141 0.000118732
7 0.185547 0.726562 0.0703125 0.046875 0.000119448
13 0.946289 0.0532227 0.101562 0.0537109 0.000119984
9 0.202637 0.733887 0.166992 0.114258 0.000120163
11 0.984375 0.123535 0.03125 0.100586 0.000121057
13 0.662598 0.248535 0.0244141 0.0478516 0.000122905
5 0.812012 0.685059 0.0654297 0.0986328 0.000123501
13 0.8125 0.665039 0.0703125 0.125 0.000124335
2 0.663574 0.256348 0.0224609 0.0205078 0.000124574
11 0.593262 0.11377 0.0498047 0.0283203 0.000124931
0 0.494629 0.177246 0.204102 0.348633 0.000125647
9 0.529785 0.320801 0.165039 0.139648 0.000125766
8 0.792969 0.657715 0.0234375 0.0283203 0.000127077
2 0.214844 0.633789 0.0332031 0.0332031 0.000127673
11 0.705566 0.116699 0.0771484 0.0458984 0.000128388
13 0.300293 0.483398 0.110352 0.0605469 0.000128984
11 0.628906 0.12793 0.117188 0.0742188 0.000132918
8 0.313965 0.608398 0.0693359 0.0527344 0.000133038
3 0.235352 0.0634766 0.470703 0.126953 0.000133753
7 0.803711 0.666992 0.0351562 0.0292969 0.000133872
13 0.688477 0.371094 0.162109 0.277344 0.000135422
9 0.825195 0.626953 0.121094 0.248047 0.000135541
7 0.322754 0.611328 0.0498047 0.0488281 0.000137329
9 0.249023 0.76123 0.330078 0.143555 0.000138521
13 0.691406 0.302734 0.0742188 0.158203 0.000139356
3 0.613281 0.884766 0.599609 0.21875 0.000140071
4 0.586914 0.663574 0.396484 0.186523 0.000140667
12 0.492676 0.215332 0.208008 0.430664 0.000142217
11 0.0107422 0.206055 0.0214844 0.125 0.000142455
6 0.8125 0.665039 0.0703125 0.125 0.00014329
11 0.277832 0.15332 0.0595703 0.0605469 0.000143647
7 0.251953 0.669922 0.126953 0.105469 0.000144482
12 0.830078 0.690918 0.0878906 0.114258 0.000145912
13 0.586914 0.657227 0.400391 0.191406 0.000146508
13 0.664062 0.270508 0.03125 0.0625 0.000146985
4 0.558594 0.300293 0.107422 0.0869141 0.000149131
13 0.293457 0.590332 0.18457 0.196289 0.000149846
6 0.830566 0.701172 0.151367 0.152344 0.000150561
11 0.990234 0.121094 0.0195312 0.0527344 0.000151277
7 0.601074 0.164062 0.0478516 0.0957031 0.000151396
7 0.492188 0.374023 0.214844 0.558594 0.000151515
4 0.80957 0.658203 0.0625 0.0605469 0.000151992
10 0.725098 0.944336 0.549805 0.111328 0.000153542
9 0.687988 0.737305 0.188477 0.0585938 0.000153899
4 0.214844 0.633789 0.0332031 0.0332031 0.000154376
3 0.494629 0.177246 0.204102 0.348633 0.000154853
8 0.181152 0.644531 0.0146484 0.015625 0.000156879
10 0.492188 0.374023 0.214844 0.558594 0.000156999
8 0.586914 0.657227 0.400391 0.191406 0.000157118
8 0.876465 0.211914 0.0439453 0.0449219 0.000160098
9 0.42041 0.276367 0.0771484 0.34375 0.000161767
9 0.613281 0.884766 0.599609 0.21875 0.000161767
13 0.0234375 0.256836 0.046875 0.0292969 0.000162482
9 0.0107422 0.197754 0.0195312 0.100586 0.000164032
5 0.485352 0.255371 0.185547 0.510742 0.000164866
9 0.968262 0.553711 0.0576172 0.482422 0.000167966
11 0.586914 0.663574 0.396484 0.186523 0.0001688
11 0.39502 0.125 0.0576172 0.03125 0.000169158
13 0.640137 0.55957 0.0712891 0.1875 0.000170112
8 0.455566 0.382324 0.139648 0.479492 0.00017333
2 0.440918 0.360352 0.120117 0.320312 0.00017345
9 0.470215 0.651367 0.149414 0.3125 0.000174999
1 0.586914 0.657227 0.400391 0.191406 0.000175118
9 0.257324 0.48877 0.342773 0.575195 0.000177741
8 0.834961 0.628906 0.0195312 0.0175781 0.000178456
9 0.803711 0.666992 0.0351562 0.0292969 0.000178456
8 0.246094 0.581055 0.00976562 0.00976562 0.000184298
13 0.291992 0.599121 0.136719 0.104492 0.000187755
9 0.224609 0.700195 0.125 0.111328 0.000188351
9 0.385742 0.414062 0.0859375 0.154297 0.000189066
9 0.44043 0.358887 0.107422 0.151367 0.000191331
9 0.949219 0.535156 0.101562 0.582031 0.000192761
13 0.66748 0.406738 0.0869141 0.0908203 0.000193596
7 0.26709 0.635254 0.192383 0.170898 0.000194192
2 0.586914 0.657227 0.400391 0.191406 0.000195384
6 0.558594 0.300293 0.107422 0.0869141 0.000196695
9 0.218262 0.638184 0.0537109 0.0693359 0.000196815
13 0.654297 0.225586 0.0644531 0.136719 0.000199914
3 0.581055 0.728027 0.365234 0.15332 0.000203609
5 0.163086 0.63916 0.171875 0.299805 0.000206232
12 0.475098 0.42041 0.137695 0.413086 0.00020647
5 0.216797 0.709961 0.263672 0.222656 0.00020647
11 0.598633 0.161621 0.046875 0.0927734 0.000207305
2 0.808105 0.691895 0.0439453 0.0615234 0.00020802
0 0.470703 0.539551 0.203125 0.612305 0.000210285
1 0.560059 0.303223 0.108398 0.0908203 0.000213146
9 0.26709 0.635742 0.18457 0.171875 0.000213981
13 0.663574 0.250977 0.0166016 0.0273438 0.000215292
9 0.481934 0.313477 0.125977 0.236328 0.000216007
9 0.822754 0.692383 0.194336 0.177734 0.000217676
13 0.818359 0.654785 0.0234375 0.0302734 0.00022018
8 0.396973 0.528809 0.0244141 0.0263672 0.000220776
9 0.636719 0.436035 0.0742188 0.0869141 0.000222683
9 0.663574 0.256836 0.0146484 0.0136719 0.000222802
9 0.533203 0.0693359 0.140625 0.136719 0.000225306
10 0.828125 0.695312 0.0898438 0.125 0.000231266
12 0.558105 0.29834 0.108398 0.0810547 0.000236869
7 0.557617 0.30127 0.111328 0.0888672 0.000243545
12 0.970215 0.500977 0.0556641 0.615234 0.000245094
11 0.380371 0.108887 0.0615234 0.0166016 0.000245094
12 0.586914 0.663574 0.396484 0.186523 0.000246286
3 0.508301 0.61084 0.22168 0.319336 0.00024724
7 0.824219 0.661621 0.146484 0.204102 0.000247955
13 0.660645 0.260254 0.0224609 0.0283203 0.000249863
6 0.213379 0.634766 0.0791016 0.0761719 0.00025177
9 0.758789 0.744141 0.0664062 0.0292969 0.000252008
13 0.584961 0.162109 0.0332031 0.09375 0.000253916
12 0.487305 0.45752 0.214844 0.641602 0.000256777
13 0.216309 0.633301 0.0302734 0.0283203 0.000258207
8 0.25 0.730469 0.0136719 0.0117188 0.000259161
13 0.636719 0.213379 0.128906 0.178711 0.000259399
9 0.588867 0.560059 0.396484 0.49707 0.000260115
0 0.504883 0.327148 0.228516 0.226562 0.000260592
9 0.505371 0.770996 0.223633 0.458008 0.000262499
11 0.768555 0.745117 0.0390625 0.0292969 0.000263453
4 0.203613 0.608398 0.206055 0.267578 0.000263929
13 0.660645 0.375977 0.0830078 0.0820312 0.000265121
2 0.598633 0.161621 0.046875 0.0927734 0.000270128
11 0.830078 0.695312 0.0859375 0.115234 0.000274181
9 0.595215 0.161621 0.131836 0.200195 0.00027585
8 0.289062 0.702148 0.0234375 0.0214844 0.000279903
0 0.586914 0.657227 0.400391 0.191406 0.000282288
8 0.293457 0.688477 0.0322266 0.0351562 0.000286579
7 0.220215 0.634766 0.0966797 0.105469 0.000288248
7 0.474121 0.410156 0.141602 0.376953 0.000289202
8 0.37793 0.561523 0.0449219 0.0371094 0.000290394
9 0.421875 0.430176 0.0917969 0.235352 0.000292301
11 0.315918 0.125488 0.0869141 0.0615234 0.000293732
13 0.678711 0.274902 0.123047 0.186523 0.000303268
4 0.8125 0.665039 0.0703125 0.125 0.000308275
12 0.257324 0.48877 0.342773 0.575195 0.000309467
10 0.55957 0.303223 0.109375 0.0927734 0.000315666
13 0.641602 0.274902 0.0898438 0.157227 0.000316381
9 0.480469 0.0810547 0.15625 0.160156 0.000319958
13 0.611816 0.240723 0.0361328 0.0634766 0.000324488
8 0.283203 0.500977 0.015625 0.00976562 0.000326872
10 0.586914 0.663574 0.396484 0.186523 0.000332117
2 0.813477 0.6875 0.0625 0.109375 0.000332832
9 0.650391 0.467285 0.0625 0.0576172 0.000333309
8 0.20459 0.644531 0.149414 0.167969 0.000341177
11 0.988281 0.102539 0.0234375 0.0566406 0.000341892
11 0.64502 0.121582 0.133789 0.0380859 0.000342369
13 0.595215 0.161621 0.131836 0.200195 0.000343084
13 0.32373 0.615234 0.0458984 0.0410156 0.000347853
5 0.558594 0.300293 0.107422 0.0869141 0.000350475
6 0.217285 0.691406 0.12207 0.117188 0.000353813
2 0.663574 0.256836 0.0146484 0.0136719 0.000357628
7 0.486816 0.177246 0.161133 0.354492 0.000357866
13 0.662598 0.270996 0.0439453 0.125977 0.000360489
11 0.600098 0.124023 0.0556641 0.0332031 0.000360489
11 0.623535 0.101562 0.106445 0.03125 0.000363111
1 0.830078 0.690918 0.0878906 0.114258 0.000363827
12 0.805664 0.65625 0.0449219 0.0351562 0.000364304
11 0.343262 0.116699 0.0654297 0.0283203 0.000375986
5 0.485352 0.495605 0.175781 0.651367 0.000389099
13 0.307617 0.599609 0.0839844 0.0722656 0.000389576
13 0.558105 0.29834 0.108398 0.0810547 0.000391483
9 0.719238 0.741699 0.131836 0.0380859 0.000392914
13 0.8125 0.691895 0.046875 0.0830078 0.000394821
9 0.80957 0.658203 0.0625 0.0605469 0.000400543
5 0.214844 0.632812 0.0429688 0.0410156 0.000408173
4 0.214844 0.660645 0.152344 0.147461 0.000413656
0 0.0615234 0.509766 0.123047 0.302734 0.000420809
6 0.8125 0.691895 0.046875 0.0830078 0.000425339
13 0.662598 0.358887 0.0908203 0.178711 0.000429869
4 0.8125 0.691895 0.046875 0.0830078 0.000433445
8 0.136719 0.758789 0.0332031 0.0292969 0.000439882
5 0.807617 0.655762 0.0449219 0.0361328 0.000442266
9 0.475586 0.55957 0.123047 0.273438 0.000448465
3 0.487305 0.45752 0.214844 0.641602 0.000451326
8 0.80957 0.658203 0.0625 0.0605469 0.000453711
3 0.588867 0.560059 0.396484 0.49707 0.000454903
13 0.606445 0.1875 0.0683594 0.109375 0.000455379
8 0.558105 0.29834 0.108398 0.0810547 0.000475645
5 0.213379 0.634766 0.0791016 0.0761719 0.000477076
9 0.554688 0.163086 0.0820312 0.197266 0.000482798
8 0.213867 0.639648 0.0234375 0.0195312 0.000504494
8 0.213379 0.634766 0.0791016 0.0761719 0.000518799
8 0.290527 0.500977 0.0244141 0.015625 0.000529766
13 0.663574 0.256836 0.0146484 0.0136719 0.000532627
5 0.586914 0.666504 0.398438 0.188477 0.000532627
1 0.806641 0.655762 0.0429688 0.0361328 0.000539303
7 0.218262 0.638184 0.0537109 0.0693359 0.000584602
11 0.672363 0.111816 0.104492 0.0380859 0.000597954
4 0.23291 0.680176 0.0732422 0.0712891 0.000622272
5 0.1875 0.693848 0.15625 0.133789 0.000631809
13 0.247559 0.616699 0.264648 0.297852 0.000638962
11 0.557617 0.30127 0.111328 0.0888672 0.000643253
9 0.648438 0.470703 0.078125 0.117188 0.000648499
6 0.214844 0.632812 0.0429688 0.0410156 0.000677109
2 0.561035 0.301758 0.104492 0.0878906 0.000682354
9 0.80957 0.696777 0.0371094 0.0361328 0.000717163
11 0.102539 0.855469 0.0390625 0.0566406 0.000726223
7 0.818359 0.654785 0.0234375 0.0302734 0.000732899
9 0.466797 0.40918 0.125 0.191406 0.000798702
2 0.818359 0.655273 0.0253906 0.0292969 0.000802994
10 0.808105 0.655273 0.0439453 0.0351562 0.000805855
10 0.102539 0.855469 0.0390625 0.0566406 0.000808716
13 0.210938 0.652344 0.160156 0.164062 0.000820637
7 0.811035 0.697754 0.0380859 0.0361328 0.000837326
8 0.32373 0.615234 0.0400391 0.0351562 0.000850201
9 0.500977 0.382324 0.210938 0.297852 0.000862598
9 0.474121 0.393555 0.311523 0.628906 0.000865459
11 0.356445 0.118164 0.125 0.0449219 0.000904083
5 0.229004 0.671875 0.0849609 0.09375 0.000929356
11 0.720703 0.12793 0.0800781 0.0449219 0.000968456
6 0.216309 0.621582 0.217773 0.28418 0.000982285
9 0.8125 0.691895 0.046875 0.0830078 0.000985146
9 0.212891 0.712891 0.242188 0.183594 0.00100803
9 0.215332 0.633789 0.0322266 0.03125 0.00106335
3 0.806641 0.65625 0.0410156 0.0371094 0.00107098
8 0.23291 0.681152 0.0712891 0.0693359 0.00110149
5 0.835449 0.697266 0.108398 0.136719 0.00110722
8 0.803711 0.666992 0.0351562 0.0292969 0.00112152
9 0.546875 0.300293 0.119141 0.0869141 0.00114155
9 0.818359 0.654785 0.0234375 0.0302734 0.00116158
9 0.8125 0.665039 0.0703125 0.125 0.00116634
11 0.394043 0.117188 0.0888672 0.03125 0.00117397
13 0.235352 0.679688 0.078125 0.0722656 0.00117874
9 0.598633 0.161621 0.046875 0.0927734 0.00119972
7 0.8125 0.665039 0.0703125 0.125 0.00124168
8 0.21875 0.634766 0.0566406 0.0449219 0.00124741
13 0.830078 0.690918 0.0878906 0.114258 0.00128937
9 0.565918 0.112793 0.15918 0.219727 0.00129604
11 0.807617 0.655762 0.0429688 0.0361328 0.00129604
11 0.873535 0.797363 0.0498047 0.0654297 0.00130749
7 0.214844 0.633789 0.0332031 0.0332031 0.0013113
9 0.216309 0.621582 0.217773 0.28418 0.0013113
10 0.873535 0.797363 0.0498047 0.0654297 0.00133038
7 0.808105 0.65918 0.0537109 0.0644531 0.00138283
7 0.437012 0.343262 0.120117 0.352539 0.00143433
9 0.235352 0.679688 0.078125 0.0722656 0.00145817
11 0.38916 0.104492 0.0888672 0.0234375 0.00149727
11 0.661621 0.101074 0.0888672 0.0302734 0.00156975
9 0.452637 0.249512 0.110352 0.329102 0.00161266
8 0.709961 0.464355 0.0351562 0.0263672 0.00167179
0 0.529785 0.320801 0.165039 0.139648 0.00173283
13 0.591797 0.175781 0.0292969 0.0585938 0.00179672
9 0.587891 0.653809 0.402344 0.211914 0.00208664
9 0.5 0.604004 0.183594 0.508789 0.0022583
5 0.224121 0.65918 0.125977 0.140625 0.00229263
3 0.558105 0.29834 0.108398 0.0810547 0.00245094
6 0.805664 0.655762 0.0449219 0.0361328 0.00254822
9 0.483398 0.430664 0.111328 0.357422 0.00257874
13 0.666992 0.304688 0.0664062 0.140625 0.00259972
0 0.806641 0.65625 0.046875 0.0351562 0.00268173
8 0.663086 0.256348 0.0136719 0.0146484 0.00280571
11 0.617188 0.118652 0.0820312 0.0283203 0.00289726
7 0.8125 0.691895 0.046875 0.0830078 0.00295448
13 0.805664 0.655762 0.0449219 0.0361328 0.00306892
4 0.830078 0.695312 0.0859375 0.115234 0.00319099
6 0.210938 0.652344 0.160156 0.164062 0.00335312
11 0.290527 0.138184 0.0673828 0.0576172 0.00374603
7 0.203613 0.608398 0.206055 0.267578 0.00403214
0 0.50293 0.345703 0.220703 0.5 0.00430298
9 0.210938 0.652344 0.160156 0.164062 0.00434875
6 0.830078 0.690918 0.0878906 0.116211 0.00440216
5 0.230469 0.571289 0.283203 0.375 0.00444794
6 0.235352 0.679688 0.078125 0.0722656 0.00464249
8 0.81543 0.689453 0.0722656 0.125 0.00481796
4 0.806641 0.655762 0.0449219 0.0361328 0.00537872
7 0.214844 0.660645 0.152344 0.147461 0.00603104
2 0.806641 0.655762 0.0429688 0.0361328 0.00727463
13 0.600098 0.169434 0.0439453 0.0849609 0.00789642
11 0.634277 0.110352 0.106445 0.0253906 0.0079422
8 0.818359 0.654785 0.0234375 0.0302734 0.00827026
9 0.828125 0.695312 0.0898438 0.125 0.00836945
7 0.235352 0.679688 0.078125 0.0722656 0.00862885
9 0.440918 0.360352 0.120117 0.320312 0.0092392
8 0.8125 0.691895 0.046875 0.0830078 0.0140457
8 0.80957 0.697266 0.0371094 0.0371094 0.0142365
8 0.214844 0.634277 0.0332031 0.0322266 0.0147781
9 0.520996 0.148926 0.131836 0.290039 0.0166321
11 0.370117 0.111816 0.103516 0.0244141 0.0175781
5 0.212402 0.648438 0.188477 0.216797 0.0221252
9 0.490723 0.21582 0.182617 0.431641 0.0237122
9 0.806641 0.655762 0.0429688 0.0361328 0.0255127
7 0.828125 0.695312 0.0898438 0.125 0.0255432
7 0.806641 0.655762 0.0429688 0.0361328 0.0294037
9 0.471191 0.454102 0.155273 0.615234 0.0613098
3 0.585449 0.663574 0.401367 0.176758 0.0991211
0 0.561035 0.30127 0.104492 0.0888672 0.377686
8 0.805664 0.65625 0.0449219 0.0351562 0.516113
