11 0.651855 0.0732422 0.0615234 0.015625 0.000100136
10 0.904297 0.59082 0.0703125 0.09375 0.000100255
9 0.48291 0.293945 0.131836 0.197266 0.000100791
12 0.0341797 0.0698242 0.0644531 0.0732422 0.000103235
9 0.462402 0.223633 0.0673828 0.125 0.000105321
12 0.532715 0.261719 0.233398 0.152344 0.00010699
8 0.179199 0.472168 0.0126953 0.0107422 0.000108063
4 0.586426 0.249512 0.118164 0.12207 0.000108242
12 0.0336914 0.0473633 0.0556641 0.0380859 0.000108957
9 0.512695 0.201172 0.125 0.263672 0.000109553
9 0.58252 0.42041 0.432617 0.368164 0.00011003
9 0.00976562 0.14502 0.0195312 0.0458984 0.000110865
13 0.329102 0.360352 0.101562 0.0644531 0.00011158
3 0.944336 0.256836 0.111328 0.292969 0.000113428
5 0.0336914 0.0478516 0.0537109 0.0390625 0.000113428
13 0.36377 0.380859 0.0947266 0.0664062 0.000115156
9 0.54248 0.980469 0.196289 0.0371094 0.000116229
0 0.54834 0.229004 0.170898 0.104492 0.000117779
9 0.47168 0.282227 0.0214844 0.0253906 0.00012058
8 0.533203 0.269531 0.251953 0.171875 0.000121057
4 0.0126953 0.0600586 0.0253906 0.0517578 0.000127316
13 0.402344 0.477051 0.0683594 0.0302734 0.000131369
13 0.782715 0.418945 0.0673828 0.0253906 0.000131965
10 0.533203 0.269531 0.251953 0.171875 0.000133157
9 0.649414 0.330078 0.0644531 0.0917969 0.00013411
2 1 0.949219 0 0.101562 0.000134468
11 0.372559 0.0664062 0.0615234 0.015625 0.00013566
13 0.37207 0.398926 0.078125 0.0419922 0.000139236
2 0.532715 0.261719 0.233398 0.152344 0.000139356
8 0.761719 0.324219 0.0117188 0.0117188 0.000140071
11 0.0693359 0.583008 0.0449219 0.078125 0.000140309
13 0.360352 0.315918 0.0996094 0.0517578 0.000140786
8 0.649902 0.341797 0.0439453 0.0546875 0.000140786
10 0.0336914 0.0473633 0.0556641 0.0380859 0.000141859
8 0.710938 0.228027 0.015625 0.0126953 0.00014317
13 0.327637 0.330566 0.0615234 0.0205078 0.000143647
9 0.0244141 0.0961914 0.046875 0.0458984 0.000145555
8 0.352051 0.43457 0.0107422 0.00976562 0.000147462
9 0.827637 0.977051 0.0166016 0.0146484 0.00015378
3 0.583984 0.567383 0.412109 0.171875 0.00015533
12 0.586426 0.249512 0.118164 0.12207 0.000160456
7 0.0239258 0.104492 0.0419922 0.0507812 0.000162244
1 0.586426 0.249512 0.118164 0.12207 0.000162363
9 0.48877 0.238281 0.108398 0.152344 0.000162482
0 1 0.949219 0 0.101562 0.00016892
10 0.689453 0.779785 0.546875 0.422852 0.000174046
3 0.612305 0.980957 0.427734 0.0380859 0.000176549
0 0.980469 0.112793 0.0292969 0.0615234 0.000177503
8 0.419434 0.225098 0.0263672 0.0185547 0.000180483
13 1 0.949219 0 0.101562 0.000180721
9 0.450684 0.289062 0.0751953 0.154297 0.000188828
3 0.582031 0.442383 0.382812 0.28125 0.000189781
9 0.502441 0.947266 0.479492 0.105469 0.000190139
11 0.396973 0.0712891 0.133789 0.0351562 0.000193357
2 0.649902 0.341797 0.0439453 0.0546875 0.000199676
9 0.655762 0.780762 0.592773 0.426758 0.000202537
9 0.253906 0.872559 0.371094 0.237305 0.000203729
7 0.586426 0.249512 0.118164 0.12207 0.000204325
9 0.472656 0.470703 0.210938 0.414062 0.00020659
1 0.0341797 0.0698242 0.0625 0.0673828 0.000207067
8 0.0126953 0.0595703 0.0214844 0.0507812 0.000207901
8 0.47168 0.282227 0.0214844 0.0253906 0.00020802
0 0.609375 0.266113 0.203125 0.172852 0.000209808
13 0.647949 0.335449 0.0556641 0.0751953 0.000213265
12 0.235352 0.743164 0.419922 0.513672 0.0002141
1 0.0332031 0.0483398 0.0546875 0.0380859 0.000216961
5 0.586426 0.249512 0.118164 0.12207 0.000221729
11 0.323242 0.0766602 0.0800781 0.0380859 0.000228167
9 0.627441 0.212891 0.0126953 0.0117188 0.000228882
3 0.0878906 0.194824 0.158203 0.266602 0.000233889
10 0.0341797 0.0698242 0.0644531 0.0732422 0.000234365
5 0.835449 0.50293 0.174805 0.189453 0.000237465
6 0.0273438 0.0952148 0.046875 0.0458984 0.000237823
11 0.586426 0.249512 0.118164 0.12207 0.000243545
10 0.586426 0.249512 0.118164 0.12207 0.000243545
8 0.0126953 0.097168 0.0253906 0.0419922 0.000245094
13 0.797363 0.538086 0.0712891 0.0449219 0.000249386
10 0.227539 0.944336 0.351562 0.111328 0.000250101
9 0.489746 0.969238 0.295898 0.0615234 0.000252724
13 0.0332031 0.0693359 0.0585938 0.0703125 0.000258684
5 0.225098 0.437988 0.237305 0.194336 0.000258923
9 0.650391 0.341309 0.0429688 0.0556641 0.000260592
4 0.57959 0.506348 0.44043 0.133789 0.000274181
0 0.537598 0.336914 0.266602 0.322266 0.000274181
11 0.685059 0.0766602 0.155273 0.0419922 0.000278234
8 0.57959 0.506348 0.44043 0.133789 0.000286102
6 0.57959 0.506348 0.44043 0.133789 0.000290632
3 0.533203 0.269531 0.251953 0.171875 0.000295639
8 0.783203 0.397949 0.0136719 0.0126953 0.000300884
7 0.57959 0.506348 0.44043 0.133789 0.000302315
9 0.0341797 0.0698242 0.0644531 0.0732422 0.000317097
0 0.606934 0.291992 0.114258 0.158203 0.000322819
11 0.0336914 0.0478516 0.0537109 0.0390625 0.000330925
11 0.395508 0.0654297 0.0683594 0.015625 0.000341654
13 0.590332 0.241699 0.108398 0.100586 0.000352621
1 0.57959 0.506348 0.44043 0.133789 0.000365973
6 0.0341797 0.0698242 0.0625 0.0673828 0.000380278
7 0.0126953 0.0595703 0.0214844 0.0507812 0.000391722
13 0.342773 0.32666 0.0957031 0.0302734 0.000393867
8 0.590332 0.241699 0.108398 0.100586 0.000397921
2 0.57959 0.506348 0.44043 0.133789 0.000414848
9 0.980469 0.11084 0.0390625 0.0478516 0.000420809
13 0.57959 0.506348 0.44043 0.133789 0.000426292
13 0.0244141 0.09375 0.0488281 0.046875 0.000429153
11 0.620117 0.0810547 0.0527344 0.0253906 0.000438213
11 0.57959 0.506348 0.44043 0.133789 0.000442982
12 0.57959 0.506348 0.44043 0.133789 0.000468016
7 0.0141602 0.0966797 0.0263672 0.0429688 0.000487566
8 0.0341797 0.0698242 0.0644531 0.0732422 0.000490189
13 0.762695 0.414062 0.0996094 0.0371094 0.000499725
5 0.765625 0.385742 0.298828 0.408203 0.000505924
10 0.580078 0.508301 0.4375 0.133789 0.000528812
6 0.0336914 0.0478516 0.0537109 0.0390625 0.000541687
5 0.57959 0.506348 0.44043 0.133789 0.000568867
11 0.42041 0.0683594 0.0791016 0.0234375 0.000572205
9 0.0336914 0.0478516 0.0537109 0.0390625 0.000583649
13 0.388184 0.398926 0.0654297 0.0283203 0.000593662
11 0.679199 0.0703125 0.0732422 0.015625 0.000615597
8 0.0244141 0.09375 0.0488281 0.046875 0.000615597
11 0.334961 0.0820312 0.134766 0.0546875 0.000618935
0 0.580566 0.501465 0.43457 0.15332 0.00062418
13 0.758301 0.511719 0.102539 0.09375 0.000642776
11 0.791016 0.108887 0.0742188 0.0517578 0.000653744
8 0.0336914 0.0478516 0.0537109 0.0390625 0.000658512
2 0.590332 0.241699 0.108398 0.100586 0.000664234
10 0.910645 0.60791 0.0439453 0.0693359 0.000710487
11 0.910645 0.60791 0.0439453 0.0693359 0.000718117
3 0.586426 0.249512 0.118164 0.12207 0.000735283
11 0.436523 0.0771484 0.0566406 0.03125 0.000738621
11 0.63623 0.0761719 0.0751953 0.0253906 0.000739574
8 0.827637 0.977051 0.0166016 0.0146484 0.000741482
4 0.0336914 0.0473633 0.0556641 0.0380859 0.000788212
8 0.758789 0.378906 0.0117188 0.00976562 0.000851631
4 0.0244141 0.09375 0.0488281 0.046875 0.000906944
2 0.627441 0.213867 0.0126953 0.0117188 0.000965118
9 0.533203 0.269531 0.251953 0.171875 0.00097847
13 0.77832 0.526367 0.078125 0.0585938 0.00100708
9 0.235352 0.743164 0.419922 0.513672 0.00106621
11 0.280273 0.101562 0.0644531 0.0449219 0.00109196
9 0.581543 0.505859 0.438477 0.140625 0.00109863
7 0.0366211 0.0908203 0.0673828 0.0429688 0.00120354
9 0.586426 0.249512 0.118164 0.12207 0.00122738
11 0.753418 0.0888672 0.0830078 0.0488281 0.00123501
10 0.224609 0.874512 0.345703 0.235352 0.00128937
11 0.730469 0.0786133 0.0917969 0.0341797 0.0013485
11 0.304199 0.0922852 0.0986328 0.0576172 0.00135326
9 0.510742 0.365234 0.224609 0.410156 0.00160694
10 0.23291 0.772461 0.415039 0.455078 0.0016489
8 0.62793 0.212402 0.0136719 0.0107422 0.00173855
13 0.0336914 0.0478516 0.0537109 0.0390625 0.00181007
11 0.665527 0.0703125 0.12207 0.0214844 0.00193787
11 0.773926 0.0996094 0.0634766 0.046875 0.0020256
4 0.0341797 0.0698242 0.0644531 0.0732422 0.0022583
11 0.345703 0.0708008 0.09375 0.0283203 0.00267029
11 0.374023 0.065918 0.107422 0.0224609 0.00398636
7 0.0332031 0.0483398 0.0546875 0.0380859 0.00445557
7 0.0341797 0.0698242 0.0644531 0.0732422 0.00533295
11 0.697754 0.0742188 0.120117 0.0234375 0.00754547
0 0.532715 0.261719 0.233398 0.152344 0.0358582
0 0.588379 0.24707 0.114258 0.111328 0.148438
3 0.575684 0.507324 0.432617 0.131836 0.509766
