7 0.199707 0.0825195 0.399414 0.151367 0.000100136
0 0.0966797 0.818848 0.177734 0.19043 0.000100315
10 0.742188 0.900879 0.412109 0.188477 0.000101209
13 0.779297 0.625 0.078125 0.0820312 0.000101626
3 0.0820312 0.32373 0.164062 0.34082 0.000101984
1 0.827148 0.0976562 0.34375 0.173828 0.000102639
13 0.116211 0.139648 0.115234 0.0859375 0.000103414
13 0.656738 0.27002 0.0361328 0.0341797 0.000103593
2 0.98291 0.866211 0.0341797 0.267578 0.00010407
8 0.827148 0.0976562 0.34375 0.173828 0.0001055
10 0.0209961 0.318359 0.0380859 0.115234 0.000108719
7 0.827148 0.0976562 0.34375 0.173828 0.000109851
13 0.71582 0.366699 0.0839844 0.0517578 0.000110149
10 0.0126953 0.423828 0.0234375 0.132812 0.000111043
13 0.248047 0.386719 0.0800781 0.0644531 0.000112295
10 0.959961 0.300293 0.0800781 0.319336 0.000112593
13 0.34375 0.269043 0.0214844 0.0263672 0.000113666
0 0.0966797 0.836426 0.193359 0.327148 0.000114977
2 0.22168 0.610352 0.0292969 0.0292969 0.000115871
2 0.827148 0.0976562 0.34375 0.173828 0.000119805
0 0.526855 0.439453 0.198242 0.349609 0.000120461
8 0.59668 0.241211 0.0253906 0.0214844 0.000123858
8 0.03125 0.234375 0.0625 0.119141 0.000123978
4 0.827148 0.0976562 0.34375 0.173828 0.000125408
3 0.545898 0.959961 0.173828 0.0800781 0.000126243
7 0.997559 0.900391 0.00488281 0.199219 0.000129342
10 0.171875 0.984375 0.0605469 0.0292969 0.00012958
11 0.0219727 0.145996 0.0419922 0.0322266 0.000132322
13 0.794434 0.638184 0.0576172 0.0576172 0.000133753
11 0.814941 0.291992 0.239258 0.314453 0.000136018
11 0.592773 0.214355 0.0625 0.0673828 0.000136375
13 0.0126953 0.159668 0.0234375 0.0400391 0.000139356
9 0.980957 0.00878906 0.0283203 0.015625 0.000140667
11 0.445312 0.180664 0.0507812 0.0683594 0.000141382
5 0.199707 0.0825195 0.399414 0.151367 0.000141621
10 0.0292969 0.22168 0.0566406 0.115234 0.000141859
3 0.528809 0.37793 0.213867 0.152344 0.000143051
6 0.0209961 0.152344 0.0400391 0.0351562 0.000143647
4 0.997559 0.900391 0.00488281 0.199219 0.000147104
3 0.807617 0.0961914 0.345703 0.161133 0.000148535
12 0.997559 0.900391 0.00488281 0.199219 0.00014925
4 0.0205078 0.291016 0.0390625 0.234375 0.000151038
2 0.199707 0.0825195 0.399414 0.151367 0.000151277
11 0.40332 0.221191 0.0332031 0.0185547 0.000151992
0 0.584473 0.394531 0.0966797 0.166016 0.000153422
8 0.997559 0.900391 0.00488281 0.199219 0.000156045
11 0.827148 0.0976562 0.34375 0.173828 0.000156045
11 0.637695 0.163574 0.113281 0.0263672 0.000158191
7 0.0126953 0.159668 0.0253906 0.0439453 0.00015986
6 0.577637 0.353516 0.108398 0.113281 0.000160694
10 0.827148 0.0976562 0.34375 0.173828 0.000162482
11 0.602539 0.155273 0.0605469 0.0332031 0.000162721
11 0.199707 0.0825195 0.399414 0.151367 0.000164628
11 0.729492 0.188477 0.0625 0.0410156 0.000165343
3 0.216309 0.100586 0.432617 0.171875 0.000165582
11 0.410156 0.178223 0.0996094 0.0458984 0.000166297
0 0.158203 0.941406 0.234375 0.117188 0.000166655
13 0.217285 0.117676 0.43457 0.235352 0.000169277
10 0.015625 0.262695 0.03125 0.181641 0.000170946
9 0.0219727 0.145996 0.0419922 0.0322266 0.00017333
2 1 0.940918 0 0.118164 0.000175595
9 0.27832 0.75293 0.349609 0.332031 0.000178814
4 0.577637 0.353516 0.108398 0.113281 0.000184298
10 0.00732422 0.398438 0.0146484 0.138672 0.00018692
7 0.250977 0.38916 0.0878906 0.0732422 0.000187874
3 0.0585938 0.864258 0.117188 0.271484 0.00018847
7 0.0131836 0.355469 0.0263672 0.201172 0.000192046
13 0.264648 0.384277 0.0585938 0.0458984 0.000192761
10 0.0209961 0.145996 0.0419922 0.0341797 0.000193715
7 0.0239258 0.133789 0.0419922 0.0351562 0.000194907
13 0.0883789 0.841309 0.176758 0.239258 0.000196695
3 0.139648 0.299316 0.279297 0.219727 0.000198841
12 0.0703125 0.864258 0.140625 0.259766 0.000207901
0 1 0.881348 0 0.0537109 0.000208855
4 0.0209961 0.145996 0.0419922 0.0341797 0.000212669
9 0.0224609 0.298828 0.0390625 0.242188 0.000214696
6 0.996094 0.910645 0.0078125 0.178711 0.000219822
0 0.398438 0.0175781 0.125 0.0351562 0.000221252
6 0.836914 0.0883789 0.287109 0.15332 0.00022161
11 0.0883789 0.841309 0.176758 0.239258 0.000228405
8 0.398926 0.220215 0.0185547 0.0146484 0.000237823
7 0.577637 0.353516 0.108398 0.113281 0.000247002
11 0.59375 0.169434 0.0625 0.0517578 0.000268221
9 0.528809 0.388672 0.223633 0.183594 0.000270128
13 0.0913086 0.0913086 0.182617 0.180664 0.000272989
10 0.0244141 0.260742 0.0429688 0.0976562 0.000274181
12 0.577637 0.353516 0.108398 0.113281 0.000278711
9 0.681641 0.499023 0.0527344 0.0585938 0.000291348
13 0.444336 0.231934 0.0507812 0.114258 0.000291824
11 0.634766 0.168945 0.0703125 0.0195312 0.000291824
0 0.637207 0.00927734 0.137695 0.0185547 0.00030303
13 0.288086 0.304688 0.0527344 0.0429688 0.000305653
1 0.577637 0.353516 0.108398 0.113281 0.00031209
11 0.401367 0.155273 0.0957031 0.0253906 0.000312328
7 0.00830078 0.297852 0.0166016 0.212891 0.000329256
13 0.577637 0.353516 0.108398 0.113281 0.000329494
0 0.387695 0.00927734 0.109375 0.0185547 0.000340223
13 0.70166 0.381836 0.108398 0.0878906 0.000362635
13 0.980469 0.882812 0.0390625 0.234375 0.000365257
11 0.62793 0.180664 0.101562 0.0292969 0.000365734
3 0.648438 0.882812 0.638672 0.212891 0.000380516
10 0.0131836 0.355469 0.0263672 0.201172 0.000382185
5 0.577637 0.353516 0.108398 0.113281 0.000383615
8 0.577637 0.353516 0.108398 0.113281 0.000385046
2 1 0.901367 0 0.193359 0.000385284
11 0.274902 0.205078 0.0673828 0.0546875 0.000404596
13 0.355469 0.271484 0.0429688 0.0273438 0.000410318
9 0.98291 0.012207 0.0126953 0.0185547 0.000431776
7 0.599121 0.60791 0.416992 0.157227 0.000455618
11 0.577637 0.353516 0.108398 0.113281 0.000477076
6 0.599121 0.60791 0.416992 0.157227 0.000492573
2 0.577637 0.353516 0.108398 0.113281 0.00049448
11 0.614258 0.170898 0.0839844 0.0351562 0.000511646
0 0.98291 0.866211 0.0341797 0.267578 0.000512123
10 0.577637 0.353516 0.108398 0.113281 0.000534058
8 0.22168 0.610352 0.0292969 0.0292969 0.00053978
8 0.599121 0.60791 0.416992 0.157227 0.000549316
0 0.0878906 0.898438 0.175781 0.203125 0.000553608
4 0.599121 0.60791 0.416992 0.157227 0.000566483
11 0.599121 0.60791 0.416992 0.157227 0.000575542
1 0.599121 0.60791 0.416992 0.157227 0.000579834
0 0.588867 0.330078 0.0742188 0.0644531 0.000583649
6 0.199707 0.0825195 0.399414 0.151367 0.000611782
2 0.599121 0.60791 0.416992 0.157227 0.000612259
12 0.599121 0.60791 0.416992 0.157227 0.000622272
9 0.51709 0.487793 0.198242 0.448242 0.00062561
13 0.599121 0.60791 0.416992 0.157227 0.000637054
9 0.22168 0.610352 0.0292969 0.0292969 0.000648022
7 0.0224609 0.298828 0.0390625 0.242188 0.000659943
11 0.594238 0.190918 0.0654297 0.0576172 0.000683784
11 0.394531 0.171875 0.0957031 0.0253906 0.000771523
10 0.00830078 0.297852 0.0166016 0.212891 0.000793457
13 0.0209961 0.152344 0.0400391 0.0351562 0.000817776
13 0.836914 0.0883789 0.287109 0.15332 0.000841618
13 0.199707 0.0825195 0.399414 0.151367 0.000906944
5 0.599609 0.612793 0.414062 0.157227 0.000946522
11 0.440918 0.17041 0.0498047 0.0341797 0.000963688
13 1 0.915527 0 0.168945 0.00105858
3 0.03125 0.234375 0.0625 0.119141 0.00108242
0 0.599609 0.612793 0.414062 0.157227 0.00114822
10 0.599609 0.612793 0.414062 0.157227 0.00117111
9 0.577637 0.353516 0.108398 0.113281 0.00122833
3 0.577637 0.353516 0.108398 0.113281 0.00134277
9 0.598145 0.612305 0.416992 0.138672 0.00144958
7 0.0205078 0.146484 0.0410156 0.03125 0.00169277
13 0.445312 0.226074 0.0273438 0.0556641 0.00184059
11 0.410156 0.164551 0.0976562 0.0283203 0.0021019
10 0.0205078 0.317871 0.0410156 0.25293 0.00262833
11 0.646973 0.172852 0.108398 0.0253906 0.00312042
0 1 0.901367 0 0.193359 0.00316238
11 0.288086 0.195801 0.0566406 0.0361328 0.00323486
0 0.530762 0.366699 0.204102 0.141602 0.00791168
0 0.577637 0.348145 0.106445 0.100586 0.32959
3 0.597656 0.611816 0.412109 0.133789 0.468994
