13 0.276855 0.269531 0.0498047 0.0625 0.00010401
9 0.980957 0.108398 0.0283203 0.046875 0.000104368
0 0.584961 0.286133 0.0722656 0.0761719 0.000104547
8 0.259766 0.246094 0.0585938 0.0332031 0.000104666
0 0 0.937988 0 0.0361328 0.000104666
3 0.921875 0.259766 0.152344 0.257812 0.000104725
5 0.168457 0.074707 0.327148 0.141602 0.000104904
13 0.384277 0.247559 0.137695 0.194336 0.000104964
2 0.981934 0.103516 0.0361328 0.0429688 0.000105023
13 0.236328 0.435547 0.078125 0.0253906 0.000105083
13 0.276855 0.556641 0.131836 0.0625 0.000105143
13 0.222168 0.415527 0.182617 0.254883 0.0001055
10 0.00439453 0.276367 0.00878906 0.203125 0.000106215
13 0.744629 0.162109 0.22168 0.181641 0.000106573
11 0.250488 0.185059 0.0888672 0.0810547 0.00010705
11 0.279297 0.152344 0.21875 0.136719 0.000109673
7 0.285156 0.27002 0.0917969 0.0810547 0.00011009
7 0.270996 0.166992 0.0869141 0.0742188 0.000111401
8 0.372559 0.367188 0.0146484 0.0117188 0.00011152
11 0.272461 0.20166 0.105469 0.0771484 0.000111759
8 0.210449 0.0776367 0.321289 0.147461 0.000112414
7 0.713379 0.171875 0.0224609 0.0214844 0.000112474
13 0.711426 0.173828 0.0263672 0.0234375 0.000112772
5 0.763672 0.238281 0.0878906 0.0429688 0.000113249
13 0.692383 0.217773 0.175781 0.0761719 0.000113606
9 0.0249023 0.116211 0.0498047 0.0429688 0.000113666
13 0.290039 0.438477 0.078125 0.0527344 0.000114083
6 0.0273438 0.11084 0.0546875 0.0478516 0.000114083
13 0.356445 0.222656 0.0566406 0.0507812 0.000114381
9 0.498535 0.502441 0.147461 0.485352 0.00011456
10 0.00732422 0.140625 0.0146484 0.0488281 0.000116229
4 0.206055 0.0913086 0.337891 0.15918 0.000116348
6 0.77832 0.225586 0.0566406 0.0214844 0.000116646
8 0.693359 0.611328 0.0117188 0.00976562 0.000117123
5 0.289551 0.441406 0.139648 0.0859375 0.000118971
9 0.252441 0.416504 0.208008 0.139648 0.000120759
13 0.67334 0.212402 0.0517578 0.0400391 0.000121057
11 0.772461 0.227051 0.0566406 0.0185547 0.000121832
9 0.348145 0.21582 0.0341797 0.03125 0.00012219
12 0.572266 0.308105 0.103516 0.116211 0.000122309
11 0.680664 0.109863 0.152344 0.0576172 0.000122786
9 0.606934 0.885254 0.637695 0.229492 0.000122905
1 0.637207 0.120117 0.12793 0.03125 0.00012362
1 0.572266 0.308105 0.103516 0.116211 0.000123739
8 0.0712891 0.938965 0.0175781 0.0302734 0.000123858
13 0.661621 0.43457 0.0380859 0.0253906 0.000123978
9 0.980957 0.00927734 0.0283203 0.0166016 0.000126004
9 0.280273 0.200195 0.0742188 0.0605469 0.000127673
5 0.264648 0.255859 0.0859375 0.0683594 0.00012815
9 0.769043 0.534668 0.133789 0.0849609 0.000129104
8 0.138672 0.711426 0.0253906 0.0224609 0.000129104
7 0.572266 0.308105 0.103516 0.116211 0.0001297
7 0.289551 0.441406 0.139648 0.0859375 0.000130534
10 0.108398 0.808594 0.0234375 0.0332031 0.000131011
11 0.297852 0.437988 0.166016 0.0849609 0.000132203
9 0.203125 0.463379 0.146484 0.270508 0.00013268
13 0.28125 0.147461 0.0859375 0.0566406 0.000133157
8 0.744141 0.308105 0.03125 0.0283203 0.000133514
7 0.771973 0.239258 0.0595703 0.0273438 0.000133991
2 0.772461 0.236328 0.0722656 0.0351562 0.000135779
7 0.0126953 0.377441 0.0234375 0.0791016 0.000135779
1 0.210449 0.0776367 0.321289 0.147461 0.000136614
6 0.252441 0.416504 0.208008 0.139648 0.000140548
13 0.813965 0.703125 0.0126953 0.0117188 0.000140786
1 0.255859 0.243164 0.0683594 0.0410156 0.000141144
9 0.226074 0.363281 0.168945 0.214844 0.00014174
13 0.294434 0.351074 0.241211 0.24707 0.000142455
13 0.339355 0.224609 0.0185547 0.015625 0.000142574
13 0.86377 0.102051 0.147461 0.100586 0.000143051
13 0.707031 0.182129 0.0488281 0.0439453 0.000143766
11 0.37207 0.123047 0.0605469 0.0195312 0.000144482
9 0.696777 0.177734 0.227539 0.125 0.000145793
8 0.814941 0.444824 0.139648 0.268555 0.000146389
11 0.264648 0.255859 0.0859375 0.0683594 0.000146389
8 0.63916 0.210938 0.0146484 0.0136719 0.000146627
10 0.646484 0.120605 0.136719 0.0283203 0.000146627
1 0.763672 0.238281 0.0878906 0.0429688 0.000146985
9 0.246582 0.237305 0.0712891 0.0371094 0.00014782
13 0.574219 0.319336 0.0976562 0.140625 0.000148296
13 0.651367 0.226562 0.0566406 0.0429688 0.000150442
7 0.629395 0.374512 0.0595703 0.0615234 0.000151634
8 0.641113 0.443359 0.0263672 0.0214844 0.000151992
7 0.221191 0.48877 0.174805 0.241211 0.000152111
9 0.722656 0.197266 0.0703125 0.078125 0.000152349
13 0.787109 0.462402 0.0644531 0.0283203 0.000154495
13 0.774414 0.528809 0.115234 0.0537109 0.000154853
5 0.235352 0.584473 0.230469 0.399414 0.000155568
13 0.819824 0.0722656 0.360352 0.144531 0.000158191
7 0.0229492 0.376953 0.0419922 0.0976562 0.000159025
13 0.256836 0.20459 0.0917969 0.0869141 0.00015986
13 0.809082 0.71582 0.0458984 0.0410156 0.000161409
9 0.76709 0.383301 0.243164 0.356445 0.000163555
11 0.246582 0.234375 0.0673828 0.0390625 0.000165462
11 0.580566 0.143555 0.0478516 0.0507812 0.000168324
11 0.108398 0.808594 0.0234375 0.0332031 0.000169635
13 0.361328 0.45459 0.0859375 0.0693359 0.000169873
13 0.657227 0.419922 0.0800781 0.0625 0.00017345
13 0.371094 0.436523 0.0742188 0.0410156 0.000173926
13 0.290527 0.539551 0.204102 0.239258 0.000174046
2 0.415527 0.612793 0.0283203 0.0224609 0.000174522
13 0.296387 0.255859 0.209961 0.222656 0.000174761
3 0.744629 0.967773 0.510742 0.0644531 0.000174999
5 0.572266 0.308105 0.103516 0.116211 0.000175953
7 0.00683594 0.124512 0.0136719 0.0283203 0.000176191
9 0.628418 0.373047 0.0595703 0.0625 0.000177026
11 0.402344 0.148926 0.0605469 0.0439453 0.000177145
3 0.803223 0.0644531 0.393555 0.125 0.000178695
5 0.791504 0.585938 0.176758 0.318359 0.000179291
13 0.734863 0.252441 0.0830078 0.0478516 0.000183344
8 0.336914 0.223633 0.0136719 0.0136719 0.000183821
11 0.675293 0.120117 0.0517578 0.0214844 0.00018537
7 0.771484 0.383301 0.234375 0.354492 0.000186086
8 0.679688 0.396973 0.0390625 0.0185547 0.000188828
11 0.230957 0.216309 0.0537109 0.0380859 0.000189066
11 0.692871 0.173828 0.200195 0.115234 0.000190854
13 0.70459 0.295898 0.168945 0.166016 0.000191092
8 0.612793 0.220215 0.0185547 0.0146484 0.000191212
13 0.704102 0.492188 0.160156 0.183594 0.000193596
11 0.880859 0.803223 0.046875 0.0791016 0.000194073
13 0.347656 0.214844 0.0371094 0.0292969 0.000196338
11 0.572266 0.308105 0.103516 0.116211 0.000196815
13 0.25293 0.443848 0.0527344 0.0400391 0.000197172
13 0.304199 0.413086 0.15332 0.0507812 0.000197411
8 0.572266 0.308105 0.103516 0.116211 0.000199199
4 0.00830078 0.283691 0.0166016 0.198242 0.000200033
2 0.753418 0.245117 0.100586 0.0585938 0.000200152
7 0.272461 0.20166 0.105469 0.0771484 0.000202179
13 0.260254 0.546387 0.102539 0.0361328 0.000203609
13 0.333496 0.215332 0.0693359 0.0361328 0.000205278
9 0.415527 0.612793 0.0283203 0.0224609 0.000210643
13 0.781738 0.558105 0.166992 0.165039 0.000210881
11 0.698242 0.134277 0.136719 0.0693359 0.000211
8 0.631348 0.37207 0.0595703 0.0625 0.000211358
13 0.317383 0.247559 0.158203 0.0908203 0.000216246
9 0.289551 0.441406 0.139648 0.0859375 0.00022018
11 0.726074 0.152344 0.0947266 0.0761719 0.000221968
11 0.788086 0.219727 0.0683594 0.03125 0.000222683
6 0.764648 0.238281 0.0878906 0.046875 0.000223875
10 0.572266 0.308105 0.103516 0.116211 0.000223994
13 0.271484 0.473145 0.125 0.102539 0.000225663
9 0.960449 0.450195 0.0751953 0.183594 0.000227094
9 0.754395 0.239746 0.112305 0.0693359 0.000231266
13 0.692871 0.173828 0.200195 0.115234 0.000231981
13 0.233398 0.220703 0.0410156 0.0175781 0.0002321
2 0.571289 0.307129 0.105469 0.114258 0.0002352
6 0.749512 0.196777 0.116211 0.104492 0.000235438
11 0.421875 0.117676 0.0625 0.0224609 0.000236988
7 0.203613 0.416504 0.139648 0.235352 0.000237584
7 0.259277 0.259277 0.0712891 0.0751953 0.000237703
13 0.37207 0.238281 0.0566406 0.0507812 0.00023973
6 0.255371 0.242676 0.0576172 0.0341797 0.000240207
4 0.0273438 0.11084 0.0546875 0.0478516 0.000242472
13 0.321777 0.288574 0.0517578 0.0439453 0.000246286
8 0.983398 0.107422 0.0332031 0.0429688 0.000246286
10 0.0253906 0.115723 0.0507812 0.0439453 0.000247717
8 0.71875 0.17334 0.03125 0.0244141 0.000254631
13 0.644043 0.635742 0.0654297 0.140625 0.000260592
9 0.779785 0.223633 0.0517578 0.0195312 0.000261307
6 0.289551 0.441406 0.139648 0.0859375 0.000261784
7 0.722656 0.197266 0.0703125 0.078125 0.000262499
13 0.650391 0.198242 0.148438 0.136719 0.000262499
13 0.23584 0.43457 0.155273 0.078125 0.000262737
8 0.381348 0.438477 0.0458984 0.0332031 0.000269651
11 0.379883 0.116699 0.0605469 0.0185547 0.000271082
13 0.625488 0.183105 0.0810547 0.0869141 0.000276804
13 0.250977 0.485352 0.222656 0.207031 0.000278234
2 0.206055 0.0786133 0.320312 0.147461 0.000286579
13 0.306641 0.219238 0.111328 0.0537109 0.000296354
3 0.606934 0.885254 0.637695 0.229492 0.0003016
13 0.760254 0.250488 0.0634766 0.0322266 0.000304937
13 0.723145 0.197754 0.0693359 0.0771484 0.000306606
3 0.206055 0.0786133 0.320312 0.147461 0.000311613
2 0.259766 0.246094 0.0585938 0.0332031 0.000320435
13 0.657715 0.202148 0.0966797 0.0859375 0.000320911
11 0.60498 0.148438 0.0869141 0.0761719 0.00032258
10 0.115234 0.796387 0.046875 0.0478516 0.000323534
4 0.814941 0.444824 0.139648 0.268555 0.000324249
13 0.375 0.249023 0.0742188 0.0898438 0.000329733
11 0.772461 0.236328 0.0722656 0.0351562 0.000336647
11 0.168457 0.074707 0.327148 0.141602 0.000340223
7 0.0141602 0.117676 0.0263672 0.0380859 0.000340462
8 0.629883 0.165527 0.0117188 0.0126953 0.000341892
7 0.256836 0.245117 0.0585938 0.03125 0.000348806
13 0.760742 0.220703 0.0976562 0.0429688 0.000349283
8 0.649414 0.430664 0.0507812 0.0390625 0.000353575
6 0.852539 0.0834961 0.253906 0.151367 0.000358343
7 0.960449 0.450195 0.0751953 0.183594 0.000359535
4 0.0224609 0.276367 0.0429688 0.244141 0.000361204
11 0.638184 0.115723 0.0615234 0.0185547 0.000361443
7 0.763672 0.238281 0.0878906 0.0429688 0.000364542
11 0.412598 0.135742 0.0712891 0.0351562 0.000366211
13 0.806152 0.559082 0.0908203 0.0419922 0.000367165
9 0.775879 0.229004 0.0732422 0.0302734 0.000377178
2 0.295898 0.441895 0.148438 0.0830078 0.00037837
11 0.748047 0.178223 0.115234 0.110352 0.000396013
13 0.706055 0.490723 0.0996094 0.0849609 0.00041461
11 0.616211 0.123535 0.0625 0.0244141 0.00042057
13 0.328613 0.561035 0.104492 0.0654297 0.000421524
11 0.288574 0.170898 0.114258 0.09375 0.000421762
8 0.73877 0.306152 0.0185547 0.0185547 0.00043273
5 0.221191 0.48877 0.174805 0.241211 0.000434637
13 0.778809 0.242188 0.0576172 0.0195312 0.000438213
10 0.879883 0.811035 0.0429688 0.0751953 0.000441074
7 0.246094 0.355957 0.212891 0.241211 0.00044179
8 0.687988 0.397949 0.0205078 0.0146484 0.000449896
11 0.352051 0.120117 0.0615234 0.0175781 0.000463009
11 0.112305 0.791016 0.0371094 0.0703125 0.000466585
7 0.77832 0.226074 0.0566406 0.0224609 0.000470638
6 0.210449 0.0776367 0.321289 0.147461 0.000481606
8 0.813965 0.703613 0.0126953 0.0107422 0.000488281
13 0.652832 0.431641 0.0556641 0.0429688 0.000504971
11 0.330566 0.144531 0.172852 0.0742188 0.000509262
9 0.259766 0.246094 0.0585938 0.0332031 0.000514984
11 0.256836 0.245117 0.0585938 0.03125 0.000514984
13 0.261719 0.46582 0.0625 0.046875 0.000515938
13 0.760254 0.226562 0.0576172 0.0253906 0.00052166
9 0.264648 0.255859 0.0859375 0.0683594 0.000529289
9 0.764648 0.239258 0.0859375 0.0371094 0.000529766
5 0.812988 0.462402 0.141602 0.250977 0.000544071
11 0.727051 0.139648 0.0712891 0.0429688 0.000545025
8 0.325684 0.288086 0.0458984 0.0371094 0.00055027
13 0.790039 0.546875 0.125 0.0683594 0.000556469
13 0.730469 0.515625 0.0703125 0.0566406 0.000564575
2 0.264648 0.255859 0.0859375 0.0683594 0.000589848
3 0.570312 0.307129 0.107422 0.118164 0.000596046
7 0.00830078 0.283691 0.0166016 0.198242 0.000596523
10 0.791992 0.950195 0.416016 0.0957031 0.000619888
6 0.259277 0.259277 0.0712891 0.0751953 0.000636101
13 0.85498 0.117188 0.114258 0.0390625 0.000721455
9 0.572266 0.308105 0.103516 0.116211 0.000727177
13 0.793457 0.22168 0.0732422 0.0332031 0.000753403
13 0.237305 0.226074 0.0605469 0.0283203 0.000754833
13 0.273926 0.22998 0.129883 0.139648 0.00075531
8 0.714844 0.17041 0.0175781 0.0166016 0.000762939
6 0.812988 0.462402 0.141602 0.250977 0.000772953
13 0.709961 0.237793 0.208984 0.151367 0.000776768
7 0.0224609 0.276367 0.0429688 0.244141 0.000790119
11 0.404785 0.11377 0.0712891 0.0166016 0.000798225
13 0.279297 0.199707 0.0761719 0.0654297 0.000802517
11 0.405762 0.125977 0.0947266 0.03125 0.000805378
9 0.98291 0.0126953 0.0146484 0.0195312 0.000822067
13 0.77832 0.494141 0.205078 0.208984 0.000842094
11 0.646484 0.108398 0.109375 0.0253906 0.000932693
10 0.00830078 0.283691 0.0166016 0.198242 0.000941277
8 0.415527 0.611816 0.0244141 0.0205078 0.00105762
9 0.749512 0.196777 0.116211 0.104492 0.00109291
13 0.249023 0.234863 0.0898438 0.0673828 0.00111294
7 0.0253906 0.115723 0.0507812 0.0439453 0.00113392
13 0.304199 0.280762 0.176758 0.110352 0.00117207
11 0.265137 0.166504 0.0673828 0.0576172 0.00117302
0 0.535645 0.32373 0.18457 0.149414 0.00119972
13 0.319824 0.457031 0.163086 0.0976562 0.00126648
13 0.73291 0.266113 0.137695 0.0947266 0.00128078
11 0.592285 0.132812 0.0615234 0.0410156 0.00140095
13 0.864746 0.0834961 0.219727 0.149414 0.0014658
0 0.964844 0.177246 0.0625 0.100586 0.0014925
13 0.252441 0.416504 0.208008 0.139648 0.00156021
13 0.798828 0.725586 0.0507812 0.0351562 0.00156498
10 0.0224609 0.276367 0.0429688 0.244141 0.00159168
7 0.749512 0.196777 0.116211 0.104492 0.00163269
11 0.341797 0.125977 0.0742188 0.0253906 0.00168419
11 0.376953 0.132324 0.121094 0.0322266 0.00170803
13 0.725586 0.513672 0.107422 0.0898438 0.00172901
13 0.254395 0.431641 0.0791016 0.0390625 0.00172997
9 0.814941 0.444824 0.139648 0.268555 0.00175667
13 0.243652 0.431152 0.0458984 0.0263672 0.00188446
11 0.700195 0.128418 0.0917969 0.0458984 0.00213242
11 0.648438 0.125488 0.150391 0.0537109 0.00226021
13 0.168457 0.074707 0.327148 0.141602 0.00227737
13 0.269531 0.25293 0.0507812 0.0332031 0.00233841
13 0.257812 0.269043 0.0859375 0.112305 0.00234985
13 0.743652 0.208496 0.12207 0.0927734 0.0026474
13 0.285156 0.243652 0.0996094 0.0498047 0.0028019
10 0.113281 0.797852 0.0273438 0.0371094 0.00295639
11 0.113281 0.797852 0.0273438 0.0371094 0.00322342
13 0.264648 0.448242 0.0976562 0.0644531 0.00382423
11 0.304199 0.140137 0.0966797 0.0576172 0.00454712
13 0.757324 0.533203 0.131836 0.09375 0.00458908
13 0.274414 0.421875 0.117188 0.0429688 0.00460815
7 0.814941 0.444824 0.139648 0.268555 0.00501633
11 0.387207 0.115234 0.118164 0.0234375 0.00515366
13 0.77832 0.22998 0.0761719 0.0380859 0.0058403
11 0.660645 0.113281 0.0751953 0.0214844 0.00717926
13 0.754395 0.239746 0.112305 0.0693359 0.00779724
11 0.675293 0.120605 0.0966797 0.0283203 0.00958252
13 0.283691 0.269531 0.104492 0.078125 0.0109406
11 0.32959 0.129395 0.112305 0.0361328 0.0113068
10 0.881836 0.81543 0.0332031 0.0449219 0.0114594
11 0.881348 0.816895 0.0341797 0.0439453 0.0118866
11 0.621582 0.126465 0.112305 0.0361328 0.0125504
11 0.280273 0.153809 0.0722656 0.0556641 0.0146942
13 0.243164 0.236816 0.0683594 0.0380859 0.0172119
13 0.77832 0.225586 0.0566406 0.0214844 0.0224304
11 0.366699 0.121582 0.12207 0.0263672 0.0245514
13 0.764648 0.239258 0.0859375 0.0371094 0.0453796
13 0.293457 0.436035 0.143555 0.0693359 0.04599
13 0.266113 0.254395 0.0732422 0.0537109 0.0499878
11 0.64209 0.116699 0.12793 0.0283203 0.0787964
13 0.256836 0.245117 0.0585938 0.03125 0.102722
0 0.571289 0.307129 0.105469 0.114258 0.166748
