3 0.19873 0.869141 0.397461 0.261719 0.000101984
13 0.459473 0.30957 0.0322266 0.0371094 0.000104547
8 0.375977 0.449707 0.0234375 0.0166016 0.000104785
13 0.805664 0.614746 0.0722656 0.0712891 0.000105798
9 0.980469 0.00830078 0.0273438 0.0146484 0.000105798
3 0.604004 0.532715 0.432617 0.282227 0.000106752
13 0.59375 0.366211 0.101562 0.0898438 0.000106871
6 0.121582 0.0751953 0.243164 0.150391 0.000106931
13 0.362305 0.50293 0.119141 0.0332031 0.000108719
0 0.215332 0.938477 0.15332 0.117188 0.000109017
13 0.688965 0.307129 0.118164 0.143555 0.000110626
9 0.522461 0.493164 0.197266 0.382812 0.000113368
11 0.655762 0.247559 0.110352 0.0712891 0.000113368
11 0.683105 0.241211 0.12793 0.0292969 0.000113785
8 0.41748 0.447754 0.00878906 0.00878906 0.000118971
3 0.0791016 0.921387 0.158203 0.157227 0.000120759
7 0.59375 0.366211 0.101562 0.0898438 0.000123978
10 0.59375 0.366699 0.0996094 0.0927734 0.000125408
13 0.687988 0.448242 0.0498047 0.0566406 0.000127196
10 0.21582 0.132812 0.431641 0.21875 0.000127554
0 0.616211 0.360352 0.0527344 0.0722656 0.000129819
10 0.0332031 0.25 0.0625 0.101562 0.000130057
2 0.0854492 0.884766 0.170898 0.21875 0.000130177
7 0.0224609 0.427246 0.0410156 0.110352 0.000131369
3 0.0605469 0.836426 0.121094 0.327148 0.000131488
0 0.959961 0.432129 0.0800781 0.170898 0.000132442
5 0.798828 0.494629 0.257812 0.354492 0.000137925
9 0.0112305 0.391113 0.0224609 0.172852 0.000138402
3 0.612793 0.58252 0.211914 0.141602 0.000139356
0 0.132324 0.874512 0.264648 0.250977 0.00014174
9 0.685059 0.287109 0.0458984 0.0878906 0.000142217
11 0.424805 0.231934 0.117188 0.0322266 0.000142574
11 0.806641 0.265625 0.0703125 0.0761719 0.000143766
11 0.119629 0.69873 0.0341797 0.0439453 0.000144005
7 0.0268555 0.188965 0.0537109 0.0283203 0.000144958
9 0.736816 0.638672 0.198242 0.0605469 0.000145316
3 0.123047 0.362305 0.246094 0.318359 0.000145435
10 0.119629 0.69873 0.0341797 0.0439453 0.000146389
9 0.012207 0.233398 0.0244141 0.0878906 0.000149727
13 0.687012 0.396973 0.0283203 0.0244141 0.000149846
1 0.875977 0.0844727 0.232422 0.151367 0.000151634
3 0.432617 0.960449 0.238281 0.0791016 0.000153899
7 0.0112305 0.42041 0.0224609 0.102539 0.000154853
11 0.682617 0.21875 0.0449219 0.0117188 0.00015676
4 0.875977 0.0844727 0.232422 0.151367 0.000158191
13 0.0849609 0.0664062 0.169922 0.132812 0.000160933
0 0.57959 0.425781 0.180664 0.230469 0.000163317
8 0.59375 0.366211 0.101562 0.0898438 0.000163436
8 0.754395 0.19873 0.0283203 0.0224609 0.000168324
7 0.868652 0.0668945 0.24707 0.12207 0.00016892
11 0.792969 0.23584 0.326172 0.196289 0.000170112
13 0.0854492 0.884766 0.170898 0.21875 0.000170469
11 0.59375 0.366211 0.101562 0.0898438 0.000175953
9 0.0332031 0.25 0.0625 0.101562 0.000177741
6 0.179688 0.112305 0.359375 0.195312 0.000178576
10 0.19873 0.869141 0.397461 0.261719 0.000179768
5 0.868652 0.0668945 0.24707 0.12207 0.000181079
0 0.0854492 0.884766 0.170898 0.21875 0.000182271
11 0.77832 0.248047 0.0429688 0.0273438 0.000182867
2 0.59375 0.366211 0.0996094 0.0917969 0.000183344
3 0.0478516 0.447754 0.0957031 0.139648 0.00018394
10 0.0200195 0.383789 0.0380859 0.195312 0.000186682
8 0.875977 0.0844727 0.232422 0.151367 0.000187039
11 0.29834 0.261719 0.0498047 0.0371094 0.000188231
8 0.687012 0.395508 0.0244141 0.0214844 0.00019455
11 0.875977 0.0844727 0.232422 0.151367 0.000196338
3 0.939941 0.924805 0.120117 0.150391 0.000200033
8 0.649902 0.34082 0.0107422 0.00976562 0.000202894
8 0.769043 0.470703 0.0166016 0.015625 0.000211239
11 0.0854492 0.884766 0.170898 0.21875 0.000211477
0 0.207031 0.897461 0.259766 0.205078 0.000216484
11 0.760254 0.240234 0.0830078 0.03125 0.000219464
11 0.950195 0.724121 0.0273438 0.0419922 0.00022471
13 0.179199 0.0805664 0.358398 0.143555 0.000227809
2 0.875977 0.0844727 0.232422 0.151367 0.000228167
9 0.477539 0.353027 0.0546875 0.0927734 0.0002321
10 0.950195 0.724121 0.0273438 0.0419922 0.000240922
7 0.476074 0.352539 0.0537109 0.107422 0.000243902
13 0.327637 0.495605 0.124023 0.0322266 0.000244379
3 0.696289 0.881836 0.607422 0.236328 0.000252008
11 0.472656 0.229492 0.0429688 0.0253906 0.000274658
9 0.549805 0.383789 0.185547 0.130859 0.000274897
5 0.854004 0.537598 0.149414 0.266602 0.000281096
9 0.461426 0.316895 0.0244141 0.0185547 0.000283957
11 0.414062 0.217773 0.0683594 0.015625 0.000299454
11 0.245605 0.305176 0.0400391 0.0400391 0.000313282
3 0.0341797 0.26123 0.0664062 0.104492 0.000324726
13 0.695312 0.312988 0.0527344 0.0732422 0.000327826
13 0.393555 0.344727 0.0546875 0.0800781 0.000343323
7 0.00732422 0.384277 0.0146484 0.161133 0.000351191
11 0.683105 0.22168 0.0908203 0.0214844 0.000365019
10 0.00732422 0.384277 0.0146484 0.161133 0.000385761
3 0.621582 0.64209 0.428711 0.131836 0.000509739
3 0.875977 0.0844727 0.232422 0.151367 0.000513554
13 0.0268555 0.188965 0.0537109 0.0283203 0.000528812
13 0.690918 0.312012 0.0244141 0.0400391 0.000531673
9 0.594727 0.364746 0.0976562 0.0927734 0.000599384
13 0.875977 0.0844727 0.232422 0.151367 0.000613689
6 0.875977 0.0844727 0.232422 0.151367 0.00061655
9 0.98291 0.0126953 0.0126953 0.0195312 0.000633717
3 0.59375 0.366211 0.101562 0.0898438 0.000635147
7 0.616211 0.589844 0.433594 0.158203 0.000720501
11 0.616211 0.589844 0.433594 0.158203 0.00080061
6 0.616211 0.589844 0.433594 0.158203 0.000828743
8 0.616211 0.589844 0.433594 0.158203 0.000872135
1 0.616211 0.589844 0.433594 0.158203 0.000874996
4 0.616211 0.589844 0.433594 0.158203 0.000885963
12 0.616211 0.589844 0.433594 0.158203 0.00090313
2 0.616211 0.589844 0.433594 0.158203 0.00090313
13 0.616211 0.589844 0.433594 0.158203 0.000946522
11 0.467285 0.23584 0.0654297 0.0400391 0.00115108
11 0.640137 0.248535 0.0712891 0.0380859 0.0011673
11 0.618652 0.26123 0.0556641 0.0888672 0.00117207
11 0.3125 0.252441 0.0566406 0.0380859 0.00123405
5 0.616211 0.589844 0.433594 0.158203 0.00124168
13 0.686035 0.291016 0.0439453 0.0859375 0.00142002
10 0.616211 0.589844 0.433594 0.158203 0.00172615
0 0.616211 0.589844 0.433594 0.158203 0.00174713
11 0.772949 0.249512 0.0771484 0.0400391 0.00180054
9 0.615723 0.592773 0.43457 0.138672 0.00180912
11 0.436523 0.220215 0.0898438 0.0244141 0.00194359
11 0.658691 0.233398 0.102539 0.0332031 0.00203896
11 0.453613 0.227051 0.0732422 0.0302734 0.00250816
11 0.628906 0.237793 0.0585938 0.0419922 0.00318336
11 0.791016 0.257324 0.0585938 0.0458984 0.00365448
0 0.549805 0.383789 0.185547 0.130859 0.00680923
3 0.097168 0.36377 0.194336 0.182617 0.00905609
0 0.59375 0.366699 0.0996094 0.0927734 0.119141
3 0.611816 0.592773 0.426758 0.130859 0.746094
