0 0.431641 0.428223 0.0566406 0.0771484 0.00010103
8 0.150879 0.648926 0.0126953 0.0107422 0.000101924
7 0.964355 0.186035 0.0673828 0.0302734 0.000102162
8 0.428223 0.606445 0.0302734 0.0332031 0.000102818
0 0.379883 0.0610352 0.369141 0.12207 0.000102878
0 0.56543 0.40332 0.126953 0.177734 0.000103354
13 0.748535 0.177734 0.106445 0.0683594 0.000103414
8 0.464844 0.0180664 0.0917969 0.0283203 0.000104904
2 0.450684 0.450195 0.0419922 0.0527344 0.000104904
8 0.466797 0.0800781 0.140625 0.107422 0.000105143
0 0.535645 0.0444336 0.22168 0.0888672 0.000105917
9 0.424316 0.0249023 0.0224609 0.0322266 0.000106633
8 0.19873 0.427246 0.0166016 0.0146484 0.00010711
13 0.316406 0.163574 0.171875 0.0419922 0.000107706
1 0.25 0.172852 0.125 0.0625 0.000108302
9 0.54834 0.884277 0.569336 0.227539 0.000109196
9 0.633789 0.702637 0.0546875 0.0595703 0.000111282
9 0.386719 0.752441 0.148438 0.202148 0.000111461
11 0.700684 0.155762 0.0615234 0.0341797 0.000111699
13 0.704102 0.166504 0.150391 0.0673828 0.000112593
13 0.703613 0.765137 0.0224609 0.0478516 0.000112951
0 0.67334 0.196289 0.254883 0.123047 0.00011313
6 0.467285 0.0498047 0.172852 0.0976562 0.00011313
11 0.680664 0.154297 0.0585938 0.0292969 0.000114143
0 0.545898 0.482422 0.259766 0.296875 0.000115037
6 0.767578 0.0634766 0.146484 0.109375 0.000115514
4 0.473145 0.059082 0.168945 0.118164 0.000116348
11 0.631836 0.208984 0.121094 0.0566406 0.000116825
12 0.737305 0.251953 0.302734 0.210938 0.000117004
11 0.305176 0.151367 0.321289 0.103516 0.00011754
11 0.718262 0.166016 0.155273 0.117188 0.000117779
13 0.0151367 0.165527 0.0302734 0.0322266 0.000118375
12 0.825684 0.0527344 0.348633 0.105469 0.000118554
8 0.286133 0.81543 0.0136719 0.0117188 0.00011909
11 0.179199 0.220703 0.135742 0.117188 0.000120103
7 0.665039 0.164551 0.212891 0.0634766 0.000121772
9 0.557617 0.0307617 0.189453 0.0615234 0.00012362
13 0.84375 0.605957 0.0527344 0.0283203 0.000123739
13 0.718262 0.755859 0.0673828 0.0605469 0.00012517
13 0.624512 0.708496 0.104492 0.0927734 0.000125289
9 0.276367 0.246094 0.177734 0.109375 0.000125766
8 0.646484 0.574219 0.0566406 0.0429688 0.000127196
9 0.599121 0.980957 0.198242 0.0380859 0.000128746
0 0.483398 0.0874023 0.240234 0.174805 0.000129104
8 0.78418 0.34668 0.00976562 0.00976562 0.000130177
2 0.557129 0.0297852 0.165039 0.0595703 0.000131488
9 0.394043 0.0288086 0.12207 0.0576172 0.000131488
13 0.411621 0.0351562 0.155273 0.0683594 0.000132322
2 0.460938 0.027832 0.0566406 0.0517578 0.00013423
13 0.229492 0.187012 0.130859 0.0810547 0.000135303
11 0.566895 0.203125 0.0537109 0.0683594 0.000136375
9 0.42627 0.422852 0.0615234 0.173828 0.000136495
13 0.293457 0.366699 0.229492 0.188477 0.000137806
9 0.342773 0.203613 0.189453 0.118164 0.00013876
13 0.466309 0.09375 0.200195 0.181641 0.000138998
9 0.767578 0.0551758 0.15625 0.104492 0.000139356
2 0.485352 0.0185547 0.158203 0.0371094 0.000140905
8 0.468262 0.0830078 0.0341797 0.0292969 0.000142455
3 0.586426 0.966309 0.510742 0.0673828 0.000142574
11 0.24707 0.168457 0.0507812 0.0302734 0.000144839
8 0.466309 0.03125 0.151367 0.0625 0.000148058
9 0.0551758 0.0180664 0.110352 0.0361328 0.000149846
13 0.976562 0.916992 0.046875 0.166016 0.0001508
13 0.405273 0.0195312 0.0625 0.0390625 0.000151634
1 0.775391 0.0566406 0.25 0.113281 0.00015378
3 0.473145 0.059082 0.168945 0.118164 0.000153899
9 0.587891 0.0463867 0.314453 0.0908203 0.000154018
10 0.303711 0.161133 0.160156 0.0351562 0.000156045
9 0.511719 0.405273 0.173828 0.205078 0.000157833
1 0.683105 0.171387 0.241211 0.0869141 0.000159383
9 0.75293 0.200195 0.1875 0.128906 0.000160694
9 0.116211 0.0126953 0.232422 0.0253906 0.000161052
12 0.287109 0.219238 0.269531 0.133789 0.000162959
9 0.399414 0.248535 0.181641 0.241211 0.000164509
13 0.767578 0.0634766 0.146484 0.109375 0.000165701
2 0.998047 0.946777 0.00390625 0.106445 0.000166774
13 0.978516 0.200195 0.0429688 0.101562 0.000167847
11 0.513184 0.0444336 0.12207 0.0849609 0.000169635
0 0.492676 0.478027 0.217773 0.491211 0.000170588
3 0.303223 0.161133 0.15918 0.0371094 0.000171304
0 0.398438 0.0209961 0.0800781 0.0419922 0.000171661
9 0.297852 0.265137 0.275391 0.219727 0.000176549
1 0.52002 0.0317383 0.0751953 0.0615234 0.000176668
8 0.436035 0.521484 0.0244141 0.0371094 0.000177145
11 0.608398 0.207031 0.126953 0.103516 0.000177741
2 0.634277 0.57666 0.0380859 0.0322266 0.000178337
2 0.551758 0.365234 0.0878906 0.09375 0.00017941
11 0.806641 0.227539 0.0800781 0.0839844 0.000180364
9 0.436523 0.728516 0.0976562 0.126953 0.000181556
9 0.730957 0.892578 0.401367 0.1875 0.000181675
9 0.794434 0.105469 0.395508 0.195312 0.000183463
7 0.261719 0.181641 0.216797 0.0839844 0.000183582
9 0.732422 0.55957 0.300781 0.515625 0.000183702
13 0.317383 0.274902 0.195312 0.174805 0.000183821
11 0.881348 0.813965 0.0283203 0.0947266 0.000184178
12 0.11377 0.0478516 0.227539 0.09375 0.000187397
3 0.543457 0.682617 0.325195 0.119141 0.000189662
0 0.261719 0.181641 0.216797 0.0839844 0.000192285
9 0.418457 0.492188 0.149414 0.455078 0.00019443
13 0.369629 0.251953 0.155273 0.169922 0.000198007
9 0.573242 0.209473 0.113281 0.192383 0.000198007
11 0.316895 0.148438 0.174805 0.0429688 0.000198364
9 0.305176 0.151367 0.321289 0.103516 0.000199199
9 0.450684 0.450195 0.0419922 0.0527344 0.000202179
2 0.410156 0.0380859 0.134766 0.0722656 0.000203967
11 0.803223 0.0546875 0.348633 0.107422 0.00020504
11 0.600586 0.160645 0.0683594 0.0478516 0.000207186
2 0.255371 0.186523 0.206055 0.0898438 0.000207901
11 0.332031 0.160156 0.0761719 0.0273438 0.000209332
9 0.262207 0.0473633 0.524414 0.0947266 0.000209689
8 0.436523 0.433594 0.0546875 0.0703125 0.000212669
11 0.297363 0.162598 0.0751953 0.0283203 0.000215054
9 0.404785 0.164062 0.290039 0.220703 0.000215173
11 0.398926 0.243652 0.0927734 0.141602 0.000217795
5 0.79541 0.700195 0.149414 0.214844 0.000218034
8 0.408691 0.0214844 0.0634766 0.0429688 0.000220656
7 0.11377 0.0478516 0.227539 0.09375 0.000221133
3 0.242676 0.0424805 0.456055 0.0849609 0.000221848
7 0.806152 0.0307617 0.352539 0.0615234 0.000224233
9 0.393555 0.229004 0.107422 0.149414 0.00022769
13 0.276367 0.246094 0.177734 0.109375 0.000229359
10 0.0810547 0.863281 0.0390625 0.0761719 0.000229836
13 0.428711 0.435059 0.0527344 0.0634766 0.0002321
9 0.688477 0.148926 0.287109 0.0966797 0.00023365
11 0.294922 0.26123 0.246094 0.186523 0.000234365
9 0.54541 0.364746 0.102539 0.110352 0.000237823
9 0.589844 0.112305 0.376953 0.21875 0.000240564
1 0.303223 0.161133 0.15918 0.0371094 0.000241399
9 0.467773 0.0830078 0.0527344 0.0410156 0.000245333
2 0.704102 0.166504 0.150391 0.0673828 0.000246286
1 0.473145 0.059082 0.168945 0.118164 0.000247478
7 0.400879 0.248535 0.0849609 0.147461 0.000247717
11 0.273438 0.160156 0.0625 0.0273438 0.000247955
11 0.0810547 0.863281 0.0390625 0.0761719 0.000248194
2 0.527832 0.0507812 0.124023 0.0976562 0.000248909
12 0.470703 0.0571289 0.169922 0.114258 0.000249386
9 0.58252 0.183594 0.0908203 0.103516 0.000250578
9 0.542969 0.158691 0.173828 0.249023 0.000254393
10 0.261719 0.181641 0.216797 0.0839844 0.00026083
9 0.461914 0.470703 0.111328 0.238281 0.000263214
2 0.537109 0.0219727 0.0625 0.0439453 0.000267267
9 0.449707 0.0302734 0.116211 0.0605469 0.000267744
12 0.651367 0.185547 0.220703 0.101562 0.000273228
7 0.521973 0.0332031 0.0751953 0.0644531 0.000275612
9 0.0200195 0.0917969 0.0400391 0.0585938 0.000277281
11 0.676758 0.147461 0.0996094 0.0273438 0.000279903
11 0.236328 0.175293 0.078125 0.0537109 0.000283241
0 0.998047 0.946777 0.00390625 0.106445 0.000286102
13 0.856934 0.66748 0.0283203 0.0576172 0.000288725
11 0.581543 0.216797 0.102539 0.171875 0.000297785
6 0.79248 0.0527344 0.293945 0.105469 0.000298023
9 0.0356445 0.0317383 0.0673828 0.0634766 0.000301123
10 0.802734 0.0834961 0.369141 0.157227 0.000301838
2 0.500977 0.0766602 0.220703 0.15332 0.000302792
2 0.44873 0.0297852 0.114258 0.0595703 0.000311136
8 0.199707 0.427734 0.00878906 0.0078125 0.000311136
13 0.699219 0.757812 0.0410156 0.0546875 0.000315666
9 0.0117188 0.0483398 0.0214844 0.0966797 0.000316143
8 0.634277 0.57666 0.0380859 0.0322266 0.000332594
7 0.567871 0.717285 0.473633 0.180664 0.000349045
13 0.998047 0.946777 0.00390625 0.106445 0.000351667
2 0.438965 0.453613 0.0673828 0.145508 0.000357389
9 0.157715 0.0830078 0.31543 0.158203 0.000360012
7 0.473145 0.059082 0.168945 0.118164 0.000368595
11 0.786621 0.20752 0.0947266 0.0947266 0.000371695
6 0.568359 0.69873 0.46875 0.237305 0.000375986
11 0.440918 0.445801 0.0244141 0.0322266 0.000377417
13 0.291992 0.19043 0.248047 0.0996094 0.000381708
9 0.442383 0.705566 0.208984 0.317383 0.000386715
13 0.243652 0.322754 0.149414 0.124023 0.000397444
9 0.704102 0.166504 0.150391 0.0673828 0.00041461
11 0.570801 0.707031 0.46582 0.197266 0.000420094
8 0.570801 0.707031 0.46582 0.197266 0.000420094
4 0.570801 0.707031 0.46582 0.197266 0.000420094
12 0.742676 0.190918 0.206055 0.104492 0.000421047
9 0.421875 0.0400391 0.193359 0.078125 0.000426531
1 0.570801 0.707031 0.46582 0.197266 0.000440121
11 0.379883 0.174316 0.0585938 0.0380859 0.000442028
5 0.22998 0.552246 0.303711 0.575195 0.000456572
2 0.570801 0.707031 0.46582 0.197266 0.000468254
8 0.630371 0.575684 0.0205078 0.0166016 0.000472069
4 0.775391 0.0566406 0.25 0.113281 0.000478029
11 0.398926 0.203125 0.0830078 0.0878906 0.000482321
9 0.435547 0.73584 0.046875 0.0400391 0.000486374
9 0.513184 0.0444336 0.12207 0.0849609 0.000508785
0 0.52002 0.0307617 0.0732422 0.0595703 0.000516891
11 0.723145 0.158203 0.0537109 0.0351562 0.000522614
9 0.261719 0.181641 0.216797 0.0839844 0.000525475
9 0.489746 0.219238 0.249023 0.438477 0.000526905
12 0.570801 0.707031 0.46582 0.197266 0.00053072
13 0.568359 0.718262 0.472656 0.180664 0.000535965
9 0.436523 0.433594 0.0546875 0.0703125 0.00053978
7 0.770508 0.0620117 0.105469 0.0869141 0.000557899
9 0.671875 0.19043 0.259766 0.121094 0.00057745
13 0.79248 0.0527344 0.293945 0.105469 0.000579357
9 0.439453 0.468262 0.0664062 0.163086 0.000585556
7 0.441406 0.446777 0.0234375 0.0302734 0.000590324
13 0.440918 0.446777 0.0224609 0.0283203 0.000607491
9 0.467773 0.0834961 0.0332031 0.0283203 0.000637054
9 0.4375 0.442871 0.0351562 0.0439453 0.000639915
13 0.633789 0.702637 0.0546875 0.0595703 0.000644684
8 0.498047 0.0532227 0.167969 0.0986328 0.000732422
9 0.803223 0.0546875 0.348633 0.107422 0.000744343
0 0.440918 0.446777 0.0224609 0.0283203 0.000772476
11 0.249512 0.215332 0.209961 0.141602 0.00077486
10 0.570801 0.707031 0.46582 0.197266 0.000803947
1 0.261719 0.181641 0.216797 0.0839844 0.000812531
8 0.296875 0.693359 0.0234375 0.0195312 0.000853062
8 0.436523 0.73291 0.0488281 0.0439453 0.000874996
12 0.233887 0.186035 0.174805 0.0849609 0.000884056
11 0.612305 0.168457 0.117188 0.0673828 0.00089407
5 0.570801 0.707031 0.46582 0.197266 0.0008955
11 0.473145 0.059082 0.168945 0.118164 0.000905514
9 0.407715 0.0214844 0.0654297 0.0429688 0.000940323
11 0.342773 0.203613 0.189453 0.118164 0.000977516
11 0.75293 0.200195 0.1875 0.128906 0.00100231
0 0.540039 0.370117 0.117188 0.115234 0.00100803
11 0.384766 0.182129 0.0878906 0.0615234 0.00101089
2 0.436523 0.433594 0.0546875 0.0703125 0.0010519
5 0.19873 0.664062 0.204102 0.324219 0.00109673
8 0.436523 0.442383 0.0371094 0.0429688 0.00110626
11 0.765137 0.188965 0.0986328 0.0888672 0.00113297
3 0.572754 0.638672 0.47168 0.378906 0.00116634
9 0.482422 0.34668 0.205078 0.408203 0.00117111
0 0.569824 0.703613 0.473633 0.19043 0.00117111
13 0.260742 0.3125 0.210938 0.199219 0.0011797
5 0.737793 0.647461 0.209961 0.308594 0.00118351
9 0.417969 0.0703125 0.310547 0.140625 0.00121593
11 0.579102 0.186035 0.0800781 0.0927734 0.00130558
9 0.531738 0.637207 0.342773 0.37793 0.00139999
11 0.357422 0.166016 0.101562 0.0390625 0.00141811
13 0.38916 0.682129 0.0712891 0.0361328 0.00141811
11 0.878418 0.836914 0.0419922 0.0625 0.00143719
13 0.475586 0.0463867 0.179688 0.0908203 0.00145245
10 0.878418 0.836914 0.0419922 0.0625 0.0014534
0 0.493652 0.426758 0.194336 0.230469 0.00153446
0 0.467285 0.0498047 0.172852 0.0976562 0.00157356
5 0.732422 0.55957 0.300781 0.515625 0.00164318
11 0.300293 0.154785 0.106445 0.0263672 0.00165558
13 0.52002 0.0317383 0.0751953 0.0615234 0.00173759
11 0.52002 0.0317383 0.0751953 0.0615234 0.00177288
10 0.825195 0.0429688 0.349609 0.0859375 0.00178432
9 0.0786133 0.0302734 0.157227 0.0605469 0.00183487
9 0.569824 0.707031 0.463867 0.199219 0.00187397
11 0.671875 0.19043 0.259766 0.121094 0.00191498
10 0.0878906 0.841309 0.046875 0.0615234 0.00191593
2 0.409668 0.0195312 0.0595703 0.0390625 0.00193977
11 0.0878906 0.841309 0.046875 0.0615234 0.00197029
11 0.192383 0.20166 0.0878906 0.0810547 0.00227928
8 0.52002 0.0317383 0.0751953 0.0615234 0.00242615
9 0.484375 0.106934 0.228516 0.202148 0.00256157
11 0.652832 0.154785 0.15332 0.0400391 0.0025692
11 0.253418 0.164062 0.0849609 0.0429688 0.00266647
2 0.469238 0.0473633 0.168945 0.0947266 0.00319862
7 0.775391 0.0566406 0.25 0.113281 0.0032196
2 0.4375 0.442871 0.0351562 0.0439453 0.00379181
13 0.977051 0.178711 0.0458984 0.03125 0.00439453
9 0.0556641 0.0566406 0.111328 0.109375 0.00445557
13 0.964355 0.186035 0.0673828 0.0302734 0.00449753
11 0.325684 0.173828 0.18457 0.046875 0.00505447
9 0.476562 0.539062 0.183594 0.564453 0.00725937
9 0.0224609 0.059082 0.0449219 0.118164 0.00733185
11 0.68457 0.166016 0.197266 0.0683594 0.00826263
9 0.522949 0.0317383 0.0732422 0.0634766 0.00832367
2 0.52002 0.0317383 0.0751953 0.0615234 0.00884247
11 0.290527 0.177246 0.241211 0.0830078 0.0100403
11 0.740234 0.171875 0.09375 0.0625 0.0112152
9 0.11377 0.0478516 0.227539 0.09375 0.0139008
8 0.440918 0.446777 0.0224609 0.0283203 0.0143738
9 0.470703 0.0571289 0.169922 0.114258 0.0163727
11 0.27002 0.169922 0.149414 0.0566406 0.0180359
11 0.706543 0.158203 0.108398 0.046875 0.0205688
9 0.441406 0.446777 0.0234375 0.0302734 0.0239716
11 0.228516 0.184082 0.126953 0.0791016 0.0267792
2 0.440918 0.446777 0.0224609 0.0283203 0.0383911
11 0.303711 0.161133 0.160156 0.0351562 0.0678711
3 0.567871 0.720215 0.467773 0.170898 0.496826
