11 0.400879 0.145996 0.0947266 0.0263672 0.000103474
13 0.941406 0.101074 0.117188 0.108398 0.000104904
11 0.983398 0.124512 0.0332031 0.0771484 0.000105739
9 0.217285 0.595703 0.188477 0.175781 0.000105917
9 0.251953 0.441895 0.105469 0.0595703 0.000106573
2 0.485352 0.488281 0.128906 0.386719 0.00010705
7 0.592773 0.650391 0.0703125 0.0703125 0.000107169
8 0.279785 0.423828 0.342773 0.548828 0.000108123
13 0.287598 0.464355 0.0634766 0.0361328 0.000108242
9 0.181641 0.188965 0.0371094 0.0283203 0.000110149
9 0.645508 0.697754 0.183594 0.0380859 0.000111222
11 0.943359 0.131348 0.109375 0.186523 0.00011158
9 0.204102 0.512695 0.0332031 0.03125 0.000111818
8 0.224609 0.473145 0.03125 0.0224609 0.000113726
8 0.489258 0.480957 0.146484 0.426758 0.000114083
11 0.38623 0.151367 0.0615234 0.0195312 0.000115693
10 0.102539 0.777832 0.0761719 0.0908203 0.000115871
11 0.986816 0.160645 0.0263672 0.100586 0.000116587
8 0.179199 0.604492 0.0322266 0.0292969 0.00011766
11 0.783691 0.20752 0.0478516 0.0458984 0.000118434
9 0.590332 0.649414 0.0654297 0.0664062 0.00011915
13 0.282715 0.423828 0.34668 0.529297 0.000119209
3 0.290527 0.400879 0.327148 0.516602 0.000121117
7 0.568359 0.329102 0.105469 0.0839844 0.000122547
10 0.492188 0.499023 0.144531 0.509766 0.000123024
9 0.248535 0.746094 0.329102 0.136719 0.000124335
9 0.761719 0.196289 0.0976562 0.0566406 0.000126839
12 0.4375 0.404785 0.181641 0.446289 0.000126958
11 0.971191 0.136719 0.0576172 0.0683594 0.000127077
11 0.854004 0.817871 0.0537109 0.0791016 0.000127554
2 0.283203 0.422852 0.349609 0.544922 0.000128031
7 0.437012 0.680176 0.0595703 0.0478516 0.000128865
9 0.740234 0.746094 0.302734 0.113281 0.00012958
8 0.233887 0.428223 0.0498047 0.0361328 0.000130534
9 0.393066 0.636719 0.0380859 0.0332031 0.000132203
9 0.525879 0.541016 0.0751953 0.300781 0.000133395
8 0.205078 0.594727 0.0195312 0.0195312 0.000136375
9 0.337402 0.70166 0.15918 0.137695 0.000136971
9 0.455566 0.390137 0.114258 0.50293 0.000141859
11 0.302246 0.171875 0.116211 0.0585938 0.000144482
12 0.259766 0.711426 0.320312 0.102539 0.000144601
0 0.574219 0.311035 0.0820312 0.0478516 0.000147581
10 0.109863 0.839844 0.0615234 0.132812 0.0001477
11 0.0991211 0.622559 0.0341797 0.0908203 0.00015223
1 0.279785 0.423828 0.342773 0.548828 0.000158072
9 0.707031 0.198242 0.207031 0.0839844 0.000158668
13 0.341309 0.325195 0.106445 0.0644531 0.000158787
2 0.198242 0.588379 0.0410156 0.0361328 0.000159264
5 0.567871 0.32959 0.106445 0.0849609 0.000160575
12 0.376465 0.308105 0.223633 0.27832 0.000160694
9 0.500488 0.770508 0.182617 0.458984 0.000161171
9 0.384766 0.376953 0.208984 0.376953 0.000165224
10 0.568359 0.328125 0.105469 0.0800781 0.000165343
8 0.19043 0.169434 0.0253906 0.0341797 0.000167608
11 0.683105 0.164551 0.137695 0.0322266 0.000172019
0 0.886719 0.831055 0.226562 0.337891 0.000172257
4 0.198242 0.588379 0.0410156 0.0361328 0.000176787
8 0.689941 0.42627 0.0146484 0.0126953 0.000178695
9 0.296875 0.37207 0.300781 0.251953 0.000180244
8 0.722656 0.366699 0.0117188 0.0107422 0.000180602
12 0.72998 0.201172 0.206055 0.0859375 0.000182152
2 0.618164 0.534668 0.0195312 0.0263672 0.000182748
7 0.259766 0.711426 0.320312 0.102539 0.000183225
13 0.425781 0.367188 0.0410156 0.0253906 0.000185251
8 0.24707 0.34082 0.0117188 0.00976562 0.000186801
11 0.660156 0.155762 0.105469 0.0283203 0.000189304
13 0.989746 0.0966797 0.0205078 0.15625 0.00019002
10 0.290527 0.400879 0.327148 0.516602 0.000190258
8 0.729004 0.614746 0.0322266 0.0302734 0.000190854
7 0.290527 0.400879 0.327148 0.516602 0.000191808
8 0.352051 0.644043 0.0498047 0.0380859 0.000195146
8 0.219238 0.469238 0.0205078 0.0146484 0.000195742
9 0.482422 0.276855 0.140625 0.317383 0.000196338
13 0.969727 0.102539 0.0605469 0.179688 0.000198483
7 0.984375 0.200684 0.03125 0.133789 0.000198483
8 0.453125 0.366211 0.0273438 0.0292969 0.000200868
0 0.500977 0.501465 0.203125 0.524414 0.000202894
12 0.30127 0.181152 0.151367 0.0751953 0.000204563
8 0.256348 0.599121 0.0146484 0.0126953 0.000210524
11 0.100586 0.765137 0.0507812 0.0927734 0.000210881
8 0.571289 0.328125 0.101562 0.078125 0.000212312
11 0.618652 0.162598 0.0576172 0.0224609 0.000214219
9 0.475098 0.675781 0.133789 0.226562 0.000214577
8 0.356445 0.39502 0.00976562 0.00683594 0.000217319
13 0.57373 0.325195 0.0927734 0.0742188 0.000218868
8 0.371094 0.609375 0.0371094 0.0332031 0.000219226
11 0.365234 0.160156 0.167969 0.0332031 0.000220537
12 0.277832 0.224609 0.209961 0.146484 0.000221729
13 0.315918 0.32666 0.233398 0.0927734 0.000227809
11 0.302246 0.262695 0.319336 0.220703 0.000230193
12 0.772949 0.205566 0.100586 0.0595703 0.000239849
11 0.567871 0.32959 0.106445 0.0849609 0.000240922
9 0.258789 0.529785 0.316406 0.325195 0.000246763
9 0.23584 0.685059 0.180664 0.0517578 0.000249147
9 0.735352 0.305664 0.279297 0.255859 0.000249386
11 0.109863 0.839844 0.0615234 0.132812 0.000259876
11 0.282715 0.423828 0.34668 0.529297 0.000267744
2 0.453125 0.366211 0.0273438 0.0292969 0.000273705
12 0.735352 0.305664 0.279297 0.255859 0.000273943
12 0.48584 0.496094 0.149414 0.419922 0.000278711
9 0.618164 0.53418 0.0175781 0.0273438 0.000283718
7 0.48584 0.496094 0.149414 0.419922 0.000285387
8 0.436035 0.677734 0.0634766 0.0429688 0.00029707
0 0.580566 0.375 0.135742 0.189453 0.000297546
9 0.532715 0.543457 0.0302734 0.0400391 0.0003016
9 0.446289 0.662109 0.0878906 0.125 0.000302792
8 0.308105 0.299805 0.0126953 0.00976562 0.000306845
8 0.425781 0.367188 0.0410156 0.0253906 0.000321627
2 0.425781 0.367188 0.0410156 0.0253906 0.000329256
8 0.632812 0.535645 0.046875 0.0341797 0.000331163
11 0.630859 0.157227 0.0703125 0.0234375 0.00033474
11 0.75 0.207031 0.130859 0.0664062 0.000352621
7 0.279785 0.689453 0.223633 0.0761719 0.000353098
5 0.48584 0.496094 0.149414 0.419922 0.000383615
10 0.862793 0.776367 0.0595703 0.103516 0.000406027
5 0.279785 0.423828 0.342773 0.548828 0.000407934
9 0.340332 0.702148 0.135742 0.0722656 0.000410318
12 0.269531 0.548828 0.324219 0.255859 0.000418663
11 0.790039 0.211426 0.0800781 0.0634766 0.000444174
3 0.489258 0.480957 0.146484 0.426758 0.000449419
8 0.310059 0.522949 0.0107422 0.00878906 0.000456333
8 0.204102 0.512695 0.0332031 0.03125 0.000468969
9 0.298828 0.689453 0.197266 0.0625 0.000475645
11 0.361816 0.139648 0.0986328 0.0234375 0.000488281
11 0.687012 0.180176 0.174805 0.0380859 0.000496387
8 0.339844 0.512695 0.0332031 0.0234375 0.000508785
11 0.627441 0.169922 0.0771484 0.0234375 0.000508785
9 0.537109 0.34668 0.169922 0.162109 0.000520706
9 0.254883 0.835938 0.375 0.302734 0.000533581
13 0.980957 0.125977 0.0380859 0.0449219 0.000554562
11 0.862793 0.776367 0.0595703 0.103516 0.000563622
11 0.343262 0.148926 0.110352 0.0263672 0.000566959
11 0.980469 0.15332 0.0390625 0.0390625 0.00056839
9 0.486328 0.385742 0.111328 0.222656 0.000571251
11 0.95752 0.151367 0.0810547 0.0449219 0.000578403
11 0.729492 0.187012 0.160156 0.0693359 0.000700474
11 0.276367 0.172363 0.0605469 0.0419922 0.000741005
11 0.396484 0.155273 0.101562 0.0234375 0.000745773
2 0.570801 0.32666 0.102539 0.0771484 0.000752926
12 0.296875 0.37207 0.300781 0.251953 0.00078249
8 0.242676 0.62207 0.0400391 0.03125 0.000783443
8 0.185059 0.595703 0.0576172 0.0429688 0.000784874
8 0.616699 0.533203 0.0185547 0.0234375 0.000792503
9 0.571289 0.328125 0.101562 0.078125 0.000841618
7 0.198242 0.588379 0.0410156 0.0361328 0.000987053
9 0.984375 0.200684 0.03125 0.133789 0.000991821
3 0.567871 0.32959 0.106445 0.0849609 0.0010252
0 0.526367 0.368164 0.193359 0.335938 0.0010519
9 0.300781 0.26416 0.314453 0.229492 0.00111198
11 0.317383 0.15625 0.101562 0.0351562 0.00111771
9 0.474121 0.481445 0.299805 0.458984 0.00116444
11 0.660645 0.171875 0.12207 0.0273438 0.00121021
9 0.198242 0.588379 0.0410156 0.0361328 0.00130463
9 0.437012 0.680176 0.0595703 0.0478516 0.0014677
8 0.391602 0.635742 0.0371094 0.03125 0.00150967
8 0.59082 0.64502 0.0683594 0.0615234 0.00173759
11 0.747559 0.1875 0.0986328 0.0488281 0.00192833
11 0.414551 0.163574 0.0986328 0.0302734 0.0020237
8 0.322754 0.583008 0.0166016 0.0117188 0.00233269
0 0.539551 0.342773 0.166992 0.142578 0.00264359
11 0.646484 0.163574 0.0996094 0.0244141 0.00312424
9 0.29248 0.399414 0.334961 0.505859 0.00324059
11 0.436523 0.169922 0.0683594 0.0332031 0.00349808
9 0.489258 0.619141 0.167969 0.523438 0.00366402
11 0.862305 0.796875 0.046875 0.0585938 0.00378418
10 0.862305 0.796875 0.046875 0.0585938 0.00396729
10 0.101562 0.795898 0.046875 0.0742188 0.00408173
11 0.101562 0.795898 0.046875 0.0742188 0.00506973
9 0.266602 0.706055 0.298828 0.09375 0.00645447
9 0.512695 0.379395 0.169922 0.43457 0.00658798
12 0.302246 0.262695 0.319336 0.220703 0.00835419
8 0.198242 0.588379 0.0410156 0.0361328 0.0185089
11 0.770508 0.198242 0.078125 0.0527344 0.0194855
12 0.283203 0.422852 0.349609 0.544922 0.0233765
11 0.291504 0.164551 0.0712891 0.0361328 0.0389404
9 0.485352 0.488281 0.128906 0.386719 0.0819702
0 0.567871 0.32959 0.106445 0.0849609 0.155273
