13 0.255371 0.294434 0.0498047 0.0322266 0.000100315
13 0.264648 0.381836 0.103516 0.0546875 0.00010097
0 0.616211 0.546387 0.46875 0.245117 0.00010097
8 0.302246 0.311035 0.0146484 0.0107422 0.000101686
9 0.410156 0.0854492 0.1875 0.0869141 0.000101686
10 0.0908203 0.550293 0.0371094 0.0654297 0.000101745
7 0.940918 0.920898 0.116211 0.158203 0.000102282
13 0.279297 0.279297 0.03125 0.0214844 0.000102401
7 0.702148 0.0908203 0.144531 0.0761719 0.000104547
13 0.249512 0.364746 0.0771484 0.0185547 0.000105619
7 0.698242 0.125977 0.125 0.119141 0.000106394
11 0.0927734 0.542969 0.0332031 0.0644531 0.0001086
9 0.437988 0.896484 0.288086 0.199219 0.000108898
11 0.430176 0.0698242 0.0771484 0.0283203 0.000109255
3 0.625 0.575684 0.421875 0.172852 0.000111759
9 0.257812 0.286621 0.0820312 0.0400391 0.000112295
13 0.288086 0.276367 0.0429688 0.0527344 0.000113189
11 0.650391 0.151855 0.128906 0.145508 0.000113785
3 0.620605 0.491211 0.235352 0.160156 0.000113785
13 0.351562 0.980469 0.302734 0.0390625 0.000114381
11 0.284668 0.282227 0.0146484 0.0136719 0.000115514
7 0.315918 0.981445 0.200195 0.0351562 0.000116348
9 0.509766 0.297363 0.179688 0.231445 0.000116825
6 0.278809 0.743652 0.452148 0.491211 0.000117421
11 0.662598 0.103516 0.12793 0.105469 0.000118136
9 0.796875 0.408691 0.339844 0.485352 0.000118434
7 0.891113 0.597168 0.217773 0.165039 0.000119269
11 0.475098 0.00732422 0.0986328 0.0146484 0.000121236
13 0.437012 0.144043 0.163086 0.172852 0.000122428
13 0.687988 0.0668945 0.116211 0.0302734 0.000122666
6 0.571777 0.231445 0.27832 0.210938 0.000122786
6 0.284668 0.282227 0.0146484 0.0136719 0.000122905
9 0.734375 0.109375 0.203125 0.109375 0.000124097
4 0.284668 0.282227 0.0146484 0.0136719 0.000124931
11 0.940918 0.920898 0.116211 0.158203 0.000125527
9 0.708984 0.325195 0.0664062 0.0566406 0.000125647
9 0.70166 0.631836 0.518555 0.316406 0.000125766
3 0.686523 0.750977 0.626953 0.498047 0.000126362
1 0.70459 0.0688477 0.129883 0.0400391 0.000126481
9 0.399414 0.625488 0.248047 0.211914 0.000127554
8 0.416504 0.270996 0.0166016 0.0146484 0.000128746
2 0.414062 0.313477 0.0273438 0.0214844 0.000132084
7 0.272461 0.96582 0.373047 0.0683594 0.000133395
8 0.393555 0.211914 0.015625 0.0117188 0.00013423
11 0.947266 0.603516 0.105469 0.123047 0.000135064
9 0.979004 0.62207 0.0419922 0.130859 0.000135183
8 0.414062 0.313477 0.0273438 0.0214844 0.000135779
9 0.936523 0.568359 0.126953 0.164062 0.000135899
13 0.808105 0.490723 0.0888672 0.0732422 0.000136852
3 0.789551 0.601562 0.420898 0.214844 0.000136852
3 0.683105 0.885254 0.633789 0.219727 0.000137448
2 0.278809 0.743652 0.452148 0.491211 0.000138879
9 0.936035 0.895996 0.12793 0.208008 0.000139594
10 0.259766 0.892578 0.40625 0.199219 0.000139832
7 0.730957 0.560547 0.25293 0.201172 0.00014174
8 0.408691 0.326172 0.0791016 0.0898438 0.000142813
11 0.98584 0.613281 0.0283203 0.105469 0.00014329
4 0.571777 0.231445 0.27832 0.210938 0.000147343
8 0.260254 0.301758 0.0185547 0.015625 0.0001477
1 0.485352 0.156738 0.0761719 0.188477 0.000148535
7 0.564453 0.209473 0.25 0.15918 0.000150084
9 0.29248 0.547852 0.362305 0.123047 0.000151277
13 0.485352 0.156738 0.0761719 0.188477 0.000152588
11 0.696289 0.0625 0.0625 0.0214844 0.000158548
5 0.788574 0.259766 0.262695 0.253906 0.000159502
10 0.818359 0.966309 0.361328 0.0673828 0.000160933
3 0.571777 0.272949 0.30957 0.262695 0.000161171
9 0.287598 0.298828 0.0244141 0.0292969 0.000161171
13 0.268066 0.306641 0.0869141 0.0625 0.000162125
0 0.956543 0.288574 0.0869141 0.256836 0.000165224
3 0.679688 0.96582 0.560547 0.0683594 0.000166178
9 0.756348 0.503906 0.22168 0.269531 0.000167251
9 0.28125 0.299805 0.0078125 0.0078125 0.000169158
9 0.659668 0.57666 0.0810547 0.0537109 0.000169277
9 0.53418 0.73877 0.195312 0.393555 0.0001719
11 0.723633 0.0742188 0.0761719 0.0332031 0.000173688
10 0.98584 0.613281 0.0283203 0.105469 0.000175357
9 0.508789 0.966797 0.34375 0.0664062 0.000178099
10 0.483887 0.155762 0.0791016 0.18457 0.000183821
12 0.573242 0.223633 0.255859 0.189453 0.000185013
9 0.182617 0.10498 0.0136719 0.0107422 0.000186086
9 0.458984 0.513672 0.130859 0.25 0.000188589
9 0.450684 0.145996 0.196289 0.18457 0.000188708
0 0.709961 0.311035 0.121094 0.102539 0.000190854
7 0.227051 0.921387 0.348633 0.15332 0.000191331
9 0.521484 0.989258 0.015625 0.0175781 0.000191569
11 0.427246 0.128906 0.163086 0.138672 0.000192046
13 0.302246 0.291992 0.0576172 0.0488281 0.000197768
8 0.43457 0.325195 0.00976562 0.00976562 0.000200987
8 0.297852 0.303711 0.0351562 0.0273438 0.00020349
1 0.580566 0.212891 0.229492 0.160156 0.000203729
5 0.245605 0.736816 0.446289 0.526367 0.000207543
13 0.750977 0.299805 0.121094 0.078125 0.000209689
9 0.419434 0.319336 0.102539 0.15625 0.000210047
9 0.284668 0.282715 0.0205078 0.0205078 0.000217438
8 0.278809 0.743652 0.452148 0.491211 0.000218987
7 0.437012 0.144043 0.163086 0.172852 0.000225544
2 0.408691 0.326172 0.0791016 0.0898438 0.000227451
11 0.657715 0.0771484 0.106445 0.0546875 0.000228286
9 0.864258 0.739258 0.271484 0.431641 0.000230551
9 0.385742 0.310059 0.0214844 0.0185547 0.000232577
13 0.274414 0.260742 0.0703125 0.09375 0.000237226
8 0.480469 0.525391 0.0234375 0.0214844 0.000237346
11 0.467285 0.0708008 0.0986328 0.0419922 0.000237465
8 0.279297 0.279297 0.03125 0.0214844 0.000239849
11 0.446289 0.0825195 0.136719 0.0595703 0.000242949
2 0.270996 0.291016 0.0615234 0.0390625 0.000244379
6 0.480957 0.153809 0.0810547 0.180664 0.000245094
10 0.0869141 0.991211 0.0605469 0.0175781 0.000249147
13 0.249023 0.372559 0.0957031 0.0322266 0.00025034
10 0.573242 0.223633 0.255859 0.189453 0.000250816
10 0.811035 0.915039 0.37793 0.160156 0.000251293
13 0.405762 0.316406 0.0830078 0.103516 0.000254154
8 0.571777 0.231445 0.27832 0.210938 0.000257254
9 0.408691 0.326172 0.0791016 0.0898438 0.000258684
11 0.483887 0.155762 0.0791016 0.18457 0.000259876
8 0.706055 0.327637 0.0625 0.0498047 0.000259876
0 0.278809 0.743652 0.452148 0.491211 0.000259876
2 0.291016 0.294434 0.0625 0.0478516 0.000267744
8 0.385742 0.30957 0.03125 0.0292969 0.000272751
11 0.0869141 0.991211 0.0605469 0.0175781 0.000273943
7 0.289062 0.289062 0.0292969 0.03125 0.00027585
2 0.247559 0.153809 0.0537109 0.0556641 0.000276327
9 0.927246 0.666992 0.145508 0.246094 0.000280619
10 0.183105 0.834473 0.307617 0.290039 0.000294924
5 0.573242 0.223633 0.255859 0.189453 0.000295162
9 0.567871 0.589355 0.290039 0.40332 0.000301361
8 0.480957 0.153809 0.0810547 0.180664 0.000307798
9 0.256348 0.928711 0.379883 0.138672 0.000310898
13 0.573242 0.223633 0.255859 0.189453 0.000314474
10 0.921387 0.949219 0.157227 0.0957031 0.000315428
10 0.923828 0.732422 0.152344 0.378906 0.000316381
2 0.384277 0.311035 0.0244141 0.0185547 0.000317812
11 0.964355 0.570801 0.0712891 0.12207 0.000319481
9 0.67627 0.567383 0.168945 0.136719 0.000323772
5 0.876465 0.454102 0.208008 0.359375 0.000324011
13 0.271973 0.284668 0.0439453 0.0302734 0.000324726
9 0.59082 0.370117 0.416016 0.4375 0.000325441
11 0.477051 0.0605469 0.0888672 0.0214844 0.000325441
10 0.881836 0.595703 0.236328 0.203125 0.000326633
11 0.278809 0.743652 0.452148 0.491211 0.000335693
9 0.449219 0.385254 0.132812 0.319336 0.000337362
13 0.875488 0.412598 0.0517578 0.0302734 0.000343561
3 0.263184 0.741211 0.459961 0.511719 0.000361204
9 0.459961 0.770996 0.529297 0.458008 0.000364542
9 0.27832 0.292969 0.0683594 0.0410156 0.000366688
9 0.664551 0.570312 0.131836 0.0742188 0.00036931
11 0.444824 0.0600586 0.0615234 0.0185547 0.000370502
1 0.278809 0.743652 0.452148 0.491211 0.000374079
2 0.573242 0.223633 0.255859 0.189453 0.000387907
4 0.278809 0.743652 0.452148 0.491211 0.000388861
8 0.27832 0.292969 0.0683594 0.0410156 0.000407219
9 0.53125 0.190918 0.167969 0.198242 0.000409842
10 0.936035 0.895996 0.12793 0.208008 0.000431776
9 0.836426 0.556152 0.327148 0.231445 0.000443935
9 0.683105 0.885254 0.633789 0.219727 0.000455141
2 0.708984 0.325195 0.0664062 0.0566406 0.000455618
9 0.500488 0.4375 0.211914 0.386719 0.000458956
8 0.298828 0.311523 0.00976562 0.0078125 0.000461578
13 0.282227 0.29834 0.00976562 0.0126953 0.000462055
0 0.636719 0.185547 0.0800781 0.0917969 0.000464916
11 0.662598 0.0712891 0.0732422 0.03125 0.000487566
8 0.714844 0.238281 0.0507812 0.0429688 0.000490189
9 0.182617 0.106934 0.0371094 0.0322266 0.000495434
0 0.575684 0.291016 0.286133 0.171875 0.00050211
6 0.632324 0.200684 0.131836 0.12793 0.000530243
13 0.861328 0.406738 0.0566406 0.0302734 0.000547409
3 0.625977 0.399414 0.470703 0.412109 0.000589371
13 0.282715 0.297363 0.0263672 0.0205078 0.000609398
13 0.257812 0.286621 0.0820312 0.0400391 0.000614166
12 0.632324 0.200684 0.131836 0.12793 0.000617504
0 0.665039 0.243652 0.191406 0.22168 0.000619411
4 0.480957 0.153809 0.0810547 0.180664 0.000627041
7 0.62207 0.493164 0.460938 0.191406 0.000638008
10 0.964355 0.570801 0.0712891 0.12207 0.000640869
5 0.632324 0.200684 0.131836 0.12793 0.0006423
4 0.635742 0.201172 0.125 0.125 0.000646114
11 0.25 0.153809 0.0527344 0.0556641 0.000658035
7 0.635742 0.201172 0.125 0.125 0.000661373
11 0.577148 0.212402 0.251953 0.147461 0.000714779
10 0.626465 0.203125 0.147461 0.132812 0.000715256
3 0.577148 0.212402 0.251953 0.147461 0.000724316
6 0.62207 0.493164 0.460938 0.191406 0.000748634
8 0.280762 0.299316 0.0302734 0.0185547 0.000751972
12 0.291992 0.727539 0.429688 0.544922 0.000760555
11 0.373535 0.0830078 0.102539 0.0566406 0.000766754
10 0.799805 0.774414 0.400391 0.441406 0.000766754
11 0.62207 0.493164 0.460938 0.191406 0.000781536
8 0.62207 0.493164 0.460938 0.191406 0.000800133
9 0.891113 0.597168 0.217773 0.165039 0.000802994
13 0.62207 0.493164 0.460938 0.191406 0.000806332
1 0.62207 0.493164 0.460938 0.191406 0.000818729
9 0.289062 0.289062 0.0292969 0.03125 0.000823021
2 0.290039 0.29248 0.0332031 0.0400391 0.000823498
1 0.632324 0.200684 0.131836 0.12793 0.000823975
9 0.449707 0.936523 0.583008 0.126953 0.000837803
4 0.62207 0.493164 0.460938 0.191406 0.000844955
11 0.410156 0.0854492 0.1875 0.0869141 0.000871181
8 0.292969 0.290039 0.0351562 0.0351562 0.000878334
2 0.62207 0.493164 0.460938 0.191406 0.00090313
9 0.263184 0.615234 0.405273 0.251953 0.000905037
13 0.289062 0.297852 0.0371094 0.0410156 0.000910759
11 0.726074 0.090332 0.204102 0.0810547 0.000916958
12 0.62207 0.493164 0.460938 0.191406 0.000920296
13 0.230469 0.368652 0.0664062 0.0185547 0.000937939
11 0.632324 0.200684 0.131836 0.12793 0.000955582
8 0.25 0.153809 0.0527344 0.0556641 0.000969887
5 0.795898 0.371094 0.34375 0.472656 0.00105953
9 0.686523 0.750977 0.626953 0.498047 0.00106144
7 0.284668 0.282227 0.0146484 0.0136719 0.00107956
9 0.182617 0.10498 0.0214844 0.0185547 0.00112915
7 0.278809 0.743652 0.452148 0.491211 0.00117111
11 0.972168 0.599609 0.0517578 0.101562 0.00119972
13 0.632324 0.200684 0.131836 0.12793 0.00135708
10 0.936523 0.59375 0.126953 0.164062 0.00141144
2 0.286621 0.283203 0.0244141 0.0214844 0.00148964
13 0.72168 0.31543 0.078125 0.0703125 0.00150681
7 0.25 0.153809 0.0527344 0.0556641 0.00152683
11 0.749512 0.081543 0.0830078 0.0517578 0.0015707
5 0.62207 0.493164 0.460938 0.191406 0.00163651
10 0.62207 0.493164 0.460938 0.191406 0.00166225
11 0.455566 0.0546875 0.108398 0.0234375 0.001688
8 0.287598 0.298828 0.0244141 0.0292969 0.00169468
9 0.57666 0.227051 0.280273 0.182617 0.00178623
13 0.27832 0.292969 0.0683594 0.0410156 0.00179005
2 0.285156 0.282227 0.015625 0.0136719 0.00180435
2 0.635254 0.194336 0.125977 0.115234 0.00185108
13 0.284668 0.282227 0.0146484 0.0136719 0.00191307
0 0.598633 0.290039 0.34375 0.320312 0.00194359
9 0.285156 0.281738 0.015625 0.0126953 0.00211334
0 0.62207 0.453125 0.470703 0.210938 0.00217056
8 0.635742 0.201172 0.125 0.125 0.00222778
10 0.972168 0.599609 0.0517578 0.101562 0.00225067
9 0.789551 0.631836 0.420898 0.203125 0.00248528
9 0.632324 0.200684 0.131836 0.12793 0.00252914
9 0.62207 0.493164 0.460938 0.191406 0.00265694
3 0.632324 0.200684 0.131836 0.12793 0.00297737
13 0.284668 0.287109 0.0302734 0.0273438 0.00331306
8 0.385742 0.310059 0.0214844 0.0185547 0.00354958
9 0.245605 0.736816 0.446289 0.526367 0.00365448
9 0.482422 0.15625 0.078125 0.185547 0.00408936
9 0.734863 0.584473 0.27832 0.21582 0.00419617
8 0.286621 0.283203 0.0244141 0.0214844 0.00477982
11 0.407227 0.0693359 0.0761719 0.0371094 0.00484848
8 0.28125 0.299805 0.0078125 0.0078125 0.0055275
11 0.412109 0.0727539 0.140625 0.0498047 0.00639725
7 0.480957 0.153809 0.0810547 0.180664 0.00902557
9 0.247559 0.153809 0.0537109 0.0556641 0.0115738
11 0.714844 0.0737305 0.132812 0.0439453 0.0139847
8 0.284668 0.281738 0.0146484 0.0126953 0.0344238
10 0.278809 0.743652 0.452148 0.491211 0.0359497
11 0.688965 0.065918 0.116211 0.0302734 0.0480652
11 0.438965 0.0620117 0.12207 0.0302734 0.0534668
0 0.573242 0.223633 0.255859 0.189453 0.108032
3 0.62207 0.491211 0.466797 0.183594 0.442383
0 0.632324 0.200684 0.131836 0.12793 0.476807
