13 0.27002 0.273926 0.0634766 0.0439453 0.000133634
1 0.711426 0.264648 0.0654297 0.0664062 0.000134706
2 0.238281 0.305664 0.205078 0.0996094 0.000134826
12 0.688965 0.241211 0.133789 0.148438 0.000134826
9 0.71582 0.249023 0.046875 0.046875 0.000136375
11 0.706055 0.144531 0.107422 0.0332031 0.000136971
10 0.144043 0.269043 0.0244141 0.0283203 0.000137091
8 0.301758 0.34375 0.0292969 0.0175781 0.00013864
11 0.770508 0.167969 0.0429688 0.03125 0.000138998
9 0.682129 0.308105 0.131836 0.174805 0.000139236
11 0.258301 0.18457 0.196289 0.117188 0.000141501
13 0.373535 0.358887 0.106445 0.114258 0.00014174
13 0.289062 0.351074 0.125 0.0654297 0.000142097
13 0.642578 0.273926 0.0878906 0.155273 0.000142217
2 0.205566 0.185059 0.0419922 0.0341797 0.000142574
8 0.76709 0.512695 0.0224609 0.0214844 0.000142694
9 0.70459 0.291016 0.0146484 0.0136719 0.000142694
0 0.0166016 0.94873 0.0332031 0.0947266 0.00014329
8 0.738281 0.312012 0.00976562 0.00878906 0.00014329
13 0.348145 0.268066 0.0458984 0.0810547 0.000143886
9 0.970215 0.32666 0.0556641 0.217773 0.000144005
6 0.157227 0.278809 0.0507812 0.0263672 0.000144243
6 0.220703 0.281738 0.171875 0.0576172 0.00014627
7 0.837402 0.333496 0.0283203 0.0263672 0.000146866
13 0.711914 0.236816 0.0117188 0.0107422 0.000147104
13 0.652344 0.356934 0.0761719 0.188477 0.000148177
7 0.703613 0.256348 0.0107422 0.00878906 0.000148296
11 0.138184 0.279785 0.0263672 0.0380859 0.000148773
2 0.460449 0.30957 0.0263672 0.0332031 0.000148892
2 0.700684 0.246582 0.0517578 0.0615234 0.00014925
13 0.756348 0.294434 0.178711 0.120117 0.000150442
9 0.706055 0.272461 0.0351562 0.0488281 0.000151277
13 0.253906 0.264648 0.0625 0.0371094 0.000154138
12 0.287109 0.283691 0.191406 0.170898 0.000154495
13 0.70459 0.29248 0.0126953 0.0107422 0.000154972
13 0.24707 0.317871 0.0683594 0.0615234 0.000154972
0 0.489258 0.367188 0.201172 0.238281 0.000155449
8 0.167969 0.679199 0.0351562 0.0380859 0.000156283
9 0.838379 0.333496 0.0283203 0.0263672 0.000158429
9 0.233398 0.297852 0.130859 0.0761719 0.000158429
8 0.460449 0.30957 0.0263672 0.0332031 0.000159144
8 0.799316 0.514648 0.00878906 0.00976562 0.000159383
10 0.207031 0.185059 0.0429688 0.0341797 0.000160813
9 0.706055 0.255371 0.0234375 0.0224609 0.000165939
5 0.716797 0.263672 0.0546875 0.0664062 0.000166893
11 0.980469 0.953125 0.0390625 0.0878906 0.000168443
9 0.193359 0.28125 0.119141 0.0371094 0.000170708
5 0.323242 0.288574 0.117188 0.15332 0.000170946
8 0.693359 0.595215 0.0175781 0.0185547 0.000172138
13 0.80957 0.364258 0.078125 0.0761719 0.000174046
13 0.726074 0.248535 0.0673828 0.0771484 0.000175834
0 0.957031 0.926758 0.0859375 0.146484 0.000177622
7 0.220703 0.281738 0.171875 0.0576172 0.000177979
9 0.252441 0.84082 0.391602 0.294922 0.000177979
11 0.580078 0.149902 0.0585938 0.0244141 0.000178576
8 0.828125 0.339355 0.0351562 0.0166016 0.000179291
2 0.298828 0.243164 0.123047 0.130859 0.000179529
8 0.833984 0.333984 0.0332031 0.0253906 0.000179768
8 0.705078 0.291992 0.0507812 0.0292969 0.000180006
8 0.573242 0.158691 0.0214844 0.0205078 0.000183105
3 0.92334 0.901855 0.15332 0.196289 0.000184655
8 0.733887 0.239746 0.0185547 0.0126953 0.000186205
9 0.206055 0.185059 0.0429688 0.0341797 0.000186443
9 0.334473 0.241699 0.0439453 0.120117 0.000186563
8 0.319824 0.632812 0.0595703 0.046875 0.000186563
13 0.245605 0.588867 0.176758 0.15625 0.000186801
3 0.751465 0.078125 0.49707 0.15625 0.000187278
11 0.20459 0.191406 0.0576172 0.0664062 0.000187397
11 0.573242 0.158203 0.0214844 0.0175781 0.000187874
9 0.171387 0.280762 0.0693359 0.0283203 0.00018847
8 0.417969 0.501465 0.0488281 0.0400391 0.000188589
8 0.81543 0.46582 0.0410156 0.0371094 0.000191331
1 0.294922 0.276367 0.166016 0.169922 0.000191569
11 0.700684 0.266113 0.0927734 0.0732422 0.000192642
11 0.697266 0.158691 0.171875 0.0439453 0.000195861
13 0.70166 0.263184 0.19043 0.166992 0.000197291
9 0.699707 0.248047 0.0732422 0.0917969 0.000198603
8 0.416504 0.234863 0.0361328 0.0302734 0.00020051
8 0.805176 0.633301 0.0361328 0.0224609 0.000201702
6 0.840332 0.320312 0.0400391 0.0527344 0.000203967
8 0.171387 0.415527 0.00878906 0.00878906 0.000205398
11 0.324707 0.274414 0.100586 0.162109 0.000207901
9 0.490234 0.348633 0.191406 0.234375 0.000208139
4 0.96875 0.316895 0.0585938 0.237305 0.000208974
8 0.706543 0.235352 0.0166016 0.0175781 0.000209332
13 0.825195 0.344238 0.0527344 0.0400391 0.000210881
8 0.182617 0.550293 0.00976562 0.00878906 0.000213265
8 0.72168 0.242676 0.0429688 0.0322266 0.000216842
13 0.175293 0.271973 0.0869141 0.0283203 0.00021708
13 0.191406 0.279297 0.078125 0.03125 0.000218391
9 0.277832 0.268555 0.237305 0.214844 0.000218511
11 0.266602 0.183105 0.113281 0.0615234 0.000218511
9 0.688965 0.241211 0.133789 0.148438 0.000219226
7 0.147949 0.273926 0.0244141 0.0166016 0.000222087
13 0.737305 0.274414 0.107422 0.0917969 0.000225186
9 0.148438 0.273438 0.0234375 0.0136719 0.000227451
5 0.237305 0.353516 0.248047 0.21875 0.000231028
8 0.84082 0.37207 0.03125 0.0351562 0.000233173
2 0.703125 0.28418 0.0820312 0.0605469 0.000235558
13 0.329102 0.220215 0.0957031 0.120117 0.000235796
13 0.699707 0.245605 0.0791016 0.0654297 0.000237703
8 0.84375 0.318359 0.0390625 0.0546875 0.000239611
9 0.226074 0.494141 0.280273 0.429688 0.000243187
9 0.264648 0.194336 0.0429688 0.0332031 0.000245094
7 0.171387 0.280762 0.0693359 0.0283203 0.000245333
7 0.324707 0.274414 0.100586 0.162109 0.000246525
3 0.131836 0.0620117 0.263672 0.124023 0.000250816
9 0.573242 0.116699 0.0488281 0.0302734 0.000251532
7 0.285645 0.251465 0.170898 0.176758 0.00025177
8 0.155273 0.277344 0.0371094 0.0195312 0.000253677
13 0.705078 0.250488 0.0175781 0.0185547 0.000255108
3 0.234863 0.081543 0.469727 0.163086 0.000255823
8 0.668945 0.202637 0.0253906 0.0185547 0.000262499
8 0.705566 0.241699 0.0478516 0.0458984 0.00026536
5 0.256348 0.591309 0.18457 0.182617 0.000267506
11 0.163086 0.279785 0.0585938 0.0263672 0.000267982
9 0.143066 0.277344 0.0302734 0.0253906 0.000269413
8 0.705566 0.282227 0.0712891 0.0527344 0.000273228
13 0.813965 0.322266 0.0732422 0.0507812 0.000275135
11 0.10791 0.271484 0.206055 0.302734 0.000277042
11 0.138184 0.267578 0.0478516 0.0449219 0.000277996
13 0.252441 0.28125 0.0732422 0.0527344 0.000281096
2 0.706543 0.241211 0.0263672 0.0273438 0.000283241
13 0.695801 0.274414 0.0576172 0.0507812 0.00028348
3 1 0.331055 0 0.197266 0.000284195
2 0.682129 0.30127 0.124023 0.135742 0.000288725
7 0.265137 0.285156 0.157227 0.0820312 0.000288725
13 0.292969 0.290527 0.0566406 0.0595703 0.000292063
11 0.617676 0.160156 0.102539 0.0332031 0.000293732
11 0.240234 0.19043 0.103516 0.0371094 0.000294924
11 0.580566 0.132812 0.0771484 0.0390625 0.000295401
13 0.683594 0.349609 0.167969 0.236328 0.000295639
9 0.50293 0.780273 0.191406 0.439453 0.000295877
7 0.143066 0.277344 0.0302734 0.0253906 0.00029707
11 0.267578 0.193359 0.0449219 0.0351562 0.000300169
9 0.704102 0.259277 0.0488281 0.0439453 0.000300407
5 0.27832 0.264648 0.166016 0.148438 0.000305653
13 0.828125 0.333496 0.0390625 0.0341797 0.000306368
7 0.264648 0.194336 0.0429688 0.0332031 0.000306606
9 0.29834 0.225098 0.106445 0.0927734 0.000307798
2 0.70459 0.25 0.0380859 0.03125 0.000311136
5 0.72998 0.624023 0.262695 0.275391 0.000313282
7 0.96875 0.316895 0.0585938 0.237305 0.00031352
2 0.709961 0.284668 0.03125 0.0263672 0.000315428
2 0.710938 0.275391 0.0390625 0.046875 0.000317335
13 0.146484 0.26416 0.0273438 0.0302734 0.000319719
5 0.786621 0.577148 0.141602 0.208984 0.000323296
8 0.710938 0.233887 0.015625 0.0126953 0.00032568
11 0.610352 0.158203 0.0644531 0.0195312 0.000329971
8 0.581543 0.114258 0.0263672 0.0234375 0.000331402
8 0.140625 0.591797 0.0136719 0.0117188 0.00033164
13 0.327637 0.211426 0.0478516 0.102539 0.000337839
8 0.144043 0.273438 0.0244141 0.0214844 0.000338554
7 0.546387 0.313965 0.0849609 0.133789 0.000342607
7 0.421875 0.383301 0.0742188 0.12207 0.000344276
11 0.1875 0.281738 0.109375 0.0341797 0.000345945
6 0.711426 0.265137 0.0615234 0.0654297 0.000347853
9 0.421875 0.383301 0.0742188 0.12207 0.00034833
8 0.837402 0.337891 0.0224609 0.015625 0.000348806
8 0.211914 0.493652 0.0136719 0.0146484 0.000353098
13 0.15332 0.27002 0.0332031 0.0205078 0.000353336
13 0.686035 0.209473 0.106445 0.0947266 0.000354767
13 0.332031 0.34082 0.146484 0.171875 0.000362158
13 0.256348 0.231445 0.129883 0.107422 0.000364542
8 0.706055 0.272461 0.0351562 0.0488281 0.000366449
11 0.260742 0.15332 0.0898438 0.0488281 0.000368834
13 0.249512 0.34668 0.237305 0.191406 0.000370026
11 0.288574 0.295898 0.186523 0.150391 0.000371218
2 0.711426 0.236816 0.0107422 0.0107422 0.000374079
9 0.840332 0.320312 0.0400391 0.0527344 0.000375032
11 0.62793 0.129883 0.109375 0.0292969 0.000376225
13 0.253418 0.26416 0.104492 0.0576172 0.000376701
13 0.266602 0.183105 0.113281 0.0615234 0.000377178
11 0.571289 0.115723 0.0488281 0.0263672 0.000379562
8 0.323242 0.61084 0.0214844 0.0185547 0.000390053
8 0.703125 0.260742 0.0117188 0.015625 0.000390291
0 0.977539 0.93457 0.0449219 0.0996094 0.000391006
8 0.709961 0.284668 0.03125 0.0263672 0.000399351
2 0.340332 0.256836 0.0517578 0.142578 0.000400543
13 0.346191 0.247559 0.0322266 0.0791016 0.000406265
13 0.325195 0.249512 0.0390625 0.0556641 0.000417233
11 0.198242 0.191895 0.0351562 0.0283203 0.0004251
9 0.711426 0.236816 0.0107422 0.00878906 0.000428915
5 0.241699 0.304199 0.208008 0.0986328 0.000436783
11 0.362793 0.13623 0.106445 0.0341797 0.000447512
6 0.265137 0.285156 0.157227 0.0820312 0.000450611
13 0.828125 0.339355 0.0351562 0.0166016 0.000452757
8 0.970215 0.32666 0.0556641 0.217773 0.000454903
11 0.414062 0.161621 0.0429688 0.0302734 0.00046277
8 0.302246 0.344238 0.0126953 0.0126953 0.000463009
8 0.697754 0.258301 0.0947266 0.0947266 0.000463724
13 0.648438 0.21875 0.0527344 0.105469 0.000463963
9 0.279297 0.302734 0.177734 0.113281 0.000464201
9 0.340332 0.274414 0.0693359 0.158203 0.000470877
2 0.288574 0.295898 0.186523 0.150391 0.000474691
13 0.980469 0.953125 0.0390625 0.0878906 0.00047493
8 0.147461 0.473145 0.00976562 0.00878906 0.00048399
13 0.70459 0.25 0.0380859 0.03125 0.000496864
13 0.155273 0.286621 0.0527344 0.0498047 0.000498295
13 0.246094 0.312012 0.109375 0.0869141 0.00053215
8 0.736816 0.239746 0.00878906 0.00878906 0.000533581
7 0.840332 0.320312 0.0400391 0.0527344 0.000534534
11 0.32373 0.126465 0.0673828 0.0224609 0.000540733
11 0.63916 0.125977 0.0771484 0.0175781 0.000547886
7 0.711426 0.265137 0.0615234 0.0654297 0.000570774
13 0.145508 0.285645 0.0371094 0.0283203 0.000606537
13 0.240234 0.19043 0.103516 0.0371094 0.000617504
9 0.460449 0.30957 0.0263672 0.0332031 0.000617504
6 0.288574 0.295898 0.186523 0.150391 0.000629902
5 0.206543 0.54541 0.18457 0.280273 0.00064373
2 0.71582 0.249023 0.046875 0.046875 0.000651836
13 0.203125 0.27002 0.136719 0.0556641 0.000654697
9 0.70459 0.256348 0.00878906 0.0107422 0.000666142
2 0.706055 0.255371 0.0234375 0.0224609 0.000677586
8 0.636719 0.352051 0.015625 0.0126953 0.000696659
8 0.707031 0.240234 0.0234375 0.0234375 0.000708103
8 0.33252 0.634766 0.0380859 0.03125 0.000709534
11 0.372559 0.119629 0.0947266 0.0244141 0.000731468
9 0.691895 0.273926 0.108398 0.0810547 0.000752926
11 0.342285 0.123047 0.0654297 0.0175781 0.000774384
11 0.563965 0.154297 0.0537109 0.03125 0.000787258
6 0.324707 0.274414 0.100586 0.162109 0.00079155
13 0.706055 0.290039 0.0195312 0.015625 0.000805378
13 0.22998 0.290039 0.0830078 0.0527344 0.000844955
9 0.154785 0.27832 0.0380859 0.0214844 0.000869274
11 0.147461 0.270508 0.0234375 0.0195312 0.000879765
13 0.71582 0.249023 0.046875 0.046875 0.000897408
11 0.578125 0.15625 0.0390625 0.0234375 0.000909328
2 0.70459 0.258789 0.0107422 0.0175781 0.000914097
8 0.776855 0.549316 0.0224609 0.0185547 0.0009408
9 0.581543 0.114258 0.0263672 0.0234375 0.000942707
9 0.297852 0.260742 0.134766 0.160156 0.00095129
11 0.897949 0.787109 0.0361328 0.0449219 0.000984192
11 0.607422 0.140137 0.109375 0.0361328 0.000997543
2 0.697266 0.258301 0.103516 0.0947266 0.00102234
2 0.324707 0.274414 0.100586 0.162109 0.00105381
8 0.202637 0.64209 0.0166016 0.0185547 0.00111008
11 0.369141 0.150391 0.103516 0.0371094 0.0011301
8 0.708984 0.248535 0.0292969 0.0263672 0.00113678
10 0.897949 0.787109 0.0361328 0.0429688 0.00114441
8 0.708984 0.288574 0.0214844 0.0166016 0.00114441
3 0.54541 0.635742 0.389648 0.189453 0.00114536
8 0.712891 0.238281 0.0175781 0.0136719 0.00118065
11 0.601074 0.117188 0.0927734 0.0234375 0.00120449
7 0.154785 0.27832 0.0380859 0.0214844 0.00124454
11 0.229492 0.175781 0.0859375 0.0585938 0.00128651
9 0.546387 0.313965 0.0849609 0.133789 0.00130749
13 0.327148 0.251953 0.0507812 0.0976562 0.00133038
13 0.358887 0.275879 0.0791016 0.165039 0.00140858
13 0.837402 0.333496 0.0283203 0.0263672 0.00142288
9 0.143066 0.268555 0.0244141 0.0292969 0.00143242
8 0.717773 0.263672 0.0488281 0.0664062 0.00146484
13 0.722168 0.28125 0.0556641 0.0683594 0.0014658
13 0.706055 0.265137 0.0234375 0.0419922 0.00151443
13 0.282715 0.285156 0.235352 0.21875 0.00167656
13 0.143555 0.273438 0.0253906 0.0234375 0.00170708
13 0.279297 0.204102 0.0644531 0.0488281 0.00183105
11 0.147949 0.276367 0.0361328 0.0273438 0.00191116
13 0.715332 0.28125 0.0458984 0.0390625 0.00193214
11 0.732422 0.153809 0.0957031 0.0361328 0.00195217
13 0.709961 0.284668 0.03125 0.0263672 0.0020237
7 0.143066 0.268555 0.0244141 0.0292969 0.0020752
9 0.719727 0.268066 0.0644531 0.0732422 0.00210381
11 0.595703 0.151367 0.09375 0.0351562 0.00219536
11 0.0874023 0.771484 0.0341797 0.0429688 0.00225449
13 0.148438 0.273438 0.0234375 0.0136719 0.0023365
13 0.688965 0.24707 0.112305 0.109375 0.00241661
11 0.400391 0.157227 0.0625 0.0410156 0.00243187
5 0.226074 0.494141 0.280273 0.429688 0.00252533
8 0.706055 0.255371 0.0234375 0.0224609 0.00268745
10 0.0874023 0.771484 0.0341797 0.0410156 0.00269699
11 0.626465 0.120605 0.0751953 0.0205078 0.00270462
13 0.296387 0.217773 0.102539 0.0820312 0.0027771
13 0.242676 0.279297 0.213867 0.119141 0.00287247
11 0.348145 0.126465 0.129883 0.0263672 0.00290871
8 0.704102 0.259277 0.0488281 0.0439453 0.00332642
13 0.70459 0.258789 0.0107422 0.0175781 0.00335884
13 0.346191 0.316895 0.0986328 0.114258 0.00348091
13 0.672363 0.311035 0.106445 0.15332 0.00349045
11 0.758301 0.160645 0.0576172 0.0380859 0.00380135
2 0.711426 0.265137 0.0615234 0.0654297 0.00403976
13 0.270508 0.286621 0.130859 0.0732422 0.00448608
13 0.837402 0.321289 0.0400391 0.0507812 0.00455093
8 0.70459 0.291016 0.0146484 0.0136719 0.00496674
11 0.142578 0.265137 0.0253906 0.0322266 0.00604248
13 0.696777 0.279297 0.102539 0.0898438 0.00641251
13 0.267578 0.195312 0.046875 0.0332031 0.00665283
13 0.294922 0.25293 0.125 0.146484 0.00820923
13 0.166992 0.281738 0.0644531 0.0283203 0.00879669
8 0.711426 0.236816 0.0107422 0.00878906 0.00944519
13 0.336426 0.233887 0.0283203 0.108398 0.011673
13 0.220703 0.292969 0.171875 0.0664062 0.012764
13 0.154785 0.27832 0.0380859 0.0214844 0.0127869
13 0.341797 0.254883 0.046875 0.148438 0.0129089
8 0.703613 0.256348 0.0107422 0.00878906 0.0144043
13 0.192871 0.287598 0.116211 0.0439453 0.0155563
13 0.711426 0.265137 0.0615234 0.0654297 0.0323486
11 0.207031 0.185059 0.0429688 0.0341797 0.0394592
13 0.290527 0.300781 0.163086 0.126953 0.0447083
13 0.32666 0.273926 0.0888672 0.161133 0.0553894
