13 0.624512 0.341309 0.172852 0.124023 0.000245571
9 0.753906 0.192871 0.314453 0.157227 0.000246286
2 0.416016 0.320312 0.0625 0.101562 0.000247955
9 0.743164 0.268066 0.292969 0.194336 0.000248909
11 0.773926 0.248535 0.0595703 0.0478516 0.000249386
9 0.935059 0.499023 0.12793 0.451172 0.000249386
6 0.609863 0.364258 0.172852 0.142578 0.000249624
8 0.387695 0.414062 0.0214844 0.0214844 0.000249863
6 0.22168 0.510742 0.169922 0.28125 0.000250101
9 0.526855 0.829102 0.208008 0.255859 0.000250101
6 0.360352 0.53125 0.0878906 0.126953 0.00025177
8 0.38916 0.418457 0.0146484 0.0126953 0.000254393
5 0.263184 0.637695 0.290039 0.1875 0.000255108
8 0.460938 0.441406 0.0214844 0.0214844 0.000255823
11 0.633301 0.509766 0.512695 0.386719 0.000261068
3 0.330566 0.225098 0.204102 0.0927734 0.000263214
11 0.688965 0.246582 0.129883 0.114258 0.000264168
11 0.472656 0.00634766 0.0742188 0.0126953 0.000264406
9 0.248047 0.459473 0.0136719 0.0126953 0.000267744
9 0.681641 0.371094 0.308594 0.226562 0.000270367
2 0.700684 0.443848 0.155273 0.237305 0.000270844
9 0.00878906 0.520508 0.0175781 0.0742188 0.000274181
7 0.783691 0.112305 0.432617 0.212891 0.000276327
2 0.532227 0.393555 0.328125 0.197266 0.00027895
9 0.51123 0.967773 0.506836 0.0644531 0.000281096
1 0.352539 0.206055 0.132812 0.0390625 0.000281334
5 0.59668 0.369141 0.160156 0.136719 0.000283957
2 0.680176 0.268555 0.0712891 0.115234 0.00028491
9 0.0249023 0.60791 0.0498047 0.475586 0.000287294
9 0.749512 0.12793 0.0986328 0.0644531 0.000287533
0 0.689453 0.383301 0.236328 0.272461 0.000290871
9 0.0219727 0.538086 0.0439453 0.164062 0.000290871
9 0.404297 0.252441 0.0722656 0.129883 0.000291824
13 0.686523 0.25 0.107422 0.113281 0.00029397
11 0.269043 0.464355 0.293945 0.415039 0.000295401
3 0.612793 0.97998 0.446289 0.0380859 0.000298023
9 0.563477 0.738281 0.191406 0.140625 0.000298262
5 0.363281 0.548828 0.113281 0.1875 0.000299692
13 0.400391 0.30127 0.105469 0.174805 0.000303507
13 0.713867 0.289062 0.0917969 0.107422 0.000305176
13 0.262695 0.25 0.117188 0.0878906 0.000305653
7 0.218262 0.954102 0.286133 0.0859375 0.000307322
10 0.262695 0.25 0.117188 0.0878906 0.000307798
10 0.108887 0.991211 0.0654297 0.0175781 0.000308752
8 0.27832 0.494629 0.130859 0.0478516 0.000311613
9 0.877441 0.25293 0.0712891 0.0488281 0.000312567
8 0.633301 0.509766 0.512695 0.386719 0.000313759
5 0.187012 0.557129 0.104492 0.194336 0.000317335
8 0.189453 0.62207 0.0136719 0.0117188 0.000319242
8 0.257324 0.17627 0.0361328 0.0263672 0.00032115
0 0.75 0.111816 0.5 0.198242 0.000321627
10 0.109375 0.96875 0.0898438 0.0605469 0.000325203
9 0.644531 0.219727 0.205078 0.105469 0.000327349
11 0.372559 0.20752 0.145508 0.0693359 0.000329494
5 0.25293 0.460449 0.189453 0.104492 0.000332355
13 0.271484 0.558105 0.191406 0.0654297 0.000332594
6 0.71582 0.432617 0.126953 0.171875 0.000333071
10 0.775391 0.115234 0.449219 0.208984 0.000333548
8 0.317871 0.493652 0.0224609 0.0205078 0.000333786
9 0.680176 0.268555 0.0712891 0.115234 0.000335455
11 0.333984 0.215332 0.0742188 0.0419922 0.000337124
11 0.101562 0.98291 0.0566406 0.0341797 0.000337124
1 0.740723 0.476562 0.291992 0.445312 0.000339985
9 0.383301 0.270508 0.149414 0.173828 0.000344038
9 0.967773 0.178223 0.0644531 0.268555 0.000347853
11 0.37207 0.00732422 0.109375 0.0146484 0.000352383
7 0.262695 0.25 0.117188 0.0878906 0.000352859
13 0.325195 0.266113 0.164062 0.0927734 0.000352859
9 0.560547 0.76709 0.431641 0.243164 0.000358582
13 0.286621 0.4375 0.260742 0.195312 0.000360966
9 0.875 0.260742 0.236328 0.207031 0.000364304
8 0.269043 0.464355 0.293945 0.415039 0.00036478
8 0.374023 0.348145 0.0195312 0.0166016 0.000365734
11 0.637695 0.238281 0.150391 0.103516 0.000367641
5 0.740723 0.616211 0.303711 0.232422 0.00036931
13 0.394043 0.326172 0.0712891 0.0898438 0.000379086
11 0.680176 0.268555 0.0712891 0.115234 0.000380039
13 0.740723 0.4375 0.239258 0.177734 0.000380516
7 0.354492 0.545898 0.0878906 0.103516 0.000380516
9 0.419922 0.736816 0.308594 0.291992 0.000384092
1 0.269043 0.464355 0.293945 0.415039 0.000386477
0 0.474609 0.349609 0.173828 0.123047 0.000389814
8 0.275391 0.585449 0.0136719 0.0126953 0.000390291
13 0.29834 0.291016 0.149414 0.0957031 0.000391006
9 0.442383 0.327637 0.150391 0.188477 0.000391245
3 0.651367 0.784668 0.623047 0.385742 0.000392675
9 0.405273 0.946289 0.626953 0.105469 0.00039649
11 0.62793 0.187988 0.150391 0.0361328 0.000401258
13 0.32373 0.404297 0.118164 0.0644531 0.000403404
12 0.803711 0.121582 0.392578 0.22168 0.000404596
5 0.27832 0.494629 0.130859 0.0478516 0.000405073
8 0.311523 0.530762 0.03125 0.0224609 0.000406504
8 0.395508 0.546875 0.00976562 0.0078125 0.000407696
2 0.689941 0.433105 0.135742 0.118164 0.000409842
11 0.26709 0.274414 0.141602 0.0820312 0.000415325
8 0.406738 0.303711 0.0517578 0.0566406 0.000416994
9 0.69873 0.453613 0.180664 0.256836 0.00042367
7 0.408203 0.306152 0.03125 0.0263672 0.000425816
7 0.42627 0.325684 0.0673828 0.137695 0.000427485
2 0.740723 0.476562 0.291992 0.445312 0.000427961
13 0.680664 0.254883 0.0429688 0.0917969 0.000429153
11 0.688965 0.213379 0.303711 0.12793 0.00042963
8 0.751953 0.482422 0.230469 0.351562 0.000430107
2 0.406738 0.303711 0.0517578 0.0566406 0.000445366
0 0.548828 0.329102 0.240234 0.101562 0.000450373
13 0.360352 0.53125 0.0878906 0.126953 0.000451803
11 0.109375 0.15625 0.0859375 0.0253906 0.00045228
10 0.740723 0.476562 0.291992 0.445312 0.000457287
13 0.672363 0.356445 0.213867 0.208984 0.000459433
4 0.740723 0.476562 0.291992 0.445312 0.000460625
0 0.313477 0.232422 0.201172 0.0957031 0.000461102
9 0.77002 0.384277 0.243164 0.295898 0.000463486
5 0.849609 0.615723 0.0976562 0.147461 0.000465631
11 0.228516 0.285156 0.111328 0.09375 0.000467539
13 0.424316 0.325684 0.0693359 0.125977 0.000468731
4 0.269043 0.464355 0.293945 0.415039 0.000469685
10 0.269043 0.464355 0.293945 0.415039 0.000475407
11 0.403809 0.269531 0.0732422 0.160156 0.000483036
7 0.313477 0.232422 0.201172 0.0957031 0.000483274
13 0.411621 0.304199 0.0224609 0.0205078 0.000487566
11 0.705566 0.425293 0.0810547 0.0791016 0.000488281
9 0.230469 0.530762 0.195312 0.270508 0.000500679
5 0.600586 0.452148 0.511719 0.328125 0.00050211
2 0.645996 0.353027 0.131836 0.12793 0.000507832
11 0.597168 0.208008 0.0478516 0.0273438 0.000515461
5 0.738281 0.473145 0.253906 0.211914 0.000518322
9 0.416016 0.320312 0.0625 0.101562 0.000518799
2 0.269043 0.464355 0.293945 0.415039 0.000527859
5 0.26416 0.569336 0.250977 0.138672 0.000534058
7 0.380859 0.23584 0.130859 0.102539 0.000538826
8 0.780273 0.380859 0.0253906 0.0253906 0.000542164
2 0.313477 0.232422 0.201172 0.0957031 0.000546932
11 0.584961 0.242676 0.0996094 0.12207 0.000549793
10 0.101562 0.98291 0.0566406 0.0341797 0.000551224
9 0.480957 0.759277 0.143555 0.149414 0.000552177
11 0.356934 0.260742 0.172852 0.134766 0.000553608
8 0.301758 0.53125 0.0136719 0.0117188 0.000555992
13 0.321289 0.375488 0.197266 0.237305 0.000557899
0 0.315918 0.00878906 0.15918 0.0175781 0.000557899
9 0.662109 0.171875 0.326172 0.144531 0.000560284
1 0.262695 0.25 0.117188 0.0878906 0.000561237
7 0.536621 0.381836 0.333008 0.175781 0.000570774
9 0.500977 0.312012 0.0214844 0.0283203 0.000572205
10 0.259766 0.807129 0.390625 0.358398 0.000580311
9 0.730957 0.179688 0.0244141 0.0175781 0.000582695
3 0.637207 0.661621 0.53418 0.245117 0.000584126
11 0.280273 0.236328 0.0761719 0.0664062 0.000593185
8 0.409668 0.328613 0.0126953 0.0107422 0.00059557
5 0.804688 0.416016 0.167969 0.296875 0.000600815
0 0.269531 0.469727 0.289062 0.416016 0.000603676
0 0.740723 0.476562 0.291992 0.445312 0.000614643
9 0.870117 0.0800781 0.259766 0.152344 0.000617027
8 0.613281 0.368652 0.160156 0.149414 0.000629425
6 0.536621 0.381836 0.333008 0.175781 0.00064373
9 0.313477 0.232422 0.201172 0.0957031 0.000676632
3 0.59668 0.369141 0.160156 0.136719 0.000680447
13 0.689453 0.333008 0.109375 0.197266 0.000689983
2 0.647949 0.374512 0.245117 0.192383 0.00069952
12 0.740723 0.476562 0.291992 0.445312 0.000706673
9 0.456543 0.76416 0.0673828 0.0732422 0.000711441
12 0.536621 0.381836 0.333008 0.175781 0.000711918
11 0.584473 0.22168 0.0712891 0.0683594 0.000713348
5 0.667969 0.369141 0.232422 0.193359 0.000714302
12 0.313477 0.232422 0.201172 0.0957031 0.000724792
13 0.253906 0.55957 0.113281 0.0390625 0.000729561
9 0.505371 0.48877 0.256836 0.358398 0.000734329
3 0.763184 0.453125 0.272461 0.449219 0.000741482
11 0.679688 0.215332 0.193359 0.0673828 0.000741959
13 0.305664 0.415039 0.158203 0.126953 0.000746727
4 0.536621 0.381836 0.333008 0.175781 0.000762939
9 0.744141 0.115234 0.158203 0.0800781 0.0007658
12 0.269043 0.464355 0.293945 0.415039 0.000772953
2 0.604492 0.336914 0.148438 0.0976562 0.000781536
11 0.360352 0.206055 0.078125 0.0253906 0.000783443
5 0.3125 0.36084 0.195312 0.209961 0.000791073
11 0.645508 0.19873 0.111328 0.0263672 0.00080204
11 0.29541 0.255371 0.194336 0.163086 0.000802517
10 0.149902 0.983398 0.145508 0.03125 0.000805855
3 0.609863 0.443359 0.327148 0.257812 0.000809193
7 0.708984 0.42334 0.0722656 0.0751953 0.00083065
1 0.539062 0.374512 0.271484 0.135742 0.000831127
9 0.607422 0.435059 0.443359 0.28418 0.000831127
13 0.303711 0.236328 0.183594 0.09375 0.000843048
5 0.536621 0.381836 0.333008 0.175781 0.000844002
11 0.592285 0.347168 0.18457 0.102539 0.000852108
5 0.277832 0.453613 0.260742 0.18457 0.00091362
11 0.311523 0.228027 0.121094 0.0693359 0.000930309
11 0.265137 0.247559 0.0615234 0.0498047 0.000943184
13 0.235352 0.562012 0.0839844 0.0224609 0.000943184
5 0.808594 0.588867 0.148438 0.195312 0.000966072
9 0.772461 0.543457 0.197266 0.262695 0.000989914
11 0.234375 0.272949 0.0703125 0.0537109 0.00102234
9 0.00683594 0.547852 0.0136719 0.0859375 0.0010252
10 0.313477 0.232422 0.201172 0.0957031 0.00103378
11 0.586426 0.21582 0.0498047 0.0390625 0.00109386
8 0.536621 0.381836 0.333008 0.175781 0.00110245
13 0.292969 0.418945 0.148438 0.0625 0.00111294
10 0.536621 0.381836 0.333008 0.175781 0.00112343
8 0.247559 0.459473 0.0205078 0.0205078 0.00112629
6 0.772461 0.543457 0.197266 0.262695 0.00117016
7 0.741699 0.522949 0.276367 0.370117 0.00117683
7 0.415527 0.275391 0.0869141 0.181641 0.00119781
7 0.269043 0.464355 0.293945 0.415039 0.00122166
8 0.728516 0.180664 0.0214844 0.0175781 0.00123405
7 0.625 0.588379 0.488281 0.188477 0.00124264
10 0.157227 0.967285 0.162109 0.0654297 0.00125885
9 0.63916 0.656738 0.518555 0.231445 0.00128651
13 0.298828 0.413574 0.0703125 0.0361328 0.0012989
11 0.625 0.590332 0.484375 0.176758 0.0012989
13 0.40625 0.30957 0.0351562 0.0351562 0.00130653
11 0.391113 0.227051 0.0908203 0.0810547 0.00135708
0 0.494629 0.421387 0.303711 0.225586 0.00141907
1 0.625 0.590332 0.484375 0.176758 0.00143242
8 0.625 0.590332 0.484375 0.176758 0.00143814
9 0.258789 0.790527 0.388672 0.354492 0.00146008
0 0.671387 0.418457 0.166992 0.157227 0.00146484
12 0.625 0.588379 0.488281 0.188477 0.00146866
13 0.625 0.588379 0.488281 0.188477 0.00149727
5 0.347168 0.452148 0.186523 0.373047 0.00150204
0 0.695312 0.420898 0.0996094 0.101562 0.00151348
6 0.707031 0.422363 0.0703125 0.0732422 0.00151825
2 0.625 0.590332 0.484375 0.176758 0.00152397
8 0.285645 0.494629 0.0400391 0.0166016 0.00152588
7 0.77832 0.58252 0.201172 0.227539 0.00152683
3 0.775391 0.115234 0.449219 0.208984 0.0015316
13 0.352539 0.317383 0.144531 0.160156 0.00156879
4 0.625 0.588379 0.488281 0.188477 0.00156975
9 0.257324 0.17627 0.0361328 0.0263672 0.00161839
8 0.788574 0.473145 0.0146484 0.0126953 0.00163174
13 0.742188 0.44043 0.292969 0.525391 0.00163841
6 0.625 0.588379 0.488281 0.188477 0.00171566
9 0.418457 0.294434 0.0791016 0.186523 0.00172138
9 0.53418 0.774902 0.296875 0.450195 0.00173855
13 0.715332 0.414551 0.12793 0.129883 0.00178242
10 0.221191 0.939941 0.297852 0.114258 0.00182438
8 0.750488 0.483887 0.0888672 0.0263672 0.00187492
9 0.0146484 0.596191 0.0253906 0.219727 0.00191689
3 0.269043 0.464355 0.293945 0.415039 0.00214958
9 0.411621 0.304688 0.0224609 0.0195312 0.00216866
9 0.651367 0.784668 0.623047 0.385742 0.00228691
8 0.703125 0.424805 0.078125 0.0742188 0.00250816
9 0.613281 0.368652 0.160156 0.149414 0.00250816
5 0.745117 0.362305 0.244141 0.253906 0.00256538
9 0.0429688 0.730469 0.0859375 0.539062 0.00263596
8 0.317383 0.492676 0.015625 0.0126953 0.00266457
10 0.625 0.590332 0.484375 0.176758 0.00268745
13 0.272949 0.450195 0.290039 0.40625 0.00271225
1 0.313477 0.232422 0.201172 0.0957031 0.00277519
9 0.800781 0.149902 0.34375 0.12207 0.00282097
13 0.573242 0.366211 0.234375 0.136719 0.00292969
0 0.625 0.590332 0.484375 0.176758 0.00306892
2 0.578613 0.36377 0.213867 0.131836 0.00317764
9 0.822754 0.185059 0.354492 0.239258 0.00317955
8 0.286133 0.495117 0.0175781 0.015625 0.00321388
9 0.0214844 0.75 0.0390625 0.5 0.00327301
11 0.616699 0.21582 0.131836 0.0703125 0.00335884
9 0.536621 0.381836 0.333008 0.175781 0.00336266
9 0.922852 0.154297 0.154297 0.294922 0.00340462
11 0.539062 0.374512 0.271484 0.135742 0.00346756
9 0.0112305 0.549805 0.0224609 0.117188 0.00350571
5 0.723145 0.421387 0.166992 0.198242 0.00364494
11 0.603516 0.209473 0.0800781 0.0361328 0.00370216
5 0.708008 0.428223 0.0800781 0.0732422 0.00372887
13 0.688477 0.276855 0.0644531 0.118164 0.00381088
9 0.40625 0.307617 0.0332031 0.0332031 0.00381279
3 0.536133 0.378906 0.326172 0.167969 0.00394058
9 0.703125 0.424805 0.078125 0.0742188 0.00404358
9 0.269043 0.464355 0.293945 0.415039 0.00426483
2 0.411621 0.304688 0.0224609 0.0195312 0.00441742
6 0.740723 0.476562 0.291992 0.445312 0.00447464
8 0.406738 0.309082 0.0341797 0.0341797 0.00471878
9 0.709473 0.123535 0.295898 0.120117 0.00484085
9 0.625977 0.577148 0.486328 0.208984 0.00502396
8 0.748047 0.483887 0.0273438 0.0205078 0.0051384
5 0.625977 0.577148 0.486328 0.208984 0.00538254
6 0.269043 0.464355 0.293945 0.415039 0.00589371
11 0.331055 0.210938 0.134766 0.0527344 0.00757217
8 0.411621 0.304199 0.0224609 0.0205078 0.00760651
9 0.512207 0.726074 0.206055 0.290039 0.00806427
0 0.601074 0.447754 0.481445 0.329102 0.00843811
2 0.406738 0.309082 0.0341797 0.0341797 0.00951385
5 0.230469 0.530762 0.195312 0.270508 0.00952911
13 0.706543 0.422363 0.0732422 0.0751953 0.0103836
9 0.710938 0.474121 0.380859 0.438477 0.0106583
2 0.705566 0.425293 0.0810547 0.0791016 0.0112381
5 0.772461 0.543457 0.197266 0.262695 0.0176544
8 0.248047 0.459473 0.0136719 0.0126953 0.0192108
0 0.623535 0.38623 0.235352 0.19043 0.0204163
11 0.643555 0.200684 0.162109 0.0419922 0.0225067
11 0.330566 0.225098 0.204102 0.0927734 0.0250092
11 0.25 0.257812 0.09375 0.0742188 0.0279999
3 0.633301 0.509766 0.512695 0.386719 0.0475159
11 0.362305 0.203613 0.130859 0.0341797 0.056366
11 0.280273 0.243652 0.150391 0.0927734 0.0707397
9 0.783691 0.112305 0.432617 0.212891 0.0737305
5 0.740723 0.476562 0.282227 0.447266 0.128052
0 0.595703 0.362305 0.15625 0.123047 0.134155
5 0.26709 0.462891 0.286133 0.416016 0.150757
0 0.538086 0.369629 0.304688 0.145508 0.334961
3 0.615723 0.586914 0.481445 0.173828 0.694336
