13 0.77002 0.501953 0.112305 0.0898438 0.000115454
11 0.759277 0.14502 0.0537109 0.0361328 0.000116408
11 0.373047 0.130859 0.0605469 0.0195312 0.000118554
8 0.665527 0.383789 0.0576172 0.0507812 0.000119328
8 0.62207 0.41748 0.0488281 0.0537109 0.000120044
13 0.745605 0.364258 0.116211 0.109375 0.000120223
13 0.290527 0.608887 0.141602 0.100586 0.000121355
11 0.406738 0.131836 0.0517578 0.0175781 0.000121891
8 0.637207 0.276367 0.0185547 0.0136719 0.000122547
8 0.831055 0.491699 0.0429688 0.0263672 0.000122547
8 0.727051 0.592285 0.0263672 0.0244141 0.000122666
6 0.842285 0.59668 0.225586 0.3125 0.000123739
9 0.21875 0.573242 0.0351562 0.03125 0.000123739
3 0.539062 0.35791 0.255859 0.204102 0.000123978
5 0.277832 0.354004 0.0595703 0.0361328 0.000124216
9 0.982422 0.459473 0.0351562 0.0654297 0.000124812
13 0.0209961 0.24707 0.0400391 0.1875 0.00012517
5 0.739258 0.536133 0.1875 0.207031 0.00012517
8 0.147949 0.660645 0.0126953 0.0126953 0.000125289
9 0.252441 0.565918 0.108398 0.116211 0.000126481
13 0.370605 0.203125 0.0400391 0.0527344 0.000126481
11 0.616211 0.133789 0.0546875 0.0234375 0.000126481
7 0.806152 0.513184 0.0283203 0.0283203 0.000127077
13 0.355469 0.221191 0.162109 0.149414 0.000128746
9 0.835449 0.226562 0.0205078 0.0195312 0.000129461
9 0.210449 0.568359 0.114258 0.0996094 0.000129461
8 0.330078 0.430176 0.015625 0.0146484 0.000130653
9 0.838379 0.765625 0.239258 0.113281 0.000131726
13 0.411621 0.273926 0.0712891 0.0908203 0.000131726
8 0.755371 0.472168 0.0166016 0.0126953 0.000132084
9 0.646973 0.94043 0.604492 0.115234 0.00013268
9 0.257324 0.333984 0.0986328 0.0996094 0.000132799
9 0.708984 0.145996 0.185547 0.0751953 0.000133038
13 0.741211 0.349609 0.0839844 0.0683594 0.000135064
8 0.345215 0.57959 0.0146484 0.0146484 0.000137448
8 0.754395 0.472656 0.0419922 0.0195312 0.000137806
13 0.210449 0.568359 0.114258 0.0996094 0.00013876
8 0.742188 0.430664 0.0078125 0.0078125 0.000139832
1 0.733398 0.143555 0.130859 0.0585938 0.000140071
5 0.282227 0.550781 0.207031 0.246094 0.00014174
9 0.282227 0.195801 0.0429688 0.0380859 0.000141859
5 0.293945 0.307129 0.222656 0.192383 0.000142217
11 0.425781 0.136719 0.0488281 0.0214844 0.000142574
7 0.219727 0.555664 0.1875 0.208984 0.000142932
13 0.214355 0.557617 0.209961 0.21875 0.000143766
8 0.831543 0.472168 0.00878906 0.00683594 0.000143886
6 0.210449 0.568359 0.114258 0.0996094 0.000144124
7 0.775391 0.603027 0.1875 0.22168 0.000144601
11 0.26709 0.169434 0.0302734 0.0283203 0.000147104
11 0.0493164 0.773926 0.0361328 0.0810547 0.000148058
11 0.733887 0.14209 0.0771484 0.0380859 0.000148416
5 0.737793 0.472168 0.139648 0.143555 0.000148535
13 0.293945 0.628418 0.0410156 0.0517578 0.000148892
0 0.623535 0.396973 0.0537109 0.0810547 0.000150204
13 0.626465 0.23584 0.0244141 0.0458984 0.000151753
13 0.361816 0.59082 0.0693359 0.0683594 0.00015223
8 0.753418 0.508301 0.0869141 0.0634766 0.000152349
6 0.254395 0.458984 0.307617 0.427734 0.000152469
8 0.774902 0.531738 0.0224609 0.0146484 0.000153422
9 0.49707 0.984375 0.208984 0.03125 0.000154138
5 0.233398 0.609375 0.115234 0.109375 0.000154972
8 0.760742 0.508301 0.0371094 0.0263672 0.000155091
8 0.776367 0.47998 0.09375 0.0693359 0.000155568
6 0.79248 0.424805 0.237305 0.28125 0.000157595
7 0.847168 0.479004 0.12793 0.135742 0.000158072
8 0.785645 0.66748 0.0185547 0.0166016 0.000158668
13 0.794434 0.515625 0.0830078 0.0664062 0.000158906
8 0.283691 0.353027 0.0537109 0.0322266 0.000159025
6 0.739258 0.504883 0.130859 0.130859 0.000160456
7 0.693359 0.209961 0.0605469 0.0546875 0.000164747
8 0.22168 0.574219 0.0683594 0.0429688 0.000165701
9 0.216797 0.574707 0.0234375 0.0185547 0.000166297
8 0.822266 0.441406 0.0585938 0.0351562 0.000167966
9 0.691895 0.209961 0.0595703 0.0527344 0.000169992
8 0.757324 0.546875 0.0166016 0.0117188 0.000169992
13 0.395996 0.566895 0.0517578 0.0341797 0.000170112
11 0.681641 0.122559 0.0507812 0.0146484 0.000170708
8 0.82666 0.471191 0.116211 0.0732422 0.000174761
4 0.289062 0.202148 0.0273438 0.0234375 0.000175476
13 0.300781 0.351562 0.15625 0.0488281 0.000175595
8 0.811035 0.519531 0.0849609 0.046875 0.000176191
13 0.328613 0.309082 0.219727 0.188477 0.000177026
13 0.358887 0.328125 0.135742 0.126953 0.000177145
2 0.628906 0.274414 0.0390625 0.0214844 0.000178695
6 0.288574 0.202148 0.0263672 0.0214844 0.000179052
9 0.456543 0.408691 0.0791016 0.147461 0.000179291
13 0.795898 0.48291 0.0742188 0.0927734 0.000183225
3 0.0688477 0.29834 0.137695 0.459961 0.000184059
11 0.4375 0.142578 0.0605469 0.0292969 0.000185728
9 0.791016 0.424316 0.240234 0.282227 0.000187516
7 0.257324 0.333984 0.0986328 0.0996094 0.000191927
4 0.786621 0.51709 0.151367 0.116211 0.000194192
13 0.32959 0.65332 0.0556641 0.0625 0.000195622
5 0.169922 0.561035 0.150391 0.239258 0.000195622
5 0.831543 0.461914 0.135742 0.105469 0.00019598
13 0.182617 0.410645 0.078125 0.0185547 0.000196815
8 0.805664 0.485352 0.0761719 0.046875 0.000197291
2 0.623047 0.389648 0.0390625 0.0566406 0.000197411
13 0.625977 0.395996 0.0546875 0.0771484 0.000201344
2 0.339844 0.62793 0.0332031 0.0527344 0.000201464
7 0.758789 0.498047 0.115234 0.0976562 0.000204682
11 0.366211 0.143555 0.140625 0.0625 0.000207901
8 0.875 0.496582 0.015625 0.0126953 0.000210643
13 0.73291 0.341309 0.0439453 0.0634766 0.000210881
2 0.288086 0.201172 0.0273438 0.0253906 0.000212073
13 0.344238 0.608887 0.0361328 0.0283203 0.000212312
8 0.857422 0.432617 0.0136719 0.00976562 0.000217676
8 0.831055 0.470215 0.0175781 0.0107422 0.000218749
11 0.28418 0.161133 0.0761719 0.0605469 0.000222921
13 0.23584 0.353027 0.131836 0.0751953 0.000225425
5 0.259277 0.334473 0.135742 0.131836 0.000229836
4 0.784668 0.515137 0.0888672 0.0498047 0.000231028
9 0.0498047 0.231934 0.0996094 0.291992 0.000231385
8 0.217285 0.57373 0.0693359 0.104492 0.000233412
13 0.359375 0.209961 0.0332031 0.0292969 0.000234008
8 0.76709 0.38916 0.0107422 0.00878906 0.000234962
11 0.69873 0.120117 0.0986328 0.0253906 0.00023675
8 0.832031 0.473145 0.0546875 0.0244141 0.000237942
5 0.835938 0.516602 0.175781 0.177734 0.000240207
6 0.770996 0.484863 0.110352 0.0986328 0.000241041
11 0.286133 0.200684 0.0332031 0.0283203 0.000241876
8 0.896484 0.496582 0.00976562 0.0126953 0.000251293
6 0.217285 0.574219 0.0205078 0.0175781 0.000254154
9 0.687012 0.519043 0.0107422 0.00878906 0.000255823
8 0.718262 0.533691 0.0341797 0.0302734 0.000256062
5 0.21875 0.573242 0.0351562 0.03125 0.000263453
13 0.385742 0.578613 0.0683594 0.0673828 0.00026989
8 0.288574 0.19873 0.0380859 0.0380859 0.000270367
9 0.794922 0.515137 0.0429688 0.0361328 0.000271559
13 0.405273 0.493652 0.0527344 0.0185547 0.00027442
9 0.564941 0.62207 0.391602 0.191406 0.000276089
13 0.21875 0.573242 0.0351562 0.03125 0.000280619
13 0.361816 0.215332 0.0458984 0.0498047 0.000281334
6 0.277832 0.354004 0.0595703 0.0361328 0.000281334
6 0.602539 0.317383 0.115234 0.115234 0.000282288
2 0.687012 0.519043 0.0107422 0.00878906 0.000284195
5 0.83252 0.684082 0.225586 0.172852 0.000289679
6 0.236328 0.522461 0.181641 0.261719 0.00029254
13 0.288574 0.202148 0.0263672 0.0214844 0.000295162
7 0.216797 0.574707 0.0234375 0.0185547 0.000297308
8 0.742676 0.380859 0.0126953 0.0117188 0.000299692
4 0.602539 0.317383 0.115234 0.115234 0.000306606
13 0.354004 0.633301 0.0634766 0.0732422 0.000323296
8 0.787598 0.503418 0.108398 0.0791016 0.000324011
9 0.539062 0.35791 0.255859 0.204102 0.000328779
13 0.375977 0.274414 0.130859 0.185547 0.000333786
11 0.404785 0.120117 0.104492 0.0273438 0.000333786
9 0.339844 0.61377 0.03125 0.0244141 0.000339985
8 0.300293 0.697266 0.0166016 0.0136719 0.000348806
9 0.268555 0.355957 0.0761719 0.0439453 0.000350952
6 0.21875 0.573242 0.0351562 0.03125 0.000355005
7 0.602539 0.317383 0.115234 0.115234 0.000356913
6 0.824219 0.527832 0.173828 0.172852 0.000360966
8 0.318848 0.464844 0.0146484 0.0136719 0.000363588
8 0.770996 0.472656 0.213867 0.142578 0.000368118
9 0.225586 0.464844 0.267578 0.396484 0.00037384
8 0.429688 0.204102 0.0117188 0.0117188 0.000375032
11 0.653809 0.125 0.0615234 0.0175781 0.000380278
8 0.818359 0.399414 0.0078125 0.0078125 0.000382185
7 0.802246 0.505859 0.124023 0.0898438 0.000392437
13 0.232422 0.372559 0.103516 0.0341797 0.000392914
5 0.210449 0.568359 0.114258 0.0996094 0.000397205
13 0.217285 0.574219 0.0205078 0.0175781 0.000398636
13 0.323242 0.630859 0.0898438 0.0644531 0.000403881
0 0.601562 0.311035 0.0625 0.0810547 0.000405788
7 0.268555 0.355957 0.0761719 0.0439453 0.000414133
11 0.394043 0.126953 0.0595703 0.015625 0.000416279
8 0.66748 0.657227 0.0146484 0.0136719 0.000416994
8 0.625977 0.395996 0.0546875 0.0771484 0.000423193
8 0.838379 0.487305 0.0166016 0.0136719 0.000430822
13 0.372559 0.207031 0.0654297 0.0859375 0.000437021
13 0.74707 0.368164 0.181641 0.259766 0.000438213
13 0.690918 0.312988 0.131836 0.157227 0.000453234
12 0.602539 0.317383 0.115234 0.115234 0.000454664
8 0.87793 0.499023 0.0253906 0.0195312 0.000467777
9 0.893555 0.770996 0.109375 0.102539 0.000472546
1 0.602539 0.317383 0.115234 0.115234 0.000482082
11 0.713867 0.130859 0.0761719 0.0273438 0.000488043
8 0.818359 0.445801 0.0195312 0.0166016 0.000494003
13 0.391602 0.305664 0.0820312 0.130859 0.000500202
13 0.265625 0.332031 0.0976562 0.0976562 0.000519276
13 0.795898 0.516602 0.0449219 0.0332031 0.000523567
6 0.794434 0.515625 0.0830078 0.0664062 0.000544548
11 0.437988 0.129395 0.0693359 0.0224609 0.00055027
13 0.602539 0.317383 0.115234 0.115234 0.000556946
5 0.252441 0.565918 0.108398 0.116211 0.00056076
8 0.830566 0.469727 0.00878906 0.0078125 0.000564575
8 0.602539 0.317383 0.115234 0.115234 0.000572205
8 0.836426 0.226562 0.0205078 0.0195312 0.000579357
8 0.768555 0.532227 0.015625 0.0117188 0.000584126
8 0.692383 0.209961 0.0625 0.0546875 0.000585079
6 0.258789 0.356934 0.0917969 0.0517578 0.000596046
5 0.789551 0.626465 0.180664 0.19043 0.000599384
11 0.602539 0.317383 0.115234 0.115234 0.000599384
8 0.802734 0.522461 0.0234375 0.0175781 0.000612259
7 0.784668 0.515137 0.0888672 0.0498047 0.000621796
5 0.602539 0.317383 0.115234 0.115234 0.000626087
5 0.263672 0.356934 0.0878906 0.0595703 0.000627041
1 0.791504 0.563477 0.239258 0.292969 0.000660419
7 0.337891 0.61377 0.0214844 0.0166016 0.00066185
2 0.791504 0.563477 0.239258 0.292969 0.000662804
11 0.802246 0.54834 0.223633 0.266602 0.000683308
13 0.717773 0.330078 0.0839844 0.0996094 0.000688076
5 0.183105 0.627441 0.209961 0.245117 0.000710964
0 0.790527 0.531738 0.21582 0.227539 0.000721455
2 0.602539 0.317383 0.115234 0.115234 0.000723362
2 0.624023 0.408203 0.0566406 0.0742188 0.000724316
6 0.795898 0.516602 0.0449219 0.0332031 0.000759125
10 0.791504 0.563477 0.239258 0.292969 0.000771046
10 0.602539 0.317383 0.115234 0.115234 0.000794411
13 0.374512 0.244141 0.0810547 0.130859 0.000806332
4 0.794922 0.515137 0.0429688 0.0361328 0.000806332
5 0.851074 0.600586 0.202148 0.271484 0.000807285
6 0.786621 0.51709 0.151367 0.116211 0.000812054
11 0.308105 0.148926 0.0966797 0.0576172 0.000829697
3 0.791504 0.563477 0.239258 0.292969 0.00083971
9 0.624512 0.408203 0.0400391 0.0429688 0.000843525
11 0.656738 0.129395 0.133789 0.0439453 0.000915051
12 0.790527 0.531738 0.21582 0.227539 0.000921726
13 0.72168 0.361328 0.0664062 0.0742188 0.000923157
9 0.625977 0.395996 0.0546875 0.0771484 0.000949383
9 0.228027 0.564941 0.143555 0.176758 0.000967979
13 0.240234 0.568359 0.123047 0.164062 0.000984192
2 0.633789 0.275879 0.0214844 0.0146484 0.000985146
0 0.609375 0.322266 0.203125 0.158203 0.000994682
2 0.338867 0.612305 0.0390625 0.03125 0.000999451
8 0.337891 0.615723 0.03125 0.0302734 0.00113773
8 0.623535 0.403809 0.0341797 0.0283203 0.00118542
13 0.337891 0.61377 0.0214844 0.0166016 0.0012722
11 0.94873 0.820801 0.0439453 0.0537109 0.00128174
2 0.624512 0.408203 0.0400391 0.0429688 0.00129318
8 0.790527 0.531738 0.21582 0.227539 0.00131798
7 0.243164 0.577637 0.117188 0.149414 0.00132656
11 0.0537109 0.794922 0.0371094 0.0507812 0.00138664
9 0.625977 0.405762 0.0292969 0.0263672 0.00140476
2 0.786133 0.486816 0.205078 0.145508 0.00141239
9 0.602539 0.317383 0.115234 0.115234 0.00143433
11 0.646484 0.130371 0.105469 0.0244141 0.00145817
11 0.272949 0.166992 0.0458984 0.0429688 0.00146484
3 0.791992 0.481445 0.201172 0.132812 0.00154686
11 0.791992 0.481445 0.201172 0.132812 0.0015583
11 0.726562 0.147461 0.175781 0.0742188 0.00156403
10 0.0541992 0.79541 0.0380859 0.0478516 0.00157642
13 0.277344 0.353027 0.0585938 0.0341797 0.00158882
10 0.790039 0.489258 0.205078 0.146484 0.00161743
4 0.782227 0.547852 0.228516 0.277344 0.00163364
11 0.402344 0.130859 0.126953 0.0429688 0.00168896
10 0.94873 0.820801 0.0439453 0.0537109 0.00169182
13 0.337891 0.645996 0.03125 0.0478516 0.00170803
11 0.422363 0.13623 0.0947266 0.0263672 0.00173283
8 0.758301 0.550781 0.0126953 0.0136719 0.00174713
8 0.723145 0.538574 0.0205078 0.0205078 0.00174713
7 0.79541 0.515625 0.0439453 0.0371094 0.001791
7 0.288574 0.202148 0.0263672 0.0234375 0.00189781
0 0.616211 0.292969 0.0761719 0.0644531 0.00194454
8 0.21875 0.573242 0.0351562 0.03125 0.00195503
11 0.336426 0.138184 0.120117 0.0419922 0.00204659
6 0.243164 0.577637 0.117188 0.149414 0.0020504
5 0.791016 0.423828 0.246094 0.275391 0.00212097
9 0.338379 0.612793 0.0205078 0.0146484 0.00219154
8 0.789551 0.510742 0.0712891 0.0507812 0.0022583
8 0.687988 0.519043 0.0126953 0.0107422 0.00227737
9 0.288574 0.202148 0.0263672 0.0234375 0.00238228
13 0.820801 0.305176 0.0283203 0.0263672 0.00239372
3 0.602539 0.317383 0.115234 0.115234 0.00246048
2 0.625977 0.405762 0.0292969 0.0263672 0.00263977
9 0.791016 0.562988 0.230469 0.291992 0.00303459
1 0.790039 0.489258 0.205078 0.146484 0.00306129
13 0.339844 0.62793 0.0332031 0.0527344 0.00364304
13 0.257324 0.360352 0.0908203 0.0488281 0.00395584
11 0.679199 0.125977 0.0751953 0.0175781 0.00402069
11 0.775879 0.154297 0.0517578 0.0449219 0.00449371
5 0.254395 0.458984 0.307617 0.427734 0.00466156
13 0.791504 0.563477 0.239258 0.292969 0.00586319
0 0.535645 0.352539 0.239258 0.185547 0.00617599
7 0.791504 0.535645 0.260742 0.266602 0.00624847
3 0.571777 0.633789 0.413086 0.167969 0.00627899
8 0.800293 0.51416 0.15918 0.137695 0.00640106
11 0.364746 0.128418 0.120117 0.0263672 0.00665283
8 0.216797 0.574707 0.0234375 0.0185547 0.00712204
5 0.217773 0.512695 0.193359 0.296875 0.00727844
11 0.663086 0.121582 0.107422 0.0205078 0.00769806
2 0.338867 0.613281 0.0214844 0.0175781 0.00796509
9 0.790039 0.489258 0.205078 0.146484 0.00805664
11 0.757324 0.146484 0.0869141 0.0507812 0.0139771
5 0.228027 0.564941 0.143555 0.176758 0.0193634
4 0.790527 0.481445 0.202148 0.138672 0.0201569
8 0.289062 0.202148 0.0273438 0.0234375 0.020752
8 0.799316 0.515625 0.0361328 0.0332031 0.0209045
8 0.337891 0.61377 0.0214844 0.0166016 0.0219574
11 0.718262 0.13623 0.135742 0.0419922 0.0222168
11 0.404297 0.129395 0.101562 0.0224609 0.0379944
6 0.782227 0.547852 0.228516 0.277344 0.0386963
13 0.791992 0.49707 0.205078 0.152344 0.0396729
5 0.789551 0.487305 0.198242 0.140625 0.0548096
11 0.682129 0.127441 0.125977 0.0244141 0.0618591
7 0.790039 0.489258 0.205078 0.146484 0.0907593
5 0.793945 0.554688 0.228516 0.28125 0.0987549
6 0.791016 0.480957 0.203125 0.139648 0.178467
0 0.602539 0.312012 0.115234 0.102539 0.461426
