11 0.393066 0.132812 0.0302734 0.0195312 0.000102282
12 0.700195 0.214355 0.265625 0.178711 0.000108361
3 0.962891 0.485352 0.0742188 0.148438 0.000109792
9 0.533203 0.416016 0.0527344 0.140625 0.000110984
10 0.254883 0.775391 0.416016 0.449219 0.000111341
8 0.756836 0.23291 0.0332031 0.0283203 0.000111401
9 0.717285 0.583008 0.229492 0.09375 0.000112951
0 0.525391 0.324219 0.1875 0.320312 0.000113666
3 0.0151367 0.24707 0.0302734 0.0625 0.000116646
9 0.641113 0.685547 0.588867 0.251953 0.000117242
9 0.533691 0.65625 0.311523 0.503906 0.000119984
11 0.245117 0.987305 0.169922 0.0253906 0.000123024
7 0.219238 0.582031 0.274414 0.101562 0.000125647
8 0.381348 0.30127 0.0400391 0.0322266 0.000127673
7 0.428223 0.990723 0.0556641 0.0185547 0.000135303
13 0.203613 0.430176 0.0537109 0.0302734 0.000138164
11 0.651855 0.112793 0.104492 0.0185547 0.000138164
9 0.135254 0.123535 0.0791016 0.0595703 0.00013876
13 0.730469 0.25293 0.0351562 0.0292969 0.000141978
9 0.493652 0.419434 0.116211 0.245117 0.000149846
8 0.783691 0.375488 0.0263672 0.0205078 0.000152469
13 0.775879 0.504883 0.120117 0.0957031 0.000153899
11 0.878418 0.620117 0.0517578 0.078125 0.000154495
9 0.533203 0.419434 0.0253906 0.0283203 0.000161529
8 0.740723 0.237305 0.0595703 0.0488281 0.000164986
13 0.397461 0.132324 0.0410156 0.0224609 0.0001688
11 0.386719 0.974121 0.115234 0.0517578 0.000169635
11 0.354004 0.112305 0.0732422 0.0175781 0.000174403
9 0.346191 0.616211 0.235352 0.154297 0.000181198
5 0.743652 0.51416 0.241211 0.206055 0.000192642
8 0.423828 0.228027 0.015625 0.0146484 0.000198007
9 0.470215 0.53418 0.202148 0.291016 0.000199556
13 0.743652 0.23877 0.0576172 0.0478516 0.000200629
10 0.878418 0.632812 0.0595703 0.0664062 0.000202179
9 0.460938 0.986816 0.173828 0.0263672 0.000202417
9 0.550781 0.279785 0.148438 0.18457 0.000218868
11 0.682617 0.135254 0.197266 0.0498047 0.000219941
0 0.925781 0.293457 0.148438 0.454102 0.000221133
9 0.556641 0.52832 0.357422 0.21875 0.000230551
13 0.388184 0.379883 0.0986328 0.107422 0.000239253
11 0.70752 0.12793 0.0908203 0.0351562 0.000248909
11 0.352051 0.981445 0.208008 0.0351562 0.000259161
11 0.606445 0.114746 0.0742188 0.0244141 0.000260353
2 0.431152 0.990723 0.0556641 0.0185547 0.000277042
11 0.601074 0.147461 0.0712891 0.0625 0.000279427
13 0.778809 0.485352 0.112305 0.0449219 0.000284433
10 0.772461 0.60791 0.257812 0.0986328 0.000285625
0 0.569824 0.276855 0.0986328 0.0927734 0.000287056
11 0.631348 0.135742 0.116211 0.0429688 0.000300407
7 0.398438 0.132812 0.0371094 0.0214844 0.000308275
11 0.495605 0.991699 0.137695 0.0166016 0.00030899
11 0.349609 0.125 0.134766 0.0351562 0.000317812
11 0.400879 0.989746 0.114258 0.0205078 0.00032115
3 0.0634766 0.308594 0.113281 0.230469 0.000329494
3 0.924316 0.26123 0.145508 0.254883 0.000332355
9 0.262207 0.556152 0.166992 0.0517578 0.000335455
11 0.675293 0.121094 0.137695 0.0292969 0.000338078
8 0.423828 0.293457 0.03125 0.0263672 0.000345469
4 0.019043 0.255859 0.0341797 0.0527344 0.000356674
9 0.233887 0.568359 0.27832 0.0742188 0.000371695
11 0.587402 0.178223 0.0615234 0.131836 0.000382662
9 0.296875 0.586426 0.222656 0.104492 0.000386953
11 0.432617 0.148926 0.078125 0.0673828 0.000394344
8 0.428223 0.990723 0.0556641 0.0185547 0.000403404
11 0.383301 0.104492 0.0458984 0.015625 0.000403881
13 0.40332 0.358887 0.046875 0.0537109 0.000406981
8 0.35791 0.33252 0.0126953 0.0126953 0.000424147
8 0.576172 0.278809 0.0878906 0.112305 0.000451565
8 0.424805 0.478516 0.0546875 0.0429688 0.000488758
9 0.51123 0.281738 0.186523 0.303711 0.000540733
9 0.509277 0.455078 0.262695 0.486328 0.000571728
9 0.743652 0.617188 0.31543 0.109375 0.000572681
8 0.37207 0.370605 0.0195312 0.0166016 0.000609875
3 0.556641 0.526855 0.380859 0.155273 0.000638008
8 0.398438 0.132812 0.0371094 0.0214844 0.000647068
11 0.272461 0.14209 0.0625 0.0419922 0.000668526
9 0.585938 0.186035 0.0585938 0.129883 0.000684738
11 0.631836 0.118652 0.107422 0.0283203 0.000712872
8 0.658691 0.361816 0.0322266 0.0341797 0.000754356
9 0.0161133 0.254883 0.0322266 0.0507812 0.000760078
9 0.247559 0.66748 0.393555 0.254883 0.000769615
11 0.400391 0.106934 0.09375 0.0263672 0.000943661
11 0.883301 0.635254 0.0341797 0.0478516 0.000946999
9 0.398438 0.132812 0.0371094 0.0214844 0.000964642
11 0.431152 0.115234 0.0673828 0.0371094 0.000980377
10 0.883301 0.635254 0.0341797 0.0478516 0.00104809
7 0.576172 0.278809 0.0878906 0.112305 0.00107193
7 0.585938 0.186035 0.0585938 0.129883 0.00114536
11 0.60791 0.128418 0.0810547 0.0400391 0.00121498
10 0.0922852 0.611328 0.0341797 0.0546875 0.0012207
8 0.777344 0.368652 0.0429688 0.0341797 0.00125885
11 0.290527 0.134277 0.0771484 0.0419922 0.00126362
11 0.0922852 0.611328 0.0341797 0.0546875 0.00126648
11 0.728516 0.137207 0.0859375 0.0400391 0.00129604
7 0.019043 0.255859 0.0341797 0.0527344 0.00144958
11 0.419922 0.135742 0.0839844 0.0371094 0.00150585
11 0.365723 0.114746 0.124023 0.0322266 0.00156879
9 0.428223 0.990723 0.0556641 0.0185547 0.0015955
11 0.390137 0.130859 0.112305 0.03125 0.00166798
11 0.375488 0.107422 0.0791016 0.0195312 0.00311279
9 0.576172 0.278809 0.0878906 0.112305 0.0036602
11 0.402344 0.119629 0.103516 0.0341797 0.00392532
9 0.234375 0.601074 0.332031 0.149414 0.00407791
11 0.405273 0.132812 0.0605469 0.0234375 0.0047493
8 0.019043 0.255859 0.0341797 0.0527344 0.00532913
9 0.506836 0.406738 0.140625 0.446289 0.0138245
