3 0.280273 0.504883 0.279297 0.466797 0.000100136
11 0.844727 0.102539 0.298828 0.185547 0.000100374
9 0.897461 0.117188 0.205078 0.234375 0.000100493
1 0.708984 0.151855 0.117188 0.0283203 0.000100732
13 0.80127 0.346191 0.0185547 0.0185547 0.000100732
13 0.305664 0.623535 0.121094 0.0791016 0.000101209
8 0.478516 0.386719 0.0292969 0.0292969 0.000101864
11 0.647949 0.17627 0.133789 0.0771484 0.000102818
9 0.818359 0.333008 0.0566406 0.0488281 0.000103116
8 0.137207 0.105469 0.266602 0.197266 0.00010401
13 0.675781 0.592773 0.0234375 0.0253906 0.000108182
4 0.597656 0.324707 0.101562 0.0888672 0.000111282
13 0.36084 0.596191 0.131836 0.108398 0.000112355
8 0.725586 0.399902 0.0292969 0.0400391 0.000113249
4 0.141602 0.119141 0.279297 0.216797 0.000114322
11 0.6875 0.148438 0.0507812 0.015625 0.000115156
8 0.725098 0.410645 0.0205078 0.0244141 0.000115514
13 0.415039 0.360352 0.0878906 0.119141 0.000116169
13 0.786621 0.359375 0.0556641 0.0351562 0.00011915
10 0.163086 0.195312 0.326172 0.345703 0.000119209
1 0.897461 0.117188 0.205078 0.234375 0.000119686
8 0.810059 0.516602 0.0107422 0.00976562 0.000122547
13 0.0224609 0.300781 0.0390625 0.0332031 0.000124574
13 0.804688 0.342285 0.0429688 0.0322266 0.000125289
5 0.897461 0.117188 0.205078 0.234375 0.000125885
3 0.651855 0.883789 0.62207 0.228516 0.0001266
7 0.137207 0.105469 0.266602 0.197266 0.000130177
11 0.671875 0.152832 0.078125 0.0244141 0.000133038
11 0.823242 0.192871 0.353516 0.385742 0.000134587
1 0.352539 0.165039 0.0976562 0.03125 0.000134587
13 0.435059 0.358398 0.0498047 0.0429688 0.000135422
6 0.595703 0.324707 0.105469 0.0888672 0.000135899
8 0.331055 0.452637 0.0195312 0.0205078 0.000139952
1 0.137207 0.105469 0.266602 0.197266 0.000141621
8 0.40625 0.436035 0.0117188 0.0107422 0.000142217
9 0.257812 0.595703 0.199219 0.291016 0.000147343
13 0.789551 0.32666 0.0654297 0.0595703 0.000149727
11 0.422363 0.169922 0.0712891 0.0253906 0.000154138
5 0.137207 0.105469 0.266602 0.197266 0.000155687
9 0.80127 0.347656 0.0146484 0.0117188 0.000156641
13 0.80127 0.347656 0.0126953 0.0117188 0.000160217
11 0.141602 0.119141 0.279297 0.216797 0.000165462
13 0.350586 0.450684 0.0703125 0.0263672 0.000167727
3 0.14209 0.0795898 0.28418 0.147461 0.000169992
8 0.366211 0.461426 0.015625 0.0126953 0.000171304
13 0.320312 0.625977 0.0722656 0.0449219 0.000172138
13 0.335449 0.449707 0.0185547 0.0126953 0.000173092
1 0.597656 0.324707 0.101562 0.0888672 0.000180602
9 0.954102 0.814941 0.0917969 0.370117 0.000181675
2 0.137207 0.105469 0.266602 0.197266 0.00018239
0 0.619629 0.313477 0.0595703 0.0683594 0.000190496
9 0.651855 0.883789 0.62207 0.228516 0.000191092
13 0.397949 0.282715 0.0654297 0.0751953 0.000191808
11 0.336426 0.168457 0.0517578 0.0244141 0.000192761
2 0.47998 0.387695 0.0283203 0.03125 0.000195265
0 0.595703 0.314941 0.0644531 0.0634766 0.000196338
7 0.595703 0.324707 0.105469 0.0888672 0.000203967
9 0.331543 0.450195 0.0107422 0.0117188 0.000203967
9 0.844727 0.199219 0.310547 0.398438 0.00020504
11 0.372559 0.158691 0.0615234 0.0166016 0.000210404
9 0.580078 0.352539 0.148438 0.160156 0.000230312
12 0.595703 0.324707 0.105469 0.0888672 0.000235677
11 0.740234 0.152832 0.0703125 0.0341797 0.000235915
7 0.897461 0.117188 0.205078 0.234375 0.000244141
10 0.598145 0.324707 0.102539 0.0908203 0.000250578
13 0.812012 0.3125 0.0654297 0.0800781 0.000252247
2 0.331055 0.449707 0.0117188 0.0107422 0.000257969
10 0.912109 0.78418 0.0292969 0.046875 0.000259399
8 0.447754 0.296387 0.0166016 0.0166016 0.000259876
12 0.845215 0.197266 0.30957 0.380859 0.000270367
11 0.912109 0.78418 0.0292969 0.046875 0.000272512
13 0.595703 0.324707 0.105469 0.0888672 0.000276327
11 0.261719 0.210938 0.0605469 0.0410156 0.000278473
7 0.86084 0.473145 0.0341797 0.0419922 0.000282288
5 0.597656 0.324707 0.101562 0.0888672 0.000286341
8 0.406738 0.638184 0.00878906 0.00683594 0.000293732
3 0.163086 0.195312 0.326172 0.345703 0.000296116
11 0.611328 0.178223 0.0566406 0.0517578 0.000314236
11 0.154785 0.777344 0.0322266 0.0488281 0.000315189
10 0.303711 0.950684 0.302734 0.0908203 0.000322819
9 0.860352 0.473633 0.0332031 0.0449219 0.000324726
3 0.301758 0.0996094 0.5 0.164062 0.000326633
8 0.595703 0.324707 0.105469 0.0888672 0.000326872
11 0.709961 0.151367 0.0605469 0.0195312 0.000333071
13 0.819336 0.311035 0.0273438 0.0419922 0.000333071
9 0.280273 0.504883 0.279297 0.466797 0.000343323
8 0.780273 0.673828 0.0117188 0.00976562 0.000366449
5 0.800293 0.546875 0.235352 0.416016 0.00037241
6 0.884277 0.115723 0.231445 0.231445 0.000381231
11 0.354004 0.164062 0.0517578 0.0195312 0.000390053
11 0.415527 0.182617 0.106445 0.0449219 0.000392914
10 0.154785 0.77832 0.0341797 0.046875 0.000395298
9 0.550781 0.38916 0.193359 0.256836 0.000425577
8 0.722168 0.390137 0.0302734 0.0263672 0.000434399
2 0.599121 0.318848 0.100586 0.0791016 0.000467777
13 0.8125 0.333984 0.0917969 0.0722656 0.000470877
11 0.595703 0.324707 0.105469 0.0888672 0.000484705
13 0.325195 0.633789 0.0625 0.0234375 0.00048542
11 0.705078 0.166504 0.158203 0.0634766 0.000514984
11 0.681641 0.143066 0.125 0.0302734 0.000553131
6 0.137207 0.105469 0.266602 0.197266 0.000585079
13 0.407715 0.318848 0.0888672 0.118164 0.000596523
11 0.439941 0.174316 0.0673828 0.0380859 0.000695705
0 0.547852 0.390625 0.195312 0.261719 0.000741005
11 0.628906 0.168457 0.0839844 0.0517578 0.00076437
5 0.825195 0.600098 0.15625 0.272461 0.000775337
9 0.599121 0.319336 0.102539 0.078125 0.00082016
11 0.40625 0.161621 0.0996094 0.0185547 0.000844002
8 0.83252 0.606445 0.0107422 0.0078125 0.000864983
13 0.137207 0.105469 0.266602 0.197266 0.000930309
9 0.53418 0.732422 0.191406 0.507812 0.00101852
11 0.377441 0.168945 0.151367 0.0429688 0.00103855
11 0.324219 0.170898 0.0820312 0.0371094 0.00114822
8 0.673828 0.595215 0.0195312 0.0224609 0.00115681
11 0.76123 0.162598 0.0673828 0.0380859 0.00127697
8 0.860352 0.473633 0.0332031 0.0449219 0.00134659
13 0.897461 0.117188 0.205078 0.234375 0.00135899
3 0.595703 0.324707 0.105469 0.0888672 0.00160217
13 0.81543 0.306152 0.03125 0.0751953 0.00163078
8 0.331055 0.449219 0.0117188 0.0117188 0.00177479
8 0.80127 0.347656 0.0126953 0.0117188 0.00186157
5 0.257812 0.595703 0.199219 0.291016 0.00187683
0 0.580078 0.352539 0.148438 0.160156 0.00222588
13 0.818359 0.333008 0.0566406 0.0488281 0.00234795
11 0.662598 0.155273 0.133789 0.0332031 0.00268555
5 0.280273 0.504883 0.279297 0.466797 0.00354767
9 0.533691 0.541992 0.166992 0.505859 0.00400543
11 0.729004 0.15918 0.118164 0.0390625 0.00585938
11 0.375488 0.15918 0.110352 0.0214844 0.00720978
11 0.694824 0.145508 0.0869141 0.0175781 0.0150223
11 0.706055 0.150391 0.126953 0.0273438 0.0648193
11 0.347656 0.164551 0.0996094 0.0283203 0.0716553
0 0.597656 0.324707 0.101562 0.0888672 0.366699
