10 0.825195 0.794434 0.0292969 0.0615234 0.000229239
7 0.11377 0.422363 0.0888672 0.104492 0.000230074
9 0.387207 0.494629 0.0556641 0.118164 0.000231743
9 0.202148 0.693848 0.0820312 0.0400391 0.000233889
13 0.199219 0.407227 0.0703125 0.0722656 0.0002352
5 0.354004 0.418457 0.0791016 0.129883 0.000235558
5 0.157715 0.438477 0.124023 0.0703125 0.000236273
6 0.174805 0.430176 0.0742188 0.0517578 0.000236273
11 0.869629 0.155762 0.260742 0.303711 0.000236869
13 0.147461 0.54248 0.121094 0.120117 0.000240207
13 0.158691 0.658691 0.0517578 0.0224609 0.000241399
9 0.773926 0.751465 0.118164 0.104492 0.000241876
13 0.57666 0.397461 0.0458984 0.109375 0.000242352
5 0.756348 0.57959 0.0966797 0.116211 0.000243902
8 0.147461 0.135742 0.283203 0.253906 0.00024581
13 0.242188 0.62793 0.0625 0.0214844 0.000246048
6 0.16748 0.407227 0.151367 0.105469 0.000248671
3 0.169922 0.451172 0.171875 0.113281 0.000249147
3 0.66748 0.0600586 0.46582 0.112305 0.000250578
9 0.144043 0.739258 0.0283203 0.0273438 0.000252724
5 0.147461 0.135742 0.283203 0.253906 0.000253201
9 0.345703 0.445312 0.0546875 0.0878906 0.000253916
9 0.598633 0.588379 0.0214844 0.0185547 0.000254154
11 0.742188 0.307617 0.046875 0.0488281 0.000259161
4 0.143555 0.135254 0.283203 0.260742 0.000260115
7 0.147461 0.135742 0.283203 0.253906 0.00026226
8 0.198242 0.647461 0.166016 0.164062 0.000264645
5 0.879395 0.0839844 0.22168 0.144531 0.000269413
13 0.583008 0.40332 0.03125 0.0605469 0.000271797
7 0.345703 0.445312 0.0546875 0.0878906 0.000273466
8 0.143066 0.745605 0.0205078 0.0185547 0.000274181
12 0.854004 0.158691 0.291992 0.317383 0.000275135
7 0.59082 0.415527 0.046875 0.0947266 0.000276089
9 0.222168 0.290039 0.311523 0.259766 0.000277042
8 0.159668 0.625 0.0146484 0.0117188 0.000277042
11 0.670898 0.260254 0.0839844 0.0498047 0.000277996
13 0.312988 0.460938 0.0869141 0.0527344 0.000279188
13 0.203613 0.581543 0.0927734 0.0654297 0.000279188
6 0.215332 0.693848 0.0634766 0.0341797 0.000279903
11 0.518066 0.279297 0.0693359 0.0371094 0.000280142
11 0.508789 0.232422 0.0566406 0.0253906 0.000282288
6 0.22168 0.439453 0.291016 0.322266 0.000283718
11 0.0957031 0.824219 0.0390625 0.0625 0.000284672
13 0.574707 0.436035 0.0712891 0.110352 0.000285387
3 0.15625 0.181152 0.3125 0.305664 0.000285625
8 0.151855 0.71875 0.0263672 0.0195312 0.000286818
1 0.147461 0.135742 0.283203 0.253906 0.000293255
11 0.347656 0.262695 0.0644531 0.0546875 0.000293255
13 0.161133 0.552246 0.115234 0.0537109 0.000293493
8 0.163574 0.623047 0.0224609 0.0175781 0.000293732
12 0.18457 0.407715 0.164062 0.114258 0.000294447
7 0.207031 0.427246 0.0605469 0.0517578 0.000299692
13 0.162598 0.55127 0.168945 0.200195 0.000300884
9 0.395996 0.67627 0.149414 0.213867 0.000304699
13 0.223633 0.566406 0.150391 0.0976562 0.000306845
7 0.48877 0.408691 0.0888672 0.100586 0.000308037
13 0.144043 0.739258 0.0283203 0.0273438 0.000308514
5 0.160645 0.505371 0.165039 0.198242 0.000308514
1 0.124023 0.462402 0.0917969 0.108398 0.000309229
8 0.131348 0.538574 0.0146484 0.0107422 0.00031209
13 0.120605 0.543457 0.0498047 0.0205078 0.00031662
2 0.589355 0.413086 0.0419922 0.0957031 0.000317097
13 0.207031 0.427246 0.0605469 0.0517578 0.00031805
8 0.15625 0.434082 0.117188 0.0732422 0.000323296
11 0.123535 0.546875 0.0576172 0.0175781 0.000324011
9 0.426758 0.348633 0.169922 0.267578 0.000325918
13 0.758789 0.549805 0.0683594 0.03125 0.000335217
12 0.128418 0.44043 0.0673828 0.0546875 0.000335693
11 0.523438 0.240723 0.0898438 0.0380859 0.000337601
13 0.264648 0.322754 0.130859 0.135742 0.00033927
7 0.321777 0.337891 0.102539 0.146484 0.0003407
9 0.125 0.491699 0.103516 0.151367 0.000341654
6 0.130859 0.450684 0.126953 0.18457 0.000342846
9 0.443359 0.536621 0.216797 0.401367 0.000346661
11 0.147461 0.135742 0.283203 0.253906 0.00034833
10 0.854004 0.158691 0.291992 0.317383 0.000350237
2 0.12793 0.440918 0.0722656 0.0595703 0.000350475
7 0.615234 0.632812 0.140625 0.181641 0.000351667
5 0.199707 0.696289 0.147461 0.103516 0.000359297
9 0.214355 0.307617 0.223633 0.142578 0.000362635
13 0.125 0.491699 0.103516 0.151367 0.000373125
8 0.325195 0.571777 0.0917969 0.133789 0.000373125
13 0.304199 0.489746 0.0751953 0.0576172 0.000373363
13 0.241699 0.633301 0.139648 0.0537109 0.000373602
12 0.274902 0.262207 0.19043 0.0654297 0.00037384
2 0.200684 0.553223 0.249023 0.336914 0.000383139
10 0.161621 0.186035 0.323242 0.311523 0.000383139
2 0.200684 0.376953 0.245117 0.199219 0.000383854
13 0.20166 0.590332 0.0400391 0.0302734 0.000386477
13 0.186035 0.662109 0.12793 0.123047 0.000393629
7 0.156738 0.437988 0.0771484 0.0537109 0.000403643
2 0.144043 0.739258 0.0283203 0.0273438 0.000404835
6 0.126953 0.432617 0.0488281 0.0371094 0.000409603
9 0.61377 0.591309 0.0908203 0.0693359 0.000411272
9 0.274902 0.339355 0.108398 0.114258 0.000413656
11 0.62207 0.243164 0.0878906 0.0371094 0.000423193
11 0.124023 0.462402 0.0917969 0.108398 0.000423431
8 0.171875 0.720215 0.0917969 0.0712891 0.000439644
12 0.169922 0.451172 0.171875 0.113281 0.000440359
8 0.200684 0.553223 0.249023 0.336914 0.000442266
9 0.427734 0.442871 0.21875 0.180664 0.000442505
9 0.20166 0.433105 0.0888672 0.0654297 0.000442743
8 0.193359 0.433105 0.0507812 0.0498047 0.000445366
9 0.176758 0.616699 0.109375 0.137695 0.000447273
8 0.198242 0.508789 0.0117188 0.0117188 0.000450373
13 0.231445 0.457031 0.21875 0.121094 0.000453472
13 0.594727 0.39209 0.0742188 0.141602 0.000466585
7 0.129395 0.423828 0.0830078 0.0625 0.000468016
7 0.147949 0.387207 0.147461 0.141602 0.000472784
5 0.197266 0.429199 0.128906 0.0791016 0.000479698
9 0.274902 0.262207 0.19043 0.0654297 0.000483274
4 0.20166 0.42627 0.102539 0.0712891 0.000485897
8 0.144043 0.739258 0.0283203 0.0273438 0.000490189
8 0.197754 0.429688 0.116211 0.0742188 0.000495434
5 0.0883789 0.0966797 0.15918 0.177734 0.000496387
13 0.156738 0.437988 0.0771484 0.0537109 0.000502586
7 0.623535 0.599609 0.0458984 0.0410156 0.000505924
11 0.200684 0.553223 0.249023 0.336914 0.000506401
11 0.240723 0.296387 0.22168 0.118164 0.000517368
8 0.604492 0.594727 0.0371094 0.03125 0.000524044
1 0.198242 0.553223 0.246094 0.333008 0.000524998
13 0.207031 0.583984 0.0644531 0.0390625 0.000537872
8 0.333984 0.483398 0.0136719 0.015625 0.000539303
7 0.202148 0.693359 0.0878906 0.0449219 0.000547886
4 0.126953 0.432617 0.0488281 0.0371094 0.000556946
8 0.163086 0.57666 0.0117188 0.00878906 0.00055933
2 0.143555 0.135254 0.283203 0.260742 0.000561714
9 0.982422 0.0126953 0.0136719 0.0195312 0.000562191
6 0.202637 0.68457 0.0986328 0.0683594 0.000566483
7 0.388672 0.395508 0.171875 0.197266 0.000574112
4 0.117676 0.470703 0.0908203 0.115234 0.000575542
8 0.348145 0.441406 0.0537109 0.0742188 0.000581741
7 0.186523 0.432617 0.0546875 0.0546875 0.000583649
9 0.12793 0.432617 0.0449219 0.0371094 0.000584602
9 0.59082 0.415527 0.046875 0.0947266 0.000586987
7 0.271484 0.35498 0.132812 0.112305 0.000587463
7 0.960449 0.200684 0.0791016 0.192383 0.000617981
9 0.0361328 0.290527 0.0664062 0.0634766 0.000623226
8 0.226562 0.694824 0.0292969 0.0283203 0.000630856
12 0.200684 0.553223 0.249023 0.336914 0.000638008
7 0.240723 0.666992 0.168945 0.103516 0.000651836
6 0.0883789 0.0966797 0.15918 0.177734 0.00065279
11 0.201172 0.40332 0.201172 0.125 0.000653744
6 0.199707 0.696289 0.147461 0.103516 0.000653744
13 0.329102 0.375 0.132812 0.195312 0.000655174
11 0.585938 0.234375 0.0839844 0.0195312 0.000662327
13 0.879395 0.0839844 0.22168 0.144531 0.000682831
11 0.533691 0.228027 0.0830078 0.0205078 0.000683784
10 0.128418 0.440918 0.0732422 0.0595703 0.000688076
8 0.598633 0.593262 0.0214844 0.0205078 0.000692368
11 0.294434 0.273926 0.149414 0.0439453 0.000715733
6 0.199219 0.429199 0.0722656 0.0615234 0.000721455
6 0.879395 0.0839844 0.22168 0.144531 0.000724792
10 0.200684 0.553223 0.249023 0.336914 0.00073576
6 0.117676 0.470703 0.0908203 0.115234 0.000739574
11 0.508789 0.258301 0.0820312 0.0654297 0.000749111
5 0.128906 0.439941 0.0664062 0.0537109 0.000750065
7 0.203125 0.683105 0.109375 0.0810547 0.00075531
12 0.357422 0.416504 0.09375 0.12793 0.000757217
9 0.605469 0.595215 0.0390625 0.0322266 0.000759125
8 0.351074 0.415527 0.157227 0.139648 0.000796318
13 0.286621 0.327637 0.0556641 0.0986328 0.00080061
13 0.21582 0.683105 0.144531 0.0732422 0.000802517
4 0.206055 0.645996 0.183594 0.166992 0.000822544
11 0.273438 0.23877 0.0722656 0.0205078 0.000823975
7 0.185547 0.708496 0.117188 0.102539 0.000825882
8 0.215332 0.693848 0.0634766 0.0341797 0.000833035
9 0.672852 0.72168 0.191406 0.0585938 0.000833035
9 0.5 0.678711 0.363281 0.134766 0.000845432
9 0.325195 0.571777 0.0917969 0.133789 0.000858784
3 0.354004 0.418457 0.0791016 0.129883 0.000905037
11 0.307617 0.257324 0.123047 0.0498047 0.000906467
8 0.13916 0.745605 0.0146484 0.0126953 0.000909328
8 0.200684 0.376953 0.245117 0.199219 0.000919819
13 0.219238 0.56543 0.104492 0.0390625 0.000926495
8 0.172363 0.613281 0.0146484 0.0136719 0.00093174
2 0.169922 0.451172 0.171875 0.113281 0.000945091
8 0.1875 0.558594 0.0078125 0.0078125 0.000945568
3 0.943359 0.568848 0.109375 0.213867 0.000960827
7 0.222168 0.645996 0.233398 0.209961 0.000967026
13 0.308594 0.475586 0.0664062 0.0292969 0.000979424
9 0.733887 0.727539 0.163086 0.0859375 0.000992775
8 0.229004 0.700684 0.0185547 0.0146484 0.000999451
4 0.186035 0.552734 0.213867 0.328125 0.00102806
8 0.152832 0.730469 0.0498047 0.0488281 0.00103378
7 0.130859 0.450684 0.126953 0.18457 0.00107002
9 0.300293 0.383301 0.186523 0.198242 0.00107193
5 0.719238 0.609375 0.161133 0.197266 0.00107479
5 0.217285 0.640625 0.21582 0.162109 0.0010767
5 0.203613 0.405273 0.243164 0.158203 0.00109005
9 0.36377 0.371094 0.0927734 0.193359 0.00110817
9 0.611816 0.620605 0.139648 0.182617 0.00115013
1 0.12793 0.440918 0.0722656 0.0595703 0.00115299
13 0.256348 0.621582 0.0810547 0.0283203 0.00121307
10 0.200684 0.376953 0.245117 0.199219 0.00127316
10 0.354004 0.418457 0.0791016 0.129883 0.00132561
7 0.349121 0.352539 0.0791016 0.214844 0.00133133
10 0.171875 0.437988 0.173828 0.100586 0.00133228
13 0.183105 0.429688 0.0732422 0.0546875 0.00135326
7 0.224609 0.444824 0.244141 0.125977 0.00136375
9 0.151855 0.730957 0.0478516 0.0478516 0.00140572
13 0.14502 0.552246 0.0693359 0.0302734 0.00143528
8 0.12793 0.455078 0.0996094 0.0917969 0.001441
4 0.174805 0.475586 0.173828 0.150391 0.0014534
9 0.168457 0.467773 0.168945 0.138672 0.00147724
1 0.198242 0.384766 0.216797 0.160156 0.00149822
1 0.17041 0.458008 0.174805 0.142578 0.0015173
6 0.147461 0.135742 0.283203 0.253906 0.00152397
9 0.490723 0.409668 0.0869141 0.102539 0.00159264
11 0.128418 0.440918 0.0732422 0.0595703 0.00165462
12 0.179688 0.354492 0.228516 0.216797 0.00167274
8 0.619141 0.604492 0.0507812 0.03125 0.0016737
13 0.217285 0.640625 0.21582 0.162109 0.00171852
7 0.325195 0.571777 0.0917969 0.133789 0.00173283
1 0.150391 0.437988 0.125 0.0751953 0.00174141
8 0.169922 0.451172 0.171875 0.113281 0.00185871
2 0.152344 0.729492 0.0507812 0.0527344 0.00187778
13 0.202148 0.693848 0.0820312 0.0400391 0.00192165
2 0.17041 0.72168 0.0908203 0.0722656 0.0019722
11 0.213867 0.359863 0.271484 0.198242 0.00203514
7 0.300293 0.383301 0.186523 0.198242 0.0020752
11 0.194336 0.269531 0.0976562 0.0605469 0.00212479
13 0.23291 0.416016 0.200195 0.0976562 0.00215721
11 0.264648 0.265137 0.181641 0.0712891 0.00220108
8 0.131348 0.433105 0.0400391 0.0361328 0.0022316
11 0.554688 0.23291 0.0976562 0.0185547 0.00225258
13 0.152344 0.729492 0.0507812 0.0527344 0.00231361
13 0.291504 0.350586 0.0849609 0.107422 0.00233459
13 0.147461 0.135742 0.283203 0.253906 0.00234604
1 0.354004 0.418457 0.0791016 0.129883 0.00239372
2 0.356934 0.424805 0.0771484 0.117188 0.00241089
6 0.353027 0.410156 0.0791016 0.144531 0.00241661
0 0.429688 0.43457 0.208984 0.144531 0.00241661
9 0.388672 0.395508 0.171875 0.197266 0.00245094
9 0.180664 0.713379 0.111328 0.0888672 0.00251579
13 0.133301 0.54834 0.0400391 0.0185547 0.00252342
9 0.623535 0.599609 0.0458984 0.0410156 0.00266457
0 0.483398 0.407715 0.0917969 0.0927734 0.0026722
11 0.210449 0.257812 0.0693359 0.0410156 0.00269699
11 0.171875 0.437988 0.173828 0.100586 0.0027256
11 0.359863 0.416992 0.0908203 0.123047 0.00292778
5 0.200684 0.553223 0.249023 0.336914 0.00292969
13 0.214844 0.42334 0.113281 0.0732422 0.00296402
13 0.0883789 0.0966797 0.15918 0.177734 0.00299644
8 0.128906 0.439941 0.0664062 0.0537109 0.00312042
1 0.182129 0.421875 0.145508 0.0859375 0.00314331
6 0.206055 0.645996 0.183594 0.166992 0.00315857
13 0.351562 0.416504 0.0898438 0.133789 0.00317192
13 0.185547 0.710449 0.121094 0.0908203 0.00317955
13 0.602051 0.435547 0.0771484 0.128906 0.00320053
4 0.200195 0.376953 0.248047 0.207031 0.0033493
9 0.138184 0.446777 0.118164 0.0908203 0.00374985
6 0.186035 0.552734 0.213867 0.328125 0.00409317
6 0.137207 0.43457 0.114258 0.0839844 0.00410461
5 0.169922 0.451172 0.171875 0.113281 0.00411224
9 0.205566 0.646973 0.165039 0.143555 0.00412369
7 0.127441 0.433105 0.0478516 0.0380859 0.00426483
13 0.198242 0.553223 0.246094 0.333008 0.00463867
7 0.20166 0.42627 0.102539 0.0712891 0.00473785
4 0.182129 0.417969 0.163086 0.101562 0.00474167
8 0.261719 0.423828 0.0175781 0.0136719 0.00497055
11 0.303711 0.237793 0.0957031 0.0205078 0.0050087
4 0.128418 0.440918 0.0732422 0.0595703 0.00511551
9 0.174316 0.421875 0.15332 0.0976562 0.0053215
0 0.362793 0.418945 0.0966797 0.125 0.00540543
7 0.117676 0.470703 0.0908203 0.115234 0.00624084
9 0.181152 0.571289 0.208008 0.314453 0.00675201
10 0.0957031 0.824707 0.0253906 0.0341797 0.00705338
11 0.0957031 0.825684 0.0253906 0.0322266 0.00728226
11 0.818848 0.811035 0.0341797 0.0458984 0.00730515
11 0.272949 0.241699 0.129883 0.0302734 0.00764847
9 0.691406 0.743652 0.277344 0.102539 0.00766373
10 0.818848 0.811035 0.0341797 0.0458984 0.0077858
9 0.200684 0.376953 0.245117 0.199219 0.0078125
6 0.196777 0.429199 0.12793 0.0791016 0.00856018
6 0.203613 0.405273 0.243164 0.158203 0.00900269
7 0.186035 0.552734 0.213867 0.328125 0.00925446
4 0.151855 0.443359 0.137695 0.09375 0.00927734
11 0.651367 0.250977 0.0839844 0.0410156 0.00944519
13 0.137695 0.447754 0.117188 0.0869141 0.0103912
9 0.129395 0.443359 0.0693359 0.0625 0.0104599
7 0.174316 0.475586 0.174805 0.152344 0.0110245
13 0.174805 0.475586 0.173828 0.150391 0.011116
7 0.189941 0.645996 0.133789 0.145508 0.0120621
6 0.128418 0.440918 0.0732422 0.0595703 0.0131454
13 0.212891 0.383789 0.259766 0.175781 0.015152
11 0.246582 0.250977 0.12207 0.0429688 0.0172272
13 0.59082 0.415527 0.046875 0.0947266 0.0174408
4 0.354004 0.418457 0.0791016 0.129883 0.0199738
13 0.128906 0.439941 0.0664062 0.0537109 0.0254669
7 0.200195 0.376953 0.248047 0.207031 0.0305481
3 0.498535 0.674805 0.358398 0.134766 0.030838
6 0.169922 0.451172 0.171875 0.113281 0.044342
7 0.182129 0.417969 0.163086 0.101562 0.0486145
13 0.177246 0.431641 0.149414 0.0976562 0.0561523
7 0.129395 0.443359 0.0693359 0.0625 0.0609436
7 0.151855 0.443359 0.137695 0.09375 0.0907593
7 0.354004 0.418945 0.0771484 0.132812 0.0973511
9 0.356445 0.421387 0.0800781 0.120117 0.0985107
8 0.356934 0.424805 0.0771484 0.117188 0.148193
