9 0.177734 0.614258 0.0175781 0.0253906 0.000106394
11 0.336426 0.0810547 0.104492 0.0214844 0.00010705
9 0.512695 0.730469 0.169922 0.517578 0.000107229
11 0.786133 0.305664 0.0722656 0.0507812 0.000108421
1 0.264648 0.216797 0.371094 0.25 0.000109613
7 0.279785 0.585938 0.163086 0.152344 0.000111163
13 0.847656 0.566406 0.0683594 0.0234375 0.000111341
12 0.0834961 0.76416 0.0322266 0.0419922 0.000112176
2 0.0839844 0.763184 0.03125 0.0419922 0.000112653
8 0.224609 0.543945 0.0136719 0.0117188 0.00011301
12 0.362305 0.167969 0.179688 0.162109 0.000113189
8 0.791504 0.572266 0.0146484 0.015625 0.000113249
6 0.0273438 0.165039 0.0488281 0.0546875 0.000113308
9 0.262695 0.839355 0.421875 0.291992 0.000114381
11 0.389648 0.155273 0.0371094 0.0175781 0.000114381
11 0.833984 0.172852 0.046875 0.0429688 0.000115633
8 0.57959 0.298828 0.0615234 0.0800781 0.000115693
2 0.745117 0.335449 0.162109 0.106445 0.000116348
13 0.280273 0.349609 0.236328 0.0742188 0.000118196
7 0.229004 0.547363 0.0166016 0.0166016 0.000120342
11 0.59375 0.123535 0.0722656 0.0654297 0.00012064
8 0.692871 0.491211 0.0166016 0.0136719 0.000120819
3 0.791504 0.990234 0.208008 0.0195312 0.000121117
5 0.766113 0.589355 0.18457 0.225586 0.000127316
7 0.264648 0.216797 0.371094 0.25 0.000129342
11 0.73877 0.337891 0.192383 0.119141 0.000129819
8 0.170898 0.637695 0.0136719 0.0136719 0.000130534
11 0.619141 0.0961914 0.0644531 0.0185547 0.000130653
12 0.251465 0.108398 0.50293 0.216797 0.000134468
12 0.703125 0.17627 0.246094 0.15918 0.000136375
5 0.264648 0.216797 0.371094 0.25 0.000137091
8 0.390625 0.156738 0.0390625 0.0224609 0.00013721
11 0.259277 0.106934 0.176758 0.0751953 0.000139713
12 0.738281 0.130859 0.300781 0.128906 0.00014019
7 0.576172 0.304199 0.0722656 0.0986328 0.000141144
10 0.0844727 0.749512 0.0439453 0.0595703 0.000143766
9 0.229004 0.547363 0.0166016 0.0166016 0.000144124
13 0.0273438 0.165039 0.0488281 0.0546875 0.000144362
0 0.979004 0.138184 0.0322266 0.0654297 0.000145793
13 0.662598 0.325195 0.0595703 0.146484 0.000146985
13 0.575195 0.206055 0.03125 0.0410156 0.00014782
12 0.785645 0.126953 0.34082 0.226562 0.000149608
11 0.387207 0.102051 0.104492 0.0498047 0.000152826
8 0.870117 0.650879 0.0136719 0.0107422 0.000157356
3 0.0839844 0.763184 0.03125 0.0419922 0.000159979
6 0.787109 0.305664 0.078125 0.0605469 0.000161052
0 0.0839844 0.763184 0.03125 0.0419922 0.000163198
8 0.686035 0.424805 0.0244141 0.0214844 0.000163674
7 0.778809 0.315918 0.0947266 0.0751953 0.000169396
11 0.32666 0.11084 0.166992 0.0654297 0.000174403
8 0.239258 0.560547 0.015625 0.015625 0.000175834
10 0.264648 0.216797 0.371094 0.25 0.000176072
10 0.0810547 0.768066 0.0566406 0.116211 0.000176311
11 0.35791 0.0869141 0.0712891 0.0175781 0.000177264
11 0.69873 0.114746 0.161133 0.0556641 0.00018394
13 0.0839844 0.763184 0.03125 0.0419922 0.000187039
13 0.370605 0.44873 0.0849609 0.0673828 0.000188828
11 0.706055 0.0991211 0.0664062 0.0263672 0.000190735
12 0.779297 0.286621 0.146484 0.12207 0.000191808
9 0.741211 0.336914 0.197266 0.121094 0.000193954
2 0.17627 0.613281 0.0185547 0.0273438 0.000194311
0 0.56543 0.302734 0.09375 0.0917969 0.00019455
12 0.770508 0.316406 0.107422 0.0800781 0.000195146
8 0.42334 0.156738 0.0224609 0.0185547 0.000198245
2 0.0253906 0.16748 0.0507812 0.0654297 0.000206232
9 0.254395 0.377441 0.407227 0.557617 0.000207186
9 0.0834961 0.76416 0.0322266 0.0419922 0.000209332
3 0.264648 0.216797 0.371094 0.25 0.000210762
11 0.0810547 0.768066 0.0566406 0.116211 0.000211
11 0.265625 0.213379 0.380859 0.241211 0.000212789
8 0.37793 0.378906 0.0253906 0.0136719 0.000213265
11 0.371582 0.0913086 0.0595703 0.0185547 0.000218272
13 0.399902 0.296875 0.0478516 0.0507812 0.000226974
13 0.666016 0.275879 0.0722656 0.108398 0.000231266
3 0.219238 0.0883789 0.438477 0.176758 0.000231862
11 0.0844727 0.749512 0.0439453 0.0595703 0.00024581
11 0.750488 0.117676 0.0654297 0.0419922 0.000253201
7 0.418945 0.450195 0.03125 0.0292969 0.000264645
11 0.428711 0.116699 0.046875 0.0400391 0.000265121
8 0.413086 0.300293 0.0292969 0.0302734 0.00026679
8 0.384766 0.154297 0.0253906 0.015625 0.000267744
13 0.699707 0.300781 0.12207 0.148438 0.000270128
11 0.719238 0.10498 0.0576172 0.0283203 0.000272274
12 0.741211 0.336914 0.197266 0.121094 0.000277996
13 0.731445 0.238281 0.261719 0.259766 0.000284433
9 0.4375 0.532227 0.0214844 0.0195312 0.000288486
7 0.0839844 0.763184 0.03125 0.0419922 0.0002985
13 0.177246 0.614746 0.0185547 0.0263672 0.0002985
2 0.778809 0.315918 0.0947266 0.0751953 0.000299692
11 0.341797 0.0834961 0.0644531 0.0126953 0.000314474
5 0.277344 0.58252 0.167969 0.15332 0.000336885
9 0.0253906 0.160156 0.0488281 0.0527344 0.000338793
8 0.238281 0.550781 0.03125 0.0273438 0.000341654
12 0.254395 0.135742 0.387695 0.181641 0.000348568
12 0.276855 0.106445 0.0947266 0.0605469 0.000357866
9 0.385254 0.154785 0.0263672 0.0166016 0.000359058
2 0.419434 0.450195 0.0322266 0.0273438 0.000362635
13 0.76709 0.298828 0.163086 0.09375 0.000368118
4 0.0268555 0.162598 0.0537109 0.0556641 0.00037384
11 0.589844 0.116699 0.0507812 0.0380859 0.000406265
9 0.979004 0.132812 0.0419922 0.0527344 0.000412941
9 0.762207 0.230957 0.303711 0.266602 0.000448942
7 0.785645 0.306641 0.0654297 0.046875 0.000468731
8 0.325684 0.633789 0.0322266 0.0371094 0.000498295
11 0.257324 0.111328 0.0498047 0.0371094 0.000520229
9 0.576172 0.304199 0.0722656 0.0986328 0.000531673
9 0.785645 0.306641 0.0673828 0.046875 0.000571251
8 0.177734 0.614258 0.0175781 0.0253906 0.00057888
11 0.644043 0.0957031 0.0654297 0.015625 0.000583649
13 0.380371 0.291504 0.0732422 0.114258 0.000610352
9 0.778809 0.315918 0.0947266 0.0751953 0.000632763
11 0.609863 0.108398 0.0771484 0.0390625 0.000682354
9 0.421875 0.450684 0.0371094 0.0302734 0.000821114
0 0.0273438 0.165039 0.0488281 0.0546875 0.000843525
7 0.0253906 0.160156 0.0488281 0.0527344 0.000869751
11 0.675781 0.0947266 0.105469 0.015625 0.000909805
11 0.324219 0.0869141 0.0800781 0.0175781 0.000983238
12 0.254395 0.377441 0.407227 0.557617 0.000990868
11 0.294922 0.0927734 0.0742188 0.0273438 0.00102711
8 0.351562 0.530762 0.0175781 0.0205078 0.00107002
2 0.4375 0.532227 0.0214844 0.0195312 0.00118542
10 0.935547 0.787109 0.03125 0.0429688 0.00120258
11 0.935547 0.787109 0.03125 0.0429688 0.00130653
9 0.264648 0.216797 0.371094 0.25 0.00130653
11 0.388672 0.09375 0.0800781 0.0292969 0.00153351
13 0.803223 0.291992 0.0400391 0.0292969 0.00161839
13 0.736328 0.340332 0.179688 0.114258 0.00169086
8 0.4375 0.532715 0.0195312 0.0185547 0.00189209
9 0.507812 0.457031 0.142578 0.482422 0.00203705
12 0.762207 0.230957 0.303711 0.266602 0.00257492
11 0.648926 0.0981445 0.110352 0.0185547 0.00266457
11 0.416016 0.108887 0.0625 0.0439453 0.00272179
8 0.0253906 0.160156 0.0488281 0.0527344 0.00284004
8 0.229004 0.547363 0.0166016 0.0166016 0.00299072
10 0.0786133 0.768066 0.0439453 0.0673828 0.00380325
11 0.304199 0.0966797 0.106445 0.0410156 0.00546646
11 0.0786133 0.768066 0.0439453 0.0673828 0.00691986
11 0.348633 0.0908203 0.140625 0.0234375 0.00807953
8 0.418457 0.450195 0.0322266 0.0292969 0.0082016
11 0.682129 0.101562 0.131836 0.0292969 0.00826263
11 0.727539 0.109863 0.0859375 0.0439453 0.00962067
13 0.791016 0.30127 0.0703125 0.0498047 0.0106583
12 0.265625 0.213379 0.380859 0.241211 0.0121765
11 0.276367 0.104492 0.0839844 0.0507812 0.0132141
13 0.774414 0.321289 0.0996094 0.0898438 0.0157318
10 0.0839844 0.762695 0.03125 0.0410156 0.0354614
11 0.0839844 0.763184 0.03125 0.0419922 0.0414734
