9 0.189941 0.640625 0.0556641 0.0351562 0.000100076
13 0.817871 0.514648 0.0537109 0.0214844 0.000100255
0 0.145508 0.0644531 0.28125 0.117188 0.000100315
9 0.532715 0.433594 0.209961 0.347656 0.000100613
13 0.811035 0.0517578 0.37793 0.103516 0.000101686
7 0.848145 0.585938 0.118164 0.113281 0.000103831
8 0.756348 0.65918 0.0107422 0.00976562 0.000104368
11 0.581055 0.147461 0.0566406 0.0566406 0.000104368
11 0.321777 0.13623 0.223633 0.100586 0.000105917
10 0.862793 0.0913086 0.260742 0.165039 0.00010699
11 0.76123 0.143066 0.0576172 0.0361328 0.000107527
13 0.678223 0.319336 0.0302734 0.0820312 0.000107765
3 0.827148 0.0834961 0.326172 0.15332 0.000107884
13 0.828613 0.63916 0.0986328 0.0458984 0.000108421
8 0.867188 0.0820312 0.25 0.148438 0.000109076
4 0.331055 0.581543 0.111328 0.131836 0.000109136
13 0.190918 0.490723 0.213867 0.21582 0.000109375
11 0.623535 0.124512 0.0595703 0.0244141 0.000109792
9 0.263672 0.589844 0.162109 0.0976562 0.000110388
11 0.310547 0.141113 0.0605469 0.0244141 0.000110507
11 0.980469 0.914551 0.0390625 0.157227 0.000110865
9 0.325684 0.56543 0.170898 0.201172 0.000110984
9 0.422852 0.441895 0.078125 0.165039 0.000112236
13 0.187988 0.376465 0.0478516 0.0244141 0.000112534
10 0.540039 0.353027 0.205078 0.163086 0.00011307
8 0.76709 0.507324 0.0322266 0.0263672 0.000113189
13 0.865234 0.583496 0.046875 0.0185547 0.000113249
11 0.271973 0.159668 0.104492 0.0537109 0.000113308
10 0.936523 0.396484 0.125 0.541016 0.000114799
4 0.867188 0.0820312 0.25 0.148438 0.000115931
7 0.382324 0.499023 0.12793 0.248047 0.000118136
5 0.877441 0.611328 0.0986328 0.113281 0.000118792
11 0.647461 0.166016 0.173828 0.128906 0.000119388
11 0.237305 0.17627 0.0488281 0.0322266 0.000119686
12 0.348145 0.147461 0.139648 0.0390625 0.000119746
0 0.602051 0.366699 0.258789 0.202148 0.000119984
1 0.660156 0.125 0.154297 0.0371094 0.000120282
8 0.766602 0.497559 0.0136719 0.0107422 0.000123501
13 0.328613 0.164062 0.131836 0.0644531 0.000123858
11 0.649414 0.161621 0.130859 0.0439453 0.000124812
9 0.981445 0.00830078 0.0253906 0.0146484 0.000127196
9 0.649902 0.14209 0.18457 0.0751953 0.000127673
10 0.930664 0.708984 0.03125 0.0527344 0.000129223
3 0.138672 0.217285 0.277344 0.301758 0.000130177
10 0.00537109 0.133301 0.00683594 0.0400391 0.000131488
0 0.100098 0.869141 0.200195 0.261719 0.000131488
11 0.00683594 0.138672 0.0117188 0.0351562 0.000131845
9 0.352539 0.154297 0.181641 0.078125 0.000133514
3 0.562012 0.60498 0.235352 0.135742 0.000133634
0 0.972656 0.877441 0.0546875 0.245117 0.000135064
11 0.35791 0.178223 0.165039 0.129883 0.000135899
3 0.348633 0.146973 0.134766 0.0341797 0.000136971
13 0.326172 0.570801 0.132812 0.147461 0.00013721
11 0.930664 0.708984 0.03125 0.0527344 0.000137806
8 0.611816 0.331543 0.0205078 0.0244141 0.000139117
7 0.867188 0.0820312 0.25 0.148438 0.000139475
6 0.190918 0.574219 0.235352 0.230469 0.000139952
11 0.371582 0.14502 0.0595703 0.0283203 0.000140429
10 0.660645 0.125488 0.155273 0.0361328 0.000140429
2 0.980469 0.935059 0.0390625 0.12207 0.000140548
7 0.348145 0.145996 0.137695 0.0361328 0.000142217
13 0.382812 0.373535 0.078125 0.102539 0.000142574
11 0.333496 0.128418 0.155273 0.0498047 0.000143528
11 0.31543 0.150879 0.0722656 0.0322266 0.000143886
9 0.868164 0.441406 0.0292969 0.0214844 0.000143886
13 0.344727 0.144043 0.138672 0.0322266 0.000144482
1 0.867188 0.0820312 0.25 0.148438 0.000148296
9 0.547363 0.337891 0.200195 0.162109 0.000150919
13 0.221191 0.503418 0.165039 0.0810547 0.000153065
3 0.540039 0.353027 0.205078 0.163086 0.000153422
13 0.851074 0.649414 0.0771484 0.0371094 0.000154853
8 0.800293 0.582031 0.00878906 0.0078125 0.000155091
9 0.448242 0.608398 0.21875 0.226562 0.000155449
7 0.40918 0.442871 0.09375 0.166992 0.000156403
10 0.0195312 0.139648 0.0351562 0.0371094 0.000156522
8 0.309082 0.477051 0.0107422 0.0107422 0.000160098
13 0.335938 0.225586 0.0898438 0.0917969 0.00016129
9 0.936523 0.396484 0.125 0.541016 0.000162363
11 0.644531 0.121582 0.0761719 0.0283203 0.000164151
0 0.552246 0.00634766 0.129883 0.0126953 0.00016737
0 0.503906 0.401367 0.283203 0.255859 0.000168562
2 0.867188 0.0820312 0.25 0.148438 0.00016892
8 0.852539 0.591797 0.0410156 0.0351562 0.000169158
13 0.149414 0.475098 0.0742188 0.0244141 0.000170827
13 0.0820312 0.0512695 0.164062 0.102539 0.000172496
9 0.84668 0.447266 0.173828 0.476562 0.000173807
10 0.163574 0.0712891 0.321289 0.123047 0.000174403
6 0.980469 0.935059 0.0390625 0.12207 0.000176668
9 0.630859 0.399902 0.0566406 0.0654297 0.000180244
3 0.259277 0.866699 0.518555 0.245117 0.000181317
11 0.784668 0.165039 0.0654297 0.0664062 0.000182986
13 0.640137 0.399414 0.0576172 0.0664062 0.000184894
9 0.474121 0.0512695 0.422852 0.102539 0.000185132
8 0.859375 0.597656 0.0234375 0.0214844 0.000187039
9 0.610352 0.332031 0.0253906 0.0292969 0.000189424
11 0.867188 0.0820312 0.25 0.148438 0.000191331
3 0.561035 0.670898 0.405273 0.132812 0.000193954
7 0.632812 0.399414 0.0566406 0.0644531 0.000196099
8 0.125488 0.652344 0.0224609 0.0175781 0.000196934
6 0.877441 0.611328 0.0986328 0.115234 0.000197768
8 0.855469 0.586914 0.0195312 0.0117188 0.000199199
9 0.190918 0.574219 0.235352 0.230469 0.000202775
6 0.568848 0.340332 0.116211 0.12207 0.000204563
10 0.0112305 0.133301 0.0205078 0.0380859 0.000206709
13 0.3125 0.209473 0.0429688 0.0791016 0.000206709
10 0.0244141 0.232422 0.0449219 0.107422 0.000209212
10 0.00878906 0.283691 0.0175781 0.219727 0.000210643
9 0.364746 0.596191 0.129883 0.182617 0.000213385
7 0.853516 0.595215 0.0664062 0.0654297 0.000220776
9 0.859375 0.594727 0.0507812 0.0566406 0.000221848
0 0.375977 0.0170898 0.142578 0.0341797 0.000222564
13 0.968262 0.90332 0.0634766 0.193359 0.000226736
6 0.33252 0.581543 0.110352 0.129883 0.000229597
13 0.213379 0.0742188 0.426758 0.148438 0.000235796
3 0.650879 0.878418 0.65332 0.243164 0.000242352
9 0.187012 0.638672 0.100586 0.0566406 0.000244379
11 0.349609 0.150391 0.0761719 0.03125 0.000249624
0 0.565918 0.333008 0.0615234 0.0820312 0.00025034
13 0.161621 0.486328 0.0615234 0.0234375 0.000263214
4 0.568848 0.340332 0.116211 0.12207 0.000264645
13 0.85791 0.586426 0.0302734 0.0126953 0.000264645
3 0.163574 0.0712891 0.321289 0.123047 0.00026679
8 0.629883 0.401367 0.0664062 0.0625 0.000269175
7 0.367188 0.565918 0.109375 0.141602 0.000281334
7 0.190918 0.574219 0.235352 0.230469 0.000295639
8 0.145508 0.0644531 0.28125 0.117188 0.000296831
13 0.319336 0.221191 0.146484 0.137695 0.000298977
10 0.0112305 0.118652 0.0224609 0.0439453 0.000300646
8 0.359375 0.413574 0.015625 0.0146484 0.000306606
11 0.0698242 0.768555 0.0302734 0.0566406 0.000309944
4 0.145508 0.0644531 0.28125 0.117188 0.00031209
13 0.640625 0.42041 0.0410156 0.0322266 0.000312567
11 0.661621 0.11084 0.15332 0.0322266 0.000313759
7 0.570312 0.341309 0.113281 0.124023 0.000319242
10 0.0712891 0.767578 0.0292969 0.0546875 0.000319481
10 0.958984 0.302246 0.0800781 0.34668 0.000325918
11 0.689941 0.134277 0.141602 0.0615234 0.000363588
1 0.348145 0.145996 0.137695 0.0361328 0.000365257
11 0.681641 0.116699 0.0625 0.0185547 0.000377178
9 0.33252 0.581543 0.110352 0.129883 0.00037837
6 0.856934 0.571289 0.139648 0.195312 0.000381231
13 0.666016 0.311035 0.0527344 0.102539 0.000383139
0 0.850098 0.875488 0.299805 0.229492 0.000388622
7 0.15918 0.0644531 0.318359 0.115234 0.000397205
13 0.570312 0.341309 0.113281 0.124023 0.000403404
13 0.189453 0.635742 0.0703125 0.0449219 0.000406981
13 0.383301 0.349121 0.0595703 0.0732422 0.000408649
10 0.347656 0.144531 0.136719 0.03125 0.00041461
1 0.568848 0.340332 0.116211 0.12207 0.00041604
10 0.0249023 0.283691 0.0498047 0.260742 0.000424147
9 0.461426 0.483398 0.176758 0.425781 0.000428438
9 0.1875 0.633789 0.166016 0.101562 0.000431776
9 0.85498 0.549316 0.143555 0.249023 0.000431776
5 0.82373 0.499512 0.206055 0.368164 0.000435352
11 0.59082 0.162109 0.0800781 0.0917969 0.00044179
12 0.568848 0.340332 0.116211 0.12207 0.000446558
11 0.402344 0.165039 0.0859375 0.0644531 0.000448465
11 0.617676 0.136719 0.0634766 0.0371094 0.000449419
1 0.145508 0.0732422 0.291016 0.146484 0.000457287
6 0.867188 0.0820312 0.25 0.148438 0.000481367
10 0.00683594 0.138672 0.0117188 0.0351562 0.000487566
13 0.220215 0.583008 0.274414 0.189453 0.000488758
11 0.356934 0.13916 0.0615234 0.0205078 0.000492573
7 0.325684 0.56543 0.170898 0.201172 0.000495434
5 0.190918 0.574219 0.235352 0.230469 0.000497341
5 0.570312 0.341309 0.113281 0.124023 0.000497818
2 0.145508 0.0644531 0.28125 0.117188 0.000513554
2 0.608398 0.333984 0.0351562 0.0546875 0.000517845
0 0.591309 0.326172 0.0693359 0.0878906 0.000518799
7 0.566895 0.614746 0.428711 0.157227 0.000519276
8 0.868164 0.441406 0.0292969 0.0214844 0.000524521
8 0.727539 0.461426 0.0253906 0.0205078 0.000524521
13 0.30127 0.222168 0.0810547 0.0947266 0.000528812
9 0.435547 0.394043 0.09375 0.174805 0.000531673
9 0.981934 0.0126953 0.0146484 0.0195312 0.000538349
11 0.350098 0.169434 0.143555 0.0654297 0.000540733
11 0.568848 0.340332 0.116211 0.12207 0.000546932
11 0.662598 0.114258 0.0712891 0.0175781 0.000552654
7 0.85498 0.591797 0.0283203 0.0234375 0.000557899
6 0.566895 0.614746 0.428711 0.157227 0.00056076
8 0.570312 0.341309 0.113281 0.124023 0.000563622
11 0.715332 0.124023 0.116211 0.0351562 0.000574589
9 0.877441 0.611328 0.0986328 0.113281 0.000596046
8 0.566895 0.614746 0.428711 0.157227 0.000615597
4 0.566895 0.614746 0.428711 0.157227 0.000620842
11 0.566895 0.614746 0.428711 0.157227 0.000638008
2 0.568848 0.340332 0.116211 0.12207 0.000639439
13 0.867188 0.0820312 0.25 0.148438 0.000646114
1 0.566895 0.614746 0.428711 0.157227 0.000647545
2 0.566895 0.614746 0.428711 0.157227 0.000686646
7 0.85498 0.549316 0.143555 0.249023 0.00070858
12 0.566895 0.614746 0.428711 0.157227 0.000720024
13 0.566895 0.614746 0.428711 0.157227 0.000748158
13 0.189453 0.630859 0.126953 0.0761719 0.000756741
10 0.568848 0.340332 0.116211 0.12207 0.000789165
9 0.85498 0.591797 0.0263672 0.0234375 0.000802994
0 0.577637 0.0170898 0.163086 0.0341797 0.000825882
11 0.302246 0.143066 0.108398 0.0302734 0.000912666
5 0.566895 0.614746 0.428711 0.157227 0.00092268
6 0.145508 0.0644531 0.28125 0.117188 0.000936031
13 0.197754 0.48291 0.129883 0.0400391 0.000942707
2 0.614258 0.33252 0.015625 0.0224609 0.00097847
13 0.980469 0.935059 0.0390625 0.12207 0.000993729
9 0.499023 0.37207 0.220703 0.185547 0.000997543
13 0.21875 0.613281 0.140625 0.0859375 0.00115108
10 0.566895 0.614746 0.428711 0.157227 0.00118256
13 0.263672 0.589844 0.162109 0.0976562 0.00124454
0 0.566895 0.614746 0.428711 0.157227 0.00129223
11 0.145508 0.0644531 0.28125 0.117188 0.00132847
11 0.616699 0.125977 0.102539 0.0332031 0.00132942
7 0.880859 0.612793 0.0878906 0.110352 0.00135803
11 0.382812 0.140137 0.103516 0.0263672 0.00142097
13 0.169922 0.478027 0.0820312 0.0341797 0.00143433
9 0.570312 0.341309 0.113281 0.124023 0.00143623
11 0.773438 0.151855 0.0527344 0.0439453 0.00153732
2 0.61084 0.33252 0.0283203 0.0283203 0.00167561
9 0.566406 0.616699 0.429688 0.141602 0.00169659
3 0.570312 0.341309 0.113281 0.124023 0.00202179
7 0.33252 0.581543 0.110352 0.129883 0.00218582
13 0.145508 0.0644531 0.28125 0.117188 0.00224876
5 0.856934 0.571289 0.139648 0.195312 0.00248337
11 0.333008 0.143555 0.0761719 0.0253906 0.00250626
11 0.635742 0.138184 0.158203 0.0615234 0.00283432
11 0.323242 0.154785 0.150391 0.0498047 0.00295258
8 0.85498 0.591797 0.0263672 0.0234375 0.00301743
0 0.529297 0.355957 0.205078 0.149414 0.00370979
11 0.335938 0.134766 0.121094 0.0273438 0.00434494
11 0.595215 0.134277 0.0712891 0.0458984 0.0052681
11 0.374023 0.152344 0.121094 0.0527344 0.00637054
11 0.683594 0.118652 0.0996094 0.0263672 0.0141907
11 0.660645 0.125488 0.155273 0.0361328 0.0359802
11 0.347656 0.144531 0.136719 0.03125 0.148315
0 0.568848 0.338867 0.116211 0.115234 0.398682
3 0.5625 0.623535 0.4375 0.129883 0.460938
