9 0.636719 0.543457 0.373047 0.342773 0.000102341
3 0.622559 0.0581055 0.743164 0.116211 0.000103474
6 0.772461 0.615234 0.306641 0.195312 0.000103474
7 0.886719 0.689453 0.0742188 0.0957031 0.000104606
9 0.179199 0.599121 0.200195 0.196289 0.000104606
13 0.667969 0.415527 0.0566406 0.0322266 0.000106514
2 0.325195 0.57373 0.046875 0.0458984 0.000107408
5 0.806641 0.501953 0.238281 0.380859 0.000107467
3 0.304688 0.868164 0.511719 0.263672 0.0001086
5 0.704102 0.349121 0.287109 0.329102 0.000111401
9 0.87793 0.686523 0.0917969 0.101562 0.000111759
0 0.625 0.394043 0.244141 0.262695 0.000111878
13 0.550293 0.368652 0.358398 0.290039 0.000112772
0 0.61084 0.385254 0.0654297 0.0576172 0.00011307
11 0.57959 0.154297 0.0556641 0.0332031 0.000113249
9 0.75 0.298828 0.390625 0.298828 0.000114501
11 0.708984 0.148926 0.0742188 0.0458984 0.000114977
11 0.595215 0.305176 0.114258 0.145508 0.000117481
0 0.723145 0.437988 0.399414 0.549805 0.000119269
2 0.630859 0.397949 0.0996094 0.0693359 0.000120163
0 0.615723 0.369141 0.0947266 0.164062 0.000120342
5 0.668945 0.428223 0.287109 0.15332 0.000122547
13 0.322266 0.568359 0.015625 0.0175781 0.000122905
12 0.820801 0.0297852 0.354492 0.0595703 0.000126958
10 0.106445 0.678711 0.0761719 0.0957031 0.000128031
0 0.493652 0.29834 0.141602 0.112305 0.000128269
8 0.657227 0.254395 0.0371094 0.0224609 0.000132203
12 0.816406 0.121094 0.367188 0.228516 0.000133634
7 0.603027 0.390137 0.0341797 0.0263672 0.000133872
10 0.902344 0.98584 0.195312 0.0283203 0.000134468
0 0.606445 0.387695 0.03125 0.0214844 0.000134945
11 0.399414 0.143066 0.0996094 0.0361328 0.000137329
10 0.817871 0.0527344 0.364258 0.105469 0.000139356
11 0.380371 0.146973 0.0615234 0.0166016 0.000140905
9 0.584473 0.398926 0.211914 0.176758 0.000141263
8 0.375977 0.493164 0.0195312 0.0214844 0.000141382
9 0.215332 0.661621 0.319336 0.145508 0.000143051
8 0.32373 0.571289 0.0283203 0.0332031 0.00014317
11 0.604492 0.393066 0.078125 0.0615234 0.000144124
11 0.887207 0.664062 0.0849609 0.121094 0.000144601
11 0.534668 0.370605 0.323242 0.250977 0.000145197
5 0.220703 0.647949 0.324219 0.157227 0.000145316
13 0.710449 0.446777 0.411133 0.506836 0.000146866
2 0.62207 0.32959 0.078125 0.174805 0.00014782
9 0.825195 0.67334 0.148438 0.0712891 0.00014782
3 0.228027 0.551758 0.305664 0.287109 0.000152826
9 0.592285 0.389648 0.12207 0.0898438 0.000153899
5 0.741699 0.645508 0.323242 0.115234 0.000155091
13 0.258301 0.442383 0.379883 0.542969 0.000155687
9 0.511719 0.247559 0.248047 0.133789 0.000155687
9 0.0942383 0.694336 0.0615234 0.0957031 0.000157237
3 0.0874023 0.683594 0.0751953 0.109375 0.000157237
9 0.219727 0.262207 0.439453 0.28418 0.000160098
11 0.605957 0.167969 0.102539 0.0800781 0.000160098
10 0.771484 0.64502 0.300781 0.174805 0.000161529
2 0.660645 0.253906 0.0458984 0.03125 0.000162482
11 0.379395 0.133301 0.0712891 0.0146484 0.00016439
13 0.720215 0.49707 0.0439453 0.0195312 0.00016582
11 0.895508 0.726074 0.0625 0.0927734 0.000166774
8 0.342285 0.431152 0.0166016 0.0166016 0.000169635
9 0.680176 0.169434 0.249023 0.106445 0.000172019
8 0.498535 0.758789 0.0380859 0.0351562 0.000172853
10 0.867676 0.671387 0.100586 0.108398 0.00017333
9 0.893066 0.70459 0.0595703 0.0849609 0.000174165
13 0.20166 0.0200195 0.40332 0.0400391 0.000177622
11 0.607422 0.388184 0.03125 0.0244141 0.000179648
11 0.606445 0.132324 0.078125 0.0244141 0.000180006
9 0.462891 0.496582 0.355469 0.424805 0.000180364
12 0.748047 0.461914 0.349609 0.589844 0.000183105
2 0.616699 0.281738 0.0634766 0.0771484 0.000183821
13 0.603027 0.392578 0.0478516 0.0410156 0.00018549
8 0.585938 0.316895 0.130859 0.165039 0.000186443
13 0.685059 0.409668 0.165039 0.0732422 0.000187397
11 0.64502 0.129883 0.166992 0.0351562 0.000191212
7 0.845703 0.68457 0.148438 0.105469 0.000192404
5 0.707031 0.553711 0.269531 0.316406 0.000193596
9 0.924805 0.211914 0.150391 0.208984 0.00019753
0 0.464355 0.335938 0.163086 0.175781 0.00020349
13 0.654785 0.327637 0.256836 0.258789 0.000206947
7 0.571777 0.597656 0.415039 0.1875 0.00020957
13 0.654297 0.416504 0.267578 0.157227 0.000214219
0 0.0556641 0.427734 0.111328 0.228516 0.000215292
9 0.611328 0.385742 0.0253906 0.0214844 0.000217795
10 0.902344 0.689453 0.130859 0.142578 0.000218034
6 0.571777 0.597656 0.415039 0.1875 0.000218749
9 0.114746 0.67334 0.12207 0.149414 0.00022471
13 0.604492 0.393066 0.078125 0.0615234 0.000226378
13 0.571777 0.597656 0.415039 0.1875 0.000242949
9 0.598145 0.390625 0.0498047 0.0390625 0.000246525
12 0.258301 0.442383 0.379883 0.542969 0.000251055
5 0.575195 0.512207 0.474609 0.387695 0.000257254
9 0.839844 0.706055 0.191406 0.101562 0.000257969
9 0.816406 0.672363 0.09375 0.0419922 0.000259161
9 0.837402 0.656738 0.178711 0.143555 0.000261784
8 0.571777 0.597656 0.415039 0.1875 0.000267744
3 0.78418 0.257324 0.431641 0.286133 0.000273228
4 0.571777 0.597656 0.415039 0.1875 0.000275135
6 0.258301 0.442383 0.379883 0.542969 0.00027585
11 0.571777 0.597656 0.415039 0.1875 0.000279427
6 0.748047 0.461914 0.349609 0.589844 0.000280142
1 0.571777 0.597656 0.415039 0.1875 0.000281811
7 0.807129 0.650391 0.239258 0.146484 0.000285625
11 0.321777 0.166992 0.213867 0.09375 0.000286818
11 0.101074 0.674805 0.0791016 0.111328 0.000291348
9 0.875977 0.258301 0.248047 0.323242 0.000292778
0 0.52002 0.37207 0.250977 0.154297 0.000299215
3 0.241211 0.416016 0.394531 0.550781 0.000303507
9 0.741211 0.178711 0.400391 0.162109 0.000310659
2 0.601562 0.378418 0.103516 0.104492 0.000313044
9 0.81543 0.671875 0.0546875 0.0273438 0.000315666
9 0.322266 0.568359 0.015625 0.0175781 0.000322819
2 0.571777 0.597656 0.415039 0.1875 0.000324011
10 0.852539 0.705566 0.130859 0.110352 0.000326157
5 0.777344 0.677246 0.298828 0.0888672 0.000357151
12 0.571777 0.597656 0.415039 0.1875 0.000368357
9 0.779785 0.600098 0.276367 0.24707 0.000369072
11 0.404297 0.134766 0.078125 0.0195312 0.000379801
13 0.595215 0.305176 0.114258 0.145508 0.000384569
2 0.589355 0.379883 0.243164 0.162109 0.000386953
3 0.751465 0.480957 0.334961 0.518555 0.000414848
9 0.228027 0.551758 0.305664 0.287109 0.000417471
9 0.603027 0.393066 0.0712891 0.0634766 0.000428438
11 0.812988 0.670898 0.0400391 0.0234375 0.000443459
13 0.603027 0.390137 0.0341797 0.0263672 0.000449181
9 0.775391 0.684082 0.310547 0.0712891 0.000457287
0 0.576172 0.407715 0.205078 0.131836 0.000478983
9 0.789551 0.177246 0.420898 0.299805 0.000480413
11 0.848633 0.686035 0.15625 0.112305 0.000481844
11 0.603516 0.39209 0.046875 0.0380859 0.000494003
8 0.603027 0.393066 0.0712891 0.0634766 0.000500202
0 0.571777 0.597656 0.415039 0.1875 0.000518799
2 0.32373 0.571289 0.0283203 0.0332031 0.000520229
9 0.793457 0.059082 0.413086 0.116211 0.000549793
11 0.89502 0.706055 0.0439453 0.0644531 0.000549793
0 0.592285 0.389648 0.12207 0.0898438 0.000580788
10 0.571777 0.597656 0.415039 0.1875 0.000584602
5 0.179199 0.599121 0.200195 0.196289 0.000605583
11 0.345215 0.153809 0.125977 0.0302734 0.000619411
11 0.651855 0.163086 0.196289 0.09375 0.000691414
8 0.376953 0.425781 0.0273438 0.0234375 0.000694752
13 0.680664 0.416504 0.121094 0.0419922 0.000697136
9 0.748047 0.461914 0.349609 0.589844 0.000698566
12 0.793457 0.059082 0.413086 0.116211 0.000716209
3 0.76123 0.598633 0.295898 0.244141 0.000722885
5 0.751465 0.257324 0.422852 0.262695 0.000734806
2 0.594238 0.300781 0.108398 0.130859 0.000741959
11 0.69873 0.154297 0.12207 0.0644531 0.000742435
5 0.258301 0.264648 0.405273 0.259766 0.000748158
5 0.571777 0.597656 0.415039 0.1875 0.000782013
9 0.258301 0.442383 0.379883 0.542969 0.00079298
7 0.524902 0.320312 0.272461 0.179688 0.000806332
8 0.608887 0.386719 0.0263672 0.0214844 0.000823975
9 0.581543 0.308105 0.141602 0.151367 0.000864506
12 0.524902 0.320312 0.272461 0.179688 0.000881672
9 0.550781 0.40625 0.386719 0.34375 0.000900269
5 0.82373 0.646973 0.202148 0.165039 0.000932693
6 0.524902 0.320312 0.272461 0.179688 0.000934601
10 0.0913086 0.697754 0.0556641 0.0888672 0.000945568
2 0.610352 0.383301 0.0371094 0.0439453 0.00097847
2 0.600098 0.401855 0.0771484 0.0693359 0.00104046
4 0.524902 0.320312 0.272461 0.179688 0.00104141
1 0.526367 0.313477 0.257812 0.162109 0.00104237
0 0.597168 0.405762 0.0751953 0.0693359 0.00107193
5 0.527832 0.33252 0.28418 0.196289 0.00111961
11 0.0913086 0.698242 0.0556641 0.0878906 0.00112152
0 0.567871 0.505859 0.436523 0.40625 0.00115776
10 0.897461 0.71582 0.0527344 0.078125 0.00120735
9 0.571777 0.597656 0.415039 0.1875 0.00122929
10 0.524902 0.320312 0.272461 0.179688 0.0013752
11 0.37793 0.13916 0.0996094 0.0205078 0.00137901
11 0.645508 0.13916 0.123047 0.0224609 0.00137997
8 0.524902 0.320312 0.272461 0.179688 0.00144577
9 0.603027 0.390137 0.0341797 0.0263672 0.0014658
11 0.327637 0.160156 0.120117 0.0566406 0.00166321
11 0.520508 0.30957 0.255859 0.152344 0.00167084
2 0.526367 0.313477 0.257812 0.162109 0.00170231
11 0.293945 0.167969 0.078125 0.0488281 0.00178909
10 0.849609 0.661621 0.162109 0.172852 0.00185585
2 0.322266 0.568359 0.015625 0.0175781 0.00203896
3 0.575195 0.512207 0.474609 0.387695 0.0021801
11 0.59668 0.147461 0.0839844 0.03125 0.00248909
8 0.603027 0.391602 0.0439453 0.0371094 0.00253105
2 0.611328 0.385742 0.0253906 0.0214844 0.00289345
13 0.52832 0.318359 0.253906 0.169922 0.00295448
0 0.516602 0.26416 0.253906 0.104492 0.00312805
0 0.594727 0.344238 0.158203 0.223633 0.00336075
9 0.524902 0.320312 0.272461 0.179688 0.00350761
8 0.322266 0.568359 0.015625 0.015625 0.00354195
11 0.887695 0.698242 0.0703125 0.09375 0.00385666
5 0.228027 0.551758 0.305664 0.287109 0.00410461
11 0.376465 0.147949 0.114258 0.0224609 0.0045929
10 0.883789 0.695801 0.0722656 0.0966797 0.00461197
0 0.594727 0.303223 0.111328 0.131836 0.00468063
3 0.524902 0.320312 0.272461 0.179688 0.0049057
11 0.646484 0.146484 0.1875 0.0371094 0.00502777
5 0.78125 0.602539 0.255859 0.228516 0.00559616
2 0.602539 0.394531 0.0488281 0.046875 0.00586319
0 0.603027 0.391602 0.0439453 0.0371094 0.00645447
11 0.614258 0.138672 0.125 0.03125 0.00803375
5 0.258301 0.442383 0.379883 0.542969 0.0124893
0 0.525879 0.385254 0.311523 0.282227 0.0125732
5 0.748047 0.461914 0.349609 0.589844 0.0136337
2 0.603027 0.390137 0.0341797 0.0263672 0.0353394
3 0.572266 0.600098 0.417969 0.178711 0.16687
0 0.526367 0.313477 0.257812 0.162109 0.380127
