3 0.63623 0.484863 0.272461 0.333008 0.000100076
6 0.354492 0.509766 0.0898438 0.111328 0.000102282
7 0.0688477 0.911621 0.137695 0.176758 0.000102818
9 0.253906 0.694824 0.304688 0.208008 0.000103056
13 0.32959 0.541992 0.0341797 0.03125 0.000103533
5 0.354492 0.509766 0.0898438 0.111328 0.000104129
7 0.516113 0.272949 0.0634766 0.114258 0.000106156
5 0.266602 0.470215 0.121094 0.108398 0.000108778
11 0.503418 0.374023 0.0849609 0.0839844 0.000113368
12 0.100098 0.819336 0.200195 0.316406 0.000113547
7 0.350098 0.547363 0.0888672 0.0869141 0.000113726
9 0.0546875 0.833008 0.109375 0.292969 0.00011754
9 0.0410156 0.873535 0.0820312 0.249023 0.000119746
11 0.51709 0.231445 0.0439453 0.0351562 0.000120878
9 0.51416 0.397461 0.137695 0.142578 0.000121891
11 0.558594 0.249023 0.136719 0.0683594 0.000123501
11 0.249512 0.278809 0.0576172 0.0458984 0.000126123
9 0.264648 0.490234 0.238281 0.275391 0.000127077
11 0.100098 0.819336 0.200195 0.316406 0.000132084
7 0.635254 0.260742 0.0537109 0.0371094 0.000133634
0 0.520996 0.426758 0.0791016 0.0664062 0.000137091
13 0.338867 0.540039 0.0683594 0.0390625 0.000138521
5 0.272461 0.530762 0.210938 0.120117 0.000138998
9 0.541504 0.0268555 0.104492 0.0537109 0.000139356
9 0.635254 0.260742 0.0537109 0.0371094 0.000139952
9 0.012207 0.970703 0.0224609 0.0566406 0.000141263
8 0.380371 0.241699 0.0224609 0.0244141 0.000142932
8 0.53125 0.370605 0.0195312 0.0263672 0.000145078
11 0.130371 0.654785 0.0380859 0.0537109 0.000145197
0 0.577148 0.433105 0.220703 0.243164 0.000146031
9 0.516602 0.276367 0.107422 0.166016 0.00014627
3 0.817383 0.745605 0.365234 0.313477 0.000147343
9 0.662598 0.488281 0.202148 0.314453 0.000151396
3 0.227051 0.216309 0.454102 0.24707 0.000152111
11 0.51709 0.223145 0.0361328 0.0205078 0.000152349
13 0.519043 0.371582 0.0693359 0.0830078 0.000153065
9 0.0405273 0.978027 0.0771484 0.0439453 0.000154138
11 0.638672 0.269043 0.078125 0.0615234 0.000156283
1 0.630371 0.255859 0.0517578 0.0371094 0.000163794
13 0.100098 0.819336 0.200195 0.316406 0.000164747
2 0.553711 0.38916 0.0214844 0.0185547 0.000174284
11 0.609863 0.243652 0.0615234 0.0400391 0.000174403
9 0.964844 0.824707 0.0703125 0.333008 0.000179172
2 0.557129 0.393066 0.0146484 0.0146484 0.000180006
5 0.654785 0.490723 0.125977 0.0927734 0.000180721
11 0.524414 0.271973 0.0761719 0.102539 0.000189066
3 0.73584 0.126953 0.52832 0.253906 0.000191212
8 0.579102 0.411621 0.0195312 0.0185547 0.000191331
5 0.70752 0.535156 0.139648 0.228516 0.000195742
2 0.635254 0.260742 0.0537109 0.0371094 0.000197291
9 0.160156 0.92627 0.320312 0.145508 0.000203609
0 0.530273 0.375977 0.177734 0.119141 0.000204086
0 0.509766 0.433594 0.193359 0.167969 0.000204086
11 0.530273 0.243164 0.0507812 0.0332031 0.000205636
13 0.26123 0.466797 0.0419922 0.0332031 0.000209332
4 0.539551 0.588379 0.333008 0.108398 0.000213265
6 0.539551 0.588379 0.333008 0.108398 0.00021565
9 0.459473 0.153809 0.352539 0.299805 0.000221968
12 0.0688477 0.911621 0.137695 0.176758 0.000222802
10 0.130371 0.654785 0.0380859 0.0537109 0.000224233
11 0.610352 0.263184 0.0976562 0.0537109 0.000227451
7 0.347656 0.538574 0.0742188 0.0400391 0.000229597
10 0.935059 0.875488 0.129883 0.245117 0.000231624
11 0.528809 0.242188 0.0712891 0.0546875 0.000233412
7 0.540527 0.587402 0.329102 0.110352 0.000233889
9 0.130859 0.824707 0.261719 0.342773 0.000234127
10 0.635254 0.260742 0.0537109 0.0371094 0.000236034
13 0.63623 0.260742 0.0517578 0.0371094 0.000252008
11 0.557129 0.246094 0.0791016 0.0332031 0.000256538
8 0.539551 0.588379 0.333008 0.108398 0.00026226
11 0.342773 0.243164 0.0957031 0.03125 0.000272036
7 0.504395 0.374023 0.0830078 0.0839844 0.000273705
9 0.528809 0.370605 0.0244141 0.0322266 0.00027585
1 0.540527 0.587402 0.329102 0.110352 0.000282288
11 0.384277 0.247559 0.0595703 0.0537109 0.000285387
9 0.521484 0.369141 0.0449219 0.0644531 0.000289917
11 0.580078 0.234375 0.101562 0.03125 0.000290155
0 0.536621 0.512207 0.34082 0.276367 0.000292301
11 0.353027 0.229492 0.0771484 0.03125 0.000303984
3 0.801758 0.491211 0.396484 0.287109 0.000307798
10 0.806641 0.794434 0.386719 0.411133 0.00032115
11 0.369141 0.24707 0.0527344 0.0292969 0.000325203
3 0.550781 0.635254 0.351562 0.149414 0.000326157
11 0.540527 0.587402 0.329102 0.110352 0.000329733
11 0.617676 0.237305 0.0712891 0.0820312 0.000336409
2 0.526367 0.374023 0.0449219 0.0585938 0.000362873
8 0.504395 0.374023 0.0830078 0.0839844 0.00036478
13 0.539551 0.588379 0.333008 0.108398 0.000365257
0 0.459961 0.441406 0.193359 0.246094 0.000366449
12 0.540527 0.587402 0.329102 0.110352 0.00036788
2 0.53125 0.370605 0.0195312 0.0263672 0.000368357
7 0.35498 0.509277 0.0927734 0.112305 0.000368595
2 0.539551 0.588379 0.333008 0.108398 0.000371218
2 0.503906 0.373535 0.0839844 0.0869141 0.000397205
5 0.334473 0.50293 0.137695 0.199219 0.000405312
10 0.539551 0.588379 0.333008 0.108398 0.000409126
8 0.194336 0.57373 0.0410156 0.0302734 0.000443459
9 0.458984 0.490723 0.167969 0.311523 0.000444174
5 0.537598 0.583984 0.333008 0.109375 0.000455379
11 0.385254 0.22998 0.0576172 0.0283203 0.000514984
9 0.0234375 0.960938 0.046875 0.0742188 0.000535965
9 0.944336 0.88916 0.111328 0.211914 0.000536442
2 0.526855 0.372559 0.0302734 0.0380859 0.000618935
9 0.466797 0.381348 0.158203 0.110352 0.000650883
11 0.26416 0.266113 0.0400391 0.0341797 0.000690937
9 0.0556641 0.959473 0.109375 0.0771484 0.000695229
9 0.107422 0.946777 0.214844 0.0966797 0.000805855
11 0.347168 0.231445 0.0458984 0.0214844 0.00082016
11 0.530762 0.225586 0.0595703 0.0234375 0.000824928
11 0.560547 0.234863 0.0585938 0.0224609 0.000850201
11 0.29248 0.251465 0.0771484 0.0419922 0.000912666
0 0.508301 0.404297 0.116211 0.128906 0.000972748
0 0.538086 0.58252 0.339844 0.124023 0.00103664
9 0.0302734 0.935547 0.0585938 0.128906 0.00108051
3 0.743164 0.250977 0.513672 0.337891 0.001091
11 0.382324 0.243164 0.0361328 0.0292969 0.00109577
8 0.555664 0.391602 0.0175781 0.015625 0.00113964
9 0.539551 0.585938 0.331055 0.128906 0.00116634
5 0.662598 0.488281 0.202148 0.314453 0.00191784
11 0.591309 0.246094 0.12207 0.046875 0.00198174
11 0.351562 0.241699 0.0644531 0.0185547 0.00214767
11 0.544922 0.234863 0.0761719 0.0341797 0.00215912
11 0.556152 0.225098 0.0498047 0.0205078 0.0024128
3 0.536133 0.549316 0.359375 0.260742 0.00242424
5 0.264648 0.490234 0.238281 0.275391 0.00281525
9 0.504395 0.371094 0.0810547 0.0800781 0.00287819
11 0.370605 0.222168 0.0654297 0.0185547 0.00297356
11 0.366699 0.237305 0.0771484 0.03125 0.00530243
11 0.274902 0.258301 0.0556641 0.0380859 0.00639725
9 0.0654297 0.922852 0.130859 0.154297 0.00727081
0 0.503906 0.374023 0.0820312 0.0859375 0.00734329
11 0.356445 0.225098 0.0449219 0.0166016 0.0114288
0 0.466797 0.388672 0.162109 0.123047 0.0154419
11 0.624512 0.25293 0.0673828 0.0410156 0.0190125
11 0.635742 0.261719 0.0546875 0.0351562 0.0911255
3 0.539551 0.588379 0.333008 0.108398 0.39209
