8 0.947266 0.961914 0.0839844 0.0761719 0.000211477
10 0.911621 0.692871 0.0322266 0.0556641 0.000212669
13 0.693848 0.451172 0.0615234 0.078125 0.000212908
9 0.699707 0.608398 0.18457 0.0449219 0.000213623
12 0.611328 0.559082 0.359375 0.124023 0.000215292
9 0.984375 0.479492 0.0292969 0.09375 0.000215292
9 0.351074 0.228027 0.0517578 0.0205078 0.000215769
0 0.114258 0.838867 0.228516 0.21875 0.000215769
7 0.983887 0.54834 0.0263672 0.0693359 0.000216246
8 0.438965 0.282227 0.0498047 0.0410156 0.000216246
13 0.387695 0.327148 0.166016 0.160156 0.000216842
9 0.800781 0.581055 0.236328 0.208984 0.000217319
6 0.836426 0.562988 0.0478516 0.0224609 0.00021863
9 0.86084 0.494141 0.0869141 0.287109 0.000219703
9 0.646973 0.598145 0.0849609 0.0556641 0.000221133
11 0.22168 0.675781 0.0605469 0.0546875 0.000221252
4 0.831055 0.423828 0.109375 0.130859 0.000221729
9 0.856934 0.554199 0.0634766 0.0458984 0.000223637
13 0.362793 0.23291 0.0576172 0.0166016 0.000223756
7 0.36377 0.223633 0.0751953 0.0351562 0.000224113
11 0.679199 0.164551 0.0908203 0.0244141 0.00022459
10 0.783203 0.408203 0.222656 0.210938 0.00022471
13 0.802246 0.230957 0.0927734 0.0185547 0.000225782
13 0.979004 0.958496 0.0419922 0.0830078 0.000229001
7 0.947266 0.961914 0.0839844 0.0761719 0.000231147
12 0.802734 0.416504 0.166016 0.166992 0.000231266
7 0.119629 0.065918 0.219727 0.120117 0.000236273
8 0.71582 0.437988 0.0332031 0.0244141 0.00023663
8 0.674316 0.430176 0.0244141 0.0185547 0.00023663
3 0.826172 0.567383 0.0234375 0.0214844 0.000237107
9 0.830078 0.605469 0.0136719 0.0234375 0.000237823
7 0.854492 0.395996 0.0820312 0.155273 0.000237942
13 0.387207 0.326172 0.120117 0.0898438 0.000239372
2 0.526855 0.586914 0.0478516 0.0527344 0.000240326
6 0.827148 0.113281 0.320312 0.195312 0.000242949
9 0.832031 0.326172 0.183594 0.34375 0.000244141
10 0.826172 0.566895 0.0253906 0.0185547 0.000246763
9 0.74707 0.484375 0.181641 0.197266 0.000250101
12 0.345703 0.402344 0.189453 0.177734 0.00025177
3 0.621094 0.589844 0.263672 0.0761719 0.000252247
6 0.429688 0.285645 0.03125 0.0263672 0.000253439
9 0.133301 0.621582 0.0302734 0.0361328 0.000254631
13 0.856445 0.598145 0.0996094 0.12793 0.000255108
2 0.852051 0.55957 0.0263672 0.0136719 0.000256062
8 0.753906 0.463867 0.0234375 0.0195312 0.000256062
0 0.146484 0.833984 0.292969 0.332031 0.000260353
9 0.874023 0.603516 0.0195312 0.015625 0.00026083
8 0.807129 0.547363 0.143555 0.145508 0.000261307
9 0.835938 0.609863 0.03125 0.0322266 0.000266552
13 0.397949 0.26123 0.155273 0.139648 0.000267506
9 0.571777 0.355469 0.15918 0.152344 0.000270128
2 0.842773 0.572754 0.0605469 0.0361328 0.00027132
10 0.22168 0.675781 0.0605469 0.0546875 0.000272274
2 0.815918 0.557617 0.0517578 0.0410156 0.000272751
9 0.16748 0.578125 0.0673828 0.0976562 0.000275373
9 0.631348 0.316406 0.0498047 0.0605469 0.000275612
9 0.644043 0.592773 0.163086 0.0644531 0.000277281
12 0.826172 0.566895 0.0253906 0.0185547 0.000277519
9 0.822266 0.639648 0.169922 0.0644531 0.000277996
9 0.221191 0.496582 0.00683594 0.00878906 0.000280619
9 0.873535 0.609863 0.0263672 0.0283203 0.000284672
9 0.771484 0.34082 0.238281 0.25 0.000284672
10 0.0302734 0.37793 0.0605469 0.326172 0.000287056
3 0.800293 0.146484 0.399414 0.28125 0.000290632
8 0.845703 0.556641 0.0625 0.0390625 0.000293255
9 0.956055 0.746582 0.0683594 0.0810547 0.000293493
9 0.854492 0.395996 0.0820312 0.155273 0.000294447
9 0.916504 0.344727 0.0400391 0.0292969 0.000298738
8 0.813477 0.591797 0.0390625 0.0429688 0.000303745
9 0.397949 0.26123 0.155273 0.139648 0.000306129
5 0.119629 0.065918 0.219727 0.120117 0.000308275
9 0.437988 0.28125 0.0478516 0.0410156 0.000310183
13 0.437988 0.28125 0.0478516 0.0410156 0.000311852
11 0.779785 0.17334 0.118164 0.0927734 0.000318289
5 0.371094 0.36084 0.232422 0.258789 0.000323534
4 0.428711 0.286133 0.0292969 0.0273438 0.000323772
9 0.87207 0.609863 0.046875 0.0576172 0.000324249
1 0.826172 0.566895 0.0253906 0.0185547 0.00032568
1 0.822266 0.437988 0.126953 0.161133 0.000330448
4 0.772949 0.497559 0.225586 0.28418 0.000331163
9 0.910156 0.540039 0.0390625 0.0820312 0.000338316
3 0.294434 0.144531 0.444336 0.238281 0.000338793
9 0.958008 0.563477 0.0683594 0.128906 0.000339031
4 0.826172 0.566895 0.0253906 0.0185547 0.00034523
2 0.818359 0.562012 0.101562 0.106445 0.000345469
10 0.871582 0.635742 0.0908203 0.109375 0.000347853
7 0.838867 0.50293 0.119141 0.248047 0.000349283
2 0.830078 0.605469 0.0136719 0.0234375 0.000350714
8 0.836426 0.574219 0.0458984 0.0429688 0.000355482
9 0.230469 0.334473 0.0292969 0.0244141 0.000356436
11 0.743652 0.163574 0.133789 0.0634766 0.000361919
13 0.836914 0.546875 0.119141 0.205078 0.000362635
9 0.827148 0.61084 0.0136719 0.0166016 0.000365257
11 0.793457 0.416016 0.19043 0.164062 0.000368834
7 0.437988 0.28125 0.0478516 0.0410156 0.000373602
2 0.695312 0.449219 0.0566406 0.0664062 0.000376701
13 0.855469 0.553223 0.0488281 0.0185547 0.000378132
7 0.437988 0.27002 0.0615234 0.0791016 0.000378847
9 0.554199 0.654785 0.198242 0.395508 0.000380039
7 0.478027 0.483887 0.0810547 0.120117 0.0003829
9 0.345215 0.47998 0.233398 0.276367 0.000386477
9 0.827637 0.555664 0.0576172 0.0546875 0.000387192
12 0.819336 0.174316 0.361328 0.336914 0.000396013
11 0.470703 0.190918 0.0742188 0.0361328 0.000396252
9 0.397949 0.25293 0.100586 0.0957031 0.000400066
13 0.84082 0.572754 0.078125 0.0634766 0.000403404
8 0.489258 0.472656 0.0566406 0.0546875 0.000403881
13 0.367676 0.295898 0.0458984 0.0214844 0.000405312
13 0.257812 0.327637 0.0136719 0.0205078 0.000406742
8 0.830078 0.605469 0.0136719 0.0234375 0.000410557
9 0.901855 0.508789 0.0458984 0.150391 0.000416517
9 0.489258 0.472656 0.0566406 0.0546875 0.000417233
2 0.796875 0.498535 0.197266 0.264648 0.000421524
10 0.892578 0.644531 0.0507812 0.0839844 0.000422239
8 0.799805 0.543945 0.046875 0.046875 0.000425577
8 0.824219 0.583008 0.0332031 0.046875 0.000429869
9 0.98291 0.0126953 0.0126953 0.0195312 0.000430822
6 0.773438 0.499023 0.228516 0.283203 0.000435829
9 0.311035 0.628906 0.149414 0.0546875 0.000441313
9 0.875977 0.505371 0.0507812 0.192383 0.000447273
13 0.374023 0.219727 0.0898438 0.0546875 0.000451803
2 0.830566 0.614258 0.0107422 0.015625 0.00045228
0 0.82666 0.566895 0.0244141 0.0185547 0.000463247
6 0.826172 0.567383 0.0253906 0.0195312 0.000464201
9 0.831543 0.424316 0.108398 0.12793 0.000468493
9 0.824219 0.583008 0.0332031 0.046875 0.000472784
9 0.920898 0.50293 0.03125 0.0976562 0.000476122
13 0.376953 0.330566 0.236328 0.268555 0.000478983
2 0.824219 0.583008 0.0332031 0.046875 0.000484705
9 0.980469 0.591797 0.0351562 0.220703 0.000494003
12 0.868164 0.64502 0.0996094 0.0908203 0.000509262
7 0.889648 0.632324 0.0507812 0.0888672 0.000514507
9 0.437988 0.27002 0.0615234 0.0791016 0.000515461
8 0.807617 0.550293 0.0878906 0.0810547 0.000515938
9 0.983887 0.538086 0.0263672 0.0625 0.000517368
11 0.630371 0.185547 0.0478516 0.0507812 0.00052309
13 0.413086 0.253906 0.0683594 0.0976562 0.000524521
11 0.791504 0.181641 0.21582 0.123047 0.000526905
8 0.987305 0.455078 0.0214844 0.0390625 0.000537395
9 0.849121 0.626465 0.0849609 0.0537109 0.000538349
9 0.818359 0.562012 0.101562 0.106445 0.000542641
13 0.852051 0.55957 0.0263672 0.0136719 0.000552654
2 0.848633 0.558594 0.0507812 0.0175781 0.000554562
12 0.762207 0.65918 0.28418 0.0839844 0.000555038
11 0.892578 0.644531 0.0507812 0.0839844 0.000557423
8 0.687988 0.402344 0.0341797 0.0234375 0.00056076
9 0.243164 0.32959 0.046875 0.0341797 0.000573158
7 0.372559 0.430664 0.133789 0.115234 0.000573635
11 0.824219 0.203125 0.308594 0.257812 0.00057745
7 0.848633 0.558594 0.0507812 0.0175781 0.000580311
11 0.449219 0.182617 0.0839844 0.0214844 0.000582218
13 0.646973 0.597656 0.0869141 0.0546875 0.000583649
9 0.852051 0.55957 0.0263672 0.0136719 0.000585556
9 0.930664 0.516602 0.0175781 0.0371094 0.000588894
7 0.863281 0.61084 0.0917969 0.12207 0.000590324
6 0.126953 0.0766602 0.228516 0.129883 0.000590801
11 0.341797 0.401367 0.171875 0.167969 0.000591755
9 0.474121 0.51123 0.0869141 0.149414 0.000593185
11 0.490234 0.19873 0.046875 0.0380859 0.000597
9 0.929688 0.518555 0.0253906 0.0957031 0.00060463
9 0.752441 0.689453 0.356445 0.166016 0.000608921
9 0.897949 0.679199 0.0517578 0.0947266 0.000624657
9 0.84082 0.563965 0.0527344 0.0224609 0.00062561
7 0.257812 0.327637 0.0136719 0.0205078 0.00062561
9 0.273438 0.635742 0.111328 0.0800781 0.000630379
8 0.792969 0.547363 0.0371094 0.0263672 0.000637054
8 0.693848 0.451172 0.0615234 0.078125 0.000647068
13 0.378906 0.30957 0.0820312 0.0605469 0.000650883
8 0.82959 0.613281 0.00878906 0.0117188 0.000656605
13 0.362305 0.269531 0.0585938 0.0703125 0.00066328
9 0.367188 0.32959 0.240234 0.286133 0.000667572
9 0.738281 0.63916 0.251953 0.0517578 0.000669479
0 0.571289 0.352051 0.167969 0.133789 0.000669479
13 0.822754 0.120605 0.329102 0.211914 0.000672817
13 0.10498 0.0756836 0.200195 0.151367 0.000683308
13 0.619629 0.574219 0.368164 0.123047 0.000684738
8 0.821289 0.562988 0.0546875 0.0615234 0.000685215
7 0.492676 0.543945 0.124023 0.1875 0.000694275
8 0.803711 0.552246 0.0332031 0.0263672 0.000701904
2 0.429688 0.285645 0.03125 0.0263672 0.000711441
9 0.686035 0.4375 0.0771484 0.113281 0.000727654
10 0.805664 0.480957 0.167969 0.25293 0.000730038
13 0.983398 0.547852 0.0253906 0.0664062 0.000730038
8 0.774902 0.563477 0.0224609 0.0234375 0.000733376
7 0.693848 0.451172 0.0615234 0.078125 0.000740528
1 0.344727 0.401367 0.185547 0.181641 0.000742912
2 0.82959 0.56543 0.0751953 0.0605469 0.00074482
9 0.625488 0.589355 0.0576172 0.0634766 0.000745773
5 0.344727 0.412109 0.167969 0.148438 0.000756741
11 0.257812 0.329102 0.0136719 0.0214844 0.000763416
13 0.796387 0.339844 0.0791016 0.0273438 0.000766277
9 0.98584 0.454102 0.0283203 0.0429688 0.00077343
9 0.850098 0.592773 0.0712891 0.0878906 0.000829697
1 0.79834 0.471191 0.180664 0.254883 0.000852585
9 0.273926 0.62207 0.0888672 0.0410156 0.000854015
9 0.529297 0.583984 0.0429688 0.0585938 0.000878811
9 0.50293 0.59668 0.115234 0.0664062 0.000883579
8 0.483887 0.354004 0.0263672 0.0263672 0.000897408
8 0.796875 0.498535 0.197266 0.264648 0.000900269
12 0.796875 0.498535 0.197266 0.264648 0.000908852
10 0.354004 0.376953 0.206055 0.222656 0.000910282
3 0.61377 0.534668 0.387695 0.250977 0.000923634
9 0.837402 0.574707 0.0537109 0.0576172 0.000925064
9 0.87207 0.498047 0.0175781 0.0273438 0.000936985
9 0.851562 0.61084 0.0566406 0.0361328 0.000940323
13 0.637207 0.591309 0.165039 0.0693359 0.000950336
7 0.835449 0.563477 0.0458984 0.0234375 0.00100613
13 0.854492 0.566406 0.0683594 0.0332031 0.00101852
13 0.431152 0.26123 0.0400391 0.0830078 0.00106049
11 0.811035 0.485352 0.174805 0.259766 0.00107098
10 0.904297 0.671387 0.0390625 0.0576172 0.00107384
2 0.257812 0.327637 0.0136719 0.0205078 0.00108719
11 0.406738 0.182617 0.0986328 0.0234375 0.00111008
3 0.0322266 0.294434 0.0644531 0.163086 0.00111294
9 0.923828 0.513672 0.0195312 0.0566406 0.00111485
13 0.380371 0.304199 0.0380859 0.0341797 0.00113773
9 0.927734 0.514648 0.0117188 0.015625 0.00115585
9 0.833984 0.611328 0.0195312 0.0214844 0.00115681
9 0.98291 0.570312 0.0302734 0.109375 0.00117111
8 0.811523 0.595703 0.0234375 0.0214844 0.00117779
11 0.813477 0.202148 0.0683594 0.0488281 0.00118351
9 0.889648 0.632324 0.0507812 0.0888672 0.00123405
9 0.871582 0.701172 0.0908203 0.195312 0.00123501
8 0.844727 0.561035 0.0429688 0.0185547 0.00126839
9 0.87793 0.664551 0.0800781 0.0791016 0.00129223
11 0.358398 0.194824 0.0683594 0.0380859 0.00135326
11 0.709961 0.163574 0.0839844 0.0224609 0.00136757
8 0.802734 0.416504 0.166016 0.166992 0.00137711
13 0.341797 0.401367 0.171875 0.167969 0.00138378
5 0.800781 0.431641 0.167969 0.189453 0.00140285
11 0.904297 0.671387 0.0390625 0.0576172 0.00141239
13 0.383789 0.259277 0.0996094 0.0888672 0.00144863
13 0.826172 0.569336 0.0234375 0.0195312 0.00145245
13 0.351074 0.228027 0.0517578 0.0205078 0.00149918
13 0.364746 0.23291 0.0771484 0.0322266 0.00152111
7 0.341309 0.476074 0.211914 0.270508 0.00155354
8 0.729492 0.503418 0.0253906 0.0185547 0.00157452
7 0.366699 0.32959 0.241211 0.288086 0.00158215
8 0.257812 0.327637 0.0136719 0.0205078 0.0016098
11 0.82666 0.566406 0.0263672 0.0195312 0.00161171
9 0.919434 0.532715 0.0283203 0.0654297 0.00162888
7 0.624512 0.331055 0.0673828 0.0859375 0.0017004
8 0.344727 0.401367 0.185547 0.181641 0.00171089
9 0.848633 0.558594 0.0507812 0.0175781 0.00172806
9 0.847656 0.650391 0.148438 0.138672 0.00176811
13 0.836426 0.574219 0.0478516 0.0429688 0.00179672
7 0.771484 0.491211 0.208984 0.253906 0.0018034
8 0.852051 0.55957 0.0263672 0.0136719 0.00185013
13 0.429688 0.285645 0.03125 0.0263672 0.00185394
9 0.863281 0.600098 0.0996094 0.178711 0.00202942
13 0.792969 0.479004 0.1875 0.268555 0.00206375
2 0.829102 0.565918 0.0371094 0.0419922 0.00211143
9 0.611816 0.569824 0.354492 0.114258 0.0021553
9 0.494141 0.556152 0.125 0.182617 0.00222778
11 0.741211 0.17041 0.0761719 0.0341797 0.00225639
9 0.836914 0.546875 0.119141 0.205078 0.00227165
11 0.793457 0.191406 0.0908203 0.0546875 0.00229836
8 0.796875 0.547852 0.0214844 0.0195312 0.00246048
7 0.831055 0.423828 0.109375 0.130859 0.00248909
13 0.840332 0.55957 0.0595703 0.0332031 0.00251389
7 0.429688 0.285645 0.03125 0.0263672 0.00291824
9 0.25293 0.327637 0.0253906 0.0263672 0.0030899
0 0.616211 0.334473 0.0820312 0.0927734 0.00317192
13 0.377441 0.300781 0.0263672 0.0214844 0.00321198
9 0.830566 0.614258 0.0107422 0.015625 0.00326157
8 0.624512 0.330566 0.0654297 0.0869141 0.00349617
11 0.763672 0.178223 0.0566406 0.0419922 0.00364876
9 0.219238 0.514648 0.0302734 0.0488281 0.00383377
9 0.429688 0.285645 0.03125 0.0263672 0.00460052
9 0.695312 0.449219 0.0566406 0.0664062 0.00464249
4 0.800781 0.431641 0.167969 0.189453 0.00474548
11 0.375977 0.1875 0.0722656 0.0351562 0.00510788
2 0.836426 0.562988 0.0478516 0.0224609 0.00534821
9 0.616211 0.330566 0.0839844 0.0947266 0.00567627
10 0.90918 0.677734 0.0273438 0.0371094 0.00588989
4 0.344727 0.401367 0.185547 0.181641 0.00603485
8 0.82666 0.565918 0.0380859 0.0302734 0.00603867
6 0.344727 0.401367 0.185547 0.181641 0.00609207
13 0.806641 0.434082 0.144531 0.151367 0.00617218
7 0.826172 0.566895 0.0253906 0.0185547 0.00621796
9 0.82666 0.565918 0.0380859 0.0302734 0.00701904
9 0.345703 0.402344 0.189453 0.177734 0.00702286
11 0.90918 0.677734 0.0273438 0.0371094 0.00727081
9 0.793457 0.416016 0.19043 0.164062 0.00734329
9 0.779785 0.650391 0.274414 0.09375 0.00753784
10 0.219238 0.674316 0.0283203 0.0400391 0.0093689
11 0.219238 0.674316 0.0283203 0.0400391 0.00960541
9 0.865234 0.62793 0.0878906 0.0859375 0.011116
9 0.811035 0.485352 0.174805 0.259766 0.0112686
9 0.257812 0.327637 0.0136719 0.0205078 0.0115891
6 0.800781 0.431641 0.167969 0.189453 0.0127335
13 0.84668 0.559082 0.0546875 0.0166016 0.0130234
13 0.832031 0.564453 0.0390625 0.0234375 0.016983
8 0.429688 0.286133 0.03125 0.0273438 0.0256195
9 0.826172 0.566895 0.0253906 0.0185547 0.0527344
7 0.344727 0.401367 0.185547 0.181641 0.055542
2 0.82666 0.566406 0.0263672 0.0195312 0.0562439
7 0.800781 0.431641 0.167969 0.189453 0.0574036
3 0.610352 0.56543 0.365234 0.115234 0.0733032
8 0.82666 0.565918 0.0263672 0.0185547 0.155029
