13 0.743164 0.462402 0.0195312 0.0654297 0.00010097
10 0.00488281 0.776855 0.00976562 0.0576172 0.000101209
2 0.718262 0.244141 0.112305 0.107422 0.000101805
1 0.560547 0.362793 0.0898438 0.110352 0.000102818
13 0.73291 0.364746 0.00878906 0.0107422 0.000103712
11 0.84082 0.803711 0.0332031 0.0957031 0.000104547
11 0.59082 0.187988 0.0742188 0.0302734 0.000104785
7 0.566895 0.676758 0.368164 0.166016 0.000107408
4 0.110352 0.0683594 0.195312 0.125 0.000108659
13 0.378906 0.386719 0.0917969 0.0761719 0.000108659
8 0.430664 0.476562 0.03125 0.0332031 0.000108957
8 0.737305 0.370117 0.0214844 0.03125 0.000109971
8 0.345215 0.394043 0.0205078 0.0166016 0.00011009
13 0.718262 0.244141 0.112305 0.107422 0.000110924
5 0.242676 0.527832 0.147461 0.28418 0.000111759
4 0.568359 0.677734 0.365234 0.1875 0.000114322
11 0.00390625 0.770508 0.0078125 0.0488281 0.000114858
9 0.46582 0.473633 0.0410156 0.0351562 0.00011605
11 0.636719 0.182129 0.0957031 0.0263672 0.000116944
13 0.560547 0.362793 0.0898438 0.110352 0.000117362
8 0.754395 0.542969 0.0185547 0.0234375 0.000118732
2 0.465332 0.475098 0.0361328 0.0380859 0.000118852
12 0.560547 0.362793 0.0898438 0.110352 0.000119686
2 0.102051 0.0756836 0.176758 0.133789 0.000121117
5 0.313477 0.555664 0.197266 0.253906 0.000121534
13 0.914551 0.776367 0.0341797 0.0742188 0.00012207
9 0.0820312 0.65625 0.0253906 0.136719 0.000123382
11 0.373535 0.195801 0.0615234 0.0283203 0.000124931
11 0.386719 0.203125 0.0722656 0.0273438 0.000125408
8 0.568359 0.677734 0.365234 0.1875 0.000126362
3 0.879395 0.916504 0.241211 0.166992 0.000128388
7 0.560547 0.362793 0.0898438 0.110352 0.000129342
8 0.0708008 0.9375 0.0166016 0.03125 0.000129461
13 0.286621 0.555176 0.209961 0.334961 0.000129938
1 0.568359 0.677734 0.365234 0.1875 0.000132442
9 0.0585938 0.786133 0.105469 0.1875 0.000136137
9 0.744629 0.525879 0.0576172 0.0361328 0.000136495
9 0.71875 0.243164 0.115234 0.125 0.000138402
7 0.718262 0.244141 0.112305 0.107422 0.000139475
11 0.731445 0.246094 0.0625 0.0742188 0.000141144
11 0.566895 0.676758 0.368164 0.166016 0.000141621
9 0.046875 0.595215 0.09375 0.487305 0.000142097
11 0.739746 0.283691 0.0927734 0.135742 0.000143647
11 0.581543 0.212402 0.0419922 0.0400391 0.000148773
8 0.721191 0.379883 0.0185547 0.0234375 0.000149965
13 0.566895 0.676758 0.368164 0.166016 0.000150204
8 0.560547 0.362793 0.0898438 0.110352 0.000151277
8 0.756348 0.547852 0.0126953 0.0136719 0.000152111
1 0.718262 0.244141 0.112305 0.107422 0.000152469
11 0.316895 0.187988 0.0810547 0.0830078 0.000152946
13 0.922363 0.62793 0.0400391 0.015625 0.000157356
13 0.73291 0.376465 0.0341797 0.0478516 0.000158429
13 0.753906 0.526367 0.0332031 0.0292969 0.000160694
2 0.566895 0.676758 0.368164 0.166016 0.000166178
13 0.435059 0.322754 0.0400391 0.0830078 0.000170708
5 0.110352 0.0683594 0.195312 0.125 0.000171781
8 0.713867 0.539551 0.0117188 0.0107422 0.0001719
8 0.73291 0.367188 0.0126953 0.0195312 0.000172019
11 0.560547 0.364258 0.0898438 0.111328 0.000177383
8 0.359375 0.617676 0.0195312 0.0205078 0.000182509
10 0.729004 0.247559 0.108398 0.108398 0.000185251
6 0.312012 0.644531 0.0927734 0.0917969 0.000185251
13 0.745117 0.476074 0.0273438 0.137695 0.000197172
10 0.00439453 0.75293 0.00878906 0.0566406 0.000197887
9 0.271484 0.607422 0.166016 0.25 0.000199556
12 0.566895 0.676758 0.368164 0.166016 0.000200391
8 0.332031 0.584473 0.0078125 0.00878906 0.000201702
11 0.00341797 0.75293 0.00683594 0.0488281 0.000211716
2 0.562012 0.35791 0.0849609 0.0947266 0.000212789
3 0.106934 0.890625 0.213867 0.21875 0.000212908
8 0.756348 0.525879 0.0283203 0.0244141 0.000213146
11 0.644043 0.19043 0.0556641 0.0214844 0.000213146
10 0.560547 0.362793 0.0898438 0.110352 0.000213861
13 0.662598 0.421387 0.0693359 0.0673828 0.000219107
5 0.560547 0.362793 0.0898438 0.110352 0.000222325
9 0.187012 0.227539 0.0693359 0.0566406 0.00022471
5 0.305664 0.623535 0.130859 0.165039 0.000227571
8 0.60498 0.320801 0.0205078 0.0166016 0.000234365
8 0.346191 0.396484 0.0126953 0.0117188 0.000236154
13 0.20752 0.496094 0.0556641 0.0136719 0.000237465
11 0.624023 0.19043 0.0507812 0.0195312 0.000242352
11 0.321777 0.171875 0.0595703 0.0488281 0.000243783
11 0.635742 0.202637 0.146484 0.0634766 0.000245094
3 0.574707 0.736816 0.356445 0.120117 0.000247717
7 0.311035 0.64502 0.0927734 0.0927734 0.000247955
0 0.568359 0.677734 0.365234 0.1875 0.000248194
7 0.110352 0.0683594 0.195312 0.125 0.000250578
8 0.71875 0.382812 0.0117188 0.0136719 0.000264883
10 0.566895 0.676758 0.368164 0.166016 0.000267506
11 0.269531 0.274414 0.0800781 0.0996094 0.000272512
5 0.566895 0.676758 0.368164 0.166016 0.000282526
11 0.433105 0.208496 0.0615234 0.0634766 0.000286341
13 0.293945 0.547363 0.150391 0.108398 0.000290155
9 0.0820312 0.654785 0.0117188 0.0166016 0.000321627
13 0.280273 0.541992 0.0996094 0.0605469 0.000339508
13 0.742188 0.525391 0.0625 0.0371094 0.000345945
13 0.688965 0.405762 0.116211 0.0849609 0.000346184
13 0.305176 0.560547 0.0869141 0.0605469 0.000350475
8 0.756348 0.750977 0.0322266 0.0253906 0.00035429
3 0.102051 0.0756836 0.176758 0.133789 0.000357866
8 0.73291 0.364746 0.00878906 0.0107422 0.00036335
13 0.103027 0.0825195 0.204102 0.165039 0.000369787
11 0.352051 0.222168 0.12793 0.0849609 0.000375032
0 0.541504 0.380371 0.12793 0.155273 0.000385046
6 0.110352 0.0683594 0.195312 0.125 0.000399113
11 0.303223 0.249512 0.12207 0.125977 0.000406504
11 0.674805 0.222168 0.166016 0.0966797 0.000416994
8 0.634766 0.446777 0.0136719 0.0126953 0.000428438
5 0.29541 0.50293 0.282227 0.466797 0.000468493
11 0.393066 0.181641 0.0947266 0.0214844 0.000487089
9 0.505859 0.502441 0.128906 0.415039 0.000520229
13 0.229004 0.492188 0.0869141 0.0175781 0.000594139
9 0.560547 0.362793 0.0898438 0.110352 0.000603676
13 0.283203 0.538086 0.0859375 0.03125 0.000623703
9 0.566895 0.676758 0.368164 0.166016 0.00064373
13 0.903809 0.785645 0.0166016 0.0498047 0.000716209
11 0.393555 0.188965 0.0625 0.0185547 0.00072813
11 0.253418 0.294922 0.0556641 0.0527344 0.000761986
3 0.560547 0.364258 0.0898438 0.111328 0.000904083
11 0.367188 0.194824 0.0996094 0.0439453 0.00096035
0 0.567383 0.338867 0.0703125 0.0566406 0.00108433
5 0.309082 0.644531 0.0947266 0.101562 0.00121307
11 0.416016 0.190918 0.0566406 0.0205078 0.00123024
13 0.300781 0.54541 0.0722656 0.0341797 0.00126266
11 0.588379 0.203125 0.0634766 0.0371094 0.00136089
11 0.178711 0.812988 0.03125 0.0419922 0.00148773
11 0.691895 0.210449 0.0830078 0.0654297 0.00151634
11 0.388184 0.208008 0.149414 0.0625 0.00172997
11 0.661133 0.196289 0.09375 0.0429688 0.00177193
10 0.178711 0.812988 0.03125 0.0419922 0.00187683
11 0.836914 0.830566 0.0332031 0.0478516 0.00226212
11 0.324219 0.216309 0.0742188 0.0615234 0.00230217
11 0.431641 0.203613 0.0507812 0.0341797 0.00231361
10 0.836914 0.830566 0.0332031 0.0478516 0.00240898
5 0.271484 0.607422 0.166016 0.25 0.00346756
11 0.626953 0.191406 0.109375 0.0273438 0.00701141
11 0.748535 0.26416 0.0673828 0.0771484 0.0104675
11 0.415527 0.198242 0.0869141 0.0332031 0.0110779
11 0.343262 0.20459 0.0908203 0.0537109 0.019928
11 0.718262 0.244141 0.112305 0.107422 0.0200195
11 0.38916 0.191895 0.112305 0.0283203 0.0313721
3 0.568848 0.681641 0.370117 0.160156 0.125122
0 0.560059 0.359375 0.0888672 0.0996094 0.140137
