11 0.660645 0.0737305 0.0498047 0.0166016 0.00010246
2 0.630859 0.288086 0.0292969 0.0273438 0.000102818
2 0.907227 0.640625 0.0566406 0.0507812 0.000103652
13 0.708984 0.156738 0.0390625 0.0849609 0.000103831
9 0.354492 0.290527 0.0839844 0.0712891 0.000105023
2 0.635254 0.226562 0.0341797 0.0605469 0.000105977
13 0.39209 0.257324 0.170898 0.243164 0.000106871
11 0.859375 0.852539 0.121094 0.152344 0.000106871
11 0.872559 0.690918 0.254883 0.385742 0.000107467
0 0.419922 0.97168 0.0917969 0.046875 0.000107527
13 0.307617 0.32373 0.0703125 0.0654297 0.000107646
9 0.828613 0.521484 0.0478516 0.09375 0.000109196
11 0.369141 0.379395 0.205078 0.266602 0.000109494
13 0.711914 0.199707 0.0449219 0.0537109 0.000110865
3 0.157715 0.554688 0.31543 0.349609 0.000111461
8 0.325684 0.468262 0.0146484 0.0146484 0.000111997
10 0.244629 0.559082 0.0224609 0.0380859 0.00011313
9 0.520508 0.231445 0.0839844 0.136719 0.000113904
11 0.840332 0.55957 0.0283203 0.0546875 0.00011456
13 0.858398 0.69043 0.283203 0.474609 0.000115275
11 0.61084 0.0727539 0.0439453 0.0185547 0.000115454
4 0.396973 0.324707 0.0732422 0.0966797 0.000115514
5 0.364258 0.281738 0.078125 0.0673828 0.000118554
13 0.379395 0.299805 0.0537109 0.0566406 0.000118613
6 0.595703 0.490723 0.306641 0.100586 0.000121117
3 0.18457 0.999023 0.369141 0.00195312 0.000121474
11 0.60498 0.0893555 0.0498047 0.0400391 0.000123262
7 0.337891 0.299316 0.0996094 0.0244141 0.000123978
3 0.883789 0.179199 0.232422 0.358398 0.000124812
8 0.369141 0.379395 0.205078 0.266602 0.000124931
11 0.603027 0.109863 0.0400391 0.0400391 0.000126004
13 0.415039 0.229492 0.0371094 0.0253906 0.000126362
4 0.595703 0.490723 0.306641 0.100586 0.000128865
6 0.387207 0.298828 0.0302734 0.0214844 0.0001297
8 0.367676 0.282227 0.0517578 0.0429688 0.000132322
13 0.48291 0.237305 0.0537109 0.128906 0.000132442
13 0.347656 0.222168 0.0429688 0.0224609 0.000132561
9 0.37207 0.260254 0.179688 0.200195 0.000133276
3 0.961914 0.117676 0.0683594 0.112305 0.000134349
9 0.396973 0.324707 0.0732422 0.0966797 0.000134587
8 0.379395 0.299805 0.0537109 0.0566406 0.00013566
1 0.317871 0.303711 0.0693359 0.015625 0.000136137
9 0.774414 0.106934 0.0351562 0.0498047 0.000136375
13 0.418945 0.219727 0.0507812 0.0390625 0.000136971
8 0.408691 0.226562 0.0205078 0.0175781 0.000136971
9 0.337891 0.299316 0.0996094 0.0244141 0.000141859
0 0.902832 0.303711 0.194336 0.533203 0.000142217
13 0.500488 0.170898 0.0419922 0.166016 0.000142217
0 0.852051 0.871094 0.129883 0.128906 0.000142813
9 0.790039 0.477539 0.123047 0.160156 0.00014317
11 0.391113 0.104004 0.0419922 0.0380859 0.000145078
2 0.369141 0.379395 0.205078 0.266602 0.000146031
0 0.544922 0.221191 0.132812 0.0966797 0.000146747
5 0.738281 0.366699 0.214844 0.323242 0.00014782
7 0.595703 0.490723 0.306641 0.100586 0.000148296
3 0.400879 0.32666 0.129883 0.133789 0.000148892
7 0.79834 0.465332 0.0830078 0.12793 0.000151992
8 0.595703 0.490723 0.306641 0.100586 0.000153065
11 0.828613 0.521484 0.0478516 0.09375 0.000153303
13 0.470703 0.204102 0.0605469 0.0878906 0.000155568
9 0.641113 0.623535 0.0869141 0.104492 0.000155807
6 0.327637 0.300781 0.0869141 0.0195312 0.000157118
3 0.40918 0.963379 0.125 0.0712891 0.000158906
0 0.880371 0.647949 0.239258 0.299805 0.000158906
9 0.623047 0.287598 0.0136719 0.0126953 0.000160217
8 0.370117 0.224609 0.0136719 0.0117188 0.000161767
2 0.841309 0.962891 0.0576172 0.0683594 0.000162601
8 0.459961 0.295898 0.03125 0.03125 0.000165224
2 0.598633 0.212402 0.0976562 0.0751953 0.000169396
5 0.338379 0.295898 0.106445 0.0351562 0.000172615
11 0.608398 0.119629 0.0410156 0.0263672 0.00017345
13 0.27832 0.483887 0.0273438 0.0673828 0.000173807
8 0.391602 0.29541 0.0234375 0.0126953 0.000174284
10 0.369141 0.379395 0.205078 0.266602 0.000174522
10 0.250977 0.52832 0.0332031 0.0820312 0.000177503
13 0.368652 0.308105 0.0693359 0.0966797 0.000177741
11 0.674805 0.0800781 0.0625 0.0234375 0.000181079
3 0.591797 0.538086 0.287109 0.148438 0.000181794
10 0.962891 0.112305 0.0664062 0.103516 0.000184059
5 0.39209 0.256836 0.178711 0.246094 0.000186563
3 0.841309 0.305664 0.317383 0.457031 0.000186682
5 0.327148 0.309082 0.09375 0.0380859 0.000187039
13 0.433594 0.219238 0.0800781 0.0986328 0.00018847
7 0.318359 0.302734 0.0683594 0.015625 0.000189543
9 0.790527 0.774902 0.192383 0.383789 0.000191092
13 0.285645 0.305664 0.0107422 0.00976562 0.000193834
13 0.419434 0.373535 0.108398 0.166992 0.000194073
9 0.725098 0.77832 0.18457 0.439453 0.000195265
1 0.595703 0.490723 0.306641 0.100586 0.000195742
5 0.31543 0.305176 0.0683594 0.0166016 0.000198722
13 0.679199 0.290527 0.0283203 0.0439453 0.000199676
13 0.779297 0.442871 0.03125 0.0224609 0.000208616
13 0.381348 0.282227 0.0927734 0.0859375 0.000210762
5 0.317871 0.398438 0.116211 0.212891 0.000212312
2 0.595703 0.490723 0.306641 0.100586 0.000217319
13 0.595703 0.490723 0.306641 0.100586 0.000219107
0 0.625 0.257812 0.078125 0.162109 0.000221133
11 0.458008 0.0874023 0.0839844 0.0322266 0.000221491
13 0.701172 0.211426 0.0488281 0.0576172 0.000221729
0 0.424805 0.957031 0.150391 0.0859375 0.000225544
11 0.714355 0.105469 0.0439453 0.0390625 0.000228405
10 0.595215 0.493652 0.307617 0.102539 0.000237823
7 0.368652 0.282227 0.0556641 0.046875 0.000239253
3 0.225586 0.0415039 0.445312 0.0830078 0.000248671
12 0.0859375 0.200195 0.171875 0.248047 0.000250578
7 0.354492 0.292969 0.0761719 0.0585938 0.000253201
9 0.84668 0.854492 0.134766 0.167969 0.000253916
6 0.351074 0.294922 0.131836 0.0527344 0.000256777
11 0.461426 0.078125 0.0595703 0.015625 0.000256777
5 0.595703 0.490723 0.306641 0.100586 0.000258207
3 0.374023 0.34668 0.199219 0.195312 0.000266314
6 0.377441 0.309082 0.0693359 0.0947266 0.000267982
11 0.490234 0.0927734 0.0371094 0.0253906 0.000269175
11 0.316895 0.303223 0.0693359 0.0166016 0.000273228
12 0.595703 0.490723 0.306641 0.100586 0.000274897
11 0.595703 0.490723 0.306641 0.100586 0.000277042
12 0.379883 0.327148 0.167969 0.148438 0.000277042
0 0.802246 0.955566 0.133789 0.0791016 0.000278473
13 0.341309 0.306152 0.0634766 0.0244141 0.000281572
7 0.357422 0.30957 0.158203 0.138672 0.000282049
6 0.375 0.292969 0.197266 0.210938 0.000289202
6 0.381348 0.282227 0.0927734 0.0859375 0.000295162
10 0.858398 0.69043 0.283203 0.474609 0.000295639
1 0.374023 0.34668 0.199219 0.195312 0.000296831
3 0.198242 0.364258 0.396484 0.318359 0.000303268
13 0.413086 0.340332 0.0742188 0.0947266 0.000305176
3 0.09375 0.206543 0.1875 0.239258 0.000309706
9 0.316895 0.303223 0.0693359 0.0166016 0.000311852
8 0.617676 0.317383 0.0224609 0.0175781 0.000320196
8 0.387695 0.299316 0.0957031 0.106445 0.000323772
9 0.791016 0.666016 0.0917969 0.0957031 0.000324726
13 0.433105 0.208984 0.112305 0.173828 0.000330448
6 0.964355 0.118652 0.0615234 0.112305 0.000332594
3 0.593262 0.46582 0.317383 0.21875 0.000335217
5 0.369629 0.330566 0.280273 0.266602 0.000353813
6 0.364746 0.282715 0.0712891 0.0576172 0.000358343
0 0.379883 0.327148 0.167969 0.148438 0.000359774
11 0.651367 0.0844727 0.0898438 0.0341797 0.000379086
9 0.355957 0.308105 0.149414 0.120117 0.000380754
7 0.396973 0.324707 0.0732422 0.0966797 0.000384331
0 0.595703 0.490723 0.306641 0.100586 0.000384331
9 0.554688 0.349609 0.171875 0.386719 0.000384808
3 0.109375 0.498047 0.21875 0.275391 0.000392437
8 0.430176 0.242188 0.0205078 0.0175781 0.000393391
8 0.963379 0.105469 0.0673828 0.0976562 0.00039959
11 0.679688 0.0791016 0.03125 0.0214844 0.000418901
11 0.422363 0.0917969 0.0712891 0.0351562 0.000422239
11 0.250977 0.52832 0.0332031 0.0820312 0.0004251
0 0.610352 0.222168 0.0527344 0.0673828 0.000432491
13 0.705078 0.182617 0.0546875 0.117188 0.000442266
7 0.499512 0.208496 0.0419922 0.0927734 0.000443935
2 0.625977 0.234375 0.0253906 0.0273438 0.000455379
10 0.400879 0.345703 0.129883 0.169922 0.000466108
11 0.400879 0.345703 0.129883 0.169922 0.00047183
4 0.374023 0.34668 0.199219 0.195312 0.000497341
9 0.572266 0.250977 0.169922 0.158203 0.000504017
7 0.60791 0.230957 0.0966797 0.112305 0.000504971
4 0.60791 0.230957 0.0966797 0.112305 0.000509262
2 0.623047 0.287598 0.0136719 0.0126953 0.000528336
0 0.631348 0.231445 0.213867 0.160156 0.000531673
9 0.60498 0.77832 0.192383 0.404297 0.000536442
2 0.383789 0.328125 0.152344 0.146484 0.000544071
13 0.330078 0.324707 0.103516 0.0888672 0.000549793
13 0.395996 0.316406 0.0732422 0.0976562 0.000551701
6 0.60791 0.230957 0.0966797 0.112305 0.000554562
13 0.307617 0.30957 0.0683594 0.0292969 0.000566006
6 0.421387 0.36084 0.102539 0.112305 0.000577927
13 0.420898 0.178711 0.0605469 0.111328 0.000578403
3 0.078125 0.17627 0.140625 0.139648 0.000581741
7 0.42627 0.355957 0.0927734 0.108398 0.000602245
9 0.499512 0.191895 0.0419922 0.135742 0.000606537
8 0.387207 0.298828 0.0302734 0.0214844 0.000609875
10 0.835938 0.54248 0.0371094 0.0634766 0.000623703
13 0.354492 0.292969 0.0761719 0.0585938 0.000639915
9 0.596191 0.492676 0.305664 0.106445 0.000650883
11 0.835938 0.542969 0.0371094 0.0625 0.000667095
12 0.60791 0.230957 0.0966797 0.112305 0.000669003
11 0.601562 0.0883789 0.0351562 0.0244141 0.000714779
7 0.369141 0.300781 0.0898438 0.0957031 0.000769138
5 0.40332 0.398438 0.125 0.203125 0.000826836
1 0.60791 0.230957 0.0966797 0.112305 0.000832081
8 0.608887 0.231934 0.0966797 0.116211 0.000849247
11 0.692871 0.0864258 0.0458984 0.0341797 0.000863075
6 0.396973 0.324707 0.0732422 0.0966797 0.000898361
5 0.763672 0.413086 0.126953 0.232422 0.000914574
5 0.342285 0.311523 0.12207 0.078125 0.000919342
1 0.400879 0.32666 0.129883 0.133789 0.000954151
5 0.60791 0.230957 0.0966797 0.112305 0.000968933
11 0.60791 0.230957 0.0966797 0.112305 0.00102711
0 0.609863 0.203125 0.0693359 0.0546875 0.00106239
13 0.60791 0.230957 0.0966797 0.112305 0.00106812
13 0.322266 0.308594 0.0546875 0.0175781 0.00106907
11 0.642578 0.0737305 0.0566406 0.0126953 0.00109005
13 0.486328 0.211914 0.0214844 0.0703125 0.00109577
13 0.496582 0.209961 0.0400391 0.0839844 0.0011034
10 0.60791 0.230957 0.0966797 0.112305 0.00110626
11 0.628906 0.0830078 0.0742188 0.0253906 0.0011282
8 0.400879 0.345703 0.129883 0.169922 0.00114632
10 0.248535 0.548828 0.0263672 0.0429688 0.0011549
11 0.400391 0.0981445 0.03125 0.0263672 0.00123405
11 0.679688 0.090332 0.0878906 0.0361328 0.00124836
11 0.477539 0.0874023 0.0527344 0.0205078 0.00124836
2 0.621582 0.233887 0.0458984 0.0517578 0.00126648
11 0.246582 0.548828 0.0244141 0.046875 0.00130558
2 0.618164 0.234863 0.0820312 0.112305 0.00131416
6 0.356445 0.307617 0.146484 0.119141 0.00140762
13 0.32373 0.303223 0.0517578 0.0126953 0.00141048
13 0.302734 0.304688 0.0507812 0.015625 0.00141144
8 0.345703 0.376953 0.0136719 0.0117188 0.00143909
8 0.623047 0.287598 0.0136719 0.0126953 0.00148582
13 0.408691 0.226562 0.0205078 0.0175781 0.00149918
13 0.357422 0.30957 0.158203 0.138672 0.00173855
9 0.60791 0.230957 0.0966797 0.112305 0.00174427
5 0.390137 0.312988 0.104492 0.100586 0.00178623
13 0.382324 0.376953 0.174805 0.244141 0.00193024
4 0.962891 0.112305 0.0664062 0.103516 0.00196075
5 0.369629 0.289062 0.157227 0.132812 0.00200844
8 0.390137 0.296875 0.0107422 0.00976562 0.00206375
11 0.609863 0.081543 0.0419922 0.0185547 0.0021019
7 0.961426 0.111328 0.0654297 0.101562 0.00218964
7 0.375977 0.373535 0.179688 0.231445 0.00223351
9 0.371094 0.362793 0.179688 0.209961 0.00244904
3 0.60791 0.230957 0.0966797 0.112305 0.00291252
6 0.382324 0.376953 0.174805 0.244141 0.00374985
5 0.415039 0.339844 0.111328 0.119141 0.0039978
13 0.352539 0.304199 0.140625 0.0654297 0.00434113
4 0.401367 0.325684 0.128906 0.135742 0.00435638
11 0.421387 0.0888672 0.0498047 0.0214844 0.0044632
11 0.651855 0.0786133 0.0751953 0.0166016 0.00508118
11 0.4375 0.0854492 0.0683594 0.0205078 0.00523758
13 0.336426 0.299805 0.104492 0.0332031 0.00564957
5 0.366211 0.402344 0.201172 0.279297 0.0062561
11 0.627441 0.0766602 0.0615234 0.0166016 0.00798798
9 0.400879 0.32666 0.129883 0.133789 0.00941467
0 0.572266 0.250977 0.169922 0.158203 0.0102081
11 0.458984 0.0839844 0.0683594 0.015625 0.0111618
11 0.705078 0.0957031 0.0488281 0.0351562 0.0243378
13 0.399902 0.32666 0.131836 0.137695 0.0291138
7 0.399902 0.328125 0.129883 0.136719 0.0411682
13 0.323242 0.302246 0.0800781 0.0185547 0.0631714
6 0.399902 0.32666 0.131836 0.137695 0.11731
5 0.379883 0.339844 0.162109 0.164062 0.133057
3 0.595703 0.490723 0.306641 0.100586 0.185059
0 0.608398 0.224121 0.0917969 0.100586 0.722168
