6 0.225098 0.151367 0.450195 0.253906 0.000100434
1 0.231934 0.616211 0.0712891 0.142578 0.000102103
5 0.399902 0.494141 0.133789 0.140625 0.000102639
7 0.246582 0.600098 0.0791016 0.0908203 0.000102758
9 0.544434 0.309082 0.112305 0.239258 0.000102937
13 0.902344 0.946777 0.0878906 0.0849609 0.000103116
10 0.316895 0.61084 0.235352 0.102539 0.000103235
8 0.0698242 0.970215 0.0419922 0.0595703 0.000104964
9 0.462402 0.203125 0.0146484 0.0117188 0.000105023
11 0.431152 0.20459 0.0498047 0.0205078 0.000106335
12 0.856445 0.187988 0.283203 0.331055 0.000107288
0 0.856445 0.187988 0.283203 0.331055 0.000107288
0 0.944336 0.400879 0.105469 0.188477 0.000109434
11 0.386719 0.217773 0.0488281 0.0390625 0.000110686
9 0.537598 0.540039 0.114258 0.224609 0.000111461
13 0.84375 0.583496 0.0351562 0.0224609 0.000111639
7 0.833496 0.592773 0.0634766 0.0488281 0.000112236
7 0.787109 0.509277 0.152344 0.299805 0.000112236
5 0.334961 0.54541 0.246094 0.219727 0.000112593
11 0.977051 0.935059 0.0458984 0.116211 0.000113606
5 0.756836 0.575684 0.238281 0.227539 0.000114024
3 0.352051 0.438965 0.245117 0.336914 0.000115812
11 0.672852 0.237305 0.0800781 0.0371094 0.000115871
9 0.86377 0.670898 0.0419922 0.0703125 0.000116646
2 0.997559 0.947266 0.00488281 0.105469 0.00011766
3 0.421875 0.0869141 0.269531 0.173828 0.000118256
2 0.601074 0.370117 0.149414 0.128906 0.000120223
9 0.34375 0.582031 0.222656 0.0800781 0.000120342
6 0.977051 0.935059 0.0458984 0.116211 0.000120401
10 0.836914 0.675781 0.117188 0.138672 0.000120819
0 0.617188 0.373535 0.0605469 0.0751953 0.000121355
3 0.228027 0.262207 0.456055 0.469727 0.000121474
1 0.225098 0.151367 0.450195 0.253906 0.000121593
0 0.19873 0.795898 0.397461 0.408203 0.000121653
7 0.76416 0.581543 0.217773 0.198242 0.000123501
7 0.316895 0.61084 0.235352 0.102539 0.000123858
7 0.243652 0.629395 0.108398 0.131836 0.000123858
3 0.831055 0.229004 0.337891 0.370117 0.000124574
2 0.0776367 0.883301 0.155273 0.233398 0.000125527
2 0.230469 0.613281 0.0644531 0.119141 0.000126362
8 0.225098 0.151367 0.450195 0.253906 0.000127196
2 0.225098 0.151367 0.450195 0.253906 0.000127196
13 0.303711 0.449219 0.111328 0.0703125 0.000128746
3 0.373047 0.141602 0.746094 0.283203 0.00012958
10 0.541504 0.95166 0.561523 0.0927734 0.000130892
11 0.210449 0.648438 0.0458984 0.0976562 0.000131845
6 0.227539 0.616699 0.0507812 0.0654297 0.000131965
13 0.404297 0.494141 0.130859 0.142578 0.000134468
0 0.975098 0.888672 0.0498047 0.207031 0.000134587
13 0.966309 0.907715 0.0673828 0.18457 0.00013566
8 0.342773 0.54248 0.0253906 0.0146484 0.000136852
7 0.737305 0.57959 0.121094 0.15332 0.000136971
2 0.0458984 0.871582 0.0878906 0.133789 0.000137329
13 0.304688 0.492188 0.121094 0.078125 0.000138521
2 0.977539 0.914062 0.0449219 0.136719 0.000138879
8 0.602539 0.364258 0.146484 0.119141 0.000139952
9 0.353027 0.541992 0.206055 0.09375 0.000141382
7 0.862793 0.671387 0.0400391 0.0576172 0.000142455
3 0.585938 0.373535 0.207031 0.161133 0.000146151
5 0.314453 0.410645 0.130859 0.110352 0.000146389
5 0.759766 0.506348 0.134766 0.100586 0.000150204
5 0.76709 0.601074 0.155273 0.143555 0.000151634
13 0.741211 0.509766 0.0722656 0.0253906 0.000152588
4 0.225098 0.151367 0.450195 0.253906 0.000153303
13 0.997559 0.947266 0.00488281 0.105469 0.000153542
6 0.379395 0.524902 0.170898 0.0947266 0.000154734
6 0.824707 0.605469 0.0966797 0.113281 0.00015521
0 0.874512 0.67334 0.0537109 0.0771484 0.000156045
7 0.853516 0.138184 0.277344 0.241211 0.000156641
9 0.228027 0.262207 0.456055 0.469727 0.000157833
11 0.225098 0.151367 0.450195 0.253906 0.000158906
0 0.621582 0.394531 0.0966797 0.103516 0.000159502
11 0.473633 0.197266 0.0488281 0.0234375 0.000159621
9 0.30127 0.147461 0.28418 0.224609 0.000160098
6 0.741699 0.55957 0.125977 0.15625 0.000160336
11 0.635742 0.348633 0.0742188 0.0742188 0.000163674
13 0.349609 0.487305 0.21875 0.205078 0.000163913
4 0.799805 0.573242 0.128906 0.148438 0.00016427
6 0.352051 0.425293 0.24707 0.366211 0.000166535
13 0.288086 0.464355 0.0917969 0.0439453 0.000168085
6 0.865723 0.143555 0.268555 0.269531 0.000169396
0 0.585938 0.337402 0.152344 0.0849609 0.000171781
3 0.948242 0.926758 0.103516 0.146484 0.000172496
9 0.385742 0.529297 0.125 0.0527344 0.000173807
3 0.518555 0.984863 0.439453 0.0302734 0.000176072
7 0.808594 0.579102 0.105469 0.0722656 0.000176311
13 0.419434 0.51416 0.0830078 0.0634766 0.000178337
0 0.0703125 0.863281 0.140625 0.273438 0.000179529
13 0.03125 0.94873 0.0625 0.0966797 0.000179887
8 0.227539 0.616699 0.0507812 0.0654297 0.000182509
13 0.334473 0.543457 0.124023 0.0341797 0.000182509
3 0.760742 0.46582 0.228516 0.396484 0.000182867
3 0.920898 0.321777 0.158203 0.239258 0.000185132
7 0.827148 0.611816 0.111328 0.151367 0.000187993
0 0.887207 0.959961 0.0830078 0.0800781 0.000189304
11 0.342285 0.241699 0.0498047 0.0537109 0.000189304
13 0.297852 0.508301 0.0957031 0.0302734 0.000190735
11 0.853027 0.65625 0.0537109 0.0683594 0.000192881
11 0.365723 0.226562 0.0712891 0.0507812 0.000195384
5 0.385742 0.535645 0.125 0.0556641 0.000197291
11 0.694824 0.224121 0.104492 0.0224609 0.000197291
0 0.644531 0.362305 0.0253906 0.0253906 0.000199199
9 0.252441 0.637207 0.114258 0.120117 0.000200272
9 0.0644531 0.541992 0.128906 0.138672 0.00020051
13 0.0478516 0.891602 0.0957031 0.136719 0.000208139
8 0.0722656 0.97998 0.0273438 0.0341797 0.000208259
5 0.692871 0.406738 0.18457 0.24707 0.000211
9 0.609375 0.546387 0.332031 0.258789 0.000213265
13 0.353516 0.555176 0.220703 0.118164 0.000214577
11 0.747559 0.241699 0.104492 0.0654297 0.00021565
10 0.270996 0.600098 0.129883 0.0869141 0.000217438
13 0.258301 0.493652 0.0419922 0.0322266 0.000218987
13 0.418457 0.437012 0.0966797 0.0712891 0.000222087
10 0.853027 0.65625 0.0537109 0.0683594 0.000223041
3 0.388184 0.981445 0.385742 0.0371094 0.000225425
11 0.408691 0.211914 0.0810547 0.0371094 0.000226617
13 0.759766 0.506348 0.134766 0.100586 0.000228763
11 0.215332 0.600586 0.0517578 0.0820312 0.000231743
0 0.123535 0.814453 0.237305 0.371094 0.000244021
2 0.856445 0.187988 0.283203 0.331055 0.000244379
9 0.646484 0.361816 0.0234375 0.0283203 0.000245094
10 0.265137 0.635254 0.129883 0.110352 0.000246763
11 0.270996 0.600098 0.129883 0.0869141 0.000247478
13 0.865723 0.143555 0.268555 0.269531 0.000247955
5 0.742188 0.359863 0.179688 0.206055 0.00025177
5 0.503906 0.455078 0.154297 0.322266 0.000252247
9 0.461426 0.202637 0.0341797 0.0126953 0.000257969
6 0.787109 0.509277 0.152344 0.299805 0.000258446
11 0.77832 0.25293 0.0625 0.0605469 0.000258446
1 0.856445 0.187988 0.283203 0.331055 0.000262737
0 0.0458984 0.871582 0.0878906 0.133789 0.000263214
8 0.416016 0.474121 0.0117188 0.0107422 0.000263691
0 0.921387 0.889648 0.157227 0.220703 0.000264645
13 0.777344 0.508301 0.0917969 0.0400391 0.000267982
0 0.997559 0.947266 0.00488281 0.105469 0.00027132
13 0.826172 0.600586 0.0800781 0.0761719 0.000276089
10 0.225098 0.151367 0.450195 0.253906 0.000277281
2 0.227539 0.616699 0.0507812 0.0654297 0.000278234
4 0.856445 0.187988 0.283203 0.331055 0.000281096
12 0.228516 0.614746 0.0527344 0.0673828 0.00028491
9 0.227051 0.612793 0.0458984 0.0634766 0.000285149
11 0.681152 0.217773 0.0595703 0.015625 0.000285864
6 0.808594 0.579102 0.105469 0.0722656 0.000287056
13 0.287598 0.495605 0.0849609 0.0498047 0.000292063
4 0.228516 0.611328 0.0527344 0.0664062 0.00029254
10 0.871582 0.685547 0.0341797 0.0683594 0.000292778
13 0.0776367 0.883301 0.155273 0.233398 0.000296354
11 0.330566 0.253906 0.0576172 0.0683594 0.000297308
3 0.0654297 0.553711 0.130859 0.105469 0.000298023
4 0.620605 0.59668 0.338867 0.109375 0.00030303
6 0.385742 0.529297 0.125 0.0527344 0.000305891
0 0.228516 0.611328 0.0527344 0.0664062 0.000307798
8 0.620605 0.59668 0.338867 0.109375 0.000307798
6 0.620605 0.59668 0.338867 0.109375 0.000323772
13 0.433105 0.535645 0.0732422 0.0869141 0.000325441
8 0.856445 0.187988 0.283203 0.331055 0.00032568
13 0.79541 0.573242 0.0693359 0.0332031 0.000326872
11 0.448242 0.208008 0.105469 0.0429688 0.000329018
10 0.863281 0.662598 0.0566406 0.116211 0.000332117
13 0.819824 0.576172 0.0771484 0.0429688 0.000332355
11 0.645508 0.360352 0.0429688 0.0429688 0.000335217
11 0.64502 0.223145 0.0419922 0.0283203 0.00033617
11 0.863281 0.662598 0.0566406 0.116211 0.000342369
9 0.812012 0.590332 0.104492 0.0830078 0.0003438
2 0.65332 0.355469 0.0332031 0.0585938 0.000347614
1 0.620605 0.59668 0.338867 0.109375 0.000348568
9 0.553711 0.584961 0.195312 0.179688 0.00034976
11 0.856445 0.187988 0.283203 0.331055 0.000357866
11 0.871582 0.685547 0.0341797 0.0683594 0.000358343
9 0.29541 0.602539 0.18457 0.09375 0.000359535
9 0.635742 0.348633 0.0742188 0.0742188 0.000366688
3 0.940918 0.837402 0.118164 0.325195 0.000372171
9 0.563965 0.349121 0.200195 0.0986328 0.000380039
13 0.431152 0.508301 0.0439453 0.0458984 0.000383377
0 0.181152 0.445801 0.362305 0.239258 0.000383377
7 0.394531 0.526855 0.128906 0.0673828 0.000384092
13 0.643066 0.361816 0.0302734 0.0283203 0.000391006
9 0.352051 0.425293 0.24707 0.366211 0.000398636
7 0.620605 0.59668 0.338867 0.109375 0.000410557
9 0.0307617 0.490234 0.0615234 0.0761719 0.000417948
7 0.618164 0.366211 0.109375 0.115234 0.000423908
13 0.83252 0.580078 0.0576172 0.0234375 0.000428915
2 0.620605 0.59668 0.338867 0.109375 0.000430346
4 0.618164 0.366211 0.109375 0.115234 0.000437498
7 0.831055 0.605469 0.0820312 0.0898438 0.000439644
13 0.620605 0.59668 0.338867 0.109375 0.000445604
8 0.462402 0.203125 0.0146484 0.0117188 0.000445604
5 0.302246 0.438965 0.133789 0.21582 0.000455856
0 0.901367 0.815918 0.197266 0.368164 0.000456333
10 0.220215 0.59375 0.0537109 0.0859375 0.000460148
9 0.565918 0.394043 0.229492 0.182617 0.000462055
10 0.620605 0.59668 0.338867 0.109375 0.000465393
11 0.619629 0.594238 0.333008 0.116211 0.000471115
13 0.759277 0.506836 0.176758 0.275391 0.000488281
3 0.230957 0.613281 0.0537109 0.0683594 0.000495911
0 0.609863 0.348145 0.0634766 0.0634766 0.000505924
0 0.640137 0.374023 0.0712891 0.0898438 0.0005126
10 0.853516 0.138184 0.277344 0.241211 0.00051403
13 0.330078 0.514648 0.169922 0.0742188 0.000517845
8 0.642578 0.36377 0.0292969 0.0263672 0.000529766
9 0.760742 0.46582 0.228516 0.396484 0.000530243
12 0.620605 0.59668 0.338867 0.109375 0.000531197
13 0.399414 0.547852 0.125 0.0664062 0.000550747
5 0.321289 0.373535 0.160156 0.241211 0.000555992
11 0.688965 0.209961 0.0732422 0.0175781 0.00056076
5 0.70752 0.466797 0.325195 0.4375 0.000567913
10 0.228516 0.650879 0.0703125 0.114258 0.000574112
0 0.63916 0.39502 0.147461 0.219727 0.000575542
5 0.620605 0.59668 0.338867 0.109375 0.00057888
12 0.618164 0.366211 0.109375 0.115234 0.000581264
10 0.242676 0.59082 0.0693359 0.0859375 0.000601768
11 0.388672 0.219727 0.0859375 0.0527344 0.000617504
9 0.644531 0.361328 0.0390625 0.0390625 0.000634193
11 0.659668 0.21582 0.0615234 0.0214844 0.000669479
13 0.977051 0.935059 0.0458984 0.116211 0.000685215
13 0.635742 0.348633 0.0742188 0.0742188 0.000690937
0 0.620117 0.597168 0.339844 0.110352 0.000696182
13 0.779297 0.57373 0.150391 0.12793 0.000714302
9 0.79541 0.564453 0.129883 0.166016 0.000714302
6 0.619141 0.366699 0.107422 0.114258 0.000717163
13 0.82959 0.59082 0.0595703 0.0371094 0.000723839
10 0.618164 0.366211 0.109375 0.115234 0.000726223
5 0.618164 0.366211 0.109375 0.115234 0.000726223
13 0.645508 0.36084 0.046875 0.0439453 0.0007267
13 0.227539 0.616699 0.0507812 0.0654297 0.000731945
3 0.466309 0.968262 0.516602 0.0634766 0.000732899
11 0.651367 0.236816 0.0488281 0.0322266 0.000751019
11 0.666504 0.225586 0.0732422 0.0292969 0.000751019
3 0.87793 0.138184 0.244141 0.276367 0.000755787
13 0.773926 0.507324 0.0712891 0.0224609 0.000767231
11 0.480957 0.217285 0.0498047 0.0458984 0.00077343
3 0.200195 0.126465 0.400391 0.243164 0.000789642
13 0.362793 0.535645 0.116211 0.0341797 0.000802994
5 0.348145 0.520508 0.22168 0.109375 0.000802994
9 0.235352 0.617676 0.0644531 0.100586 0.000807285
11 0.717773 0.223145 0.103516 0.0380859 0.000816345
11 0.233398 0.619629 0.0859375 0.176758 0.000844479
3 0.188965 0.452148 0.37793 0.263672 0.00089407
13 0.350586 0.538086 0.214844 0.046875 0.000981331
8 0.633301 0.361328 0.0791016 0.0898438 0.000988007
1 0.619141 0.366699 0.107422 0.114258 0.000994682
1 0.229492 0.612793 0.0507812 0.0751953 0.00104809
8 0.645508 0.360352 0.0429688 0.0429688 0.00114059
0 0.584473 0.428711 0.180664 0.263672 0.00116825
11 0.251465 0.62207 0.0947266 0.0839844 0.00121307
2 0.614746 0.342773 0.108398 0.0742188 0.00123596
5 0.741699 0.55957 0.125977 0.15625 0.00125313
11 0.74707 0.233887 0.0683594 0.0419922 0.00145245
11 0.619141 0.366699 0.107422 0.114258 0.00153255
7 0.228516 0.614746 0.0527344 0.0673828 0.00154781
11 0.349609 0.240723 0.0800781 0.0791016 0.00156498
13 0.277344 0.498047 0.0703125 0.0253906 0.00164032
11 0.686523 0.215332 0.105469 0.0263672 0.00177383
3 0.623535 0.59375 0.358398 0.259766 0.0020752
13 0.808594 0.579102 0.105469 0.0722656 0.00208664
6 0.799805 0.573242 0.128906 0.148438 0.00209618
9 0.619629 0.594238 0.333008 0.116211 0.00212669
5 0.808594 0.57959 0.105469 0.0830078 0.00217056
0 0.645508 0.360352 0.0429688 0.0429688 0.00219345
7 0.799805 0.573242 0.128906 0.148438 0.00228691
11 0.462891 0.203613 0.0195312 0.0126953 0.00239563
11 0.470215 0.206055 0.0537109 0.0273438 0.00240898
9 0.619141 0.366699 0.107422 0.114258 0.00247002
11 0.239258 0.595703 0.0644531 0.078125 0.00260544
13 0.385742 0.529297 0.125 0.0527344 0.00262451
11 0.463867 0.20166 0.0429688 0.0146484 0.00262451
3 0.618164 0.366211 0.109375 0.115234 0.00264359
9 0.320801 0.628906 0.262695 0.125 0.00317955
9 0.0629883 0.495117 0.125977 0.0898438 0.0034523
11 0.431152 0.206543 0.0947266 0.0244141 0.00353241
10 0.235352 0.615723 0.0976562 0.106445 0.00391769
9 0.545898 0.480957 0.154297 0.379883 0.00413132
11 0.227539 0.636719 0.0703125 0.0917969 0.00444794
13 0.619141 0.366699 0.107422 0.114258 0.00458527
11 0.447754 0.201172 0.0771484 0.0195312 0.00561905
0 0.637695 0.347168 0.0644531 0.0712891 0.00605392
10 0.219727 0.628906 0.0507812 0.0742188 0.00712585
5 0.349609 0.439453 0.230469 0.328125 0.00801086
11 0.76416 0.241699 0.0615234 0.0478516 0.00857544
10 0.862793 0.671875 0.0400391 0.0585938 0.00965881
2 0.645508 0.362305 0.0253906 0.0253906 0.00996399
11 0.862793 0.671875 0.0400391 0.0585938 0.0116043
5 0.775879 0.496582 0.174805 0.319336 0.0124893
0 0.572754 0.366211 0.198242 0.121094 0.0177307
5 0.79541 0.564453 0.129883 0.166016 0.0225525
2 0.633301 0.361816 0.0732422 0.0830078 0.0462952
2 0.64502 0.359863 0.0341797 0.0400391 0.0542603
10 0.230957 0.613281 0.0537109 0.0683594 0.141235
11 0.228516 0.614746 0.0546875 0.0673828 0.168213
3 0.620117 0.597168 0.339844 0.110352 0.380371
0 0.618164 0.358398 0.107422 0.0957031 0.69873
