10 0.504395 0.297852 0.196289 0.160156 0.000100136
13 0.615234 0.145508 0.0957031 0.0371094 0.000102043
8 0.391602 0.219727 0.0175781 0.015625 0.000103712
3 0.404785 0.963379 0.209961 0.0732422 0.00010401
9 0.985352 0.319336 0.0292969 0.197266 0.000105917
11 0.166992 0.0581055 0.333984 0.108398 0.000106335
13 0.111816 0.927246 0.194336 0.145508 0.000106335
13 0.632812 0.142578 0.046875 0.0175781 0.000107467
10 0.189941 0.291016 0.161133 0.296875 0.000110686
3 0.526855 0.417969 0.31543 0.212891 0.000110805
11 0.162598 0.252441 0.149414 0.28418 0.000110984
6 0.12793 0.0600586 0.255859 0.120117 0.000114381
3 0.168457 0.127441 0.336914 0.219727 0.000115216
11 0.0991211 0.955566 0.118164 0.0888672 0.000115395
13 0.311035 0.45752 0.108398 0.0673828 0.00011605
2 0.375488 0.479004 0.0791016 0.0634766 0.000116467
11 0.370117 0.117676 0.0585938 0.0166016 0.000116706
13 0.719727 0.161621 0.0839844 0.0576172 0.000117481
11 0.1875 0.223633 0.115234 0.164062 0.000118017
2 0.998047 0.945312 0.00390625 0.109375 0.000118136
7 0.719727 0.161621 0.0839844 0.0576172 0.000118375
5 0.227051 0.415527 0.151367 0.120117 0.000120163
13 0.320312 0.409668 0.125 0.0927734 0.000120163
13 0.269531 0.142578 0.0644531 0.0410156 0.00012064
11 0.604004 0.147949 0.0615234 0.0263672 0.000121236
7 0.0151367 0.950195 0.0244141 0.0957031 0.000123143
13 0.270508 0.24707 0.103516 0.0703125 0.000123382
7 0.985352 0.306641 0.0292969 0.289062 0.00012517
0 0.54541 0.262207 0.0634766 0.0751953 0.000126123
6 0.269043 0.376953 0.223633 0.234375 0.000128388
13 0.807129 0.532715 0.0302734 0.0205078 0.000128627
6 0.55127 0.275391 0.102539 0.115234 0.000130534
10 0.670898 0.146484 0.134766 0.03125 0.00013113
13 0.694336 0.310059 0.0644531 0.0361328 0.000132918
8 0.985352 0.319336 0.0292969 0.197266 0.000133157
1 0.663574 0.144043 0.129883 0.0263672 0.000135899
13 0.373047 0.336426 0.09375 0.112305 0.000136256
3 0.584473 0.53125 0.40332 0.0898438 0.000136614
13 0.373047 0.478027 0.0703125 0.0654297 0.000138402
11 0.602539 0.132812 0.113281 0.0332031 0.000139475
12 0.63623 0.13916 0.0615234 0.0224609 0.000139832
13 0.360352 0.400879 0.0800781 0.0888672 0.00014019
1 0.615234 0.145508 0.0957031 0.0371094 0.000140429
6 0.265625 0.441406 0.162109 0.0957031 0.000141859
13 0.998047 0.945312 0.00390625 0.109375 0.000142336
13 0.325195 0.27832 0.0742188 0.103516 0.000143886
11 0.150391 0.305664 0.0800781 0.230469 0.000145435
13 0.394531 0.447266 0.0664062 0.0351562 0.000145674
11 0.394043 0.14209 0.0576172 0.0166016 0.000146389
10 0.621094 0.139648 0.0820312 0.0253906 0.000146747
9 0.475098 0.253418 0.12793 0.235352 0.000146866
11 0.1875 0.213379 0.03125 0.0361328 0.000148296
11 0.626953 0.163574 0.128906 0.0693359 0.000148416
13 0.29248 0.366211 0.124023 0.0625 0.000148773
13 0.646484 0.294922 0.125 0.146484 0.000152111
13 0.244629 0.433594 0.120117 0.0605469 0.000152707
12 0.266602 0.143555 0.0605469 0.0371094 0.000152946
2 0.721191 0.157715 0.0712891 0.0478516 0.000154734
0 0.097168 0.907227 0.194336 0.185547 0.000155568
10 0.0839844 0.563965 0.0390625 0.0810547 0.000157118
9 0.263184 0.372559 0.223633 0.245117 0.000157237
9 0.485352 0.39502 0.111328 0.350586 0.000157237
3 0.549316 0.51123 0.239258 0.0947266 0.000157714
0 0.562988 0.248535 0.0712891 0.0556641 0.000157952
13 0.402344 0.304688 0.03125 0.0214844 0.000159264
13 0.12793 0.0600586 0.255859 0.120117 0.000161171
8 0.374512 0.484375 0.0810547 0.078125 0.000162363
3 0.499512 0.304688 0.204102 0.167969 0.000164986
4 0.55127 0.275391 0.102539 0.115234 0.000166178
13 0.336914 0.371582 0.09375 0.0244141 0.000168324
3 0.26709 0.143066 0.0615234 0.0380859 0.000169992
13 0.307617 0.435059 0.126953 0.0556641 0.000170112
7 0.266602 0.143555 0.0605469 0.0371094 0.000170708
11 0.25 0.151367 0.0566406 0.0390625 0.000175834
13 0.388672 0.316895 0.0664062 0.0712891 0.000178695
11 0.720703 0.163574 0.107422 0.112305 0.000180006
13 0.779785 0.514648 0.0791016 0.0488281 0.000181079
13 0.337402 0.352539 0.143555 0.191406 0.000181437
3 0.0517578 0.90918 0.103516 0.181641 0.000183344
9 0.631836 0.140625 0.0917969 0.0351562 0.000188112
9 0.266602 0.143555 0.0605469 0.0371094 0.000190616
5 0.29834 0.410156 0.15332 0.113281 0.000192761
5 0.274902 0.330078 0.155273 0.203125 0.000194907
0 0.990723 0.895996 0.0185547 0.208008 0.000195384
7 0.631836 0.140625 0.0917969 0.0351562 0.000196338
10 0.719727 0.161621 0.0839844 0.0576172 0.000196338
7 0.429688 0.334961 0.0625 0.126953 0.000204682
13 0.279785 0.354492 0.231445 0.265625 0.000207663
8 0.364258 0.453613 0.00976562 0.00878906 0.000207663
8 0.984375 0.32959 0.0273438 0.0751953 0.000209212
11 0.578613 0.171387 0.0693359 0.0791016 0.000209689
9 0.427246 0.335938 0.0576172 0.119141 0.000212789
8 0.80957 0.53125 0.0175781 0.015625 0.000214219
11 0.882324 0.573242 0.0419922 0.0683594 0.000218034
13 0.180664 0.391113 0.0644531 0.0263672 0.000219822
13 0.347168 0.317383 0.106445 0.0917969 0.000221133
3 0.797363 0.0966797 0.405273 0.154297 0.000222802
3 0.959473 0.517578 0.0810547 0.302734 0.000225782
11 0.0825195 0.555664 0.0361328 0.0917969 0.000229239
0 0.120605 0.865234 0.241211 0.269531 0.000230551
12 0.55127 0.275391 0.102539 0.115234 0.000232458
1 0.719727 0.161621 0.0839844 0.0576172 0.000233769
7 0.55127 0.275391 0.102539 0.115234 0.000236034
11 0.680664 0.145508 0.0605469 0.0253906 0.000237703
13 0.55127 0.275391 0.102539 0.115234 0.000238895
5 0.74707 0.419434 0.207031 0.249023 0.00023973
10 0.882324 0.573242 0.0419922 0.0683594 0.000244856
1 0.55127 0.275391 0.102539 0.115234 0.000248432
9 0.0224609 0.255371 0.0410156 0.209961 0.000252962
4 0.546387 0.494629 0.422852 0.114258 0.000253916
6 0.546387 0.494629 0.422852 0.114258 0.000258923
11 0.306152 0.132324 0.0966797 0.0244141 0.000286579
7 0.546387 0.494629 0.422852 0.114258 0.000295639
13 0.274414 0.446777 0.132812 0.0693359 0.000296831
11 0.705078 0.148438 0.0507812 0.0292969 0.000301123
13 0.39209 0.300781 0.0439453 0.0273438 0.000301838
7 0.369629 0.476562 0.0615234 0.0585938 0.000304461
8 0.342773 0.442871 0.0234375 0.0205078 0.000306129
11 0.378906 0.12207 0.0859375 0.0234375 0.000316381
8 0.63623 0.13916 0.0615234 0.0224609 0.00031662
11 0.736328 0.166992 0.0605469 0.0449219 0.000317574
1 0.546387 0.494629 0.422852 0.114258 0.000319719
0 0.573242 0.276367 0.212891 0.158203 0.000323296
10 0.267578 0.143066 0.0605469 0.0380859 0.000329971
13 0.317871 0.294434 0.135742 0.0869141 0.000334024
11 0.55127 0.275391 0.102539 0.115234 0.000335455
11 0.404297 0.134277 0.0546875 0.0205078 0.000339746
13 0.31543 0.367188 0.0898438 0.0214844 0.000343323
2 0.269531 0.142578 0.0644531 0.0410156 0.000348091
13 0.271484 0.274902 0.0566406 0.0341797 0.000349045
8 0.55127 0.275391 0.102539 0.115234 0.000362635
13 0.796875 0.526855 0.0488281 0.0302734 0.000365019
8 0.543457 0.493164 0.413086 0.103516 0.000367641
13 0.547363 0.49707 0.420898 0.105469 0.000373363
2 0.549316 0.498047 0.422852 0.109375 0.000374317
5 0.55127 0.273438 0.102539 0.115234 0.00037694
13 0.268555 0.436035 0.117188 0.0322266 0.00038147
2 0.55127 0.275391 0.102539 0.115234 0.000384569
11 0.547852 0.492676 0.416016 0.116211 0.000387669
13 0.288574 0.275391 0.120117 0.0664062 0.000394821
1 0.631836 0.13916 0.0761719 0.0244141 0.000397682
2 0.631836 0.13916 0.0761719 0.0244141 0.000407219
12 0.547852 0.49707 0.421875 0.109375 0.000411987
11 0.371094 0.136719 0.0683594 0.0195312 0.000435591
1 0.266602 0.143555 0.0605469 0.0371094 0.000467062
3 0.489746 0.963379 0.198242 0.0732422 0.000468016
10 0.55127 0.275391 0.102539 0.115234 0.000491619
2 0.116699 0.953125 0.0966797 0.0859375 0.00049448
13 0.244141 0.258789 0.0722656 0.0214844 0.000521183
5 0.546387 0.494629 0.422852 0.114258 0.000543118
13 0.254395 0.254395 0.0791016 0.0439453 0.000570774
5 0.265625 0.441406 0.162109 0.0957031 0.000600338
3 0.166992 0.0581055 0.333984 0.108398 0.000629902
13 0.631836 0.13916 0.0761719 0.0244141 0.000636101
10 0.552734 0.496094 0.433594 0.126953 0.000637531
5 0.263184 0.370117 0.288086 0.285156 0.000726223
11 0.633301 0.132324 0.0673828 0.0224609 0.000777721
7 0.384277 0.492188 0.100586 0.0957031 0.000784397
13 0.647461 0.299805 0.0625 0.0917969 0.000802517
7 0.63623 0.13916 0.0615234 0.0224609 0.000815392
0 0.547363 0.49707 0.420898 0.105469 0.000846863
13 0.27002 0.266113 0.0830078 0.0419922 0.000877857
11 0.589355 0.158691 0.0908203 0.0341797 0.000882149
9 0.445801 0.328613 0.0927734 0.170898 0.00100803
9 0.63623 0.13916 0.0615234 0.0224609 0.00102329
11 0.650391 0.131836 0.128906 0.0292969 0.00104427
11 0.400879 0.126465 0.0634766 0.0263672 0.00107574
13 0.116699 0.953125 0.0966797 0.0859375 0.00108337
9 0.55127 0.275391 0.102539 0.115234 0.00115585
9 0.546387 0.494629 0.422852 0.114258 0.00118446
11 0.383301 0.131348 0.0810547 0.0263672 0.00122356
9 0.368652 0.477051 0.0634766 0.0595703 0.00132847
11 0.266113 0.145508 0.0869141 0.0625 0.00142193
3 0.55127 0.273438 0.102539 0.115234 0.00164413
0 0.116699 0.955078 0.0986328 0.0878906 0.00197029
11 0.283203 0.137207 0.0761719 0.0361328 0.00227356
3 0.54834 0.509277 0.444336 0.258789 0.0022831
11 0.626465 0.147949 0.0693359 0.0224609 0.00240707
5 0.262695 0.396973 0.189453 0.182617 0.00250435
11 0.693359 0.146973 0.0917969 0.0400391 0.00311661
9 0.384277 0.492188 0.100586 0.0957031 0.00372314
11 0.735352 0.169434 0.0996094 0.0634766 0.00518417
11 0.652832 0.13916 0.0732422 0.0205078 0.00535965
9 0.492188 0.311035 0.181641 0.200195 0.0059433
11 0.681641 0.153809 0.152344 0.0576172 0.00818634
0 0.515137 0.29834 0.186523 0.163086 0.014328
11 0.633301 0.141113 0.0478516 0.0185547 0.0176544
11 0.60791 0.147949 0.102539 0.0419922 0.0217743
11 0.661621 0.141602 0.129883 0.0273438 0.069458
11 0.717285 0.155762 0.0693359 0.0458984 0.0717163
11 0.621094 0.139648 0.0820312 0.0253906 0.0948486
11 0.266602 0.143555 0.0605469 0.0371094 0.120361
0 0.55127 0.272461 0.102539 0.105469 0.280518
3 0.547363 0.498047 0.422852 0.103516 0.520508
