9 0.346191 0.940918 0.504883 0.114258 0.000100851
8 0.836914 0.578613 0.0078125 0.00683594 0.000102639
11 0.782715 0.132812 0.125977 0.0664062 0.000102699
11 0.460938 0.12793 0.0449219 0.03125 0.000102699
8 0.391602 0.595215 0.0253906 0.0302734 0.000103354
5 0.776855 0.578613 0.217773 0.235352 0.000103652
8 0.770508 0.448242 0.0214844 0.0214844 0.000104785
11 0.29248 0.162109 0.0654297 0.0507812 0.000105679
12 0.737305 0.120605 0.291016 0.102539 0.000106871
13 0.692383 0.400391 0.0839844 0.125 0.00010699
8 0.995117 0.201172 0.00976562 0.0429688 0.000108659
13 0.154785 0.632324 0.0419922 0.0302734 0.000112355
8 0.82666 0.12207 0.0244141 0.0253906 0.000112474
8 0.316895 0.599609 0.0107422 0.0117188 0.00011307
0 0.562012 0.283691 0.182617 0.145508 0.00011307
8 0.229492 0.424805 0.0136719 0.0136719 0.000114262
13 0.88916 0.179688 0.0400391 0.0234375 0.000116706
8 0.75 0.469727 0.015625 0.0136719 0.000116825
8 0.416016 0.330566 0.0117188 0.0107422 0.000119388
8 0.335449 0.274414 0.00683594 0.0078125 0.000120878
13 0.23877 0.597656 0.0771484 0.03125 0.000127435
13 0.0131836 0.949707 0.0263672 0.0849609 0.000127554
9 0.827148 0.123535 0.0253906 0.0263672 0.000127673
8 0.262695 0.540527 0.0136719 0.0126953 0.000128627
9 0.551758 0.865234 0.21875 0.269531 0.000129342
8 0.822266 0.567871 0.0117188 0.0126953 0.00012958
11 0.93457 0.739258 0.0527344 0.0878906 0.000135183
13 0.308105 0.566406 0.108398 0.105469 0.000135303
13 0.203125 0.47998 0.0390625 0.0224609 0.000140309
10 0.227051 0.96582 0.348633 0.0683594 0.000145793
9 0.737305 0.120605 0.291016 0.102539 0.000147104
8 0.230469 0.750488 0.0332031 0.0224609 0.000148058
9 0.0439453 0.737305 0.0878906 0.525391 0.000148177
5 0.214844 0.603027 0.212891 0.321289 0.000149846
8 0.759766 0.444336 0.0390625 0.0371094 0.000149846
9 0.171875 0.0332031 0.34375 0.0664062 0.000151992
11 0.32666 0.133301 0.0712891 0.0537109 0.000152707
8 0.727539 0.41748 0.0136719 0.0185547 0.000154734
9 0.742676 0.661133 0.143555 0.0351562 0.000155926
6 0.314941 0.566406 0.106445 0.105469 0.000157118
3 0.455566 0.97168 0.405273 0.0566406 0.000157356
5 0.323242 0.513672 0.173828 0.224609 0.000161648
2 0.0131836 0.949707 0.0263672 0.0849609 0.000162005
9 0.530762 0.958984 0.166992 0.0820312 0.000164747
8 0.742188 0.484375 0.0175781 0.015625 0.000166774
3 0.938477 0.316406 0.123047 0.244141 0.000173569
9 0.689941 0.871582 0.592773 0.241211 0.000175476
0 0.131348 0.352051 0.262695 0.473633 0.000176787
9 0.793457 0.106445 0.37793 0.169922 0.00017786
8 0.650879 0.690918 0.0400391 0.0361328 0.000186086
11 0.429199 0.10791 0.0947266 0.0302734 0.000188112
13 0.166016 0.639648 0.0527344 0.0292969 0.000190377
9 0.583008 0.314941 0.142578 0.139648 0.000196099
9 0.633789 0.0727539 0.0195312 0.0166016 0.000199199
2 0.230957 0.759277 0.0419922 0.0380859 0.000202537
7 0.31543 0.566895 0.107422 0.104492 0.000203609
12 0.786621 0.219727 0.282227 0.220703 0.000205398
11 0.630371 0.138672 0.0908203 0.0742188 0.000210404
8 0.68457 0.396484 0.0175781 0.015625 0.000224471
11 0.428711 0.129395 0.107422 0.0517578 0.000224948
9 0.532227 0.921387 0.376953 0.145508 0.000225425
9 0.272461 0.482422 0.244141 0.320312 0.000226736
5 0.273926 0.558594 0.188477 0.185547 0.000236273
9 0.169434 0.699707 0.170898 0.19043 0.000244021
11 0.708984 0.11084 0.0976562 0.0341797 0.000256062
8 0.349121 0.92627 0.0302734 0.0244141 0.0002563
11 0.650391 0.128906 0.103516 0.0449219 0.000263929
9 0.551758 0.509277 0.0253906 0.0244141 0.000266314
2 0.231934 0.75293 0.0322266 0.0214844 0.00028038
7 0.378906 0.598633 0.0507812 0.0410156 0.000283957
11 0.737305 0.120605 0.291016 0.102539 0.000309706
9 0.378418 0.597656 0.0498047 0.0410156 0.000311375
11 0.438477 0.117676 0.0507812 0.0205078 0.000324488
9 0.274414 0.0678711 0.548828 0.131836 0.000341892
13 0.875977 0.183594 0.248047 0.197266 0.000348091
8 0.77002 0.45166 0.0126953 0.0146484 0.000352144
13 0.888184 0.179688 0.104492 0.0585938 0.00041461
11 0.936523 0.74707 0.0390625 0.0488281 0.000416279
7 0.605469 0.296875 0.0957031 0.0898438 0.000421047
8 0.605469 0.296875 0.0957031 0.0898438 0.000422716
8 0.230469 0.759766 0.0390625 0.0351562 0.000431299
10 0.9375 0.747559 0.0390625 0.0498047 0.000432968
9 0.595215 0.585938 0.387695 0.173828 0.000443935
9 0.504883 0.520508 0.177734 0.443359 0.000451565
9 0.234863 0.757812 0.0458984 0.0410156 0.000455379
11 0.103516 0.770996 0.0429688 0.0732422 0.000524998
12 0.793457 0.106445 0.37207 0.177734 0.000539303
9 0.509277 0.966309 0.366211 0.0673828 0.000580788
9 0.265625 0.816895 0.416016 0.331055 0.000583649
10 0.103516 0.770996 0.0429688 0.0732422 0.000601768
8 0.553223 0.508789 0.0244141 0.0234375 0.000618935
11 0.77832 0.144531 0.0742188 0.0644531 0.000631809
5 0.302246 0.560547 0.151367 0.113281 0.00071907
8 0.366699 0.596191 0.0283203 0.0302734 0.0007267
11 0.308105 0.146484 0.0732422 0.0644531 0.000767231
0 0.0131836 0.949707 0.0263672 0.0849609 0.000814915
9 0.605469 0.296875 0.0957031 0.0898438 0.000890255
8 0.290527 0.611328 0.0126953 0.00976562 0.000899315
3 0.0913086 0.391113 0.182617 0.338867 0.00104713
11 0.666504 0.105957 0.120117 0.0263672 0.00117302
9 0.26123 0.71875 0.385742 0.193359 0.00126362
11 0.620605 0.127441 0.0693359 0.0400391 0.00131416
11 0.740234 0.119629 0.0917969 0.0556641 0.00145817
9 0.534668 0.387695 0.194336 0.320312 0.0017662
0 0.54541 0.338867 0.208008 0.191406 0.00187016
11 0.394531 0.118164 0.146484 0.0371094 0.00205803
11 0.40332 0.11084 0.103516 0.0205078 0.00216866
8 0.379883 0.597656 0.0507812 0.0429688 0.0024929
9 0.230957 0.754395 0.0341797 0.0244141 0.00258255
11 0.443848 0.123535 0.0673828 0.0361328 0.00304031
5 0.272461 0.482422 0.244141 0.320312 0.00428009
11 0.683594 0.117188 0.179688 0.0449219 0.00540161
11 0.637695 0.116211 0.0898438 0.0371094 0.00888062
11 0.759766 0.128906 0.0703125 0.0527344 0.00969696
11 0.421875 0.117676 0.101562 0.0244141 0.0127869
0 0.595215 0.30127 0.112305 0.104492 0.0164948
3 0.597656 0.589355 0.394531 0.15332 0.0219421
