1 0.788574 0.500977 0.239258 0.462891 0.000100911
2 0.597168 0.348633 0.0146484 0.0117188 0.000101388
3 1 0.615723 0 0.225586 0.000102043
8 0.597168 0.348633 0.0146484 0.0117188 0.000102043
12 0.824707 0.587402 0.172852 0.288086 0.000103176
2 0.265625 0.428711 0.34375 0.505859 0.000103354
0 0.53418 0.42334 0.183594 0.30957 0.000105023
10 0.552734 0.351074 0.195312 0.15918 0.000109613
11 0.267578 0.182129 0.0625 0.0654297 0.000109971
9 0.943359 0.501465 0.111328 0.157227 0.000109971
3 0.217773 0.0375977 0.435547 0.0751953 0.00011003
1 0.331055 0.153809 0.166016 0.0732422 0.000111282
7 0.241211 0.54248 0.220703 0.272461 0.000114202
8 0.788574 0.500977 0.239258 0.462891 0.000115573
11 0.622559 0.125 0.0517578 0.0175781 0.000116289
8 0.379395 0.129883 0.0595703 0.0195312 0.00011754
13 0.319336 0.385254 0.208984 0.266602 0.000117838
13 0.331055 0.153809 0.166016 0.0732422 0.000117838
13 0.750977 0.343262 0.113281 0.114258 0.000118494
11 0.980469 0.453125 0.0390625 0.0839844 0.000118971
11 0.215332 0.247559 0.0595703 0.0615234 0.000119209
5 0.842285 0.643066 0.0986328 0.116211 0.000119925
6 0.587891 0.645508 0.394531 0.166016 0.000119984
11 0.40918 0.161621 0.0722656 0.0224609 0.000121713
2 0.36377 0.132324 0.0966797 0.0263672 0.000122011
10 0.788574 0.500977 0.239258 0.462891 0.00012207
13 0.374023 0.248047 0.0410156 0.0683594 0.000124097
8 0.830566 0.296875 0.0166016 0.0234375 0.000126123
3 0.0527344 0.884277 0.105469 0.231445 0.000127077
12 0.332031 0.150879 0.166016 0.0830078 0.000127077
13 0.397949 0.272461 0.0888672 0.115234 0.000128031
0 0.260742 0.445801 0.320312 0.473633 0.000128269
4 0.587891 0.645508 0.394531 0.166016 0.000128627
8 0.642578 0.465332 0.0136719 0.0126953 0.000128746
13 0.375977 0.272949 0.136719 0.192383 0.00012958
0 0.824707 0.587402 0.172852 0.288086 0.000129819
2 0.788574 0.500977 0.239258 0.462891 0.000130892
2 0.652832 0.438477 0.0693359 0.078125 0.000131488
9 0.969727 0.485352 0.0605469 0.130859 0.000131845
0 0.592285 0.347656 0.0537109 0.0585938 0.00013566
7 0.587891 0.645508 0.394531 0.166016 0.000136971
8 0.273438 0.458008 0.0078125 0.0078125 0.000137329
5 0.836914 0.592285 0.113281 0.15332 0.000137448
9 0.219727 0.615723 0.214844 0.206055 0.000139594
2 0.989258 0.45166 0.0195312 0.0751953 0.000140786
13 0.376465 0.359863 0.0517578 0.0888672 0.000143051
11 0.414551 0.123535 0.0478516 0.0126953 0.00014317
9 0.269531 0.752441 0.376953 0.166992 0.00014329
2 0.456543 0.390625 0.0185547 0.0351562 0.000143409
0 0.974609 0.423828 0.0488281 0.144531 0.000145435
0 0.986328 0.458984 0.0253906 0.0644531 0.000145912
11 0.427246 0.12793 0.0537109 0.0214844 0.000145912
5 0.734375 0.380371 0.193359 0.256836 0.000146508
0 0.648926 0.907715 0.524414 0.18457 0.000147104
8 0.852051 0.507812 0.0185547 0.015625 0.000149965
13 0.36377 0.266113 0.0595703 0.0732422 0.000150323
9 0.837891 0.624512 0.121094 0.192383 0.00015223
3 0.759766 0.468262 0.294922 0.571289 0.000153303
13 0.587891 0.645508 0.394531 0.166016 0.000153422
13 0.78125 0.474609 0.259766 0.539062 0.000156641
2 0.0244141 0.416992 0.046875 0.193359 0.000157118
8 0.980469 0.453125 0.0390625 0.0839844 0.000157356
7 0.78125 0.474609 0.259766 0.539062 0.000157833
5 0.24707 0.646973 0.339844 0.290039 0.000160575
10 0.0961914 0.791992 0.0712891 0.0996094 0.000161052
11 0.615723 0.152832 0.129883 0.0849609 0.000164151
13 0.36377 0.132324 0.0966797 0.0263672 0.000164151
13 0.651367 0.232422 0.0234375 0.0410156 0.000165105
3 0.98291 0.504883 0.0341797 0.40625 0.000166416
1 0.587891 0.645508 0.394531 0.166016 0.000167608
5 0.304688 0.522461 0.189453 0.283203 0.000169396
8 0.587891 0.645508 0.394531 0.166016 0.000171661
7 0.265625 0.428711 0.34375 0.505859 0.00017333
13 0.396973 0.353027 0.0693359 0.100586 0.00017345
8 0.0239258 0.447266 0.0458984 0.128906 0.000174761
2 0.634766 0.430664 0.046875 0.0390625 0.000176907
11 0.587891 0.645508 0.394531 0.166016 0.000177145
5 0.221191 0.309082 0.438477 0.532227 0.000177383
5 0.319336 0.371094 0.212891 0.269531 0.000179529
5 0.265625 0.494141 0.175781 0.140625 0.000179529
8 0.36084 0.276367 0.0224609 0.0195312 0.000181079
0 0.598145 0.371582 0.0888672 0.178711 0.000181437
8 0.598633 0.376465 0.015625 0.0146484 0.000183463
13 0.260742 0.445801 0.320312 0.473633 0.000183463
13 0.658691 0.251953 0.0517578 0.0898438 0.000186801
0 0.788574 0.500977 0.239258 0.462891 0.000187278
3 0.597656 0.703613 0.419922 0.120117 0.000189424
3 0.578613 0.334961 0.194336 0.164062 0.000189781
9 0.641113 0.432617 0.0283203 0.0253906 0.000192046
9 0.0244141 0.45752 0.046875 0.112305 0.000195026
2 0.650391 0.431152 0.0410156 0.0380859 0.000198126
8 0.88623 0.682129 0.0205078 0.0166016 0.000198245
13 0.726074 0.377441 0.176758 0.172852 0.000198722
2 0.587891 0.645508 0.394531 0.166016 0.00020051
8 0.0322266 0.372559 0.0625 0.270508 0.000202417
11 0.402344 0.145996 0.0996094 0.0439453 0.000214815
11 0.0908203 0.791504 0.0605469 0.0908203 0.000215292
11 0.354004 0.122559 0.102539 0.0322266 0.00021553
11 0.728516 0.166504 0.128906 0.0849609 0.000216365
1 0.375977 0.128418 0.0839844 0.0224609 0.000216722
11 0.58252 0.162109 0.0595703 0.0449219 0.000218272
9 0.974121 0.44873 0.0517578 0.100586 0.000219703
11 0.651855 0.140625 0.0888672 0.0292969 0.000224948
9 0.252441 0.853027 0.0595703 0.0341797 0.000229001
13 0.694336 0.313965 0.167969 0.180664 0.000229359
3 0.567871 0.984375 0.452148 0.03125 0.00023067
11 0.788086 0.200684 0.0683594 0.0576172 0.000237226
8 0.665039 0.525879 0.0351562 0.0205078 0.000239134
13 0.649414 0.274414 0.078125 0.121094 0.000242352
9 0.341309 0.150879 0.170898 0.0751953 0.000247955
11 0.633789 0.119141 0.132812 0.0410156 0.000252247
13 0.351074 0.276855 0.102539 0.12207 0.000253439
12 0.788574 0.500977 0.239258 0.462891 0.000253677
10 0.0898438 0.762207 0.0410156 0.0458984 0.000255585
12 0.587891 0.645508 0.394531 0.166016 0.000258207
6 0.578125 0.334961 0.113281 0.119141 0.000261068
13 0.241211 0.541992 0.191406 0.253906 0.000261784
7 0.820801 0.561523 0.163086 0.314453 0.000262499
3 0.241211 0.54248 0.220703 0.272461 0.000263929
12 0.265625 0.428711 0.34375 0.505859 0.00026536
8 0.0268555 0.405273 0.0537109 0.210938 0.000267029
5 0.231445 0.611328 0.154297 0.128906 0.000276089
0 0.0166016 0.419434 0.0332031 0.174805 0.000276089
11 0.414062 0.130859 0.103516 0.0351562 0.000281334
11 0.0898438 0.762207 0.0410156 0.0458984 0.000285864
9 0.552734 0.351074 0.195312 0.15918 0.000289202
11 0.772461 0.186523 0.0800781 0.0683594 0.00029254
11 0.341797 0.144043 0.0761719 0.0302734 0.000298262
8 0.726074 0.5 0.0556641 0.0410156 0.000299215
7 0.0322266 0.372559 0.0625 0.270508 0.000303268
10 0.587891 0.645508 0.394531 0.166016 0.000313282
4 0.577148 0.333984 0.113281 0.117188 0.000320435
2 0.378418 0.129883 0.0537109 0.0195312 0.00032115
13 0.82373 0.581055 0.172852 0.302734 0.000321388
11 0.635742 0.134277 0.0722656 0.0224609 0.00032568
6 0.241211 0.54248 0.220703 0.272461 0.00034833
0 0.971191 0.504883 0.0576172 0.158203 0.000365496
0 0.587891 0.645508 0.394531 0.166016 0.000372887
5 0.587891 0.645508 0.394531 0.166016 0.000375748
11 0.383789 0.121094 0.09375 0.0234375 0.000379086
9 0.487305 0.644531 0.1875 0.236328 0.000384331
9 0.513184 0.495605 0.172852 0.477539 0.000385523
11 0.64502 0.125977 0.0576172 0.0195312 0.000386953
3 0.260742 0.445801 0.320312 0.473633 0.000395775
11 0.360352 0.131836 0.0507812 0.0214844 0.000396013
7 0.577148 0.333984 0.113281 0.117188 0.000408173
3 0.197754 0.143066 0.395508 0.286133 0.000411034
11 0.59668 0.122559 0.0683594 0.0263672 0.000411272
12 0.578125 0.334961 0.113281 0.119141 0.000420332
11 0.674805 0.149902 0.175781 0.0712891 0.000425339
7 0.378418 0.12793 0.0849609 0.0234375 0.000443697
8 0.151367 0.624023 0.0214844 0.0175781 0.000445366
13 0.65918 0.318359 0.0878906 0.107422 0.000445843
8 0.640625 0.435059 0.0195312 0.0166016 0.000450134
8 0.640625 0.430664 0.03125 0.0273438 0.000455856
3 0.648926 0.907715 0.524414 0.18457 0.000460386
11 0.313965 0.160156 0.129883 0.0976562 0.000491619
5 0.804688 0.554199 0.160156 0.165039 0.000496864
6 0.260742 0.445801 0.320312 0.473633 0.000497341
13 0.378906 0.250488 0.0683594 0.0947266 0.000504494
13 0.578125 0.334961 0.113281 0.119141 0.000531197
1 0.577148 0.333984 0.113281 0.117188 0.00053215
9 0.983398 0.467285 0.0332031 0.0712891 0.000543118
11 0.749023 0.169922 0.0820312 0.0585938 0.000545025
9 0.382324 0.128418 0.0849609 0.0244141 0.00055027
0 0.0493164 0.407715 0.0986328 0.219727 0.000579834
6 0.824707 0.587402 0.172852 0.288086 0.000602722
11 0.577148 0.333984 0.113281 0.117188 0.000612259
2 0.640625 0.435059 0.0195312 0.0166016 0.000637531
5 0.765625 0.633301 0.261719 0.229492 0.000647545
5 0.578125 0.334961 0.113281 0.119141 0.000658512
13 0.379883 0.128906 0.0527344 0.0195312 0.000666142
11 0.615723 0.151855 0.104492 0.0458984 0.000672817
6 0.788574 0.500977 0.239258 0.462891 0.000724792
8 0.876465 0.606445 0.0126953 0.00976562 0.000727177
2 0.577148 0.333984 0.113281 0.117188 0.000750065
9 0.03125 0.417969 0.0625 0.193359 0.000771046
11 0.661621 0.132324 0.0712891 0.0205078 0.000796795
8 0.577148 0.333984 0.113281 0.117188 0.000804424
0 0.977539 0.465332 0.0449219 0.0888672 0.000847816
3 0.802734 0.555176 0.208984 0.348633 0.000929832
13 0.376465 0.333008 0.0908203 0.142578 0.000963688
11 0.679199 0.13916 0.0986328 0.0224609 0.00103855
11 0.589844 0.145508 0.0742188 0.0644531 0.00105476
13 0.336426 0.319824 0.155273 0.176758 0.00111198
5 0.219727 0.615723 0.214844 0.206055 0.00113392
9 0.588379 0.646973 0.395508 0.155273 0.00121117
2 0.983398 0.467285 0.0332031 0.0712891 0.0012455
10 0.577148 0.333984 0.113281 0.117188 0.00125408
9 0.577148 0.333984 0.113281 0.117188 0.00198555
5 0.837891 0.644043 0.150391 0.213867 0.00198555
9 0.78125 0.474609 0.259766 0.539062 0.00200653
11 0.379883 0.124512 0.0507812 0.0205078 0.00203514
2 0.641113 0.433105 0.0283203 0.0263672 0.00206184
0 0.592773 0.315918 0.0761719 0.0751953 0.00213242
9 0.241211 0.541992 0.191406 0.253906 0.00218391
9 0.260742 0.445801 0.320312 0.473633 0.00219536
3 0.577148 0.333984 0.113281 0.117188 0.00224686
11 0.37793 0.132324 0.113281 0.0458984 0.00253677
0 0.552734 0.351074 0.195312 0.15918 0.00320053
11 0.682129 0.14502 0.129883 0.0419922 0.00337029
11 0.283691 0.169922 0.0732422 0.0566406 0.00362015
9 0.821777 0.56543 0.172852 0.306641 0.00392532
11 0.378906 0.134277 0.0625 0.0185547 0.00401306
10 0.0805664 0.772949 0.0439453 0.0595703 0.00424194
3 0.574219 0.958008 0.466797 0.0839844 0.00443649
0 0.0292969 0.446777 0.0585938 0.139648 0.00454712
11 0.0805664 0.772949 0.0439453 0.0595703 0.00461578
11 0.405762 0.125 0.0888672 0.0195312 0.00480652
11 0.609375 0.133301 0.103516 0.0458984 0.00499725
11 0.726074 0.158203 0.0888672 0.0546875 0.00533676
11 0.304688 0.15918 0.0898438 0.0625 0.00681686
11 0.34375 0.144531 0.132812 0.0527344 0.0102158
11 0.649414 0.133789 0.140625 0.0273438 0.0189362
5 0.784668 0.474121 0.25293 0.524414 0.0269012
5 0.263184 0.449219 0.303711 0.457031 0.0321045
11 0.358887 0.134766 0.0927734 0.0253906 0.0343628
5 0.241211 0.541992 0.191406 0.253906 0.0372314
11 0.619629 0.125977 0.0908203 0.0234375 0.0567017
11 0.375977 0.128418 0.0839844 0.0224609 0.0687256
5 0.820801 0.561523 0.163086 0.314453 0.0734253
3 0.589355 0.652344 0.401367 0.150391 0.0804443
0 0.577148 0.333496 0.115234 0.114258 0.429688
