8 0.601074 0.60791 0.0888672 0.0595703 0.000128388
7 0.63916 0.619141 0.180664 0.130859 0.000128627
10 0.656738 0.555664 0.0634766 0.0507812 0.000129819
9 0.464844 0.600586 0.115234 0.140625 0.000130057
9 0.70752 0.549805 0.0185547 0.0214844 0.000130177
7 0.696777 0.54541 0.0419922 0.0361328 0.000131249
6 0.605469 0.479492 0.0859375 0.0742188 0.000132442
4 0.263672 0.638184 0.0761719 0.0458984 0.000132799
13 0.662598 0.600098 0.104492 0.135742 0.00013411
8 0.532227 0.541992 0.0253906 0.0195312 0.000134349
8 0.595703 0.576172 0.0234375 0.0234375 0.000134826
9 0.469727 0.44043 0.296875 0.572266 0.000135064
9 0.492188 0.678711 0.121094 0.132812 0.000136018
0 0.433105 0.399902 0.141602 0.334961 0.000136495
9 0.48584 0.799805 0.268555 0.400391 0.000138521
9 0.262207 0.378906 0.172852 0.175781 0.000138998
7 0.21582 0.685059 0.0507812 0.0595703 0.000139952
3 0.181152 0.0444336 0.362305 0.0888672 0.000141501
8 0.251953 0.657227 0.0507812 0.0625 0.000142217
4 0.605957 0.480469 0.0830078 0.0742188 0.000142455
12 0.527832 0.643555 0.338867 0.314453 0.000142932
9 0.802734 0.797852 0.394531 0.365234 0.00014329
5 0.663086 0.578613 0.191406 0.194336 0.00014329
3 0.135254 0.108398 0.270508 0.216797 0.000144362
11 0.655762 0.556641 0.0654297 0.0507812 0.00014627
2 0.384766 0.486816 0.0371094 0.0576172 0.000146627
8 0.610352 0.496094 0.0742188 0.0585938 0.000146627
9 0.618652 0.641602 0.0419922 0.0351562 0.000148296
8 0.704102 0.54541 0.0273438 0.0283203 0.000149369
13 0.605957 0.480469 0.0830078 0.0742188 0.000149965
12 0.48584 0.741699 0.209961 0.413086 0.00015223
8 0.214355 0.432617 0.0283203 0.0214844 0.000152707
7 0.599609 0.612793 0.0429688 0.0322266 0.000153184
13 0.551758 0.33252 0.0410156 0.0966797 0.000153422
9 0.566895 0.48291 0.165039 0.219727 0.000155568
11 0.529297 0.208496 0.078125 0.0478516 0.000155568
13 0.57959 0.363281 0.131836 0.158203 0.000155926
8 0.472168 0.725586 0.196289 0.460938 0.000156879
7 0.188965 0.131348 0.37793 0.262695 0.000156879
11 0.594238 0.179688 0.116211 0.0566406 0.000157237
1 0.445312 0.555664 0.166016 0.541016 0.000159144
3 0.496582 0.77832 0.208008 0.378906 0.000159264
7 0.649902 0.62207 0.0712891 0.0527344 0.000160336
11 0.463379 0.605469 0.19043 0.404297 0.000161529
8 0.39209 0.327148 0.0244141 0.0273438 0.000161767
0 0.322754 0.891602 0.604492 0.216797 0.000162482
3 0.836914 0.545898 0.326172 0.296875 0.000162482
4 0.242188 0.648438 0.078125 0.0703125 0.000162482
9 0.495605 0.638184 0.25293 0.157227 0.000164151
13 0.613281 0.604492 0.160156 0.126953 0.000164628
9 0.366211 0.59375 0.308594 0.365234 0.00016582
9 0.296387 0.0483398 0.532227 0.0966797 0.000167966
7 0.675293 0.580078 0.0693359 0.0625 0.000169396
13 0.209473 0.670898 0.0810547 0.0703125 0.000169992
12 0.414551 0.123047 0.149414 0.246094 0.000170588
10 0.743164 0.710938 0.0351562 0.0820312 0.00017333
10 0.52002 0.632324 0.295898 0.37207 0.000174522
11 0.291016 0.220703 0.107422 0.0664062 0.000175118
0 0.79541 0.994629 0.0498047 0.0107422 0.000178814
9 0.556641 0.668945 0.265625 0.111328 0.000179172
13 0.612305 0.634277 0.0371094 0.0400391 0.000182033
7 0.595215 0.493164 0.0439453 0.03125 0.000182271
9 0.593262 0.632812 0.350586 0.234375 0.000183225
11 0.342773 0.205566 0.0507812 0.0185547 0.000184894
11 0.157227 0.808105 0.0332031 0.0537109 0.000187516
8 0.299316 0.381348 0.0302734 0.0244141 0.000188231
2 0.487793 0.75 0.170898 0.371094 0.000189543
8 0.32959 0.617676 0.0283203 0.0302734 0.000190616
8 0.680176 0.584961 0.0419922 0.0332031 0.000191808
10 0.748047 0.729492 0.0273438 0.0488281 0.000194073
8 0.538574 0.542969 0.0380859 0.03125 0.000199437
7 0.414551 0.0844727 0.149414 0.166992 0.000199914
7 0.424316 0.51123 0.118164 0.331055 0.000204802
11 0.522461 0.172363 0.0605469 0.0302734 0.000206113
7 0.211426 0.697754 0.0380859 0.0361328 0.000206828
8 0.222656 0.37207 0.015625 0.0136719 0.00020802
0 0.414551 0.0844727 0.149414 0.166992 0.000208616
7 0.59375 0.652832 0.322266 0.151367 0.000209928
9 0.629395 0.657715 0.0654297 0.0458984 0.000211477
12 0.387695 0.552734 0.189453 0.435547 0.000212789
9 0.425781 0.665039 0.152344 0.236328 0.000213265
13 0.631348 0.494141 0.155273 0.234375 0.000214815
7 0.690918 0.555664 0.0615234 0.0546875 0.000214934
11 0.504883 0.203613 0.0625 0.0771484 0.000217438
8 0.324707 0.438965 0.0107422 0.0107422 0.000217438
2 0.655762 0.556641 0.0654297 0.0507812 0.000227094
9 0.506348 0.580566 0.157227 0.22168 0.000228405
11 0.338867 0.213379 0.103516 0.0400391 0.000228405
12 0.666016 0.560547 0.0917969 0.0742188 0.000228643
7 0.254883 0.524414 0.228516 0.451172 0.000229359
7 0.633301 0.468262 0.15918 0.344727 0.000229597
9 0.64209 0.662109 0.0263672 0.0175781 0.000230312
7 0.262207 0.378906 0.172852 0.175781 0.000233293
0 0.477051 0.700195 0.217773 0.447266 0.000233293
13 0.414551 0.123047 0.149414 0.246094 0.000234723
5 0.472656 0.698242 0.201172 0.460938 0.000235438
3 0.831055 0.751465 0.337891 0.438477 0.000239253
9 0.614258 0.438477 0.199219 0.373047 0.000240207
8 0.400391 0.0107422 0.0332031 0.0195312 0.000242949
7 0.244629 0.65332 0.108398 0.128906 0.000243068
11 0.325195 0.203125 0.0683594 0.0136719 0.000243425
6 0.649414 0.601074 0.103516 0.125977 0.000246286
8 0.29248 0.641602 0.0654297 0.0644531 0.000246525
8 0.541504 0.449219 0.00878906 0.0078125 0.000247717
9 0.604492 0.681641 0.119141 0.0507812 0.000251293
13 0.599121 0.621582 0.0595703 0.0595703 0.000252485
5 0.239258 0.413086 0.138672 0.203125 0.000255346
9 0.437988 0.387207 0.147461 0.456055 0.000261068
5 0.656738 0.556152 0.0498047 0.0439453 0.00026226
7 0.578613 0.541992 0.30957 0.328125 0.000263929
7 0.646973 0.537109 0.0751953 0.101562 0.000263929
10 0.609863 0.0117188 0.0380859 0.0234375 0.000267029
11 0.748047 0.730469 0.0273438 0.0488281 0.000268698
0 0.597168 0.551758 0.233398 0.224609 0.00027132
9 0.605957 0.480469 0.0830078 0.0742188 0.000276089
1 0.656738 0.556641 0.0576172 0.0488281 0.000281572
3 0.652832 0.55127 0.12207 0.168945 0.000282526
13 0.212402 0.692383 0.0439453 0.0410156 0.000289917
9 0.422852 0.501465 0.107422 0.133789 0.000292778
8 0.588867 0.470215 0.0410156 0.0341797 0.000300407
12 0.246094 0.640625 0.0429688 0.0351562 0.000309944
13 0.685547 0.546387 0.0683594 0.0400391 0.000310898
9 0.510254 0.581055 0.0302734 0.0253906 0.000312328
11 0.63916 0.66748 0.0439453 0.0283203 0.000315905
12 0.652832 0.55127 0.12207 0.168945 0.000316381
9 0.611328 0.48291 0.132812 0.163086 0.000317574
9 0.21582 0.685059 0.0507812 0.0595703 0.000317574
8 0.647461 0.561035 0.0859375 0.102539 0.000321865
2 0.437988 0.519043 0.139648 0.397461 0.00032258
8 0.314453 0.57959 0.0253906 0.0263672 0.000323772
13 0.239258 0.660645 0.0761719 0.0908203 0.000324011
5 0.596191 0.577148 0.223633 0.230469 0.000324249
12 0.255859 0.522461 0.232422 0.455078 0.000324965
6 0.631348 0.494141 0.155273 0.234375 0.000329971
6 0.675781 0.540527 0.0839844 0.0517578 0.000330687
7 0.473145 0.720703 0.200195 0.458984 0.000332594
13 0.575684 0.324219 0.0908203 0.0878906 0.000337124
13 0.646973 0.537109 0.0751953 0.101562 0.000340462
10 0.665039 0.560547 0.09375 0.078125 0.000343323
8 0.237305 0.644043 0.0683594 0.0478516 0.000356913
10 0.445312 0.555664 0.166016 0.541016 0.000361204
6 0.803223 0.817383 0.393555 0.365234 0.00036788
9 0.585449 0.777344 0.387695 0.271484 0.000369072
10 0.808594 0.837891 0.382812 0.324219 0.000369072
3 0.491699 0.605469 0.291992 0.615234 0.000371456
7 0.803223 0.817383 0.393555 0.365234 0.000374556
2 0.665039 0.560547 0.09375 0.078125 0.00037694
8 0.244629 0.65332 0.108398 0.128906 0.000385284
9 0.263184 0.643066 0.0751953 0.0439453 0.000397921
11 0.609863 0.0117188 0.0380859 0.0234375 0.000400305
13 0.803223 0.817383 0.393555 0.365234 0.000406504
9 0.388672 0.512207 0.175781 0.469727 0.000409365
6 0.661621 0.531738 0.0751953 0.0947266 0.000412464
11 0.557617 0.178711 0.134766 0.0371094 0.000412941
8 0.594727 0.494629 0.117188 0.118164 0.00041604
13 0.22998 0.444824 0.0693359 0.0205078 0.000424147
3 0.604004 0.550293 0.213867 0.209961 0.000426531
11 0.414551 0.123047 0.149414 0.246094 0.000434399
9 0.637695 0.659668 0.0410156 0.0283203 0.000437021
9 0.439453 0.56543 0.115234 0.125 0.000437498
8 0.318848 0.537109 0.0380859 0.0351562 0.00043869
8 0.445312 0.555664 0.166016 0.541016 0.000446081
3 0.814941 0.0864258 0.370117 0.172852 0.000456572
13 0.271484 0.621582 0.101562 0.0869141 0.000459909
12 0.172852 0.142578 0.345703 0.285156 0.000464439
13 0.639648 0.660156 0.0273438 0.0195312 0.000472307
2 0.255859 0.634277 0.078125 0.0595703 0.000501156
9 0.291992 0.104004 0.570312 0.208008 0.000505447
12 0.597168 0.551758 0.233398 0.224609 0.000517368
8 0.416016 0.0756836 0.158203 0.149414 0.000519276
2 0.597168 0.551758 0.233398 0.224609 0.000525475
0 0.796875 0.979004 0.0527344 0.0322266 0.000525951
0 0.441406 0.54834 0.167969 0.553711 0.00053215
9 0.472656 0.669922 0.103516 0.236328 0.000535488
13 0.677734 0.53418 0.0605469 0.0273438 0.000543118
3 0.44043 0.533203 0.166016 0.523438 0.000567436
11 0.369141 0.220215 0.0527344 0.0400391 0.00056839
11 0.743164 0.710938 0.0351562 0.0820312 0.000586987
9 0.636719 0.671875 0.121094 0.0390625 0.000603199
12 0.448242 0.59375 0.175781 0.521484 0.000603676
13 0.221191 0.649902 0.100586 0.0517578 0.000604153
7 0.267578 0.618164 0.146484 0.175781 0.000626564
11 0.665039 0.560547 0.09375 0.078125 0.000627995
2 0.464355 0.625 0.19043 0.386719 0.000653744
10 0.246582 0.63916 0.0419922 0.0341797 0.000667572
4 0.803223 0.817383 0.393555 0.365234 0.000669479
11 0.357422 0.210938 0.046875 0.0273438 0.000682354
5 0.255371 0.507324 0.209961 0.432617 0.000702858
5 0.246094 0.640625 0.0429688 0.0351562 0.00070858
5 0.445312 0.555664 0.166016 0.541016 0.000714302
2 0.652832 0.55127 0.12207 0.168945 0.000720978
9 0.419434 0.177734 0.155273 0.355469 0.000721455
9 0.211426 0.697754 0.0380859 0.0361328 0.000741482
8 0.210449 0.69873 0.0361328 0.0322266 0.000745773
9 0.656738 0.556641 0.0576172 0.0488281 0.00074625
12 0.803223 0.817383 0.393555 0.365234 0.000764847
7 0.445312 0.555664 0.166016 0.541016 0.000769615
2 0.803223 0.817383 0.393555 0.365234 0.000784874
11 0.803223 0.817383 0.393555 0.365234 0.000790596
8 0.803223 0.817383 0.393555 0.365234 0.000790596
3 0.280273 0.0888672 0.560547 0.177734 0.000791073
1 0.803223 0.817383 0.393555 0.365234 0.000813007
3 0.185059 0.131348 0.370117 0.262695 0.000823498
8 0.296875 0.525879 0.0136719 0.0126953 0.000825405
11 0.632324 0.654785 0.0400391 0.0322266 0.000849247
5 0.854492 0.791992 0.291016 0.416016 0.000849247
0 0.808594 0.837891 0.382812 0.324219 0.000874043
10 0.742676 0.716309 0.0263672 0.0458984 0.000887394
9 0.500977 0.589844 0.257812 0.339844 0.000916481
7 0.652832 0.601074 0.0986328 0.135742 0.000921249
11 0.603027 0.174316 0.0751953 0.0361328 0.000972748
1 0.245605 0.63916 0.0419922 0.0341797 0.000985146
13 0.557129 0.358398 0.0615234 0.117188 0.000987053
0 0.246094 0.640625 0.0429688 0.0351562 0.000994682
2 0.416992 0.0722656 0.15625 0.144531 0.00100613
8 0.230469 0.67041 0.0761719 0.0810547 0.00104046
11 0.604004 0.550293 0.213867 0.209961 0.00104427
13 0.611816 0.63623 0.0634766 0.0576172 0.00104618
9 0.254883 0.524414 0.228516 0.451172 0.00104904
11 0.273926 0.220215 0.0712891 0.0439453 0.00107956
10 0.652832 0.55127 0.12207 0.168945 0.00108433
3 0.460449 0.680176 0.192383 0.415039 0.00108719
3 0.246094 0.63916 0.0429688 0.0341797 0.00112915
9 0.263672 0.634766 0.148438 0.15625 0.00113392
13 0.263184 0.63916 0.0791016 0.0439453 0.00113964
13 0.630859 0.653809 0.0449219 0.0322266 0.00118256
10 0.597168 0.551758 0.233398 0.224609 0.00119114
11 0.518555 0.186523 0.078125 0.0527344 0.00122833
9 0.628418 0.683594 0.241211 0.0664062 0.00126743
13 0.200195 0.65332 0.0644531 0.0292969 0.00127506
7 0.61377 0.483398 0.131836 0.167969 0.00128841
8 0.510254 0.581055 0.0302734 0.0253906 0.00135422
7 0.669434 0.539551 0.0732422 0.0673828 0.00135422
11 0.742676 0.716309 0.0263672 0.0458984 0.00136089
11 0.24707 0.639648 0.0449219 0.0371094 0.0014019
7 0.242188 0.648438 0.078125 0.0703125 0.00142765
7 0.230469 0.67041 0.0761719 0.0810547 0.00146294
11 0.562988 0.168457 0.114258 0.0224609 0.00147057
7 0.262695 0.638184 0.0761719 0.0458984 0.00149536
9 0.502441 0.831055 0.161133 0.337891 0.00152302
7 0.605957 0.480469 0.0830078 0.0742188 0.00153637
9 0.242188 0.648438 0.078125 0.0703125 0.00162792
11 0.652832 0.55127 0.12207 0.168945 0.00165176
8 0.601074 0.611816 0.0400391 0.0302734 0.00165844
1 0.604004 0.550293 0.213867 0.209961 0.00167084
8 0.597168 0.478027 0.0615234 0.0556641 0.00167179
1 0.665527 0.560547 0.0947266 0.078125 0.00175762
6 0.245605 0.639648 0.0419922 0.0351562 0.00229836
1 0.652832 0.55127 0.12207 0.168945 0.00235176
8 0.591797 0.492188 0.0410156 0.03125 0.00242043
5 0.666016 0.560547 0.0917969 0.0742188 0.00244141
9 0.22998 0.670898 0.0771484 0.0800781 0.00263214
13 0.62207 0.644043 0.0371094 0.0419922 0.00284004
4 0.656738 0.556641 0.0576172 0.0488281 0.00293732
13 0.669434 0.539551 0.0732422 0.0673828 0.00294304
11 0.624512 0.183594 0.0673828 0.0449219 0.00294304
8 0.653809 0.563965 0.12207 0.165039 0.00305939
8 0.604004 0.550293 0.213867 0.209961 0.00306702
9 0.472168 0.720703 0.161133 0.255859 0.00314713
7 0.271484 0.621582 0.101562 0.0869141 0.00347519
11 0.29248 0.210938 0.0751953 0.0332031 0.00369072
5 0.625488 0.510742 0.180664 0.248047 0.00374603
8 0.255859 0.634277 0.078125 0.0595703 0.00382423
9 0.587402 0.540039 0.256836 0.255859 0.00382996
9 0.530273 0.694824 0.320312 0.229492 0.00383759
9 0.268555 0.625977 0.0976562 0.0742188 0.00386238
9 0.59375 0.696289 0.384766 0.0996094 0.00471115
11 0.32373 0.206543 0.106445 0.0205078 0.00482559
4 0.246094 0.63916 0.0429688 0.0341797 0.00490189
9 0.647949 0.55957 0.129883 0.177734 0.00536728
9 0.666016 0.560547 0.0917969 0.0742188 0.00559998
11 0.64209 0.662109 0.0263672 0.0175781 0.00572968
13 0.603027 0.552246 0.217773 0.213867 0.00647736
6 0.652344 0.556152 0.0585938 0.0478516 0.0066452
8 0.656738 0.556152 0.0498047 0.0439453 0.00669479
9 0.41748 0.0712891 0.151367 0.142578 0.00759888
9 0.449219 0.597656 0.144531 0.248047 0.00807953
5 0.658203 0.555664 0.109375 0.146484 0.00812531
4 0.666016 0.560547 0.0917969 0.0742188 0.00896454
13 0.247559 0.640137 0.0439453 0.0361328 0.0091095
4 0.604004 0.550293 0.213867 0.209961 0.0098114
13 0.655762 0.556641 0.0654297 0.0507812 0.00999451
8 0.670898 0.561035 0.0859375 0.0712891 0.0102921
4 0.653809 0.563965 0.12207 0.165039 0.0108414
7 0.656738 0.555664 0.0634766 0.0507812 0.0189972
13 0.652832 0.55127 0.12207 0.168945 0.0222168
9 0.424316 0.510742 0.118164 0.333984 0.0241547
2 0.24707 0.639648 0.0449219 0.0371094 0.024704
7 0.246094 0.640137 0.0410156 0.0341797 0.024704
6 0.610352 0.558594 0.205078 0.203125 0.0274353
9 0.246582 0.63916 0.0419922 0.0341797 0.0335693
13 0.665527 0.560547 0.0947266 0.078125 0.0404968
6 0.666016 0.560547 0.0917969 0.0742188 0.0548706
7 0.604004 0.550293 0.213867 0.209961 0.0630493
7 0.665527 0.560547 0.0947266 0.078125 0.0838013
7 0.652832 0.55127 0.12207 0.168945 0.090332
6 0.657227 0.555176 0.111328 0.145508 0.0914917
9 0.473145 0.720703 0.200195 0.458984 0.111633
9 0.445312 0.555664 0.166016 0.541016 0.245117
8 0.246094 0.640625 0.0410156 0.0351562 0.384766
