11 0.255859 0.175781 0.0703125 0.0214844 0.000100791
9 0.929688 0.258789 0.140625 0.205078 0.000105381
5 0.212891 0.358887 0.185547 0.180664 0.000105679
5 0.184082 0.562012 0.21582 0.25293 0.000109076
11 0.510742 0.205566 0.0371094 0.0439453 0.000114858
13 0.570312 0.257324 0.078125 0.0634766 0.00011605
9 0.307617 0.170898 0.0957031 0.0292969 0.000120103
0 0.0556641 0.88623 0.111328 0.227539 0.000123858
8 0.505371 0.205078 0.0224609 0.0390625 0.00012517
7 0.890137 0.875 0.219727 0.25 0.000129223
7 0.307617 0.170898 0.0957031 0.0292969 0.000129938
8 0.63916 0.326172 0.0419922 0.0371094 0.000131845
3 0.535156 0.67334 0.435547 0.133789 0.000136852
2 0.591309 0.256348 0.0517578 0.0439453 0.000137687
3 0.999023 0.654297 0.00195312 0.148438 0.000139475
13 0.295898 0.362305 0.0917969 0.107422 0.000145435
6 0.739258 0.504395 0.201172 0.393555 0.000145674
11 0.0976562 0.775391 0.0957031 0.0507812 0.00014782
5 0.890137 0.875 0.219727 0.25 0.000148177
0 0.533691 0.351562 0.0966797 0.166016 0.000151753
11 0.557129 0.166504 0.0966797 0.0224609 0.00015986
2 0.605469 0.253906 0.0253906 0.0273438 0.000168681
11 0.499512 0.177734 0.0673828 0.0488281 0.000169754
11 0.41748 0.0244141 0.348633 0.046875 0.000170708
13 0.219727 0.347168 0.0722656 0.0556641 0.000175476
13 0.254395 0.362793 0.172852 0.174805 0.000176668
11 0.0600586 0.755371 0.0361328 0.0498047 0.000178456
11 0.299316 0.152832 0.0771484 0.0185547 0.000188112
6 0.151855 0.647949 0.192383 0.192383 0.000190258
6 0.767578 0.608398 0.142578 0.199219 0.000192165
9 0.630371 0.48877 0.170898 0.307617 0.000196099
13 0.930176 0.163086 0.0712891 0.0371094 0.000198245
9 0.925781 0.6875 0.0566406 0.0507812 0.000202537
9 0.4375 0.34668 0.199219 0.169922 0.000202656
9 0.59375 0.449219 0.078125 0.123047 0.000203729
9 0.9375 0.163574 0.0820312 0.0458984 0.000207543
0 0.508301 0.317871 0.0615234 0.0830078 0.000210881
10 0.890137 0.875 0.219727 0.25 0.000210881
5 0.707031 0.498535 0.285156 0.428711 0.0002141
9 0.588867 0.242676 0.0585938 0.0810547 0.000215054
13 0.507324 0.206055 0.0263672 0.0449219 0.000218868
5 0.185059 0.419434 0.217773 0.262695 0.000221491
11 0.270996 0.171387 0.0712891 0.0185547 0.000223279
11 0.540039 0.150879 0.0898438 0.0244141 0.000232339
5 0.777344 0.625488 0.130859 0.176758 0.000243425
0 0.534668 0.311035 0.0751953 0.0966797 0.000251293
0 0.505859 0.38623 0.148438 0.235352 0.000252962
8 0.931152 0.162109 0.0712891 0.0390625 0.000255823
10 0.0595703 0.758301 0.0371094 0.0419922 0.000257254
2 0.505371 0.205078 0.0224609 0.0390625 0.000260353
9 0.605469 0.254395 0.0234375 0.0263672 0.000268459
2 0.931152 0.162109 0.0712891 0.0390625 0.000270128
6 0.890137 0.875 0.219727 0.25 0.000271559
13 0.890137 0.875 0.219727 0.25 0.000273466
13 0.605469 0.253906 0.0253906 0.0273438 0.000277281
11 0.519043 0.160645 0.114258 0.0400391 0.000303268
11 0.60791 0.181641 0.131836 0.0410156 0.00030899
9 0.438965 0.453613 0.194336 0.411133 0.000323057
3 0.857422 0.798828 0.285156 0.318359 0.000326872
4 0.890137 0.875 0.219727 0.25 0.00033617
11 0.303711 0.174316 0.117188 0.0576172 0.000356436
6 0.505859 0.324707 0.125 0.120117 0.000362873
8 0.147461 0.675293 0.0292969 0.0283203 0.00036788
11 0.86084 0.828125 0.27832 0.34375 0.000374079
1 0.871582 0.84375 0.256836 0.294922 0.000378609
13 0.583984 0.250977 0.0703125 0.105469 0.000385046
13 0.583984 0.320312 0.0683594 0.142578 0.000390053
9 0.401367 0.145996 0.03125 0.0322266 0.000392437
11 0.648926 0.193848 0.0712891 0.0498047 0.000405312
8 0.871582 0.84375 0.256836 0.294922 0.000408649
11 0.0761719 0.781738 0.0488281 0.0537109 0.000413656
9 0.770996 0.620117 0.135742 0.177734 0.000415325
9 0.158203 0.634766 0.197266 0.21875 0.000442266
12 0.871582 0.84375 0.256836 0.294922 0.000444412
11 0.216309 0.191406 0.106445 0.0351562 0.000444651
10 0.0820312 0.765137 0.0820312 0.0771484 0.000449896
7 0.535645 0.621094 0.428711 0.164062 0.000462055
4 0.505859 0.324707 0.125 0.120117 0.000464201
2 0.871582 0.84375 0.256836 0.294922 0.000490189
11 0.0766602 0.76709 0.0810547 0.0771484 0.000492096
8 0.314941 0.221191 0.0244141 0.0244141 0.000497341
6 0.535645 0.621094 0.428711 0.164062 0.000511169
4 0.535645 0.621094 0.428711 0.164062 0.000523567
1 0.535645 0.621094 0.428711 0.164062 0.00053978
8 0.535645 0.621094 0.428711 0.164062 0.000542164
11 0.533691 0.619629 0.420898 0.139648 0.000543118
7 0.505859 0.324707 0.125 0.120117 0.00054884
13 0.591309 0.256348 0.0517578 0.0439453 0.000585079
8 0.803711 0.68457 0.03125 0.0253906 0.000586987
12 0.504883 0.322754 0.126953 0.116211 0.000599861
2 0.534668 0.617188 0.426758 0.162109 0.000600338
12 0.535645 0.621094 0.428711 0.164062 0.000621319
13 0.535645 0.621094 0.428711 0.164062 0.000631332
13 0.505859 0.324707 0.125 0.120117 0.000656605
11 0.531738 0.172363 0.108398 0.0361328 0.000666618
5 0.506348 0.328613 0.124023 0.125977 0.000695229
9 0.202637 0.491211 0.301758 0.496094 0.000717163
11 0.260742 0.18457 0.138672 0.0273438 0.00073576
7 0.14209 0.654297 0.166992 0.1875 0.000757694
1 0.505859 0.324707 0.125 0.120117 0.000761509
11 0.490723 0.148926 0.0615234 0.0302734 0.000764847
0 0.871582 0.84375 0.256836 0.294922 0.000766754
11 0.505859 0.324707 0.125 0.120117 0.000833511
5 0.754395 0.541992 0.168945 0.324219 0.000833988
5 0.535645 0.621094 0.428711 0.164062 0.000902176
8 0.505859 0.324707 0.125 0.120117 0.000947952
8 0.606934 0.254395 0.0224609 0.0244141 0.00102139
2 0.504883 0.322754 0.126953 0.116211 0.00103092
9 0.507324 0.206055 0.0263672 0.0449219 0.00105
11 0.280273 0.166016 0.105469 0.0273438 0.00111008
10 0.534668 0.617188 0.426758 0.162109 0.00116158
8 0.13623 0.420898 0.0244141 0.0214844 0.001297
9 0.712891 0.484863 0.263672 0.442383 0.0013485
0 0.4375 0.34668 0.199219 0.169922 0.00144863
0 0.533203 0.618652 0.421875 0.139648 0.0014782
9 0.534668 0.620117 0.426758 0.142578 0.00155926
7 0.739258 0.504395 0.201172 0.393555 0.0015831
7 0.770996 0.620117 0.135742 0.177734 0.00159931
10 0.505859 0.324707 0.125 0.120117 0.00195503
5 0.158203 0.634766 0.197266 0.21875 0.00206184
11 0.306641 0.160156 0.0898438 0.0273438 0.00237465
11 0.574219 0.173828 0.138672 0.03125 0.00250244
9 0.505859 0.324707 0.125 0.120117 0.00250816
11 0.277344 0.175781 0.140625 0.0292969 0.0025425
3 0.504883 0.322754 0.126953 0.116211 0.00322533
11 0.321289 0.178711 0.0898438 0.0292969 0.00468063
5 0.191895 0.499023 0.272461 0.472656 0.00569534
10 0.0708008 0.768555 0.0478516 0.0488281 0.0119781
11 0.0683594 0.76709 0.046875 0.0517578 0.0140686
11 0.307617 0.170898 0.0957031 0.0292969 0.0246124
3 0.533203 0.621094 0.423828 0.136719 0.530762
0 0.505371 0.32373 0.125977 0.118164 0.574707
