10 0.974609 0.802734 0.0410156 0.0761719 0.000100911
2 0.22998 0.0380859 0.211914 0.0761719 0.000101089
3 0.737305 0.0864258 0.447266 0.172852 0.000101745
11 0.414062 0.214355 0.0898438 0.0654297 0.000102043
11 0.291504 0.216309 0.129883 0.0615234 0.00010246
9 0.777832 0.708984 0.0966797 0.0429688 0.000103116
11 0.830566 0.0556641 0.311523 0.111328 0.000104129
13 0.180176 0.483887 0.131836 0.0361328 0.000106275
11 0.633789 0.194824 0.0527344 0.0224609 0.000108242
11 0.629883 0.208008 0.0625 0.0332031 0.000109613
13 0.320801 0.66748 0.0126953 0.0107422 0.000111461
1 0.830566 0.0556641 0.311523 0.111328 0.000115573
4 0.830566 0.0556641 0.311523 0.111328 0.000118911
10 0.5625 0.395508 0.111328 0.109375 0.000120044
11 0.958496 0.770508 0.0595703 0.0566406 0.000120342
7 0.389648 0.677246 0.046875 0.0419922 0.000122666
8 0.891602 0.581055 0.0136719 0.0117188 0.000124693
13 0.35498 0.414551 0.112305 0.0986328 0.00012517
8 0.421875 0.358887 0.0527344 0.0517578 0.000125885
11 0.622559 0.226562 0.0732422 0.0605469 0.000126123
9 0.314941 0.0844727 0.473633 0.168945 0.000129223
9 0.989746 0.0151367 0.0205078 0.0302734 0.000129461
11 0.560547 0.39209 0.115234 0.100586 0.000130773
13 0.378418 0.397949 0.0751953 0.0908203 0.000132084
9 0.390625 0.678711 0.0449219 0.0410156 0.000132799
10 0.0327148 0.81543 0.0439453 0.078125 0.000142932
9 0.215332 0.569336 0.208008 0.228516 0.000144839
11 0.154297 0.493164 0.0976562 0.0273438 0.000146151
8 0.331055 0.665527 0.0332031 0.0224609 0.00014627
11 0.967773 0.801758 0.0566406 0.09375 0.000146866
11 0.678711 0.20459 0.150391 0.0302734 0.000147343
2 0.5625 0.386719 0.109375 0.0898438 0.000149488
13 0.663574 0.321777 0.0673828 0.0849609 0.000150323
3 0.590332 0.682617 0.37207 0.130859 0.000153303
3 0.858887 0.0712891 0.266602 0.142578 0.000154138
3 0.845703 0.117188 0.308594 0.234375 0.000154614
9 0.891602 0.739746 0.175781 0.0849609 0.000157714
0 0.186523 0.0498047 0.251953 0.0996094 0.00015831
6 0.830566 0.0556641 0.311523 0.111328 0.000168443
2 0.830566 0.0556641 0.311523 0.111328 0.000170112
9 0.769531 0.710938 0.185547 0.0585938 0.000171661
0 0.569336 0.374023 0.0800781 0.0644531 0.000173211
13 0.830566 0.0556641 0.311523 0.111328 0.000174284
0 0.652344 0.0566406 0.189453 0.113281 0.00017643
2 0.597656 0.364746 0.015625 0.0107422 0.000179768
11 0.432617 0.21582 0.0625 0.0449219 0.000180483
10 0.96875 0.773438 0.0546875 0.0878906 0.000182867
8 0.273438 0.541992 0.015625 0.0117188 0.000188112
11 0.976074 0.76416 0.0341797 0.0498047 0.000195742
11 0.0327148 0.81543 0.0439453 0.078125 0.000196218
9 0.154297 0.493164 0.0976562 0.0273438 0.000197649
5 0.215332 0.569336 0.208008 0.228516 0.000205278
11 0.697754 0.205078 0.157227 0.0585938 0.000205636
9 0.788086 0.509277 0.275391 0.411133 0.000217557
9 0.294434 0.0419922 0.364258 0.0839844 0.000220418
11 0.350098 0.186035 0.100586 0.0244141 0.000231862
10 0.982422 0.786621 0.0234375 0.0361328 0.000236034
8 0.886719 0.58252 0.0253906 0.0146484 0.000243425
8 0.747559 0.598633 0.0341797 0.0214844 0.000249386
9 0.320801 0.66748 0.0126953 0.0107422 0.000258923
5 0.86084 0.625977 0.149414 0.181641 0.000280857
11 0.591309 0.227051 0.0595703 0.0458984 0.000283957
0 0.538574 0.415039 0.151367 0.166016 0.000294924
0 0.248535 0.0366211 0.311523 0.0732422 0.000295401
9 0.95166 0.424316 0.0263672 0.0361328 0.000298738
11 0.371582 0.203125 0.114258 0.0253906 0.000302076
11 0.982422 0.786133 0.0253906 0.0371094 0.000324488
13 0.149414 0.490234 0.0625 0.015625 0.000330687
11 0.680176 0.187012 0.12207 0.0185547 0.000346899
9 0.262207 0.472168 0.358398 0.514648 0.000350714
3 0.560547 0.39209 0.115234 0.100586 0.000351906
11 0.387207 0.188965 0.0908203 0.0263672 0.000352859
11 0.0268555 0.824707 0.0283203 0.0341797 0.000359774
13 0.677246 0.368652 0.0751953 0.137695 0.00040102
9 0.5 0.666992 0.166016 0.261719 0.000412464
11 0.782227 0.217773 0.0664062 0.0507812 0.000427485
9 0.563477 0.402344 0.111328 0.123047 0.000445843
9 0.837402 0.55957 0.170898 0.279297 0.000458956
11 0.717285 0.198242 0.106445 0.0214844 0.00047946
11 0.652344 0.190918 0.0898438 0.0205078 0.000586987
11 0.388672 0.200684 0.113281 0.0517578 0.000590801
5 0.262207 0.472168 0.358398 0.514648 0.000605106
11 0.327148 0.205566 0.169922 0.0419922 0.000729561
2 0.320801 0.66748 0.0126953 0.0107422 0.000784397
11 0.64502 0.205566 0.114258 0.0595703 0.000794411
5 0.788086 0.509277 0.275391 0.411133 0.000871181
11 0.273926 0.206055 0.0654297 0.0410156 0.000884056
9 0.82666 0.739258 0.30957 0.107422 0.000921249
11 0.42041 0.20459 0.0712891 0.0322266 0.000967503
11 0.745605 0.201172 0.0751953 0.0351562 0.00100803
10 0.0292969 0.824219 0.0292969 0.0351562 0.00104332
10 0.974609 0.779297 0.046875 0.0488281 0.00106239
11 0.244141 0.225586 0.0820312 0.0683594 0.00107861
13 0.130859 0.492188 0.0566406 0.0214844 0.00110626
9 0.50293 0.323242 0.138672 0.285156 0.00117016
11 0.351074 0.195312 0.15332 0.0292969 0.00134945
11 0.97168 0.779785 0.046875 0.0498047 0.00138569
9 0.518555 0.405762 0.15625 0.241211 0.0015564
11 0.609863 0.212402 0.0712891 0.0439453 0.00220871
8 0.320801 0.66748 0.0126953 0.0107422 0.00230026
8 0.389648 0.677246 0.046875 0.0419922 0.0023098
13 0.164551 0.50293 0.120117 0.0507812 0.0028019
5 0.837402 0.55957 0.170898 0.279297 0.00371552
11 0.688477 0.194336 0.158203 0.0234375 0.00456619
11 0.765137 0.208496 0.0732422 0.0439453 0.00473785
10 0.0302734 0.813965 0.0390625 0.0400391 0.00502014
9 0.509277 0.510742 0.172852 0.501953 0.00640106
11 0.03125 0.814941 0.0371094 0.0419922 0.00690079
10 0.975098 0.778809 0.0283203 0.0341797 0.00782776
11 0.975098 0.778809 0.0283203 0.0341797 0.00894928
11 0.63623 0.198242 0.0908203 0.0332031 0.0109329
11 0.395996 0.197266 0.0908203 0.0273438 0.0115738
13 0.15625 0.492188 0.0996094 0.0253906 0.0210266
11 0.259277 0.213867 0.0595703 0.0390625 0.0229645
0 0.560547 0.39209 0.115234 0.100586 0.0826416
