4 0.163086 0.637695 0.208984 0.207031 0.00014627
13 0.632812 0.222656 0.107422 0.0878906 0.000146389
13 0.149414 0.780762 0.259766 0.198242 0.000146627
9 0.61084 0.130371 0.204102 0.0849609 0.000146747
13 0.789551 0.580078 0.176758 0.199219 0.000147343
8 0.204102 0.528809 0.0136719 0.0126953 0.000149012
11 0.678711 0.131836 0.146484 0.0957031 0.000149369
6 0.0820312 0.772949 0.115234 0.19043 0.000150323
7 0.793945 0.647949 0.263672 0.34082 0.000151396
10 0.908691 0.868652 0.0673828 0.102539 0.000151515
0 0.562988 0.310547 0.0751953 0.0585938 0.000152111
11 0.563965 0.118652 0.100586 0.0498047 0.000152946
2 0.677734 0.526367 0.015625 0.015625 0.000153065
2 0.09375 0.683594 0.142578 0.15625 0.000154138
8 0.812988 0.573242 0.0341797 0.0234375 0.000155091
6 0.17334 0.661621 0.209961 0.141602 0.00015533
13 0.624512 0.3125 0.206055 0.148438 0.000156641
5 0.739258 0.540039 0.212891 0.361328 0.000157118
9 0.258789 0.724121 0.253906 0.12793 0.000157475
7 0.555664 0.328125 0.101562 0.0839844 0.000158429
9 0.746094 0.112793 0.453125 0.213867 0.000158906
13 0.685059 0.414551 0.174805 0.137695 0.000159025
4 0.0795898 0.802734 0.110352 0.171875 0.000159621
13 0.340332 0.141602 0.137695 0.0703125 0.000162601
5 0.717773 0.417969 0.275391 0.216797 0.000164986
9 0.765137 0.40918 0.25293 0.396484 0.000165939
9 0.737793 0.867676 0.389648 0.200195 0.000167727
9 0.0507812 0.828125 0.101562 0.228516 0.000168681
13 0.598145 0.31543 0.116211 0.117188 0.000170112
2 0.308594 0.26123 0.185547 0.237305 0.000170469
9 0.112793 0.754395 0.225586 0.288086 0.000170588
12 0.779297 0.165527 0.441406 0.329102 0.000171185
13 0.543457 0.312988 0.0556641 0.0478516 0.000172138
2 0.632812 0.222656 0.107422 0.0878906 0.000174522
7 0.794922 0.815918 0.271484 0.143555 0.000174761
8 0.319824 0.246582 0.0498047 0.0380859 0.000175595
12 0.793945 0.647949 0.263672 0.34082 0.000176072
11 0.331543 0.122559 0.0712891 0.0224609 0.000178099
11 0.806152 0.821289 0.249023 0.148438 0.000178814
7 0.206055 0.60498 0.308594 0.338867 0.000181675
9 0.210938 0.223633 0.421875 0.294922 0.000183821
13 0.305176 0.249512 0.0673828 0.0517578 0.000187874
5 0.750488 0.333984 0.129883 0.138672 0.000189424
11 0.277344 0.147461 0.1875 0.0820312 0.0001899
9 0.0893555 0.699219 0.114258 0.144531 0.000191212
2 0.143555 0.67041 0.109375 0.118164 0.000193596
5 0.192383 0.568848 0.208984 0.149414 0.000195503
2 0.812988 0.573242 0.0341797 0.0234375 0.000195622
9 0.244629 0.321289 0.291992 0.326172 0.000197649
11 0.566406 0.345703 0.132812 0.162109 0.00020647
12 0.206055 0.60498 0.308594 0.338867 0.000209451
7 0.633301 0.21582 0.0947266 0.0839844 0.000209689
12 0.554688 0.328125 0.0996094 0.0878906 0.000209689
11 0.342773 0.108398 0.101562 0.0214844 0.000212073
5 0.205566 0.472168 0.303711 0.208008 0.000212431
8 0.566406 0.345703 0.132812 0.162109 0.000213265
5 0.311523 0.225586 0.199219 0.240234 0.000213623
10 0.936523 0.034668 0.126953 0.0693359 0.000213742
9 0.767578 0.046875 0.0800781 0.0722656 0.000215054
5 0.841309 0.728027 0.188477 0.21582 0.000216842
10 0.946289 0.0166016 0.103516 0.0332031 0.000216961
12 0.624023 0.128906 0.228516 0.0878906 0.000219464
2 0.584473 0.313965 0.0537109 0.0634766 0.000221014
9 0.862305 0.791504 0.166016 0.163086 0.00022161
12 0.820801 0.795898 0.245117 0.150391 0.000226736
10 0.199219 0.679688 0.300781 0.181641 0.000227094
7 0.754883 0.341309 0.146484 0.165039 0.000230432
11 0.635742 0.185547 0.277344 0.203125 0.00023067
1 0.554688 0.328125 0.0996094 0.0878906 0.000233889
5 0.663574 0.443848 0.297852 0.37207 0.000235558
11 0.0180664 0.0908203 0.0361328 0.121094 0.000235677
0 0.115234 0.786133 0.181641 0.212891 0.000239134
6 0.689453 0.314453 0.308594 0.263672 0.000242352
13 0.254395 0.318848 0.282227 0.321289 0.000243068
9 0.543457 0.312988 0.0556641 0.0478516 0.000244379
8 0.363281 0.240723 0.0175781 0.0126953 0.000248194
2 0.310059 0.454102 0.0126953 0.00976562 0.000253201
2 0.303223 0.255371 0.0751953 0.0634766 0.000257254
6 0.116211 0.731445 0.181641 0.242188 0.000259638
2 0.57959 0.342773 0.0400391 0.0429688 0.000260115
5 0.128418 0.358887 0.256836 0.641602 0.000262737
10 0.0478516 0.797852 0.0957031 0.158203 0.000263214
9 0.0678711 0.791992 0.0810547 0.140625 0.000263214
13 0.458008 0.976074 0.0351562 0.0439453 0.000263691
11 0.625488 0.0932617 0.225586 0.118164 0.000264168
10 0.217773 0.804199 0.378906 0.223633 0.00026536
13 0.0893555 0.710938 0.102539 0.132812 0.000273466
13 0.793945 0.647949 0.263672 0.34082 0.000274181
9 0.768555 0.219238 0.462891 0.438477 0.000276089
9 0.137207 0.669922 0.110352 0.115234 0.000277519
9 0.632812 0.222656 0.107422 0.0878906 0.000277996
2 0.553223 0.300781 0.0615234 0.0410156 0.000279665
9 0.773438 0.0483398 0.25 0.0869141 0.00028038
10 0.0742188 0.764648 0.0488281 0.0625 0.000283241
7 0.112305 0.686523 0.173828 0.185547 0.00028491
0 0.498535 0.288086 0.258789 0.185547 0.000286102
0 0.0830078 0.750977 0.101562 0.167969 0.00028944
11 0.611328 0.147949 0.203125 0.12207 0.0002985
5 0.755859 0.385742 0.123047 0.132812 0.000299215
6 0.754883 0.341309 0.146484 0.165039 0.000303268
13 0.206055 0.60498 0.308594 0.338867 0.000305891
3 0.168945 0.628418 0.244141 0.237305 0.000306368
11 0.0273438 0.109863 0.0546875 0.176758 0.000307322
9 0.787598 0.0585938 0.422852 0.117188 0.000308037
8 0.316406 0.274414 0.117188 0.128906 0.00030899
5 0.193359 0.469727 0.251953 0.453125 0.000311613
3 0.793945 0.647949 0.263672 0.34082 0.000314474
2 0.592285 0.342773 0.100586 0.103516 0.000317335
11 0.586914 0.106445 0.0859375 0.0234375 0.000322819
13 0.506348 0.333496 0.237305 0.118164 0.000324726
13 0.726074 0.283203 0.163086 0.138672 0.000326633
11 0.0488281 0.766602 0.0976562 0.158203 0.000327587
8 0.29541 0.479492 0.0166016 0.0136719 0.000331163
13 0.663574 0.443848 0.297852 0.37207 0.000333786
11 0.314941 0.127441 0.0693359 0.0263672 0.000337362
5 0.223633 0.399414 0.28125 0.195312 0.000343323
9 0.582031 0.490234 0.392578 0.683594 0.000347376
9 0.586426 0.425781 0.256836 0.439453 0.00034833
11 0.676758 0.124512 0.322266 0.118164 0.000351667
12 0.662598 0.213867 0.31543 0.269531 0.000351906
2 0.109375 0.649902 0.207031 0.249023 0.000351906
9 0.689453 0.314453 0.308594 0.263672 0.000360966
6 0.793945 0.647949 0.263672 0.34082 0.000361443
10 0.824219 0.823242 0.222656 0.146484 0.000365496
1 0.0727539 0.753906 0.0849609 0.154297 0.000366688
3 0.0678711 0.791992 0.0810547 0.140625 0.000367165
5 0.692383 0.274902 0.25 0.223633 0.000372171
5 0.123535 0.56543 0.231445 0.365234 0.000374556
9 0.10791 0.637207 0.208008 0.256836 0.000376225
11 0.321777 0.131836 0.155273 0.0703125 0.000381947
11 0.731934 0.477051 0.389648 0.71582 0.000384092
9 0.304199 0.24707 0.0673828 0.0527344 0.000384569
8 0.205566 0.696289 0.342773 0.246094 0.000389099
10 0.0771484 0.723633 0.0664062 0.0976562 0.000390768
13 0.322266 0.126465 0.130859 0.0341797 0.000393391
2 0.544922 0.294434 0.0390625 0.0244141 0.000398636
2 0.0830078 0.750977 0.101562 0.167969 0.000401735
4 0.731934 0.477051 0.389648 0.71582 0.000407457
8 0.0820312 0.772949 0.115234 0.19043 0.000407696
12 0.0844727 0.75293 0.118164 0.195312 0.000414133
7 0.0698242 0.792969 0.0791016 0.119141 0.000415802
7 0.202148 0.768555 0.314453 0.158203 0.000423193
11 0.367188 0.112793 0.078125 0.0244141 0.000426054
2 0.556641 0.291016 0.0449219 0.03125 0.000436544
9 0.755859 0.772949 0.375 0.157227 0.000439167
9 0.30957 0.272949 0.130859 0.131836 0.000443935
12 0.0986328 0.670898 0.150391 0.226562 0.000445127
5 0.151855 0.729492 0.250977 0.212891 0.000449419
9 0.741699 0.336914 0.155273 0.164062 0.000457048
10 0.0537109 0.730469 0.09375 0.169922 0.000463724
10 0.0917969 0.749512 0.0722656 0.0986328 0.000478029
0 0.0888672 0.703125 0.150391 0.236328 0.000481606
10 0.880371 0.0419922 0.239258 0.0839844 0.000487328
11 0.671875 0.126465 0.115234 0.0537109 0.000498772
10 0.214844 0.95459 0.339844 0.0869141 0.000498772
11 0.213867 0.444336 0.380859 0.658203 0.000512123
1 0.731934 0.477051 0.389648 0.71582 0.000524998
12 0.20166 0.779785 0.331055 0.182617 0.000525951
2 0.57959 0.349609 0.0244141 0.0234375 0.000527382
11 0.0678711 0.782227 0.0498047 0.0683594 0.000535965
2 0.564941 0.285645 0.0263672 0.0224609 0.000537872
4 0.213867 0.444336 0.380859 0.658203 0.000543594
13 0.197754 0.719238 0.334961 0.264648 0.000554562
8 0.731934 0.477051 0.389648 0.71582 0.000569344
5 0.768555 0.219238 0.462891 0.438477 0.000572205
10 0.074707 0.744629 0.149414 0.243164 0.000581264
2 0.731934 0.477051 0.389648 0.71582 0.000596523
1 0.0795898 0.802734 0.110352 0.171875 0.000596523
10 0.727539 0.455566 0.396484 0.723633 0.000607491
1 0.15918 0.650391 0.208984 0.181641 0.000612736
8 0.30957 0.45459 0.0136719 0.0126953 0.000620365
2 0.566406 0.345703 0.132812 0.162109 0.000621796
9 0.246094 0.81543 0.431641 0.246094 0.000622272
11 0.644531 0.114258 0.117188 0.0351562 0.000635624
13 0.337402 0.29834 0.102539 0.0947266 0.000641346
9 0.0654297 0.742188 0.105469 0.191406 0.00064373
9 0.32666 0.126465 0.129883 0.0380859 0.000650406
7 0.305176 0.249512 0.0673828 0.0517578 0.000676155
7 0.172363 0.661621 0.204102 0.139648 0.000684738
5 0.165039 0.636719 0.21875 0.201172 0.000691414
2 0.10791 0.76123 0.170898 0.223633 0.000692368
8 0.634766 0.220215 0.0976562 0.0888672 0.000697136
13 0.0820312 0.772949 0.115234 0.19043 0.000709057
1 0.213867 0.444336 0.380859 0.658203 0.000724316
9 0.302246 0.755859 0.391602 0.158203 0.00072813
0 0.731934 0.477051 0.389648 0.71582 0.00074482
8 0.213867 0.444336 0.380859 0.658203 0.000759602
2 0.213867 0.444336 0.380859 0.658203 0.000780582
3 0.16748 0.719238 0.280273 0.264648 0.00078249
9 0.566406 0.345703 0.132812 0.162109 0.000790596
5 0.210938 0.223633 0.421875 0.294922 0.00079155
12 0.164551 0.655273 0.235352 0.191406 0.000805378
10 0.213867 0.444336 0.380859 0.658203 0.0008111
11 0.607422 0.101562 0.109375 0.0214844 0.000832558
4 0.103027 0.745117 0.145508 0.205078 0.000840664
13 0.736816 0.295898 0.110352 0.0917969 0.000853539
9 0.476562 0.0444336 0.455078 0.0830078 0.000854492
2 0.30957 0.272949 0.130859 0.131836 0.00090313
8 0.677734 0.526367 0.015625 0.015625 0.000927925
0 0.234863 0.456055 0.370117 0.617188 0.000950813
5 0.793945 0.790039 0.277344 0.154297 0.000971317
5 0.779297 0.578613 0.1875 0.194336 0.000973225
4 0.171875 0.699707 0.277344 0.241211 0.000980377
10 0.114258 0.688965 0.166016 0.192383 0.000990868
13 0.649414 0.438477 0.0839844 0.0800781 0.00100803
3 0.0869141 0.758301 0.125 0.198242 0.00102806
13 0.111816 0.723633 0.180664 0.234375 0.00103283
6 0.175781 0.657227 0.269531 0.251953 0.0010376
5 0.23584 0.695312 0.391602 0.240234 0.0010643
0 0.164062 0.734375 0.265625 0.232422 0.00108147
7 0.727539 0.455566 0.396484 0.723633 0.00109196
13 0.308594 0.26123 0.185547 0.237305 0.00109959
10 0.0629883 0.812012 0.0693359 0.0986328 0.00112152
0 0.566406 0.345703 0.132812 0.162109 0.00113106
8 0.116211 0.731445 0.181641 0.242188 0.00113583
10 0.115723 0.833984 0.186523 0.199219 0.00113773
10 0.911621 0.874512 0.0478516 0.0595703 0.0011692
2 0.323242 0.126953 0.140625 0.0332031 0.00117493
7 0.0834961 0.752441 0.100586 0.161133 0.00117588
3 0.476562 0.0444336 0.455078 0.0830078 0.00119591
13 0.566406 0.344238 0.130859 0.157227 0.00125313
11 0.911133 0.874023 0.0488281 0.0644531 0.00125885
10 0.0644531 0.784668 0.0566406 0.0771484 0.00129223
7 0.213867 0.444336 0.380859 0.658203 0.00134468
0 0.480957 0.354492 0.235352 0.212891 0.00135231
11 0.625488 0.119141 0.188477 0.0546875 0.00136662
13 0.30957 0.272949 0.130859 0.131836 0.00138092
11 0.0795898 0.759277 0.0791016 0.102539 0.00138378
11 0.120605 0.79541 0.196289 0.202148 0.00139999
1 0.163574 0.71875 0.270508 0.246094 0.00140572
11 0.0786133 0.711914 0.0927734 0.134766 0.00144196
2 0.178223 0.705078 0.286133 0.230469 0.00144482
11 0.550293 0.140625 0.0771484 0.078125 0.00150108
9 0.793945 0.647949 0.263672 0.34082 0.00153923
9 0.206055 0.60498 0.308594 0.338867 0.00161362
5 0.765137 0.40918 0.25293 0.396484 0.00163937
9 0.326172 0.480957 0.238281 0.71582 0.00164413
11 0.0869141 0.821777 0.119141 0.12793 0.00165558
11 0.282227 0.131836 0.134766 0.0527344 0.0016613
0 0.537598 0.310547 0.0517578 0.0429688 0.00178051
13 0.731934 0.477051 0.389648 0.71582 0.00179577
0 0.146973 0.661133 0.217773 0.207031 0.00194454
9 0.482422 0.349121 0.230469 0.194336 0.0019989
2 0.539062 0.301758 0.0351562 0.0273438 0.00200272
11 0.342773 0.118164 0.126953 0.03125 0.00201797
11 0.555664 0.328125 0.101562 0.0839844 0.00213432
1 0.103027 0.745117 0.145508 0.205078 0.00214767
13 0.213867 0.444336 0.380859 0.658203 0.00216293
3 0.731934 0.477051 0.389648 0.71582 0.00218582
5 0.254395 0.318848 0.282227 0.321289 0.00218964
2 0.579102 0.339355 0.0527344 0.0751953 0.0022049
13 0.741699 0.336914 0.155273 0.164062 0.00226212
9 0.554688 0.328125 0.0996094 0.0878906 0.00231934
12 0.710449 0.445312 0.364258 0.689453 0.00266647
13 0.689453 0.314453 0.308594 0.263672 0.00276184
8 0.561523 0.328613 0.0957031 0.0908203 0.0028553
7 0.171875 0.699707 0.277344 0.241211 0.00291634
12 0.161621 0.722656 0.264648 0.197266 0.00298882
9 0.467773 0.459961 0.230469 0.59375 0.0030117
5 0.700684 0.319336 0.334961 0.375 0.00306892
9 0.794922 0.815918 0.271484 0.143555 0.00312042
9 0.102539 0.793457 0.162109 0.204102 0.00312996
3 0.213867 0.418457 0.388672 0.645508 0.00313759
8 0.15918 0.650391 0.208984 0.181641 0.00320625
12 0.213867 0.444336 0.380859 0.658203 0.00321579
7 0.10791 0.76123 0.170898 0.223633 0.00347519
9 0.23584 0.695312 0.391602 0.240234 0.00360298
9 0.117676 0.712891 0.172852 0.21875 0.00387573
11 0.583496 0.133301 0.129883 0.0830078 0.00397873
6 0.731934 0.477051 0.389648 0.71582 0.00402832
11 0.106445 0.708496 0.144531 0.186523 0.00468445
6 0.213867 0.444336 0.380859 0.658203 0.0047493
8 0.305176 0.249512 0.0673828 0.0517578 0.00494003
10 0.0791016 0.820801 0.111328 0.137695 0.00495148
11 0.601074 0.112305 0.129883 0.0332031 0.00510788
11 0.164551 0.655273 0.235352 0.191406 0.00527191
5 0.73584 0.358398 0.182617 0.21875 0.0062294
0 0.505859 0.328613 0.203125 0.112305 0.0064888
9 0.213867 0.444336 0.380859 0.658203 0.00679016
13 0.164551 0.655273 0.235352 0.191406 0.00688934
11 0.164062 0.742676 0.28125 0.231445 0.00708389
13 0.562012 0.328613 0.0986328 0.0888672 0.00712585
9 0.731934 0.477051 0.389648 0.71582 0.00727844
10 0.0893555 0.722656 0.104492 0.144531 0.00843048
5 0.206055 0.60498 0.308594 0.338867 0.00957489
11 0.312012 0.124512 0.125977 0.0341797 0.0105362
5 0.793945 0.647949 0.263672 0.34082 0.012619
2 0.543457 0.312988 0.0556641 0.0478516 0.0132217
2 0.159668 0.652832 0.200195 0.170898 0.0136948
11 0.0683594 0.793457 0.0742188 0.116211 0.0163116
9 0.17627 0.66748 0.231445 0.180664 0.0181274
0 0.549805 0.327148 0.105469 0.0859375 0.0315857
2 0.562012 0.328613 0.0986328 0.0888672 0.0335388
10 0.164062 0.742676 0.28125 0.231445 0.0393677
11 0.0849609 0.759766 0.115234 0.167969 0.0404663
10 0.0708008 0.775391 0.0791016 0.130859 0.0433044
9 0.161133 0.758789 0.271484 0.210938 0.0624084
10 0.0981445 0.772949 0.137695 0.204102 0.0949707
5 0.731934 0.477051 0.389648 0.71582 0.129883
5 0.221191 0.45166 0.381836 0.670898 0.162842
