8 0.0136719 0.388184 0.0253906 0.0400391 0.000100434
2 0.598145 0.282227 0.0400391 0.0488281 0.000100434
8 0.671875 0.235352 0.0507812 0.0449219 0.000101686
9 0.280762 0.608887 0.0595703 0.0224609 0.000101745
8 0.76416 0.351074 0.0615234 0.0537109 0.000101984
13 0.320801 0.454102 0.0830078 0.0625 0.000102222
9 0.734863 0.368652 0.0458984 0.0322266 0.000102878
13 0.185059 0.390625 0.0322266 0.0253906 0.000103354
9 0.237793 0.654785 0.254883 0.131836 0.000103533
11 0.158691 0.98291 0.0986328 0.0322266 0.000104487
13 0.399414 0.295898 0.0351562 0.0664062 0.000104547
13 0.719238 0.351562 0.0986328 0.0664062 0.000104845
11 0.705566 0.138184 0.0302734 0.0302734 0.000104845
8 0.788086 0.342285 0.0703125 0.0693359 0.000106156
8 0.181641 0.384277 0.0449219 0.0400391 0.000106931
11 0.649414 0.139648 0.119141 0.0351562 0.000107229
8 0.358887 0.629883 0.0439453 0.0410156 0.000107765
7 0.769043 0.391602 0.12207 0.101562 0.000108719
9 0.269043 0.610352 0.170898 0.0292969 0.000108719
8 0.749512 0.364258 0.129883 0.140625 0.000109017
7 0.746582 0.958496 0.272461 0.0830078 0.000109196
9 0.504883 0.441406 0.228516 0.441406 0.000109732
13 0.404297 0.280762 0.0566406 0.0947266 0.000110984
9 0.417969 0.469727 0.0273438 0.0234375 0.000111282
8 0.266602 0.575684 0.0117188 0.0107422 0.000112176
8 0.737793 0.529297 0.0126953 0.0117188 0.000112176
9 0.599609 0.877441 0.429688 0.213867 0.000112295
9 0.707031 0.293457 0.0429688 0.0400391 0.000112414
8 0.83252 0.313965 0.0244141 0.0205078 0.000113308
8 0.773926 0.356934 0.0458984 0.0205078 0.000113606
9 0.258789 0.0932617 0.517578 0.186523 0.000114024
9 0.521484 0.702148 0.121094 0.109375 0.000115633
10 0.148926 0.989258 0.0615234 0.0195312 0.000115812
2 0.604492 0.277344 0.0195312 0.0273438 0.000116587
0 0.657715 0.881348 0.491211 0.237305 0.000116944
9 0.230957 0.444824 0.0986328 0.129883 0.000119388
3 0.819824 0.407227 0.0244141 0.0195312 0.000119686
11 0.583496 0.149414 0.0537109 0.0351562 0.000120461
11 0.270508 0.182129 0.046875 0.0361328 0.000120759
6 0.760742 0.353516 0.0292969 0.0175781 0.000121832
2 0.185059 0.390625 0.0322266 0.0253906 0.000122547
11 0.597168 0.0976562 0.0439453 0.0175781 0.000122786
12 0.498047 0.84082 0.175781 0.314453 0.000123382
9 0.969238 0.732422 0.0615234 0.279297 0.000124097
13 0.294434 0.330566 0.145508 0.0693359 0.000124574
3 0.117188 0.0766602 0.234375 0.15332 0.000127673
0 0.498047 0.841309 0.191406 0.307617 0.000128031
7 0.707031 0.293457 0.0429688 0.0400391 0.000128031
8 0.809082 0.40625 0.0419922 0.0292969 0.000128388
11 0.56543 0.0102539 0.205078 0.0205078 0.0001297
9 0.776855 0.606445 0.0419922 0.0371094 0.000130534
9 0.76709 0.393555 0.125977 0.103516 0.000131249
13 0.689941 0.383301 0.0947266 0.114258 0.000131369
9 0.73291 0.375488 0.0244141 0.0224609 0.000132084
8 0.42041 0.468262 0.0244141 0.0263672 0.000132442
13 0.38916 0.291016 0.0361328 0.103516 0.00013268
7 0.23291 0.423828 0.0791016 0.0859375 0.000133991
9 0.782715 0.328613 0.325195 0.442383 0.000134706
8 0.788574 0.418945 0.0478516 0.046875 0.000134945
9 0.775391 0.630371 0.220703 0.0771484 0.000135779
9 0.937988 0.649902 0.0166016 0.0205078 0.000136375
8 0.746094 0.378418 0.0664062 0.0556641 0.000136614
9 0.479004 0.678223 0.0849609 0.21582 0.000137091
8 0.77832 0.365723 0.0644531 0.0478516 0.000137925
13 0.349609 0.469727 0.0605469 0.121094 0.000139475
10 0.11377 0.731445 0.0458984 0.0722656 0.000140667
13 0.71582 0.361816 0.197266 0.208008 0.000141263
11 0.583496 0.164062 0.0771484 0.0976562 0.000141978
5 0.498047 0.84082 0.175781 0.314453 0.000143647
8 0.356445 0.249512 0.03125 0.0283203 0.000145078
8 0.797852 0.419434 0.0859375 0.106445 0.000146866
9 0.756348 0.328613 0.188477 0.274414 0.000149608
6 0.234375 0.493652 0.193359 0.229492 0.000150084
13 0.220703 0.530273 0.125 0.0332031 0.000150919
13 0.742676 0.352051 0.0888672 0.0439453 0.000151634
7 0.235352 0.504395 0.201172 0.245117 0.000151753
6 0.817871 0.412109 0.0361328 0.0390625 0.000155926
9 0.817871 0.412109 0.0361328 0.0390625 0.000157595
10 0.158691 0.98291 0.0986328 0.0322266 0.000157833
5 0.788086 0.404785 0.0625 0.0556641 0.000159025
3 0.0229492 0.590332 0.0419922 0.18457 0.000160813
7 0.242676 0.561035 0.198242 0.112305 0.000161529
9 0.5625 0.728516 0.0820312 0.0839844 0.000161886
11 0.11377 0.731445 0.0458984 0.0722656 0.000162363
3 0.498047 0.841309 0.191406 0.307617 0.000162363
5 0.300293 0.53125 0.163086 0.134766 0.000163794
13 0.782715 0.402344 0.0400391 0.0351562 0.000164866
9 0.61084 0.681152 0.0166016 0.0126953 0.000164986
11 0.733887 0.171387 0.0771484 0.0634766 0.000166416
13 0.797852 0.419922 0.0878906 0.107422 0.000167251
10 0.819824 0.40625 0.0244141 0.0214844 0.000167847
9 0.246094 0.614258 0.292969 0.0488281 0.000167847
8 0.697266 0.476074 0.0195312 0.0185547 0.000168204
6 0.290039 0.453125 0.228516 0.318359 0.000168204
8 0.799316 0.369141 0.0263672 0.0253906 0.00016892
6 0.782715 0.402344 0.0400391 0.0351562 0.000170231
9 0.796387 0.397949 0.0732422 0.0771484 0.000170827
10 0.190918 0.101074 0.381836 0.202148 0.000172138
9 0.169434 0.715332 0.0537109 0.0341797 0.000172496
8 0.772949 0.405762 0.0654297 0.0693359 0.000173926
6 0.816895 0.407715 0.0556641 0.0673828 0.000178814
9 0.932617 0.656738 0.0253906 0.0341797 0.000181556
9 0.413086 0.69873 0.228516 0.237305 0.000185847
9 0.203125 0.501465 0.220703 0.262695 0.000185847
11 0.148926 0.989258 0.0615234 0.0195312 0.000186443
7 0.185059 0.390625 0.0322266 0.0253906 0.000187516
2 0.600098 0.27002 0.0224609 0.0263672 0.000187874
11 0.403809 0.138672 0.108398 0.0410156 0.00018847
8 0.208984 0.395996 0.00976562 0.00878906 0.000188708
2 0.762207 0.354492 0.0302734 0.0175781 0.000190377
11 0.353516 0.145508 0.105469 0.0351562 0.000190496
8 0.833984 0.869141 0.0800781 0.0527344 0.00019145
8 0.754883 0.344727 0.0371094 0.0253906 0.000195503
13 0.73291 0.375488 0.0244141 0.0224609 0.00019753
3 0.600098 0.981445 0.436523 0.0351562 0.000198483
9 0.433105 0.967773 0.356445 0.0625 0.000200868
8 0.765625 0.613281 0.0273438 0.0332031 0.000201941
2 0.833984 0.870605 0.0800781 0.0478516 0.000203729
9 0.546387 0.76123 0.202148 0.286133 0.000205398
5 0.82666 0.531738 0.163086 0.249023 0.000205636
2 0.417969 0.469727 0.0273438 0.0234375 0.000206947
13 0.734863 0.368652 0.0458984 0.0322266 0.000209689
9 0.773438 0.65332 0.310547 0.0800781 0.000211596
8 0.61084 0.681641 0.0166016 0.0117188 0.000214219
6 0.580566 0.304688 0.112305 0.111328 0.000216365
9 0.581055 0.746582 0.126953 0.131836 0.00021863
13 0.379395 0.300781 0.0458984 0.0605469 0.000222445
8 0.779785 0.337402 0.0537109 0.0361328 0.000223637
7 0.491211 0.868164 0.173828 0.263672 0.000225306
13 0.187988 0.581055 0.0927734 0.03125 0.000228405
5 0.232422 0.433105 0.0839844 0.0966797 0.000229239
11 0.61084 0.232422 0.0634766 0.0195312 0.000231028
9 0.483398 0.978516 0.162109 0.0410156 0.000231266
6 0.798828 0.47168 0.1875 0.259766 0.000232816
7 0.588379 0.575195 0.426758 0.167969 0.000236154
5 0.737793 0.394531 0.209961 0.232422 0.00023675
6 0.586426 0.583496 0.426758 0.165039 0.000236869
8 0.343262 0.405762 0.0107422 0.0107422 0.000237107
9 0.0288086 0.677246 0.0576172 0.0732422 0.000239253
11 0.283691 0.603027 0.0302734 0.0166016 0.000239253
13 0.789551 0.405762 0.0634766 0.0576172 0.000243187
11 0.59668 0.160645 0.0820312 0.0537109 0.000244141
13 0.66748 0.305176 0.0732422 0.131836 0.000245094
7 0.806641 0.5 0.208984 0.285156 0.000254869
4 0.586426 0.583496 0.426758 0.165039 0.000256062
11 0.587891 0.134766 0.0644531 0.0332031 0.000258923
11 0.819824 0.40625 0.0244141 0.0234375 0.00026083
11 0.404297 0.143066 0.0664062 0.0244141 0.000266075
13 0.763672 0.399414 0.181641 0.222656 0.000267029
13 0.306641 0.435059 0.216797 0.34668 0.00027442
9 0.817871 0.485352 0.178711 0.273438 0.000278234
9 0.513672 0.916016 0.189453 0.164062 0.000278234
8 0.827637 0.410645 0.0341797 0.0244141 0.000279665
9 0.600586 0.95752 0.388672 0.0830078 0.000285625
8 0.157227 0.466797 0.0351562 0.0253906 0.000286102
4 0.580566 0.304688 0.112305 0.111328 0.000287533
11 0.289062 0.168457 0.0800781 0.0615234 0.00028801
11 0.3125 0.154297 0.0566406 0.0390625 0.00028801
9 0.463867 0.595703 0.1875 0.251953 0.000289917
13 0.729004 0.220703 0.0615234 0.0820312 0.000291348
10 0.907227 0.675293 0.0390625 0.0556641 0.000292301
13 0.347168 0.333008 0.0673828 0.0625 0.000294209
11 0.586426 0.583496 0.426758 0.165039 0.000294685
8 0.243164 0.519531 0.0117188 0.0117188 0.000297308
13 0.375488 0.370117 0.0791016 0.115234 0.000297546
1 0.586426 0.583496 0.426758 0.165039 0.000299215
7 0.762207 0.354492 0.0302734 0.0175781 0.000299931
13 0.588379 0.575195 0.426758 0.167969 0.000302792
8 0.800293 0.496582 0.0166016 0.0146484 0.000303745
9 0.26416 0.555664 0.21582 0.117188 0.000303984
8 0.586426 0.583496 0.426758 0.165039 0.000306368
9 0.490723 0.741211 0.133789 0.123047 0.000310659
9 0.090332 0.63916 0.0185547 0.0224609 0.000312328
5 0.797852 0.419922 0.0878906 0.107422 0.000318289
13 0.732422 0.206543 0.046875 0.0458984 0.000322819
9 0.769043 0.621094 0.0458984 0.0644531 0.000324011
7 0.580566 0.304688 0.112305 0.111328 0.000331163
7 0.79248 0.376465 0.110352 0.170898 0.000332594
2 0.77002 0.611328 0.0302734 0.0371094 0.000335932
7 0.817871 0.412109 0.0361328 0.0390625 0.000340462
9 0.546875 0.715332 0.0507812 0.0615234 0.000342369
12 0.580566 0.304688 0.112305 0.111328 0.000342846
5 0.818848 0.406738 0.0224609 0.0205078 0.000343561
13 0.665039 0.400391 0.0644531 0.101562 0.000357389
5 0.242188 0.551758 0.173828 0.117188 0.000357866
11 0.624023 0.128906 0.107422 0.03125 0.000362158
9 0.100098 0.658203 0.0400391 0.0605469 0.000362873
2 0.586426 0.583496 0.426758 0.165039 0.000363588
8 0.762695 0.352051 0.0410156 0.0302734 0.000367641
8 0.785645 0.457031 0.00878906 0.00976562 0.000373602
6 0.797852 0.42041 0.0898438 0.108398 0.000377655
9 0.786133 0.405273 0.0507812 0.0449219 0.00038743
12 0.586426 0.583496 0.426758 0.165039 0.000399113
9 0.185059 0.390625 0.0322266 0.0253906 0.00040555
9 0.523926 0.345215 0.229492 0.194336 0.000407934
6 0.788086 0.404785 0.0625 0.0556641 0.000423193
9 0.762207 0.354004 0.0302734 0.0166016 0.000425339
11 0.419922 0.136719 0.0722656 0.0234375 0.00043726
13 0.580078 0.306152 0.111328 0.110352 0.000448704
0 0.579102 0.299316 0.193359 0.157227 0.000460863
3 0.599121 0.62793 0.426758 0.101562 0.000462532
11 0.637695 0.116211 0.0683594 0.0214844 0.000468969
13 0.280273 0.508301 0.173828 0.198242 0.000472069
8 0.8125 0.407227 0.078125 0.0644531 0.000475645
13 0.760254 0.353516 0.0361328 0.0234375 0.000476837
1 0.580566 0.304688 0.112305 0.111328 0.000477791
9 0.796875 0.414551 0.105469 0.133789 0.000492096
13 0.330078 0.343262 0.140625 0.0732422 0.000494003
11 0.907227 0.674805 0.0390625 0.0585938 0.000500679
8 0.79248 0.328613 0.0478516 0.0302734 0.000507355
6 0.788086 0.401367 0.134766 0.205078 0.000508308
8 0.791504 0.398926 0.0634766 0.0537109 0.000516891
13 0.331543 0.318359 0.108398 0.0878906 0.000538826
5 0.580078 0.306152 0.111328 0.110352 0.000547409
8 0.783203 0.299805 0.0253906 0.0136719 0.000562191
5 0.586426 0.583496 0.426758 0.165039 0.000575066
7 0.8125 0.407227 0.078125 0.0644531 0.000595093
9 0.273438 0.426758 0.244141 0.365234 0.000597
10 0.586914 0.574219 0.425781 0.164062 0.000598907
11 0.580566 0.304688 0.112305 0.111328 0.000603676
9 0.768555 0.616211 0.0332031 0.0371094 0.000606537
4 0.819824 0.40625 0.0244141 0.0214844 0.000607967
0 0.587402 0.297852 0.0634766 0.0820312 0.000620365
8 0.580566 0.304688 0.112305 0.111328 0.000637531
8 0.705078 0.455078 0.0292969 0.0214844 0.000650883
3 0.790527 0.097168 0.418945 0.194336 0.000680447
8 0.748047 0.361328 0.0507812 0.0273438 0.000696182
5 0.231934 0.447266 0.114258 0.167969 0.000710964
5 0.788574 0.44873 0.147461 0.15918 0.000711441
2 0.820801 0.40625 0.0224609 0.0214844 0.000712395
8 0.776367 0.610352 0.0390625 0.0390625 0.000713825
8 0.706543 0.293457 0.0419922 0.0400391 0.000720024
0 0.586426 0.583496 0.426758 0.165039 0.000741959
13 0.401855 0.317871 0.0400391 0.0498047 0.000758648
2 0.585938 0.298828 0.0996094 0.0957031 0.000759125
8 0.611816 0.241699 0.00878906 0.00878906 0.000789642
13 0.344238 0.333496 0.145508 0.157227 0.000790596
8 0.820801 0.402344 0.0380859 0.0429688 0.00080204
9 0.09375 0.646484 0.0273438 0.0371094 0.000819683
9 0.504883 0.961426 0.171875 0.0751953 0.000874519
7 0.782715 0.402344 0.0400391 0.0351562 0.000898838
13 0.361816 0.348145 0.0615234 0.0654297 0.000972271
13 0.819824 0.40625 0.0244141 0.0234375 0.000981331
9 0.286133 0.69043 0.380859 0.181641 0.00100327
6 0.275391 0.526855 0.164062 0.149414 0.00100994
10 0.580566 0.304688 0.112305 0.111328 0.00103378
9 0.436523 0.729492 0.142578 0.169922 0.00106812
5 0.787109 0.380371 0.125 0.186523 0.00108814
6 0.818848 0.406738 0.0224609 0.0205078 0.00112152
9 0.777344 0.409668 0.183594 0.262695 0.00113678
7 0.806152 0.430664 0.102539 0.134766 0.00119686
9 0.587402 0.576172 0.424805 0.146484 0.0012579
10 0.111328 0.709473 0.0371094 0.0498047 0.00127029
7 0.791992 0.397461 0.0703125 0.0625 0.00139046
13 0.384766 0.324219 0.0527344 0.0859375 0.0014019
7 0.784668 0.416504 0.168945 0.256836 0.00141048
9 0.580566 0.304688 0.112305 0.111328 0.00147724
8 0.734863 0.368652 0.0458984 0.0322266 0.0014782
9 0.833984 0.870605 0.0800781 0.0478516 0.00164032
11 0.111328 0.709473 0.0371094 0.0498047 0.0017643
13 0.390625 0.306641 0.0253906 0.0527344 0.0018034
9 0.265625 0.501465 0.173828 0.211914 0.0018034
8 0.79834 0.370117 0.0185547 0.015625 0.00182438
7 0.275391 0.526855 0.164062 0.149414 0.0018816
11 0.379883 0.138672 0.119141 0.0253906 0.00199699
9 0.449219 0.735352 0.0957031 0.113281 0.00235939
3 0.57959 0.297852 0.110352 0.0957031 0.00239754
11 0.611328 0.141602 0.107422 0.0410156 0.00256729
0 0.524414 0.337402 0.216797 0.178711 0.00286865
9 0.503418 0.729004 0.21582 0.461914 0.00337601
9 0.468262 0.745605 0.147461 0.274414 0.00347328
8 0.782227 0.403809 0.0390625 0.0361328 0.00359535
5 0.273438 0.426758 0.244141 0.365234 0.00370598
9 0.820801 0.40625 0.0224609 0.0214844 0.00382614
8 0.73291 0.375488 0.0244141 0.0224609 0.00394058
7 0.819824 0.40625 0.0244141 0.0214844 0.00544739
13 0.361328 0.331543 0.0859375 0.106445 0.00553513
5 0.790039 0.45459 0.1875 0.31543 0.00556183
3 0.224121 0.0888672 0.448242 0.177734 0.00601959
8 0.185547 0.391113 0.03125 0.0244141 0.00618362
5 0.265625 0.501465 0.173828 0.211914 0.0150223
8 0.762207 0.354492 0.0302734 0.0175781 0.016037
9 0.49707 0.824707 0.15625 0.303711 0.0273438
8 0.819824 0.40625 0.0244141 0.0214844 0.102783
3 0.581543 0.57666 0.420898 0.139648 0.270752
0 0.579102 0.301758 0.115234 0.103516 0.478516
