9 0.291504 0.380371 0.219727 0.0556641 0.000100553
8 0.359863 0.60791 0.0361328 0.0361328 0.000102162
1 0.266113 0.460938 0.34082 0.464844 0.000104427
12 0.26123 0.695312 0.295898 0.125 0.000108361
1 0.865234 0.0429688 0.259766 0.0859375 0.000109732
4 0.266113 0.460938 0.34082 0.464844 0.000109911
11 0.586914 0.187012 0.0546875 0.0224609 0.00011003
8 0.151855 0.745605 0.0166016 0.0185547 0.00011009
8 0.266113 0.460938 0.34082 0.464844 0.000110686
9 0.638184 0.543457 0.194336 0.331055 0.000111938
13 0.60791 0.326172 0.0810547 0.0917969 0.000112176
11 0.864746 0.773926 0.0400391 0.0478516 0.000113547
12 0.852539 0.776367 0.0273438 0.0332031 0.000113845
12 0.483398 0.458984 0.150391 0.476562 0.000115216
9 0.311523 0.206055 0.0703125 0.0253906 0.000116825
8 0.78125 0.630859 0.0351562 0.0332031 0.000117481
4 0.865234 0.0429688 0.259766 0.0859375 0.000118315
9 0.290039 0.455566 0.21875 0.0986328 0.000119388
13 0.245605 0.375488 0.102539 0.0634766 0.000122428
11 0.865234 0.0429688 0.259766 0.0859375 0.000124574
11 0.438477 0.194336 0.0371094 0.0117188 0.0001266
3 0.483398 0.48877 0.146484 0.469727 0.000129223
13 0.645996 0.314453 0.0556641 0.0859375 0.000132203
8 0.853516 0.775879 0.0273438 0.0322266 0.000132322
3 0.865234 0.0429688 0.259766 0.0859375 0.000134349
2 0.865234 0.0429688 0.259766 0.0859375 0.000135422
7 0.78125 0.603027 0.132812 0.19043 0.000136495
13 0.371094 0.304688 0.03125 0.0351562 0.000139117
9 0.78125 0.603027 0.132812 0.19043 0.000139236
13 0.950195 0.401855 0.0996094 0.208008 0.000139832
8 0.750488 0.606445 0.0537109 0.0429688 0.000140071
0 0.513672 0.373535 0.136719 0.110352 0.000140429
11 0.686035 0.20752 0.12207 0.0478516 0.000145197
13 0.220215 0.359863 0.0478516 0.0283203 0.000145435
7 0.483398 0.48877 0.146484 0.469727 0.000146985
13 0.659668 0.374512 0.0673828 0.0537109 0.000147104
12 0.272949 0.32666 0.370117 0.317383 0.000147223
2 0.642578 0.404297 0.0136719 0.0117188 0.000149012
9 0.539551 0.359375 0.0810547 0.0878906 0.000160933
11 0.333008 0.213379 0.167969 0.0498047 0.000161886
8 0.382324 0.594727 0.0419922 0.0253906 0.000167251
0 0.485352 0.00830078 0.111328 0.0146484 0.000168681
9 0.473145 0.00976562 0.137695 0.0195312 0.000169635
10 0.84082 0.773926 0.046875 0.0458984 0.0001719
9 0.280762 0.457031 0.233398 0.0390625 0.000172853
3 0.262207 0.481445 0.344727 0.439453 0.00017345
2 0.853516 0.775879 0.0273438 0.0322266 0.000178099
7 0.378906 0.223145 0.0722656 0.0576172 0.000179052
9 0.367676 0.222656 0.0498047 0.0507812 0.000179887
0 0.853516 0.775879 0.0273438 0.0322266 0.000187635
5 0.483398 0.48877 0.146484 0.469727 0.00019455
13 0.335938 0.501953 0.0664062 0.0546875 0.000195265
13 0.865234 0.0429688 0.259766 0.0859375 0.000197649
13 0.128906 0.306152 0.257812 0.305664 0.000203013
10 0.101074 0.76416 0.0478516 0.0810547 0.000208974
3 0.853516 0.776367 0.0273438 0.03125 0.000215173
8 0.791992 0.64209 0.0253906 0.0224609 0.000215292
9 0.780273 0.628418 0.0859375 0.0908203 0.000215769
11 0.36084 0.191406 0.124023 0.0507812 0.000215888
13 0.581543 0.327148 0.0419922 0.0371094 0.000216842
7 0.395508 0.342285 0.046875 0.0380859 0.000217915
11 0.410156 0.213867 0.0605469 0.0273438 0.00021863
9 0.852539 0.776367 0.0273438 0.0332031 0.000219226
9 0.245605 0.594727 0.334961 0.302734 0.000222206
11 0.577637 0.195312 0.0517578 0.0292969 0.000225902
5 0.266113 0.460938 0.34082 0.464844 0.00022614
7 0.785645 0.625977 0.0947266 0.111328 0.000226736
11 0.388184 0.223633 0.0869141 0.0566406 0.000233769
8 0.803711 0.631348 0.0292969 0.0224609 0.000235438
11 0.609375 0.216309 0.0957031 0.0400391 0.000239253
6 0.865234 0.0429688 0.259766 0.0859375 0.000245571
9 0.478027 0.354492 0.116211 0.34375 0.000246286
8 0.631348 0.627441 0.0126953 0.00878906 0.000247002
11 0.285156 0.204102 0.0488281 0.0253906 0.000249624
9 0.395508 0.342285 0.046875 0.0380859 0.0002563
13 0.617676 0.551758 0.0322266 0.0332031 0.000266552
8 0.37207 0.305664 0.0273438 0.0351562 0.000267029
11 0.569824 0.211426 0.0517578 0.0439453 0.000269413
11 0.695312 0.20166 0.0410156 0.0244141 0.000270844
11 0.26416 0.21875 0.0556641 0.0332031 0.000274897
11 0.361328 0.20752 0.117188 0.0302734 0.000293732
13 0.853516 0.775879 0.0273438 0.0322266 0.000302792
9 0.78418 0.616211 0.0527344 0.0585938 0.000303268
11 0.84082 0.773926 0.046875 0.0458984 0.000305176
8 0.741699 0.597168 0.0380859 0.0302734 0.000318289
8 0.744141 0.671875 0.046875 0.0410156 0.000319004
8 0.79541 0.61377 0.0673828 0.0498047 0.000328779
8 0.810059 0.625488 0.0205078 0.0185547 0.00033164
12 0.782227 0.612793 0.0390625 0.0341797 0.000332355
8 0.785645 0.650879 0.0185547 0.0166016 0.000336885
5 0.865234 0.0429688 0.259766 0.0859375 0.000341654
7 0.853516 0.775879 0.0273438 0.0322266 0.000342846
10 0.266113 0.460938 0.34082 0.464844 0.000353575
11 0.421875 0.191895 0.0566406 0.0205078 0.000365496
8 0.348633 0.361816 0.0175781 0.0146484 0.000369072
8 0.800293 0.622559 0.0419922 0.0302734 0.000389814
11 0.609863 0.18457 0.0771484 0.0175781 0.000392199
13 0.647949 0.343262 0.0771484 0.116211 0.000392914
11 0.10498 0.730469 0.0439453 0.0507812 0.000399113
7 0.616699 0.552246 0.0361328 0.0341797 0.000406265
9 0.472656 0.609375 0.121094 0.310547 0.000415325
11 0.626465 0.201172 0.112305 0.03125 0.00043273
8 0.779785 0.623535 0.0654297 0.0791016 0.000447989
11 0.73584 0.219727 0.0634766 0.046875 0.000450134
9 0.617676 0.551758 0.0322266 0.0332031 0.000460386
13 0.231445 0.364258 0.0664062 0.046875 0.000461578
9 0.29248 0.397461 0.288086 0.119141 0.000462532
9 0.269043 0.456543 0.352539 0.151367 0.000473261
9 0.622559 0.502441 0.0947266 0.0927734 0.000489235
7 0.266113 0.460938 0.34082 0.464844 0.000491619
0 0.537598 0.356445 0.0849609 0.0839844 0.000506878
11 0.386719 0.192871 0.0800781 0.0244141 0.000507832
9 0.478516 0.480957 0.117188 0.200195 0.000517845
11 0.606934 0.192871 0.0927734 0.0283203 0.000526428
8 0.740723 0.634277 0.0380859 0.0341797 0.000558853
11 0.38623 0.186035 0.0458984 0.0185547 0.00056076
8 0.787109 0.64502 0.015625 0.0126953 0.000571728
11 0.351074 0.191406 0.0712891 0.0214844 0.000597
11 0.405273 0.185547 0.0546875 0.0175781 0.000597477
7 0.782227 0.619141 0.0566406 0.0625 0.000605583
2 0.616699 0.55127 0.0322266 0.0302734 0.000627995
11 0.637695 0.187012 0.0957031 0.0205078 0.000734806
11 0.666992 0.197754 0.128906 0.0263672 0.000802994
11 0.396484 0.20459 0.0800781 0.0322266 0.000808239
11 0.591797 0.206543 0.0761719 0.0380859 0.000894547
10 0.782227 0.612305 0.0371094 0.0371094 0.000959396
11 0.700195 0.204102 0.0683594 0.0351562 0.00108719
8 0.809082 0.631348 0.0166016 0.0126953 0.00112534
11 0.782227 0.612793 0.0390625 0.0361328 0.00113583
5 0.782227 0.612793 0.0390625 0.0341797 0.00114918
1 0.782227 0.612793 0.0371094 0.0341797 0.00115204
9 0.25293 0.700684 0.306641 0.135742 0.00115776
11 0.103027 0.754883 0.0478516 0.0839844 0.00115776
11 0.281738 0.212891 0.0791016 0.0449219 0.00117111
8 0.642578 0.404297 0.0136719 0.0117188 0.0012064
11 0.658691 0.191406 0.0771484 0.0195312 0.00123692
8 0.39502 0.344238 0.0478516 0.0341797 0.00126171
11 0.368652 0.18457 0.0732422 0.0234375 0.00133705
10 0.0986328 0.740723 0.0585938 0.0615234 0.00134563
9 0.710938 0.479492 0.324219 0.509766 0.00147247
11 0.491699 0.00830078 0.112305 0.0166016 0.00151348
13 0.584473 0.318848 0.0283203 0.0380859 0.00154209
12 0.703125 0.485352 0.3125 0.525391 0.00168991
11 0.676758 0.194824 0.0625 0.0224609 0.00205421
11 0.332031 0.200195 0.0703125 0.0214844 0.00235748
3 0.782715 0.611816 0.0380859 0.0341797 0.00239944
10 0.854492 0.773926 0.0371094 0.0673828 0.00260544
0 0.782715 0.613281 0.0400391 0.0371094 0.0028019
6 0.782227 0.612793 0.0371094 0.0341797 0.00303268
11 0.854492 0.773926 0.0371094 0.0673828 0.00371742
13 0.782227 0.612793 0.0371094 0.0341797 0.00387383
11 0.716797 0.212402 0.0703125 0.0400391 0.00476837
11 0.304688 0.20459 0.0976562 0.0341797 0.00485229
11 0.347168 0.196289 0.114258 0.0273438 0.00534439
8 0.616699 0.552246 0.0361328 0.0341797 0.00682831
9 0.27002 0.459473 0.342773 0.461914 0.00710678
4 0.782227 0.612793 0.0371094 0.0341797 0.00818634
2 0.782715 0.612793 0.0380859 0.0380859 0.00975037
12 0.265625 0.48291 0.347656 0.44043 0.0105743
11 0.305664 0.202148 0.0644531 0.0214844 0.012207
9 0.782715 0.612793 0.0380859 0.0361328 0.0135498
10 0.0986328 0.746582 0.0351562 0.0458984 0.015564
11 0.0986328 0.74707 0.0351562 0.0488281 0.0188751
7 0.782227 0.612793 0.0371094 0.0341797 0.0309753
10 0.853516 0.775879 0.0273438 0.0322266 0.0453491
9 0.483398 0.48877 0.146484 0.469727 0.0488892
11 0.853516 0.775879 0.0273438 0.0322266 0.0619202
8 0.782715 0.613281 0.0400391 0.0371094 0.57666
