5 0.819336 0.344238 0.0820312 0.0283203 0.000101209
7 0.430664 0.286621 0.101562 0.0986328 0.000101328
11 0.423828 0.318359 0.0195312 0.0175781 0.000101864
11 0.834961 0.352051 0.0957031 0.0419922 0.000102699
11 0.0239258 0.374512 0.0478516 0.166992 0.000105262
8 0.725586 0.634766 0.046875 0.0351562 0.000106573
13 0.853027 0.0932617 0.293945 0.176758 0.000106871
8 0.633789 0.466309 0.0644531 0.0419922 0.000106931
7 0.48291 0.320801 0.0810547 0.19043 0.0001086
0 0.291992 0.0830078 0.386719 0.166016 0.000109076
6 0.837402 0.0898438 0.303711 0.162109 0.000110269
7 0.823242 0.378418 0.150391 0.133789 0.00011158
11 0.675293 0.0078125 0.0673828 0.015625 0.000112236
13 0.824219 0.350586 0.0507812 0.0253906 0.000112236
12 0.791992 0.597168 0.3125 0.594727 0.00011307
0 0.642578 0.411621 0.0800781 0.178711 0.000113249
11 0.368164 0.0107422 0.0351562 0.0195312 0.000113726
13 0.79541 0.408203 0.0693359 0.0585938 0.000114381
9 0.794434 0.224121 0.411133 0.448242 0.000114679
2 0.806641 0.0917969 0.339844 0.183594 0.000114858
8 0.433105 0.36084 0.0205078 0.0166016 0.000115037
7 0.0126953 0.375977 0.0253906 0.128906 0.000115514
11 0.623535 0.227539 0.0439453 0.0273438 0.000115991
6 0.817871 0.341797 0.0517578 0.0214844 0.00011611
9 0.802734 0.398438 0.222656 0.316406 0.000117183
8 0.802246 0.429199 0.0595703 0.0302734 0.000117362
11 0.681152 0.223145 0.0498047 0.0185547 0.000117481
7 0.645508 0.48291 0.0585938 0.0810547 0.000118136
13 0.675781 0.325684 0.0488281 0.0205078 0.000118971
9 0.838379 0.628906 0.213867 0.394531 0.000119388
2 0.486328 0.494629 0.0703125 0.145508 0.000120223
11 0.773438 0.365723 0.224609 0.112305 0.000120401
13 0.822266 0.437012 0.119141 0.125977 0.000120699
13 0.39502 0.626465 0.0537109 0.100586 0.000121772
13 0.79248 0.109375 0.286133 0.21875 0.000121891
13 0.430664 0.286621 0.101562 0.0986328 0.00012219
7 0.412109 0.293457 0.0332031 0.0498047 0.000123262
9 0.817383 0.339844 0.0507812 0.0214844 0.000123382
11 0.933105 0.819336 0.0419922 0.0664062 0.000123978
9 0.273926 0.730469 0.280273 0.115234 0.000124574
9 0.70166 0.617188 0.0517578 0.0527344 0.000124812
13 0.678223 0.362793 0.12793 0.135742 0.000125527
9 0.838379 0.771484 0.192383 0.101562 0.000126243
12 0.333984 0.50293 0.369141 0.480469 0.000127196
9 0.579102 0.687988 0.337891 0.125977 0.000127673
2 0.405273 0.289551 0.0800781 0.0830078 0.000128865
9 0.823242 0.378418 0.150391 0.133789 0.0001297
7 0.812012 0.425781 0.0478516 0.0253906 0.0001297
10 0.227051 0.234863 0.454102 0.469727 0.000130296
9 0.260254 0.50293 0.208008 0.359375 0.00013113
13 0.415039 0.29248 0.0253906 0.0361328 0.000131369
13 0.380371 0.292969 0.104492 0.0761719 0.000131607
3 0.268066 0.915039 0.458008 0.169922 0.000132442
8 0.79248 0.109375 0.286133 0.21875 0.000132918
4 0.8125 0.342773 0.0722656 0.0253906 0.000132918
8 0.686523 0.467285 0.0214844 0.0166016 0.000133157
9 0.839355 0.431641 0.135742 0.162109 0.000133514
11 0.776855 0.751953 0.317383 0.0566406 0.000134587
9 0.50293 0.65918 0.1875 0.203125 0.000134826
13 0.837891 0.340332 0.0605469 0.0205078 0.000135303
11 0.312012 0.336426 0.0595703 0.0361328 0.000135541
12 0.815918 0.490723 0.223633 0.37207 0.000136733
0 0.971191 0.0766602 0.0576172 0.15332 0.00013864
6 0.0224609 0.411621 0.0429688 0.133789 0.000139356
9 0.62207 0.376465 0.197266 0.165039 0.000140429
8 0.710938 0.623047 0.0371094 0.0429688 0.000140429
1 0.812988 0.34668 0.0966797 0.046875 0.000140786
8 0.405273 0.289551 0.0800781 0.0830078 0.000144124
8 0.746582 0.633301 0.0361328 0.0341797 0.000146627
11 0.452148 0.270996 0.119141 0.102539 0.000148058
4 0.483887 0.494629 0.0595703 0.149414 0.000150204
11 0.634277 0.214844 0.0498047 0.0136719 0.000151515
8 0.766113 0.477539 0.0166016 0.0136719 0.000151634
13 0.756348 0.325195 0.196289 0.113281 0.000154734
7 0.312012 0.336426 0.0595703 0.0361328 0.00015521
0 0.623535 0.362305 0.0615234 0.0820312 0.000156641
2 0.716797 0.633789 0.0195312 0.015625 0.000157952
3 0.927246 0.916016 0.145508 0.167969 0.00015974
8 0.857422 0.510742 0.0136719 0.0117188 0.000160694
0 0.510254 0.456543 0.104492 0.161133 0.000160933
6 0.797363 0.360352 0.12793 0.0722656 0.000161171
1 0.40625 0.299316 0.0566406 0.0537109 0.000163198
12 0.838867 0.111816 0.322266 0.223633 0.000165105
9 0.351562 0.291016 0.134766 0.0878906 0.000165939
10 0.0541992 0.371094 0.102539 0.216797 0.000171423
12 0.399902 0.279297 0.168945 0.0957031 0.000175118
8 0.750977 0.506348 0.0507812 0.0341797 0.00017941
11 0.44043 0.221191 0.09375 0.0302734 0.000179529
9 0.406738 0.295898 0.0732422 0.117188 0.000179529
13 0.793457 0.390625 0.0966797 0.0820312 0.000180483
10 0.652832 0.0078125 0.0341797 0.015625 0.000181794
11 0.666016 0.00683594 0.0253906 0.0117188 0.000184178
11 0.84375 0.333008 0.0996094 0.0390625 0.000184298
6 0.0498047 0.92334 0.0664062 0.141602 0.000184536
3 0.811523 0.195312 0.376953 0.390625 0.00018549
7 0.831055 0.518066 0.150391 0.157227 0.000186086
11 0.405273 0.289551 0.0800781 0.0830078 0.000186443
13 0.833984 0.358887 0.109375 0.0615234 0.000189304
4 0.407715 0.299805 0.0498047 0.0527344 0.000194669
6 0.626465 0.37207 0.108398 0.119141 0.000195265
13 0.802246 0.337402 0.0517578 0.0205078 0.000198603
8 0.415039 0.291992 0.0234375 0.0351562 0.000199914
9 0.46582 0.273926 0.0898438 0.104492 0.000208855
10 0.838867 0.492676 0.1875 0.313477 0.000213385
2 0.787598 0.364258 0.137695 0.0761719 0.000214458
8 0.0229492 0.395996 0.0458984 0.131836 0.000216007
9 0.645508 0.48291 0.0585938 0.0810547 0.000216603
11 0.84375 0.483398 0.154297 0.304688 0.000222564
9 0.720703 0.754883 0.306641 0.0625 0.000223756
1 0.84375 0.483398 0.154297 0.304688 0.000224352
11 0.79541 0.354004 0.108398 0.0556641 0.000228167
13 0.814941 0.421875 0.0673828 0.0371094 0.000228405
9 0.82666 0.592285 0.0478516 0.0400391 0.000231385
7 0.806641 0.416992 0.214844 0.234375 0.000232339
10 0.814453 0.344238 0.0820312 0.0302734 0.000232697
13 0.293945 0.325684 0.0410156 0.0263672 0.000232935
13 0.696289 0.300293 0.0683594 0.0595703 0.000239849
7 0.819824 0.353516 0.110352 0.0546875 0.000239968
9 0.399902 0.279297 0.168945 0.0957031 0.000240326
3 0.291992 0.0830078 0.386719 0.166016 0.000242114
7 0.78125 0.369141 0.140625 0.0761719 0.000243068
13 0.768066 0.331543 0.178711 0.0517578 0.000245333
7 0.255371 0.470215 0.166992 0.262695 0.000246286
13 0.775879 0.368164 0.0791016 0.0527344 0.000251532
9 0.787598 0.364258 0.137695 0.0761719 0.000253201
4 0.626465 0.37207 0.108398 0.119141 0.000253677
10 0.811523 0.195312 0.376953 0.390625 0.000257492
9 0.312012 0.336426 0.0595703 0.0361328 0.00025773
9 0.98291 0.0136719 0.0224609 0.0234375 0.000258446
11 0.659668 0.0112305 0.0576172 0.0224609 0.000260353
0 0.551758 0.505859 0.205078 0.234375 0.000272751
11 0.473145 0.223633 0.0458984 0.015625 0.000278473
11 0.453613 0.236816 0.106445 0.0458984 0.000279188
7 0.830566 0.450195 0.141602 0.160156 0.000279665
8 0.741211 0.561035 0.0136719 0.0107422 0.000290155
11 0.47168 0.231934 0.0683594 0.0244141 0.000290871
8 0.819336 0.344238 0.0820312 0.0283203 0.000291824
9 0.0214844 0.410156 0.0429688 0.121094 0.000292301
9 0.415039 0.29248 0.0253906 0.0361328 0.000293255
13 0.729492 0.353516 0.0839844 0.111328 0.000294209
11 0.550781 0.246582 0.0546875 0.0126953 0.000296354
8 0.691895 0.509766 0.0517578 0.0410156 0.000296831
9 0.716797 0.633789 0.0195312 0.015625 0.000303984
7 0.817871 0.341797 0.0517578 0.0214844 0.000306129
6 0.406738 0.296875 0.0595703 0.0644531 0.000306845
8 0.716309 0.621582 0.0205078 0.0224609 0.000307322
12 0.626465 0.37207 0.108398 0.119141 0.00031209
11 0.647949 0.223145 0.0830078 0.0361328 0.000318527
7 0.799316 0.504883 0.291992 0.380859 0.000327826
13 0.768555 0.404785 0.298828 0.211914 0.000332117
13 0.818359 0.334473 0.0507812 0.0263672 0.000332117
13 0.626465 0.37207 0.108398 0.119141 0.000339746
1 0.816406 0.342285 0.0703125 0.0263672 0.000349045
9 0.855957 0.557617 0.139648 0.183594 0.000353098
2 0.419434 0.309082 0.0302734 0.0380859 0.000353575
13 0.785645 0.408203 0.19043 0.142578 0.000360012
7 0.626465 0.37207 0.108398 0.119141 0.000370264
7 0.423828 0.317383 0.0214844 0.0175781 0.00037241
9 0.333984 0.50293 0.369141 0.480469 0.000385284
7 0.827637 0.591797 0.0478516 0.0410156 0.000395298
9 0.570312 0.410645 0.224609 0.200195 0.000399351
1 0.626465 0.37207 0.108398 0.119141 0.000401974
9 0.712402 0.625 0.0361328 0.0390625 0.000422955
11 0.65332 0.0078125 0.0371094 0.015625 0.00042367
9 0.791992 0.514648 0.292969 0.429688 0.0004251
5 0.626465 0.37207 0.108398 0.119141 0.000436068
7 0.415039 0.308594 0.0390625 0.0351562 0.000438452
13 0.797363 0.348633 0.0732422 0.0253906 0.000445127
13 0.396973 0.283691 0.0556641 0.0791016 0.000457287
13 0.84375 0.483398 0.154297 0.304688 0.000471354
2 0.817383 0.342773 0.0761719 0.0273438 0.00049448
9 0.419434 0.309082 0.0302734 0.0380859 0.000496387
0 0.643066 0.351074 0.0732422 0.0751953 0.000496864
8 0.84375 0.483398 0.154297 0.304688 0.00050354
11 0.626465 0.37207 0.108398 0.119141 0.000505924
4 0.0229492 0.395996 0.0458984 0.131836 0.000508308
9 0.814453 0.347168 0.0996094 0.0517578 0.000513077
9 0.497559 0.521484 0.110352 0.236328 0.000528812
3 0.583984 0.681641 0.339844 0.128906 0.000536442
13 0.338867 0.339844 0.115234 0.0546875 0.000540257
2 0.628906 0.375977 0.101562 0.132812 0.000551224
11 0.433594 0.230469 0.121094 0.0253906 0.000558376
11 0.808105 0.334961 0.0810547 0.0351562 0.000558853
7 0.46582 0.273926 0.0898438 0.104492 0.00056076
8 0.626465 0.37207 0.108398 0.119141 0.000568867
11 0.407715 0.299316 0.0537109 0.0537109 0.000576019
10 0.935547 0.823242 0.03125 0.0371094 0.000603676
13 0.419434 0.309082 0.0302734 0.0380859 0.000613213
7 0.856445 0.570312 0.146484 0.222656 0.000620842
9 0.55127 0.549805 0.213867 0.416016 0.000625134
13 0.706055 0.322754 0.0800781 0.100586 0.00065279
13 0.368164 0.313965 0.150391 0.0849609 0.000659943
8 0.716309 0.631348 0.0263672 0.0283203 0.000669003
11 0.935547 0.823242 0.03125 0.0371094 0.000677109
6 0.814453 0.344238 0.0820312 0.0302734 0.000699043
13 0.786621 0.438477 0.0888672 0.0410156 0.00069952
5 0.837402 0.0898438 0.303711 0.162109 0.000708103
0 0.48584 0.48584 0.0673828 0.149414 0.000733852
11 0.421875 0.224609 0.0507812 0.0175781 0.000745773
7 0.381348 0.284668 0.0986328 0.0791016 0.000755787
10 0.132324 0.78125 0.0322266 0.0351562 0.000820637
8 0.716797 0.633789 0.0195312 0.015625 0.000821114
8 0.418457 0.312988 0.0322266 0.0263672 0.000835419
4 0.84375 0.483398 0.154297 0.304688 0.000888824
10 0.0219727 0.394531 0.0419922 0.144531 0.000909328
11 0.132324 0.78125 0.0322266 0.0351562 0.00091362
9 0.386719 0.291016 0.09375 0.0703125 0.000953674
11 0.662109 0.221191 0.0722656 0.0166016 0.000968933
8 0.483887 0.494629 0.0595703 0.149414 0.00100231
13 0.835938 0.335938 0.105469 0.0351562 0.00102711
10 0.626465 0.37207 0.108398 0.119141 0.00104809
9 0.543457 0.489746 0.188477 0.186523 0.00106335
11 0.460938 0.222168 0.046875 0.0107422 0.00106907
13 0.305664 0.331055 0.0507812 0.03125 0.00109673
13 0.75293 0.378418 0.103516 0.0732422 0.00126171
5 0.841797 0.493652 0.167969 0.293945 0.00139141
13 0.422852 0.316895 0.0253906 0.0205078 0.00144577
3 0.626465 0.37207 0.108398 0.119141 0.00148201
9 0.626465 0.37207 0.108398 0.119141 0.00171757
9 0.423828 0.317383 0.0214844 0.0175781 0.00182056
0 0.576172 0.37793 0.193359 0.140625 0.0021553
2 0.423828 0.317383 0.0214844 0.0175781 0.00222778
13 0.795898 0.335938 0.105469 0.0351562 0.00227928
7 0.0229492 0.395996 0.0458984 0.131836 0.00235748
11 0.822266 0.342773 0.0761719 0.0292969 0.00238037
13 0.834961 0.347168 0.0878906 0.0341797 0.00246048
13 0.773438 0.365723 0.224609 0.112305 0.00250816
8 0.82666 0.592285 0.0478516 0.0400391 0.00291061
7 0.814453 0.344238 0.0820312 0.0302734 0.00293922
7 0.483887 0.494629 0.0595703 0.149414 0.00296211
6 0.84375 0.483398 0.154297 0.304688 0.00307655
7 0.405273 0.297363 0.0644531 0.0615234 0.00371361
11 0.63623 0.219727 0.0595703 0.0214844 0.00385094
13 0.317383 0.340332 0.0683594 0.0361328 0.00395584
11 0.439941 0.222168 0.0654297 0.0126953 0.00403595
9 0.843262 0.482422 0.166992 0.310547 0.00429916
13 0.802246 0.429199 0.0595703 0.0302734 0.00439453
9 0.819336 0.344238 0.0820312 0.0283203 0.00489044
11 0.65918 0.216309 0.0566406 0.0126953 0.0051918
11 0.45752 0.225586 0.0849609 0.0175781 0.00581741
8 0.407715 0.299805 0.0498047 0.0527344 0.00583267
2 0.407715 0.299316 0.0498047 0.0537109 0.00598145
0 0.568848 0.433594 0.22168 0.203125 0.00847626
9 0.483887 0.494629 0.0595703 0.149414 0.00942993
13 0.408203 0.300781 0.0507812 0.0546875 0.0102234
8 0.423828 0.317383 0.0214844 0.0175781 0.0115509
9 0.407715 0.299805 0.0498047 0.0527344 0.0152359
7 0.84375 0.483398 0.154297 0.304688 0.0157166
13 0.787598 0.364258 0.137695 0.0761719 0.0212402
13 0.807129 0.349121 0.0966797 0.0458984 0.0330811
13 0.816406 0.342285 0.0703125 0.0263672 0.126587
0 0.626465 0.370117 0.108398 0.115234 0.291504
