8 0.771484 0.470215 0.0390625 0.0244141 0.000360489
8 0.82373 0.512695 0.0224609 0.015625 0.000361681
13 0.641113 0.384766 0.188477 0.167969 0.000362873
11 0.692871 0.310059 0.0634766 0.0458984 0.00036478
13 0.797363 0.513184 0.0673828 0.198242 0.000368357
13 0.383789 0.384766 0.0566406 0.0507812 0.000368834
2 0.816895 0.469727 0.0146484 0.0136719 0.000374317
9 0.243164 0.726074 0.0683594 0.0361328 0.000375032
8 0.821289 0.562988 0.0371094 0.0244141 0.000375509
11 0.79541 0.326172 0.0751953 0.0996094 0.000375748
13 0.782227 0.541992 0.0390625 0.0214844 0.000375986
7 0.72998 0.280762 0.110352 0.0791016 0.000375986
13 0.807129 0.520996 0.0537109 0.0693359 0.000377655
13 0.805176 0.557617 0.0732422 0.0507812 0.000379562
9 0.580566 0.59082 0.350586 0.414062 0.000383377
0 0.0551758 0.926758 0.110352 0.146484 0.000394821
2 0.751953 0.4375 0.0214844 0.0175781 0.000397444
1 0.31543 0.432617 0.0234375 0.0175781 0.000398636
2 0.789551 0.412109 0.0791016 0.117188 0.000402451
7 0.777344 0.468262 0.136719 0.268555 0.000412703
8 0.810547 0.489258 0.0175781 0.0195312 0.000416517
8 0.671387 0.380859 0.0517578 0.0722656 0.000417948
7 0.792969 0.541504 0.0175781 0.0146484 0.000418425
2 0.788574 0.553223 0.0244141 0.0302734 0.000420332
9 0.741211 0.541016 0.263672 0.501953 0.000421524
13 0.806152 0.499023 0.0224609 0.0214844 0.000422239
11 0.187988 0.753418 0.19043 0.0888672 0.000427008
2 0.485352 0.0239258 0.0644531 0.0439453 0.000427008
13 0.849609 0.730957 0.0410156 0.0224609 0.000435829
4 0.293457 0.405273 0.0712891 0.078125 0.00043726
11 0.405273 0.222168 0.152344 0.0537109 0.000437498
13 0.760254 0.390625 0.0732422 0.0605469 0.000446796
3 0.313965 0.432617 0.0205078 0.015625 0.000447273
9 0.910156 0.667969 0.0117188 0.0117188 0.000452042
11 0.305176 0.379883 0.116211 0.130859 0.000452757
7 0.31543 0.433594 0.0292969 0.0292969 0.000454426
11 0.47168 0.226562 0.121094 0.078125 0.000457048
8 0.775879 0.556641 0.0693359 0.0488281 0.000459909
9 0.590332 0.383789 0.21582 0.166016 0.00046587
13 0.415039 0.513672 0.0761719 0.0898438 0.000466585
13 0.809082 0.496582 0.0458984 0.0615234 0.000467539
8 0.791992 0.560059 0.0175781 0.0224609 0.000470877
8 0.75293 0.4375 0.0546875 0.0273438 0.000473499
13 0.289062 0.431641 0.128906 0.171875 0.000473738
8 0.792969 0.55957 0.0117188 0.0136719 0.000473738
5 0.635254 0.38623 0.118164 0.124023 0.000474691
9 0.513672 0.0209961 0.0800781 0.0419922 0.000475407
13 0.75293 0.4375 0.0546875 0.0273438 0.000478029
5 0.256348 0.534668 0.249023 0.374023 0.000478029
13 0.793457 0.55127 0.0283203 0.0361328 0.000479698
8 0.773926 0.536621 0.0126953 0.0107422 0.000479698
8 0.720703 0.373535 0.197266 0.192383 0.000482082
8 0.802734 0.492188 0.0566406 0.0761719 0.000484467
13 0.813965 0.43457 0.0419922 0.0214844 0.000489235
9 0.776367 0.466309 0.0195312 0.0166016 0.000492573
8 0.314941 0.433105 0.0439453 0.0556641 0.000495434
10 0.314941 0.432617 0.0224609 0.015625 0.000496864
8 0.781738 0.470703 0.0283203 0.0195312 0.000502586
3 0.0551758 0.926758 0.110352 0.146484 0.000505924
13 0.319824 0.371582 0.0146484 0.0126953 0.00052166
7 0.732422 0.310547 0.181641 0.183594 0.000525475
13 0.777832 0.553711 0.0595703 0.0449219 0.000527382
8 0.778809 0.466309 0.0341797 0.0771484 0.000528336
8 0.264648 0.407715 0.0371094 0.0185547 0.000529766
2 0.811523 0.504395 0.03125 0.0322266 0.000529766
8 0.270996 0.40625 0.0712891 0.0410156 0.000530243
9 0.531738 0.0566406 0.12207 0.105469 0.000533104
8 0.321777 0.419434 0.0888672 0.0615234 0.000536919
9 0.305176 0.379883 0.116211 0.130859 0.000538826
13 0.839355 0.749512 0.0634766 0.0478516 0.000540733
13 0.757324 0.30957 0.166992 0.185547 0.000542164
2 0.219727 0.739258 0.148438 0.0664062 0.000546932
2 0.500977 0.0385742 0.0488281 0.0634766 0.000548363
13 0.349609 0.437012 0.103516 0.0771484 0.000551224
13 0.265625 0.393066 0.121094 0.131836 0.000552177
13 0.267578 0.40625 0.0214844 0.0136719 0.000554085
8 0.804199 0.491211 0.0224609 0.0136719 0.000554562
13 0.314941 0.433105 0.0439453 0.0556641 0.000561714
13 0.802246 0.429688 0.0966797 0.212891 0.000573158
2 0.806641 0.500977 0.0429688 0.0976562 0.000576973
7 0.451172 0.473145 0.0644531 0.104492 0.000580311
2 0.780762 0.546387 0.0556641 0.0380859 0.000580788
9 0.919434 0.238281 0.0224609 0.0195312 0.000583649
10 0.711426 0.276855 0.21582 0.18457 0.00058651
0 0.31543 0.432617 0.0234375 0.0175781 0.000586987
9 0.817871 0.51416 0.0146484 0.0126953 0.000591755
13 0.775879 0.463867 0.0283203 0.0175781 0.000595093
8 0.817383 0.499512 0.0429688 0.0419922 0.000598907
8 0.743652 0.475586 0.0166016 0.015625 0.000602245
8 0.807129 0.52002 0.0458984 0.0458984 0.000608921
9 0.649414 0.0258789 0.0136719 0.0185547 0.000613689
0 0.662598 0.383789 0.0654297 0.103516 0.000613689
11 0.709961 0.3125 0.144531 0.136719 0.000614166
9 0.182129 0.750977 0.168945 0.0566406 0.000620842
7 0.65918 0.26709 0.0996094 0.110352 0.000624657
8 0.688965 0.316895 0.0341797 0.0302734 0.000628948
6 0.634766 0.385254 0.119141 0.12207 0.000631809
11 0.808594 0.34375 0.0546875 0.078125 0.000636578
9 0.492676 0.67041 0.182617 0.245117 0.000638008
13 0.294922 0.384766 0.0507812 0.0566406 0.000642776
13 0.398438 0.5 0.0507812 0.0410156 0.000648499
7 0.198242 0.754395 0.191406 0.0947266 0.000664234
6 0.203125 0.0488281 0.40625 0.09375 0.000666142
13 0.203125 0.0488281 0.40625 0.09375 0.000671864
2 0.79834 0.413574 0.0439453 0.0341797 0.000682831
2 0.313477 0.431152 0.03125 0.0283203 0.000683784
5 0.203125 0.0488281 0.40625 0.09375 0.000691891
8 0.705566 0.612305 0.0380859 0.0351562 0.000697136
11 0.349609 0.242188 0.078125 0.0546875 0.000705242
13 0.814453 0.503906 0.0390625 0.0332031 0.000720501
13 0.834961 0.728516 0.0703125 0.0351562 0.000731945
13 0.311035 0.384277 0.0751953 0.0888672 0.000735283
13 0.709961 0.447754 0.232422 0.348633 0.000741482
10 0.859375 0.856934 0.046875 0.0615234 0.000744343
13 0.816895 0.513184 0.0185547 0.0166016 0.000749588
11 0.466309 0.209961 0.0771484 0.0195312 0.000753403
9 0.451172 0.473145 0.0644531 0.104492 0.000754356
6 0.302734 0.422852 0.0527344 0.0449219 0.000762939
8 0.782227 0.541992 0.0371094 0.0214844 0.000763416
13 0.415527 0.371094 0.116211 0.121094 0.000769615
8 0.817871 0.507324 0.0283203 0.0263672 0.000772476
11 0.498535 0.0239258 0.0400391 0.0361328 0.000778198
1 0.293457 0.405273 0.0712891 0.078125 0.000778675
10 0.832031 0.844238 0.0917969 0.0517578 0.000786781
13 0.766602 0.447754 0.126953 0.129883 0.000798225
13 0.711426 0.346191 0.157227 0.182617 0.000806808
2 0.510742 0.0546875 0.0820312 0.0996094 0.0008111
7 0.498047 0.0258789 0.0390625 0.0322266 0.000819206
12 0.632812 0.390625 0.119141 0.130859 0.00082159
8 0.488281 0.0283203 0.0175781 0.0273438 0.000825882
11 0.832031 0.844238 0.0917969 0.0517578 0.000832081
11 0.404785 0.216309 0.0693359 0.0244141 0.000839233
11 0.458984 0.221191 0.146484 0.0380859 0.00083971
13 0.767578 0.371582 0.0683594 0.0517578 0.00083971
8 0.787109 0.465332 0.107422 0.229492 0.000840664
11 0.490723 0.202637 0.0810547 0.0361328 0.000846386
7 0.727051 0.43457 0.258789 0.298828 0.000851154
13 0.792969 0.541016 0.0175781 0.015625 0.000863552
2 0.796875 0.495117 0.0859375 0.201172 0.000864029
8 0.757812 0.558105 0.0253906 0.0224609 0.000879288
6 0.31543 0.433105 0.0234375 0.0166016 0.000891685
9 0.279297 0.42627 0.101562 0.0947266 0.00089407
5 0.288086 0.40332 0.0800781 0.0800781 0.000901222
2 0.733887 0.369629 0.157227 0.161133 0.000905037
6 0.305176 0.379883 0.116211 0.130859 0.000908852
11 0.31543 0.432617 0.0234375 0.0175781 0.000915051
11 0.422363 0.208496 0.0908203 0.0224609 0.000918388
9 0.5625 0.321777 0.111328 0.276367 0.000918865
4 0.31543 0.432617 0.0234375 0.0175781 0.000926018
7 0.680176 0.239746 0.124023 0.0576172 0.000934124
8 0.286621 0.563477 0.0478516 0.0332031 0.000952244
8 0.797363 0.544434 0.0205078 0.0205078 0.000964642
11 0.292969 0.407715 0.0742188 0.0732422 0.000972748
2 0.792969 0.541504 0.0175781 0.0146484 0.000983238
2 0.919434 0.236816 0.0146484 0.0107422 0.000990868
13 0.270996 0.40625 0.0712891 0.0410156 0.00100613
9 0.500488 0.0952148 0.180664 0.19043 0.00101948
8 0.793945 0.534668 0.0195312 0.0185547 0.00104046
11 0.669922 0.230469 0.0917969 0.0351562 0.00104046
8 0.83252 0.563477 0.0205078 0.0175781 0.00104904
9 0.501465 0.0371094 0.0576172 0.0722656 0.00106239
0 0.637695 0.402832 0.267578 0.209961 0.00106621
13 0.498535 0.0258789 0.0380859 0.0322266 0.00106716
5 0.741211 0.541016 0.263672 0.501953 0.00107384
9 0.910645 0.667969 0.00683594 0.0078125 0.00107574
9 0.558594 0.065918 0.226562 0.12793 0.00107956
13 0.846191 0.73877 0.0517578 0.0302734 0.00108242
13 0.789551 0.54541 0.0498047 0.0361328 0.00112247
13 0.790039 0.413086 0.0683594 0.0507812 0.00112438
7 0.27832 0.426758 0.101562 0.09375 0.00113964
11 0.859375 0.856934 0.046875 0.0615234 0.0011425
10 0.749512 0.417969 0.192383 0.261719 0.00114346
8 0.763184 0.562012 0.0146484 0.0126953 0.00114536
9 0.793457 0.541016 0.0166016 0.0136719 0.00114632
13 0.290527 0.412598 0.0517578 0.0498047 0.00117493
11 0.387207 0.220703 0.102539 0.0351562 0.00120831
8 0.789551 0.54541 0.0498047 0.0361328 0.00123978
2 0.78418 0.42041 0.126953 0.192383 0.00130177
2 0.305176 0.379883 0.116211 0.130859 0.00130463
7 0.302734 0.422852 0.0527344 0.0449219 0.00134087
4 0.637207 0.388672 0.114258 0.125 0.0013876
1 0.634766 0.385254 0.119141 0.12207 0.00138855
8 0.793457 0.551758 0.0205078 0.0273438 0.00141525
2 0.807129 0.498535 0.0224609 0.0205078 0.00141621
9 0.31543 0.433594 0.0292969 0.0292969 0.00142097
11 0.632812 0.390625 0.119141 0.130859 0.00145149
13 0.789551 0.412109 0.0791016 0.117188 0.00148201
10 0.859375 0.821289 0.0449219 0.0664062 0.00149918
7 0.637207 0.388672 0.114258 0.125 0.00158501
9 0.302734 0.422852 0.0527344 0.0449219 0.00163746
8 0.751953 0.4375 0.0214844 0.0175781 0.00165462
2 0.817383 0.513672 0.0175781 0.0136719 0.00165844
13 0.378418 0.59082 0.104492 0.154297 0.00167274
8 0.364746 0.402832 0.0146484 0.0107422 0.0017395
10 0.0849609 0.803711 0.0410156 0.0664062 0.0017395
10 0.634766 0.385254 0.119141 0.12207 0.00178146
13 0.79834 0.413574 0.0439453 0.0341797 0.00180531
9 0.576172 0.691895 0.347656 0.161133 0.00185966
0 0.726562 0.269043 0.189453 0.104492 0.0018959
2 0.486328 0.0273438 0.015625 0.0253906 0.0019474
9 0.494141 0.0761719 0.0800781 0.138672 0.00210953
13 0.315918 0.432129 0.0283203 0.0283203 0.0021286
2 0.776367 0.468262 0.0175781 0.0185547 0.00216293
11 0.73584 0.248535 0.112305 0.0712891 0.00221443
8 0.919434 0.236816 0.0146484 0.0107422 0.00221634
11 0.859375 0.821289 0.0449219 0.0664062 0.00227737
13 0.769043 0.380859 0.0947266 0.125 0.0023613
8 0.775879 0.537598 0.0244141 0.0146484 0.00239944
13 0.311035 0.407227 0.0419922 0.0664062 0.00248718
8 0.263184 0.40625 0.0146484 0.0117188 0.00251961
13 0.321777 0.419434 0.0888672 0.0615234 0.00256348
9 0.714355 0.266113 0.18457 0.0986328 0.00265694
13 0.777344 0.367676 0.0429688 0.0302734 0.00272179
11 0.0849609 0.803711 0.0410156 0.0664062 0.00275612
9 0.637207 0.388672 0.114258 0.125 0.0029068
9 0.254395 0.727539 0.125977 0.0449219 0.00299835
11 0.72998 0.280762 0.110352 0.0791016 0.00309753
13 0.338379 0.406738 0.139648 0.0927734 0.00321198
3 0.635254 0.38623 0.118164 0.124023 0.00326729
8 0.808594 0.503418 0.0253906 0.0283203 0.00330925
8 0.80127 0.414551 0.0439453 0.0341797 0.00332451
7 0.293457 0.405273 0.0712891 0.078125 0.00339127
3 0.714355 0.266113 0.18457 0.0986328 0.00352478
6 0.716309 0.266602 0.176758 0.109375 0.00361061
13 0.64502 0.385254 0.0966797 0.114258 0.00380516
12 0.748047 0.42627 0.193359 0.268555 0.00384521
2 0.302734 0.422852 0.0527344 0.0449219 0.00406265
13 0.362305 0.375488 0.201172 0.135742 0.00410461
4 0.749023 0.42041 0.1875 0.274414 0.00411987
8 0.319824 0.371582 0.0146484 0.0126953 0.00416183
11 0.491211 0.21582 0.0800781 0.0351562 0.00419235
12 0.708008 0.260254 0.162109 0.100586 0.00424576
2 0.645996 0.384766 0.0966797 0.115234 0.00428009
9 0.544434 0.410645 0.151367 0.350586 0.00429153
11 0.658691 0.268066 0.0986328 0.110352 0.00435638
8 0.816895 0.46875 0.0126953 0.0117188 0.00440979
9 0.750488 0.435059 0.188477 0.297852 0.00452805
9 0.293457 0.404785 0.0693359 0.0771484 0.00458527
11 0.75293 0.289062 0.138672 0.126953 0.00482178
6 0.288086 0.40332 0.0800781 0.0800781 0.00487137
3 0.749512 0.417969 0.192383 0.261719 0.00489044
8 0.71875 0.266113 0.183594 0.100586 0.00517273
9 0.495117 0.601562 0.103516 0.332031 0.00537872
11 0.420898 0.214844 0.132812 0.0292969 0.00543976
8 0.293457 0.558594 0.0283203 0.0195312 0.00569916
8 0.29248 0.408203 0.0751953 0.0742188 0.00572205
8 0.498535 0.0258789 0.0380859 0.0322266 0.00582504
9 0.488281 0.0283203 0.0175781 0.0273438 0.00584412
5 0.737305 0.414062 0.203125 0.261719 0.00605392
11 0.461914 0.199219 0.101562 0.0214844 0.00610733
0 0.748047 0.42627 0.193359 0.268555 0.00645828
2 0.719238 0.269043 0.180664 0.114258 0.00648117
8 0.313477 0.431152 0.03125 0.0283203 0.00660324
7 0.314941 0.432617 0.0224609 0.015625 0.00680161
8 0.756348 0.435547 0.19043 0.285156 0.00714111
8 0.806641 0.494629 0.015625 0.0146484 0.00727081
7 0.74707 0.391602 0.171875 0.203125 0.00742722
11 0.697266 0.235352 0.142578 0.0488281 0.00801849
8 0.302734 0.422852 0.0527344 0.0449219 0.00862122
9 0.919434 0.236816 0.0146484 0.0107422 0.00868988
8 0.64502 0.385254 0.0966797 0.114258 0.00963593
13 0.777344 0.458984 0.148438 0.320312 0.0100632
13 0.279297 0.42627 0.101562 0.0947266 0.0101929
10 0.853516 0.839844 0.0644531 0.0742188 0.0104218
11 0.72998 0.357422 0.21582 0.226562 0.0104828
2 0.29248 0.408203 0.0751953 0.0742188 0.0112457
10 0.717773 0.262695 0.173828 0.101562 0.011467
11 0.853516 0.839844 0.0644531 0.0742188 0.011528
11 0.756348 0.435547 0.19043 0.285156 0.0116425
9 0.220215 0.739258 0.147461 0.0683594 0.0121155
1 0.750488 0.435059 0.188477 0.297852 0.0123672
9 0.192383 0.755371 0.222656 0.0966797 0.0134048
2 0.494629 0.0273438 0.0341797 0.03125 0.0139618
10 0.0849609 0.811035 0.03125 0.0380859 0.0156097
8 0.776367 0.466309 0.0195312 0.0166016 0.0167389
13 0.726562 0.269043 0.189453 0.104492 0.0182495
4 0.715332 0.26416 0.172852 0.104492 0.0196228
9 0.498047 0.0249023 0.0390625 0.0361328 0.020813
8 0.817871 0.51416 0.0146484 0.0126953 0.0220032
9 0.314941 0.432617 0.0224609 0.015625 0.0225525
11 0.460938 0.208496 0.126953 0.0283203 0.0232086
11 0.0849609 0.811035 0.03125 0.0380859 0.0258179
8 0.792969 0.541016 0.0175781 0.0136719 0.0266418
2 0.31543 0.432617 0.0234375 0.0175781 0.0275116
13 0.31543 0.433105 0.0214844 0.0166016 0.0319214
9 0.520508 0.541016 0.173828 0.470703 0.0332947
13 0.305176 0.379883 0.116211 0.130859 0.035675
6 0.737305 0.414062 0.203125 0.261719 0.0402832
13 0.302734 0.422852 0.0527344 0.0449219 0.0440979
1 0.715332 0.265137 0.178711 0.108398 0.0484619
7 0.715332 0.263672 0.172852 0.103516 0.0490417
2 0.750488 0.435059 0.188477 0.297852 0.0606384
10 0.858887 0.838379 0.0361328 0.0478516 0.0632935
3 0.579102 0.686523 0.357422 0.15625 0.0681152
11 0.858887 0.838379 0.0361328 0.0478516 0.0855713
13 0.292969 0.402344 0.0742188 0.0820312 0.175049
8 0.31543 0.432617 0.0234375 0.0175781 0.273438
11 0.713867 0.263672 0.181641 0.105469 0.356445
13 0.74707 0.390625 0.171875 0.212891 0.443604
0 0.635254 0.38623 0.118164 0.124023 0.534668
