9 0.36377 0.634766 0.168945 0.130859 0.000113666
10 0.318359 0.119629 0.179688 0.0732422 0.000113845
11 0.293945 0.174805 0.265625 0.205078 0.00011456
2 0.614258 0.288086 0.0625 0.111328 0.000115633
9 0.581543 0.246094 0.0869141 0.0761719 0.000115871
6 0.207031 0.641602 0.414062 0.240234 0.000117481
9 0.556641 0.0341797 0.472656 0.0664062 0.000117958
2 0.479004 0.347656 0.336914 0.306641 0.000118136
8 0.787109 0.470703 0.199219 0.294922 0.000118613
11 0.350098 0.105957 0.0732422 0.0205078 0.000119627
9 0.338379 0.107422 0.237305 0.0976562 0.000119984
3 0.332031 0.591309 0.279297 0.192383 0.00012207
9 0.964355 0.208496 0.0693359 0.21582 0.000123262
12 0.206055 0.595215 0.392578 0.293945 0.000123739
13 0.243164 0.981445 0.142578 0.0371094 0.000123739
9 0.470215 0.0200195 0.411133 0.0400391 0.000124335
6 0.572266 0.275879 0.134766 0.139648 0.000124693
10 0.0541992 0.508301 0.108398 0.530273 0.000126481
10 0.0649414 0.983398 0.116211 0.0292969 0.000127196
11 0.612305 0.109863 0.111328 0.0361328 0.000127316
13 0.237305 0.556152 0.0234375 0.0224609 0.000128388
5 0.812988 0.494629 0.166992 0.147461 0.000129342
13 0.581543 0.24707 0.0849609 0.0742188 0.00012958
10 0.197754 0.97998 0.178711 0.0380859 0.000130653
8 0.302734 0.450195 0.03125 0.03125 0.000133872
9 0.379883 0.437988 0.119141 0.176758 0.000135422
7 0.782227 0.472656 0.0175781 0.0136719 0.000135541
9 0.702148 0.259277 0.369141 0.286133 0.00013566
9 0.352051 0.218262 0.235352 0.235352 0.000136137
9 0.120117 0.40625 0.240234 0.667969 0.000136733
11 0.461426 0.227051 0.0400391 0.0478516 0.000137687
1 0.327637 0.119629 0.19043 0.0615234 0.000138283
7 0.282715 0.157227 0.25293 0.132812 0.000140905
10 0.651855 0.943848 0.379883 0.110352 0.000140905
11 0.366211 0.0976562 0.15625 0.0390625 0.000142097
11 0.802246 0.97998 0.313477 0.0380859 0.000143528
0 0.772949 0.508301 0.264648 0.331055 0.000143766
9 0.129395 0.746094 0.258789 0.289062 0.000145197
5 0.217773 0.790527 0.417969 0.391602 0.000146151
9 0.776367 0.597168 0.34375 0.256836 0.000146627
10 0.252441 0.812988 0.450195 0.37207 0.000146747
10 0.100586 0.990234 0.126953 0.0195312 0.000146747
3 0.321777 0.125488 0.217773 0.0888672 0.000146866
7 0.383301 0.472656 0.165039 0.423828 0.000147223
2 0.445312 0.233398 0.0527344 0.0625 0.000152111
12 0.772949 0.508301 0.264648 0.331055 0.000153542
0 0.541016 0.337891 0.197266 0.158203 0.000153542
7 0.237305 0.556152 0.0273438 0.0224609 0.000154376
9 0.275879 0.248535 0.352539 0.325195 0.000157595
10 0.681152 0.135254 0.21582 0.0849609 0.000157714
9 0.964844 0.337402 0.0703125 0.313477 0.000159502
13 0.287598 0.146484 0.241211 0.138672 0.000161409
10 0.540039 0.272461 0.199219 0.138672 0.000162482
5 0.723633 0.433594 0.275391 0.197266 0.000163198
0 0.55127 0.611328 0.520508 0.175781 0.000164151
11 0.215332 0.186523 0.163086 0.162109 0.000165462
2 0.550781 0.229492 0.0546875 0.0449219 0.000167847
2 0.559082 0.234375 0.15918 0.103516 0.000168204
4 0.540039 0.272461 0.199219 0.138672 0.000169039
5 0.214844 0.218262 0.376953 0.301758 0.000172615
13 0.694824 0.325195 0.0966797 0.0859375 0.000173926
10 0.932617 0.985352 0.0683594 0.0292969 0.000174284
9 0.232422 0.980469 0.128906 0.0371094 0.000177622
7 0.779785 0.95752 0.362305 0.0849609 0.000182986
11 0.296875 0.100098 0.185547 0.0908203 0.000183702
9 0.243164 0.964844 0.238281 0.0703125 0.000186563
3 0.450684 0.902344 0.485352 0.179688 0.000186801
3 0.578613 0.345703 0.442383 0.283203 0.000187874
0 0.484863 0.228027 0.104492 0.0712891 0.000188351
1 0.28418 0.166992 0.210938 0.166016 0.0001899
0 0.282715 0.157227 0.25293 0.132812 0.00019002
5 0.650879 0.510742 0.352539 0.328125 0.000190496
2 0.456055 0.244629 0.132812 0.110352 0.000192881
8 0.770508 0.467773 0.0371094 0.0195312 0.000193119
10 0.279297 0.143555 0.197266 0.162109 0.00019455
11 0.384277 0.111816 0.0849609 0.0341797 0.00019598
9 0.282715 0.157227 0.25293 0.132812 0.000196099
7 0.205078 0.53125 0.279297 0.322266 0.000196934
5 0.554688 0.276855 0.177734 0.145508 0.000200748
3 0.802246 0.97998 0.313477 0.0380859 0.000200868
5 0.120117 0.40625 0.240234 0.667969 0.000201344
8 0.759277 0.466797 0.0224609 0.015625 0.000201583
13 0.205078 0.53125 0.279297 0.322266 0.000201583
10 0.920898 0.973145 0.0957031 0.0498047 0.000201821
11 0.376953 0.12793 0.132812 0.0683594 0.000202417
10 0.875488 0.934082 0.172852 0.131836 0.000203967
2 0.237305 0.556152 0.0234375 0.0224609 0.000207782
13 0.754883 0.538086 0.296875 0.289062 0.000208259
13 0.78125 0.473145 0.0234375 0.0126953 0.000210762
7 0.749512 0.55127 0.286133 0.237305 0.000213504
2 0.327637 0.119629 0.19043 0.0634766 0.000214338
7 0.540039 0.272461 0.199219 0.138672 0.000216842
10 0.910156 0.989258 0.0976562 0.0195312 0.000217319
8 0.23291 0.553223 0.131836 0.100586 0.000220299
1 0.681152 0.135254 0.21582 0.0849609 0.000222445
11 0.749023 0.397949 0.347656 0.588867 0.00022459
4 0.283203 0.136719 0.158203 0.0976562 0.00022471
13 0.460449 0.227539 0.0419922 0.046875 0.000226378
9 0.348633 0.427246 0.257812 0.514648 0.000228047
0 0.456055 0.244629 0.132812 0.110352 0.000233889
5 0.219727 0.416992 0.294922 0.214844 0.000234127
9 0.237305 0.556152 0.0273438 0.0224609 0.00023973
9 0.821777 0.952148 0.272461 0.0957031 0.000244379
9 0.403809 0.272949 0.196289 0.233398 0.000245333
7 0.247559 0.944336 0.364258 0.111328 0.000247002
7 0.681152 0.135254 0.21582 0.0849609 0.000248432
5 0.147949 0.661133 0.213867 0.179688 0.000248909
10 0.293945 0.942383 0.384766 0.115234 0.000248909
4 0.749023 0.397949 0.347656 0.588867 0.00025034
12 0.293457 0.17334 0.235352 0.170898 0.000256777
5 0.778809 0.425293 0.18457 0.311523 0.000261784
3 0.706055 0.541016 0.220703 0.230469 0.000263214
12 0.572266 0.275879 0.134766 0.139648 0.000268698
11 0.694824 0.159668 0.229492 0.163086 0.000269651
10 0.0932617 0.928223 0.145508 0.141602 0.00026989
10 0.910156 0.95459 0.121094 0.0908203 0.000270128
9 0.384766 0.366211 0.113281 0.197266 0.000270844
3 0.273926 0.147949 0.145508 0.116211 0.000272274
5 0.45752 0.399902 0.30957 0.46582 0.000281811
12 0.79541 0.115723 0.40918 0.231445 0.000282526
8 0.387695 0.372559 0.136719 0.331055 0.000289202
11 0.22168 0.397461 0.373047 0.583984 0.000289917
3 0.200195 0.492188 0.267578 0.357422 0.000299931
8 0.283203 0.136719 0.158203 0.0976562 0.000309944
1 0.749023 0.397949 0.347656 0.588867 0.000311613
9 0.667969 0.455078 0.210938 0.353516 0.000322342
10 0.125 0.983398 0.167969 0.0332031 0.00032568
3 0.123535 0.0439453 0.24707 0.0839844 0.000328779
13 0.603516 0.250488 0.0996094 0.108398 0.000336885
5 0.237305 0.556152 0.0292969 0.0224609 0.000338078
8 0.749023 0.397949 0.347656 0.588867 0.00033927
4 0.22168 0.397461 0.373047 0.583984 0.000348091
1 0.554688 0.276855 0.177734 0.145508 0.000357389
9 0.681152 0.135254 0.21582 0.0849609 0.000358343
9 0.0991211 0.585449 0.196289 0.356445 0.00036788
9 0.781738 0.471191 0.0166016 0.0146484 0.000368357
2 0.749023 0.397949 0.347656 0.588867 0.000372648
3 0.0600586 0.651855 0.118164 0.344727 0.000381947
5 0.299805 0.595703 0.396484 0.232422 0.000383377
7 0.381836 0.595215 0.185547 0.245117 0.000388145
2 0.781738 0.471191 0.0166016 0.0146484 0.000389814
3 0.572266 0.275879 0.134766 0.139648 0.00039196
11 0.33252 0.109863 0.0712891 0.0244141 0.000393391
1 0.22168 0.397461 0.373047 0.583984 0.000394344
9 0.211914 0.887695 0.353516 0.210938 0.000395775
12 0.681152 0.135254 0.21582 0.0849609 0.000402451
9 0.175781 0.9375 0.267578 0.125 0.000403881
10 0.749023 0.397949 0.347656 0.588867 0.000410795
0 0.586426 0.402344 0.575195 0.373047 0.000431299
8 0.229004 0.84375 0.0380859 0.0332031 0.00043273
8 0.22168 0.397461 0.373047 0.583984 0.00043273
6 0.501953 0.28125 0.304688 0.164062 0.000437021
0 0.749023 0.397949 0.347656 0.588867 0.000438929
6 0.205078 0.53125 0.279297 0.322266 0.00044632
2 0.22168 0.397461 0.373047 0.583984 0.000446558
7 0.494629 0.30127 0.30957 0.208008 0.000447273
5 0.854004 0.459961 0.213867 0.369141 0.000450611
4 0.494629 0.30127 0.30957 0.208008 0.00045085
0 0.57373 0.335938 0.291992 0.25 0.000468254
9 0.283203 0.136719 0.158203 0.0976562 0.000472069
9 0.358398 0.591309 0.119141 0.170898 0.000475645
10 0.22168 0.397461 0.373047 0.583984 0.000477076
3 0.55127 0.466309 0.545898 0.463867 0.000486135
7 0.232422 0.980469 0.128906 0.0371094 0.000505447
3 0.206055 0.595215 0.392578 0.293945 0.000506401
8 0.773438 0.473145 0.0644531 0.0244141 0.000506878
9 0.319824 0.61084 0.395508 0.206055 0.000514507
3 0.571289 0.643555 0.505859 0.181641 0.000515938
5 0.702148 0.259277 0.369141 0.286133 0.000524998
5 0.382812 0.42334 0.136719 0.43457 0.000525475
8 0.860352 0.632324 0.0390625 0.0361328 0.000528812
11 0.402832 0.125 0.0673828 0.0488281 0.00053072
11 0.572266 0.275879 0.134766 0.139648 0.000534058
0 0.219727 0.414062 0.318359 0.527344 0.000544071
6 0.772949 0.508301 0.264648 0.331055 0.000561237
0 0.565918 0.244629 0.102539 0.0771484 0.000575066
10 0.109375 0.964844 0.162109 0.0703125 0.00062418
10 0.753418 0.917969 0.40918 0.158203 0.000625134
7 0.401855 0.245605 0.0947266 0.200195 0.000630379
5 0.805176 0.26709 0.389648 0.446289 0.000637054
1 0.496094 0.29834 0.3125 0.188477 0.000660419
0 0.282715 0.141113 0.143555 0.102539 0.00067997
7 0.749023 0.397949 0.347656 0.588867 0.000688553
5 0.117188 0.598633 0.224609 0.335938 0.000704288
9 0.801758 0.108398 0.396484 0.216797 0.000707626
5 0.319824 0.520996 0.237305 0.34668 0.000709534
7 0.283203 0.136719 0.158203 0.0976562 0.000725746
3 0.433594 0.959961 0.431641 0.0800781 0.000726223
13 0.749023 0.397949 0.347656 0.588867 0.000738621
9 0.721191 0.509277 0.166992 0.15918 0.000754833
3 0.811523 0.0444336 0.376953 0.0888672 0.000763893
9 0.375 0.470703 0.148438 0.375 0.000772476
9 0.22998 0.84375 0.0361328 0.0351562 0.000779152
12 0.749023 0.397949 0.347656 0.588867 0.000786304
13 0.282715 0.141113 0.143555 0.102539 0.000787258
5 0.496094 0.29834 0.3125 0.188477 0.000799656
10 0.827637 0.989746 0.239258 0.0205078 0.000817776
0 0.399414 0.35791 0.173828 0.358398 0.000828266
9 0.401855 0.26709 0.0966797 0.200195 0.000851154
9 0.55127 0.466309 0.545898 0.463867 0.000872135
12 0.289551 0.139648 0.174805 0.101562 0.000876427
7 0.243164 0.964844 0.238281 0.0703125 0.000876427
5 0.230469 0.541016 0.177734 0.171875 0.000878334
10 0.494629 0.30127 0.30957 0.208008 0.000911713
8 0.495117 0.285156 0.298828 0.164062 0.000955105
9 0.0786133 0.679688 0.157227 0.275391 0.000994682
13 0.22168 0.397461 0.373047 0.583984 0.00100136
9 0.812012 0.512207 0.198242 0.295898 0.00101852
7 0.22168 0.397461 0.373047 0.583984 0.00102615
8 0.578613 0.270996 0.120117 0.131836 0.00103474
7 0.549805 0.575195 0.523438 0.191406 0.00103951
11 0.324707 0.138184 0.231445 0.110352 0.00104713
12 0.495117 0.285156 0.298828 0.164062 0.00104904
3 0.772949 0.508301 0.264648 0.331055 0.00108433
8 0.460938 0.227051 0.0429688 0.0439453 0.00110245
11 0.549805 0.575195 0.523438 0.191406 0.00111389
8 0.549805 0.575195 0.523438 0.191406 0.00111389
10 0.278809 0.13623 0.131836 0.0966797 0.00113201
11 0.65332 0.10791 0.128906 0.0302734 0.00116253
10 0.88623 0.98291 0.143555 0.0322266 0.00116348
1 0.549805 0.575195 0.523438 0.191406 0.00116825
10 0.224609 0.964355 0.263672 0.0712891 0.00117588
11 0.501953 0.28125 0.304688 0.164062 0.00119686
8 0.267578 0.498047 0.0136719 0.0136719 0.00121689
4 0.549805 0.575195 0.523438 0.191406 0.0012331
12 0.547852 0.570801 0.525391 0.192383 0.00125122
2 0.547852 0.570801 0.525391 0.192383 0.00125599
6 0.549805 0.575195 0.523438 0.191406 0.0012722
8 0.779785 0.474609 0.0380859 0.0175781 0.00128841
0 0.463867 0.228516 0.0410156 0.0507812 0.0013113
11 0.288574 0.126465 0.0771484 0.0556641 0.00131893
9 0.199707 0.492188 0.266602 0.34375 0.00132942
12 0.22168 0.397461 0.373047 0.583984 0.00137615
7 0.387695 0.384277 0.115234 0.237305 0.00138569
5 0.719727 0.539551 0.210938 0.223633 0.00139618
2 0.563965 0.239746 0.0634766 0.0537109 0.00140667
1 0.283203 0.136719 0.158203 0.0976562 0.00141335
13 0.549805 0.575195 0.523438 0.191406 0.00141907
3 0.42334 0.980469 0.438477 0.0371094 0.00143433
9 0.217773 0.790527 0.417969 0.391602 0.00145054
9 0.578125 0.271973 0.121094 0.12793 0.00153542
2 0.597656 0.269531 0.0703125 0.0976562 0.00155067
9 0.206055 0.595215 0.392578 0.293945 0.00161648
2 0.504883 0.280273 0.287109 0.152344 0.00171089
11 0.744141 0.150391 0.150391 0.121094 0.00177097
5 0.776367 0.597168 0.34375 0.256836 0.00195026
5 0.549805 0.575195 0.523438 0.191406 0.00196648
3 0.22168 0.397461 0.373047 0.583984 0.00197029
11 0.3125 0.111328 0.0898438 0.0390625 0.0019722
9 0.462891 0.227051 0.0410156 0.0419922 0.0020752
0 0.503906 0.242676 0.273438 0.124023 0.0020771
9 0.125977 0.66748 0.167969 0.161133 0.00217438
10 0.865723 0.968262 0.196289 0.0634766 0.00217819
2 0.282715 0.141113 0.143555 0.102539 0.00224686
0 0.451172 0.397461 0.294922 0.490234 0.00227356
10 0.547852 0.570801 0.525391 0.192383 0.00245094
11 0.253418 0.145508 0.0927734 0.0898438 0.00246429
3 0.749023 0.397949 0.347656 0.588867 0.00248337
6 0.749023 0.397949 0.347656 0.588867 0.00250816
13 0.501953 0.28125 0.304688 0.164062 0.00260544
9 0.729492 0.529785 0.271484 0.243164 0.00280571
10 0.211914 0.887695 0.353516 0.210938 0.0028286
9 0.43457 0.445312 0.279297 0.613281 0.00286674
13 0.572266 0.275879 0.134766 0.139648 0.00287628
9 0.500977 0.27832 0.287109 0.150391 0.00299644
9 0.547852 0.570801 0.525391 0.192383 0.0031414
6 0.22168 0.397461 0.373047 0.583984 0.00320816
0 0.592773 0.261719 0.09375 0.0976562 0.00414276
11 0.653809 0.118164 0.172852 0.0507812 0.00425339
9 0.749023 0.397949 0.347656 0.588867 0.00472641
11 0.342773 0.105957 0.132812 0.0263672 0.00479126
0 0.55127 0.522461 0.536133 0.294922 0.00485611
9 0.479004 0.347656 0.336914 0.306641 0.00507355
2 0.581543 0.247559 0.0830078 0.0771484 0.00510025
10 0.802246 0.97998 0.313477 0.0380859 0.00512314
9 0.381836 0.595215 0.185547 0.245117 0.00522232
0 0.494629 0.376465 0.321289 0.24707 0.00544739
9 0.22168 0.397461 0.373047 0.583984 0.00564194
3 0.495117 0.285156 0.298828 0.164062 0.00639725
5 0.819824 0.572754 0.170898 0.213867 0.00651169
9 0.169434 0.674805 0.336914 0.197266 0.00676727
10 0.779785 0.95752 0.362305 0.0849609 0.00712585
5 0.206055 0.640625 0.410156 0.208984 0.00720596
10 0.175781 0.9375 0.267578 0.125 0.0074234
11 0.693848 0.130859 0.18457 0.0859375 0.00891876
8 0.237305 0.556152 0.0234375 0.0224609 0.0107346
8 0.781738 0.471191 0.0166016 0.0146484 0.0117569
9 0.394531 0.36084 0.146484 0.350586 0.0148163
2 0.578613 0.270996 0.120117 0.131836 0.0149918
2 0.461426 0.228516 0.0419922 0.0449219 0.0170288
11 0.256348 0.154785 0.165039 0.12793 0.0234833
11 0.337891 0.115723 0.177734 0.0439453 0.0278473
5 0.205566 0.529297 0.266602 0.289062 0.0326843
0 0.573242 0.285645 0.136719 0.15332 0.0329285
5 0.777344 0.507812 0.253906 0.3125 0.0419922
5 0.22168 0.397461 0.373047 0.583984 0.112183
5 0.744629 0.394043 0.354492 0.553711 0.117737
11 0.288086 0.128906 0.130859 0.078125 0.122314
0 0.492676 0.297852 0.303711 0.1875 0.26709
3 0.550293 0.57666 0.524414 0.178711 0.564453
