9 0.522461 0.563965 0.183594 0.254883 0.000100613
13 0.388184 0.434082 0.0556641 0.108398 0.000100851
10 0.164062 0.645996 0.328125 0.708008 0.000102341
10 0.725098 0.351074 0.301758 0.411133 0.000113249
9 0.477539 0.701172 0.722656 0.351562 0.000113726
3 0.78125 0.176758 0.4375 0.353516 0.000113785
10 0.719238 0.883789 0.397461 0.220703 0.000118017
3 0.282227 0.573242 0.302734 0.160156 0.000118971
9 0.786621 0.538086 0.172852 0.0410156 0.000119448
9 0.443848 0.540527 0.0908203 0.145508 0.000120103
9 0.39209 0.558594 0.374023 0.179688 0.000122011
5 0.300293 0.567871 0.321289 0.157227 0.000124454
13 0.299805 0.0390625 0.279297 0.078125 0.000130296
10 0.710938 0.574219 0.333984 0.0898438 0.000130773
0 0.282227 0.573242 0.302734 0.160156 0.000132203
10 0.207031 0.0947266 0.414062 0.181641 0.000132799
10 0.699219 0.945801 0.396484 0.108398 0.00013411
11 0.652344 0.281738 0.0410156 0.0322266 0.000137687
11 0.59668 0.142578 0.0703125 0.0488281 0.000138998
12 0.207031 0.0947266 0.414062 0.181641 0.000140548
7 0.476074 0.712891 0.438477 0.154297 0.000145078
4 0.732422 0.348633 0.292969 0.412109 0.00014627
9 0.471191 0.502441 0.165039 0.202148 0.000153184
9 0.703613 0.348633 0.0966797 0.146484 0.00015676
11 0.727539 0.151855 0.0917969 0.0556641 0.000157952
12 0.280762 0.568359 0.293945 0.152344 0.000159502
10 0.15625 0.563477 0.0292969 0.0566406 0.000161171
6 0.754395 0.36377 0.256836 0.385742 0.000161529
0 0.279785 0.0400391 0.258789 0.0800781 0.000165343
13 0.394531 0.29541 0.09375 0.0673828 0.000167489
10 0.244141 0.560547 0.216797 0.148438 0.000167847
2 0.299805 0.0390625 0.279297 0.078125 0.000168204
13 0.652344 0.282227 0.0371094 0.0292969 0.000170112
9 0.739746 0.547852 0.155273 0.0488281 0.000171065
9 0.709473 0.535645 0.333008 0.0712891 0.000175476
12 0.725098 0.351074 0.301758 0.411133 0.000178814
8 0.739746 0.386719 0.0380859 0.0332031 0.000180483
10 0.701172 0.354492 0.046875 0.0351562 0.000198483
10 0.72998 0.969238 0.305664 0.0615234 0.000201344
9 0.282227 0.511719 0.271484 0.191406 0.000212789
11 0.15625 0.563477 0.0292969 0.0566406 0.000216484
12 0.70166 0.354492 0.0458984 0.0351562 0.000234485
7 0.77832 0.405273 0.189453 0.273438 0.000235677
8 0.71582 0.424805 0.0117188 0.00976562 0.000237584
4 0.652832 0.282715 0.0400391 0.0322266 0.000261545
8 0.355469 0.275879 0.0136719 0.0126953 0.000281096
11 0.292969 0.178223 0.0449219 0.0263672 0.000282526
3 0.231934 0.159668 0.436523 0.174805 0.000283718
3 0.536621 0.290039 0.186523 0.130859 0.000285387
13 0.579102 0.756348 0.472656 0.258789 0.000285864
9 0.812012 0.554199 0.149414 0.0634766 0.000298262
2 0.701172 0.351074 0.0722656 0.0556641 0.000298738
5 0.70166 0.354492 0.0458984 0.0351562 0.000320435
9 0.574707 0.275391 0.106445 0.0976562 0.000322342
11 0.625 0.127441 0.101562 0.0341797 0.000351191
11 0.639648 0.126465 0.046875 0.0126953 0.000352621
7 0.701172 0.351074 0.0722656 0.0556641 0.00035882
11 0.414062 0.146484 0.113281 0.0449219 0.000370741
9 0.711914 0.355469 0.0234375 0.0292969 0.000401974
0 0.652832 0.281738 0.0400391 0.0322266 0.000403166
9 0.55127 0.479004 0.291992 0.22168 0.000407696
9 0.68457 0.54541 0.199219 0.0595703 0.000412464
7 0.280273 0.566895 0.271484 0.149414 0.000414848
9 0.790039 0.41748 0.162109 0.250977 0.000440598
3 0.76416 0.0947266 0.47168 0.189453 0.000451803
8 0.709961 0.328125 0.0253906 0.0195312 0.000456333
3 0.207031 0.0947266 0.414062 0.181641 0.000477552
13 0.281738 0.244629 0.0517578 0.0361328 0.000481844
6 0.701172 0.354492 0.046875 0.0351562 0.000494957
1 0.701172 0.354492 0.046875 0.0351562 0.0005126
9 0.336914 0.623535 0.423828 0.24707 0.00052166
3 0.141602 0.706055 0.283203 0.587891 0.00057888
8 0.708008 0.357422 0.115234 0.0839844 0.000614643
8 0.711914 0.355469 0.0234375 0.0292969 0.00068903
11 0.432129 0.142578 0.0732422 0.0273438 0.000698566
9 0.476074 0.712891 0.438477 0.154297 0.000700474
3 0.188965 0.209473 0.37793 0.418945 0.000751019
2 0.652832 0.282227 0.0380859 0.0292969 0.000770569
11 0.70166 0.354492 0.0458984 0.0351562 0.000819683
11 0.70752 0.145996 0.0908203 0.0302734 0.000855446
9 0.535156 0.294434 0.183594 0.137695 0.00086689
11 0.63623 0.123535 0.0771484 0.0166016 0.000923157
0 0.525391 0.352539 0.199219 0.289062 0.000923634
9 0.739746 0.583008 0.333008 0.142578 0.000972748
11 0.598145 0.133789 0.0556641 0.0273438 0.000981331
0 0.700684 0.35498 0.0458984 0.0361328 0.00101376
11 0.423828 0.133789 0.0683594 0.0136719 0.00102997
9 0.293945 0.52832 0.283203 0.0898438 0.00109196
9 0.517578 0.399902 0.171875 0.387695 0.00119781
13 0.70166 0.35498 0.0478516 0.0341797 0.00125694
11 0.366699 0.145996 0.0830078 0.0302734 0.0012579
3 0.563965 0.513672 0.342773 0.140625 0.00140667
7 0.652832 0.282715 0.0400391 0.0322266 0.00146389
11 0.681641 0.135742 0.125 0.0351562 0.00162792
5 0.754395 0.36377 0.256836 0.385742 0.00164509
9 0.701172 0.351074 0.0722656 0.0556641 0.00198936
4 0.701172 0.354492 0.046875 0.0351562 0.00199127
7 0.737305 0.351562 0.291016 0.402344 0.00199699
11 0.38916 0.140137 0.0830078 0.0302734 0.00201035
8 0.701172 0.351074 0.0722656 0.0556641 0.00213623
3 0.701172 0.354492 0.046875 0.0351562 0.00255394
11 0.660156 0.12793 0.109375 0.0214844 0.0026207
11 0.733398 0.151367 0.0605469 0.03125 0.00316048
9 0.652344 0.282227 0.0371094 0.0292969 0.00347137
9 0.737305 0.558594 0.28125 0.0683594 0.00411224
5 0.79541 0.4375 0.15332 0.208984 0.00427246
9 0.732422 0.348633 0.292969 0.412109 0.00453186
11 0.381836 0.140625 0.0566406 0.0195312 0.00567627
11 0.617676 0.127441 0.0791016 0.0185547 0.00611115
2 0.70166 0.35498 0.0458984 0.0361328 0.0121613
7 0.701172 0.354492 0.046875 0.0351562 0.0138855
11 0.404297 0.138184 0.0839844 0.0185547 0.0190125
0 0.536621 0.290527 0.18457 0.133789 0.0198059
9 0.282227 0.573242 0.302734 0.160156 0.0334167
9 0.700684 0.354492 0.0458984 0.0371094 0.0409546
0 0.571777 0.276367 0.110352 0.0996094 0.0454712
8 0.652344 0.281738 0.0410156 0.0322266 0.0583496
8 0.701172 0.354492 0.046875 0.0351562 0.214722
