11 0.651855 0.158691 0.0927734 0.0556641 0.000320673
11 0.240723 0.649902 0.0244141 0.0224609 0.000322104
11 0.202148 0.313965 0.03125 0.0654297 0.000322819
5 0.747559 0.487305 0.100586 0.21875 0.000322819
8 0.393066 0.562988 0.0302734 0.0302734 0.000324249
9 0.204102 0.459961 0.0859375 0.347656 0.000325441
8 0.316406 0.594727 0.0800781 0.0546875 0.000328064
13 0.389648 0.150391 0.0332031 0.0273438 0.000331402
8 0.320312 0.578613 0.0566406 0.0673828 0.000333548
7 0.23877 0.632324 0.125977 0.129883 0.000335217
9 0.182617 0.656738 0.0234375 0.0439453 0.000336647
13 0.389648 0.147949 0.0683594 0.0400391 0.000338554
6 0.555664 0.270508 0.0976562 0.0878906 0.000339985
8 0.242676 0.642578 0.0361328 0.03125 0.000340462
9 0.483887 0.411621 0.0810547 0.348633 0.000342607
9 0.323242 0.622559 0.0546875 0.0478516 0.000344276
7 0.343262 0.619629 0.145508 0.0947266 0.000346899
2 0.318848 0.470703 0.21582 0.3125 0.000349045
4 0.242188 0.652344 0.0390625 0.0351562 0.000350475
13 0.645508 0.346191 0.0742188 0.0576172 0.000352859
11 0.610352 0.149414 0.121094 0.0507812 0.000358105
7 0.34375 0.599121 0.0488281 0.0439453 0.000367403
12 0.556152 0.265625 0.0966797 0.078125 0.000368595
9 0.397949 0.550781 0.0341797 0.0410156 0.000368595
13 0.331543 0.553223 0.0654297 0.0771484 0.00036931
8 0.314941 0.586426 0.0263672 0.0205078 0.00036931
4 0.323242 0.549316 0.0292969 0.0322266 0.000375032
5 0.722168 0.416992 0.135742 0.177734 0.000375509
8 0.373047 0.584961 0.0214844 0.015625 0.000375986
13 0.591309 0.271973 0.0244141 0.0244141 0.00037837
13 0.786133 0.570312 0.0195312 0.046875 0.000379562
5 0.271484 0.592773 0.203125 0.248047 0.000379801
11 0.193848 0.737793 0.0400391 0.0810547 0.000381231
8 0.589844 0.276367 0.0195312 0.0214844 0.00038147
0 0.587402 0.275879 0.0361328 0.0771484 0.000383139
2 0.256348 0.649902 0.0869141 0.0380859 0.000385761
9 0.749023 0.441406 0.0546875 0.0351562 0.000387192
4 0.260254 0.671875 0.155273 0.132812 0.00038743
11 0.376953 0.134277 0.078125 0.0322266 0.000387669
7 0.307617 0.628906 0.207031 0.183594 0.000389814
7 0.388184 0.141113 0.0556641 0.0185547 0.000389814
7 0.343262 0.612793 0.0537109 0.0322266 0.000390291
9 0.348145 0.570312 0.0771484 0.0742188 0.000392675
4 0.32666 0.546387 0.104492 0.106445 0.000394344
13 0.639648 0.30957 0.154297 0.177734 0.000397921
0 0.240723 0.649902 0.0244141 0.0224609 0.000398874
13 0.262695 0.651855 0.0800781 0.0478516 0.000405312
8 0.39502 0.709961 0.0322266 0.0234375 0.000410795
13 0.768066 0.437988 0.0673828 0.0439453 0.00041151
1 0.260742 0.665039 0.121094 0.0820312 0.000413656
8 0.749023 0.441406 0.0546875 0.0351562 0.000417233
7 0.652344 0.546387 0.148438 0.180664 0.00041914
11 0.405273 0.137207 0.0644531 0.0244141 0.000420094
3 0.241211 0.650391 0.0253906 0.0234375 0.00042057
9 0.247559 0.669434 0.0927734 0.0654297 0.000424862
8 0.270996 0.631348 0.0166016 0.0126953 0.0004282
6 0.240723 0.649902 0.0244141 0.0224609 0.000430346
13 0.792969 0.462891 0.0273438 0.0136719 0.000430584
6 0.366699 0.562988 0.0576172 0.0673828 0.000433683
9 0.768066 0.437988 0.0673828 0.0439453 0.000435352
9 0.395508 0.116699 0.0117188 0.0166016 0.00043726
9 0.361328 0.614746 0.0703125 0.0419922 0.000440836
8 0.706543 0.476074 0.0439453 0.0419922 0.000441074
7 0.329102 0.574707 0.191406 0.149414 0.000442028
7 0.382324 0.547363 0.0634766 0.0810547 0.000445843
8 0.578125 0.287109 0.0175781 0.0253906 0.000445843
8 0.575684 0.276855 0.0458984 0.0517578 0.000456572
10 0.306152 0.42334 0.250977 0.444336 0.00045681
9 0.654297 0.448242 0.078125 0.0566406 0.000459194
8 0.301758 0.597656 0.0234375 0.0214844 0.000459909
13 0.32373 0.550781 0.0341797 0.0351562 0.000464439
7 0.284668 0.65332 0.0693359 0.0683594 0.000465155
8 0.32959 0.619141 0.0693359 0.046875 0.000468016
11 0.181641 0.666016 0.0292969 0.0625 0.000472069
8 0.260254 0.671875 0.155273 0.132812 0.000475168
8 0.202148 0.603516 0.015625 0.0117188 0.000477552
8 0.239258 0.643066 0.0664062 0.0673828 0.000481844
4 0.307617 0.644043 0.169922 0.0966797 0.000482559
9 0.253418 0.650879 0.0361328 0.0263672 0.000485897
8 0.344238 0.612305 0.0478516 0.03125 0.000485897
8 0.210449 0.614258 0.0224609 0.0214844 0.00049305
5 0.555664 0.270508 0.0976562 0.0878906 0.000496864
13 0.190918 0.67041 0.0419922 0.0595703 0.000507355
8 0.380371 0.550293 0.0380859 0.0458984 0.000509262
9 0.648926 0.538574 0.157227 0.198242 0.000519276
7 0.73877 0.481445 0.112305 0.171875 0.00052166
1 0.555664 0.279297 0.0996094 0.109375 0.000522614
12 0.266602 0.661621 0.107422 0.0791016 0.000531197
9 0.367188 0.567871 0.0507812 0.0576172 0.000533581
0 0.581055 0.941406 0.458984 0.09375 0.000534534
11 0.318848 0.470703 0.21582 0.3125 0.000542641
8 0.237305 0.564453 0.0214844 0.0195312 0.000548363
9 0.754395 0.434082 0.0185547 0.0146484 0.000550747
6 0.32373 0.551758 0.0556641 0.0605469 0.000556469
11 0.597656 0.166504 0.0878906 0.0205078 0.000561237
2 0.288574 0.652832 0.172852 0.0966797 0.000565529
7 0.373535 0.189453 0.0185547 0.0136719 0.000575542
13 0.32666 0.546387 0.104492 0.106445 0.000575542
9 0.586426 0.27832 0.0244141 0.0253906 0.000578403
1 0.318848 0.470703 0.21582 0.3125 0.000582218
9 0.260254 0.800781 0.0166016 0.0175781 0.000597477
6 0.569336 0.553711 0.318359 0.169922 0.000599384
8 0.212891 0.648438 0.0253906 0.0234375 0.000602245
1 0.575195 0.558105 0.3125 0.157227 0.000606537
11 0.569336 0.553711 0.318359 0.169922 0.000610828
2 0.587402 0.283203 0.0341797 0.0507812 0.00062561
11 0.272949 0.654297 0.110352 0.0703125 0.000627041
9 0.668945 0.435059 0.234375 0.401367 0.000627041
13 0.400879 0.513672 0.0322266 0.0390625 0.000627041
8 0.345703 0.58252 0.0566406 0.0576172 0.000634193
13 0.569336 0.553711 0.318359 0.169922 0.000640392
5 0.226562 0.608398 0.111328 0.193359 0.000640392
9 0.329102 0.574707 0.191406 0.149414 0.000641823
8 0.568359 0.26709 0.0722656 0.0791016 0.000656128
7 0.32959 0.562012 0.0439453 0.0576172 0.000672817
8 0.366211 0.614258 0.0878906 0.0683594 0.000674725
8 0.378906 0.605469 0.0351562 0.0273438 0.00068903
12 0.569336 0.553711 0.318359 0.169922 0.000689507
2 0.569336 0.553711 0.318359 0.169922 0.000689507
8 0.319824 0.592285 0.0380859 0.0361328 0.000695229
8 0.38916 0.571777 0.0244141 0.0224609 0.000697136
13 0.262695 0.671387 0.166016 0.102539 0.000702858
9 0.365234 0.613281 0.09375 0.0742188 0.000714302
8 0.318848 0.470703 0.21582 0.3125 0.00072813
7 0.750977 0.435059 0.0390625 0.0263672 0.000734806
13 0.57959 0.285645 0.0185547 0.0341797 0.000750065
6 0.323242 0.549316 0.0292969 0.0322266 0.00076437
7 0.397949 0.55127 0.0341797 0.0419922 0.000765324
7 0.369629 0.580078 0.0908203 0.0957031 0.000769615
9 0.273438 0.655762 0.0566406 0.0595703 0.000770569
6 0.262695 0.671387 0.166016 0.102539 0.000771523
13 0.240723 0.649902 0.0244141 0.0224609 0.000771523
7 0.575195 0.558105 0.3125 0.157227 0.000786781
10 0.209473 0.702637 0.0712891 0.0869141 0.000787258
8 0.692383 0.541992 0.0410156 0.03125 0.000790596
13 0.780273 0.446777 0.0488281 0.0380859 0.000793457
11 0.556152 0.271484 0.0986328 0.0917969 0.000801563
13 0.373535 0.189453 0.0185547 0.0136719 0.000803471
9 0.466797 0.280273 0.117188 0.3125 0.000803947
9 0.748047 0.496094 0.101562 0.152344 0.000813484
8 0.227051 0.63916 0.0517578 0.0380859 0.000824451
10 0.78125 0.712891 0.0488281 0.0546875 0.000828266
11 0.57666 0.162598 0.0751953 0.0361328 0.000831604
4 0.575195 0.558105 0.3125 0.157227 0.000840664
9 0.293457 0.637207 0.0869141 0.0458984 0.000841141
13 0.665039 0.447266 0.0664062 0.0351562 0.000855446
9 0.75293 0.43457 0.0273438 0.0234375 0.000861645
11 0.562988 0.147949 0.0458984 0.0283203 0.000870705
10 0.189453 0.710449 0.046875 0.0849609 0.000871181
9 0.777832 0.431641 0.0283203 0.046875 0.000871658
13 0.78125 0.461914 0.0527344 0.0292969 0.000887871
13 0.318848 0.470703 0.21582 0.3125 0.000900745
10 0.252441 0.681152 0.149414 0.106445 0.000910282
9 0.280762 0.770996 0.0400391 0.0400391 0.000915051
11 0.400391 0.157715 0.0566406 0.0419922 0.000923634
0 0.529297 0.300781 0.142578 0.167969 0.000929356
7 0.317871 0.628418 0.100586 0.0615234 0.000934124
7 0.220215 0.689453 0.0888672 0.09375 0.000936031
8 0.311523 0.600098 0.0390625 0.0302734 0.000948906
10 0.569336 0.553711 0.318359 0.169922 0.00095129
9 0.23584 0.513184 0.137695 0.307617 0.000954628
5 0.569336 0.553711 0.318359 0.169922 0.000970364
11 0.385254 0.162598 0.0341797 0.0361328 0.000973225
10 0.555664 0.279297 0.0996094 0.109375 0.00103664
0 0.574219 0.287598 0.0585938 0.0947266 0.00103855
9 0.23291 0.833984 0.0478516 0.0429688 0.00104713
7 0.366211 0.573242 0.0332031 0.0390625 0.00108528
13 0.583008 0.278809 0.0332031 0.0439453 0.00109291
7 0.731934 0.404785 0.143555 0.303711 0.00111008
9 0.273438 0.777344 0.0585938 0.0625 0.00112152
6 0.34375 0.557129 0.0976562 0.0927734 0.00112247
3 0.796875 0.181641 0.40625 0.363281 0.00113201
7 0.244141 0.652344 0.0507812 0.0351562 0.00113201
0 0.563477 0.264648 0.0527344 0.0664062 0.00113487
8 0.763184 0.478516 0.0205078 0.0136719 0.00114727
9 0.555664 0.279297 0.0996094 0.109375 0.00116539
11 0.560547 0.163574 0.0351562 0.0244141 0.00117397
13 0.367676 0.242188 0.0283203 0.0390625 0.00119495
4 0.241699 0.650391 0.0244141 0.0234375 0.00119495
9 0.291992 0.653809 0.226562 0.170898 0.00123596
5 0.700684 0.370605 0.209961 0.358398 0.00131226
8 0.32666 0.546387 0.104492 0.106445 0.00132847
3 0.194336 0.129883 0.388672 0.259766 0.00133038
9 0.223633 0.696289 0.0917969 0.0957031 0.00133419
11 0.78125 0.712891 0.0488281 0.0546875 0.00133705
2 0.373047 0.189941 0.015625 0.0126953 0.00135803
5 0.318848 0.470703 0.21582 0.3125 0.00136566
2 0.249023 0.650391 0.046875 0.0273438 0.00136662
8 0.38623 0.563965 0.0458984 0.0478516 0.00136757
13 0.389648 0.141602 0.0527344 0.0234375 0.00136852
4 0.263672 0.665527 0.109375 0.0810547 0.00140572
8 0.575195 0.558105 0.3125 0.157227 0.00140667
13 0.377441 0.171875 0.0322266 0.0429688 0.0014534
8 0.32959 0.562012 0.0439453 0.0576172 0.00153255
7 0.323242 0.549316 0.0292969 0.0322266 0.00153255
11 0.252441 0.681152 0.149414 0.106445 0.00156021
11 0.189453 0.710449 0.046875 0.0849609 0.00156116
2 0.574707 0.29248 0.0126953 0.0166016 0.00157738
8 0.324219 0.580078 0.03125 0.0371094 0.0015831
8 0.343262 0.600098 0.0419922 0.0380859 0.0016222
2 0.240723 0.650391 0.0244141 0.0234375 0.00166035
11 0.682129 0.177246 0.0693359 0.0537109 0.00167274
13 0.5625 0.269531 0.0839844 0.0859375 0.00170231
8 0.34375 0.592285 0.0273438 0.0244141 0.00177097
12 0.302246 0.422852 0.250977 0.398438 0.00177193
3 0.581055 0.941406 0.458984 0.09375 0.00178242
8 0.38916 0.625488 0.0595703 0.0654297 0.00178337
11 0.588379 0.140137 0.0732422 0.0166016 0.00179768
8 0.22998 0.641113 0.0244141 0.0244141 0.00183296
0 0.329102 0.519531 0.181641 0.197266 0.00184345
8 0.583496 0.278809 0.0263672 0.0341797 0.00184345
11 0.209473 0.702637 0.0712891 0.0869141 0.00197792
9 0.256348 0.651367 0.0791016 0.0332031 0.00199699
4 0.318848 0.470703 0.21582 0.3125 0.00207901
8 0.754395 0.434082 0.0185547 0.0146484 0.00208092
11 0.394531 0.135742 0.0390625 0.0136719 0.00208473
9 0.570801 0.560059 0.311523 0.157227 0.00208855
0 0.572754 0.560547 0.30957 0.150391 0.00213814
3 0.556152 0.265625 0.0966797 0.078125 0.00222588
9 0.480469 0.743652 0.152344 0.260742 0.00224304
9 0.728027 0.437988 0.147461 0.333008 0.00224686
3 0.330566 0.525391 0.155273 0.175781 0.00242424
2 0.585449 0.267578 0.0302734 0.0410156 0.00243759
13 0.586426 0.27832 0.0244141 0.0253906 0.00244141
2 0.330566 0.525391 0.155273 0.175781 0.00244331
12 0.330566 0.522461 0.165039 0.189453 0.00248528
11 0.629883 0.145508 0.0742188 0.0292969 0.00263023
13 0.183105 0.662109 0.0244141 0.0488281 0.00273895
0 0.585938 0.277832 0.0273438 0.0263672 0.00274277
8 0.366699 0.563965 0.0478516 0.0615234 0.00277901
7 0.342773 0.557617 0.103516 0.0996094 0.00290108
8 0.227539 0.632812 0.0253906 0.0214844 0.00290489
8 0.307617 0.644043 0.169922 0.0966797 0.00299072
6 0.322266 0.475098 0.201172 0.303711 0.00301933
11 0.38916 0.149902 0.0361328 0.0283203 0.00306702
9 0.529297 0.300781 0.142578 0.167969 0.00309753
9 0.373535 0.189941 0.0185547 0.0126953 0.00311089
10 0.329102 0.519531 0.181641 0.197266 0.00317383
7 0.366699 0.562988 0.0576172 0.0673828 0.00328636
10 0.779297 0.71875 0.03125 0.0371094 0.0032959
8 0.323242 0.582031 0.0234375 0.0195312 0.00334167
7 0.260254 0.671875 0.155273 0.132812 0.0033493
13 0.632812 0.327148 0.0644531 0.0839844 0.00353241
11 0.59375 0.143555 0.0957031 0.0292969 0.0038681
11 0.330566 0.521973 0.15918 0.186523 0.00390434
8 0.269531 0.587891 0.0234375 0.0195312 0.00399017
13 0.385742 0.161133 0.0332031 0.0351562 0.00402832
2 0.592773 0.273438 0.0214844 0.0214844 0.00416183
9 0.286621 0.764648 0.0205078 0.0214844 0.00421906
9 0.343262 0.612793 0.0537109 0.0322266 0.00424957
11 0.779297 0.71875 0.03125 0.0371094 0.00440216
7 0.262695 0.651855 0.0800781 0.0478516 0.00484467
11 0.387695 0.146484 0.0742188 0.0351562 0.00490952
2 0.277832 0.654785 0.100586 0.0693359 0.00495148
11 0.318848 0.155273 0.0595703 0.0488281 0.00495911
8 0.365234 0.574707 0.03125 0.0322266 0.00516891
13 0.790527 0.458496 0.0341797 0.0146484 0.00521851
5 0.730957 0.455566 0.141602 0.360352 0.00533295
8 0.396973 0.549316 0.0322266 0.0400391 0.00550461
9 0.254883 0.680176 0.146484 0.114258 0.00571442
9 0.240723 0.649902 0.0244141 0.0224609 0.00583267
7 0.307617 0.644043 0.169922 0.0966797 0.00698471
9 0.310059 0.421875 0.24707 0.443359 0.00714874
2 0.576172 0.283691 0.0273438 0.0380859 0.0075264
1 0.330566 0.521973 0.15918 0.186523 0.00756836
5 0.328125 0.522461 0.154297 0.177734 0.00788879
10 0.189453 0.717285 0.0332031 0.0439453 0.00827789
11 0.346191 0.150879 0.100586 0.0419922 0.0083847
8 0.244141 0.652344 0.0507812 0.0351562 0.00897217
2 0.565918 0.27002 0.0751953 0.0869141 0.00899506
2 0.578125 0.287109 0.0175781 0.0253906 0.00911713
8 0.262207 0.664551 0.108398 0.0791016 0.00975037
7 0.241699 0.650391 0.0244141 0.0234375 0.0102615
8 0.325684 0.550781 0.0302734 0.0273438 0.0110855
11 0.189453 0.717285 0.0332031 0.0439453 0.0112915
11 0.405762 0.145508 0.0576172 0.0234375 0.0119858
2 0.575684 0.276855 0.0458984 0.0517578 0.0121613
0 0.575684 0.276855 0.0458984 0.0517578 0.0125885
7 0.318848 0.470703 0.21582 0.3125 0.0137177
7 0.263672 0.665527 0.109375 0.0810547 0.0139008
8 0.75293 0.43457 0.0273438 0.0234375 0.0140228
13 0.327148 0.523926 0.158203 0.186523 0.0145721
11 0.37207 0.137207 0.0703125 0.0146484 0.0162048
9 0.320801 0.51123 0.155273 0.202148 0.0173187
9 0.474121 0.39502 0.141602 0.446289 0.0195465
9 0.319824 0.625977 0.114258 0.0664062 0.0270386
8 0.262695 0.651855 0.0800781 0.0478516 0.0304565
11 0.364746 0.143066 0.0869141 0.0224609 0.032135
9 0.289062 0.653809 0.171875 0.100586 0.0334778
8 0.373535 0.189941 0.0185547 0.0126953 0.037262
8 0.330566 0.521973 0.15918 0.186523 0.0391846
4 0.330566 0.521973 0.15918 0.186523 0.0682983
11 0.387695 0.140625 0.0625 0.0175781 0.0753784
9 0.272949 0.654297 0.110352 0.0703125 0.0769043
2 0.585449 0.277832 0.0224609 0.0302734 0.0782471
6 0.327148 0.527344 0.158203 0.173828 0.0827637
8 0.240723 0.649902 0.0244141 0.0224609 0.144287
7 0.324707 0.520996 0.155273 0.182617 0.214478
3 0.570801 0.561523 0.313477 0.148438 0.473389
0 0.557617 0.27002 0.0957031 0.0888672 0.660156
