7 0.822754 0.15332 0.354492 0.306641 0.000100613
11 0.599609 0.219727 0.0898438 0.0625 0.000101328
9 0.734863 0.65918 0.227539 0.0507812 0.000101686
13 0.772949 0.53125 0.186523 0.230469 0.000103831
9 0.297852 0.528809 0.126953 0.157227 0.000104666
11 0.398926 0.208008 0.0947266 0.0351562 0.000105262
7 0.306152 0.483398 0.125977 0.148438 0.000106096
13 0.27832 0.575684 0.144531 0.129883 0.000106335
0 0.23584 0.936035 0.139648 0.102539 0.000106812
11 0.436035 0.206055 0.0400391 0.0214844 0.000106812
13 0.821777 0.0493164 0.272461 0.0986328 0.000107348
11 0.734375 0.219727 0.0507812 0.0371094 0.000107408
13 0.230957 0.39502 0.0166016 0.00878906 0.000107527
3 0.153809 0.23877 0.307617 0.477539 0.000107646
2 0.206543 0.0541992 0.258789 0.108398 0.000107825
13 0.271484 0.449219 0.0644531 0.0351562 0.000108421
8 0.670898 0.313477 0.046875 0.0507812 0.000109255
10 0.120117 0.700684 0.0371094 0.0908203 0.000109375
8 0.294434 0.645996 0.0263672 0.0107422 0.000111043
8 0.353027 0.349609 0.0126953 0.0117188 0.000112176
8 0.0834961 0.349609 0.0341797 0.0273438 0.000112534
9 0.255371 0.501953 0.120117 0.205078 0.000113964
9 0.723145 0.210449 0.0673828 0.0400391 0.00011462
0 0.723633 0.211914 0.0664062 0.0390625 0.000115335
12 0.709473 0.683105 0.262695 0.0732422 0.000115573
13 0.356934 0.337891 0.0478516 0.0253906 0.000115752
6 0.300293 0.5625 0.118164 0.123047 0.000116348
13 0.262695 0.456055 0.0859375 0.0722656 0.000116587
8 0.369141 0.607422 0.0683594 0.078125 0.000116825
9 0.307129 0.436035 0.0986328 0.0771484 0.000117958
7 0.30127 0.507812 0.28418 0.3125 0.000118732
6 0.306152 0.483398 0.125977 0.148438 0.00011915
8 0.208496 0.0913086 0.321289 0.182617 0.000120401
0 0.450195 0.946289 0.154297 0.107422 0.00012058
11 0.309082 0.219238 0.106445 0.0556641 0.000121951
11 0.895996 0.691406 0.0361328 0.0898438 0.000122666
8 0.675293 0.525391 0.0517578 0.03125 0.000126123
3 0.152344 0.933105 0.162109 0.116211 0.000126362
8 0.67041 0.527832 0.0283203 0.0224609 0.000126362
9 0.847168 0.68457 0.12207 0.0839844 0.000127316
8 0.739746 0.589355 0.0849609 0.0576172 0.000127435
8 0.729004 0.271484 0.0419922 0.0234375 0.000129223
0 0.121094 0.725098 0.0371094 0.0498047 0.000129342
8 0.69043 0.603516 0.0390625 0.046875 0.000130177
9 0.709961 0.660156 0.128906 0.0351562 0.000130534
9 0.466797 0.444336 0.0234375 0.0253906 0.000130773
8 0.734375 0.587402 0.0527344 0.0400391 0.000130892
5 0.29248 0.455078 0.110352 0.0898438 0.000131607
8 0.359375 0.333496 0.015625 0.0146484 0.000131726
3 0.23584 0.936035 0.139648 0.102539 0.000132084
5 0.859375 0.0678711 0.28125 0.135742 0.00013268
8 0.466309 0.444824 0.0263672 0.0263672 0.000133634
13 0.344238 0.445801 0.0556641 0.0341797 0.00013411
10 0.115234 0.732422 0.0644531 0.142578 0.000134349
9 0.514648 0.337402 0.150391 0.137695 0.000136971
13 0.739746 0.277832 0.0615234 0.0341797 0.000139356
9 0.770996 0.586426 0.120117 0.120117 0.000140309
11 0.144043 0.742188 0.0888672 0.0742188 0.000141263
8 0.734375 0.59082 0.0273438 0.0234375 0.000141263
9 0.120605 0.728516 0.0380859 0.0566406 0.000142097
8 0.364746 0.651367 0.0126953 0.00976562 0.000142455
8 0.728027 0.345215 0.0185547 0.0166016 0.000142813
10 0.776855 0.708496 0.358398 0.110352 0.000143051
13 0.208496 0.0913086 0.321289 0.182617 0.000144601
8 0.751953 0.275879 0.0371094 0.0283203 0.000144839
11 0.613281 0.218262 0.0273438 0.0126953 0.000144958
9 0.205566 0.822266 0.0283203 0.03125 0.000145316
2 0.742188 0.0366211 0.175781 0.0732422 0.000146389
8 0.579102 0.303223 0.0234375 0.0263672 0.000147104
9 0.869141 0.921875 0.0136719 0.0136719 0.000147462
13 0.124512 0.730957 0.0419922 0.0556641 0.000148773
12 0.848145 0.0488281 0.291992 0.0976562 0.000148892
9 0.379883 0.233398 0.0546875 0.0546875 0.000149012
10 0.900391 0.72168 0.0351562 0.0703125 0.000149131
2 0.571289 0.30957 0.0390625 0.0429688 0.000149727
2 0.828125 0.043457 0.273438 0.0869141 0.000149846
8 0.672852 0.333496 0.0195312 0.0166016 0.000149965
9 0.581543 0.306641 0.0205078 0.0234375 0.000151396
13 0.277832 0.399902 0.116211 0.0439453 0.000152111
3 0.551758 0.316406 0.0820312 0.0703125 0.000154614
11 0.643555 0.199707 0.0683594 0.0166016 0.000155568
11 0.612305 0.217773 0.0800781 0.03125 0.000156879
13 0.324219 0.432129 0.111328 0.0673828 0.000157714
4 0.822754 0.15332 0.354492 0.306641 0.000158072
13 0.350098 0.321777 0.0869141 0.0693359 0.00015831
11 0.422852 0.201172 0.0410156 0.0136719 0.000162601
13 0.306152 0.422363 0.254883 0.387695 0.000163198
3 0.120605 0.727051 0.0380859 0.0537109 0.000163436
10 0.89209 0.70752 0.0380859 0.0537109 0.000166416
8 0.286133 0.411621 0.0078125 0.00683594 0.000166893
9 0.597656 0.397949 0.015625 0.0126953 0.000169039
3 0.141602 0.0742188 0.259766 0.138672 0.000172257
3 0.570801 0.630371 0.342773 0.157227 0.000174522
9 0.230957 0.699219 0.235352 0.111328 0.00017643
9 0.297852 0.646973 0.0332031 0.0126953 0.00017643
8 0.306641 0.613281 0.0136719 0.0136719 0.000176549
5 0.306152 0.607422 0.223633 0.175781 0.000176668
11 0.592285 0.194824 0.0556641 0.0283203 0.000180006
11 0.687988 0.204102 0.0595703 0.0234375 0.000180721
13 0.305176 0.40625 0.0693359 0.0351562 0.000183702
11 0.757324 0.233398 0.0673828 0.0527344 0.000184059
10 0.294434 0.531738 0.211914 0.250977 0.000187635
0 0.530273 0.335938 0.123047 0.119141 0.000187874
7 0.275391 0.598633 0.173828 0.101562 0.000189185
0 0.378906 0.0537109 0.142578 0.103516 0.000190139
5 0.279785 0.520508 0.106445 0.0976562 0.000191331
8 0.416992 0.499512 0.0371094 0.0322266 0.000192523
11 0.294434 0.531738 0.211914 0.250977 0.000195146
12 0.723145 0.210938 0.0654297 0.0410156 0.000195742
6 0.30127 0.507812 0.28418 0.3125 0.000195861
13 0.399902 0.284668 0.0419922 0.0615234 0.000198007
7 0.759277 0.586914 0.120117 0.103516 0.000198007
7 0.120605 0.727051 0.0380859 0.0537109 0.000198483
8 0.671875 0.335449 0.0117188 0.0126953 0.000203371
11 0.395508 0.201172 0.0488281 0.0117188 0.000207424
13 0.224121 0.043457 0.170898 0.0869141 0.00021112
1 0.294434 0.531738 0.211914 0.250977 0.000215054
7 0.356934 0.608887 0.0888672 0.0791016 0.000219703
8 0.294434 0.531738 0.211914 0.250977 0.000223637
13 0.373535 0.342285 0.0712891 0.0400391 0.000223756
8 0.260742 0.630859 0.0253906 0.0195312 0.000224352
10 0.145508 0.749512 0.09375 0.0673828 0.000224471
11 0.118652 0.691895 0.0361328 0.112305 0.000225306
13 0.671875 0.313965 0.0488281 0.0556641 0.000226498
11 0.426758 0.213867 0.0527344 0.03125 0.00023365
0 0.742188 0.0366211 0.175781 0.0732422 0.000238061
7 0.723145 0.210449 0.0673828 0.0400391 0.000238776
9 0.666016 0.67627 0.173828 0.0751953 0.000242352
13 0.290527 0.44873 0.0673828 0.0478516 0.000244141
10 0.0991211 0.875 0.198242 0.226562 0.000245094
9 0.306641 0.474121 0.125 0.157227 0.000254154
4 0.294434 0.531738 0.211914 0.250977 0.000254393
8 0.700195 0.551758 0.0253906 0.0195312 0.000255585
8 0.583496 0.308594 0.0166016 0.0175781 0.000257015
11 0.599121 0.206543 0.0634766 0.0302734 0.000259638
8 0.26123 0.636719 0.0361328 0.0234375 0.00026226
13 0.866699 0.0405273 0.256836 0.0810547 0.000265837
2 0.294434 0.531738 0.211914 0.250977 0.000267506
13 0.723633 0.211914 0.0664062 0.0390625 0.000272036
9 0.493164 0.576172 0.15625 0.355469 0.000276566
3 0.224609 0.17334 0.449219 0.206055 0.000276804
13 0.691895 0.307617 0.0908203 0.0703125 0.000281096
8 0.655762 0.569336 0.0185547 0.0175781 0.000288486
0 0.294434 0.531738 0.211914 0.250977 0.000293493
13 0.388184 0.280762 0.0615234 0.0888672 0.000294685
2 0.723145 0.210938 0.0654297 0.0410156 0.000298262
11 0.671387 0.200195 0.0732422 0.0175781 0.000299215
12 0.297363 0.520996 0.213867 0.27832 0.000300169
9 0.339844 0.603516 0.123047 0.0957031 0.000309467
9 0.0844727 0.352539 0.0322266 0.0253906 0.000309467
2 0.224121 0.043457 0.170898 0.0869141 0.000314951
8 0.70459 0.550293 0.0419922 0.0283203 0.000315189
6 0.866699 0.0405273 0.256836 0.0810547 0.000315189
9 0.552246 0.319824 0.0849609 0.0732422 0.000324488
11 0.677734 0.211914 0.179688 0.0429688 0.000325918
7 0.709961 0.68457 0.240234 0.0722656 0.000329733
13 0.698242 0.388672 0.103516 0.0429688 0.000332832
8 0.230957 0.39502 0.0166016 0.00878906 0.000336409
8 0.25 0.487305 0.00976562 0.00976562 0.000344753
8 0.677246 0.326172 0.0361328 0.0273438 0.000345469
6 0.257812 0.573242 0.179688 0.173828 0.000346899
0 0.230469 0.0307617 0.154297 0.0615234 0.000348568
10 0.709473 0.683105 0.262695 0.0732422 0.000356674
9 0.310547 0.427734 0.255859 0.466797 0.000357628
13 0.293457 0.422852 0.100586 0.0605469 0.00036788
11 0.333496 0.214844 0.116211 0.0292969 0.000379562
5 0.269043 0.598145 0.165039 0.108398 0.000394106
9 0.73584 0.464355 0.250977 0.385742 0.00039959
6 0.770996 0.534668 0.176758 0.233398 0.000416756
13 0.382324 0.351074 0.0537109 0.0224609 0.000427485
9 0.246094 0.554688 0.175781 0.199219 0.00043273
10 0.724609 0.211914 0.0664062 0.0410156 0.000435829
13 0.37793 0.302246 0.0917969 0.102539 0.000438213
2 0.597656 0.397949 0.015625 0.0126953 0.000447273
13 0.29248 0.475586 0.135742 0.173828 0.000467539
5 0.228516 0.48291 0.167969 0.291992 0.000495434
11 0.622559 0.193359 0.0771484 0.0136719 0.000498295
9 0.804688 0.671387 0.197266 0.0537109 0.000505924
1 0.723145 0.210449 0.0673828 0.0400391 0.000524521
0 0.255859 0.0385742 0.291016 0.0771484 0.000533104
13 0.717285 0.388672 0.0869141 0.0253906 0.000551224
9 0.730957 0.671387 0.145508 0.0458984 0.000562191
11 0.116699 0.746094 0.0380859 0.0664062 0.000567913
13 0.29248 0.455078 0.110352 0.0898438 0.000572681
8 0.416504 0.506836 0.0263672 0.0214844 0.000595093
10 0.116699 0.746094 0.0380859 0.0683594 0.000602245
8 0.657715 0.484375 0.0361328 0.0273438 0.000603199
5 0.770996 0.585938 0.12207 0.121094 0.000606537
11 0.342773 0.20166 0.0703125 0.0146484 0.000610828
8 0.72168 0.269531 0.0214844 0.0175781 0.000612259
13 0.328613 0.588379 0.137695 0.120117 0.000625134
5 0.307129 0.475098 0.125977 0.163086 0.000639915
7 0.770996 0.534668 0.176758 0.233398 0.000652313
11 0.585449 0.21582 0.0576172 0.0410156 0.000660896
5 0.155762 0.0649414 0.297852 0.129883 0.000668526
9 0.772949 0.53125 0.186523 0.230469 0.000729561
3 0.0551758 0.553711 0.108398 0.226562 0.000763893
11 0.62207 0.203125 0.0859375 0.0253906 0.000769138
8 0.658203 0.288086 0.0253906 0.0195312 0.000772476
8 0.350098 0.509277 0.0322266 0.0224609 0.00080204
5 0.253906 0.54541 0.0976562 0.168945 0.000843525
8 0.350586 0.506348 0.0195312 0.0146484 0.000887394
9 0.307129 0.576172 0.157227 0.142578 0.000952721
11 0.277832 0.228516 0.0673828 0.046875 0.000986099
3 0.297363 0.520996 0.213867 0.27832 0.00102711
2 0.581543 0.306641 0.0205078 0.0214844 0.00110054
11 0.135742 0.725586 0.0605469 0.0644531 0.00111198
9 0.763184 0.706055 0.333008 0.109375 0.00124931
11 0.898438 0.716309 0.03125 0.0537109 0.00130081
5 0.270996 0.492188 0.120117 0.222656 0.00130081
8 0.351074 0.451172 0.0322266 0.0234375 0.00137043
7 0.299805 0.533203 0.171875 0.220703 0.00156498
11 0.398438 0.203125 0.0820312 0.0175781 0.00166321
5 0.866699 0.0405273 0.256836 0.0810547 0.00172329
10 0.898438 0.717773 0.0253906 0.0351562 0.00227547
8 0.597656 0.397949 0.015625 0.0126953 0.00235939
11 0.371582 0.199219 0.0830078 0.0136719 0.00236702
5 0.294922 0.455078 0.277344 0.40625 0.00237656
7 0.329102 0.588379 0.134766 0.120117 0.00239563
5 0.235352 0.573242 0.169922 0.169922 0.00250244
11 0.41748 0.20752 0.0458984 0.0205078 0.00262833
6 0.328613 0.588379 0.137695 0.120117 0.00263596
5 0.742676 0.46875 0.225586 0.363281 0.0027504
13 0.293945 0.53418 0.193359 0.238281 0.00277901
10 0.129395 0.729492 0.0537109 0.0839844 0.0028801
11 0.899902 0.718262 0.0224609 0.0302734 0.00292206
11 0.347168 0.205566 0.116211 0.0244141 0.00292969
5 0.292969 0.541504 0.117188 0.174805 0.00296021
11 0.122559 0.726074 0.0517578 0.100586 0.00335121
11 0.306641 0.212891 0.0566406 0.03125 0.00378418
5 0.316406 0.473633 0.179688 0.279297 0.00419235
6 0.299805 0.533203 0.171875 0.220703 0.00444794
11 0.739258 0.222656 0.0878906 0.0585938 0.00548172
11 0.67627 0.203613 0.133789 0.0263672 0.00568008
9 0.297363 0.519531 0.192383 0.267578 0.00588608
5 0.771484 0.541992 0.167969 0.205078 0.00630951
5 0.328613 0.588379 0.137695 0.120117 0.00685883
9 0.504395 0.445312 0.143555 0.417969 0.00881195
11 0.709961 0.20459 0.0527344 0.0283203 0.00898743
9 0.737793 0.682129 0.256836 0.0634766 0.00939941
11 0.29248 0.219727 0.0576172 0.0390625 0.0122147
10 0.121582 0.726562 0.0380859 0.0507812 0.0330811
0 0.550293 0.315918 0.0869141 0.0732422 0.0351257
11 0.121582 0.724609 0.0380859 0.0507812 0.0465698
5 0.280273 0.537598 0.199219 0.231445 0.114075
11 0.723145 0.210938 0.0654297 0.0371094 0.150757
