8 0.109375 0.119141 0.0429688 0.046875 0.000145316
12 0.539062 0.924805 0.533203 0.150391 0.000146389
3 0.271484 0.90332 0.416016 0.189453 0.000146627
9 0.675293 0.112305 0.0751953 0.0332031 0.000146747
1 0.59375 0.838867 0.619141 0.318359 0.000147939
6 0.347168 0.875488 0.364258 0.233398 0.000148535
9 0.866699 0.89502 0.239258 0.208008 0.0001508
8 0.352539 0.956543 0.197266 0.0849609 0.000152349
3 0.531738 0.065918 0.459961 0.131836 0.000153184
13 0.78125 0.97168 0.240234 0.0546875 0.000153661
12 0.402344 0.768066 0.513672 0.463867 0.000153899
9 0.0527344 0.186035 0.105469 0.12793 0.000154138
10 0.816406 0.897949 0.242188 0.196289 0.000154257
11 0.646973 0.123047 0.166992 0.0566406 0.000154376
4 0.688965 0.830566 0.512695 0.334961 0.000155091
13 0.44873 0.335449 0.0302734 0.0302734 0.000157356
9 0.287598 0.188965 0.24707 0.188477 0.000157714
9 0.935059 0.903809 0.129883 0.192383 0.000157952
6 0.352539 0.980469 0.199219 0.0390625 0.000160336
10 0.491699 0.515625 0.178711 0.417969 0.000161529
2 0.49707 0.890625 0.494141 0.208984 0.00016284
9 0.942383 0.720703 0.115234 0.441406 0.000164747
7 0.680176 0.118164 0.0927734 0.0488281 0.000164986
9 0.0654297 0.960449 0.130859 0.0751953 0.000165462
9 0.745117 0.54541 0.333984 0.28418 0.000165939
13 0.790527 0.852051 0.311523 0.174805 0.000166297
10 0.539551 0.908203 0.549805 0.169922 0.000168204
10 0.18457 0.97998 0.238281 0.0380859 0.000168324
9 0.838867 0.0322266 0.322266 0.0625 0.000168681
11 0.591309 0.129883 0.0830078 0.0605469 0.000169158
6 0.720215 0.379883 0.331055 0.5 0.000169396
11 0.59375 0.838867 0.619141 0.318359 0.000171542
11 0.249023 0.958496 0.271484 0.0830078 0.000171661
9 0.827148 0.350098 0.107422 0.157227 0.000172496
11 0.375488 0.876953 0.235352 0.164062 0.000174165
11 0.775879 0.955566 0.272461 0.0888672 0.000174284
9 0.0507812 0.894531 0.101562 0.210938 0.000174403
12 0.820312 0.396973 0.359375 0.579102 0.000175476
9 0.848145 0.36084 0.0517578 0.0595703 0.000176191
1 0.34668 0.875977 0.367188 0.232422 0.000176191
8 0.605469 0.936523 0.398438 0.123047 0.000176311
8 0.59375 0.838867 0.619141 0.318359 0.000177622
12 0.524414 0.640625 0.248047 0.517578 0.000178933
6 0.550781 0.463867 0.390625 0.271484 0.000179172
2 0.458496 0.971191 0.311523 0.0576172 0.00017941
9 0.703125 0.467773 0.458984 0.580078 0.000179529
0 0.580566 0.228027 0.262695 0.192383 0.000179887
10 0.692871 0.792969 0.52832 0.400391 0.000180721
8 0.664062 0.953125 0.0820312 0.0800781 0.000181913
9 0.458496 0.971191 0.311523 0.0576172 0.000182629
5 0.496582 0.259766 0.194336 0.144531 0.000186443
7 0.54541 0.772461 0.53418 0.455078 0.000186682
10 0.269531 0.923828 0.191406 0.148438 0.000187755
10 0.861328 0.942383 0.214844 0.115234 0.000188231
9 0.226074 0.635254 0.276367 0.172852 0.000188947
5 0.498047 0.728027 0.28125 0.522461 0.000189424
9 0.504883 0.730469 0.179688 0.248047 0.000189424
1 0.495117 0.90918 0.482422 0.169922 0.000190258
4 0.32666 0.955078 0.274414 0.0878906 0.000190496
2 0.543457 0.219727 0.0517578 0.0410156 0.000190616
2 0.0795898 0.050293 0.15918 0.100586 0.000194192
6 0.274414 0.390137 0.316406 0.456055 0.00019443
7 0.738281 0.120605 0.376953 0.233398 0.000194669
11 0.0893555 0.0410156 0.178711 0.0800781 0.000195026
7 0.460938 0.0893555 0.320312 0.165039 0.000196576
9 0.359375 0.232422 0.171875 0.242188 0.000197053
6 0.641113 0.839355 0.581055 0.30957 0.000198722
9 0.0727539 0.405762 0.145508 0.475586 0.000200629
8 0.495117 0.90918 0.482422 0.169922 0.000200868
8 0.460938 0.959473 0.380859 0.0791016 0.000204802
0 0.383789 0.914062 0.263672 0.162109 0.000205517
7 0.605469 0.936523 0.398438 0.123047 0.000207424
0 0.590332 0.884766 0.59082 0.216797 0.000209093
0 0.0893555 0.0410156 0.178711 0.0800781 0.000210166
3 0.383789 0.914062 0.263672 0.162109 0.000210404
11 0.244629 0.981934 0.118164 0.0361328 0.000210404
10 0.105957 0.69873 0.0498047 0.0830078 0.000211716
8 0.664062 0.943359 0.0527344 0.0527344 0.000212431
13 0.274414 0.390137 0.316406 0.456055 0.000213027
9 0.322266 0.0371094 0.457031 0.0742188 0.000213981
4 0.397461 0.191895 0.123047 0.182617 0.000215769
0 0.501465 0.679688 0.237305 0.503906 0.000216007
11 0.266602 0.989746 0.109375 0.0205078 0.000217319
2 0.602051 0.947754 0.331055 0.102539 0.000218511
9 0.687988 0.613281 0.489258 0.189453 0.000220537
0 0.500488 0.228516 0.15332 0.0839844 0.000220656
9 0.48584 0.0488281 0.286133 0.0917969 0.000220776
0 0.475586 0.287598 0.128906 0.108398 0.000221133
10 0.498047 0.259277 0.197266 0.147461 0.000221729
13 0.550781 0.463867 0.390625 0.271484 0.000221968
0 0.463867 0.331543 0.0683594 0.0634766 0.000223517
10 0.168457 0.916016 0.325195 0.15625 0.000223756
13 0.555664 0.791992 0.498047 0.416016 0.000223756
11 0.495117 0.90918 0.482422 0.169922 0.000223875
9 0.95752 0.958984 0.0830078 0.0820312 0.000225425
13 0.495117 0.246582 0.197266 0.133789 0.000225782
9 0.788574 0.0664062 0.411133 0.128906 0.000228167
11 0.37207 0.113281 0.115234 0.0292969 0.000230193
2 0.629395 0.847168 0.479492 0.299805 0.000231743
8 0.484375 0.253906 0.208984 0.173828 0.0002352
7 0.491699 0.515625 0.178711 0.417969 0.000235796
9 0.294922 0.488281 0.304688 0.310547 0.000236392
8 0.30957 0.396973 0.015625 0.0126953 0.000238895
2 0.496582 0.259766 0.194336 0.144531 0.000242114
6 0.79541 0.957031 0.24707 0.0859375 0.000246525
1 0.550781 0.463867 0.390625 0.271484 0.000252247
11 0.780762 0.990234 0.172852 0.0195312 0.000254393
11 0.62793 0.112305 0.0722656 0.0175781 0.000257969
0 0.44873 0.248047 0.176758 0.214844 0.000258684
4 0.550781 0.463867 0.390625 0.271484 0.00026536
7 0.368652 0.151855 0.15918 0.118164 0.000266075
12 0.484375 0.253906 0.208984 0.173828 0.000268459
7 0.550781 0.463867 0.390625 0.271484 0.000269413
11 0.911133 0.00976562 0.138672 0.0195312 0.000273466
9 0.275391 0.6875 0.382812 0.269531 0.000273705
9 0.95752 0.279785 0.0830078 0.362305 0.000275135
11 0.550781 0.463867 0.390625 0.271484 0.000277996
10 0.48584 0.375 0.233398 0.494141 0.000278234
0 0.53418 0.256836 0.115234 0.103516 0.00027895
9 0.768555 0.168945 0.0449219 0.0371094 0.000279188
2 0.459961 0.286621 0.046875 0.0458984 0.000282526
9 0.454102 0.330566 0.0898438 0.168945 0.000286341
2 0.550781 0.463867 0.390625 0.271484 0.000288963
7 0.385254 0.979004 0.241211 0.0419922 0.000289202
11 0.495117 0.246582 0.197266 0.133789 0.000290632
5 0.771484 0.891602 0.308594 0.207031 0.00029707
8 0.397461 0.191895 0.123047 0.182617 0.000297308
9 0.719238 0.150879 0.165039 0.12207 0.000304699
9 0.461914 0.34375 0.136719 0.248047 0.000305176
9 0.504395 0.54248 0.139648 0.161133 0.000308037
9 0.815918 0.289551 0.104492 0.120117 0.000309229
4 0.495117 0.90918 0.482422 0.169922 0.000309944
12 0.484375 0.401855 0.228516 0.55957 0.000309944
0 0.459961 0.335449 0.158203 0.166992 0.000310659
2 0.455566 0.345703 0.0458984 0.046875 0.000317097
5 0.499023 0.588867 0.197266 0.460938 0.000318289
9 0.702148 0.194336 0.269531 0.246094 0.000324249
11 0.375977 0.109863 0.320312 0.168945 0.000326872
9 0.436523 0.537598 0.25 0.272461 0.000327826
0 0.717773 0.341797 0.326172 0.457031 0.000328541
11 0.781738 0.981934 0.227539 0.0361328 0.000328779
10 0.548828 0.465332 0.384766 0.27832 0.000329018
10 0.244629 0.981934 0.118164 0.0361328 0.000334501
5 0.548828 0.465332 0.384766 0.27832 0.000336885
9 0.623535 0.886719 0.227539 0.216797 0.000344276
13 0.385254 0.979004 0.241211 0.0419922 0.000344753
8 0.0800781 0.0380859 0.160156 0.0761719 0.000348091
8 0.549805 0.466309 0.388672 0.249023 0.000354052
9 0.0771484 0.812988 0.154297 0.374023 0.000356674
7 0.460938 0.959473 0.380859 0.0791016 0.000357866
3 0.489258 0.23584 0.224609 0.194336 0.000362635
9 0.0654297 0.166016 0.130859 0.320312 0.00036478
9 0.178711 0.827148 0.357422 0.345703 0.000366211
0 0.489258 0.513672 0.216797 0.408203 0.000369072
9 0.814941 0.279297 0.198242 0.244141 0.00037384
9 0.335938 0.0913086 0.443359 0.180664 0.000375986
9 0.450684 0.336914 0.0458984 0.0507812 0.000376225
11 0.36377 0.120605 0.141602 0.0634766 0.000381231
7 0.803711 0.509766 0.160156 0.15625 0.000382662
9 0.949219 0.492676 0.101562 0.62793 0.000385523
10 0.224121 0.962891 0.280273 0.0742188 0.000390053
3 0.788574 0.223145 0.422852 0.358398 0.000393629
11 0.105957 0.69873 0.0498047 0.0830078 0.000398159
3 0.501465 0.679688 0.237305 0.503906 0.000400066
9 0.934082 0.0224609 0.131836 0.0449219 0.000405312
5 0.293457 0.484863 0.217773 0.227539 0.000405788
5 0.745117 0.54541 0.333984 0.28418 0.000409365
9 0.645996 0.364746 0.100586 0.102539 0.000411272
12 0.59375 0.838867 0.619141 0.318359 0.000417233
9 0.10498 0.105469 0.209961 0.207031 0.000429869
12 0.550781 0.463867 0.390625 0.271484 0.000430584
9 0.612793 0.947266 0.198242 0.0996094 0.00043273
12 0.39502 0.903809 0.303711 0.186523 0.000447035
7 0.357422 0.852539 0.416016 0.291016 0.000449181
9 0.668457 0.11377 0.151367 0.0888672 0.000455856
8 0.662109 0.947754 0.212891 0.0947266 0.000460386
9 0.32666 0.955078 0.274414 0.0878906 0.000473738
2 0.379883 0.924316 0.25 0.151367 0.00047493
9 0.644531 0.0844727 0.326172 0.149414 0.000478029
5 0.296387 0.535156 0.358398 0.322266 0.000478506
9 0.205566 0.255859 0.411133 0.259766 0.000481129
10 0.106934 0.945312 0.213867 0.109375 0.000488043
6 0.49707 0.890625 0.494141 0.208984 0.000488281
3 0.591797 0.741211 0.582031 0.494141 0.000494957
9 0.121094 0.903809 0.242188 0.19043 0.000502586
7 0.753906 0.888184 0.339844 0.213867 0.000508308
7 0.478027 0.225098 0.249023 0.176758 0.000511646
9 0.802734 0.237793 0.0839844 0.149414 0.0005126
9 0.42627 0.363281 0.206055 0.378906 0.000524998
11 0.67627 0.117188 0.0869141 0.0410156 0.000544548
5 0.48584 0.375 0.233398 0.494141 0.000544548
7 0.0800781 0.0410156 0.160156 0.0820312 0.000564098
5 0.54541 0.772461 0.53418 0.455078 0.000575542
9 0.572266 0.591797 0.449219 0.365234 0.000583649
9 0.59082 0.339355 0.376953 0.348633 0.000591278
9 0.539551 0.95752 0.225586 0.0830078 0.000594616
6 0.755371 0.871094 0.319336 0.257812 0.000599861
9 0.779297 0.638672 0.28125 0.138672 0.00060606
9 0.227539 0.155762 0.455078 0.290039 0.000610828
13 0.79541 0.941895 0.245117 0.116211 0.000626087
7 0.736816 0.362793 0.321289 0.50293 0.000635624
5 0.72168 0.380859 0.361328 0.498047 0.00066185
9 0.487305 0.170898 0.177734 0.191406 0.000678062
9 0.505371 0.68457 0.293945 0.255859 0.000682354
7 0.688965 0.830566 0.512695 0.334961 0.000687599
9 0.229492 0.916504 0.398438 0.157227 0.000701427
9 0.953613 0.0683594 0.0927734 0.136719 0.000704288
5 0.49707 0.890625 0.494141 0.208984 0.000713825
8 0.379883 0.924316 0.25 0.151367 0.000728607
7 0.817871 0.95752 0.198242 0.0849609 0.000731468
5 0.352539 0.956543 0.197266 0.0849609 0.000743866
9 0.491211 0.61084 0.152344 0.209961 0.000747681
13 0.779785 0.832031 0.325195 0.0683594 0.000758171
13 0.352539 0.956055 0.199219 0.0878906 0.000759602
9 0.445801 0.655273 0.508789 0.388672 0.000760078
9 0.260254 0.182129 0.137695 0.114258 0.000760555
13 0.463379 0.896484 0.415039 0.207031 0.000769138
2 0.557617 0.216797 0.0273438 0.0234375 0.000769615
7 0.273926 0.936523 0.407227 0.126953 0.000804424
9 0.517578 0.0737305 0.429688 0.143555 0.0008111
9 0.757324 0.165527 0.0712891 0.0556641 0.000817776
9 0.897461 0.0610352 0.205078 0.12207 0.000819206
9 0.784668 0.219238 0.0849609 0.0849609 0.000823498
9 0.484375 0.494141 0.166016 0.177734 0.000832081
9 0.366211 0.146973 0.226562 0.108398 0.000847816
1 0.379883 0.924316 0.25 0.151367 0.000864506
3 0.489258 0.513672 0.216797 0.408203 0.000869751
9 0.719727 0.946289 0.212891 0.101562 0.000872135
9 0.649414 0.364258 0.162109 0.185547 0.000875473
7 0.444824 0.142578 0.219727 0.222656 0.000982285
0 0.59082 0.339355 0.376953 0.348633 0.000985146
9 0.486816 0.29248 0.21582 0.217773 0.000991821
0 0.451172 0.335938 0.0332031 0.03125 0.00100613
9 0.402832 0.85498 0.397461 0.280273 0.00101566
9 0.824219 0.297363 0.0644531 0.0537109 0.00102329
9 0.755859 0.181152 0.134766 0.116211 0.00102997
9 0.738281 0.120605 0.376953 0.233398 0.00103474
5 0.688965 0.830566 0.512695 0.334961 0.00109196
9 0.22168 0.395508 0.429688 0.458984 0.00110531
9 0.822266 0.395508 0.355469 0.591797 0.00110817
7 0.49707 0.890625 0.494141 0.208984 0.00111961
9 0.819336 0.942871 0.199219 0.114258 0.00112724
9 0.177734 0.0556641 0.355469 0.111328 0.00114441
11 0.328125 0.92041 0.332031 0.155273 0.00114536
9 0.404785 0.150391 0.22168 0.197266 0.00118732
9 0.136719 0.969238 0.195312 0.0576172 0.00121117
9 0.921875 0.138672 0.15625 0.277344 0.0012722
9 0.109863 0.119629 0.0439453 0.0458984 0.00130558
9 0.887695 0.217285 0.21875 0.43457 0.0013237
6 0.352051 0.957031 0.196289 0.0859375 0.0013361
9 0.773926 0.203125 0.204102 0.195312 0.00134659
11 0.384766 0.172363 0.126953 0.149414 0.00140667
10 0.357422 0.852539 0.416016 0.291016 0.00143337
8 0.451172 0.335938 0.03125 0.03125 0.00160885
11 0.387207 0.854492 0.334961 0.271484 0.00169659
3 0.341797 0.743164 0.572266 0.427734 0.00174809
13 0.719238 0.849121 0.383789 0.301758 0.00179291
9 0.739258 0.790039 0.40625 0.400391 0.00184155
9 0.625 0.341309 0.0820312 0.0888672 0.00184631
9 0.482422 0.124512 0.263672 0.223633 0.00196457
4 0.379883 0.924316 0.25 0.151367 0.00209427
9 0.67627 0.119141 0.106445 0.0507812 0.00265121
9 0.345703 0.765137 0.554688 0.469727 0.00288391
11 0.63623 0.115234 0.149414 0.0292969 0.00291824
9 0.937012 0.306641 0.125977 0.570312 0.00305176
9 0.450195 0.336426 0.03125 0.0283203 0.0031395
9 0.165039 0.952148 0.287109 0.09375 0.00322533
10 0.103516 0.699707 0.0410156 0.0439453 0.00322914
9 0.605469 0.936523 0.398438 0.123047 0.00322914
10 0.364258 0.90918 0.283203 0.175781 0.00345612
9 0.754883 0.916504 0.337891 0.161133 0.00347328
11 0.102539 0.701172 0.0390625 0.0449219 0.00365067
3 0.590332 0.884766 0.59082 0.216797 0.00367928
9 0.787598 0.22168 0.424805 0.353516 0.00368309
9 0.398926 0.191406 0.120117 0.179688 0.0038166
7 0.348633 0.953125 0.224609 0.09375 0.00391388
7 0.398926 0.191406 0.120117 0.179688 0.0043602
9 0.794922 0.22998 0.0546875 0.0458984 0.00504684
10 0.273926 0.936523 0.407227 0.126953 0.00559235
5 0.273926 0.391113 0.323242 0.459961 0.00568008
9 0.0893555 0.0410156 0.178711 0.0800781 0.00582504
0 0.486816 0.200684 0.219727 0.178711 0.00642776
9 0.54541 0.772461 0.53418 0.455078 0.00843811
9 0.478027 0.225098 0.249023 0.176758 0.00849152
9 0.729492 0.345215 0.320312 0.461914 0.00867462
9 0.367676 0.919434 0.249023 0.15918 0.00912476
0 0.490234 0.299805 0.230469 0.289062 0.0096283
2 0.44873 0.335449 0.0302734 0.0302734 0.0101852
5 0.367676 0.919434 0.249023 0.15918 0.012558
6 0.379883 0.924316 0.25 0.151367 0.014267
0 0.547363 0.446777 0.383789 0.27832 0.0148773
9 0.590332 0.884766 0.59082 0.216797 0.0155258
9 0.549316 0.477539 0.379883 0.238281 0.0168915
7 0.38623 0.91748 0.262695 0.163086 0.0176544
13 0.367676 0.919434 0.249023 0.15918 0.0207214
9 0.521484 0.684082 0.255859 0.545898 0.0237427
9 0.481934 0.399902 0.219727 0.571289 0.0487366
3 0.548828 0.466309 0.384766 0.245117 0.0938721
0 0.498047 0.259277 0.197266 0.147461 0.0965576
9 0.496582 0.55127 0.172852 0.411133 0.108521
