13 0.283691 0.342773 0.198242 0.105469 0.000100255
12 0.559082 0.357422 0.116211 0.109375 0.000101089
10 0.206055 0.0405273 0.355469 0.0810547 0.000101209
9 0.788086 0.625 0.242188 0.121094 0.000101447
2 0.516602 0.361328 0.195312 0.121094 0.000101626
9 0.370117 0.384766 0.015625 0.0117188 0.000101745
9 0.212402 0.311035 0.0439453 0.0322266 0.000101745
9 0.355469 0.489746 0.134766 0.155273 0.00010407
9 0.423828 0.230469 0.0566406 0.148438 0.000104308
4 0.631836 0.883789 0.519531 0.232422 0.000105143
3 0.513184 0.369141 0.202148 0.132812 0.000106156
7 0.559082 0.357422 0.116211 0.109375 0.000106752
8 0.34668 0.347168 0.0195312 0.0146484 0.000112891
0 0.206055 0.0405273 0.355469 0.0810547 0.000113487
11 0.713867 0.192383 0.0722656 0.0410156 0.000113845
12 0.203125 0.0600586 0.345703 0.120117 0.000114858
11 0.632812 0.852539 0.570312 0.294922 0.000114977
11 0.644043 0.182129 0.114258 0.0205078 0.00011611
8 0.226562 0.0629883 0.269531 0.125977 0.000117183
11 0.248047 0.209961 0.0566406 0.0410156 0.000117898
1 0.631836 0.883789 0.519531 0.232422 0.000117958
7 0.168945 0.105957 0.337891 0.206055 0.000118434
13 0.559082 0.348145 0.112305 0.0888672 0.000119209
0 0.631836 0.883789 0.519531 0.232422 0.000120699
13 0.835449 0.543457 0.0751953 0.0283203 0.000123024
11 0.621094 0.1875 0.0800781 0.0234375 0.000127077
11 0.665527 0.171387 0.0537109 0.0146484 0.000130177
1 0.559082 0.357422 0.116211 0.109375 0.000131845
8 0.632812 0.852539 0.570312 0.294922 0.000134706
3 0.595703 0.599609 0.376953 0.107422 0.000137448
5 0.820312 0.53418 0.0996094 0.103516 0.000137925
12 0.253418 0.0380859 0.288086 0.0761719 0.000144958
2 0.631836 0.883789 0.519531 0.232422 0.000151515
9 0.661133 0.366699 0.0214844 0.0166016 0.00015223
10 0.790039 0.117676 0.419922 0.235352 0.000153899
8 0.559082 0.357422 0.116211 0.109375 0.000158191
9 0.234863 0.108398 0.432617 0.216797 0.000159025
11 0.348633 0.182617 0.125 0.0253906 0.000163436
10 0.126953 0.631836 0.0332031 0.0488281 0.000164986
13 0.202148 0.305664 0.0410156 0.03125 0.000166416
8 0.743652 0.558594 0.0751953 0.0488281 0.000167489
7 0.801758 0.506836 0.140625 0.164062 0.000168204
7 0.256348 0.0405273 0.0634766 0.0380859 0.000168204
2 0.226562 0.0629883 0.269531 0.125977 0.000170231
5 0.55957 0.356934 0.115234 0.108398 0.000170946
11 0.629883 0.171387 0.0546875 0.0146484 0.000171185
7 0.206055 0.0405273 0.355469 0.0810547 0.000177622
5 0.206055 0.0405273 0.355469 0.0810547 0.000178933
9 0.50293 0.422363 0.197266 0.258789 0.000181198
2 0.370605 0.385254 0.0146484 0.0126953 0.00018239
7 0.422852 0.227051 0.0566406 0.12793 0.000183582
11 0.559082 0.357422 0.116211 0.109375 0.000190139
9 0.240723 0.0317383 0.157227 0.0595703 0.000194788
13 0.662598 0.365723 0.0244141 0.0166016 0.000196218
0 0.505371 0.420898 0.208008 0.253906 0.000198126
13 0.355469 0.280762 0.03125 0.0380859 0.000200629
3 0.206055 0.0405273 0.355469 0.0810547 0.000206113
11 0.67334 0.177734 0.0810547 0.0253906 0.000208378
13 0.363281 0.252441 0.0507812 0.108398 0.000223637
9 0.284668 0.497559 0.264648 0.172852 0.00022614
8 0.206055 0.0405273 0.355469 0.0810547 0.000226378
5 0.318848 0.504883 0.18457 0.125 0.000229597
7 0.38623 0.526367 0.100586 0.0996094 0.000235796
11 0.603027 0.182617 0.0634766 0.0253906 0.000238895
5 0.165527 0.0913086 0.331055 0.182617 0.000255585
13 0.824219 0.539062 0.0917969 0.0820312 0.000255585
2 0.558594 0.349609 0.115234 0.09375 0.000257492
6 0.171387 0.10498 0.338867 0.209961 0.000258684
11 0.258301 0.200195 0.0498047 0.0371094 0.000258923
13 0.224121 0.32373 0.0712891 0.0517578 0.000262499
8 0.407227 0.357422 0.0175781 0.015625 0.000267744
4 0.206055 0.0405273 0.355469 0.0810547 0.000268459
6 0.820801 0.53418 0.102539 0.103516 0.000269651
13 0.226562 0.0629883 0.269531 0.125977 0.000271797
6 0.595703 0.551758 0.392578 0.160156 0.000275135
3 0.631836 0.883789 0.519531 0.232422 0.000276089
10 0.559082 0.357422 0.116211 0.109375 0.00028491
8 0.357422 0.54248 0.0429688 0.0302734 0.000293016
4 0.595215 0.558594 0.387695 0.105469 0.000296116
1 0.206055 0.0405273 0.355469 0.0810547 0.000298262
10 0.882324 0.623535 0.0478516 0.0869141 0.000303507
7 0.595215 0.554688 0.387695 0.126953 0.000303745
7 0.351562 0.501953 0.144531 0.136719 0.000306845
9 0.256348 0.0405273 0.0634766 0.0380859 0.000308752
9 0.266602 0.598145 0.289062 0.114258 0.000311613
11 0.351562 0.174316 0.0898438 0.0166016 0.000313759
11 0.125977 0.634766 0.0371094 0.0488281 0.000313759
8 0.595703 0.551758 0.392578 0.160156 0.000314236
13 0.75293 0.553711 0.0683594 0.0507812 0.000314474
11 0.40918 0.179688 0.0527344 0.0253906 0.000330448
0 0.577148 0.338867 0.0703125 0.0683594 0.000340223
11 0.374512 0.17627 0.0732422 0.0224609 0.000341892
11 0.394531 0.188477 0.0507812 0.0214844 0.000358105
9 0.20459 0.0405273 0.374023 0.0810547 0.000366688
13 0.256348 0.0405273 0.0634766 0.0380859 0.000368834
11 0.418457 0.195312 0.0595703 0.0390625 0.00037241
1 0.595215 0.554688 0.387695 0.126953 0.000377893
8 0.253906 0.0336914 0.177734 0.0654297 0.000399351
13 0.206055 0.105469 0.408203 0.210938 0.000411987
11 0.594727 0.556152 0.396484 0.106445 0.000414848
12 0.594727 0.556152 0.396484 0.106445 0.000426531
13 0.595215 0.558594 0.387695 0.105469 0.000435829
2 0.595215 0.558594 0.387695 0.105469 0.000435829
11 0.686523 0.185059 0.0800781 0.0322266 0.000442743
11 0.882324 0.623535 0.0478516 0.0869141 0.000446796
3 0.790039 0.117676 0.419922 0.235352 0.000464201
12 0.165527 0.0913086 0.331055 0.182617 0.000470161
9 0.558594 0.349609 0.115234 0.09375 0.000473499
13 0.253906 0.0336914 0.177734 0.0654297 0.000475168
9 0.293457 0.0356445 0.18457 0.0712891 0.000483751
2 0.206055 0.0405273 0.355469 0.0810547 0.000485897
5 0.595215 0.554688 0.387695 0.126953 0.000525951
9 0.820312 0.53418 0.0996094 0.103516 0.000529289
11 0.619141 0.177246 0.0859375 0.0224609 0.000532627
2 0.660645 0.366699 0.0224609 0.0166016 0.00053978
6 0.206055 0.0405273 0.355469 0.0810547 0.000573158
11 0.737793 0.206055 0.0615234 0.0429688 0.000583649
11 0.387207 0.183105 0.0791016 0.0263672 0.000620842
2 0.253418 0.0400391 0.0634766 0.0371094 0.000632286
0 0.595215 0.558594 0.387695 0.105469 0.000685215
3 0.560059 0.347168 0.114258 0.0869141 0.000704288
3 0.16748 0.105469 0.334961 0.210938 0.000740528
10 0.595215 0.554688 0.387695 0.126953 0.000759125
3 0.594238 0.518066 0.391602 0.110352 0.000764847
11 0.253418 0.0380859 0.288086 0.0761719 0.000781059
2 0.253906 0.0336914 0.177734 0.0654297 0.00090456
3 0.596191 0.575195 0.420898 0.265625 0.000990868
13 0.651855 0.317871 0.0654297 0.118164 0.0010643
13 0.206055 0.0405273 0.355469 0.0810547 0.00117779
9 0.516602 0.361328 0.195312 0.121094 0.00127983
9 0.595215 0.554688 0.387695 0.126953 0.00128269
11 0.649414 0.170898 0.0996094 0.0195312 0.00129223
13 0.239258 0.336914 0.105469 0.0859375 0.00134087
10 0.121094 0.64502 0.0351562 0.0556641 0.00135899
7 0.820312 0.53418 0.0996094 0.103516 0.0017128
11 0.118652 0.647949 0.0341797 0.0595703 0.0019083
8 0.661133 0.366699 0.0214844 0.0166016 0.0020256
8 0.370117 0.384766 0.015625 0.0117188 0.00247002
8 0.256348 0.0405273 0.0634766 0.0380859 0.00264931
13 0.213379 0.312988 0.0498047 0.0361328 0.0105057
0 0.516602 0.361328 0.195312 0.121094 0.0350037
0 0.558594 0.349609 0.115234 0.09375 0.200806
3 0.595215 0.558594 0.387695 0.105469 0.504883
