1 0.580078 0.910645 0.431641 0.178711 0.000100136
9 0.731445 0.669922 0.0351562 0.0273438 0.000100255
3 1 0.583984 0 0.15625 0.000100374
13 0.820801 0.697754 0.0966797 0.114258 0.000100374
8 0.290527 0.630371 0.0478516 0.0478516 0.000100493
0 0.580078 0.910645 0.431641 0.178711 0.000100493
11 0.321777 0.188965 0.0712891 0.0283203 0.000101388
12 0.756836 0.565918 0.201172 0.249023 0.000102222
2 0.166016 0.0834961 0.279297 0.166992 0.00010252
13 0.602051 0.334473 0.0322266 0.0791016 0.00010258
7 0.140625 0.665039 0.0957031 0.148438 0.000102639
9 0.237305 0.578125 0.214844 0.128906 0.000102758
9 0.354492 0.648926 0.0175781 0.0361328 0.000102997
4 0.580078 0.910645 0.431641 0.178711 0.000103354
8 0.691406 0.527832 0.0488281 0.0361328 0.000103652
13 0.330566 0.29834 0.0361328 0.0478516 0.000103652
0 0.231934 0.935547 0.24707 0.09375 0.000103772
8 0.646973 0.526367 0.0595703 0.0410156 0.00010401
4 0.229492 0.533203 0.328125 0.427734 0.000105202
13 0.671875 0.358887 0.140625 0.104492 0.000105619
9 0.150391 0.675781 0.0507812 0.0644531 0.000106573
8 0.38916 0.286133 0.0185547 0.015625 0.000106871
8 0.214355 0.597656 0.0380859 0.0292969 0.00010848
2 0.534668 0.320801 0.0615234 0.0732422 0.000108898
8 0.156738 0.109863 0.307617 0.219727 0.000109553
7 0.283203 0.656738 0.0273438 0.0146484 0.000109613
13 0.352539 0.361816 0.0507812 0.0693359 0.000110567
8 0.577637 0.886719 0.463867 0.226562 0.000111997
7 0.233887 0.541992 0.229492 0.078125 0.000112891
3 0.520996 0.317383 0.0888672 0.0742188 0.000113666
2 0.570801 0.286133 0.0166016 0.0136719 0.000114024
9 0.755371 0.637207 0.141602 0.110352 0.000114322
9 0.837891 0.720703 0.0683594 0.105469 0.000115216
7 0.152344 0.0961914 0.304688 0.186523 0.000116348
13 0.354492 0.63623 0.0292969 0.0556641 0.000116467
8 0.180664 0.652832 0.046875 0.0439453 0.000116646
1 0.768555 0.693359 0.189453 0.130859 0.000117004
3 0.214844 0.217285 0.429688 0.43457 0.00011754
9 0.759277 0.686523 0.174805 0.0898438 0.000117898
7 0.567871 0.421875 0.0634766 0.09375 0.000118017
9 0.543457 0.316895 0.0419922 0.0556641 0.000118375
13 0.231445 0.563965 0.310547 0.143555 0.000118852
2 0.580078 0.910645 0.431641 0.178711 0.00011909
8 0.565918 0.270508 0.0185547 0.00976562 0.000120521
9 0.854004 0.738281 0.114258 0.294922 0.000121236
11 0.378418 0.203613 0.0712891 0.0322266 0.000121653
13 0.137207 0.622559 0.0185547 0.0146484 0.000122786
7 0.197754 0.641602 0.149414 0.0976562 0.000123739
11 0.830078 0.649414 0.0878906 0.177734 0.000124216
2 0.335938 0.295898 0.0175781 0.0136719 0.000125647
4 0.826172 0.649902 0.09375 0.165039 0.000127316
9 0.586914 0.548828 0.0234375 0.0234375 0.000127316
11 0.733887 0.677734 0.0888672 0.0332031 0.000127792
6 0.741699 0.62793 0.280273 0.259766 0.000129223
12 0.768555 0.693359 0.189453 0.130859 0.000131249
2 0.387207 0.437988 0.0205078 0.0205078 0.000131369
8 0.114746 0.690918 0.0166016 0.0146484 0.000132084
3 0.813965 0.0595703 0.352539 0.119141 0.000132799
7 0.814453 0.549805 0.03125 0.0273438 0.00013411
7 0.525391 0.317871 0.078125 0.0751953 0.000134468
8 0.387207 0.437988 0.0205078 0.0205078 0.000135064
11 0.0810547 0.764648 0.0527344 0.0996094 0.000135183
9 0.185547 0.556152 0.166016 0.0986328 0.000135541
11 0.276367 0.661621 0.0371094 0.0205078 0.000135899
13 0.279785 0.435059 0.100586 0.0927734 0.000136733
13 0.649902 0.520508 0.0595703 0.0292969 0.000137329
8 0.155273 0.679688 0.130859 0.09375 0.000138044
7 0.150391 0.627441 0.0664062 0.0634766 0.000138521
13 0.257324 0.59375 0.12793 0.105469 0.00013864
7 0.23584 0.54834 0.286133 0.192383 0.000139475
11 0.078125 0.789551 0.0351562 0.0556641 0.000140071
8 0.150391 0.546387 0.0253906 0.0205078 0.000141859
9 0.328613 0.282715 0.0341797 0.0380859 0.000143766
11 0.633789 0.193359 0.0722656 0.03125 0.000144124
8 0.811035 0.551758 0.0283203 0.0273438 0.000144601
11 0.733398 0.669434 0.0585938 0.0322266 0.000147343
9 0.255371 0.539062 0.137695 0.046875 0.000150681
13 0.38623 0.605469 0.0283203 0.0273438 0.000151873
8 0.525391 0.317871 0.078125 0.0751953 0.000151992
8 0.326172 0.291992 0.015625 0.015625 0.000156999
13 0.612305 0.298828 0.0683594 0.111328 0.000157833
6 0.141602 0.623535 0.0371094 0.0400391 0.000157952
13 0.365234 0.637207 0.0625 0.0712891 0.000158787
9 0.257324 0.665527 0.178711 0.0380859 0.000161886
2 0.331543 0.290527 0.0263672 0.0205078 0.000162482
8 0.783203 0.677734 0.167969 0.169922 0.000163078
11 0.770996 0.686035 0.174805 0.124023 0.000163317
9 0.367676 0.65918 0.0556641 0.03125 0.000163913
9 0.354492 0.644043 0.03125 0.0419922 0.000164509
8 0.183105 0.647949 0.0888672 0.0615234 0.000164747
8 0.283203 0.645508 0.046875 0.0371094 0.000164986
3 0.580078 0.910645 0.431641 0.178711 0.000169158
8 0.770508 0.519043 0.0371094 0.0302734 0.000169754
9 0.47168 0.370605 0.148438 0.28418 0.000170469
9 0.38916 0.44043 0.0126953 0.0117188 0.000171185
11 0.553711 0.214844 0.0605469 0.015625 0.000171423
8 0.541016 0.297363 0.0175781 0.0146484 0.000171661
11 0.336426 0.187012 0.0537109 0.0185547 0.000174165
9 0.779785 0.608887 0.27832 0.262695 0.000175357
9 0.378906 0.662598 0.0351562 0.0224609 0.000175357
9 0.202148 0.71875 0.257812 0.128906 0.000176191
11 0.345703 0.183105 0.0703125 0.0400391 0.000178695
13 0.351562 0.542969 0.0742188 0.167969 0.000178695
7 0.150391 0.677734 0.03125 0.03125 0.000178814
13 0.337891 0.301758 0.0507812 0.0800781 0.000179052
8 0.133301 0.70752 0.0302734 0.0244141 0.000179529
11 0.607422 0.181641 0.0703125 0.0273438 0.000179887
11 0.56543 0.179688 0.0507812 0.0195312 0.000180483
8 0.697266 0.524902 0.0292969 0.0263672 0.00018084
8 0.376465 0.419434 0.0185547 0.0107422 0.000181913
13 0.288574 0.60498 0.0517578 0.0458984 0.000183225
5 0.229492 0.533203 0.328125 0.427734 0.000183344
13 0.756836 0.565918 0.201172 0.249023 0.000183702
7 0.788574 0.616699 0.108398 0.104492 0.000183702
10 0.177734 0.634277 0.228516 0.237305 0.00018537
13 0.361328 0.52002 0.0390625 0.0595703 0.00018537
8 0.230469 0.481445 0.0136719 0.0117188 0.000185847
9 0.150879 0.679688 0.0283203 0.0273438 0.000185966
6 0.137207 0.622559 0.0185547 0.0146484 0.000186324
10 0.836914 0.635742 0.0878906 0.173828 0.000187516
13 0.335938 0.295898 0.0175781 0.0136719 0.000187993
3 0.791016 0.615723 0.138672 0.196289 0.000189424
8 0.137207 0.623535 0.0595703 0.0869141 0.000192404
10 0.816895 0.739258 0.108398 0.130859 0.000193357
3 0.171387 0.0854492 0.342773 0.170898 0.00019443
13 0.218262 0.553223 0.145508 0.0400391 0.000197411
8 0.116211 0.651367 0.0351562 0.03125 0.000197649
11 0.723145 0.695312 0.258789 0.0546875 0.000198245
10 0.737305 0.608887 0.283203 0.262695 0.000198841
11 0.16748 0.636719 0.196289 0.216797 0.000200868
7 0.788574 0.557129 0.120117 0.166992 0.000204921
9 0.265625 0.662598 0.0742188 0.0205078 0.00020504
9 0.141602 0.623535 0.0371094 0.0400391 0.000207782
9 0.688477 0.707031 0.308594 0.0800781 0.000212193
13 0.280273 0.385742 0.132812 0.0800781 0.000213146
5 0.779785 0.608887 0.27832 0.262695 0.000214696
11 0.728516 0.678711 0.0253906 0.0214844 0.000216126
13 0.244629 0.544434 0.0751953 0.0322266 0.000217319
11 0.735352 0.681152 0.185547 0.0400391 0.000218511
8 0.631836 0.523926 0.0214844 0.0185547 0.00022161
2 0.285156 0.657227 0.03125 0.015625 0.00022614
13 0.628418 0.29541 0.0361328 0.0263672 0.000227809
13 0.783203 0.677734 0.167969 0.169922 0.000227809
9 0.223145 0.55127 0.166992 0.0498047 0.00022912
9 0.0419922 0.486328 0.0136719 0.0390625 0.000234604
7 0.17334 0.566895 0.172852 0.131836 0.0002352
6 0.783203 0.677734 0.167969 0.169922 0.00023675
13 0.277832 0.53125 0.118164 0.0507812 0.000236988
7 0.29541 0.647461 0.0380859 0.0292969 0.000240684
1 0.16748 0.636719 0.196289 0.216797 0.00024116
8 0.164551 0.459961 0.0400391 0.0332031 0.000242829
11 0.38916 0.173828 0.0478516 0.0175781 0.000244379
7 0.385742 0.604492 0.0292969 0.0292969 0.000245333
10 0.847168 0.74707 0.0478516 0.0585938 0.000259399
9 0.23291 0.667969 0.286133 0.101562 0.000263214
10 0.848145 0.688477 0.0537109 0.0722656 0.000263929
11 0.38916 0.185547 0.0732422 0.0371094 0.000271082
11 0.587402 0.177246 0.0751953 0.0244141 0.000271559
10 0.767578 0.682617 0.173828 0.101562 0.000272512
7 0.287109 0.658203 0.0390625 0.0234375 0.00028491
8 0.33252 0.291016 0.0263672 0.0234375 0.000291824
7 0.763672 0.72168 0.199219 0.103516 0.000294447
9 0.825195 0.64502 0.0957031 0.18457 0.000302076
8 0.242188 0.600098 0.0214844 0.0224609 0.000303268
9 0.136719 0.62207 0.0234375 0.0195312 0.000303984
11 0.289062 0.660645 0.0410156 0.0263672 0.000304222
13 0.345703 0.325195 0.0546875 0.0898438 0.000304699
8 0.732422 0.668945 0.03125 0.0273438 0.000308514
11 0.849609 0.75293 0.046875 0.0664062 0.000315666
11 0.847656 0.67627 0.0761719 0.116211 0.000320673
6 0.153809 0.0996094 0.307617 0.199219 0.000323296
13 0.153809 0.0996094 0.307617 0.199219 0.000324488
9 0.722168 0.432617 0.354492 0.546875 0.000335693
13 0.167969 0.620117 0.1875 0.183594 0.000353098
2 0.795898 0.625488 0.140625 0.200195 0.000360489
13 0.335938 0.297363 0.0351562 0.0283203 0.000373125
8 0.694336 0.516602 0.0371094 0.0234375 0.000374079
7 0.755371 0.637207 0.141602 0.110352 0.000390053
13 0.318848 0.587891 0.102539 0.119141 0.000391722
13 0.366699 0.525879 0.0205078 0.0478516 0.000394583
7 0.140137 0.601074 0.129883 0.151367 0.000395775
4 0.761719 0.566895 0.1875 0.241211 0.000401735
5 0.153809 0.0996094 0.307617 0.199219 0.00041151
9 0.5625 0.431641 0.0742188 0.119141 0.000427246
7 0.141602 0.623535 0.0371094 0.0400391 0.000430107
13 0.381348 0.662598 0.0380859 0.0244141 0.000436783
12 0.795898 0.625488 0.140625 0.200195 0.000437975
8 0.150391 0.675781 0.0507812 0.0644531 0.000453711
11 0.365723 0.171387 0.0498047 0.0126953 0.000461578
7 0.741699 0.62793 0.280273 0.259766 0.000467062
13 0.320312 0.273438 0.0410156 0.0488281 0.0004673
13 0.623535 0.299316 0.0517578 0.0712891 0.000472546
9 0.283203 0.656738 0.0273438 0.0146484 0.000483513
4 0.783203 0.677734 0.167969 0.169922 0.000485897
9 0.161133 0.594727 0.15625 0.152344 0.000504017
10 0.847656 0.67627 0.0761719 0.116211 0.000504971
13 0.258789 0.37207 0.0761719 0.078125 0.000505924
8 0.177246 0.609863 0.0224609 0.0205078 0.000515461
9 0.817383 0.592773 0.0820312 0.138672 0.000515938
1 0.81543 0.677734 0.107422 0.134766 0.000517368
9 0.944824 0.750488 0.110352 0.499023 0.000518322
7 0.213379 0.600098 0.206055 0.15332 0.000532627
11 0.848145 0.703125 0.0537109 0.078125 0.000544548
9 0.219727 0.563965 0.28125 0.243164 0.000546932
8 0.16748 0.636719 0.196289 0.216797 0.000564575
7 0.229492 0.533203 0.328125 0.427734 0.00057888
13 0.274414 0.556152 0.126953 0.0732422 0.000586987
11 0.662598 0.203613 0.0595703 0.0322266 0.000601768
11 0.354492 0.644043 0.015625 0.0380859 0.000602245
2 0.389648 0.440918 0.0136719 0.0126953 0.00062561
7 0.8125 0.592285 0.0878906 0.137695 0.000628471
7 0.137207 0.622559 0.0185547 0.0146484 0.00066328
12 0.18457 0.643066 0.240234 0.229492 0.000675678
11 0.362793 0.18457 0.0771484 0.0273438 0.000684738
13 0.233887 0.541992 0.229492 0.078125 0.000777245
9 0.743652 0.515137 0.225586 0.352539 0.000788689
9 0.820801 0.697754 0.0966797 0.114258 0.000805855
13 0.294922 0.585449 0.0332031 0.0615234 0.000823021
5 0.739258 0.510742 0.238281 0.363281 0.000834465
10 0.767578 0.687988 0.230469 0.249023 0.000834942
8 0.38916 0.44043 0.0126953 0.0117188 0.000864983
8 0.570801 0.284668 0.0185547 0.0146484 0.000870705
9 0.385254 0.603516 0.0302734 0.0292969 0.000891685
9 0.29541 0.647461 0.0380859 0.0292969 0.000902653
8 0.285156 0.657227 0.03125 0.015625 0.00091362
13 0.633301 0.348145 0.124023 0.145508 0.000935555
6 0.757324 0.56543 0.192383 0.257812 0.000965118
9 0.523438 0.317383 0.0839844 0.0742188 0.000981331
7 0.82373 0.70459 0.0869141 0.106445 0.000990868
13 0.354492 0.64209 0.0175781 0.0419922 0.00100803
11 0.291016 0.650879 0.0390625 0.0283203 0.00107956
13 0.331543 0.290527 0.0263672 0.0205078 0.00115871
10 0.839844 0.729492 0.0644531 0.0996094 0.00117493
11 0.597656 0.176758 0.0488281 0.015625 0.00120926
8 0.810059 0.544922 0.0224609 0.0195312 0.00120926
11 0.730957 0.669434 0.0302734 0.0263672 0.00122452
11 0.839844 0.729492 0.0644531 0.0996094 0.00122738
11 0.794922 0.71875 0.144531 0.109375 0.00125313
2 0.385254 0.603516 0.0302734 0.0292969 0.00135422
8 0.335449 0.295898 0.0166016 0.0117188 0.00136375
8 0.787598 0.615234 0.147461 0.179688 0.00137138
4 0.16748 0.636719 0.196289 0.216797 0.00139332
8 0.586914 0.548828 0.0234375 0.0234375 0.00139618
11 0.547363 0.181641 0.0439453 0.0234375 0.00141239
7 0.824707 0.648438 0.0966797 0.167969 0.00148392
9 0.287109 0.658203 0.0390625 0.0234375 0.00154495
8 0.141602 0.623535 0.0371094 0.0400391 0.00170898
13 0.328613 0.282715 0.0341797 0.0380859 0.0017519
12 0.243652 0.497559 0.344727 0.495117 0.00175667
9 0.783203 0.677734 0.167969 0.169922 0.00198936
5 0.167969 0.622559 0.189453 0.188477 0.0020256
13 0.244141 0.541504 0.132812 0.0478516 0.00229454
9 0.763672 0.72168 0.199219 0.103516 0.00230789
8 0.297363 0.641602 0.0322266 0.0351562 0.00255775
1 0.795898 0.625488 0.140625 0.200195 0.00259781
13 0.296875 0.583496 0.0644531 0.0810547 0.00265694
13 0.791504 0.617188 0.139648 0.193359 0.00270462
10 0.0810547 0.771973 0.0390625 0.0556641 0.00293732
7 0.757324 0.56543 0.192383 0.257812 0.00301743
11 0.574707 0.175293 0.0771484 0.0146484 0.00310516
8 0.149902 0.681152 0.0322266 0.0283203 0.00341797
6 0.167969 0.620117 0.1875 0.183594 0.003685
11 0.0810547 0.770996 0.0371094 0.0615234 0.00373268
13 0.612793 0.339844 0.0595703 0.113281 0.00382996
9 0.23291 0.503418 0.342773 0.483398 0.00397873
11 0.345215 0.180176 0.0537109 0.0205078 0.00416183
7 0.783203 0.677734 0.167969 0.169922 0.00419998
10 0.830566 0.703125 0.0673828 0.0898438 0.00540924
11 0.795898 0.625488 0.140625 0.200195 0.00557327
9 0.17041 0.641113 0.213867 0.225586 0.00566864
4 0.791016 0.617676 0.138672 0.192383 0.00585175
11 0.387207 0.179199 0.0595703 0.0205078 0.00590515
8 0.385742 0.604492 0.0292969 0.0292969 0.00615311
10 0.780273 0.718262 0.167969 0.104492 0.00617218
5 0.790527 0.605469 0.133789 0.195312 0.00663376
11 0.36377 0.173828 0.0810547 0.0175781 0.00754929
9 0.791016 0.605957 0.134766 0.19043 0.00799561
9 0.468262 0.498047 0.131836 0.40625 0.0100708
11 0.822754 0.697754 0.0888672 0.114258 0.0113754
8 0.136719 0.62207 0.0234375 0.0195312 0.0133972
0 0.520996 0.317383 0.0869141 0.0742188 0.0163269
11 0.285156 0.657227 0.03125 0.015625 0.0183411
7 0.16748 0.636719 0.196289 0.216797 0.0194244
10 0.817383 0.678223 0.0996094 0.133789 0.0257111
6 0.791504 0.617188 0.139648 0.193359 0.0258789
10 0.795898 0.625488 0.140625 0.200195 0.026825
7 0.791504 0.617188 0.139648 0.193359 0.0812378
