0 0.537598 0.703125 0.342773 0.162109 0.000100195
13 0.24707 0.564941 0.0761719 0.0654297 0.000100255
13 0.368652 0.405762 0.145508 0.165039 0.000100255
13 0.323242 0.472656 0.0664062 0.0644531 0.000101149
8 0.762695 0.726074 0.0390625 0.0419922 0.000101864
6 0.935059 0.578613 0.129883 0.370117 0.000102103
7 0.255859 0.536133 0.101562 0.105469 0.000102222
2 0.556152 0.467285 0.110352 0.100586 0.000102282
3 0.540039 0.866211 0.646484 0.267578 0.00010246
13 0.355469 0.410645 0.046875 0.0361328 0.00010252
7 0.569336 0.00830078 0.0703125 0.0166016 0.000102639
0 0.513672 0.45459 0.167969 0.0947266 0.000102878
1 0.46875 0.0405273 0.109375 0.0791016 0.000103712
11 0.280762 0.240723 0.0849609 0.104492 0.000103772
1 0.331055 0.13623 0.404297 0.21582 0.000103951
6 0.28125 0.571289 0.078125 0.0234375 0.000104129
9 0.280762 0.240723 0.0849609 0.104492 0.000104487
12 0.473145 0.0405273 0.112305 0.0791016 0.000104487
9 0.424316 0.387207 0.0419922 0.0771484 0.000104487
8 0.201172 0.137695 0.388672 0.275391 0.000104904
13 0.935059 0.578613 0.129883 0.370117 0.000105143
11 0.253906 0.671875 0.150391 0.240234 0.000106156
7 0.662598 0.672852 0.0947266 0.164062 0.000106275
5 0.557129 0.473145 0.108398 0.112305 0.000106394
1 0.253906 0.671875 0.150391 0.240234 0.000108182
11 0.279297 0.577637 0.226562 0.428711 0.000108182
8 0.377441 0.418457 0.0615234 0.0400391 0.00010848
9 0.945312 0.591797 0.105469 0.171875 0.000109076
11 0.617676 0.306641 0.0517578 0.0332031 0.000109434
2 0.33252 0.459961 0.12207 0.0957031 0.000109553
9 0.986816 0.0136719 0.0224609 0.0273438 0.000109732
2 0.631836 0.520508 0.0175781 0.0195312 0.000110686
10 0.253906 0.671875 0.150391 0.240234 0.000110745
11 0.395996 0.313965 0.0732422 0.0205078 0.000111163
13 0.253906 0.671875 0.150391 0.240234 0.000112474
11 0.408691 0.00634766 0.0771484 0.0126953 0.000112534
3 0.224121 0.953125 0.108398 0.0878906 0.000112832
10 0.217773 0.511719 0.03125 0.0351562 0.00011301
7 0.813477 0.755371 0.0507812 0.0380859 0.000113308
4 0.46875 0.0390625 0.101562 0.078125 0.000113308
11 0.331055 0.133789 0.4375 0.267578 0.000115871
13 0.312988 0.495117 0.239258 0.292969 0.000116289
6 0.297852 0.458008 0.0664062 0.0761719 0.000117004
13 0.201172 0.137695 0.388672 0.275391 0.000118136
9 0.568848 0.0078125 0.0458984 0.015625 0.000118852
7 0.266602 0.614746 0.136719 0.116211 0.000123739
13 0.56543 0.0136719 0.134766 0.0273438 0.000124216
6 0.229492 0.513184 0.0566406 0.0556641 0.000124812
9 0.223633 0.694824 0.0898438 0.194336 0.000125289
13 0.306152 0.42334 0.0517578 0.0498047 0.000126004
11 0.985352 0.012207 0.0195312 0.0185547 0.000126243
4 0.951172 0.606934 0.0976562 0.15332 0.000126481
8 0.185547 0.475098 0.0410156 0.0341797 0.000126839
7 0.946289 0.596191 0.107422 0.428711 0.000126958
8 0.279297 0.577637 0.226562 0.428711 0.000127673
10 0.0302734 0.495117 0.0566406 0.208984 0.000128627
8 0.873535 0.325684 0.0458984 0.0380859 0.000128746
13 0.378418 0.436035 0.0673828 0.0595703 0.000128984
10 0.555664 0.0166016 0.134766 0.0332031 0.000133753
3 0.317383 0.956543 0.373047 0.0849609 0.000135422
10 0.387207 0.00976562 0.0615234 0.0175781 0.000136256
10 0.442383 0.0400391 0.160156 0.0800781 0.00013876
11 0.379883 0.0180664 0.0605469 0.0361328 0.000139236
11 0.584961 0.0078125 0.0371094 0.015625 0.000139236
3 0.999023 0.753906 0.00195312 0.154297 0.000140786
12 0.507812 0.0444336 0.214844 0.0888672 0.000141859
10 0.556641 0.472168 0.111328 0.112305 0.000142455
11 0.640625 0.0131836 0.119141 0.0263672 0.000143766
8 0.331055 0.133789 0.4375 0.267578 0.000146866
11 0.571289 0.293945 0.0605469 0.0273438 0.000147223
3 0.103516 0.893555 0.207031 0.175781 0.000147462
7 0.949219 0.604004 0.101562 0.157227 0.000148535
9 0.768066 0.655762 0.147461 0.264648 0.000150561
3 0.469238 0.0400391 0.104492 0.078125 0.000151038
7 0.251465 0.496094 0.143555 0.238281 0.000151515
9 0.297852 0.457031 0.0644531 0.0703125 0.000152707
9 0.981934 0.0107422 0.0205078 0.0175781 0.000152707
7 0.768066 0.655762 0.147461 0.264648 0.000152826
2 0.331055 0.133789 0.4375 0.267578 0.000153065
13 0.270508 0.577637 0.0527344 0.0244141 0.00015378
9 0.727539 0.668457 0.0625 0.0341797 0.000153899
0 0.331055 0.13623 0.404297 0.21582 0.000154495
6 0.320312 0.457031 0.125 0.09375 0.000155568
9 0.568848 0.354492 0.0654297 0.119141 0.000156164
11 0.28125 0.570312 0.078125 0.0234375 0.000157475
9 0.703613 0.452637 0.0146484 0.0107422 0.000158429
13 0.28418 0.438965 0.0703125 0.0732422 0.000160098
9 0.813477 0.755371 0.0507812 0.0341797 0.000160933
7 0.320312 0.457031 0.125 0.09375 0.000162244
7 0.297852 0.458008 0.0664062 0.0761719 0.000162482
9 0.663086 0.672852 0.0917969 0.167969 0.000163674
3 0.331055 0.13623 0.404297 0.21582 0.000165224
10 0.616699 0.00927734 0.0927734 0.0185547 0.00016737
9 0.251465 0.496094 0.143555 0.238281 0.000168324
2 0.363281 0.410156 0.0214844 0.0195312 0.000169039
13 0.649414 0.460938 0.0664062 0.0957031 0.000169039
13 0.32959 0.445801 0.143555 0.178711 0.000170827
13 0.288086 0.495117 0.0625 0.0351562 0.000171781
3 0.536133 0.758789 0.349609 0.09375 0.000172138
7 0.28125 0.571289 0.078125 0.0234375 0.00017333
9 0.519043 0.500488 0.180664 0.163086 0.000174165
8 0.358887 0.40332 0.0341797 0.03125 0.000174284
8 0.406738 0.414062 0.0205078 0.0195312 0.000175118
7 0.223145 0.72168 0.0888672 0.166016 0.000175357
4 0.946289 0.596191 0.107422 0.428711 0.000176549
8 0.25293 0.492188 0.0273438 0.0136719 0.000177145
8 0.399902 0.439453 0.0244141 0.0195312 0.000178337
6 0.276855 0.47168 0.108398 0.115234 0.000178695
13 0.271973 0.50293 0.0673828 0.0273438 0.000182867
0 0.805664 0.946289 0.117188 0.107422 0.000186443
9 0.114746 0.825684 0.0126953 0.0263672 0.000188589
7 0.56543 0.0136719 0.134766 0.0273438 0.000189185
2 0.51123 0.0444336 0.213867 0.0869141 0.000190735
11 0.507812 0.0444336 0.214844 0.0888672 0.000193
8 0.241211 0.530273 0.0644531 0.0546875 0.000195861
10 0.390625 0.0170898 0.0742188 0.0341797 0.000196815
7 0.569824 0.347168 0.0673828 0.120117 0.00019753
10 0.847656 0.836426 0.0449219 0.0849609 0.000197768
11 0.572266 0.28125 0.0566406 0.0273438 0.000198245
0 0.0332031 0.0830078 0.0664062 0.166016 0.000202537
11 0.609863 0.293457 0.114258 0.0205078 0.000206709
2 0.393066 0.577148 0.0302734 0.0253906 0.000207186
9 0.749512 0.813965 0.223633 0.100586 0.000209093
8 0.248535 0.535645 0.0439453 0.0341797 0.00021112
11 0.433594 0.0195312 0.15625 0.0390625 0.000213385
12 0.307129 0.561035 0.272461 0.493164 0.000214219
9 0.738281 0.591309 0.230469 0.438477 0.000215173
9 0.276855 0.47168 0.108398 0.115234 0.000219345
7 0.362793 0.40918 0.0224609 0.0214844 0.00022006
7 0.433594 0.379395 0.0703125 0.155273 0.00022018
6 0.217773 0.514648 0.03125 0.0292969 0.000225306
10 0.28418 0.612305 0.238281 0.365234 0.000226259
13 0.731934 0.687012 0.0693359 0.0517578 0.000226378
13 0.383301 0.503906 0.0439453 0.0644531 0.000227213
13 0.472168 0.0400391 0.106445 0.0800781 0.000228643
10 0.419434 0.0102539 0.102539 0.0205078 0.000229239
11 0.40918 0.320801 0.09375 0.0302734 0.000230312
9 0.210938 0.497559 0.0546875 0.0673828 0.000230551
11 0.391602 0.0107422 0.0664062 0.0214844 0.000231028
10 0.0917969 0.589355 0.183594 0.491211 0.000232816
11 0.563965 0.0195312 0.0693359 0.0351562 0.000247478
9 0.243652 0.526367 0.0673828 0.0566406 0.000248432
7 0.243652 0.526367 0.0673828 0.0566406 0.00025177
5 0.28418 0.612305 0.238281 0.365234 0.000252485
9 0.330078 0.454102 0.111328 0.0800781 0.000253439
8 0.253906 0.671875 0.150391 0.240234 0.000255346
11 0.437012 0.00878906 0.102539 0.015625 0.000255585
13 0.259766 0.561035 0.150391 0.237305 0.000263453
7 0.95752 0.597656 0.0849609 0.199219 0.000272512
11 0.575684 0.324707 0.0712891 0.0751953 0.00027442
4 0.28418 0.57666 0.238281 0.438477 0.000278473
6 0.28418 0.612305 0.238281 0.365234 0.000280857
9 0.28125 0.571289 0.078125 0.0234375 0.000299454
9 0.533203 0.0229492 0.175781 0.0458984 0.000305176
7 0.51123 0.0444336 0.213867 0.0869141 0.000311136
3 0.555664 0.465332 0.111328 0.0966797 0.000320673
10 0.433594 0.0195312 0.15625 0.0390625 0.000322819
13 0.359863 0.40918 0.0283203 0.0253906 0.000323772
13 0.25 0.508789 0.0996094 0.0703125 0.000325441
11 0.407227 0.288574 0.0703125 0.0205078 0.000326633
10 0.573242 0.00927734 0.0898438 0.0185547 0.000327349
11 0.46875 0.0405273 0.109375 0.0791016 0.000334263
13 0.299316 0.577148 0.0966797 0.0292969 0.000334263
9 0.702637 0.437988 0.0439453 0.0361328 0.000334501
13 0.274902 0.564941 0.106445 0.0810547 0.000334978
13 0.228516 0.513672 0.0546875 0.046875 0.000341177
11 0.843262 0.832031 0.0400391 0.0566406 0.000342131
3 0.496582 0.0449219 0.213867 0.0878906 0.000342369
3 0.805664 0.946289 0.117188 0.107422 0.000350475
4 0.217773 0.51416 0.03125 0.0302734 0.000353336
9 0.517578 0.0102539 0.185547 0.0205078 0.000354528
13 0.727051 0.67041 0.0888672 0.0712891 0.000357628
10 0.180176 0.839355 0.0400391 0.0712891 0.000358343
5 0.253906 0.671875 0.150391 0.240234 0.000362873
11 0.529297 0.0131836 0.15625 0.0263672 0.000365734
8 0.755371 0.566895 0.0322266 0.0302734 0.00036931
9 0.504395 0.0717773 0.21582 0.143555 0.000374794
9 0.425293 0.39209 0.0810547 0.143555 0.000383615
13 0.269531 0.582031 0.09375 0.0371094 0.000391483
11 0.653809 0.294922 0.0869141 0.0273438 0.000403404
11 0.393066 0.295898 0.0947266 0.03125 0.000405312
9 0.878906 0.331543 0.0761719 0.0537109 0.000410795
10 0.0620117 0.508789 0.124023 0.279297 0.000424623
10 0.519531 0.0385742 0.214844 0.0771484 0.00042963
9 0.219727 0.501953 0.0332031 0.0449219 0.000446558
9 0.237793 0.505371 0.0966797 0.118164 0.000459671
8 0.228516 0.513672 0.0546875 0.046875 0.000466585
13 0.281738 0.566895 0.0517578 0.0185547 0.000468016
9 0.538574 0.705566 0.342773 0.149414 0.000473738
9 0.556641 0.472168 0.111328 0.112305 0.000507832
9 0.362793 0.40918 0.0224609 0.0214844 0.000524044
7 0.276855 0.47168 0.108398 0.115234 0.000540257
11 0.599121 0.3125 0.104492 0.0507812 0.000543118
13 0.217773 0.514648 0.03125 0.0292969 0.000568867
4 0.253906 0.671875 0.150391 0.240234 0.000603199
9 0.565918 0.0102539 0.0791016 0.0185547 0.000610828
2 0.217285 0.51123 0.0302734 0.0341797 0.000626087
7 0.243652 0.483887 0.104492 0.124023 0.000633717
11 0.560059 0.034668 0.182617 0.0634766 0.000641346
11 0.217773 0.513672 0.03125 0.03125 0.000645161
11 0.374023 0.290527 0.0449219 0.0224609 0.000645638
11 0.621094 0.0224609 0.119141 0.0449219 0.000649929
13 0.289062 0.562988 0.0878906 0.0302734 0.000687599
13 0.310059 0.476074 0.108398 0.0869141 0.000696659
11 0.573242 0.00927734 0.0898438 0.0185547 0.000706196
11 0.658203 0.307617 0.130859 0.0566406 0.000725269
13 0.255859 0.568359 0.0585938 0.0214844 0.000727177
11 0.616699 0.00927734 0.0927734 0.0185547 0.000733376
13 0.375977 0.473145 0.0644531 0.0986328 0.000743389
13 0.330566 0.427734 0.0986328 0.0683594 0.000747681
13 0.34668 0.419922 0.0703125 0.0449219 0.000767231
9 0.563477 0.0151367 0.117188 0.0302734 0.000771523
11 0.589844 0.299316 0.0722656 0.0263672 0.00078249
10 0.582031 0.0258789 0.138672 0.0517578 0.000844479
11 0.180176 0.842773 0.0380859 0.0703125 0.000880241
11 0.384277 0.313965 0.12207 0.0302734 0.000930309
8 0.703613 0.452637 0.0146484 0.0107422 0.000930309
13 0.26123 0.568359 0.0888672 0.0371094 0.000964165
11 0.420898 0.294922 0.0546875 0.03125 0.00106525
6 0.253906 0.671875 0.150391 0.240234 0.00110722
13 0.29834 0.441895 0.0439453 0.0517578 0.00116444
13 0.813477 0.755371 0.0507812 0.0341797 0.00116825
13 0.359375 0.453613 0.0625 0.0712891 0.00119114
11 0.693848 0.312012 0.0869141 0.0478516 0.00129795
2 0.46875 0.0390625 0.101562 0.078125 0.00130177
11 0.419434 0.310547 0.0673828 0.0332031 0.00131893
13 0.276855 0.47168 0.108398 0.115234 0.00136375
7 0.469238 0.0400391 0.106445 0.078125 0.00148201
8 0.392578 0.577148 0.0332031 0.0253906 0.00161648
11 0.578125 0.307129 0.0625 0.0322266 0.00175285
7 0.228516 0.513672 0.0546875 0.046875 0.00191021
0 0.535645 0.494629 0.163086 0.157227 0.00193214
9 0.259277 0.665527 0.166992 0.223633 0.00195217
9 0.228516 0.513672 0.0546875 0.046875 0.00200462
8 0.469238 0.0400391 0.104492 0.078125 0.00200653
9 0.186523 0.476562 0.0390625 0.0371094 0.00208855
9 0.28418 0.57666 0.238281 0.438477 0.00251198
11 0.564941 0.019043 0.149414 0.0380859 0.00318336
7 0.279297 0.577637 0.226562 0.428711 0.00348091
9 0.87207 0.324219 0.0546875 0.0332031 0.00351334
10 0.179199 0.848145 0.0283203 0.0439453 0.0044136
10 0.848633 0.842773 0.03125 0.0429688 0.00482941
13 0.297852 0.457031 0.0644531 0.0703125 0.0049057
10 0.594727 0.0136719 0.111328 0.0273438 0.00553513
11 0.849609 0.84375 0.03125 0.046875 0.00571442
11 0.180664 0.848145 0.0292969 0.0400391 0.0058136
11 0.631348 0.30127 0.135742 0.0302734 0.00610352
8 0.362793 0.40918 0.0224609 0.0214844 0.00614166
7 0.217773 0.51416 0.03125 0.0302734 0.00722885
11 0.594727 0.0136719 0.111328 0.0273438 0.00829315
13 0.330078 0.453613 0.113281 0.0791016 0.00930786
7 0.253906 0.671875 0.150391 0.240234 0.0113602
9 0.217773 0.514648 0.03125 0.0292969 0.0163422
11 0.673828 0.303223 0.078125 0.0322266 0.0180359
8 0.217773 0.512207 0.0292969 0.0341797 0.02211
3 0.539062 0.716309 0.34375 0.125977 0.0235443
13 0.729004 0.669922 0.0595703 0.0351562 0.0237732
13 0.28125 0.571289 0.078125 0.0234375 0.0326233
9 0.493652 0.0415039 0.170898 0.0830078 0.0532837
0 0.556152 0.467285 0.110352 0.100586 0.0733032
