10 0.135254 0.985352 0.0771484 0.0292969 0.000100195
11 0.466309 0.00927734 0.125977 0.0185547 0.000100255
3 0.54541 0.605469 0.194336 0.517578 0.000100315
11 0.712891 0.273438 0.0449219 0.0410156 0.000100434
13 0.358887 0.410645 0.0595703 0.0830078 0.000100493
11 0.806641 0.304688 0.0527344 0.0527344 0.000101268
8 0.395508 0.723633 0.0664062 0.0664062 0.000102401
7 0.294922 0.523926 0.380859 0.686523 0.00010246
7 0.648438 0.249512 0.078125 0.0400391 0.000103652
11 0.504883 0.0117188 0.265625 0.0234375 0.000104129
9 0.745117 0.280273 0.107422 0.0722656 0.000104368
8 0.480957 0.540527 0.0224609 0.0283203 0.000104487
9 0.6875 0.276367 0.130859 0.0644531 0.000105262
11 0.907715 0.718262 0.0263672 0.0244141 0.000105381
13 0.325684 0.378906 0.114258 0.0878906 0.000106215
11 0.406738 0.241211 0.0791016 0.0292969 0.000106692
8 0.398438 0.00488281 0.0117188 0.0078125 0.000106692
12 0.28125 0.364258 0.414062 0.285156 0.00010711
9 0.743164 0.29541 0.0625 0.0537109 0.000107348
9 0.713867 0.323242 0.126953 0.132812 0.000107348
10 0.913574 0.990723 0.0400391 0.0166016 0.000109851
3 0.296387 0.260254 0.0927734 0.0830078 0.000109911
9 0.397461 0.0180664 0.105469 0.0361328 0.00011003
9 0.396484 0.00488281 0.015625 0.0078125 0.00011158
11 0.88623 0.581543 0.0498047 0.0517578 0.000111997
11 0.0966797 0.922852 0.0429688 0.0605469 0.000112176
13 0.916504 0.294922 0.166992 0.466797 0.000112355
11 0.427734 0.246094 0.101562 0.0664062 0.000112832
1 0.320801 0.246582 0.114258 0.0693359 0.000115156
7 0.706543 0.335449 0.108398 0.131836 0.000115633
11 0.807617 0.833496 0.03125 0.0380859 0.000116229
2 0.723145 0.305664 0.0712891 0.0957031 0.00011754
12 0.524414 0.604004 0.166016 0.645508 0.000117898
8 0.476562 0.702148 0.0449219 0.03125 0.000118256
9 0.317871 0.415527 0.239258 0.129883 0.000120759
6 0.372559 0.420898 0.104492 0.109375 0.000121593
8 0.888672 0.578125 0.03125 0.0390625 0.000121951
8 0.992188 0.400879 0.0117188 0.0712891 0.000122547
3 0.759766 0.636719 0.363281 0.580078 0.000122666
11 0.915527 0.964844 0.0654297 0.0703125 0.000122666
11 0.773926 0.30127 0.106445 0.0576172 0.000124931
13 0.712402 0.305664 0.0498047 0.0703125 0.000125289
3 0.346191 0.250488 0.223633 0.0810547 0.000126958
9 0.555664 0.635254 0.101562 0.360352 0.000131607
9 0.437012 0.394531 0.0712891 0.078125 0.000132322
11 0.307617 0.304199 0.285156 0.176758 0.000132322
11 0.661621 0.23877 0.0888672 0.0341797 0.000133753
13 0.699707 0.335449 0.0771484 0.0849609 0.000134587
8 0.904785 0.71875 0.0322266 0.03125 0.000135899
5 0.294434 0.54541 0.358398 0.518555 0.000136614
11 0.147461 0.990234 0.0820312 0.0175781 0.000136971
9 0.500977 0.51709 0.132812 0.540039 0.000137091
8 0.710938 0.45166 0.0214844 0.0185547 0.000137091
9 0.791992 0.926758 0.25 0.138672 0.000137329
2 0.484375 0.608887 0.03125 0.0380859 0.000137687
11 0.375977 0.23584 0.0878906 0.0205078 0.000139236
6 0.716797 0.33252 0.0527344 0.0673828 0.000139713
13 0.392578 0.756836 0.0410156 0.0351562 0.000140309
8 0.674316 0.451172 0.0478516 0.0332031 0.00014174
13 0.368652 0.437988 0.0673828 0.0556641 0.000141978
10 0.811035 0.84375 0.0205078 0.0253906 0.000142336
9 0.620117 0.690918 0.0292969 0.0400391 0.000142694
13 0.300781 0.551758 0.164062 0.0488281 0.000142932
11 0.645508 0.0078125 0.0976562 0.015625 0.000143409
3 0.584961 0.428711 0.0996094 0.0898438 0.000143766
8 0.294434 0.699219 0.0380859 0.0390625 0.000144958
7 0.354492 0.253418 0.216797 0.0732422 0.00014627
8 0.731445 0.349609 0.0332031 0.0195312 0.000147223
8 0.381836 0.00878906 0.0507812 0.0175781 0.000148535
11 0.410645 0.233398 0.0576172 0.0214844 0.000149608
13 0.722656 0.331543 0.0625 0.0595703 0.000150561
9 0.484375 0.538574 0.0253906 0.0341797 0.000151396
9 0.55127 0.439453 0.161133 0.123047 0.000153422
13 0.751465 0.295898 0.110352 0.0644531 0.000153661
11 0.687012 0.237793 0.0458984 0.0146484 0.000155449
2 0.354492 0.253418 0.216797 0.0732422 0.000155568
13 0.722656 0.271973 0.0507812 0.0302734 0.000156879
10 0.175293 0.15332 0.350586 0.306641 0.000157118
11 0.612793 0.0166016 0.245117 0.0332031 0.000157595
11 0.651367 0.272949 0.09375 0.0439453 0.000157833
9 0.319336 0.043457 0.205078 0.0869141 0.000158548
8 0.372559 0.00634766 0.0380859 0.0107422 0.000160933
9 0.90625 0.646484 0.123047 0.572266 0.000161409
8 0.74707 0.777344 0.0234375 0.0234375 0.000161529
9 0.484375 0.608398 0.03125 0.0371094 0.000162601
8 0.822754 0.910156 0.0400391 0.0332031 0.000163078
9 0.518555 0.342285 0.119141 0.262695 0.000165224
9 0.388672 0.00439453 0.0371094 0.00878906 0.000167966
11 0.912109 0.989258 0.0410156 0.0195312 0.000168085
9 0.991699 0.015625 0.0166016 0.03125 0.000168204
9 0.997559 0.585938 0.00488281 0.714844 0.000168324
11 0.744141 0.258301 0.0761719 0.0439453 0.0001688
9 0.465332 0.109863 0.397461 0.206055 0.000170827
13 0.345703 0.446777 0.162109 0.0791016 0.000172257
13 0.327637 0.375977 0.0830078 0.0527344 0.000172973
8 0.73584 0.668945 0.0458984 0.0332031 0.000174284
12 0.24707 0.200684 0.447266 0.401367 0.000174403
0 0.55127 0.439453 0.161133 0.123047 0.000174522
7 0.437012 0.394531 0.0712891 0.078125 0.000174761
5 0.728516 0.284668 0.0585938 0.0498047 0.000175476
8 0.802246 0.804688 0.0419922 0.0566406 0.000176072
9 0.498047 0.727051 0.130859 0.358398 0.000176668
10 0.913086 0.97998 0.0410156 0.0380859 0.000177622
12 0.890625 0.652344 0.126953 0.488281 0.000178337
8 0.651855 0.292969 0.0185547 0.0175781 0.000178695
8 0.337402 0.62793 0.0439453 0.03125 0.000178933
9 0.963379 0.216797 0.0732422 0.09375 0.000182748
8 0.628418 0.384766 0.0244141 0.0234375 0.000185847
6 0.429688 0.394531 0.0449219 0.0429688 0.000188112
8 0.712891 0.277344 0.0429688 0.0390625 0.000188351
11 0.805664 0.216797 0.0429688 0.0410156 0.000189543
11 0.444824 0.247559 0.0595703 0.0205078 0.000190139
2 0.396484 0.00488281 0.015625 0.0078125 0.000190139
1 0.354492 0.253418 0.216797 0.0732422 0.000190616
12 0.234375 0.303711 0.277344 0.212891 0.000193715
9 0.469238 0.706543 0.0283203 0.0244141 0.000194192
8 0.71582 0.347168 0.0585938 0.0517578 0.000196576
9 0.364746 0.416992 0.118164 0.111328 0.000201225
1 0.725098 0.308594 0.0712891 0.0976562 0.000203013
9 0.712891 0.277344 0.0429688 0.0390625 0.000205874
11 0.674805 0.263672 0.078125 0.0234375 0.000207186
11 0.782715 0.28418 0.0654297 0.0449219 0.00020802
2 0.728516 0.284668 0.0585938 0.0498047 0.000210643
13 0.354492 0.253418 0.216797 0.0732422 0.000211
8 0.387207 0.712402 0.0419922 0.0322266 0.000211477
2 0.388672 0.00439453 0.0371094 0.00878906 0.0002141
11 0.799805 0.842285 0.046875 0.0341797 0.000214696
2 0.377441 0.0185547 0.0556641 0.0371094 0.000218153
9 0.742188 0.289062 0.0351562 0.0371094 0.000218987
11 0.918457 0.979492 0.0400391 0.0371094 0.00022316
7 0.586914 0.432129 0.0957031 0.0966797 0.000223756
7 0.299805 0.255371 0.0820312 0.0615234 0.000232697
2 0.468262 0.708984 0.0283203 0.0214844 0.000234962
9 0.712891 0.353516 0.03125 0.0214844 0.000235915
8 0.367676 0.00488281 0.0166016 0.00976562 0.000240088
13 0.289551 0.256836 0.0791016 0.0683594 0.000248194
4 0.429688 0.394531 0.0449219 0.0429688 0.000249386
7 0.904785 0.72168 0.0244141 0.0195312 0.000251532
11 0.259277 0.294434 0.147461 0.133789 0.000252962
9 0.043457 0.248047 0.0849609 0.1875 0.000255585
8 0.765625 0.352539 0.015625 0.0136719 0.000255823
9 0.367676 0.00488281 0.0166016 0.00976562 0.000257015
3 0.236328 0.266602 0.472656 0.533203 0.000258207
2 0.887695 0.580078 0.0292969 0.0410156 0.000259638
11 0.463379 0.228027 0.0732422 0.0224609 0.00026679
11 0.624023 0.00927734 0.197266 0.0185547 0.000268221
4 0.725098 0.308594 0.0712891 0.0976562 0.000268459
12 0.288574 0.279785 0.133789 0.12793 0.000270844
12 0.808594 0.132812 0.382812 0.265625 0.000273228
7 0.745117 0.280273 0.107422 0.0722656 0.000284195
11 0.677734 0.252441 0.0683594 0.0205078 0.000285625
8 0.717285 0.571777 0.0224609 0.0205078 0.000287056
7 0.716309 0.274902 0.0458984 0.0439453 0.000287771
12 0.291016 0.257812 0.0839844 0.0722656 0.000288963
13 0.706055 0.33252 0.146484 0.149414 0.000294924
9 0.30127 0.349121 0.338867 0.264648 0.000295639
13 0.429688 0.394531 0.0449219 0.0429688 0.000299215
2 0.484375 0.538574 0.0253906 0.0341797 0.000299454
9 0.296387 0.260254 0.0927734 0.0830078 0.000302553
2 0.430664 0.394531 0.0507812 0.0429688 0.000302553
9 0.428711 0.224121 0.0644531 0.0205078 0.000302792
13 0.406738 0.450684 0.0615234 0.0595703 0.000305653
8 0.364746 0.0595703 0.0986328 0.119141 0.000306368
8 0.367188 0.517578 0.0488281 0.0332031 0.000306845
8 0.620117 0.690918 0.0292969 0.0400391 0.000309229
8 0.350586 0.564453 0.0292969 0.0195312 0.000310183
9 0.884277 0.0429688 0.231445 0.0859375 0.00031209
1 0.728516 0.284668 0.0585938 0.0498047 0.000313044
2 0.29834 0.258789 0.0810547 0.0683594 0.00031662
13 0.712891 0.353516 0.03125 0.0214844 0.000320673
11 0.807617 0.850586 0.0371094 0.0332031 0.000322819
9 0.53418 0.614746 0.294922 0.661133 0.000326395
13 0.345215 0.388672 0.0634766 0.0527344 0.000327349
7 0.712891 0.353516 0.03125 0.0214844 0.000329018
9 0.387207 0.00732422 0.0634766 0.0146484 0.000330448
9 0.535645 0.44873 0.188477 0.299805 0.000338793
8 0.768066 0.354004 0.0107422 0.00878906 0.000340223
11 0.454102 0.220703 0.0722656 0.0195312 0.000341415
9 0.709473 0.333008 0.0419922 0.0410156 0.000341892
2 0.37207 0.00537109 0.0214844 0.00878906 0.000347376
7 0.743652 0.29541 0.0654297 0.0556641 0.000351667
8 0.593262 0.433594 0.0830078 0.0976562 0.000353813
10 0.236328 0.266602 0.472656 0.533203 0.000354767
13 0.84668 0.264648 0.0214844 0.0195312 0.000355244
8 0.742188 0.289062 0.0351562 0.0371094 0.000361204
11 0.625977 0.269043 0.0625 0.0341797 0.000361919
1 0.296875 0.257324 0.0800781 0.0576172 0.000366449
2 0.364746 0.0595703 0.0986328 0.119141 0.00037384
11 0.627441 0.251953 0.0576172 0.0332031 0.00037384
12 0.311035 0.291504 0.291992 0.15332 0.000376463
11 0.308594 0.243652 0.0625 0.0478516 0.000378847
8 0.84668 0.264648 0.0214844 0.0195312 0.000383615
10 0.300293 0.255371 0.0947266 0.0791016 0.000387669
9 0.974609 0.0600586 0.0507812 0.120117 0.000387669
11 0.813965 0.847656 0.0185547 0.0234375 0.000387907
8 0.684082 0.791504 0.0361328 0.0341797 0.000389576
9 0.943848 0.401855 0.0341797 0.0654297 0.000390053
11 0.673828 0.266113 0.138672 0.0732422 0.000392675
9 0.808105 0.84375 0.0263672 0.0273438 0.000401497
9 0.848145 0.265137 0.0244141 0.0205078 0.000405312
9 0.354492 0.253418 0.216797 0.0732422 0.000409126
8 0.483398 0.609863 0.0332031 0.0322266 0.00041604
2 0.904785 0.72168 0.0244141 0.0195312 0.000424623
13 0.621094 0.689453 0.0273438 0.0410156 0.000428915
13 0.709473 0.333008 0.0419922 0.0410156 0.000433445
10 0.808594 0.132812 0.382812 0.265625 0.000448465
9 0.37207 0.03125 0.0644531 0.0605469 0.00045085
13 0.741699 0.289062 0.0361328 0.0371094 0.000453234
4 0.728516 0.284668 0.0585938 0.0498047 0.000460863
5 0.725098 0.308594 0.0712891 0.0976562 0.000468731
9 0.904785 0.720215 0.0224609 0.0185547 0.000469208
13 0.711426 0.280762 0.104492 0.0771484 0.000491142
11 0.347168 0.236328 0.106445 0.0371094 0.000499249
2 0.620605 0.689941 0.0263672 0.0400391 0.000503063
9 0.946777 0.0742188 0.106445 0.148438 0.000505924
3 0.879395 0.0673828 0.237305 0.134766 0.000518799
11 0.719238 0.254883 0.0888672 0.03125 0.000520229
11 0.30127 0.255859 0.112305 0.146484 0.000522137
9 0.372559 0.00634766 0.0380859 0.0107422 0.000529289
11 0.717285 0.246582 0.0634766 0.0244141 0.000540733
11 0.88623 0.578125 0.0302734 0.0371094 0.000580311
8 0.771484 0.804199 0.0292969 0.0244141 0.000597
11 0.641113 0.239746 0.0576172 0.0205078 0.000599384
11 0.731934 0.274902 0.0673828 0.0517578 0.000613689
11 0.674805 0.235352 0.0488281 0.0117188 0.000627518
11 0.740234 0.290039 0.0527344 0.0429688 0.000663757
7 0.709473 0.333008 0.0419922 0.0410156 0.000673771
9 0.294434 0.883789 0.368164 0.199219 0.000681877
3 0.808594 0.132812 0.382812 0.265625 0.000704765
5 0.78125 0.606445 0.304688 0.599609 0.000741005
8 0.728516 0.285156 0.0566406 0.0488281 0.000767231
11 0.635254 0.256348 0.0810547 0.0556641 0.000772953
13 0.399902 0.44043 0.0986328 0.0898438 0.000784397
7 0.88916 0.58252 0.0322266 0.0458984 0.000787735
11 0.706055 0.26709 0.109375 0.0458984 0.000867844
2 0.381836 0.00878906 0.0507812 0.0175781 0.000874996
9 0.952637 0.371094 0.00878906 0.00976562 0.000888824
7 0.741699 0.289062 0.0361328 0.0371094 0.000895977
11 0.731934 0.303223 0.0771484 0.0927734 0.00090313
11 0.408203 0.224609 0.09375 0.0195312 0.000935078
13 0.332031 0.416016 0.232422 0.125 0.000950336
2 0.368652 0.00390625 0.0107422 0.00585938 0.00101089
8 0.95166 0.37207 0.00878906 0.00976562 0.00105476
9 0.782227 0.599609 0.332031 0.583984 0.00111198
9 0.364746 0.0595703 0.0986328 0.119141 0.00111198
13 0.709473 0.280273 0.0576172 0.0488281 0.00119591
11 0.657227 0.236328 0.0449219 0.0117188 0.00120831
13 0.34668 0.401367 0.113281 0.0957031 0.00121975
8 0.733887 0.410645 0.0126953 0.0126953 0.00125027
9 0.37793 0.0151367 0.0527344 0.0302734 0.00130939
10 0.916504 0.963379 0.0380859 0.0478516 0.00131226
8 0.368164 0.00390625 0.00976562 0.00585938 0.00132465
11 0.325684 0.263184 0.209961 0.0966797 0.00134754
8 0.71875 0.319824 0.0625 0.0830078 0.00146675
11 0.384766 0.22998 0.148438 0.0263672 0.00147533
9 0.368652 0.00390625 0.0107422 0.00585938 0.00151443
11 0.442871 0.244629 0.0771484 0.0419922 0.00152493
9 0.431152 0.395508 0.0458984 0.0429688 0.0015583
11 0.685059 0.241699 0.0908203 0.0224609 0.00159645
9 0.292969 0.539062 0.376953 0.591797 0.00173283
9 0.587402 0.431641 0.0947266 0.0957031 0.00174046
12 0.786133 0.630371 0.3125 0.56543 0.00176716
11 0.916504 0.963379 0.0380859 0.0478516 0.00190639
12 0.291992 0.572754 0.390625 0.588867 0.00191879
9 0.728516 0.284668 0.0585938 0.0498047 0.00191879
11 0.444824 0.228516 0.0751953 0.0332031 0.00194645
11 0.759766 0.282227 0.115234 0.0566406 0.00208473
11 0.428223 0.236328 0.0595703 0.0273438 0.00212479
9 0.721191 0.310059 0.0693359 0.0947266 0.00228691
7 0.429688 0.394531 0.0449219 0.0429688 0.00228882
6 0.728516 0.284668 0.0585938 0.0498047 0.00242043
8 0.46875 0.708008 0.0273438 0.0214844 0.00242233
13 0.88916 0.582031 0.0322266 0.0449219 0.00247765
11 0.360352 0.244141 0.193359 0.0507812 0.00258446
11 0.796875 0.292969 0.046875 0.0390625 0.00278664
12 0.346191 0.250488 0.223633 0.0810547 0.00279236
8 0.709473 0.333008 0.0419922 0.0410156 0.00280762
6 0.725098 0.308594 0.0712891 0.0976562 0.0032444
11 0.651855 0.260254 0.0751953 0.0263672 0.00334549
11 0.661621 0.237305 0.0732422 0.0175781 0.00375175
11 0.282227 0.269043 0.0996094 0.0869141 0.00426102
8 0.712891 0.353516 0.03125 0.0214844 0.00581741
11 0.67334 0.251465 0.106445 0.0341797 0.00603867
13 0.726562 0.307617 0.0820312 0.0976562 0.00635147
13 0.372559 0.420898 0.104492 0.109375 0.0064888
9 0.88916 0.58252 0.0322266 0.0458984 0.00676346
7 0.725098 0.308594 0.0712891 0.0976562 0.00697708
9 0.537109 0.788086 0.175781 0.423828 0.00771332
11 0.807617 0.84375 0.0253906 0.0273438 0.00788116
7 0.729004 0.284668 0.0576172 0.0498047 0.00789642
11 0.437012 0.223633 0.0556641 0.0195312 0.0107346
8 0.904785 0.720215 0.0224609 0.0185547 0.0108185
11 0.647949 0.247559 0.0732422 0.0322266 0.0110626
13 0.725098 0.289551 0.0595703 0.0576172 0.0129395
8 0.430664 0.394531 0.0507812 0.0429688 0.015152
11 0.317871 0.25 0.125977 0.0742188 0.0163574
9 0.543945 0.605957 0.164062 0.518555 0.0167694
0 0.584961 0.428711 0.0996094 0.0898438 0.0175629
11 0.297852 0.256836 0.0761719 0.0546875 0.0839233
