9 0.262695 0.717773 0.244141 0.134766 0.000106931
9 0.849121 0.416016 0.0615234 0.103516 0.000107169
11 0.358398 0.664062 0.0371094 0.0429688 0.000108361
2 0.814941 0.226074 0.0478516 0.0517578 0.000108421
7 0.85498 0.455078 0.0185547 0.0195312 0.000109196
3 0.946289 0.914062 0.107422 0.171875 0.000109315
6 0.191406 0.0932617 0.382812 0.186523 0.000110388
9 0.416016 0.5625 0.0898438 0.277344 0.000110447
13 0.225586 0.624023 0.162109 0.164062 0.000110686
3 0.78125 0.196289 0.121094 0.121094 0.000113726
9 0.349121 0.330566 0.15332 0.12793 0.000114977
8 0.773438 0.199219 0.130859 0.130859 0.000115693
10 0.775391 0.803711 0.0898438 0.0703125 0.00011605
8 0.614746 0.30127 0.0966797 0.0888672 0.000116348
0 0.63623 0.34082 0.0693359 0.181641 0.000117958
8 0.332031 0.216797 0.210938 0.128906 0.000119746
9 0.303223 0.30957 0.299805 0.306641 0.000120461
13 0.624512 0.298828 0.0791016 0.078125 0.00012058
4 0.271484 0.487793 0.283203 0.438477 0.000120819
10 0.331055 0.589844 0.125 0.132812 0.000124216
11 0.82666 0.233887 0.0498047 0.0576172 0.000125885
8 0.32959 0.589844 0.118164 0.134766 0.000127077
7 0.763184 0.244141 0.0283203 0.0371094 0.000127196
7 0.331543 0.397461 0.225586 0.167969 0.000128746
8 0.856445 0.448242 0.0234375 0.03125 0.000128984
3 0.525879 0.473145 0.301758 0.254883 0.000129342
9 0.758789 0.669922 0.0351562 0.0273438 0.00012958
0 0.623535 0.283691 0.0595703 0.0439453 0.0001297
7 0.802246 0.0878906 0.395508 0.173828 0.000130296
6 0.271484 0.487793 0.283203 0.438477 0.000131965
7 0.519531 0.368164 0.3125 0.273438 0.00013268
7 0.324219 0.479004 0.291016 0.46582 0.00013566
3 0.329102 0.595703 0.113281 0.125 0.000136971
7 0.717285 0.168945 0.137695 0.0644531 0.000139832
12 0.446289 0.449219 0.203125 0.191406 0.000140667
12 0.783203 0.115723 0.433594 0.231445 0.000140786
8 0.189453 0.583984 0.015625 0.0136719 0.00014174
9 0.541992 0.654785 0.341797 0.15918 0.000142455
7 0.404785 0.432617 0.0751953 0.0957031 0.000142574
11 0.724121 0.168457 0.0615234 0.0439453 0.000146031
9 0.606934 0.334961 0.237305 0.191406 0.000150323
5 0.352051 0.228516 0.225586 0.148438 0.000153661
7 0.422363 0.390137 0.106445 0.186523 0.00015378
4 0.366699 0.385742 0.188477 0.150391 0.00015378
9 0.685059 0.158691 0.151367 0.0400391 0.000154495
11 0.662598 0.17334 0.106445 0.0576172 0.000154734
6 0.717285 0.179688 0.21582 0.0976562 0.000155807
6 0.373535 0.616699 0.0673828 0.143555 0.000156879
11 0.37793 0.615234 0.0625 0.140625 0.000158787
9 0.404785 0.432617 0.0751953 0.0957031 0.000163317
9 0.859375 0.443359 0.0332031 0.0742188 0.000164151
9 0.416016 0.225098 0.142578 0.15332 0.000165105
2 0.644531 0.299316 0.0292969 0.0263672 0.000166059
10 0.800781 0.211914 0.0800781 0.0859375 0.000167131
3 0.0625 0.925781 0.109375 0.148438 0.000169873
12 0.271484 0.487793 0.283203 0.438477 0.000170112
2 0.332031 0.216797 0.210938 0.128906 0.000171542
2 0.630371 0.278809 0.0322266 0.0283203 0.000172615
13 0.355469 0.666016 0.0429688 0.0390625 0.000174046
4 0.332031 0.216797 0.210938 0.128906 0.000174165
5 0.303711 0.481934 0.333984 0.426758 0.000174403
8 0.446289 0.449219 0.203125 0.191406 0.000174761
0 0.504883 0.341309 0.351562 0.276367 0.000175357
7 0.849121 0.416016 0.0615234 0.103516 0.000177026
9 0.262695 0.626465 0.230469 0.15332 0.000179529
4 0.460938 0.444824 0.246094 0.22168 0.000179768
6 0.342773 0.341309 0.1875 0.145508 0.00018096
8 0.404785 0.432617 0.0751953 0.0957031 0.000181079
9 0.748535 0.852051 0.282227 0.182617 0.000182867
9 0.618652 0.392578 0.131836 0.234375 0.000182867
11 0.271484 0.369141 0.216797 0.234375 0.00018549
0 0.631836 0.393555 0.0859375 0.105469 0.00018549
9 0.805664 0.0927734 0.388672 0.185547 0.000185609
7 0.330566 0.318848 0.114258 0.106445 0.000186801
9 0.821777 0.786133 0.196289 0.113281 0.000187755
2 0.65332 0.300293 0.015625 0.0107422 0.000188231
8 0.853516 0.458008 0.015625 0.0117188 0.000188589
1 0.719727 0.169922 0.132812 0.0703125 0.000189424
9 0.981934 0.0102539 0.0205078 0.0185547 0.000189543
3 0.19043 0.110352 0.380859 0.220703 0.000189781
2 0.631348 0.283691 0.0205078 0.0185547 0.000193596
12 0.334473 0.33252 0.143555 0.15332 0.000195026
1 0.773926 0.803711 0.0908203 0.0703125 0.00019598
5 0.422363 0.455078 0.112305 0.169922 0.000197291
3 0.0209961 0.746582 0.0419922 0.0986328 0.000199318
9 0.867188 0.461914 0.03125 0.0449219 0.000201702
13 0.764648 0.240723 0.0292969 0.0400391 0.000202417
12 0.775391 0.803711 0.0898438 0.0703125 0.000202775
7 0.624512 0.182617 0.0966797 0.0859375 0.000204086
7 0.773438 0.199219 0.130859 0.130859 0.000208616
11 0.801758 0.22998 0.0878906 0.0712891 0.000208855
8 0.763184 0.243652 0.0283203 0.0361328 0.000209808
9 0.518555 0.186523 0.138672 0.267578 0.000210285
9 0.332031 0.216797 0.210938 0.128906 0.000213623
9 0.752441 0.491211 0.360352 0.697266 0.000218868
3 0.519531 0.368164 0.3125 0.273438 0.000219464
9 0.856934 0.459961 0.0322266 0.0351562 0.000227094
2 0.373535 0.616699 0.0673828 0.143555 0.000231981
9 0.249512 0.384277 0.157227 0.204102 0.000231981
11 0.601562 0.181641 0.0839844 0.0703125 0.000232935
0 0.395996 0.382812 0.170898 0.300781 0.000233173
0 0.709473 0.175293 0.217773 0.0869141 0.000239253
13 0.857422 0.445801 0.0234375 0.0400391 0.000244141
0 0.776367 0.802734 0.0878906 0.0664062 0.000247717
8 0.331055 0.352051 0.193359 0.139648 0.000250101
0 0.34668 0.222168 0.214844 0.137695 0.000251055
3 0.419434 0.455078 0.104492 0.158203 0.000253916
7 0.37793 0.615234 0.0625 0.140625 0.000254631
3 0.685059 0.158691 0.149414 0.0419922 0.000257492
13 0.342285 0.635254 0.106445 0.12207 0.000260353
11 0.353516 0.674805 0.03125 0.0253906 0.00026083
9 0.32666 0.151367 0.0224609 0.015625 0.000262022
13 0.20459 0.129395 0.40918 0.258789 0.000262976
3 0.802246 0.0878906 0.395508 0.173828 0.000264406
12 0.685059 0.158691 0.149414 0.0419922 0.00026679
9 0.373535 0.616699 0.0673828 0.143555 0.000269651
1 0.330078 0.588867 0.126953 0.134766 0.000280619
8 0.717285 0.179688 0.21582 0.0976562 0.000281572
4 0.717285 0.179688 0.21582 0.0976562 0.000281572
3 0.277344 0.917969 0.439453 0.164062 0.000282764
13 0.685059 0.158691 0.151367 0.0400391 0.000294209
11 0.328125 0.585938 0.123047 0.130859 0.000295877
8 0.632324 0.408691 0.0830078 0.118164 0.000300646
11 0.67041 0.160645 0.0771484 0.0283203 0.000307798
9 0.763184 0.243652 0.0283203 0.0361328 0.000313044
3 0.366211 0.368164 0.222656 0.296875 0.000313282
2 0.707031 0.15918 0.126953 0.0449219 0.000322104
7 0.85791 0.446777 0.0244141 0.0419922 0.000322342
12 0.519531 0.368164 0.3125 0.273438 0.000323534
9 0.20459 0.641113 0.118164 0.135742 0.000342846
11 0.342773 0.341309 0.1875 0.145508 0.000344515
9 0.854492 0.455566 0.0175781 0.0166016 0.000351667
9 0.460938 0.444824 0.246094 0.22168 0.000357151
11 0.358887 0.180664 0.15332 0.0683594 0.000357628
10 0.919922 0.814453 0.03125 0.0371094 0.000372171
13 0.391602 0.625977 0.0664062 0.101562 0.000374317
9 0.416016 0.665039 0.0957031 0.158203 0.000377655
13 0.767578 0.19873 0.138672 0.124023 0.000384331
12 0.773438 0.199219 0.130859 0.130859 0.000386238
9 0.78125 0.196289 0.121094 0.121094 0.000398636
10 0.330078 0.416016 0.287109 0.417969 0.000405073
5 0.850098 0.0537109 0.290039 0.107422 0.000406981
2 0.633301 0.292969 0.0341797 0.0429688 0.000414848
0 0.512695 0.46875 0.296875 0.449219 0.000415325
13 0.375488 0.562988 0.0732422 0.15918 0.000416279
3 0.775391 0.804199 0.0917969 0.0693359 0.000432491
13 0.277832 0.613281 0.188477 0.111328 0.000440598
11 0.731445 0.202637 0.234375 0.194336 0.00044179
7 0.632324 0.408691 0.0830078 0.118164 0.00044632
7 0.331543 0.221191 0.213867 0.135742 0.000451565
13 0.34082 0.580566 0.078125 0.0986328 0.000455856
3 0.548828 0.666992 0.357422 0.148438 0.000459671
11 0.397461 0.173828 0.128906 0.0429688 0.000459909
13 0.773926 0.803711 0.0908203 0.0703125 0.000465631
6 0.605469 0.318848 0.121094 0.12793 0.000480413
11 0.642578 0.16748 0.0625 0.0341797 0.000485182
13 0.342773 0.341309 0.1875 0.145508 0.000496387
7 0.432617 0.383789 0.148438 0.298828 0.000502586
7 0.331055 0.589844 0.125 0.132812 0.000507832
10 0.422363 0.455078 0.112305 0.169922 0.000507832
10 0.685059 0.158691 0.149414 0.0419922 0.000519276
9 0.501953 0.222656 0.0742188 0.203125 0.000528336
7 0.685059 0.158691 0.151367 0.0400391 0.000529766
9 0.44043 0.658203 0.158203 0.220703 0.000532627
13 0.275391 0.629883 0.113281 0.0585938 0.000535488
11 0.71582 0.155762 0.0625 0.0283203 0.000535488
9 0.432617 0.383789 0.148438 0.298828 0.000537872
2 0.78125 0.196289 0.121094 0.121094 0.000544548
4 0.605469 0.318848 0.121094 0.12793 0.000561714
5 0.327637 0.595703 0.112305 0.125 0.00056982
11 0.919922 0.814453 0.03125 0.0371094 0.000584602
10 0.912109 0.796875 0.0507812 0.0683594 0.000588894
3 0.717285 0.179688 0.21582 0.0976562 0.000589371
1 0.342773 0.341309 0.1875 0.145508 0.000592232
7 0.460938 0.444824 0.246094 0.22168 0.000592709
2 0.637207 0.287109 0.0185547 0.0234375 0.000600815
13 0.396973 0.589844 0.0869141 0.205078 0.000609875
9 0.632324 0.408691 0.0830078 0.118164 0.000628471
7 0.38916 0.433594 0.157227 0.259766 0.000635624
7 0.605469 0.318848 0.121094 0.12793 0.000638962
1 0.333008 0.215332 0.203125 0.124023 0.000654221
10 0.757812 0.192871 0.162109 0.120117 0.000658512
6 0.802246 0.0878906 0.395508 0.173828 0.000658512
12 0.395996 0.382812 0.170898 0.300781 0.000667572
12 0.605469 0.318848 0.121094 0.12793 0.000677586
0 0.617676 0.378418 0.110352 0.178711 0.000706196
2 0.366211 0.366699 0.224609 0.307617 0.000706673
2 0.717285 0.179688 0.21582 0.0976562 0.000707626
5 0.191406 0.0932617 0.382812 0.186523 0.000714302
1 0.773438 0.199219 0.130859 0.130859 0.000730515
7 0.206055 0.640625 0.121094 0.136719 0.000733852
12 0.420898 0.453613 0.111328 0.149414 0.000737667
2 0.420898 0.453613 0.111328 0.149414 0.00074625
10 0.143066 0.782715 0.0263672 0.0322266 0.000755787
9 0.438477 0.539062 0.15625 0.380859 0.000781059
9 0.524902 0.303711 0.206055 0.279297 0.000787735
11 0.773926 0.803711 0.0908203 0.0703125 0.000787735
11 0.666016 0.149414 0.109375 0.0253906 0.000798225
5 0.605469 0.318848 0.121094 0.12793 0.000804901
1 0.685059 0.158691 0.151367 0.0400391 0.000835896
11 0.912109 0.796875 0.0507812 0.0683594 0.000852108
2 0.623047 0.297852 0.078125 0.078125 0.000866413
12 0.717285 0.179688 0.21582 0.0976562 0.000902176
1 0.605469 0.314453 0.119141 0.119141 0.000907421
11 0.603516 0.324219 0.125 0.136719 0.000915527
7 0.271484 0.369141 0.216797 0.234375 0.00092268
9 0.331543 0.585938 0.118164 0.136719 0.000926018
13 0.605469 0.318848 0.121094 0.12793 0.000955105
13 0.34668 0.222168 0.214844 0.137695 0.000956059
4 0.342773 0.341309 0.1875 0.145508 0.000982285
8 0.734375 0.646973 0.0410156 0.0380859 0.000985146
13 0.422363 0.455078 0.112305 0.169922 0.000988007
11 0.773438 0.18457 0.078125 0.0761719 0.00103951
13 0.395996 0.382812 0.170898 0.300781 0.00104427
11 0.143066 0.782715 0.0263672 0.0322266 0.00104904
11 0.688477 0.154785 0.0761719 0.0263672 0.00109005
8 0.334961 0.339355 0.259766 0.237305 0.00110054
13 0.326172 0.591797 0.226562 0.1875 0.00111961
13 0.802246 0.0878906 0.395508 0.173828 0.00111961
9 0.858887 0.448242 0.0263672 0.0351562 0.00115204
7 0.38623 0.203613 0.182617 0.102539 0.00115299
11 0.637207 0.157227 0.0810547 0.0332031 0.00117302
9 0.261719 0.48584 0.261719 0.430664 0.00118065
9 0.717285 0.179688 0.21582 0.0976562 0.00122833
2 0.605469 0.318848 0.121094 0.12793 0.0012455
7 0.717285 0.179688 0.21582 0.0976562 0.00125313
10 0.395996 0.382812 0.170898 0.300781 0.00129223
5 0.805176 0.0927734 0.389648 0.185547 0.00130749
8 0.607422 0.329102 0.126953 0.154297 0.00133133
9 0.511719 0.494141 0.287109 0.378906 0.00141239
9 0.777832 0.828613 0.12207 0.120117 0.00142765
9 0.366211 0.366699 0.224609 0.307617 0.00148296
6 0.32959 0.589844 0.118164 0.134766 0.00148582
2 0.32959 0.589844 0.118164 0.134766 0.00159359
7 0.342773 0.341309 0.1875 0.145508 0.00175285
7 0.242676 0.496094 0.208008 0.400391 0.00175381
11 0.422363 0.455078 0.112305 0.169922 0.00176239
12 0.34668 0.222168 0.214844 0.137695 0.00179577
1 0.422363 0.455078 0.112305 0.169922 0.00182152
5 0.365723 0.334961 0.233398 0.335938 0.00182247
13 0.305664 0.617676 0.0859375 0.0869141 0.00184631
13 0.367676 0.643555 0.0517578 0.0800781 0.00188732
10 0.605469 0.318848 0.121094 0.12793 0.00189018
7 0.773926 0.803711 0.0908203 0.0703125 0.00191402
10 0.701172 0.17334 0.183594 0.0810547 0.00193119
13 0.709473 0.175293 0.217773 0.0869141 0.00195122
9 0.519531 0.368164 0.3125 0.273438 0.00217247
1 0.717285 0.179688 0.21582 0.0976562 0.00221634
9 0.605469 0.318848 0.121094 0.12793 0.00230408
9 0.50293 0.269531 0.115234 0.255859 0.00236893
6 0.422363 0.455078 0.112305 0.169922 0.00257683
10 0.34668 0.222168 0.214844 0.137695 0.00263596
8 0.758789 0.669922 0.0351562 0.0273438 0.00294113
1 0.366211 0.368164 0.222656 0.296875 0.00294304
2 0.774902 0.803223 0.0947266 0.0712891 0.00338554
0 0.566895 0.351074 0.206055 0.202148 0.00351715
3 0.605469 0.318848 0.121094 0.12793 0.00373268
11 0.635254 0.180176 0.110352 0.0830078 0.00374222
8 0.775391 0.804199 0.0917969 0.0693359 0.0038166
11 0.311523 0.223633 0.152344 0.126953 0.00411224
0 0.420898 0.453613 0.111328 0.149414 0.00417328
11 0.38623 0.203613 0.182617 0.102539 0.00466919
11 0.710938 0.149902 0.0957031 0.0380859 0.00485611
8 0.395996 0.382812 0.170898 0.300781 0.00490189
0 0.619141 0.29834 0.0820312 0.0830078 0.00491333
0 0.516113 0.435547 0.276367 0.212891 0.00510788
0 0.362305 0.296875 0.232422 0.277344 0.00518036
3 0.365234 0.264648 0.210938 0.224609 0.00541687
6 0.371094 0.360352 0.230469 0.330078 0.00577164
2 0.365723 0.265625 0.209961 0.226562 0.00622177
11 0.624512 0.167969 0.0849609 0.046875 0.00888824
4 0.422363 0.455078 0.112305 0.169922 0.00948334
9 0.365234 0.264648 0.210938 0.224609 0.00966644
12 0.362305 0.296875 0.232422 0.277344 0.0118256
11 0.368652 0.340332 0.227539 0.325195 0.0126038
11 0.728027 0.164551 0.110352 0.0576172 0.0141983
13 0.362305 0.296875 0.232422 0.277344 0.0142441
10 0.92041 0.80127 0.0361328 0.0400391 0.0148697
8 0.418945 0.455566 0.105469 0.15918 0.0149155
6 0.364258 0.263672 0.214844 0.220703 0.0166321
9 0.418457 0.461914 0.104492 0.154297 0.0167236
11 0.92041 0.80127 0.0361328 0.0400391 0.0180206
13 0.373535 0.616699 0.0673828 0.143555 0.0197754
11 0.813965 0.223145 0.0537109 0.0517578 0.0217438
10 0.362305 0.296875 0.232422 0.277344 0.0237885
4 0.370605 0.359863 0.227539 0.329102 0.0271606
11 0.791016 0.20459 0.0917969 0.0927734 0.0290527
7 0.419434 0.455078 0.104492 0.158203 0.035553
7 0.371582 0.360352 0.231445 0.330078 0.0404053
1 0.362305 0.269531 0.21875 0.228516 0.0574646
11 0.757812 0.192871 0.162109 0.120117 0.0608215
8 0.365234 0.264648 0.210938 0.224609 0.0879517
11 0.701172 0.17334 0.1875 0.0771484 0.0942993
11 0.359375 0.245605 0.232422 0.196289 0.102112
13 0.330078 0.588867 0.126953 0.134766 0.126831
9 0.773926 0.803711 0.0908203 0.0703125 0.154175
4 0.369141 0.264648 0.207031 0.222656 0.175659
11 0.685547 0.158691 0.148438 0.0380859 0.190308
7 0.369629 0.266113 0.208008 0.217773 0.208618
0 0.605469 0.318848 0.121094 0.12793 0.67041
