9 0.391113 0.23877 0.108398 0.131836 0.000100851
13 0.36377 0.364746 0.0732422 0.0791016 0.000101209
11 0.892578 0.691406 0.0253906 0.0332031 0.000103831
11 0.292969 0.232422 0.0878906 0.09375 0.000104189
3 0.577637 0.981934 0.327148 0.0361328 0.000105143
9 0.423828 0.331543 0.0996094 0.202148 0.0001055
9 0.583496 0.34082 0.0693359 0.0839844 0.000109136
11 0.389648 0.183105 0.0488281 0.0126953 0.000110507
9 0.274902 0.500488 0.198242 0.305664 0.000111878
13 0.354492 0.289551 0.0273438 0.0185547 0.000114858
7 0.40332 0.270508 0.146484 0.197266 0.000116169
3 0.153809 0.0883789 0.282227 0.166992 0.0001176
3 0.80957 0.120117 0.380859 0.240234 0.000117719
2 0.591797 0.333984 0.0410156 0.046875 0.000117898
13 0.322754 0.206543 0.0771484 0.0595703 0.000118136
9 0.453613 0.297852 0.108398 0.232422 0.000118494
9 0.0253906 0.946289 0.0371094 0.0332031 0.000123143
3 0.82666 0.205566 0.34668 0.411133 0.000123382
0 0.433105 0.299316 0.0966797 0.192383 0.000123501
9 0.0517578 0.791992 0.103516 0.400391 0.000123978
0 0.55957 0.347168 0.0605469 0.0771484 0.000126362
3 0.562988 0.631836 0.21582 0.144531 0.000126481
2 0.609863 0.407715 0.0302734 0.0322266 0.000130415
2 0.505371 0.365234 0.229492 0.15625 0.000132442
8 0.043457 0.969727 0.0205078 0.0195312 0.000136137
9 0.92627 0.490234 0.0439453 0.0371094 0.000136852
7 0.793945 0.645508 0.0839844 0.123047 0.000137448
9 0.475098 0.437012 0.202148 0.290039 0.00013876
13 0.387695 0.32959 0.0703125 0.124023 0.000140905
8 0.605957 0.410645 0.0361328 0.0283203 0.000141144
9 0.186523 0.158691 0.361328 0.313477 0.000142455
13 0.563477 0.358398 0.195312 0.160156 0.000143647
11 0.431152 0.198242 0.0439453 0.0546875 0.00014472
10 0.422363 0.279297 0.0634766 0.1875 0.000148654
5 0.505371 0.375 0.250977 0.185547 0.000150561
13 0.608887 0.378418 0.0244141 0.0419922 0.000153661
13 0.0668945 0.200195 0.0908203 0.0371094 0.000154376
11 0.395508 0.191895 0.115234 0.0517578 0.000155568
0 0.60791 0.41748 0.0732422 0.100586 0.000155687
13 0.300781 0.305176 0.0371094 0.0166016 0.000157356
11 0.376953 0.179688 0.0625 0.015625 0.000158906
7 0.42334 0.234863 0.0986328 0.143555 0.000163555
2 0.602051 0.346191 0.0263672 0.0302734 0.00016439
0 0.527832 0.323242 0.178711 0.0917969 0.000167847
5 0.217773 0.165527 0.431641 0.331055 0.000171423
8 0.563477 0.358398 0.195312 0.160156 0.000174165
13 0.305176 0.53418 0.110352 0.0449219 0.000174284
13 0.319824 0.327637 0.0791016 0.0751953 0.000179052
11 0.436035 0.198242 0.0322266 0.0332031 0.00017941
7 0.392578 0.602539 0.0996094 0.111328 0.000182867
5 0.42041 0.273438 0.0634766 0.179688 0.000189066
8 0.344238 0.337891 0.0185547 0.015625 0.000189781
0 0.59668 0.35791 0.0410156 0.0673828 0.0001899
13 0.379883 0.27832 0.0742188 0.146484 0.000190377
8 0.0219727 0.947266 0.0341797 0.0292969 0.000194311
10 0.513184 0.364258 0.227539 0.166016 0.000199556
12 0.419922 0.271484 0.0625 0.1875 0.000201464
7 0.746094 0.641113 0.0742188 0.0712891 0.000205398
12 0.117676 0.954102 0.231445 0.0859375 0.000207782
6 0.186035 0.0996094 0.37207 0.199219 0.000211239
8 0.418945 0.277832 0.0605469 0.178711 0.000211835
8 0.321777 0.244141 0.0283203 0.0273438 0.000211835
2 0.350586 0.286621 0.015625 0.0126953 0.000220299
5 0.742188 0.509766 0.15625 0.300781 0.000223041
1 0.421875 0.27832 0.0625 0.1875 0.000226259
13 0.189941 0.112793 0.370117 0.225586 0.000242114
13 0.312012 0.315918 0.0595703 0.0439453 0.000247002
11 0.586914 0.183105 0.0742188 0.0244141 0.000254869
13 0.347656 0.286621 0.0234375 0.0166016 0.000265837
8 0.34668 0.286621 0.0292969 0.0166016 0.000273466
11 0.330078 0.216797 0.117188 0.0976562 0.000280619
8 0.610352 0.405273 0.0136719 0.0117188 0.000281811
13 0.262207 0.585449 0.15332 0.0908203 0.000288963
8 0.591309 0.34375 0.0302734 0.03125 0.000290394
9 0.392578 0.602539 0.0996094 0.111328 0.000294209
3 0.16748 0.148438 0.334961 0.296875 0.000294209
0 0.598145 0.343262 0.0263672 0.0185547 0.000295162
11 0.609863 0.177734 0.0654297 0.0136719 0.000301123
9 0.422852 0.331055 0.0546875 0.125 0.000308037
2 0.605957 0.395508 0.0341797 0.0390625 0.000319242
9 0.597656 0.343262 0.0175781 0.0205078 0.000321627
13 0.583984 0.34082 0.0527344 0.0566406 0.00034976
0 0.527832 0.425781 0.297852 0.287109 0.000352621
0 0.591797 0.379395 0.09375 0.15918 0.000352859
11 0.566406 0.1875 0.0449219 0.03125 0.000354052
8 0.583984 0.34082 0.0527344 0.0566406 0.000359774
9 0.11377 0.928711 0.22168 0.138672 0.000362396
6 0.260254 0.589844 0.168945 0.107422 0.000374079
12 0.10791 0.883301 0.21582 0.233398 0.000378609
9 0.259766 0.590332 0.166016 0.108398 0.000385284
11 0.649414 0.185547 0.0742188 0.0351562 0.000386477
2 0.608887 0.418457 0.0400391 0.0498047 0.0004251
0 0.570801 0.321289 0.0966797 0.0683594 0.000438929
4 0.418457 0.271973 0.0634766 0.178711 0.00044632
2 0.610352 0.405273 0.0136719 0.0117188 0.000452995
11 0.422363 0.279297 0.0634766 0.1875 0.000455379
0 0.591309 0.34375 0.0302734 0.03125 0.000461102
2 0.603516 0.363281 0.0332031 0.0585938 0.000463486
11 0.35791 0.186035 0.0556641 0.0224609 0.000463486
13 0.418457 0.271973 0.0634766 0.178711 0.000471592
11 0.359863 0.200684 0.125977 0.0595703 0.000482798
11 0.414551 0.185059 0.0478516 0.0185547 0.000484467
8 0.598145 0.343262 0.0263672 0.0185547 0.00050354
5 0.266113 0.580566 0.182617 0.131836 0.000504017
9 0.114746 0.830566 0.21582 0.31543 0.000520229
2 0.609863 0.405273 0.0205078 0.0195312 0.000530243
8 0.746094 0.640625 0.0742188 0.0722656 0.000545979
4 0.562012 0.348633 0.120117 0.126953 0.00057888
9 0.419434 0.225586 0.0634766 0.0917969 0.000584602
3 0.505859 0.352539 0.253906 0.138672 0.00058794
5 0.274902 0.500488 0.198242 0.305664 0.000609875
13 0.31543 0.553223 0.119141 0.0908203 0.000627518
6 0.565918 0.34668 0.112305 0.123047 0.000641823
13 0.359863 0.619629 0.0341797 0.0283203 0.00065136
12 0.562012 0.348633 0.120117 0.126953 0.00066328
3 0.911621 0.645508 0.176758 0.152344 0.000673771
6 0.418457 0.271973 0.0634766 0.178711 0.000692844
9 0.350586 0.286621 0.015625 0.0126953 0.000692844
7 0.414062 0.223145 0.0644531 0.0830078 0.000702381
7 0.562012 0.348633 0.120117 0.126953 0.000706196
11 0.666992 0.195312 0.0683594 0.0488281 0.000789165
11 0.626465 0.181152 0.0908203 0.0185547 0.000823021
12 0.0693359 0.916504 0.136719 0.161133 0.000854969
13 0.597656 0.343262 0.0175781 0.0205078 0.000859261
2 0.598633 0.347168 0.0410156 0.0478516 0.000874043
1 0.562012 0.348633 0.120117 0.126953 0.000892639
11 0.562988 0.354492 0.124023 0.138672 0.000939369
9 0.0727539 0.887695 0.145508 0.224609 0.000952244
7 0.422852 0.331055 0.0546875 0.125 0.000981331
11 0.405273 0.1875 0.0898438 0.0253906 0.00101089
5 0.565918 0.34668 0.112305 0.123047 0.00108242
11 0.419922 0.211426 0.0644531 0.0810547 0.00122547
9 0.505371 0.363281 0.243164 0.160156 0.00125408
5 0.173828 0.0927734 0.326172 0.179688 0.00131607
2 0.608887 0.378418 0.0244141 0.0419922 0.00131893
8 0.565918 0.34668 0.112305 0.123047 0.00137901
7 0.564941 0.611816 0.438477 0.161133 0.00141335
10 0.562012 0.348633 0.120117 0.126953 0.00146484
12 0.564941 0.611816 0.438477 0.161133 0.00146866
11 0.564941 0.611816 0.438477 0.161133 0.00154495
1 0.564941 0.611816 0.438477 0.161133 0.00154495
13 0.565918 0.34668 0.112305 0.123047 0.00158596
11 0.310059 0.213867 0.0849609 0.0644531 0.0016346
8 0.564941 0.611816 0.438477 0.161133 0.00166512
2 0.5625 0.353027 0.125 0.133789 0.001688
7 0.259766 0.590332 0.166016 0.108398 0.00169754
2 0.564941 0.611816 0.438477 0.161133 0.0017643
4 0.564941 0.611816 0.438477 0.161133 0.00177193
6 0.564941 0.611816 0.438477 0.161133 0.00196075
13 0.564941 0.611816 0.438477 0.161133 0.00197411
0 0.583984 0.34082 0.0527344 0.0566406 0.00208664
0 0.559082 0.395508 0.15918 0.228516 0.00218773
5 0.564941 0.611816 0.438477 0.161133 0.00245476
9 0.564941 0.611816 0.438477 0.161133 0.00252342
11 0.425293 0.191406 0.0478516 0.0292969 0.00271988
11 0.35791 0.189453 0.0888672 0.0351562 0.00280762
0 0.563477 0.616211 0.441406 0.162109 0.00313187
9 0.421875 0.27832 0.0625 0.1875 0.0031662
9 0.562012 0.348633 0.120117 0.126953 0.00324059
10 0.564941 0.611816 0.438477 0.161133 0.0033493
11 0.384766 0.184082 0.09375 0.0166016 0.00377083
3 0.562012 0.348633 0.120117 0.126953 0.0042038
8 0.350586 0.286621 0.015625 0.0126953 0.00436401
2 0.585449 0.342773 0.0615234 0.0800781 0.00484085
2 0.591309 0.34375 0.0302734 0.03125 0.0054245
11 0.687012 0.207031 0.0673828 0.0625 0.00558853
0 0.584961 0.347656 0.0683594 0.0976562 0.00593185
7 0.418457 0.271973 0.0634766 0.178711 0.010437
11 0.328613 0.20166 0.0732422 0.0498047 0.0270081
2 0.597656 0.343262 0.0175781 0.0205078 0.0294647
0 0.505371 0.365234 0.229492 0.15625 0.0499878
0 0.562012 0.348633 0.120117 0.126953 0.689941
3 0.5625 0.616699 0.447266 0.133789 0.84082
