5 0.190918 0.539062 0.227539 0.291016 0.000100195
9 0.85498 0.558105 0.157227 0.25293 0.000101447
11 0.90625 0.680664 0.0976562 0.160156 0.000101745
8 0.742676 0.587891 0.124023 0.128906 0.00010258
7 0.154297 0.0966797 0.308594 0.193359 0.000103116
11 0.930664 0.700195 0.0390625 0.0703125 0.000103951
2 0.450684 0.050293 0.0498047 0.0986328 0.000104129
7 0.34082 0.573242 0.109375 0.160156 0.000104845
8 0.339355 0.280762 0.0341797 0.0302734 0.000105679
8 0.540039 0.327148 0.0214844 0.0234375 0.000106812
3 0.79541 0.59668 0.28418 0.277344 0.00010699
13 0.219727 0.528809 0.0957031 0.0322266 0.00010711
3 0.0698242 0.57959 0.139648 0.313477 0.000107229
5 0.219238 0.578613 0.180664 0.151367 0.000108421
9 0.540039 0.327148 0.0195312 0.0234375 0.000109613
13 0.358887 0.360352 0.0830078 0.0976562 0.000111043
2 0.207031 0.249512 0.0273438 0.0458984 0.000112057
10 0.831055 0.72168 0.259766 0.123047 0.000114024
9 0.238281 0.355469 0.414062 0.710938 0.00011456
9 0.0371094 0.20459 0.0742188 0.0869141 0.000115097
13 0.762695 0.460449 0.353516 0.577148 0.000117123
9 0.177246 0.728027 0.243164 0.166992 0.000118017
9 0.438965 0.63623 0.131836 0.217773 0.000123501
9 0.811035 0.683105 0.0771484 0.0439453 0.00012362
9 0.791504 0.830078 0.405273 0.300781 0.000126481
9 0.803711 0.200684 0.392578 0.401367 0.000126958
9 0.90332 0.694824 0.115234 0.161133 0.000127316
9 0.601562 0.145996 0.0957031 0.161133 0.000128627
3 0.247559 0.44873 0.34668 0.450195 0.000130773
4 0.154297 0.0966797 0.308594 0.193359 0.00013268
8 0.453125 0.0131836 0.0371094 0.0263672 0.000133514
11 0.604004 0.10791 0.0576172 0.0458984 0.00013423
9 0.0537109 0.212402 0.107422 0.141602 0.000134826
9 0.581055 0.371094 0.0507812 0.0429688 0.000134945
13 0.230957 0.327148 0.0888672 0.0585938 0.000136495
2 0.416016 0.487793 0.0136719 0.0126953 0.000137687
13 0.665527 0.306641 0.147461 0.1875 0.000138402
13 0.206543 0.329102 0.0693359 0.0371094 0.000139713
8 0.207031 0.24707 0.0273438 0.0449219 0.000144601
9 0.383301 0.0483398 0.25293 0.0966797 0.000147939
3 0.620605 0.694336 0.450195 0.164062 0.000148654
11 0.669434 0.0820312 0.0673828 0.0351562 0.000152349
8 0.143555 0.400391 0.0273438 0.0234375 0.000152469
3 0.635254 0.866211 0.56543 0.267578 0.00015378
12 0.777344 0.447754 0.34375 0.579102 0.000154614
0 0.598145 0.347656 0.112305 0.189453 0.000156045
10 0.82373 0.956055 0.313477 0.0839844 0.000158906
8 0.268555 0.376953 0.0351562 0.0214844 0.000159502
9 0.327637 0.556641 0.133789 0.179688 0.000160575
11 0.812988 0.681152 0.0595703 0.0380859 0.000161409
13 0.65918 0.341309 0.0800781 0.149414 0.000163436
9 0.510254 0.181152 0.178711 0.362305 0.000173688
3 0.646973 0.549805 0.454102 0.326172 0.000175118
3 0.523926 0.317871 0.231445 0.163086 0.000183582
7 0.928711 0.722656 0.0507812 0.0917969 0.000187874
0 0.541016 0.324707 0.0898438 0.0927734 0.000196099
9 0.928711 0.722656 0.0507812 0.0917969 0.000196934
5 0.238281 0.355469 0.414062 0.710938 0.000199914
8 0.859375 0.453613 0.00976562 0.00878906 0.000203133
8 0.677246 0.537109 0.0439453 0.0390625 0.000203848
9 0.79541 0.59668 0.28418 0.277344 0.000207663
8 0.415039 0.487793 0.015625 0.0146484 0.000210285
10 0.0874023 0.762695 0.0439453 0.0625 0.000211477
11 0.604492 0.151367 0.0839844 0.160156 0.000212312
2 0.453125 0.0131836 0.0371094 0.0263672 0.000214696
2 0.754395 0.58252 0.0419922 0.0361328 0.000218868
8 0.315918 0.504395 0.0146484 0.0126953 0.000218987
13 0.673828 0.300781 0.078125 0.146484 0.000221252
3 0.168945 0.115234 0.337891 0.230469 0.000224352
9 0.26123 0.786133 0.401367 0.28125 0.000224471
11 0.0864258 0.762695 0.0439453 0.0644531 0.000227213
9 0.458984 0.0673828 0.046875 0.0585938 0.000231266
10 0.277832 0.97998 0.358398 0.0380859 0.000234365
11 0.930664 0.629883 0.0410156 0.113281 0.000235677
6 0.777344 0.447754 0.34375 0.579102 0.000238895
3 0.648926 0.981445 0.442383 0.0371094 0.000246286
6 0.57666 0.304199 0.124023 0.135742 0.000248909
0 0.597168 0.290039 0.0771484 0.0996094 0.000252724
10 0.90625 0.680664 0.0976562 0.160156 0.000255585
7 0.207031 0.247559 0.03125 0.0458984 0.000257254
9 0.754395 0.58252 0.0419922 0.0361328 0.000261068
3 0.777344 0.447754 0.34375 0.579102 0.000263691
0 0.57666 0.377441 0.188477 0.254883 0.000264168
9 0.251465 0.593262 0.311523 0.25293 0.000267029
9 0.51123 0.134277 0.0224609 0.0439453 0.000277042
8 0.162598 0.470215 0.0244141 0.0185547 0.000278473
9 0.499512 0.595703 0.258789 0.314453 0.000286341
8 0.13916 0.409668 0.0322266 0.0302734 0.000298023
9 0.438965 0.0561523 0.0908203 0.110352 0.000303507
4 0.57666 0.304199 0.124023 0.135742 0.000318527
8 0.665039 0.554688 0.0429688 0.0253906 0.00033021
8 0.581055 0.371094 0.0507812 0.0429688 0.000330448
9 0.493164 0.0737305 0.123047 0.147461 0.000331879
9 0.453125 0.0131836 0.0371094 0.0263672 0.000332832
9 0.744141 0.688477 0.205078 0.0878906 0.000333071
2 0.541016 0.324707 0.0898438 0.0927734 0.000335217
10 0.935059 0.749023 0.0478516 0.0898438 0.000336409
8 0.748535 0.576172 0.0732422 0.0527344 0.000353813
5 0.297363 0.51123 0.200195 0.293945 0.000377655
9 0.973145 0.217285 0.0537109 0.0830078 0.000397444
12 0.575195 0.30127 0.125 0.129883 0.000415564
11 0.228027 0.176758 0.0693359 0.0664062 0.000442028
5 0.254883 0.689453 0.375 0.205078 0.000445604
11 0.935059 0.749023 0.0478516 0.0898438 0.000452757
9 0.207031 0.247559 0.03125 0.0458984 0.000452995
7 0.57666 0.304199 0.124023 0.135742 0.000487089
1 0.57666 0.304199 0.124023 0.135742 0.000498772
13 0.57666 0.310547 0.124023 0.148438 0.000546932
7 0.604492 0.620605 0.474609 0.178711 0.000558376
10 0.915039 0.726074 0.0976562 0.118164 0.00056076
11 0.57666 0.304199 0.124023 0.135742 0.000569344
9 0.254883 0.689453 0.375 0.205078 0.000577927
5 0.576172 0.308105 0.125 0.143555 0.000585556
11 0.915039 0.726074 0.0976562 0.118164 0.000593662
6 0.604492 0.620605 0.474609 0.178711 0.000625134
4 0.604492 0.620605 0.474609 0.178711 0.000655174
8 0.604004 0.620117 0.473633 0.177734 0.000668526
11 0.604004 0.620117 0.473633 0.177734 0.000684261
1 0.604492 0.620605 0.474609 0.178711 0.000694275
2 0.540039 0.327148 0.0195312 0.0234375 0.000712395
13 0.604492 0.620605 0.474609 0.178711 0.000727654
0 0.520996 0.429199 0.241211 0.426758 0.000741482
11 0.651855 0.0869141 0.0908203 0.0214844 0.000776291
2 0.604004 0.620117 0.473633 0.177734 0.00078392
9 0.24707 0.46875 0.318359 0.410156 0.000793934
5 0.793945 0.640625 0.308594 0.248047 0.00080204
12 0.604004 0.620117 0.473633 0.177734 0.000805855
9 0.524414 0.339844 0.236328 0.205078 0.000822067
10 0.933594 0.67334 0.0507812 0.174805 0.000839233
13 0.207031 0.247559 0.03125 0.0458984 0.000898838
2 0.576172 0.306152 0.125 0.139648 0.000924587
8 0.576172 0.306152 0.125 0.139648 0.00093174
10 0.265625 0.95459 0.361328 0.0869141 0.000980377
11 0.417969 0.116211 0.078125 0.046875 0.000994682
5 0.327637 0.556641 0.133789 0.179688 0.00106335
9 0.791504 0.694336 0.313477 0.130859 0.00108147
9 0.777344 0.447754 0.34375 0.579102 0.00113201
10 0.57666 0.304199 0.124023 0.135742 0.00124168
5 0.604004 0.620117 0.473633 0.177734 0.00131512
0 0.602051 0.620605 0.477539 0.168945 0.00135612
5 0.837402 0.554199 0.180664 0.266602 0.00159931
10 0.604004 0.620117 0.473633 0.177734 0.00163364
5 0.251953 0.592773 0.296875 0.216797 0.00184631
8 0.658691 0.557617 0.0224609 0.0175781 0.00208092
9 0.604004 0.620117 0.473633 0.177734 0.00215149
9 0.57666 0.304199 0.124023 0.135742 0.00235939
3 0.575195 0.30127 0.125 0.129883 0.00237846
9 0.50293 0.45752 0.181641 0.481445 0.00248528
11 0.933594 0.67334 0.0507812 0.174805 0.0027256
8 0.754395 0.58252 0.0419922 0.0361328 0.00485611
10 0.928711 0.722656 0.0507812 0.0917969 0.0064888
11 0.928711 0.722656 0.0507812 0.0917969 0.00849915
5 0.24707 0.46875 0.318359 0.410156 0.00880432
0 0.522949 0.333984 0.223633 0.197266 0.00924683
5 0.777344 0.447754 0.34375 0.579102 0.0117569
0 0.576172 0.306152 0.125 0.139648 0.497559
3 0.601562 0.624023 0.474609 0.164062 0.596191
