12 0.518066 0.012207 0.161133 0.0244141 0.000215054
7 0.422363 0.510742 0.0478516 0.0410156 0.00021553
10 0.92041 0.695312 0.0498047 0.0703125 0.000217199
10 0.348145 0.451172 0.30957 0.359375 0.000218272
9 0.487305 0.250488 0.154297 0.180664 0.000218868
5 0.348145 0.345703 0.18457 0.177734 0.000220418
11 0.307617 0.282227 0.0488281 0.0410156 0.000225663
9 0.411133 0.239258 0.0644531 0.0742188 0.000228286
9 0.456543 0.203613 0.163086 0.0908203 0.00023067
9 0.575684 0.015625 0.25293 0.03125 0.000233769
13 0.278809 0.455566 0.0810547 0.0595703 0.000233889
8 0.27832 0.549316 0.125 0.0849609 0.000234485
13 0.518066 0.012207 0.161133 0.0244141 0.000236273
13 0.686035 0.344727 0.0380859 0.0429688 0.00023818
6 0.80957 0.36084 0.207031 0.254883 0.000242114
9 0.492676 0.945801 0.370117 0.106445 0.000244617
9 0.370117 0.249512 0.166016 0.0908203 0.000245333
9 0.697266 0.381348 0.162109 0.163086 0.000250578
9 0.367676 0.0366211 0.379883 0.0732422 0.000251055
11 0.294922 0.272461 0.0644531 0.0527344 0.000252724
10 0.272461 0.090332 0.544922 0.180664 0.000253439
9 0.473633 0.256348 0.0449219 0.0322266 0.000254869
5 0.5 0.246582 0.0976562 0.151367 0.0002563
7 0.477051 0.260254 0.0498047 0.0419922 0.000258923
2 0.635742 0.320801 0.03125 0.0302734 0.000258923
11 0.436035 0.490723 0.0908203 0.0869141 0.000259399
10 0.517578 0.0107422 0.15625 0.0214844 0.000260592
8 0.350586 0.416992 0.279297 0.28125 0.000261545
3 0.504395 0.590332 0.56543 0.21582 0.000262022
13 0.302734 0.364258 0.109375 0.0566406 0.000263929
7 0.367676 0.459961 0.182617 0.0800781 0.000264406
7 0.414062 0.510742 0.0878906 0.0585938 0.000267982
2 0.406738 0.530273 0.217773 0.185547 0.000272512
9 0.583008 0.0332031 0.3125 0.0625 0.000272512
8 0.683594 0.370605 0.0507812 0.0673828 0.000273705
11 0.890137 0.635254 0.0908203 0.125977 0.000275612
2 0.334473 0.60791 0.319336 0.19043 0.000277996
1 0.321777 0.546875 0.21582 0.0839844 0.000281572
7 0.579102 0.944336 0.240234 0.111328 0.000285149
12 0.36377 0.490723 0.288086 0.157227 0.000295162
7 0.518066 0.012207 0.161133 0.0244141 0.000300884
1 0.825684 0.549805 0.198242 0.246094 0.000302076
5 0.36377 0.490723 0.288086 0.157227 0.000302076
13 0.319824 0.352051 0.0791016 0.0458984 0.00030303
2 0.809082 0.453613 0.24707 0.43457 0.000306606
9 0.404297 0.637695 0.28125 0.189453 0.000310898
11 0.92334 0.685547 0.0439453 0.0800781 0.000313282
1 0.496094 0.245605 0.0859375 0.143555 0.000316858
8 0.762207 0.402344 0.0341797 0.03125 0.000318766
7 0.250488 0.591797 0.145508 0.152344 0.000320673
11 0.321777 0.546875 0.21582 0.0839844 0.000320911
11 0.0078125 0.669922 0.015625 0.046875 0.000322104
2 0.668945 0.364746 0.046875 0.0576172 0.000326872
8 0.402344 0.366211 0.0117188 0.0117188 0.000333786
9 0.683594 0.370605 0.0507812 0.0673828 0.000338316
0 0.364746 0.533203 0.27832 0.126953 0.0003407
2 0.6875 0.330566 0.046875 0.0478516 0.000340939
9 0.280762 0.533691 0.266602 0.18457 0.0003438
9 0.874512 0.62207 0.114258 0.136719 0.000344276
3 0.259766 0.0595703 0.519531 0.119141 0.000347376
8 0.330566 0.501953 0.0166016 0.0136719 0.000347853
9 0.694336 0.352539 0.0449219 0.0546875 0.000348568
11 0.809082 0.453613 0.24707 0.43457 0.000351191
3 0.594238 0.37207 0.25293 0.146484 0.000353098
9 0.414062 0.510742 0.0878906 0.0585938 0.000354528
0 0.480957 0.00976562 0.108398 0.0195312 0.000354528
8 0.499512 0.251953 0.0810547 0.152344 0.000355721
7 0.347168 0.63623 0.354492 0.225586 0.000362158
5 0.32666 0.59082 0.301758 0.15625 0.000364304
8 0.518066 0.012207 0.161133 0.0244141 0.000368357
11 0.349609 0.233398 0.0976562 0.0566406 0.000370026
2 0.64502 0.326172 0.0634766 0.0429688 0.000373125
13 0.259766 0.4375 0.0371094 0.0214844 0.000380039
4 0.421875 0.539062 0.191406 0.177734 0.000380278
1 0.809082 0.453613 0.24707 0.43457 0.000380993
9 0.29541 0.362305 0.15332 0.195312 0.00038147
0 0.69043 0.369141 0.0488281 0.0527344 0.000383377
5 0.805664 0.364258 0.21875 0.267578 0.000385523
10 0.885254 0.642578 0.0986328 0.123047 0.000395298
9 0.415039 0.235352 0.0332031 0.0253906 0.000399113
13 0.377441 0.254883 0.188477 0.101562 0.000404358
13 0.332031 0.321777 0.0800781 0.112305 0.00040555
8 0.396484 0.48291 0.078125 0.0732422 0.000413418
7 0.319336 0.266602 0.078125 0.0722656 0.000413656
8 0.387207 0.294922 0.0166016 0.0136719 0.000416279
8 0.694824 0.351562 0.0458984 0.0546875 0.000418663
8 0.809082 0.453613 0.24707 0.43457 0.000426292
3 0.731445 0.959473 0.384766 0.0771484 0.000434399
1 0.439453 0.492676 0.09375 0.0888672 0.000436306
13 0.277344 0.505371 0.0664062 0.0263672 0.000437021
0 0.652832 0.353027 0.0615234 0.0732422 0.00043726
9 0.615234 0.503418 0.40625 0.34082 0.000447512
1 0.36377 0.490723 0.288086 0.157227 0.000448942
9 0.78125 0.558105 0.234375 0.239258 0.000451803
11 0.400879 0.252441 0.0673828 0.0673828 0.000452042
8 0.473633 0.256348 0.0449219 0.0322266 0.000457525
4 0.65625 0.366699 0.128906 0.118164 0.000460148
9 0.820801 0.366699 0.180664 0.250977 0.000463724
7 0.430176 0.462402 0.161133 0.15918 0.000464439
2 0.701172 0.366211 0.0449219 0.0625 0.000464678
13 0.345703 0.5625 0.333984 0.144531 0.00046587
11 0.675293 0.346191 0.0791016 0.0673828 0.000466585
5 0.846191 0.572754 0.166992 0.223633 0.000468016
13 0.387207 0.262695 0.106445 0.0761719 0.000468016
11 0.748047 0.208984 0.103516 0.0371094 0.000476122
9 0.409668 0.542969 0.282227 0.261719 0.000481367
7 0.65625 0.366699 0.128906 0.118164 0.00048399
11 0.912598 0.666016 0.0595703 0.0957031 0.000489712
11 0.6875 0.188965 0.0761719 0.0166016 0.000491142
6 0.793945 0.461426 0.28125 0.458008 0.000494957
6 0.437012 0.495117 0.0908203 0.0898438 0.000496387
8 0.805176 0.46582 0.0556641 0.0214844 0.000501156
0 0.694824 0.351562 0.0458984 0.0546875 0.000512123
2 0.517578 0.0107422 0.15625 0.0214844 0.000516415
13 0.367676 0.294922 0.155273 0.119141 0.000527859
0 0.592773 0.425781 0.271484 0.306641 0.000533104
11 0.773926 0.21582 0.0771484 0.0429688 0.000534058
12 0.831055 0.0429688 0.337891 0.0859375 0.000536919
9 0.430664 0.569824 0.183594 0.163086 0.000542641
10 0.912598 0.666016 0.0595703 0.09375 0.000542641
8 0.825684 0.549805 0.198242 0.246094 0.000560284
11 0.364258 0.220703 0.078125 0.0410156 0.000561237
11 0.36377 0.490723 0.288086 0.157227 0.000568867
7 0.487305 0.188477 0.0957031 0.0410156 0.000573158
3 0.364746 0.533203 0.27832 0.126953 0.000582695
9 0.48584 0.254395 0.0771484 0.0791016 0.000584602
10 0.36377 0.490723 0.288086 0.157227 0.00058651
13 0.268066 0.441895 0.0556641 0.0341797 0.000588417
11 0.694824 0.216309 0.118164 0.0634766 0.000592232
10 0.651367 0.364258 0.146484 0.119141 0.000599861
7 0.48584 0.254395 0.0771484 0.0791016 0.000600815
3 0.518066 0.012207 0.161133 0.0244141 0.000606537
11 0.410645 0.231934 0.217773 0.110352 0.000608444
6 0.350098 0.595215 0.31543 0.170898 0.000620365
8 0.450195 0.502441 0.115234 0.102539 0.00062561
13 0.36377 0.490723 0.288086 0.157227 0.000628471
8 0.342773 0.609863 0.333984 0.198242 0.000632763
11 0.447754 0.205078 0.188477 0.0703125 0.000640392
7 0.29541 0.362305 0.15332 0.195312 0.000648022
2 0.439453 0.492676 0.09375 0.0888672 0.000658989
6 0.65625 0.366699 0.128906 0.118164 0.000661373
8 0.463379 0.256836 0.0283203 0.0253906 0.000664234
7 0.892578 0.650391 0.0859375 0.105469 0.000664711
11 0.385254 0.20752 0.0751953 0.0439453 0.000675678
11 0.42334 0.194336 0.12207 0.046875 0.000682354
13 0.437012 0.495117 0.0927734 0.0878906 0.000683784
8 0.442383 0.486328 0.0644531 0.0742188 0.000692368
13 0.408203 0.244629 0.046875 0.0478516 0.000696659
9 0.507324 0.214844 0.0732422 0.0996094 0.000697136
13 0.496094 0.245605 0.0859375 0.143555 0.000722408
0 0.343262 0.605957 0.336914 0.204102 0.000734806
7 0.460449 0.529297 0.112305 0.132812 0.000741005
8 0.13916 0.490234 0.0263672 0.0234375 0.000744343
8 0.805664 0.461426 0.0292969 0.0224609 0.000745296
12 0.809082 0.453613 0.24707 0.43457 0.00074625
13 0.347656 0.396973 0.261719 0.290039 0.000751019
4 0.347656 0.412598 0.28125 0.288086 0.00075531
10 0.808105 0.545898 0.237305 0.269531 0.00080061
7 0.394531 0.251465 0.0820312 0.0673828 0.000803947
2 0.409668 0.241211 0.0439453 0.0410156 0.000803947
9 0.310547 0.719238 0.046875 0.0380859 0.000812054
5 0.65625 0.366699 0.128906 0.118164 0.000819683
9 0.518066 0.012207 0.161133 0.0244141 0.000827789
13 0.319336 0.302246 0.0585938 0.0654297 0.000828266
7 0.793945 0.461426 0.28125 0.458008 0.00083828
6 0.859863 0.588379 0.135742 0.188477 0.000851631
9 0.852051 0.518066 0.151367 0.303711 0.000853539
0 0.575684 0.015625 0.25293 0.03125 0.000866413
1 0.668457 0.576172 0.422852 0.191406 0.000871181
11 0.502441 0.185059 0.0654297 0.0322266 0.00087738
7 0.475098 0.222168 0.133789 0.112305 0.000879288
2 0.691895 0.375 0.0908203 0.107422 0.000888824
11 0.677734 0.573242 0.425781 0.199219 0.000909328
9 0.60498 0.376465 0.239258 0.149414 0.000925541
12 0.661133 0.366699 0.125 0.120117 0.000939369
9 0.59082 0.427246 0.271484 0.305664 0.000944138
4 0.809082 0.453613 0.24707 0.43457 0.000950336
4 0.321777 0.546387 0.217773 0.0849609 0.000966072
12 0.666992 0.564941 0.412109 0.194336 0.000971317
3 0.343262 0.605957 0.336914 0.204102 0.000981331
11 0.475098 0.177246 0.0908203 0.0224609 0.000985146
8 0.677734 0.573242 0.425781 0.199219 0.000987053
0 0.685059 0.387207 0.106445 0.149414 0.000993729
2 0.677734 0.573242 0.425781 0.199219 0.000994682
4 0.499512 0.251953 0.0810547 0.152344 0.00100517
9 0.677734 0.351074 0.0742188 0.0751953 0.0010128
4 0.677734 0.573242 0.425781 0.199219 0.00102615
11 0.675293 0.206543 0.0908203 0.0400391 0.0010643
13 0.333008 0.549316 0.234375 0.0849609 0.00107288
9 0.0512695 0.470215 0.0712891 0.0888672 0.00108051
0 0.681152 0.381348 0.0791016 0.0869141 0.00110149
13 0.336426 0.26709 0.0986328 0.0712891 0.00111866
13 0.825684 0.524902 0.198242 0.288086 0.00113583
13 0.3125 0.290039 0.0429688 0.0351562 0.00113678
0 0.585449 0.331543 0.250977 0.145508 0.00114536
11 0.484375 0.21875 0.105469 0.105469 0.00115299
8 0.677734 0.351074 0.0742188 0.0751953 0.0011549
7 0.85791 0.453125 0.12793 0.316406 0.00118828
13 0.677734 0.573242 0.425781 0.199219 0.00121689
1 0.65625 0.363281 0.130859 0.113281 0.00123215
8 0.326172 0.444336 0.03125 0.0253906 0.00128078
2 0.333496 0.559082 0.274414 0.102539 0.00128174
3 0.660156 0.632812 0.457031 0.144531 0.0012989
9 0.391602 0.490234 0.125 0.0878906 0.00137711
3 0.709961 0.981445 0.423828 0.0371094 0.00139904
2 0.65918 0.37793 0.138672 0.166016 0.00140762
6 0.495605 0.244629 0.0888672 0.143555 0.00142956
1 0.345215 0.571777 0.305664 0.133789 0.00150681
9 0.13916 0.490234 0.0263672 0.0234375 0.00151443
13 0.686523 0.354492 0.0703125 0.0820312 0.00153351
10 0.345215 0.571777 0.305664 0.133789 0.00154209
9 0.339355 0.683594 0.370117 0.320312 0.00156212
4 0.444824 0.494629 0.0908203 0.0869141 0.00158787
6 0.364746 0.533203 0.27832 0.126953 0.00163269
11 0.435059 0.186035 0.0615234 0.0244141 0.00165272
5 0.40625 0.486328 0.173828 0.0996094 0.00167274
7 0.820801 0.366699 0.180664 0.250977 0.00169373
2 0.672363 0.338379 0.0712891 0.0654297 0.00170326
12 0.345215 0.571777 0.305664 0.133789 0.00179386
0 0.673828 0.582031 0.429688 0.169922 0.00181103
8 0.422363 0.510742 0.0478516 0.0410156 0.00183773
10 0.666992 0.564941 0.412109 0.194336 0.00185013
11 0.34668 0.254395 0.123047 0.0791016 0.00190544
8 0.40918 0.244141 0.046875 0.046875 0.00194073
9 0.342773 0.39502 0.253906 0.280273 0.00199127
6 0.730469 0.554199 0.355469 0.22168 0.00200272
4 0.825684 0.549805 0.198242 0.246094 0.00204277
8 0.422852 0.504395 0.0878906 0.0732422 0.00221634
9 0.349609 0.531738 0.283203 0.0810547 0.00222969
7 0.503906 0.206055 0.0703125 0.0761719 0.00225067
10 0.40625 0.486328 0.183594 0.0996094 0.00237656
7 0.421875 0.538574 0.193359 0.178711 0.00240707
2 0.40625 0.486328 0.183594 0.0996094 0.00243378
8 0.404297 0.514648 0.212891 0.175781 0.00248909
7 0.408203 0.244629 0.046875 0.0478516 0.00255203
2 0.69873 0.347168 0.0341797 0.0458984 0.00270653
9 0.677246 0.575195 0.428711 0.177734 0.00283432
3 0.65625 0.366699 0.128906 0.118164 0.00287247
4 0.36377 0.490723 0.288086 0.157227 0.0029335
0 0.40625 0.486328 0.183594 0.0996094 0.00298882
11 0.65918 0.355957 0.123047 0.100586 0.0030098
9 0.318848 0.181152 0.0400391 0.0283203 0.00304413
5 0.749023 0.549316 0.328125 0.223633 0.00306511
11 0.345215 0.571777 0.305664 0.133789 0.0032177
13 0.318359 0.27832 0.0605469 0.0507812 0.00325966
11 0.478516 0.192383 0.126953 0.0488281 0.00336647
6 0.350586 0.416992 0.279297 0.28125 0.00337791
7 0.730469 0.554199 0.355469 0.22168 0.00344467
11 0.707031 0.203125 0.123047 0.0292969 0.00365639
12 0.40625 0.486328 0.183594 0.0996094 0.00371552
9 0.28125 0.548828 0.113281 0.0898438 0.00385666
9 0.376465 0.46875 0.241211 0.128906 0.00403595
9 0.260254 0.578613 0.157227 0.135742 0.00407028
8 0.350098 0.55957 0.301758 0.103516 0.00439453
11 0.503906 0.206055 0.0703125 0.0722656 0.00439835
9 0.65625 0.363281 0.130859 0.113281 0.00449753
7 0.874512 0.62207 0.114258 0.136719 0.00457764
8 0.661133 0.366699 0.125 0.120117 0.00458908
9 0.500977 0.253418 0.0839844 0.145508 0.0046196
5 0.347656 0.396973 0.261719 0.290039 0.00473022
0 0.677734 0.351074 0.0742188 0.0751953 0.00483704
9 0.40918 0.244141 0.046875 0.046875 0.00519943
11 0.317383 0.259766 0.0703125 0.0664062 0.00536728
7 0.321777 0.546387 0.217773 0.0849609 0.00557327
11 0.455566 0.182617 0.0712891 0.0195312 0.0057869
11 0.40625 0.486328 0.183594 0.0996094 0.00598907
1 0.40625 0.486328 0.183594 0.0996094 0.00614929
4 0.345215 0.571777 0.305664 0.133789 0.00615311
11 0.517578 0.0107422 0.15625 0.0214844 0.00709915
9 0.355957 0.479004 0.30957 0.229492 0.00737762
3 0.410156 0.48877 0.181641 0.0986328 0.00765991
9 0.811035 0.452148 0.243164 0.431641 0.00769043
13 0.40625 0.486328 0.173828 0.0996094 0.00812531
2 0.686035 0.344727 0.0380859 0.0429688 0.00946045
11 0.69043 0.195801 0.0839844 0.0224609 0.0103683
9 0.432617 0.492188 0.0996094 0.0898438 0.0118942
7 0.347656 0.412598 0.28125 0.288086 0.0132141
6 0.825684 0.524902 0.198242 0.288086 0.0136032
5 0.824707 0.475586 0.202148 0.380859 0.0159454
7 0.499512 0.251953 0.0810547 0.152344 0.0181427
11 0.461426 0.18457 0.112305 0.0273438 0.0188446
13 0.661133 0.366699 0.125 0.120117 0.0189209
2 0.688477 0.370605 0.0488281 0.0439453 0.0191193
0 0.609375 0.379395 0.236328 0.155273 0.0217438
7 0.36377 0.490723 0.288086 0.157227 0.0302429
7 0.825684 0.524902 0.198242 0.288086 0.0316162
6 0.40625 0.486328 0.173828 0.0996094 0.0320129
7 0.436035 0.490723 0.0908203 0.0869141 0.0341492
4 0.402344 0.486816 0.169922 0.0986328 0.0475769
7 0.345215 0.571777 0.305664 0.133789 0.0487061
2 0.685547 0.353516 0.0605469 0.0625 0.0531311
9 0.311035 0.557617 0.22168 0.0996094 0.059845
9 0.405273 0.509766 0.210938 0.128906 0.0784912
0 0.518066 0.012207 0.161133 0.0244141 0.0827026
8 0.407715 0.490723 0.163086 0.0947266 0.154053
9 0.339844 0.588867 0.320312 0.15625 0.178101
7 0.398926 0.482422 0.178711 0.09375 0.202148
2 0.663574 0.352539 0.112305 0.0917969 0.213623
0 0.65625 0.358887 0.126953 0.104492 0.534668
3 0.67041 0.572754 0.424805 0.176758 0.539551
