11 0.00439453 0.913574 0.00683594 0.0478516 0.000100076
7 0.444824 0.285645 0.0419922 0.0361328 0.000100434
11 0.0209961 0.987793 0.0244141 0.0224609 0.000100553
11 0.00732422 0.856445 0.0107422 0.0449219 0.000101924
8 0.751953 0.586914 0.03125 0.0449219 0.00010246
10 0.0200195 0.994141 0.0244141 0.00976562 0.00010252
8 0.387207 0.444824 0.0126953 0.0126953 0.00010258
13 0.371094 0.0400391 0.275391 0.0800781 0.000106096
11 0.00683594 0.469727 0.0117188 0.0546875 0.000106156
11 0.794434 0.182617 0.272461 0.240234 0.000107169
7 0.635742 0.32959 0.0820312 0.0771484 0.000107825
10 0.00439453 0.913574 0.00683594 0.0478516 0.000108659
10 0.00537109 0.995605 0.00878906 0.00878906 0.000109076
9 0.78125 0.407227 0.105469 0.101562 0.00011003
8 0.378418 0.490234 0.0830078 0.0566406 0.000110745
10 0.259766 0.628906 0.0390625 0.0703125 0.000111043
10 0.00683594 0.885254 0.00976562 0.0458984 0.00011152
13 0.490723 0.327148 0.0693359 0.103516 0.00011301
9 0.455566 0.203125 0.165039 0.0722656 0.000113904
13 0.358398 0.484863 0.0292969 0.0166016 0.000114262
10 0.00439453 0.61084 0.00683594 0.0537109 0.000114381
13 0.70459 0.26123 0.0615234 0.129883 0.000114977
13 0.736816 0.340332 0.0361328 0.0244141 0.000115991
10 0.0166016 0.0078125 0.0253906 0.0136719 0.000116527
10 0.00439453 0.645996 0.00683594 0.0537109 0.000116587
11 0.00488281 0.210449 0.0078125 0.0224609 0.000116646
1 0.286621 0.0493164 0.479492 0.0947266 0.000117123
10 0.286621 0.0493164 0.479492 0.0947266 0.000117421
10 0.00488281 0.210449 0.0078125 0.0224609 0.000117779
11 0.00439453 0.723633 0.00683594 0.0546875 0.000117838
7 0.751953 0.211914 0.0898438 0.0585938 0.000117958
10 0.895996 0.855957 0.208008 0.288086 0.000118315
11 0.442871 0.193359 0.0517578 0.0253906 0.000118315
7 0.384277 0.508301 0.112305 0.0693359 0.000118375
11 0.00683594 0.496582 0.0117188 0.0595703 0.000118613
11 0.88916 0.682129 0.0400391 0.108398 0.000118971
11 0.00439453 0.747559 0.00683594 0.0517578 0.000119507
2 0.0947266 0.777344 0.189453 0.445312 0.000120103
10 0.0205078 0.987305 0.0253906 0.0214844 0.000120223
10 0.00683594 0.95752 0.00976562 0.0419922 0.000120223
7 0.378418 0.490234 0.0830078 0.0566406 0.000120461
11 0.369629 0.248047 0.102539 0.113281 0.000121176
11 0.850586 0.990234 0.0527344 0.0195312 0.000121832
13 0.713867 0.346191 0.09375 0.104492 0.000122905
11 0.00927734 0.52832 0.0166016 0.0839844 0.000123024
0 0.683594 0.00927734 0.162109 0.0185547 0.000124335
13 0.633789 0.326172 0.0839844 0.0722656 0.000124693
11 0.00683594 0.95752 0.00976562 0.0419922 0.000125647
11 0.00439453 0.943359 0.00683594 0.0488281 0.000125885
2 0.371094 0.0400391 0.275391 0.0800781 0.000126481
8 0.718262 0.324707 0.0458984 0.0419922 0.000127196
10 0.00439453 0.5625 0.00683594 0.0507812 0.000127316
9 0.0166016 0.365723 0.0332031 0.385742 0.000128031
8 0.0947266 0.777344 0.189453 0.445312 0.000128508
11 0.678711 0.1875 0.0703125 0.0175781 0.000128627
13 0.796387 0.570312 0.0771484 0.0683594 0.000128627
11 0.286621 0.0493164 0.479492 0.0947266 0.000128746
10 0.00683594 0.496582 0.0117188 0.0595703 0.000128746
10 0.00830078 0.19873 0.0126953 0.0380859 0.000129938
11 0.00439453 0.652344 0.00683594 0.0546875 0.000131011
11 0.701172 0.225098 0.132812 0.0927734 0.000132203
8 0.671875 0.495605 0.0351562 0.0322266 0.000132561
8 0.634277 0.33252 0.0830078 0.0830078 0.00013268
10 0.879395 0.661621 0.0517578 0.108398 0.000132799
8 0.710938 0.509277 0.015625 0.0146484 0.000133038
10 0.00439453 0.747559 0.00683594 0.0517578 0.000133276
8 0.777832 0.442383 0.0341797 0.03125 0.000133395
3 0.00585938 0.644043 0.0117188 0.0810547 0.000133514
11 0.00683594 0.89209 0.00976562 0.0458984 0.000135303
10 0.00537109 0.00927734 0.0107422 0.0185547 0.000136375
11 0.0117188 0.996094 0.015625 0.0078125 0.000137091
4 0.286621 0.0493164 0.479492 0.0947266 0.00013721
9 0.00830078 0.407715 0.0166016 0.0693359 0.000138164
10 0.866699 0.916992 0.0712891 0.119141 0.000138521
10 0.00439453 0.485352 0.00878906 0.0429688 0.000139713
10 0.00439453 0.723633 0.00683594 0.0546875 0.000140071
11 0.0200195 0.994141 0.0244141 0.00976562 0.000140548
9 0.498047 0.529297 0.0898438 0.169922 0.000141859
13 0.0947266 0.777344 0.189453 0.445312 0.000142336
11 0.00585938 0.0151367 0.00976562 0.0263672 0.000142336
11 0.509277 0.18457 0.0556641 0.0175781 0.000142813
11 0.00439453 0.616211 0.00683594 0.0527344 0.000144362
6 0.358398 0.484863 0.0292969 0.0166016 0.000145078
13 0.755859 0.350098 0.078125 0.0712891 0.000145435
10 0.00439453 0.943359 0.00683594 0.0488281 0.000146031
8 0.460938 0.447754 0.0371094 0.0302734 0.000146747
1 0.779297 0.388184 0.0625 0.0458984 0.000149488
5 0.634277 0.33252 0.0830078 0.0830078 0.000150442
9 0.444824 0.285645 0.0419922 0.0341797 0.000150442
8 0.817383 0.521484 0.0429688 0.0371094 0.000153899
10 0.0131836 0.00439453 0.0166016 0.00683594 0.000157475
11 0.664551 0.213379 0.0830078 0.0615234 0.000157595
9 0.230469 0.169922 0.460938 0.339844 0.000157833
9 0.800781 0.164062 0.398438 0.324219 0.000157833
8 0.736816 0.340332 0.0361328 0.0244141 0.000158548
13 0.286621 0.0493164 0.479492 0.0947266 0.000159144
10 0.163574 0.15918 0.321289 0.318359 0.00016129
2 0.286621 0.0493164 0.479492 0.0947266 0.000161648
11 0.00439453 0.485352 0.00878906 0.0429688 0.000162005
10 0.751953 0.211914 0.0898438 0.0585938 0.00016284
1 0.751953 0.211914 0.0898438 0.0585938 0.000164151
8 0.329102 0.439453 0.0175781 0.0136719 0.00016427
8 0.41748 0.457031 0.0263672 0.0273438 0.000169754
13 0.267578 0.131836 0.535156 0.263672 0.000170827
3 0.00585938 0.679688 0.0117188 0.0761719 0.000172257
6 0.286621 0.0493164 0.479492 0.0947266 0.000176191
13 0.742676 0.367188 0.12207 0.107422 0.000177741
12 0.163574 0.15918 0.321289 0.318359 0.000177741
9 0.370605 0.474609 0.133789 0.15625 0.000178337
11 0.334473 0.283203 0.0517578 0.0625 0.00017941
13 0.792969 0.379883 0.0585938 0.0429688 0.000182033
9 0.90332 0.234863 0.0507812 0.0498047 0.00018537
10 0.00927734 0.52832 0.0166016 0.0839844 0.000186563
10 0.634766 0.331543 0.0839844 0.0810547 0.000188112
7 0.73584 0.341309 0.0185547 0.0185547 0.000189304
9 0.554688 0.0776367 0.359375 0.15332 0.000195146
9 0.774902 0.374023 0.0810547 0.0761719 0.000197172
10 0.00439453 0.50293 0.00878906 0.0390625 0.000197172
3 0.5625 1 0.328125 0 0.000198722
11 0.632812 0.32959 0.0878906 0.0810547 0.00019896
8 0.717773 0.319336 0.0175781 0.0195312 0.000204921
10 0.0102539 0.988281 0.0166016 0.0234375 0.000205755
10 0.0078125 0.572754 0.015625 0.0927734 0.000210762
11 0.0131836 0.00439453 0.0166016 0.00683594 0.000214219
9 0.595703 0.373047 0.148438 0.175781 0.00021708
11 0.00732422 0.379883 0.0126953 0.0429688 0.000224471
9 0.758301 0.457031 0.192383 0.318359 0.00022614
9 0.63916 0.0478516 0.209961 0.0957031 0.000230432
9 0.361328 0.484863 0.0253906 0.0185547 0.000230789
8 0.725586 0.377441 0.0175781 0.0146484 0.000231028
11 0.00537109 0.697754 0.00878906 0.0673828 0.00023365
0 0.584473 0.373047 0.178711 0.177734 0.000238061
9 0.393555 0.410645 0.201172 0.311523 0.000241995
2 0.634766 0.331543 0.0839844 0.0810547 0.000245333
11 0.00976562 0.987793 0.015625 0.0224609 0.000251532
11 0.0126953 0.0117188 0.0175781 0.0214844 0.000253201
11 0.00488281 0.00439453 0.00976562 0.00878906 0.000254869
10 0.00488281 0.00439453 0.00976562 0.00878906 0.00025773
10 0.00927734 0.0117188 0.0185547 0.0214844 0.000258446
7 0.373047 0.48291 0.136719 0.137695 0.000263929
5 0.777344 0.388672 0.0976562 0.0820312 0.000264645
11 0.00439453 0.50293 0.00878906 0.0390625 0.000264883
10 0.00732422 0.379883 0.0126953 0.0429688 0.000278234
11 0.501465 0.1875 0.0830078 0.0273438 0.000283241
8 0.781738 0.387695 0.0576172 0.0449219 0.000283957
10 0.0078125 0.0239258 0.0136719 0.0400391 0.000287294
3 0.0898438 0.73291 0.144531 0.499023 0.00028801
11 0.686523 0.202637 0.107422 0.0361328 0.000288963
10 0.00732422 0.608887 0.0146484 0.0966797 0.000293255
11 0.00439453 0.967773 0.00878906 0.0488281 0.000293255
5 0.1875 0.0712891 0.328125 0.134766 0.000299215
10 0.00439453 0.967773 0.00878906 0.0488281 0.000302315
11 0.0078125 0.0239258 0.0136719 0.0400391 0.000307083
11 0.651855 0.205566 0.0576172 0.0380859 0.000309706
7 0.358398 0.484863 0.0292969 0.0166016 0.000328302
11 0.00634766 0.520508 0.0107422 0.0527344 0.000330448
5 0.779785 0.388672 0.0576172 0.0449219 0.000345945
11 0.524414 0.209473 0.0566406 0.0556641 0.000346422
0 0.5625 1 0.328125 0 0.000349045
11 0.778809 0.388184 0.0615234 0.0458984 0.000354052
10 0.00537109 0.697754 0.00878906 0.0673828 0.00038743
10 0.00634766 0.520508 0.0107422 0.0527344 0.000394106
6 0.223145 0.129395 0.432617 0.258789 0.000404119
11 0.00537109 0.671387 0.00878906 0.0673828 0.000427961
13 0.735352 0.340332 0.0195312 0.0185547 0.000463724
11 0.00439453 0.985352 0.00878906 0.0292969 0.000475645
10 0.00439453 0.985352 0.00878906 0.0292969 0.000486612
10 0.00732422 0.205078 0.0107422 0.0195312 0.000489712
11 0.00585938 0.546875 0.00976562 0.0664062 0.000498295
10 0.00634766 0.992676 0.0107422 0.0126953 0.000517845
9 0.634277 0.33252 0.0830078 0.0830078 0.000523567
11 0.00585938 0.572754 0.00976562 0.0712891 0.000524521
11 0.00732422 0.205078 0.0107422 0.0195312 0.000531197
8 0.334473 0.535645 0.0244141 0.0224609 0.000531673
3 0.633789 0.326172 0.0839844 0.0722656 0.000536919
10 0.268066 0.611328 0.0400391 0.0683594 0.00054884
2 0.73584 0.341309 0.0185547 0.0185547 0.000558376
11 0.819336 0.275879 0.0566406 0.0888672 0.000588417
11 0.00585938 0.600098 0.00976562 0.0732422 0.000592709
13 0.759766 0.397461 0.0898438 0.0507812 0.000607014
8 0.442383 0.286133 0.0429688 0.0332031 0.000633717
10 0.00585938 0.546875 0.00976562 0.0664062 0.000651836
11 0.466309 0.19043 0.0751953 0.0195312 0.000653267
11 0.00634766 0.992676 0.0107422 0.0126953 0.000656128
11 0.698242 0.190918 0.0742188 0.0166016 0.000658512
11 0.00585938 0.635254 0.00976562 0.0732422 0.000669003
10 0.881348 0.65918 0.0400391 0.0605469 0.000712872
10 0.00537109 0.671387 0.00878906 0.0673828 0.000765324
6 0.778809 0.388184 0.0615234 0.0458984 0.000784397
5 0.780762 0.457031 0.163086 0.267578 0.000795364
13 0.825195 0.586914 0.0644531 0.0859375 0.000836849
11 0.748047 0.209961 0.0507812 0.0351562 0.000849724
9 0.73584 0.341309 0.0185547 0.0185547 0.000853539
2 0.778809 0.388184 0.0634766 0.0478516 0.000854492
11 0.394531 0.217773 0.078125 0.0605469 0.000880241
5 0.0874023 0.726562 0.139648 0.505859 0.000890732
11 0.773438 0.225098 0.0742188 0.0615234 0.000903606
7 0.78125 0.386719 0.0585938 0.0488281 0.000906467
11 0.881348 0.659668 0.0400391 0.0673828 0.000936508
13 0.832031 0.595703 0.0449219 0.0546875 0.000960827
11 0.661133 0.194336 0.0605469 0.0253906 0.000968456
10 0.00634766 0.383789 0.0107422 0.0195312 0.000990868
5 0.384277 0.459473 0.147461 0.19043 0.000997543
11 0.4375 0.194824 0.0820312 0.0361328 0.00104427
5 0.240723 0.129883 0.481445 0.259766 0.00105286
10 0.00585938 0.591309 0.00976562 0.0732422 0.00107574
11 0.00634766 0.383789 0.0107422 0.0195312 0.00111389
12 0.63916 0.54248 0.370117 0.15918 0.00111771
11 0.63916 0.54248 0.370117 0.15918 0.00112629
9 0.0898438 0.73291 0.144531 0.499023 0.00115585
1 0.636719 0.543457 0.367188 0.15918 0.00117207
11 0.799805 0.256836 0.0996094 0.126953 0.00117874
7 0.63916 0.54248 0.370117 0.15918 0.00118828
11 0.501953 0.207031 0.111328 0.0703125 0.00119495
8 0.365723 0.484375 0.0166016 0.015625 0.00122356
8 0.63916 0.54248 0.370117 0.15918 0.00129032
10 0.00830078 0.00683594 0.0146484 0.0117188 0.00130272
2 0.636719 0.543457 0.367188 0.15918 0.00131607
10 0.00585938 0.626465 0.00976562 0.0751953 0.00132275
5 0.393555 0.410645 0.201172 0.311523 0.00133514
4 0.63916 0.54248 0.370117 0.15918 0.00139999
13 0.63916 0.54248 0.370117 0.15918 0.00140572
11 0.265625 0.608887 0.0410156 0.0849609 0.00142002
6 0.63916 0.54248 0.370117 0.15918 0.00142193
11 0.00830078 0.00683594 0.0146484 0.0117188 0.00159931
0 0.609375 0.338379 0.140625 0.104492 0.00174332
11 0.479492 0.185059 0.107422 0.0166016 0.00186634
11 0.733887 0.201172 0.0751953 0.0390625 0.00194931
9 0.63916 0.54248 0.370117 0.15918 0.00196266
5 0.63916 0.54248 0.370117 0.15918 0.00197029
11 0.769043 0.226562 0.12207 0.0976562 0.00204086
13 0.774902 0.374023 0.0810547 0.0761719 0.00213242
9 0.780762 0.387207 0.0595703 0.0439453 0.00232887
10 0.63916 0.54248 0.370117 0.15918 0.00244904
13 0.76416 0.396973 0.112305 0.0966797 0.00249672
0 0.636719 0.552246 0.361328 0.135742 0.00285149
11 0.456055 0.202637 0.15625 0.0537109 0.0030632
11 0.722168 0.204102 0.129883 0.0507812 0.0055542
8 0.73584 0.341309 0.0185547 0.0185547 0.00563812
11 0.414551 0.206055 0.0869141 0.0546875 0.00722504
8 0.36084 0.486328 0.0302734 0.0234375 0.00944519
11 0.702148 0.192871 0.121094 0.0263672 0.00955963
11 0.516113 0.195312 0.0615234 0.0351562 0.0102081
11 0.472656 0.191895 0.136719 0.0283203 0.0254669
11 0.755371 0.212402 0.0810547 0.0517578 0.0401001
13 0.778809 0.388184 0.0615234 0.0458984 0.0744629
0 0.635742 0.32959 0.0820312 0.0771484 0.178101
3 0.637695 0.54834 0.365234 0.133789 0.77832
