8 0.228027 0.472656 0.0888672 0.0605469 0.00016439
8 0.718262 0.591309 0.0419922 0.0576172 0.000165224
1 0.416016 0.22998 0.164062 0.106445 0.000165224
10 0.182129 0.711914 0.112305 0.119141 0.000165462
11 0.98877 0.764648 0.0205078 0.0859375 0.000166059
8 0.884766 0.700195 0.130859 0.119141 0.000169158
8 0.87207 0.193848 0.0253906 0.0224609 0.000169158
4 0.69873 0.201172 0.204102 0.0800781 0.000170231
4 0.89209 0.702637 0.200195 0.229492 0.000171661
11 0.634766 0.192383 0.101562 0.0722656 0.000172853
12 0.862305 0.594238 0.246094 0.420898 0.000174046
7 0.244629 0.592285 0.0498047 0.0400391 0.000174642
3 0.752441 0.325195 0.307617 0.306641 0.000175595
13 0.862305 0.594238 0.246094 0.420898 0.000176311
10 0.962402 0.705078 0.0654297 0.128906 0.000177503
11 0.337402 0.215332 0.102539 0.0615234 0.000177503
10 0.98877 0.764648 0.0205078 0.0859375 0.000177622
1 0.774414 0.459961 0.355469 0.242188 0.000179529
8 0.334961 0.331055 0.287109 0.28125 0.000180483
11 0.446289 0.26709 0.126953 0.170898 0.000180483
11 0.833984 0.631348 0.292969 0.321289 0.000182033
11 0.748535 0.19873 0.100586 0.0537109 0.000182867
9 0.626953 0.262207 0.117188 0.194336 0.000184655
4 0.257324 0.518555 0.229492 0.382812 0.000184774
9 0.267578 0.189941 0.03125 0.0244141 0.00018549
7 0.716797 0.251465 0.0625 0.0498047 0.000187635
0 0.284668 0.624023 0.291992 0.314453 0.000188947
6 0.774414 0.459961 0.355469 0.242188 0.000189424
3 0.543945 0.663086 0.720703 0.228516 0.000190616
8 0.42627 0.253418 0.139648 0.147461 0.000190735
4 0.630371 0.350098 0.12207 0.135742 0.000191927
7 0.898926 0.700195 0.124023 0.101562 0.000192165
11 0.675293 0.177246 0.176758 0.0712891 0.00019443
0 0.647949 0.355957 0.206055 0.21582 0.000194669
8 0.813965 0.256348 0.176758 0.168945 0.000195384
9 0.286133 0.302734 0.189453 0.181641 0.00019896
7 0.913574 0.652344 0.151367 0.296875 0.000200033
9 0.543945 0.0947266 0.318359 0.189453 0.000201702
9 0.685547 0.0751953 0.0996094 0.150391 0.000203609
12 0.812012 0.248047 0.194336 0.150391 0.000204325
7 0.208008 0.776367 0.175781 0.158203 0.00020659
7 0.799805 0.710938 0.382812 0.330078 0.000208378
11 0.313477 0.734863 0.353516 0.219727 0.000211239
10 0.963867 0.836426 0.0683594 0.129883 0.000211716
7 0.647461 0.247559 0.126953 0.172852 0.000213504
9 0.143555 0.785156 0.0585938 0.0996094 0.000215411
7 0.172852 0.722168 0.078125 0.0712891 0.000215888
9 0.891113 0.108398 0.104492 0.0917969 0.000218391
1 0.834961 0.581055 0.277344 0.390625 0.000219226
11 0.254883 0.288574 0.0996094 0.102539 0.00022006
1 0.314453 0.461426 0.320312 0.229492 0.000225782
11 0.626465 0.217285 0.0751953 0.0751953 0.000227809
10 0.314453 0.461426 0.320312 0.229492 0.000230074
3 0.786133 0.236816 0.212891 0.145508 0.000230551
10 0.923828 0.969238 0.144531 0.0615234 0.000233889
7 0.927734 0.685059 0.117188 0.151367 0.000234604
10 0.591797 0.464355 0.433594 0.620117 0.000234604
7 0.305176 0.538574 0.291992 0.186523 0.00023675
10 0.28125 0.981445 0.273438 0.0371094 0.000238657
12 0.327148 0.314941 0.289062 0.239258 0.000239611
5 0.322754 0.353027 0.305664 0.291992 0.000241876
7 0.837891 0.459961 0.21875 0.394531 0.00025034
9 0.94873 0.769531 0.100586 0.152344 0.000253677
2 0.706543 0.204102 0.21582 0.0898438 0.000259161
8 0.344727 0.601562 0.0507812 0.0488281 0.000259638
11 0.42334 0.20166 0.137695 0.0576172 0.000260592
11 0.978027 0.820801 0.0400391 0.100586 0.000262499
13 0.213379 0.435059 0.0771484 0.0244141 0.000263214
3 0.727051 0.213379 0.262695 0.112305 0.000266314
9 0.208008 0.776367 0.175781 0.158203 0.000269651
8 0.714355 0.239746 0.0634766 0.0595703 0.000272036
9 0.813965 0.256348 0.176758 0.168945 0.000272751
7 0.430664 0.288086 0.140625 0.210938 0.000272989
11 0.95752 0.703613 0.0810547 0.165039 0.000276566
9 0.90918 0.733398 0.173828 0.167969 0.000277042
3 0.284668 0.624023 0.291992 0.314453 0.000280857
13 0.395508 0.231445 0.201172 0.115234 0.000288248
7 0.813965 0.256348 0.176758 0.168945 0.000293255
9 0.929688 0.80957 0.140625 0.173828 0.000310898
8 0.24707 0.583984 0.0957031 0.0546875 0.000313282
7 0.416016 0.212402 0.158203 0.0771484 0.000317097
7 0.257324 0.518555 0.229492 0.382812 0.000317574
10 0.987305 0.799316 0.0214844 0.0595703 0.000318527
8 0.652832 0.593262 0.56543 0.27832 0.000318527
9 0.553711 0.355469 0.306641 0.230469 0.000319481
9 0.890625 0.693359 0.0488281 0.0449219 0.000320435
8 0.74707 0.65332 0.0410156 0.0390625 0.000322819
11 0.698242 0.178223 0.193359 0.18457 0.000324965
11 0.953125 0.819824 0.0898438 0.110352 0.000326633
5 0.862305 0.594238 0.246094 0.420898 0.000326633
7 0.293945 0.375488 0.230469 0.329102 0.000331402
11 0.987305 0.802734 0.0234375 0.0605469 0.000332117
11 0.145996 0.817383 0.0595703 0.0820312 0.000335217
6 0.314453 0.461426 0.320312 0.229492 0.000335693
8 0.270508 0.495117 0.236328 0.386719 0.000342369
9 0.824219 0.866699 0.347656 0.243164 0.000355482
11 0.977539 0.760742 0.0429688 0.115234 0.000361919
2 0.333008 0.265625 0.242188 0.148438 0.000362396
8 0.898438 0.701172 0.0820312 0.0625 0.000362873
13 0.059082 0.322754 0.118164 0.291992 0.000365496
9 0.330078 0.73584 0.359375 0.217773 0.000365734
2 0.284668 0.624023 0.291992 0.314453 0.000368357
3 0.82666 0.588379 0.291992 0.350586 0.00037384
11 0.252441 0.317383 0.161133 0.175781 0.000374794
8 0.255371 0.583984 0.0537109 0.0371094 0.000375032
13 0.297852 0.327148 0.226562 0.228516 0.000375271
8 0.217773 0.678711 0.0566406 0.046875 0.000377178
4 0.30127 0.27002 0.200195 0.131836 0.000377655
8 0.305664 0.524902 0.296875 0.18457 0.000380516
10 0.887207 0.822754 0.22168 0.22168 0.000384331
9 0.833984 0.631348 0.292969 0.321289 0.000386477
3 0.45166 0.600586 0.411133 0.283203 0.000388622
2 0.752441 0.325195 0.307617 0.306641 0.000392437
10 0.311035 0.86084 0.362305 0.250977 0.000402451
7 0.31543 0.734863 0.359375 0.245117 0.000404119
0 0.553223 0.352051 0.28418 0.198242 0.000404119
11 0.849121 0.289551 0.151367 0.182617 0.000424862
10 0.24707 0.550293 0.230469 0.458008 0.000426531
10 0.978027 0.820801 0.0400391 0.100586 0.000427723
13 0.69873 0.201172 0.204102 0.0800781 0.000431776
10 0.945312 0.981445 0.09375 0.0351562 0.00043726
1 0.323242 0.307129 0.273438 0.211914 0.000453472
11 0.90918 0.73291 0.171875 0.166992 0.000460625
6 0.336426 0.263672 0.245117 0.138672 0.00046277
10 0.395508 0.231445 0.201172 0.115234 0.000470877
12 0.284668 0.624023 0.291992 0.314453 0.000475407
0 0.768555 0.225586 0.236328 0.121094 0.000477076
8 0.773926 0.506348 0.366211 0.241211 0.00048399
11 0.223633 0.771484 0.205078 0.142578 0.000489235
10 0.918945 0.821289 0.15625 0.128906 0.000490665
12 0.69873 0.201172 0.204102 0.0800781 0.00049448
4 0.393066 0.251953 0.204102 0.146484 0.000495911
11 0.16748 0.806152 0.102539 0.108398 0.000507355
10 0.305664 0.939453 0.332031 0.117188 0.000507355
6 0.834961 0.581055 0.277344 0.390625 0.00052166
11 0.80127 0.219727 0.131836 0.113281 0.000523567
11 0.833496 0.253418 0.110352 0.116211 0.00053072
8 0.333008 0.265625 0.242188 0.148438 0.000532627
11 0.284668 0.624023 0.291992 0.314453 0.000535965
9 0.333008 0.333984 0.296875 0.291016 0.000555038
12 0.354492 0.254395 0.269531 0.141602 0.000559807
10 0.145996 0.817383 0.0595703 0.0820312 0.000566006
10 0.862305 0.594238 0.246094 0.420898 0.000566006
11 0.132324 0.79248 0.0478516 0.0634766 0.000579357
1 0.284668 0.624023 0.291992 0.314453 0.000580788
13 0.17627 0.715332 0.0791016 0.0810547 0.000585079
10 0.219238 0.708496 0.180664 0.18457 0.00058794
7 0.94873 0.769531 0.100586 0.152344 0.000590801
0 0.680176 0.59668 0.55957 0.339844 0.00059557
7 0.228027 0.720215 0.204102 0.161133 0.000598431
9 0.395508 0.231445 0.201172 0.115234 0.000603676
8 0.284668 0.624023 0.291992 0.314453 0.00060606
1 0.752441 0.325195 0.307617 0.306641 0.000607491
9 0.633789 0.355469 0.132812 0.160156 0.000643253
11 0.31543 0.245605 0.138672 0.104492 0.00065279
1 0.813965 0.256348 0.176758 0.168945 0.000655651
12 0.752441 0.325195 0.307617 0.306641 0.00066328
8 0.719238 0.583008 0.0302734 0.0351562 0.000671387
11 0.759766 0.182129 0.208984 0.114258 0.00069046
10 0.132324 0.79248 0.0478516 0.0634766 0.00069952
9 0.69873 0.201172 0.204102 0.0800781 0.00069952
11 0.766602 0.337891 0.289062 0.310547 0.000725746
7 0.630371 0.348145 0.124023 0.133789 0.000750065
7 0.147461 0.774414 0.0644531 0.105469 0.000776768
6 0.750488 0.228027 0.280273 0.129883 0.000781059
13 0.813965 0.256348 0.176758 0.168945 0.000781536
10 0.964355 0.758789 0.0712891 0.130859 0.000802994
8 0.63623 0.359863 0.12793 0.141602 0.000816822
9 0.336426 0.263672 0.245117 0.138672 0.000817776
7 0.174316 0.736816 0.104492 0.118164 0.000822067
1 0.69873 0.201172 0.204102 0.0800781 0.000836372
5 0.752441 0.325195 0.307617 0.306641 0.000844955
2 0.680176 0.59668 0.55957 0.339844 0.000848293
8 0.880859 0.687988 0.0371094 0.0322266 0.000854969
9 0.313965 0.823242 0.375977 0.275391 0.000857353
10 0.360352 0.721191 0.367188 0.202148 0.000861645
7 0.894531 0.693848 0.0507812 0.0458984 0.000884533
8 0.419922 0.657227 0.03125 0.0253906 0.000886917
10 0.69873 0.201172 0.204102 0.0800781 0.000894547
10 0.875488 0.710938 0.239258 0.207031 0.000905514
11 0.834473 0.757324 0.30957 0.163086 0.000911713
8 0.890625 0.504395 0.0292969 0.0283203 0.00092411
7 0.90918 0.733398 0.173828 0.167969 0.000924587
13 0.680176 0.59668 0.55957 0.339844 0.000927448
10 0.830566 0.771484 0.317383 0.228516 0.000936031
8 0.766602 0.337891 0.289062 0.310547 0.000952721
11 0.323242 0.307129 0.273438 0.211914 0.000957966
8 0.750488 0.228027 0.280273 0.129883 0.000974178
4 0.774414 0.459961 0.355469 0.242188 0.000981331
13 0.284668 0.624023 0.291992 0.314453 0.000988007
9 0.52832 0.0683594 0.181641 0.130859 0.00101376
7 0.68457 0.620117 0.558594 0.337891 0.00101566
10 0.35498 0.266113 0.282227 0.170898 0.00102615
3 0.588379 0.51123 0.426758 0.540039 0.00103855
10 0.750488 0.228027 0.280273 0.129883 0.00106049
7 0.834473 0.757324 0.30957 0.163086 0.00107288
11 0.98291 0.785645 0.0302734 0.0537109 0.00107956
10 0.981934 0.782715 0.0341797 0.0634766 0.00114155
11 0.680176 0.59668 0.55957 0.339844 0.00116158
9 0.284668 0.624023 0.291992 0.314453 0.00116634
12 0.746582 0.222656 0.27832 0.121094 0.00116825
7 0.69873 0.201172 0.204102 0.0800781 0.00118732
4 0.834961 0.581055 0.277344 0.390625 0.00120354
1 0.680176 0.59668 0.55957 0.339844 0.00129414
10 0.752441 0.325195 0.307617 0.306641 0.00130463
8 0.82666 0.59082 0.286133 0.339844 0.00130939
9 0.746582 0.222656 0.27832 0.121094 0.00131035
11 0.94873 0.769531 0.100586 0.152344 0.00132275
10 0.938965 0.706055 0.114258 0.171875 0.00132465
4 0.346191 0.306152 0.286133 0.227539 0.00133228
7 0.774414 0.459961 0.355469 0.242188 0.0013504
2 0.768555 0.225586 0.236328 0.121094 0.00136089
13 0.336426 0.263672 0.245117 0.138672 0.00137234
5 0.680176 0.59668 0.55957 0.339844 0.00144768
13 0.171387 0.713867 0.0595703 0.0429688 0.00147247
5 0.284668 0.624023 0.291992 0.314453 0.00150108
12 0.680176 0.59668 0.55957 0.339844 0.00151062
1 0.354492 0.254395 0.269531 0.141602 0.00151825
9 0.752441 0.325195 0.307617 0.306641 0.00158882
9 0.162598 0.231445 0.0458984 0.0429688 0.0015974
6 0.680176 0.59668 0.55957 0.339844 0.00161839
4 0.750488 0.228027 0.280273 0.129883 0.00166607
6 0.322754 0.353027 0.305664 0.291992 0.00169182
4 0.284668 0.624023 0.291992 0.314453 0.0017786
11 0.166504 0.762207 0.0986328 0.12207 0.00179482
4 0.314453 0.461426 0.320312 0.229492 0.00183868
9 0.896484 0.139648 0.0332031 0.0332031 0.00187206
11 0.286621 0.272461 0.174805 0.130859 0.00204277
13 0.783203 0.318848 0.287109 0.280273 0.00206566
7 0.30127 0.27002 0.200195 0.131836 0.0020771
10 0.275879 0.774414 0.297852 0.214844 0.00208855
8 0.717773 0.253906 0.0449219 0.0410156 0.00214195
10 0.16748 0.806152 0.102539 0.108398 0.00219536
11 0.970215 0.791504 0.0556641 0.0947266 0.00221825
11 0.366699 0.219727 0.172852 0.0820312 0.0022316
6 0.284668 0.624023 0.291992 0.314453 0.00228882
4 0.680176 0.59668 0.55957 0.339844 0.00248146
11 0.720215 0.188477 0.149414 0.0488281 0.00248528
4 0.766602 0.337891 0.289062 0.310547 0.00253677
0 0.3125 0.476562 0.349609 0.570312 0.00258446
6 0.752441 0.325195 0.307617 0.306641 0.0026207
11 0.644531 0.222168 0.126953 0.118164 0.0026226
9 0.680176 0.59668 0.55957 0.339844 0.00273705
10 0.970215 0.791504 0.0556641 0.0947266 0.00279236
9 0.825684 0.772461 0.323242 0.158203 0.00284195
9 0.55127 0.458984 0.360352 0.623047 0.00304985
8 0.244629 0.592285 0.0498047 0.0400391 0.00309753
7 0.387695 0.246094 0.21875 0.136719 0.00330734
3 0.312012 0.473633 0.356445 0.566406 0.00333214
11 0.416016 0.22998 0.164062 0.106445 0.00337982
7 0.314453 0.461426 0.320312 0.229492 0.00345039
1 0.750488 0.228027 0.280273 0.129883 0.00354958
13 0.750488 0.228027 0.280273 0.129883 0.00386047
2 0.3125 0.476562 0.349609 0.570312 0.00424957
10 0.680176 0.59668 0.55957 0.339844 0.00426102
2 0.780273 0.467285 0.392578 0.592773 0.00436401
0 0.774414 0.482422 0.398438 0.601562 0.00439453
3 0.775391 0.48291 0.392578 0.602539 0.00492096
10 0.223633 0.771484 0.205078 0.142578 0.00493622
10 0.90918 0.762695 0.175781 0.169922 0.00564957
10 0.312012 0.67334 0.352539 0.370117 0.0060463
10 0.166504 0.762207 0.0986328 0.12207 0.00630951
11 0.3125 0.476562 0.349609 0.570312 0.00632858
10 0.950684 0.794922 0.0947266 0.138672 0.00655365
7 0.750488 0.228027 0.280273 0.129883 0.00682068
7 0.346191 0.306152 0.286133 0.227539 0.00718689
7 0.82666 0.588379 0.291992 0.350586 0.0073204
11 0.76123 0.208496 0.143555 0.0830078 0.00749588
9 0.777344 0.466797 0.394531 0.597656 0.00758743
11 0.780273 0.467285 0.392578 0.592773 0.00773621
0 0.626465 0.349609 0.141602 0.130859 0.00782776
11 0.812012 0.248047 0.194336 0.150391 0.00810242
9 0.318359 0.478516 0.363281 0.5625 0.00819397
12 0.319824 0.487305 0.34668 0.595703 0.00885773
7 0.284668 0.624023 0.291992 0.314453 0.0089798
12 0.784668 0.481934 0.364258 0.602539 0.00988007
8 0.894531 0.693848 0.0507812 0.0458984 0.0109787
1 0.314941 0.477539 0.352539 0.578125 0.0132141
7 0.766602 0.337891 0.289062 0.310547 0.0137177
11 0.143555 0.785156 0.0585938 0.0996094 0.0155716
1 0.773438 0.474609 0.394531 0.609375 0.0159302
8 0.314941 0.477539 0.352539 0.578125 0.0162048
13 0.3125 0.476562 0.349609 0.570312 0.0195923
11 0.69873 0.201172 0.204102 0.0800781 0.0203094
13 0.779785 0.473633 0.389648 0.597656 0.0206757
11 0.354492 0.254395 0.269531 0.141602 0.0207062
5 0.317871 0.491211 0.34668 0.585938 0.0224457
5 0.78125 0.467773 0.384766 0.591797 0.0235443
10 0.143555 0.785156 0.0585938 0.0996094 0.0237274
8 0.775391 0.48291 0.392578 0.602539 0.0296021
10 0.320312 0.469238 0.339844 0.579102 0.0351257
10 0.78125 0.464355 0.361328 0.59082 0.0444336
6 0.78418 0.466797 0.390625 0.597656 0.0623169
6 0.314941 0.477539 0.352539 0.578125 0.0682983
3 0.652832 0.593262 0.56543 0.27832 0.0703735
11 0.746582 0.222656 0.27832 0.121094 0.0778809
4 0.316406 0.473633 0.361328 0.548828 0.116516
4 0.773438 0.474609 0.394531 0.609375 0.123108
7 0.773926 0.475586 0.389648 0.613281 0.241333
7 0.316406 0.473633 0.361328 0.548828 0.25415
