9 0.293945 0.646484 0.285156 0.142578 0.00022006
8 0.288086 0.38916 0.195312 0.157227 0.000223279
2 0.295898 0.467285 0.132812 0.19043 0.000225663
8 0.322754 0.332031 0.0244141 0.0214844 0.000226021
8 0.253418 0.22168 0.0107422 0.00976562 0.000236154
13 0.386719 0.222656 0.117188 0.220703 0.000236511
9 0.246094 0.40332 0.0996094 0.138672 0.000238299
11 0.588379 0.157227 0.0869141 0.0917969 0.000239015
7 0.297363 0.377441 0.208008 0.15332 0.000240207
9 0.374512 0.135254 0.0419922 0.0458984 0.00024271
0 0.260742 0.336426 0.152344 0.168945 0.000245333
4 0.299805 0.481934 0.0722656 0.0791016 0.000246525
8 0.362793 0.359863 0.0322266 0.0322266 0.000247478
2 0.379883 0.148926 0.0585938 0.0830078 0.000247955
10 0.821777 0.617676 0.0478516 0.0322266 0.000250816
5 0.252441 0.303711 0.104492 0.0996094 0.000253201
5 0.298828 0.264648 0.236328 0.291016 0.000253916
5 0.279785 0.462402 0.139648 0.172852 0.0002563
8 0.608887 0.59668 0.0341797 0.0488281 0.000257969
8 0.32373 0.125 0.124023 0.0664062 0.000258923
11 0.813477 0.630859 0.0878906 0.0859375 0.00026083
7 0.298828 0.280273 0.03125 0.0273438 0.000263453
1 0.820312 0.619629 0.0566406 0.0400391 0.000264168
2 0.650391 0.45459 0.0292969 0.0322266 0.000264883
2 0.25293 0.302734 0.105469 0.0996094 0.000266552
10 0.852539 0.712402 0.0449219 0.0712891 0.000267506
11 0.376953 0.117676 0.0703125 0.0263672 0.000267506
13 0.229492 0.397461 0.078125 0.0644531 0.000268698
7 0.365723 0.135254 0.0810547 0.0556641 0.000270367
13 0.400391 0.207031 0.0273438 0.0234375 0.000272036
11 0.260254 0.162109 0.139648 0.115234 0.000273228
13 0.284668 0.494141 0.0908203 0.101562 0.000273466
1 0.308105 0.139648 0.200195 0.105469 0.000273943
9 0.458496 0.371582 0.135742 0.290039 0.00027585
6 0.546875 0.574707 0.423828 0.15332 0.000277042
11 0.429199 0.152344 0.0712891 0.101562 0.000277758
0 0.515137 0.264648 0.166992 0.113281 0.000279427
12 0.19873 0.642578 0.311523 0.136719 0.000288963
8 0.821289 0.618652 0.0488281 0.0322266 0.000291109
10 0.206055 0.651855 0.369141 0.147461 0.000295639
11 0.314941 0.0952148 0.0263672 0.0185547 0.000295639
4 0.54834 0.57373 0.424805 0.15332 0.000298977
9 0.275391 0.543945 0.162109 0.183594 0.000299931
4 0.263184 0.319336 0.0810547 0.0566406 0.000300407
6 0.298828 0.264648 0.236328 0.291016 0.000300884
7 0.249023 0.60498 0.310547 0.166992 0.000301361
11 0.852539 0.712402 0.0449219 0.0712891 0.000303268
7 0.276367 0.592285 0.0761719 0.0849609 0.000307083
6 0.553223 0.286621 0.125977 0.12793 0.000309944
13 0.23291 0.402832 0.0517578 0.0400391 0.000316381
11 0.375 0.134766 0.0429688 0.0449219 0.000319719
11 0.25293 0.302734 0.105469 0.0996094 0.000324965
8 0.297852 0.270996 0.0488281 0.0478516 0.000325441
7 0.21875 0.317383 0.128906 0.130859 0.000328779
11 0.19873 0.642578 0.311523 0.136719 0.000330925
13 0.354492 0.161133 0.0527344 0.0800781 0.00033164
3 0.260742 0.336426 0.152344 0.168945 0.000332832
2 0.686523 0.0732422 0.0214844 0.0234375 0.000333309
8 0.171387 0.524902 0.0107422 0.00878906 0.000336885
13 0.344727 0.205566 0.105469 0.155273 0.000337601
13 0.834961 0.473145 0.0488281 0.0126953 0.000341415
13 0.835449 0.675781 0.0615234 0.101562 0.000341892
10 0.849609 0.698242 0.078125 0.09375 0.000343084
13 0.241211 0.561523 0.123047 0.0800781 0.000344515
8 0.361816 0.311523 0.0166016 0.0136719 0.000345945
7 0.158203 0.617676 0.169922 0.0732422 0.000347376
7 0.284668 0.531738 0.0478516 0.0380859 0.000347614
7 0.343262 0.385254 0.0947266 0.0791016 0.000347853
8 0.314453 0.0927734 0.0253906 0.0214844 0.000348091
9 0.640625 0.419922 0.132812 0.181641 0.00034833
9 0.241699 0.40332 0.0556641 0.0371094 0.000353813
13 0.19043 0.406738 0.0917969 0.0478516 0.000368834
1 0.546875 0.574707 0.423828 0.15332 0.000375509
11 0.40332 0.13623 0.101562 0.0771484 0.000375509
11 0.990234 0.0805664 0.0195312 0.0478516 0.000375509
11 0.54834 0.57373 0.424805 0.15332 0.000389814
6 0.234863 0.401367 0.0439453 0.0390625 0.000391006
7 0.546875 0.574707 0.423828 0.15332 0.00039196
4 0.245605 0.400879 0.0771484 0.0556641 0.000397682
4 0.553711 0.283203 0.126953 0.121094 0.000400305
13 0.797852 0.623535 0.132812 0.143555 0.000404119
4 0.23877 0.402832 0.0517578 0.0361328 0.000405312
8 0.54834 0.57373 0.424805 0.15332 0.000413179
13 0.274902 0.561523 0.100586 0.126953 0.000416517
13 0.220703 0.553711 0.0957031 0.0488281 0.000417233
9 0.308105 0.139648 0.200195 0.105469 0.000418663
9 0.271973 0.0522461 0.0166016 0.0126953 0.000420094
7 0.289551 0.519043 0.0927734 0.106445 0.0004282
9 0.282715 0.0478516 0.0615234 0.0742188 0.000429869
0 0.314453 0.128418 0.119141 0.0615234 0.000431776
12 0.546875 0.574707 0.423828 0.15332 0.000432253
8 0.0830078 0.623535 0.015625 0.0146484 0.000433445
11 0.295898 0.467285 0.132812 0.19043 0.000433922
12 0.260742 0.336426 0.152344 0.168945 0.000440598
2 0.907715 0.177734 0.18457 0.355469 0.000441551
2 0.54834 0.57373 0.424805 0.15332 0.00044179
9 0.297363 0.269531 0.223633 0.253906 0.000442028
11 0.849609 0.698242 0.078125 0.09375 0.000442505
8 0.633301 0.409668 0.0732422 0.147461 0.000442743
8 0.118164 0.566895 0.0117188 0.0107422 0.000456333
6 0.263672 0.324707 0.078125 0.0537109 0.000458002
8 0.341797 0.384277 0.0859375 0.0751953 0.000458717
13 0.263184 0.319336 0.0810547 0.0566406 0.000459909
13 0.380859 0.187988 0.0585938 0.0810547 0.000463724
6 0.377441 0.151855 0.0478516 0.0712891 0.000464678
13 0.783691 0.632812 0.12793 0.0664062 0.000465631
9 0.102539 0.646484 0.132812 0.109375 0.000468254
11 0.657227 0.131348 0.107422 0.0302734 0.000469923
8 0.360352 0.368164 0.0527344 0.0488281 0.000469923
13 0.546875 0.574707 0.423828 0.15332 0.00048399
7 0.553711 0.283203 0.126953 0.121094 0.000488281
13 0.769531 0.601562 0.150391 0.0878906 0.000490665
13 0.630371 0.406738 0.0771484 0.145508 0.000496387
1 0.374512 0.161621 0.0595703 0.100586 0.000499249
12 0.553223 0.286621 0.125977 0.12793 0.000503063
8 0.586426 0.382324 0.0498047 0.0439453 0.00050354
13 0.817871 0.652832 0.0888672 0.120117 0.000508785
13 0.277344 0.296875 0.189453 0.142578 0.00052166
2 0.612305 0.426758 0.0136719 0.015625 0.000525951
11 0.31543 0.0986328 0.0488281 0.0234375 0.000531673
9 0.289062 0.495117 0.0957031 0.0996094 0.00054121
8 0.287109 0.52002 0.0761719 0.0810547 0.000544071
6 0.284668 0.494141 0.0908203 0.101562 0.000545979
10 0.260742 0.336426 0.152344 0.168945 0.000547886
1 0.295898 0.467285 0.132812 0.19043 0.00054884
13 0.246094 0.40332 0.0996094 0.138672 0.000554562
9 0.313477 0.0908203 0.0253906 0.0214844 0.000562191
5 0.371094 0.181641 0.0644531 0.128906 0.000564098
9 0.184082 0.594238 0.305664 0.100586 0.000566959
11 0.293945 0.132324 0.0625 0.0361328 0.000575066
6 0.277344 0.296875 0.189453 0.142578 0.000577927
8 0.307617 0.491699 0.0449219 0.0419922 0.000585079
7 0.245605 0.400879 0.0771484 0.0556641 0.000604153
2 0.821289 0.618652 0.0488281 0.0322266 0.000605583
7 0.308105 0.48584 0.0478516 0.0478516 0.000607491
9 0.435547 0.390625 0.0371094 0.0410156 0.000608444
13 0.808105 0.625977 0.0517578 0.0253906 0.000613213
11 0.343262 0.176758 0.15332 0.162109 0.00061655
9 0.381348 0.150391 0.0498047 0.0742188 0.000619411
8 0.228516 0.391113 0.0585938 0.0478516 0.000631809
13 0.553223 0.286621 0.125977 0.12793 0.000643253
1 0.553711 0.283203 0.126953 0.121094 0.000644207
11 0.627441 0.120117 0.0830078 0.015625 0.000646591
3 0.314453 0.128418 0.119141 0.0615234 0.000662804
5 0.546875 0.574707 0.423828 0.15332 0.000674248
10 0.0415039 0.682129 0.0537109 0.108398 0.000684738
13 0.401855 0.207031 0.0361328 0.046875 0.000687599
11 0.62207 0.133789 0.123047 0.0507812 0.000696182
11 0.553711 0.283203 0.126953 0.121094 0.000696659
11 0.0415039 0.682129 0.0537109 0.108398 0.000698566
9 0.242188 0.581543 0.121094 0.0986328 0.000701427
4 0.246094 0.40332 0.0996094 0.138672 0.00070715
5 0.553223 0.286621 0.125977 0.12793 0.000709057
13 0.279785 0.462402 0.139648 0.172852 0.000716686
4 0.300293 0.469238 0.170898 0.211914 0.000721455
11 0.706055 0.139648 0.0664062 0.0449219 0.000721931
12 0.320312 0.125977 0.119141 0.0605469 0.000726223
10 0.54834 0.57373 0.424805 0.15332 0.000727654
9 0.466309 0.228027 0.12207 0.274414 0.000731468
8 0.302734 0.256348 0.0253906 0.0224609 0.000739098
6 0.821289 0.618652 0.0488281 0.0322266 0.000741482
2 0.260742 0.336426 0.152344 0.168945 0.000742435
7 0.275391 0.543945 0.162109 0.183594 0.000748158
0 0.625488 0.409668 0.116211 0.168945 0.000790119
13 0.394043 0.191895 0.0654297 0.145508 0.000793934
8 0.436035 0.390625 0.0361328 0.0429688 0.000802517
8 0.257812 0.414062 0.0253906 0.0234375 0.000807762
7 0.274902 0.561523 0.100586 0.126953 0.000831127
9 0.32373 0.125 0.124023 0.0664062 0.00086832
2 0.553711 0.283203 0.126953 0.121094 0.000870228
10 0.836426 0.67334 0.0615234 0.0966797 0.000887871
6 0.246094 0.40332 0.0996094 0.138672 0.000888348
2 0.436035 0.390625 0.0361328 0.0429688 0.000889778
11 0.321777 0.125 0.0615234 0.0390625 0.000895977
1 0.255371 0.304199 0.104492 0.0986328 0.000906944
8 0.553711 0.283203 0.126953 0.121094 0.000907898
13 0.372559 0.128418 0.0869141 0.0439453 0.000927448
7 0.299805 0.492676 0.0722656 0.0693359 0.000935078
9 0.305176 0.0380859 0.0810547 0.0644531 0.000972748
13 0.193359 0.407227 0.0664062 0.0292969 0.000992775
9 0.371094 0.181641 0.0644531 0.128906 0.00106335
7 0.235352 0.402344 0.0488281 0.0390625 0.00107479
7 0.370117 0.172852 0.0605469 0.111328 0.00108051
8 0.611816 0.427734 0.0166016 0.0136719 0.00108051
13 0.311523 0.213379 0.201172 0.213867 0.00108242
9 0.821289 0.618652 0.0488281 0.0322266 0.00109386
0 0.48877 0.399414 0.237305 0.447266 0.00111389
11 0.64502 0.124512 0.0732422 0.0166016 0.00111389
7 0.374512 0.141113 0.0419922 0.0517578 0.00112343
9 0.45459 0.785156 0.196289 0.429688 0.00115776
7 0.297363 0.269531 0.223633 0.253906 0.0011673
7 0.820312 0.619629 0.0566406 0.0400391 0.00117493
11 0.421387 0.122559 0.0693359 0.0400391 0.00119209
7 0.320312 0.125977 0.119141 0.0605469 0.00119495
9 0.255859 0.336914 0.146484 0.167969 0.00119781
13 0.82959 0.605957 0.0615234 0.0517578 0.00122929
8 0.310547 0.45459 0.164062 0.225586 0.00124454
11 0.378906 0.158691 0.0507812 0.0908203 0.00125599
0 0.54834 0.57373 0.424805 0.15332 0.00127506
5 0.260742 0.336426 0.152344 0.168945 0.00127983
9 0.54834 0.572754 0.422852 0.157227 0.00129795
11 0.821777 0.617676 0.0478516 0.0322266 0.00132847
11 0.584473 0.142578 0.0595703 0.0449219 0.00133801
8 0.686523 0.0732422 0.0214844 0.0234375 0.00143814
9 0.295898 0.467285 0.132812 0.19043 0.00154018
7 0.246094 0.40332 0.0996094 0.138672 0.00156212
9 0.263672 0.610352 0.150391 0.107422 0.00157642
8 0.257812 0.325195 0.0820312 0.0527344 0.00158119
10 0.553711 0.283203 0.126953 0.121094 0.0016613
13 0.828613 0.633301 0.0595703 0.0634766 0.00166702
9 0.13916 0.635254 0.143555 0.0771484 0.00169754
2 0.32373 0.125 0.124023 0.0664062 0.00174904
13 0.249023 0.346191 0.140625 0.172852 0.00176907
8 0.242676 0.405273 0.0810547 0.0664062 0.00179672
11 0.260742 0.336426 0.152344 0.168945 0.00182152
13 0.337402 0.162598 0.15918 0.131836 0.00185204
2 0.371094 0.181641 0.0644531 0.128906 0.0020237
7 0.263184 0.319336 0.0810547 0.0566406 0.00205994
8 0.284668 0.531738 0.0478516 0.0380859 0.0020752
8 0.299805 0.280762 0.0332031 0.0244141 0.00214386
13 0.319824 0.133301 0.129883 0.0712891 0.00216103
9 0.480957 0.435547 0.24707 0.550781 0.00222778
10 0.0454102 0.682617 0.0361328 0.0625 0.0022831
6 0.279785 0.462402 0.139648 0.172852 0.00234795
9 0.54248 0.294922 0.143555 0.144531 0.00237656
11 0.0454102 0.683105 0.0361328 0.0654297 0.00237846
9 0.267578 0.595703 0.0800781 0.078125 0.00240135
9 0.249023 0.60498 0.310547 0.166992 0.00240517
11 0.835449 0.675781 0.0615234 0.101562 0.00248337
11 0.384766 0.122559 0.113281 0.0419922 0.00251389
9 0.213379 0.675781 0.354492 0.183594 0.00254631
1 0.260742 0.336426 0.152344 0.168945 0.00255203
7 0.185059 0.627441 0.270508 0.110352 0.00258827
11 0.341309 0.11377 0.0751953 0.0322266 0.00259018
9 0.300293 0.0297852 0.0341797 0.0302734 0.00266075
3 0.551758 0.280273 0.130859 0.117188 0.00269508
2 0.631836 0.408691 0.0742188 0.141602 0.00273132
6 0.371094 0.181641 0.0644531 0.128906 0.00287437
13 0.353027 0.148438 0.100586 0.0878906 0.00290298
13 0.907715 0.177734 0.18457 0.355469 0.00298882
9 0.631836 0.408691 0.0742188 0.141602 0.00304413
3 0.280762 0.394531 0.21582 0.302734 0.00312233
0 0.280762 0.394531 0.21582 0.302734 0.00314522
10 0.320312 0.125977 0.119141 0.0605469 0.00315285
9 0.163086 0.613281 0.181641 0.0820312 0.00323296
7 0.310059 0.45459 0.165039 0.225586 0.00348854
0 0.51123 0.320801 0.206055 0.204102 0.00375748
2 0.280762 0.394531 0.21582 0.302734 0.0037899
9 0.687012 0.0732422 0.0205078 0.0234375 0.0039978
11 0.365723 0.135254 0.0810547 0.0556641 0.00407028
13 0.255371 0.304199 0.104492 0.0986328 0.00407791
6 0.256836 0.303711 0.0996094 0.09375 0.00439072
12 0.280762 0.394531 0.21582 0.302734 0.00445938
9 0.483398 0.307129 0.212891 0.241211 0.00448227
13 0.788574 0.613281 0.112305 0.0488281 0.00458527
4 0.286133 0.47998 0.113281 0.12793 0.00462341
0 0.570312 0.266113 0.0898438 0.0849609 0.004776
1 0.320312 0.125977 0.119141 0.0605469 0.00493622
8 0.30127 0.492188 0.0673828 0.0664062 0.0050354
9 0.25293 0.302734 0.105469 0.0996094 0.00531387
13 0.378906 0.134766 0.0429688 0.046875 0.00535583
11 0.280762 0.394531 0.21582 0.302734 0.00553894
11 0.287109 0.137695 0.113281 0.0527344 0.00623703
11 0.363281 0.164551 0.0742188 0.12207 0.00696182
8 0.260742 0.336426 0.152344 0.168945 0.00745773
10 0.282715 0.39502 0.21582 0.307617 0.00804138
11 0.37793 0.111328 0.109375 0.0214844 0.00931549
6 0.246094 0.337891 0.128906 0.158203 0.00983429
11 0.308105 0.139648 0.200195 0.105469 0.0102692
1 0.274414 0.398926 0.191406 0.303711 0.0103531
9 0.272461 0.399414 0.1875 0.304688 0.0104523
8 0.286133 0.47998 0.113281 0.12793 0.0106812
4 0.255371 0.303711 0.106445 0.0996094 0.0109024
13 0.80957 0.628418 0.0722656 0.0439453 0.0111313
10 0.84375 0.696777 0.0449219 0.0634766 0.011673
13 0.811523 0.619141 0.09375 0.078125 0.0120926
5 0.269531 0.409668 0.183594 0.301758 0.0129623
8 0.246094 0.40332 0.0996094 0.138672 0.013176
11 0.62207 0.126465 0.0957031 0.0224609 0.0133057
11 0.597656 0.132324 0.0742188 0.0361328 0.0166016
11 0.84375 0.696777 0.0449219 0.0654297 0.0166779
8 0.255371 0.303711 0.106445 0.0996094 0.0171814
4 0.260742 0.336426 0.152344 0.168945 0.0172424
7 0.286133 0.47998 0.113281 0.12793 0.0173798
8 0.241211 0.40332 0.0546875 0.0371094 0.02565
13 0.275879 0.398926 0.19043 0.301758 0.0290222
11 0.348145 0.118164 0.125977 0.0449219 0.0290985
8 0.269043 0.398438 0.198242 0.302734 0.0331116
13 0.377441 0.159668 0.0478516 0.0869141 0.0413818
9 0.177734 0.633301 0.28125 0.114258 0.0438843
7 0.25293 0.302734 0.105469 0.0996094 0.0666504
4 0.278809 0.392578 0.208008 0.304688 0.0786743
7 0.260742 0.336426 0.152344 0.168945 0.0803833
6 0.275879 0.398926 0.19043 0.301758 0.115479
13 0.821289 0.618652 0.0488281 0.0322266 0.165894
13 0.370605 0.18457 0.0712891 0.132812 0.188843
7 0.272461 0.399414 0.185547 0.308594 0.201294
11 0.317383 0.12793 0.121094 0.0605469 0.310303
3 0.546875 0.574707 0.423828 0.15332 0.436768
0 0.552734 0.287598 0.126953 0.133789 0.501465
