9 0.873535 0.210938 0.245117 0.412109 0.000100255
9 0.153809 0.63916 0.0888672 0.108398 0.00010097
13 0.78418 0.111816 0.410156 0.223633 0.000101209
6 0.797852 0.046875 0.404297 0.09375 0.000101388
5 0.21582 0.583008 0.107422 0.0644531 0.000101924
6 0.21582 0.583008 0.107422 0.0644531 0.000103891
7 0.17041 0.619141 0.108398 0.09375 0.000103951
10 0.762695 0.699219 0.0449219 0.0644531 0.000104129
11 0.762695 0.699219 0.0449219 0.0644531 0.000104904
9 0.216797 0.591309 0.111328 0.0517578 0.000105441
11 0.391113 0.15918 0.0537109 0.0390625 0.000105977
8 0.754395 0.22998 0.0341797 0.0244141 0.000106215
10 0.115234 0.689453 0.230469 0.621094 0.000106633
8 0.242676 0.0385742 0.424805 0.0771484 0.00010699
7 0.757812 0.232422 0.0195312 0.015625 0.000107765
10 0.466309 0.380859 0.206055 0.15625 0.000107825
13 0.550781 0.289551 0.0742188 0.0283203 0.000108004
9 0.455566 0.0932617 0.319336 0.186523 0.000108063
6 0.242676 0.0385742 0.424805 0.0771484 0.000109315
9 0.443359 0.300781 0.134766 0.294922 0.000110328
2 0.774414 0.0830078 0.373047 0.166016 0.000110388
8 0.398438 0.019043 0.132812 0.0380859 0.000110507
2 0.362305 0.00927734 0.105469 0.0185547 0.000111103
9 0.661133 0.500488 0.236328 0.391602 0.000112116
6 0.185059 0.604004 0.120117 0.0888672 0.000112891
11 0.97168 0.989746 0.0566406 0.0205078 0.00011301
8 0.183594 0.442383 0.0117188 0.00976562 0.000113368
8 0.78418 0.111816 0.410156 0.223633 0.000113428
9 0.652344 0.73877 0.0761719 0.0771484 0.000115395
5 0.189941 0.595215 0.0966797 0.0634766 0.00011605
5 0.142578 0.648438 0.0566406 0.0664062 0.000116229
5 0.466309 0.380859 0.206055 0.15625 0.000117481
5 0.16748 0.602539 0.120117 0.15625 0.000118077
13 0.665039 0.611328 0.101562 0.126953 0.000118136
9 0.14209 0.648438 0.0556641 0.0625 0.000118613
13 0.449219 0.0429688 0.275391 0.0859375 0.000119686
2 0.797852 0.046875 0.404297 0.09375 0.000119746
9 0.185059 0.604004 0.120117 0.0888672 0.000121415
0 0.449219 0.312012 0.132812 0.143555 0.000123382
2 0.347656 0.0102539 0.0292969 0.0185547 0.000123501
13 0.631348 0.630859 0.129883 0.09375 0.000124574
9 0.930664 0.109863 0.138672 0.209961 0.000124931
1 0.242676 0.0385742 0.424805 0.0771484 0.000127435
9 0.408203 0.221191 0.0585938 0.141602 0.000128746
9 0.674316 0.637207 0.0810547 0.0888672 0.00012958
4 0.242676 0.0385742 0.424805 0.0771484 0.000129938
8 0.391113 0.382812 0.0439453 0.0507812 0.000130773
13 0.242676 0.0385742 0.424805 0.0771484 0.000131369
11 0.32959 0.173828 0.133789 0.0722656 0.000132561
3 0.438477 1 0.369141 0 0.000132918
8 0.347656 0.0102539 0.0292969 0.0185547 0.000133276
0 0.449219 0.0429688 0.275391 0.0859375 0.000135422
13 0.755371 0.230957 0.0244141 0.0205078 0.000136852
9 0.27832 0.598633 0.015625 0.0136719 0.000137806
9 0.21582 0.591309 0.197266 0.161133 0.000139117
2 0.324707 0.486328 0.0185547 0.015625 0.000139475
13 0.200684 0.613281 0.186523 0.162109 0.000140548
13 0.337402 0.581543 0.0498047 0.0458984 0.000141144
13 0.895996 0.958984 0.170898 0.0800781 0.000143051
11 0.534668 0.182129 0.0732422 0.0595703 0.000143051
11 0.665527 0.205566 0.0654297 0.0595703 0.000143528
3 0.107422 0.732422 0.214844 0.535156 0.000146031
2 0.27832 0.598633 0.015625 0.0136719 0.000147104
11 0.774414 0.749023 0.0351562 0.103516 0.000150442
10 0.110352 0.713379 0.0214844 0.0283203 0.000152826
7 0.890625 0.95752 0.166016 0.0849609 0.000155687
9 0.876465 0.725586 0.24707 0.548828 0.000155807
11 0.554199 0.15918 0.0595703 0.0175781 0.000162005
2 0.242676 0.0385742 0.424805 0.0771484 0.000163436
2 0.494141 0.321289 0.0371094 0.0371094 0.00016737
0 0.403809 1 0.362305 0 0.000172257
11 0.242676 0.0385742 0.424805 0.0771484 0.000174046
13 0.63623 0.636719 0.0654297 0.0703125 0.000178576
8 0.902344 0.958496 0.148438 0.0830078 0.000181079
9 0.402344 0.601562 0.191406 0.214844 0.000182986
9 0.397461 0.381348 0.0566406 0.0654297 0.000183344
10 0.78418 0.114258 0.431641 0.228516 0.000183344
2 0.462402 0.425781 0.0283203 0.0292969 0.000184655
5 0.199219 0.607422 0.162109 0.0859375 0.000185609
11 0.449219 0.0429688 0.275391 0.0859375 0.000187635
5 0.25 0.458008 0.238281 0.345703 0.000188589
6 0.512207 0.358887 0.104492 0.110352 0.000190973
8 0.462891 0.426758 0.0234375 0.0253906 0.000193477
11 0.110352 0.713379 0.0214844 0.0283203 0.000195861
4 0.512207 0.358887 0.104492 0.110352 0.000198603
7 0.674316 0.637207 0.0810547 0.0888672 0.000200868
7 0.229492 0.543945 0.199219 0.201172 0.00020206
9 0.416016 0.398438 0.103516 0.166016 0.000203967
2 0.464844 0.317383 0.0214844 0.0234375 0.000211358
2 0.393066 0.373047 0.0302734 0.03125 0.000212073
11 0.780762 0.990234 0.131836 0.0195312 0.000214338
3 0.458008 0.375488 0.212891 0.151367 0.000214696
9 0.437988 0.481934 0.208008 0.446289 0.000214934
9 0.935547 0.757812 0.125 0.484375 0.00021565
11 0.387207 0.172363 0.0693359 0.0576172 0.000216126
11 0.217285 0.207031 0.0693359 0.0546875 0.000217676
11 0.895996 0.958984 0.170898 0.0800781 0.000219107
11 0.63623 0.188965 0.0908203 0.0673828 0.000219345
2 0.902344 0.958496 0.150391 0.0830078 0.000221729
8 0.324707 0.487305 0.0185547 0.015625 0.000230432
5 0.213867 0.646484 0.226562 0.146484 0.000234008
13 0.160645 0.634766 0.0966797 0.09375 0.000244141
9 0.407715 0.24707 0.0537109 0.0605469 0.00024724
2 0.482422 0.0395508 0.169922 0.0791016 0.000247717
9 0.172363 0.948242 0.0810547 0.103516 0.000247717
9 0.413574 0.0249023 0.18457 0.0498047 0.000247717
13 0.168945 0.486328 0.0566406 0.0273438 0.000248671
9 0.783691 0.260254 0.432617 0.520508 0.000253677
11 0.383301 0.145996 0.0498047 0.0185547 0.000254869
2 0.436523 0.0253906 0.224609 0.0507812 0.000255823
9 0.935547 0.212402 0.128906 0.34668 0.0002563
9 0.224609 0.523438 0.185547 0.21875 0.000258446
3 0.899414 0.953613 0.177734 0.0927734 0.000258684
5 0.153809 0.63916 0.0888672 0.108398 0.000259399
7 0.512207 0.358887 0.104492 0.110352 0.000259876
0 0.880859 0.708984 0.238281 0.470703 0.000260592
9 0.912109 0.942871 0.105469 0.0517578 0.000272989
12 0.512207 0.358887 0.104492 0.110352 0.000277758
13 0.467773 0.36084 0.199219 0.116211 0.000280142
0 0.476074 0.328613 0.143555 0.0751953 0.000282526
11 0.318848 0.147949 0.100586 0.0185547 0.000283241
9 0.0644531 0.745605 0.128906 0.508789 0.000291348
11 0.586914 0.159668 0.0507812 0.0185547 0.000291586
9 0.462402 0.425781 0.0263672 0.0273438 0.000292778
0 0.464844 0.424805 0.0332031 0.0292969 0.000303507
13 0.696289 0.626953 0.0410156 0.0527344 0.000303507
11 0.584961 0.174805 0.119141 0.0566406 0.000309706
13 0.137695 0.643555 0.0449219 0.0449219 0.000312567
11 0.257324 0.174316 0.0830078 0.0498047 0.000319242
11 0.567383 0.162598 0.0605469 0.0146484 0.000354052
10 0.181641 0.163086 0.363281 0.326172 0.000359535
11 0.541504 0.164062 0.0537109 0.0234375 0.000359535
9 0.493164 0.0297852 0.148438 0.0595703 0.000368118
9 0.756348 0.231934 0.0224609 0.0185547 0.000374079
13 0.701172 0.520996 0.109375 0.0400391 0.000378609
10 0.802734 0.059082 0.394531 0.118164 0.000381708
13 0.182129 0.598633 0.0615234 0.0332031 0.0003829
1 0.512207 0.358887 0.104492 0.110352 0.000388145
9 0.89209 0.902344 0.208008 0.195312 0.000390291
0 0.520508 0.397461 0.134766 0.193359 0.00041008
8 0.512207 0.358887 0.104492 0.110352 0.00041461
5 0.212891 0.56543 0.144531 0.109375 0.000420809
0 0.415039 0.397461 0.107422 0.142578 0.000439405
5 0.512207 0.358887 0.104492 0.110352 0.000446558
9 0.396484 0.373047 0.0371094 0.0371094 0.000452757
8 0.287109 0.441895 0.0195312 0.0126953 0.000455141
11 0.512207 0.358887 0.104492 0.110352 0.000471354
13 0.679688 0.628418 0.0683594 0.0751953 0.000472546
11 0.342285 0.154785 0.0693359 0.0166016 0.00049305
0 0.516113 0.341797 0.0634766 0.0683594 0.000494003
3 0.51123 0.65918 0.374023 0.121094 0.000511646
2 0.484375 0.361816 0.160156 0.125977 0.000529289
13 0.225098 0.572754 0.163086 0.110352 0.00053072
11 0.636719 0.186035 0.0625 0.0419922 0.00054121
9 0.228027 0.683105 0.25293 0.147461 0.000562668
2 0.493652 0.329102 0.0595703 0.0546875 0.000563622
11 0.351562 0.14502 0.0957031 0.0205078 0.000564575
11 0.361328 0.160156 0.107422 0.0449219 0.000583649
11 0.665039 0.157715 0.0566406 0.0361328 0.000655651
10 0.512207 0.358887 0.104492 0.110352 0.000669956
11 0.305664 0.154785 0.0722656 0.0224609 0.000721455
12 0.895996 0.958984 0.170898 0.0800781 0.000746727
9 0.427734 0.433594 0.140625 0.279297 0.000797749
10 0.771484 0.712402 0.0371094 0.0537109 0.000839233
11 0.597656 0.164551 0.0664062 0.0302734 0.000867367
13 0.199219 0.587891 0.0507812 0.0390625 0.000895023
5 0.21582 0.540527 0.183594 0.192383 0.000971317
11 0.772461 0.712891 0.0371094 0.0625 0.00100613
7 0.513184 0.60791 0.397461 0.161133 0.00105858
13 0.511719 0.344727 0.107422 0.0839844 0.00106525
9 0.512207 0.358887 0.104492 0.110352 0.00107098
3 0.512207 0.358887 0.104492 0.110352 0.0011549
1 0.513184 0.60791 0.397461 0.161133 0.0011673
12 0.513184 0.60791 0.397461 0.161133 0.00117207
11 0.513184 0.60791 0.397461 0.161133 0.00117207
0 0.453613 0.420898 0.204102 0.263672 0.00120544
9 0.453125 0.0463867 0.269531 0.0927734 0.00126076
8 0.513184 0.60791 0.397461 0.161133 0.00127697
4 0.513184 0.60791 0.397461 0.161133 0.00129604
6 0.513184 0.60791 0.397461 0.161133 0.00132179
2 0.513184 0.60791 0.397461 0.161133 0.00133705
13 0.513184 0.60791 0.397461 0.161133 0.00137424
11 0.527832 0.181641 0.0498047 0.0371094 0.00152969
9 0.462402 0.37793 0.200195 0.162109 0.00158978
11 0.305176 0.161621 0.12793 0.0439453 0.00159073
2 0.393555 0.379395 0.0449219 0.0478516 0.0015974
11 0.623047 0.177246 0.0742188 0.0361328 0.00165081
13 0.227051 0.583496 0.124023 0.0595703 0.00174809
5 0.513184 0.60791 0.397461 0.161133 0.00185299
11 0.559082 0.170898 0.102539 0.0292969 0.00187492
11 0.375 0.150391 0.0800781 0.0273438 0.00196838
9 0.89209 0.958008 0.176758 0.0839844 0.00197029
8 0.27832 0.598633 0.015625 0.0136719 0.0020256
9 0.513184 0.60791 0.397461 0.161133 0.00209808
8 0.757812 0.232422 0.0195312 0.015625 0.00214195
2 0.511719 0.343262 0.107422 0.0810547 0.00228119
10 0.513184 0.60791 0.397461 0.161133 0.00262833
0 0.512207 0.611328 0.401367 0.162109 0.00268936
13 0.185059 0.604004 0.120117 0.0888672 0.0029335
11 0.595703 0.172363 0.101562 0.0302734 0.0043335
13 0.67627 0.525879 0.0771484 0.0263672 0.00439835
11 0.271973 0.163574 0.0791016 0.0341797 0.00512314
13 0.200684 0.593262 0.0888672 0.0458984 0.00631332
11 0.333496 0.154785 0.141602 0.0263672 0.00641632
11 0.575684 0.162109 0.0927734 0.0214844 0.00801849
0 0.467773 0.36084 0.195312 0.125977 0.0635376
0 0.512207 0.350098 0.104492 0.0927734 0.414062
3 0.513672 0.610352 0.400391 0.138672 0.716797
