3 0.21582 0.0839844 0.431641 0.167969 0.000100613
9 0.602051 0.194336 0.0986328 0.162109 0.000102043
9 0.41748 0.589844 0.116211 0.169922 0.000102103
9 0.518066 0.9375 0.172852 0.123047 0.000102341
11 0.366699 0.15625 0.182617 0.0449219 0.000102878
5 0.273438 0.581055 0.164062 0.0976562 0.000102878
10 0.890625 0.694824 0.0410156 0.12207 0.000103116
11 0.345215 0.616211 0.0556641 0.0527344 0.000103533
9 0.943359 0.198242 0.0839844 0.0761719 0.000103772
6 0.700684 0.336914 0.125977 0.193359 0.000104725
12 0.247559 0.0737305 0.495117 0.147461 0.000105083
11 0.658203 0.125488 0.0859375 0.0166016 0.000105977
11 0.701172 0.290527 0.0917969 0.178711 0.000106931
9 0.513184 0.278809 0.157227 0.307617 0.000107229
9 0.79248 0.166504 0.40918 0.333008 0.0001086
0 0.583984 0.963867 0.183594 0.0722656 0.000109375
7 0.958496 0.0771484 0.0830078 0.154297 0.000110149
3 0.181641 0.10791 0.363281 0.21582 0.000110865
9 0.820801 0.455566 0.0927734 0.0283203 0.000111461
5 0.958496 0.0771484 0.0830078 0.154297 0.000112236
3 0.985352 0.500977 0.0292969 0.392578 0.000113904
9 0.245605 0.689941 0.264648 0.143555 0.000114441
9 0.463379 0.98877 0.0361328 0.0224609 0.000115037
9 0.885254 0.107422 0.223633 0.214844 0.000115097
13 0.354492 0.294434 0.115234 0.116211 0.000116289
13 0.800293 0.460449 0.0517578 0.0244141 0.000116885
8 0.957031 0.344238 0.03125 0.0341797 0.000120163
5 0.252441 0.437012 0.141602 0.116211 0.00012207
13 0.663086 0.304199 0.0976562 0.137695 0.00012219
8 0.384277 0.53125 0.0185547 0.0175781 0.000122786
11 0.421875 0.116211 0.0703125 0.0234375 0.000123024
8 0.576172 0.608887 0.398438 0.133789 0.000124812
13 0.679688 0.222168 0.0351562 0.0576172 0.000125766
10 0.869141 0.952148 0.197266 0.09375 0.000126719
9 0.975098 0.0771484 0.0498047 0.154297 0.000127912
11 0.830566 0.272949 0.0732422 0.0361328 0.000128269
13 0.790039 0.484863 0.175781 0.268555 0.0001297
13 0.669922 0.375488 0.0761719 0.145508 0.000129819
13 0.307617 0.421387 0.166016 0.0908203 0.000130534
7 0.576172 0.608887 0.398438 0.133789 0.000130773
2 0.134277 0.525391 0.0302734 0.0371094 0.000131369
9 0.696777 0.260742 0.0517578 0.121094 0.000131726
11 0.432129 0.140625 0.0634766 0.0253906 0.000132322
11 0.380371 0.127441 0.120117 0.0380859 0.00013268
6 0.311523 0.558594 0.136719 0.126953 0.000133038
13 0.762207 0.349121 0.141602 0.125977 0.000133395
9 0.0644531 0.0849609 0.123047 0.164062 0.000133753
13 0.836914 0.445801 0.0957031 0.0244141 0.000134468
3 0.0708008 0.875977 0.141602 0.248047 0.000135183
5 0.769531 0.345215 0.189453 0.206055 0.000137091
3 0.77832 0.458984 0.263672 0.439453 0.000137806
8 0.724609 0.561523 0.03125 0.0234375 0.000138402
13 0.812012 0.307129 0.0888672 0.102539 0.000141382
1 0.576172 0.608887 0.398438 0.133789 0.000145912
11 0.419922 0.129395 0.078125 0.0185547 0.000147581
13 0.791016 0.307129 0.0566406 0.0595703 0.00014782
8 0.819336 0.339844 0.0117188 0.0117188 0.000152946
5 0.821289 0.60791 0.126953 0.168945 0.000154734
6 0.77832 0.458984 0.263672 0.439453 0.000154972
13 0.576172 0.608887 0.398438 0.133789 0.000155807
10 0.791504 0.983398 0.172852 0.03125 0.000156045
5 0.701172 0.290527 0.0917969 0.178711 0.000157714
9 0.30957 0.553223 0.134766 0.141602 0.000157833
11 0.682129 0.129883 0.120117 0.03125 0.000163555
2 0.695801 0.271973 0.0537109 0.125977 0.00016439
8 0.645996 0.315918 0.0126953 0.0107422 0.000166655
9 0.73291 0.338379 0.168945 0.200195 0.000169516
13 0.698242 0.231934 0.0644531 0.0947266 0.000171661
9 0.575684 0.988281 0.0517578 0.0234375 0.000174403
2 0.576172 0.608887 0.398438 0.133789 0.000175238
13 0.710449 0.270996 0.0576172 0.0771484 0.000181913
13 0.687012 0.229004 0.0244141 0.0419922 0.000184894
13 0.400391 0.22998 0.0605469 0.161133 0.000186563
13 0.792969 0.444824 0.111328 0.0673828 0.000187397
12 0.204102 0.156738 0.408203 0.313477 0.000192523
13 0.378906 0.344727 0.0546875 0.0664062 0.000197768
9 0.205078 0.101074 0.410156 0.202148 0.000201464
11 0.436035 0.149414 0.0556641 0.0253906 0.000203729
11 0.677734 0.121582 0.0878906 0.0263672 0.000206828
8 0.281738 0.319824 0.0126953 0.0126953 0.000207067
11 0.576172 0.608887 0.398438 0.133789 0.000208139
11 0.669434 0.116699 0.0576172 0.0185547 0.000208378
10 0.86084 0.989258 0.0615234 0.0195312 0.000209928
8 0.673828 0.541016 0.046875 0.0410156 0.000212312
3 0.580078 0.661133 0.398438 0.125 0.000213265
5 0.577637 0.601562 0.405273 0.160156 0.000213623
7 0.311523 0.558594 0.136719 0.126953 0.000217438
9 0.337402 0.627441 0.0517578 0.0244141 0.000217676
8 0.416504 0.600098 0.0478516 0.0439453 0.000220418
10 0.848145 0.967773 0.0947266 0.0644531 0.000224829
12 0.576172 0.608887 0.398438 0.133789 0.000224948
9 0.773438 0.0742188 0.113281 0.109375 0.000225425
10 0.577637 0.601562 0.405273 0.160156 0.000226378
8 0.77002 0.574219 0.0224609 0.015625 0.000228643
9 0.560059 0.361328 0.137695 0.136719 0.000228763
11 0.642578 0.143555 0.103516 0.0332031 0.000231028
9 0.271973 0.507324 0.194336 0.239258 0.00023222
5 0.782715 0.470215 0.118164 0.0888672 0.000232816
9 0.506836 0.476074 0.191406 0.479492 0.00024116
9 0.277832 0.442871 0.333008 0.448242 0.000241637
11 0.86084 0.989258 0.0615234 0.0195312 0.000248432
13 0.676758 0.242676 0.0625 0.0908203 0.000258446
9 0.933594 0.081543 0.132812 0.163086 0.00026083
0 0.576172 0.608887 0.398438 0.133789 0.000267029
11 0.268066 0.176758 0.0810547 0.0625 0.000275135
13 0.847168 0.44873 0.0537109 0.0185547 0.000293016
13 0.854004 0.56543 0.0732422 0.0273438 0.000296831
11 0.311035 0.152344 0.0595703 0.0371094 0.0002985
13 0.782227 0.47168 0.123047 0.0878906 0.000302315
11 0.852051 0.980469 0.0751953 0.0390625 0.000304222
6 0.695312 0.291504 0.0820312 0.165039 0.000323057
11 0.89209 0.683105 0.0419922 0.135742 0.000331402
9 0.828125 0.272949 0.0664062 0.0380859 0.000349283
13 0.385254 0.327148 0.0732422 0.119141 0.00034976
9 0.81543 0.510254 0.167969 0.297852 0.000351906
12 0.789062 0.0585938 0.421875 0.117188 0.000385523
9 0.695312 0.291504 0.0820312 0.165039 0.000387669
11 0.748535 0.155273 0.0869141 0.0507812 0.000391483
10 0.789062 0.958984 0.244141 0.0800781 0.000401735
9 0.34375 0.625 0.0273438 0.0195312 0.000403881
8 0.644043 0.32959 0.0107422 0.00878906 0.000410795
9 0.0302734 0.0776367 0.0605469 0.155273 0.00041604
13 0.811523 0.45459 0.0488281 0.0185547 0.00042057
13 0.729004 0.291504 0.100586 0.102539 0.000436306
13 0.791504 0.449707 0.0771484 0.0302734 0.000452995
5 0.817871 0.450195 0.147461 0.21875 0.000455379
10 0.851074 0.981934 0.0732422 0.0341797 0.000477314
5 0.277832 0.442871 0.333008 0.448242 0.000480413
11 0.614746 0.147461 0.0556641 0.03125 0.000482798
2 0.701172 0.290527 0.0917969 0.178711 0.000493526
8 0.202637 0.361328 0.0341797 0.0371094 0.000500679
11 0.388672 0.128906 0.101562 0.015625 0.000511169
11 0.34668 0.618652 0.0351562 0.0341797 0.000520229
10 0.888184 0.728516 0.0419922 0.0664062 0.000522614
13 0.697754 0.283203 0.0380859 0.0683594 0.000567436
13 0.748047 0.371582 0.199219 0.323242 0.000574589
5 0.30957 0.553223 0.134766 0.141602 0.000633717
11 0.368164 0.140137 0.162109 0.0341797 0.000641346
13 0.845215 0.659668 0.0556641 0.0419922 0.000666142
13 0.86377 0.562988 0.0419922 0.0185547 0.000669479
11 0.339355 0.626465 0.0419922 0.0263672 0.000670433
13 0.680176 0.334473 0.0537109 0.0966797 0.000687599
13 0.694824 0.303711 0.0517578 0.0859375 0.000713825
11 0.889648 0.727539 0.0429688 0.0820312 0.000718594
10 0.116211 0.736816 0.0371094 0.0576172 0.000724316
9 0.577148 0.603027 0.404297 0.143555 0.000741482
0 0.531738 0.375 0.18457 0.166016 0.000743389
11 0.115234 0.736816 0.0371094 0.0615234 0.00077343
3 0.793457 0.0820312 0.413086 0.164062 0.000781536
11 0.651855 0.119141 0.0693359 0.015625 0.000794411
9 0.77832 0.458984 0.263672 0.439453 0.00094986
13 0.765137 0.304199 0.18457 0.116211 0.00104523
9 0.520996 0.387207 0.200195 0.237305 0.00105667
13 0.687988 0.236328 0.0341797 0.0664062 0.00133514
5 0.270996 0.509766 0.202148 0.246094 0.00134659
11 0.40625 0.133789 0.109375 0.03125 0.00137234
8 0.740723 0.530762 0.0283203 0.0283203 0.00141907
13 0.819336 0.279785 0.09375 0.0595703 0.00158787
13 0.796387 0.460938 0.0947266 0.0351562 0.0016098
13 0.715332 0.260254 0.0966797 0.118164 0.00181007
11 0.404785 0.123047 0.102539 0.0234375 0.00181103
5 0.817871 0.541992 0.155273 0.269531 0.00227356
11 0.286621 0.163086 0.0751953 0.0527344 0.00254059
13 0.385742 0.279297 0.0683594 0.140625 0.00260544
11 0.405273 0.148438 0.107422 0.0332031 0.00264931
8 0.779785 0.439453 0.0224609 0.015625 0.00296402
9 0.788574 0.0673828 0.418945 0.134766 0.00331688
13 0.828125 0.272461 0.0683594 0.0371094 0.00442505
13 0.719238 0.30127 0.151367 0.202148 0.00457382
11 0.34375 0.625 0.0273438 0.0195312 0.00486755
3 0.174316 0.0708008 0.348633 0.141602 0.00528717
0 0.563965 0.345703 0.125977 0.105469 0.00704193
13 0.683594 0.335449 0.0703125 0.163086 0.00716782
5 0.779785 0.459961 0.25293 0.429688 0.00773621
13 0.694336 0.266113 0.0449219 0.12793 0.00818634
13 0.823242 0.453613 0.09375 0.0263672 0.00926208
11 0.77002 0.164062 0.0595703 0.0429688 0.0106659
13 0.695312 0.291504 0.0820312 0.165039 0.0484314
3 0.576172 0.609863 0.404297 0.131836 0.182861
