7 0.797363 0.439941 0.0341797 0.0322266 0.000377655
8 0.784668 0.274902 0.0283203 0.0244141 0.000386
6 0.770996 0.266602 0.0517578 0.0683594 0.000386
7 0.414062 0.373047 0.0839844 0.0878906 0.000387907
13 0.331055 0.335449 0.0488281 0.0380859 0.000387907
9 0.381348 0.575684 0.0654297 0.0615234 0.000388145
1 0.78125 0.566406 0.121094 0.154297 0.000388384
11 0.759277 0.628906 0.22168 0.117188 0.000389814
11 0.742676 0.155762 0.0634766 0.0654297 0.00039053
8 0.669922 0.395508 0.015625 0.015625 0.000391483
5 0.772461 0.51123 0.146484 0.274414 0.000393867
12 0.791504 0.61084 0.0927734 0.0634766 0.000395536
9 0.531738 0.43457 0.163086 0.46875 0.000396729
0 0.625977 0.301758 0.169922 0.150391 0.000396967
9 0.731445 0.270996 0.121094 0.141602 0.000400782
9 0.714844 0.583984 0.248047 0.171875 0.000401258
4 0.398926 0.380859 0.0537109 0.0527344 0.000401497
11 0.394531 0.157227 0.134766 0.0410156 0.000402927
11 0.296387 0.334961 0.0947266 0.162109 0.000409603
11 0.643555 0.128418 0.0605469 0.0205078 0.000409842
9 0.453613 0.306641 0.0654297 0.144531 0.000410795
9 0.836426 0.63623 0.0810547 0.102539 0.000414133
13 0.782227 0.5625 0.144531 0.177734 0.000416517
7 0.296875 0.390137 0.0957031 0.0830078 0.000417233
3 0.36377 0.327148 0.178711 0.169922 0.000418425
11 0.673828 0.130371 0.0605469 0.0224609 0.000429392
9 0.651855 0.335938 0.0478516 0.0605469 0.000430822
11 0.86084 0.658203 0.0380859 0.0683594 0.000437975
7 0.591797 0.293457 0.0917969 0.118164 0.000439882
4 0.817871 0.632324 0.104492 0.0908203 0.000442505
1 0.591797 0.291992 0.0898438 0.119141 0.000446796
7 0.76123 0.283203 0.0791016 0.169922 0.000448465
7 0.840332 0.600586 0.0712891 0.121094 0.000449657
7 0.78125 0.59375 0.0625 0.0683594 0.000449657
8 0.456055 0.313965 0.0488281 0.0693359 0.000450373
9 0.494141 0.339844 0.183594 0.210938 0.000450611
8 0.396973 0.587402 0.0712891 0.100586 0.000453949
7 0.625 0.34668 0.0742188 0.0917969 0.000462294
9 0.748047 0.210449 0.0683594 0.147461 0.000467777
6 0.779785 0.272461 0.0302734 0.0292969 0.000468731
7 0.745117 0.221191 0.0996094 0.151367 0.000473022
6 0.350586 0.313477 0.121094 0.111328 0.000480175
0 0.603027 0.304688 0.0576172 0.0761719 0.000482798
7 0.28125 0.394043 0.0664062 0.0439453 0.000486851
6 0.427246 0.345703 0.196289 0.179688 0.000489712
9 0.893555 0.483398 0.0371094 0.0527344 0.000491619
7 0.400879 0.333984 0.0634766 0.078125 0.000498772
12 0.397461 0.584961 0.0625 0.0585938 0.000499249
6 0.331055 0.331055 0.0507812 0.0410156 0.000506878
7 0.779785 0.272461 0.0302734 0.0292969 0.000508308
5 0.287598 0.407715 0.0751953 0.0283203 0.000513077
12 0.762695 0.236816 0.0585938 0.124023 0.000513554
10 0.75293 0.644531 0.232422 0.117188 0.000513554
8 0.70459 0.240723 0.0361328 0.0205078 0.000519753
13 0.771484 0.230469 0.152344 0.148438 0.000535965
7 0.400879 0.294434 0.139648 0.165039 0.000540257
2 0.765625 0.192871 0.0664062 0.114258 0.00054121
13 0.399902 0.379395 0.0556641 0.0556641 0.000549316
8 0.321777 0.271484 0.0263672 0.0214844 0.000558376
7 0.794434 0.60498 0.0517578 0.0361328 0.00056076
1 0.764648 0.197266 0.0683594 0.125 0.000561714
7 0.764648 0.197266 0.0683594 0.125 0.000563622
11 0.591309 0.287598 0.0927734 0.112305 0.000564575
6 0.725586 0.402344 0.158203 0.207031 0.000570297
12 0.405273 0.334961 0.09375 0.134766 0.000571251
7 0.324707 0.358887 0.137695 0.165039 0.000574112
2 0.745117 0.221191 0.0996094 0.151367 0.000582695
8 0.78125 0.445312 0.046875 0.0390625 0.000590801
6 0.399414 0.379395 0.0566406 0.0556641 0.000591755
9 0.594238 0.592773 0.327148 0.126953 0.000625134
13 0.309082 0.40625 0.0380859 0.0253906 0.000627995
5 0.591797 0.291992 0.0898438 0.119141 0.000632286
1 0.805176 0.633789 0.129883 0.111328 0.000636578
7 0.78125 0.445801 0.0351562 0.0283203 0.000651836
4 0.459473 0.35498 0.0595703 0.147461 0.000670433
13 0.331055 0.324707 0.0664062 0.0849609 0.000675201
7 0.282227 0.365234 0.0605469 0.0878906 0.00067997
11 0.782227 0.5625 0.144531 0.177734 0.0006814
7 0.843262 0.637207 0.0576172 0.0810547 0.000682354
13 0.799805 0.609375 0.0507812 0.0351562 0.000689507
5 0.73584 0.304199 0.125977 0.21582 0.00069046
9 0.77002 0.260254 0.0537109 0.0771484 0.000691891
8 0.687988 0.361816 0.0869141 0.106445 0.000692844
1 0.311035 0.331055 0.110352 0.164062 0.000701427
6 0.729004 0.272461 0.125977 0.140625 0.000704765
7 0.353516 0.312988 0.101562 0.124023 0.000706196
9 0.61377 0.318848 0.100586 0.15918 0.000715733
8 0.316895 0.317383 0.0927734 0.142578 0.000716686
8 0.591797 0.293457 0.0917969 0.118164 0.00073576
7 0.40918 0.605957 0.0644531 0.0908203 0.000739574
8 0.456543 0.351562 0.0654297 0.150391 0.000757217
3 0.403809 0.340332 0.0888672 0.131836 0.000762463
11 0.763672 0.206543 0.046875 0.0634766 0.00076437
2 0.344727 0.32959 0.181641 0.172852 0.000771523
11 0.477539 0.155273 0.0546875 0.0390625 0.000810146
7 0.331543 0.33252 0.0458984 0.0400391 0.000817299
11 0.728516 0.28125 0.148438 0.234375 0.000817299
7 0.453613 0.306641 0.0654297 0.144531 0.000818253
8 0.638184 0.338379 0.0771484 0.0986328 0.000824928
13 0.754883 0.218262 0.0429688 0.0654297 0.000828743
10 0.591309 0.290039 0.0927734 0.117188 0.000839233
5 0.725586 0.402832 0.15625 0.204102 0.000844002
7 0.76123 0.605957 0.137695 0.0849609 0.000853539
8 0.710449 0.327637 0.157227 0.229492 0.000863075
6 0.441895 0.353027 0.0849609 0.151367 0.00086689
2 0.288574 0.40625 0.0732422 0.0273438 0.00086689
7 0.728516 0.28125 0.148438 0.234375 0.000885487
2 0.715332 0.321777 0.155273 0.229492 0.000910282
9 0.456055 0.313965 0.0488281 0.0693359 0.000913143
13 0.591797 0.291992 0.0898438 0.119141 0.000926018
9 0.801758 0.439453 0.03125 0.03125 0.000926971
8 0.331055 0.324707 0.0664062 0.0849609 0.000929356
11 0.753906 0.173828 0.0644531 0.0742188 0.000949383
1 0.710449 0.327637 0.157227 0.229492 0.000958443
7 0.309082 0.40625 0.0380859 0.0253906 0.000965595
11 0.839844 0.568848 0.0742188 0.178711 0.000967503
7 0.811035 0.625488 0.0712891 0.0673828 0.00096941
9 0.812012 0.660645 0.135742 0.149414 0.000973701
7 0.381348 0.605957 0.125977 0.139648 0.000989914
3 0.596191 0.592773 0.348633 0.263672 0.00100994
1 0.397461 0.584961 0.0625 0.0585938 0.00103664
6 0.401367 0.583008 0.0566406 0.0722656 0.00105858
9 0.381348 0.605957 0.125977 0.139648 0.00108242
2 0.403809 0.336914 0.0986328 0.142578 0.0010891
10 0.818359 0.582031 0.113281 0.164062 0.00109386
11 0.396484 0.137207 0.09375 0.0283203 0.00109577
4 0.6875 0.356445 0.101562 0.123047 0.00110054
13 0.718262 0.254883 0.104492 0.0644531 0.00111485
9 0.661621 0.325195 0.0947266 0.154297 0.00112534
5 0.324219 0.307617 0.0859375 0.105469 0.00113487
10 0.350098 0.327148 0.180664 0.171875 0.00113678
13 0.724609 0.408691 0.171875 0.280273 0.00115395
1 0.287109 0.407715 0.078125 0.0283203 0.00115585
13 0.660645 0.32666 0.0810547 0.147461 0.00116253
11 0.852539 0.614258 0.0390625 0.0917969 0.0011673
10 0.397461 0.586914 0.0605469 0.0585938 0.00117779
2 0.398438 0.584961 0.0585938 0.0585938 0.0012207
4 0.288574 0.40625 0.0732422 0.0273438 0.00123501
11 0.350098 0.327148 0.180664 0.171875 0.0012579
9 0.413086 0.60498 0.0664062 0.0908203 0.00126266
13 0.710938 0.236816 0.162109 0.135742 0.00128269
13 0.400879 0.58252 0.0595703 0.0732422 0.00128555
10 0.848145 0.614746 0.0478516 0.0966797 0.00136948
9 0.316406 0.644043 0.244141 0.131836 0.00139141
13 0.274902 0.400879 0.0615234 0.0263672 0.00139618
4 0.710449 0.327637 0.157227 0.229492 0.00141907
9 0.591797 0.291992 0.0898438 0.119141 0.00142097
2 0.59375 0.300781 0.0917969 0.132812 0.0014286
7 0.456055 0.313965 0.0488281 0.0693359 0.00143719
4 0.78125 0.566406 0.121094 0.154297 0.00144863
0 0.543945 0.307617 0.212891 0.171875 0.00145054
11 0.810547 0.601074 0.117188 0.12207 0.00145531
13 0.780762 0.595215 0.108398 0.0869141 0.0014658
10 0.403809 0.336914 0.0986328 0.142578 0.00151539
7 0.290039 0.340332 0.0859375 0.174805 0.00154781
11 0.4375 0.152344 0.136719 0.0703125 0.00159836
6 0.330566 0.32373 0.0693359 0.0791016 0.00159931
13 0.743652 0.229004 0.0751953 0.116211 0.00161171
9 0.78125 0.566406 0.121094 0.154297 0.00161648
6 0.799805 0.619141 0.125 0.105469 0.00162506
10 0.762695 0.236328 0.0585938 0.113281 0.00162983
10 0.78125 0.560547 0.123047 0.164062 0.00163269
6 0.731445 0.41748 0.191406 0.40332 0.00164509
13 0.316895 0.40332 0.125977 0.0292969 0.00164795
7 0.427246 0.345703 0.196289 0.179688 0.00167274
13 0.76123 0.283203 0.0791016 0.169922 0.00169182
2 0.602539 0.299805 0.0546875 0.0683594 0.00174809
6 0.78125 0.566406 0.121094 0.154297 0.00176144
13 0.817871 0.632324 0.102539 0.0869141 0.00176716
7 0.399902 0.379395 0.0556641 0.0556641 0.00186729
0 0.610352 0.294922 0.0449219 0.0429688 0.00186825
7 0.822754 0.645996 0.102539 0.102539 0.00187016
11 0.627441 0.136719 0.0849609 0.0410156 0.00192547
6 0.656738 0.346191 0.0888672 0.124023 0.00192833
7 0.724609 0.408691 0.171875 0.280273 0.00193787
8 0.771484 0.448242 0.0234375 0.0195312 0.00196648
13 0.290039 0.409668 0.0878906 0.0673828 0.0019722
3 0.591797 0.291992 0.0898438 0.119141 0.00201416
7 0.331055 0.324707 0.0664062 0.0849609 0.00201607
8 0.792969 0.44043 0.0351562 0.0273438 0.00201797
1 0.791992 0.611328 0.09375 0.0664062 0.00204468
8 0.785156 0.608887 0.0878906 0.0595703 0.00206375
10 0.285645 0.406738 0.0732422 0.0263672 0.00213814
4 0.788574 0.612305 0.12207 0.0996094 0.0021534
7 0.744141 0.505371 0.191406 0.264648 0.00216866
9 0.638184 0.337402 0.0771484 0.0986328 0.00220299
9 0.460449 0.360352 0.0634766 0.148438 0.0022049
13 0.26709 0.408203 0.0595703 0.0214844 0.00229263
8 0.70166 0.240234 0.0205078 0.015625 0.00242424
11 0.607422 0.147461 0.0449219 0.0449219 0.00242615
10 0.809082 0.657227 0.12793 0.125 0.00248337
4 0.404785 0.584961 0.0478516 0.0527344 0.0025177
11 0.745117 0.221191 0.0996094 0.151367 0.00262451
11 0.81543 0.64502 0.125 0.116211 0.00267601
9 0.710449 0.327637 0.157227 0.229492 0.00268364
13 0.762695 0.200684 0.0703125 0.133789 0.00269699
5 0.762695 0.240234 0.0585938 0.119141 0.00274658
11 0.403809 0.336914 0.0986328 0.142578 0.00275803
1 0.36377 0.327148 0.178711 0.169922 0.00276184
9 0.6875 0.356445 0.101562 0.123047 0.00278664
9 0.316895 0.317383 0.0927734 0.142578 0.00279236
10 0.85498 0.647949 0.0439453 0.0751953 0.00284195
10 0.788574 0.610352 0.0888672 0.0605469 0.00286674
11 0.42334 0.131836 0.0712891 0.0175781 0.00287056
10 0.754395 0.595703 0.213867 0.148438 0.00288773
4 0.316895 0.317383 0.0927734 0.142578 0.00314331
8 0.398438 0.388184 0.0449219 0.0322266 0.00316429
9 0.806152 0.626465 0.110352 0.0830078 0.00328636
13 0.714355 0.378418 0.12793 0.145508 0.0032959
0 0.616699 0.322754 0.0888672 0.131836 0.00329781
13 0.273926 0.415527 0.0732422 0.0205078 0.00332069
7 0.770508 0.260742 0.0546875 0.078125 0.0033474
11 0.734375 0.158203 0.107422 0.0878906 0.003479
7 0.649902 0.334961 0.0791016 0.119141 0.00361443
9 0.736328 0.438965 0.197266 0.37793 0.00382042
13 0.770508 0.26709 0.0507812 0.0673828 0.0039444
4 0.761719 0.240723 0.0585938 0.104492 0.00395966
11 0.376953 0.159668 0.144531 0.0751953 0.00405502
13 0.754395 0.246094 0.0439453 0.0664062 0.00418472
13 0.779785 0.272461 0.0302734 0.0292969 0.00419235
8 0.36377 0.327148 0.178711 0.169922 0.00421143
13 0.700195 0.269043 0.0527344 0.0400391 0.00422287
11 0.853027 0.63916 0.0537109 0.100586 0.00435257
8 0.760254 0.235352 0.0576172 0.111328 0.00437546
7 0.754395 0.595703 0.213867 0.148438 0.00439072
13 0.316895 0.317383 0.0927734 0.142578 0.0048027
8 0.33252 0.33252 0.0458984 0.0361328 0.00486755
11 0.671875 0.143066 0.171875 0.0712891 0.00514603
5 0.695801 0.365723 0.0986328 0.110352 0.00515747
1 0.404785 0.335938 0.0927734 0.136719 0.00528717
6 0.287598 0.407715 0.0751953 0.0283203 0.00529099
11 0.288086 0.406738 0.0761719 0.0263672 0.00548172
11 0.789062 0.604492 0.09375 0.0683594 0.00563431
5 0.406738 0.339844 0.0966797 0.144531 0.0057373
11 0.32373 0.182129 0.0615234 0.0654297 0.00600433
9 0.406738 0.334961 0.0947266 0.138672 0.00606918
11 0.361328 0.154297 0.0722656 0.0546875 0.00630188
6 0.788574 0.610352 0.0888672 0.0605469 0.00631332
11 0.723633 0.144531 0.0722656 0.0546875 0.00658417
9 0.348145 0.330566 0.174805 0.163086 0.00683594
1 0.762207 0.239746 0.0615234 0.106445 0.0070343
8 0.303711 0.406738 0.0449219 0.0283203 0.0071907
10 0.836426 0.63623 0.0810547 0.102539 0.00751114
11 0.668457 0.124512 0.106445 0.0224609 0.00780869
9 0.39502 0.585938 0.0751953 0.101562 0.00834656
7 0.459473 0.35498 0.0595703 0.147461 0.0083847
7 0.39502 0.585938 0.0751953 0.101562 0.00844574
9 0.789062 0.604492 0.09375 0.0644531 0.00857544
4 0.788574 0.610352 0.0888672 0.0605469 0.00871277
9 0.759277 0.628906 0.22168 0.117188 0.00874329
2 0.61084 0.299805 0.0283203 0.0332031 0.00880432
5 0.699707 0.346191 0.145508 0.206055 0.00902557
13 0.799316 0.61377 0.0947266 0.0634766 0.00909424
9 0.288574 0.40625 0.0732422 0.0273438 0.00918579
11 0.460938 0.147461 0.0859375 0.0488281 0.00923157
11 0.832031 0.622559 0.0820312 0.0986328 0.0093689
9 0.76123 0.236328 0.0595703 0.105469 0.00990295
8 0.780762 0.446777 0.0341797 0.0244141 0.00992584
2 0.760254 0.235352 0.0576172 0.111328 0.0111389
13 0.737793 0.261719 0.108398 0.105469 0.0113983
4 0.36377 0.327148 0.178711 0.169922 0.0132904
6 0.316895 0.317383 0.0927734 0.142578 0.0143661
7 0.699707 0.346191 0.145508 0.206055 0.0150528
13 0.682617 0.356934 0.0996094 0.129883 0.0153656
8 0.401855 0.588379 0.0537109 0.0537109 0.0153809
11 0.395508 0.58252 0.0644531 0.0576172 0.0161743
8 0.403809 0.337402 0.0888672 0.137695 0.0191193
6 0.695312 0.358398 0.109375 0.132812 0.0192108
7 0.287598 0.407715 0.0751953 0.0283203 0.0222168
7 0.6875 0.356445 0.101562 0.123047 0.0225067
5 0.348145 0.330078 0.174805 0.162109 0.0236206
7 0.78125 0.566406 0.121094 0.154297 0.0249176
11 0.431152 0.135742 0.112305 0.0253906 0.0262451
11 0.764648 0.197266 0.0683594 0.125 0.0271912
6 0.762695 0.242188 0.0566406 0.113281 0.0325623
13 0.344727 0.32959 0.181641 0.172852 0.0334473
6 0.710449 0.327637 0.157227 0.229492 0.0342102
7 0.799805 0.619141 0.125 0.105469 0.0353088
10 0.799805 0.619141 0.125 0.105469 0.0353699
13 0.406738 0.334961 0.0947266 0.138672 0.0357056
11 0.412598 0.144531 0.15332 0.0371094 0.0361938
11 0.762695 0.236328 0.0585938 0.113281 0.0370789
7 0.316895 0.317383 0.0927734 0.142578 0.0423889
4 0.405273 0.334961 0.09375 0.134766 0.0427246
7 0.404785 0.584961 0.0478516 0.0527344 0.044342
5 0.736328 0.438965 0.197266 0.37793 0.0501404
11 0.341797 0.16748 0.0761719 0.0576172 0.0539551
7 0.76123 0.236328 0.0595703 0.105469 0.0570374
11 0.673828 0.133301 0.132812 0.0361328 0.0682373
9 0.399414 0.585449 0.0585938 0.0556641 0.0726318
13 0.715332 0.321777 0.155273 0.229492 0.0745239
7 0.36377 0.327148 0.178711 0.169922 0.0761108
6 0.350098 0.327148 0.180664 0.171875 0.0873413
3 0.592773 0.589355 0.330078 0.124023 0.0935059
6 0.406738 0.334961 0.0947266 0.138672 0.0941162
7 0.788574 0.610352 0.0888672 0.0605469 0.113586
7 0.404785 0.335938 0.0927734 0.136719 0.155884
13 0.287109 0.407715 0.078125 0.0283203 0.226929
13 0.76416 0.241211 0.0576172 0.113281 0.228149
0 0.591797 0.290039 0.0917969 0.111328 0.452881
