9 0.572266 0.324707 0.140625 0.192383 0.000100493
8 0.253906 0.543457 0.015625 0.0126953 0.000100732
11 0.39209 0.115723 0.0908203 0.0380859 0.000102341
9 0.222656 0.385254 0.119141 0.100586 0.000102401
5 0.321289 0.506348 0.136719 0.165039 0.000104308
9 0.84082 0.556641 0.121094 0.171875 0.000105619
13 0.689453 0.268555 0.0800781 0.107422 0.000105917
9 0.677734 0.441406 0.0996094 0.0605469 0.00010711
9 0.221191 0.090332 0.366211 0.180664 0.000109136
2 0.371582 0.296875 0.0205078 0.015625 0.000109911
8 0.56543 0.342773 0.0527344 0.0429688 0.000110269
11 0.772949 0.181152 0.0830078 0.0966797 0.000110805
7 0.221191 0.090332 0.366211 0.180664 0.000111461
11 0.148438 0.990234 0.0664062 0.0175781 0.000111461
11 0.79541 0.20459 0.0556641 0.0634766 0.000117242
11 0.428711 0.12793 0.0546875 0.0195312 0.000117838
5 0.221191 0.387207 0.116211 0.0986328 0.000120461
8 0.658691 0.46875 0.0205078 0.0175781 0.000121534
13 0.217773 0.385254 0.111328 0.0908203 0.000121951
11 0.425781 0.106934 0.0644531 0.0322266 0.000122309
2 0.598633 0.291016 0.128906 0.144531 0.000122786
13 0.187988 0.40332 0.0673828 0.046875 0.000126123
0 0.642578 0.962891 0.283203 0.0742188 0.000126958
5 0.240234 0.499512 0.240234 0.227539 0.000130773
13 0.674316 0.227539 0.0361328 0.03125 0.000131726
11 0.585938 0.151367 0.0449219 0.0351562 0.000131965
8 0.563477 0.335938 0.0351562 0.0273438 0.000132322
9 0.37207 0.297363 0.015625 0.0146484 0.000132799
8 0.628418 0.641113 0.0322266 0.0263672 0.00013423
7 0.654297 0.425781 0.0683594 0.0546875 0.000134945
13 0.318359 0.524414 0.09375 0.0703125 0.000139713
9 0.462891 0.556641 0.189453 0.232422 0.000141263
9 0.635254 0.405273 0.0244141 0.0195312 0.000142574
2 0.592285 0.289551 0.0458984 0.0419922 0.000147939
10 0.148438 0.984863 0.0761719 0.0283203 0.000148058
8 0.76416 0.259766 0.0107422 0.0078125 0.000156403
7 0.842285 0.552734 0.116211 0.154297 0.000159025
11 0.244629 0.19043 0.0771484 0.078125 0.000164628
9 0.26416 0.370117 0.186523 0.15625 0.000168681
13 0.817383 0.549805 0.0683594 0.0410156 0.00017035
2 0.59375 0.289062 0.03125 0.0214844 0.000172138
9 0.467773 0.217285 0.0859375 0.274414 0.000173211
5 0.737793 0.554688 0.24707 0.232422 0.000177264
5 0.307617 0.336426 0.175781 0.166992 0.000177741
0 0.519531 0.260742 0.193359 0.121094 0.000182748
8 0.70459 0.262207 0.0166016 0.0146484 0.000183821
13 0.371582 0.297363 0.0263672 0.0185547 0.000187874
13 0.319824 0.433594 0.0771484 0.0507812 0.000190735
8 0.574707 0.291504 0.112305 0.145508 0.000193
9 0.595703 0.263672 0.0722656 0.078125 0.000201225
6 0.574707 0.275879 0.110352 0.110352 0.000205874
11 0.658691 0.138672 0.125977 0.0273438 0.000212312
9 0.637695 0.405273 0.015625 0.0136719 0.000214219
5 0.258301 0.265137 0.370117 0.473633 0.000218034
11 0.396973 0.134766 0.0869141 0.0351562 0.000222087
13 0.3125 0.520996 0.128906 0.114258 0.000233889
13 0.653809 0.233887 0.0732422 0.0634766 0.000238419
11 0.722656 0.141602 0.0703125 0.0449219 0.000238895
4 0.57373 0.274414 0.112305 0.109375 0.000254154
11 0.641602 0.11377 0.0957031 0.0205078 0.000263453
9 0.752441 0.443359 0.282227 0.480469 0.000265598
3 0.814941 0.106445 0.370117 0.212891 0.000286102
7 0.575684 0.265137 0.106445 0.0869141 0.000305653
12 0.57373 0.274414 0.112305 0.109375 0.000331402
11 0.35498 0.135254 0.118164 0.0361328 0.000343084
0 0.57373 0.267578 0.0615234 0.0761719 0.000360012
11 0.667969 0.123535 0.121094 0.0380859 0.000362873
13 0.661621 0.290039 0.0947266 0.158203 0.00038147
2 0.652344 0.424316 0.0664062 0.0537109 0.00038147
5 0.84082 0.556641 0.121094 0.171875 0.000387192
8 0.652832 0.425293 0.0693359 0.0634766 0.000412226
11 0.313965 0.139648 0.0732422 0.0449219 0.000424147
1 0.574707 0.275879 0.110352 0.110352 0.000425339
13 0.341797 0.505859 0.0761719 0.117188 0.000427723
9 0.335938 0.607422 0.113281 0.0507812 0.000436544
2 0.637695 0.405273 0.015625 0.0136719 0.000440121
5 0.574707 0.275879 0.110352 0.110352 0.000442028
13 0.18457 0.416992 0.0664062 0.0253906 0.000467062
9 0.258301 0.438965 0.28418 0.331055 0.000488758
2 0.635742 0.405762 0.0273438 0.0185547 0.000489712
8 0.6875 0.379883 0.0214844 0.0175781 0.000494957
0 0.614258 0.311035 0.255859 0.200195 0.000516891
3 0.603516 0.625488 0.460938 0.12793 0.000545502
11 0.409668 0.123047 0.0810547 0.0292969 0.000573635
8 0.635254 0.405273 0.0244141 0.0195312 0.000601768
8 0.255371 0.404297 0.0205078 0.015625 0.000607014
11 0.433594 0.13916 0.0605469 0.0302734 0.000607967
13 0.575684 0.265137 0.106445 0.0869141 0.000621319
0 0.567383 0.322754 0.09375 0.120117 0.000625134
5 0.752441 0.443359 0.282227 0.480469 0.000628948
11 0.299805 0.151367 0.111328 0.0703125 0.00063324
13 0.653809 0.432617 0.0693359 0.0410156 0.000634193
8 0.188965 0.385742 0.0126953 0.00976562 0.000639439
11 0.575684 0.265137 0.106445 0.0869141 0.000677586
8 0.58252 0.256836 0.0947266 0.0761719 0.000706673
11 0.599121 0.143555 0.0458984 0.0390625 0.000752449
9 0.519043 0.298828 0.211914 0.185547 0.00076437
11 0.38916 0.121094 0.0712891 0.0214844 0.000813961
11 0.61084 0.135254 0.0556641 0.0322266 0.000888348
10 0.574707 0.275879 0.110352 0.110352 0.000919342
9 0.251953 0.660645 0.361328 0.157227 0.000960827
5 0.26416 0.370117 0.186523 0.15625 0.000989914
11 0.419434 0.132812 0.0791016 0.0253906 0.00101662
8 0.704102 0.261719 0.0117188 0.00976562 0.0010252
8 0.637695 0.405273 0.015625 0.0136719 0.00106812
7 0.595215 0.571289 0.450195 0.175781 0.0011034
11 0.78418 0.191406 0.0566406 0.0507812 0.00113773
0 0.507324 0.346191 0.206055 0.311523 0.00118732
11 0.595215 0.571289 0.450195 0.175781 0.00124073
1 0.595215 0.571289 0.450195 0.175781 0.00124073
8 0.595215 0.571289 0.450195 0.175781 0.00129986
12 0.595215 0.571289 0.450195 0.175781 0.00130463
4 0.595215 0.571289 0.450195 0.175781 0.00131989
11 0.263184 0.172363 0.0732422 0.0654297 0.00132561
11 0.637207 0.130371 0.0986328 0.0302734 0.00135994
9 0.574707 0.275879 0.110352 0.110352 0.00137234
6 0.595215 0.571289 0.450195 0.175781 0.00139427
13 0.596191 0.570801 0.454102 0.176758 0.00140858
13 0.677734 0.243164 0.0683594 0.0703125 0.00142097
2 0.595215 0.571289 0.450195 0.175781 0.00143814
11 0.374512 0.133789 0.0927734 0.0214844 0.00171852
2 0.57959 0.26416 0.100586 0.0869141 0.00183964
3 0.179199 0.233887 0.358398 0.387695 0.00193119
0 0.594238 0.256348 0.0693359 0.0732422 0.0021019
3 0.57373 0.262207 0.106445 0.0849609 0.00214195
9 0.490723 0.406738 0.182617 0.438477 0.00219154
0 0.596191 0.570801 0.454102 0.176758 0.00224686
5 0.595215 0.571289 0.450195 0.175781 0.00231171
9 0.595215 0.571289 0.450195 0.175781 0.00271988
11 0.396484 0.127441 0.0644531 0.0185547 0.00274467
10 0.595215 0.571289 0.450195 0.175781 0.00280762
8 0.37207 0.297363 0.015625 0.0146484 0.00290871
5 0.266113 0.418945 0.249023 0.294922 0.00349808
9 0.653809 0.425781 0.0673828 0.0546875 0.00419998
0 0.563965 0.291016 0.18457 0.140625 0.00452042
11 0.647461 0.121094 0.101562 0.0214844 0.00624084
0 0.574219 0.271484 0.111328 0.103516 0.517578
3 0.595703 0.570312 0.443359 0.162109 0.68457
