7 0.852051 0.521973 0.282227 0.334961 0.000102937
5 0.558105 0.362793 0.237305 0.19043 0.000104189
12 0.583008 0.603516 0.453125 0.261719 0.000104368
9 0.986328 0.0136719 0.0234375 0.0273438 0.000106335
8 0.179688 0.123047 0.359375 0.246094 0.00010705
9 0.257812 0.545898 0.248047 0.216797 0.000107348
11 0.449219 0.189453 0.0742188 0.0703125 0.000107586
10 0.830566 0.522949 0.151367 0.264648 0.000108004
13 0.361816 0.256348 0.151367 0.131836 0.000108123
9 0.801758 0.635742 0.0996094 0.09375 0.00010854
13 0.374023 0.337402 0.0878906 0.102539 0.000110269
13 0.558105 0.362793 0.237305 0.19043 0.000111639
13 0.433594 0.258789 0.0820312 0.179688 0.000113606
5 0.479004 0.270508 0.0947266 0.25 0.000114977
11 0.730469 0.21582 0.117188 0.0957031 0.00011605
8 0.829102 0.47998 0.152344 0.334961 0.000116169
13 0.34375 0.290527 0.0546875 0.0654297 0.000116467
0 0.499512 0.299805 0.135742 0.259766 0.000118554
11 0.363281 0.203613 0.0820312 0.0751953 0.000118732
9 0.297852 0.810059 0.234375 0.151367 0.000120521
13 0.370117 0.208008 0.1875 0.109375 0.000120759
8 0.32373 0.392578 0.0205078 0.015625 0.000121772
4 0.19043 0.116211 0.380859 0.232422 0.000122547
0 0.443848 0.0166016 0.239258 0.0332031 0.000125289
3 0.0229492 0.661133 0.0380859 0.0878906 0.000127673
9 0.842285 0.572754 0.114258 0.133789 0.000128388
8 0.665039 0.382324 0.0175781 0.0166016 0.000129223
13 0.393555 0.294434 0.138672 0.200195 0.0001297
13 0.388672 0.352539 0.0546875 0.0488281 0.000133157
13 0.462402 0.26709 0.100586 0.227539 0.000133872
11 0.688965 0.16748 0.106445 0.0166016 0.000133872
9 0.813477 0.43457 0.220703 0.445312 0.00013423
0 0.588379 0.631836 0.448242 0.257812 0.000134945
7 0.807617 0.592773 0.144531 0.177734 0.000135779
6 0.333008 0.254395 0.0820312 0.102539 0.000135899
0 0.604492 0.391113 0.246094 0.24707 0.000136137
11 0.415527 0.224609 0.125977 0.146484 0.000136495
9 0.540527 0.212402 0.139648 0.163086 0.000136733
2 0.179688 0.123047 0.359375 0.246094 0.000137329
9 0.00537109 0.605957 0.0107422 0.30957 0.000137448
9 0.498535 0.0551758 0.301758 0.110352 0.000138521
9 0.92334 0.73877 0.0478516 0.0654297 0.000142217
8 0.397461 0.292969 0.00976562 0.00976562 0.000142694
7 0.92334 0.73877 0.0478516 0.0654297 0.00014472
11 0.616699 0.160156 0.0693359 0.0195312 0.0001477
3 0.751953 0.185059 0.0742188 0.0498047 0.000148535
13 0.755371 0.206055 0.0927734 0.0878906 0.000151753
9 0.342773 0.0336914 0.291016 0.0654297 0.000153661
9 0.981934 0.0102539 0.0205078 0.0185547 0.000153661
7 0.439941 0.311523 0.0693359 0.1875 0.00015378
11 0.322266 0.1875 0.0605469 0.0351562 0.000156879
13 0.311523 0.234375 0.0683594 0.0566406 0.000158429
11 0.330078 0.225586 0.0742188 0.0507812 0.000158429
9 0.451172 0.211914 0.201172 0.177734 0.000163436
7 0.328125 0.227051 0.119141 0.112305 0.000169516
13 0.830566 0.522949 0.151367 0.264648 0.000170588
11 0.336914 0.177246 0.0507812 0.0244141 0.000173926
8 0.751465 0.186523 0.0751953 0.0488281 0.000175476
13 0.369629 0.461914 0.0419922 0.0488281 0.000175595
9 0.48584 0.223145 0.0537109 0.108398 0.000181437
9 0.512695 0.274414 0.0957031 0.259766 0.00018239
13 0.731445 0.298828 0.146484 0.177734 0.000183582
12 0.337402 0.182129 0.12207 0.0458984 0.000185847
13 0.745605 0.255859 0.0732422 0.0722656 0.000188708
9 0.438477 0.446777 0.0722656 0.131836 0.000189424
9 0.845703 0.078125 0.279297 0.150391 0.000190139
11 0.455078 0.248535 0.09375 0.204102 0.000191569
10 0.921387 0.741699 0.0478516 0.0634766 0.000192046
4 0.830566 0.522949 0.151367 0.264648 0.00019455
11 0.645996 0.186035 0.125977 0.0537109 0.000198603
11 0.353027 0.214355 0.200195 0.133789 0.000201583
11 0.506348 0.213867 0.0849609 0.1875 0.000202298
13 0.755859 0.303223 0.078125 0.0927734 0.000204563
9 0.0136719 0.671387 0.0273438 0.176758 0.000205874
11 0.603027 0.20166 0.0693359 0.0791016 0.000206351
9 0.336914 0.182617 0.123047 0.0449219 0.000208616
13 0.913574 0.724609 0.0498047 0.0253906 0.000210047
10 0.375488 0.180176 0.174805 0.0400391 0.000212908
11 0.78125 0.216309 0.123047 0.114258 0.000214338
9 0.362305 0.0268555 0.164062 0.0537109 0.000215173
12 0.35791 0.192383 0.196289 0.0761719 0.000219941
10 0.558105 0.362793 0.237305 0.19043 0.000222564
11 0.367676 0.186035 0.0673828 0.0380859 0.000225544
0 0.381348 0.00732422 0.112305 0.0146484 0.000228047
5 0.26416 0.560059 0.241211 0.198242 0.000235558
13 0.711426 0.492188 0.0830078 0.0253906 0.000240088
11 0.385254 0.178223 0.0732422 0.0263672 0.000241637
13 0.338379 0.286621 0.0400391 0.0361328 0.000248194
9 0.461914 0.407227 0.125 0.230469 0.000259399
7 0.220703 0.452637 0.189453 0.395508 0.000261307
6 0.822754 0.0820312 0.336914 0.162109 0.000263691
13 0.659668 0.491211 0.0791016 0.0214844 0.000263691
13 0.729004 0.270508 0.0908203 0.111328 0.000271559
13 0.328125 0.227051 0.119141 0.112305 0.000281334
13 0.822754 0.0820312 0.336914 0.162109 0.000290632
9 0.594727 0.365723 0.232422 0.18457 0.000292063
13 0.381348 0.366699 0.0732422 0.0849609 0.000303984
1 0.35791 0.192383 0.196289 0.0761719 0.000304461
9 0.45166 0.21582 0.0830078 0.142578 0.000308275
9 0.333008 0.254395 0.0820312 0.102539 0.000318527
11 0.93457 0.757324 0.03125 0.0458984 0.00032711
8 0.337402 0.23291 0.0400391 0.0283203 0.00032711
2 0.333008 0.186035 0.123047 0.0576172 0.000329733
7 0.351562 0.193848 0.177734 0.0771484 0.000331879
13 0.375977 0.181641 0.177734 0.0429688 0.000344515
0 0.751465 0.186523 0.0751953 0.0488281 0.000347614
11 0.302734 0.192871 0.103516 0.0556641 0.000356913
0 0.563965 0.313965 0.131836 0.0986328 0.000362635
11 0.366699 0.167969 0.110352 0.0234375 0.000376225
7 0.332031 0.253906 0.0839844 0.101562 0.000380278
11 0.32666 0.231934 0.110352 0.118164 0.000380993
13 0.35498 0.494141 0.0517578 0.109375 0.000382185
7 0.19043 0.119141 0.380859 0.238281 0.000396013
7 0.801758 0.635742 0.0996094 0.09375 0.000409603
3 0.564941 0.348633 0.231445 0.193359 0.000412941
9 0.220703 0.452637 0.189453 0.395508 0.000418663
13 0.330566 0.224609 0.0751953 0.0546875 0.000435114
7 0.588867 0.622559 0.435547 0.157227 0.000444174
10 0.341797 0.190918 0.160156 0.0654297 0.000453949
4 0.588867 0.622559 0.435547 0.157227 0.000472546
0 0.47168 0.416992 0.146484 0.228516 0.000477314
6 0.588867 0.622559 0.435547 0.157227 0.000480175
8 0.588867 0.622559 0.435547 0.157227 0.000485897
13 0.92334 0.73877 0.0478516 0.0634766 0.000501156
9 0.492188 0.123535 0.246094 0.24707 0.000502586
0 0.404297 0.0297852 0.15625 0.0595703 0.000504494
11 0.436035 0.210449 0.0751953 0.104492 0.00051403
13 0.350586 0.285645 0.0917969 0.129883 0.000521183
6 0.59082 0.344238 0.130859 0.139648 0.00052309
9 0.35791 0.192383 0.196289 0.0761719 0.000523567
1 0.587402 0.617676 0.428711 0.129883 0.000529766
9 0.539551 0.422852 0.27832 0.271484 0.00053215
13 0.726562 0.273926 0.0507812 0.0654297 0.000535011
9 0.0297852 0.645996 0.0263672 0.0615234 0.000541687
7 0.336914 0.182617 0.123047 0.0449219 0.00055027
2 0.586914 0.619629 0.433594 0.12207 0.00056982
8 0.338867 0.282715 0.0292969 0.0302734 0.000574589
0 0.623535 0.375 0.118164 0.183594 0.000583172
9 0.0195312 0.619629 0.0390625 0.28418 0.000588417
13 0.587402 0.621582 0.428711 0.118164 0.000606537
11 0.633301 0.166992 0.0693359 0.0253906 0.000611782
7 0.842285 0.572754 0.114258 0.133789 0.000613213
11 0.733887 0.177246 0.0751953 0.0400391 0.000623226
4 0.586914 0.344727 0.138672 0.138672 0.000631809
1 0.336914 0.182617 0.123047 0.0449219 0.000632763
11 0.358887 0.174805 0.0751953 0.0253906 0.000636101
7 0.59082 0.344238 0.130859 0.139648 0.000645638
12 0.751465 0.186523 0.0732422 0.0507812 0.000649452
10 0.751465 0.186523 0.0751953 0.0488281 0.000661373
12 0.586914 0.619629 0.433594 0.12207 0.000669003
11 0.586914 0.619629 0.433594 0.12207 0.000709057
11 0.614746 0.171875 0.0712891 0.0371094 0.000715733
5 0.587402 0.617676 0.428711 0.129883 0.000729084
12 0.586914 0.344727 0.138672 0.138672 0.000780106
5 0.808594 0.458496 0.201172 0.44043 0.000792027
5 0.8125 0.590332 0.152344 0.166992 0.000801563
0 0.600098 0.33252 0.0810547 0.100586 0.000804901
9 0.19043 0.116211 0.380859 0.232422 0.000815392
7 0.750977 0.185547 0.0761719 0.0488281 0.000818253
7 0.4375 0.246094 0.0722656 0.169922 0.000822067
9 0.0263672 0.623047 0.0292969 0.0996094 0.000833511
9 0.484375 0.15918 0.111328 0.275391 0.000856876
11 0.588379 0.347656 0.139648 0.144531 0.000887871
9 0.751465 0.186523 0.0751953 0.0488281 0.000895977
1 0.586914 0.344727 0.138672 0.138672 0.000936985
5 0.59082 0.344238 0.130859 0.139648 0.000946522
9 0.499512 0.230957 0.166992 0.260742 0.00097084
13 0.327637 0.191895 0.129883 0.0732422 0.000974655
9 0.439941 0.271484 0.0732422 0.197266 0.00107002
10 0.587402 0.617676 0.428711 0.129883 0.00111103
7 0.503418 0.214355 0.0810547 0.182617 0.00113106
13 0.751465 0.186523 0.0751953 0.0488281 0.00115871
13 0.588379 0.347656 0.139648 0.144531 0.00118923
0 0.587402 0.622559 0.422852 0.120117 0.00120735
13 0.185547 0.10791 0.351562 0.213867 0.00123596
5 0.223633 0.490234 0.201172 0.335938 0.00126076
10 0.931641 0.754883 0.0351562 0.0566406 0.00126362
11 0.307129 0.199707 0.161133 0.0830078 0.00136375
1 0.751465 0.186523 0.0751953 0.0488281 0.00137997
11 0.43457 0.179199 0.0722656 0.0400391 0.0013895
6 0.19043 0.116211 0.380859 0.232422 0.00140667
2 0.588379 0.347656 0.139648 0.144531 0.00140762
11 0.616699 0.187012 0.0693359 0.0439453 0.00147057
8 0.585449 0.344727 0.147461 0.142578 0.0014925
11 0.40625 0.17041 0.119141 0.0224609 0.00151062
9 0.0454102 0.743652 0.0908203 0.418945 0.00156307
6 0.830566 0.522949 0.151367 0.264648 0.00175762
9 0.587402 0.617676 0.428711 0.129883 0.0017643
9 0.833496 0.51416 0.147461 0.27832 0.00179672
9 0.0239258 0.658203 0.0458984 0.232422 0.00182247
11 0.928711 0.748047 0.0410156 0.0761719 0.00193977
10 0.586914 0.338379 0.138672 0.12793 0.0020752
9 0.513672 0.323242 0.199219 0.253906 0.00226212
11 0.341309 0.181641 0.0771484 0.0371094 0.00253868
9 0.59082 0.344238 0.130859 0.139648 0.00254631
2 0.751465 0.186523 0.0732422 0.0507812 0.00276566
5 0.822754 0.0820312 0.336914 0.162109 0.00298882
7 0.462402 0.26709 0.100586 0.227539 0.00304413
13 0.332031 0.253906 0.0839844 0.101562 0.00310135
11 0.688965 0.174316 0.163086 0.0322266 0.00376892
0 0.405762 0.0112305 0.157227 0.0224609 0.0039978
3 0.586914 0.344727 0.138672 0.138672 0.00455475
13 0.362793 0.478516 0.0322266 0.0761719 0.00479889
3 0.588379 0.631836 0.448242 0.257812 0.00565338
7 0.833496 0.51416 0.147461 0.27832 0.00580597
11 0.712402 0.183594 0.15332 0.0605469 0.00615692
11 0.381348 0.192383 0.19043 0.0703125 0.00750732
11 0.754395 0.195801 0.112305 0.0869141 0.00826263
5 0.185547 0.10791 0.351562 0.213867 0.00958252
5 0.836914 0.510742 0.136719 0.279297 0.00977325
9 0.494141 0.209473 0.0742188 0.209961 0.0129013
9 0.0229492 0.661133 0.0380859 0.0917969 0.0142746
0 0.536621 0.370605 0.239258 0.18457 0.0181732
9 0.480469 0.266113 0.0859375 0.239258 0.0253754
11 0.378418 0.175781 0.165039 0.0351562 0.0446472
11 0.333496 0.183594 0.135742 0.0507812 0.115967
11 0.751465 0.186523 0.0751953 0.0488281 0.26123
3 0.586426 0.62207 0.420898 0.117188 0.628418
0 0.586914 0.344727 0.138672 0.138672 0.749512
