8 0.29541 0.495117 0.0751953 0.046875 0.000100851
8 0.768066 0.36377 0.0244141 0.0166016 0.000101328
10 0.28125 0.516602 0.226562 0.199219 0.000101566
13 0.33252 0.175293 0.110352 0.0849609 0.00010252
7 0.245117 0.480957 0.0976562 0.0615234 0.000102639
9 0.838867 0.144043 0.0683594 0.0478516 0.000103414
8 0.305664 0.320801 0.0175781 0.0146484 0.000103533
11 0.869141 0.70459 0.0410156 0.0771484 0.000103772
9 0.933594 0.410156 0.132812 0.474609 0.00010407
3 0.973633 0.632812 0.0527344 0.15625 0.000104368
11 0.643555 0.127441 0.158203 0.0283203 0.00010556
13 0.340332 0.409668 0.0634766 0.0673828 0.000107527
13 0.185059 0.438477 0.12793 0.0800781 0.000107527
13 0.330078 0.348633 0.0429688 0.0683594 0.000107825
6 0.839844 0.155273 0.320312 0.310547 0.000108421
9 0.336914 0.31543 0.113281 0.154297 0.000108659
0 0.503906 0.317871 0.189453 0.118164 0.000109255
13 0.239258 0.439453 0.154297 0.0527344 0.000109315
8 0.28125 0.516602 0.226562 0.199219 0.000109494
6 0.198242 0.090332 0.388672 0.180664 0.000109851
11 0.733887 0.168457 0.0810547 0.0751953 0.000111043
13 0.240723 0.352051 0.182617 0.0576172 0.000111282
8 0.305664 0.55957 0.115234 0.0917969 0.000111699
13 0.19873 0.298828 0.0673828 0.0703125 0.000111818
0 0.470703 0.44873 0.210938 0.348633 0.000112832
8 0.225098 0.561035 0.0302734 0.0244141 0.000113845
13 0.316406 0.579102 0.0351562 0.0253906 0.000114024
13 0.120117 0.117188 0.240234 0.214844 0.000114143
8 0.285645 0.585938 0.0126953 0.015625 0.000114322
8 0.720215 0.332031 0.0146484 0.0117188 0.000114501
4 0.305176 0.55127 0.143555 0.131836 0.000115097
11 0.817383 0.651367 0.0800781 0.0878906 0.000115693
5 0.77832 0.0458984 0.443359 0.0878906 0.000116348
7 0.200684 0.327637 0.22168 0.301758 0.000116587
9 0.226562 0.476562 0.210938 0.146484 0.000116825
9 0.981934 0.0107422 0.0224609 0.0175781 0.000117362
0 0.788086 0.850098 0.298828 0.262695 0.000118792
7 0.359375 0.296875 0.0878906 0.169922 0.000119209
13 0.243652 0.353027 0.27832 0.106445 0.000119269
11 0.562012 0.168945 0.0498047 0.0625 0.000120044
10 0.861816 0.69873 0.0458984 0.0810547 0.000120521
11 0.314941 0.151855 0.0751953 0.0341797 0.000121415
13 0.255371 0.460449 0.198242 0.106445 0.000124335
12 0.575195 0.177246 0.117188 0.104492 0.000125408
13 0.353027 0.344238 0.0634766 0.0615234 0.000125766
2 0.185547 0.081543 0.371094 0.163086 0.000125885
10 0.328125 0.143555 0.152344 0.0332031 0.000126123
10 0.397949 0.223145 0.0810547 0.178711 0.000127077
8 0.953125 0.406738 0.0390625 0.0380859 0.000128865
3 0.63623 0.141113 0.176758 0.0458984 0.000129342
7 0.63623 0.141113 0.180664 0.0439453 0.000129819
7 0.402832 0.173828 0.0751953 0.0957031 0.000131726
9 0.305664 0.55957 0.115234 0.0917969 0.000133157
6 0.383789 0.27002 0.0859375 0.200195 0.000136852
7 0.225098 0.471191 0.165039 0.0947266 0.000137568
7 0.212891 0.566406 0.160156 0.0800781 0.000138283
2 0.825195 0.189941 0.349609 0.379883 0.000138521
13 0.730469 0.348145 0.0332031 0.0263672 0.000141144
10 0.552734 0.36377 0.234375 0.188477 0.000142336
9 0.453125 0.541504 0.173828 0.329102 0.000145555
13 0.772949 0.245605 0.0400391 0.0263672 0.000145555
1 0.259766 0.486816 0.0722656 0.0556641 0.000145793
7 0.292969 0.486816 0.121094 0.0869141 0.000145793
2 0.305664 0.151367 0.138672 0.0546875 0.000145912
13 0.30957 0.398926 0.111328 0.0947266 0.000146747
13 0.760742 0.306641 0.0371094 0.0507812 0.000147462
13 0.321777 0.26709 0.182617 0.239258 0.000150681
5 0.397949 0.225098 0.0673828 0.168945 0.000152111
0 0.271973 0.503418 0.106445 0.0810547 0.000153303
11 0.675293 0.150391 0.198242 0.132812 0.000154376
12 0.183594 0.0820312 0.367188 0.164062 0.000157952
13 0.231934 0.392578 0.176758 0.125 0.000159144
13 0.233887 0.356934 0.112305 0.0361328 0.000161886
12 0.308105 0.154297 0.182617 0.0800781 0.000162125
4 0.957031 0.406738 0.0195312 0.0302734 0.000162125
3 0.552734 0.36377 0.234375 0.188477 0.000162721
13 0.30127 0.540527 0.22168 0.188477 0.000163794
3 0.199219 0.0703125 0.392578 0.140625 0.00016582
8 0.322266 0.568359 0.0605469 0.0488281 0.000167608
11 0.57959 0.157715 0.0498047 0.0439453 0.000167847
7 0.234863 0.519531 0.178711 0.136719 0.000168562
3 0.577148 0.516602 0.435547 0.359375 0.000171661
10 0.824707 0.954102 0.135742 0.0917969 0.000172377
9 0.937012 0.496094 0.114258 0.232422 0.000178576
13 0.310547 0.156738 0.185547 0.0693359 0.000180721
13 0.165527 0.591797 0.0771484 0.0429688 0.000181079
13 0.748047 0.385254 0.0761719 0.0439453 0.000185609
10 0.830566 0.991699 0.0732422 0.0126953 0.000185609
13 0.305664 0.55957 0.115234 0.0917969 0.000187635
6 0.644531 0.15918 0.214844 0.0703125 0.000190973
3 0.956543 0.407715 0.0205078 0.0283203 0.000192642
11 0.381348 0.140137 0.0654297 0.0263672 0.000193596
6 0.288086 0.489258 0.130859 0.0742188 0.000197768
11 0.328125 0.130859 0.128906 0.0292969 0.000197768
11 0.709961 0.152832 0.0644531 0.0439453 0.000198364
7 0.839844 0.679688 0.0703125 0.0664062 0.000198483
3 0.583008 0.662109 0.449219 0.140625 0.000199556
11 0.678711 0.13916 0.0761719 0.0322266 0.000200152
7 0.553223 0.20459 0.0771484 0.137695 0.000205636
13 0.569336 0.172363 0.0976562 0.0849609 0.000205994
13 0.708496 0.407227 0.104492 0.0605469 0.000207186
8 0.730469 0.348145 0.0332031 0.0263672 0.000207901
1 0.63623 0.141113 0.180664 0.0439453 0.000208855
13 0.750488 0.0883789 0.422852 0.176758 0.000210762
9 0.254395 0.400391 0.291992 0.349609 0.000215054
8 0.24707 0.486816 0.130859 0.0888672 0.000215411
1 0.397461 0.22168 0.0800781 0.179688 0.000216007
13 0.198242 0.090332 0.388672 0.180664 0.000216961
13 0.180664 0.44043 0.0839844 0.03125 0.000218391
6 0.26123 0.514648 0.0986328 0.09375 0.000219226
8 0.248047 0.486816 0.0488281 0.0419922 0.000220299
7 0.305664 0.150391 0.142578 0.0527344 0.000220418
5 0.240234 0.512207 0.244141 0.182617 0.000221491
11 0.830078 0.977051 0.0800781 0.0380859 0.000223637
13 0.371094 0.240723 0.101562 0.200195 0.000223756
9 0.257324 0.496094 0.116211 0.0957031 0.000232458
7 0.813477 0.385254 0.0195312 0.0244141 0.000237346
10 0.648438 0.140625 0.167969 0.0371094 0.00023973
11 0.957031 0.40625 0.0195312 0.03125 0.000242233
0 0.519043 0.312988 0.108398 0.0908203 0.000243306
9 0.569336 0.172363 0.0976562 0.0849609 0.000243425
13 0.776367 0.40625 0.0351562 0.0507812 0.000246048
13 0.210449 0.279785 0.0517578 0.0380859 0.000247002
6 0.30127 0.540527 0.22168 0.188477 0.00025034
8 0.306152 0.57959 0.0224609 0.0244141 0.000255346
9 0.367188 0.266113 0.105469 0.211914 0.000256062
0 0.588867 0.337402 0.0683594 0.116211 0.000259638
0 0.587891 0.382324 0.320312 0.245117 0.000263691
11 0.271484 0.15918 0.0625 0.0429688 0.000265121
4 0.28125 0.516602 0.226562 0.199219 0.00026679
9 0.316406 0.578125 0.0371094 0.0273438 0.000283241
1 0.305664 0.150391 0.142578 0.0527344 0.000283957
0 0.644531 0.15918 0.214844 0.0703125 0.00028491
5 0.198242 0.090332 0.388672 0.180664 0.000294924
9 0.412109 0.239746 0.126953 0.21582 0.000301123
10 0.297363 0.155273 0.143555 0.0683594 0.000304461
11 0.849609 0.614258 0.046875 0.142578 0.000307083
8 0.644531 0.15918 0.214844 0.0703125 0.000310421
13 0.147461 0.443848 0.0488281 0.0244141 0.000313282
11 0.390137 0.170898 0.0771484 0.09375 0.000320673
11 0.813477 0.385254 0.0195312 0.0244141 0.000324965
9 0.310547 0.156738 0.185547 0.0693359 0.0003438
13 0.333984 0.190918 0.0488281 0.0908203 0.000344276
0 0.29248 0.527832 0.155273 0.133789 0.000344276
9 0.813477 0.385254 0.0195312 0.0244141 0.000345707
8 0.325195 0.583984 0.0488281 0.0410156 0.000346899
3 0.293457 0.52832 0.149414 0.136719 0.000347137
8 0.322754 0.570801 0.0322266 0.0185547 0.000361919
7 0.280762 0.511719 0.0771484 0.078125 0.000367641
11 0.856934 0.6875 0.0458984 0.0839844 0.000371218
13 0.957031 0.40625 0.0195312 0.03125 0.000371456
4 0.644531 0.15918 0.214844 0.0703125 0.000375748
8 0.397949 0.225098 0.0673828 0.168945 0.000379562
8 0.28125 0.567383 0.0195312 0.015625 0.000380039
6 0.240723 0.48877 0.131836 0.0791016 0.000380516
9 0.518066 0.363281 0.249023 0.191406 0.000382423
10 0.84082 0.651367 0.0683594 0.113281 0.000384808
8 0.280762 0.511719 0.0771484 0.078125 0.000386715
9 0.274902 0.514648 0.19043 0.183594 0.000394344
13 0.268555 0.375488 0.21875 0.21582 0.000395775
13 0.172363 0.458496 0.0947266 0.0576172 0.000396013
0 0.557129 0.327148 0.0791016 0.0957031 0.000411749
10 0.569336 0.171875 0.0957031 0.0859375 0.000411749
13 0.813477 0.385254 0.0195312 0.0244141 0.000413179
11 0.294922 0.147461 0.0625 0.0351562 0.000424862
11 0.359863 0.13916 0.0712891 0.0185547 0.000431776
11 0.321777 0.138672 0.0615234 0.0195312 0.000443459
13 0.291504 0.361816 0.143555 0.0478516 0.000447512
9 0.828125 0.666016 0.078125 0.0703125 0.00044775
12 0.26123 0.494629 0.0751953 0.0556641 0.000449896
11 0.25293 0.165527 0.101562 0.0634766 0.000452042
13 0.203125 0.449219 0.138672 0.0390625 0.000453234
6 0.305664 0.55957 0.115234 0.0917969 0.000467539
0 0.26123 0.495117 0.0712891 0.0527344 0.000484943
3 0.262695 0.495117 0.078125 0.0585938 0.00049305
10 0.260742 0.495117 0.0722656 0.0527344 0.000507355
13 0.343262 0.362305 0.0634766 0.0625 0.000508785
6 0.241699 0.512695 0.219727 0.15625 0.000512123
6 0.551758 0.341309 0.132812 0.133789 0.000513077
9 0.48877 0.435547 0.239258 0.355469 0.000524044
8 0.812988 0.38623 0.0205078 0.0244141 0.00053215
11 0.606934 0.182617 0.182617 0.130859 0.000550747
11 0.352539 0.174805 0.136719 0.103516 0.000556946
8 0.361328 0.34375 0.0175781 0.0136719 0.000564098
7 0.316406 0.579102 0.0351562 0.0253906 0.000564575
4 0.397949 0.225098 0.0673828 0.168945 0.000566483
1 0.569336 0.172363 0.0976562 0.0849609 0.000574112
13 0.203613 0.462891 0.145508 0.0859375 0.000577927
12 0.29248 0.527832 0.155273 0.133789 0.000586987
9 0.960938 0.40918 0.0253906 0.0585938 0.000593662
13 0.163574 0.447754 0.0810547 0.0302734 0.000604153
4 0.550781 0.341309 0.136719 0.133789 0.00061655
13 0.260742 0.378418 0.181641 0.0693359 0.000634193
7 0.551758 0.341309 0.132812 0.133789 0.000638008
2 0.644531 0.15918 0.214844 0.0703125 0.000660896
13 0.829102 0.67041 0.0742188 0.0556641 0.000662804
11 0.397949 0.223145 0.0810547 0.178711 0.00066328
10 0.291992 0.525879 0.142578 0.125977 0.000688076
5 0.275391 0.501465 0.107422 0.0693359 0.000699997
8 0.730957 0.352051 0.0224609 0.0166016 0.000710011
7 0.383789 0.27002 0.0859375 0.200195 0.000741959
13 0.241699 0.512695 0.219727 0.15625 0.000762463
6 0.398438 0.227539 0.0683594 0.171875 0.000775337
13 0.731445 0.395508 0.0761719 0.0371094 0.000782967
13 0.825195 0.189941 0.349609 0.379883 0.000788689
12 0.550781 0.341309 0.136719 0.133789 0.000803947
2 0.293457 0.52832 0.149414 0.136719 0.000814915
11 0.551758 0.343262 0.136719 0.139648 0.000828743
13 0.753906 0.293457 0.0214844 0.0400391 0.00083971
13 0.398438 0.227539 0.0683594 0.171875 0.000887394
5 0.551758 0.341309 0.132812 0.133789 0.000888824
13 0.254395 0.483887 0.118164 0.0830078 0.000905037
1 0.550781 0.342773 0.136719 0.138672 0.000911713
3 0.578125 0.547363 0.433594 0.155273 0.000918388
13 0.325684 0.347656 0.120117 0.162109 0.000934601
7 0.305664 0.55957 0.115234 0.0917969 0.000938892
11 0.37207 0.146484 0.123047 0.0371094 0.000966072
10 0.830078 0.978027 0.0800781 0.0400391 0.000992775
13 0.551758 0.343262 0.136719 0.139648 0.00102329
7 0.826172 0.65625 0.0800781 0.0898438 0.00102711
13 0.644531 0.15918 0.214844 0.0703125 0.00103378
11 0.26416 0.494629 0.0810547 0.0576172 0.00106525
3 0.644531 0.15918 0.214844 0.0703125 0.00112915
7 0.28125 0.516602 0.226562 0.199219 0.00115585
10 0.644531 0.15918 0.214844 0.0703125 0.00122643
12 0.655762 0.155273 0.206055 0.0800781 0.00123692
7 0.262207 0.492188 0.104492 0.123047 0.00126839
7 0.584473 0.600098 0.44043 0.165039 0.00131226
2 0.550781 0.341309 0.136719 0.133789 0.00133991
11 0.84082 0.651367 0.0683594 0.113281 0.0013485
8 0.552734 0.335938 0.130859 0.123047 0.00136471
13 0.354004 0.301758 0.102539 0.173828 0.00140095
11 0.293457 0.52832 0.149414 0.136719 0.00144291
12 0.584473 0.600098 0.44043 0.165039 0.00149155
11 0.584473 0.600098 0.44043 0.165039 0.00153351
9 0.644531 0.15918 0.214844 0.0703125 0.00153446
1 0.584473 0.600098 0.44043 0.165039 0.00159359
7 0.644531 0.15918 0.214844 0.0703125 0.00162125
1 0.644531 0.15918 0.214844 0.0703125 0.00162697
2 0.957031 0.40625 0.0195312 0.03125 0.00165939
8 0.584473 0.600098 0.44043 0.165039 0.00167084
4 0.584473 0.600098 0.44043 0.165039 0.00170898
7 0.569336 0.172363 0.0976562 0.0849609 0.00171661
11 0.301758 0.137207 0.0878906 0.0302734 0.00171852
2 0.584473 0.600098 0.44043 0.165039 0.0017767
11 0.706543 0.158691 0.114258 0.0712891 0.00179863
10 0.552734 0.335938 0.130859 0.123047 0.00186443
6 0.584473 0.600098 0.44043 0.165039 0.00187778
13 0.584473 0.600098 0.44043 0.165039 0.00189114
13 0.330078 0.341797 0.0703125 0.09375 0.00200081
13 0.33252 0.379395 0.0634766 0.110352 0.00203705
7 0.957031 0.40625 0.0195312 0.03125 0.00214195
1 0.293457 0.52832 0.149414 0.136719 0.00227928
2 0.263672 0.495605 0.0800781 0.0595703 0.00237465
5 0.584473 0.600098 0.44043 0.165039 0.0026226
9 0.551758 0.341309 0.132812 0.133789 0.00263786
9 0.584961 0.600098 0.445312 0.165039 0.00269127
11 0.63916 0.134766 0.124023 0.0234375 0.00269318
0 0.584473 0.600098 0.44043 0.165039 0.00308609
1 0.275391 0.501465 0.107422 0.0693359 0.00310135
10 0.584473 0.600098 0.44043 0.165039 0.00315666
11 0.592285 0.146484 0.0966797 0.0351562 0.00317383
11 0.557129 0.183105 0.0927734 0.102539 0.00377274
11 0.680176 0.145508 0.120117 0.0488281 0.00391769
3 0.551758 0.341309 0.132812 0.133789 0.00401688
0 0.505859 0.37207 0.21875 0.201172 0.00546646
8 0.316406 0.578125 0.0371094 0.0273438 0.00584793
11 0.308105 0.154297 0.182617 0.0800781 0.00637817
5 0.291016 0.529785 0.148438 0.133789 0.00640488
8 0.957031 0.40625 0.0195312 0.03125 0.00733185
9 0.397949 0.225098 0.0673828 0.168945 0.00747299
9 0.290039 0.518066 0.134766 0.112305 0.00801849
11 0.338867 0.140137 0.125 0.0244141 0.012291
9 0.263672 0.495605 0.0800781 0.0595703 0.0129395
6 0.26123 0.494629 0.0751953 0.0576172 0.0149841
13 0.289551 0.519043 0.147461 0.116211 0.0151367
7 0.397949 0.225098 0.0673828 0.168945 0.0152512
13 0.26123 0.494629 0.0751953 0.0556641 0.0152512
4 0.291992 0.512695 0.144531 0.103516 0.0187836
8 0.29248 0.513184 0.143555 0.104492 0.0222931
4 0.26416 0.494629 0.0810547 0.0576172 0.0315552
11 0.57666 0.163086 0.100586 0.0683594 0.0340576
11 0.28125 0.153809 0.109375 0.0556641 0.0345459
9 0.957031 0.406738 0.0195312 0.0302734 0.0429382
11 0.639648 0.154297 0.220703 0.0703125 0.0483704
6 0.293945 0.524902 0.148438 0.124023 0.0545044
11 0.314941 0.145996 0.141602 0.0400391 0.0724487
11 0.63623 0.140137 0.172852 0.0380859 0.0883179
7 0.29248 0.520996 0.147461 0.120117 0.095459
7 0.26416 0.494629 0.0810547 0.0576172 0.103027
8 0.263672 0.496094 0.0800781 0.0605469 0.220947
0 0.551758 0.341309 0.132812 0.133789 0.737793
3 0.586426 0.606445 0.446289 0.150391 0.752441
