11 0.306641 0.0908203 0.0722656 0.0195312 0.000102103
8 0.806641 0.317871 0.0195312 0.0224609 0.000103295
9 0.741699 0.519043 0.124023 0.125977 0.000103712
11 0.739258 0.566895 0.1875 0.25293 0.000103712
13 0.172852 0.609863 0.119141 0.100586 0.000103951
2 0.159668 0.367188 0.0107422 0.00976562 0.000105023
9 0.349609 0.641113 0.0332031 0.0341797 0.000106156
8 0.78418 0.602539 0.015625 0.0136719 0.00010699
9 0.802734 0.274902 0.03125 0.0263672 0.00010705
5 0.775879 0.580078 0.291992 0.324219 0.00010711
13 0.684082 0.23877 0.133789 0.19043 0.000107646
7 0.191895 0.501465 0.15918 0.286133 0.000107825
13 0.148926 0.483398 0.0458984 0.0175781 0.000107884
0 0.53125 0.965332 0.197266 0.0693359 0.000109017
13 0.801758 0.308594 0.0253906 0.0214844 0.000109375
13 0.76416 0.321289 0.0751953 0.0351562 0.000110388
7 0.533691 0.270996 0.0986328 0.0751953 0.00011152
7 0.244141 0.989746 0.193359 0.0205078 0.000111639
13 0.635254 0.338379 0.0615234 0.0888672 0.000112176
9 0.175781 0.566406 0.0742188 0.0546875 0.000112593
8 0.804688 0.604492 0.03125 0.0253906 0.00011313
9 0.347656 0.416016 0.214844 0.59375 0.000113487
8 0.580078 0.645508 0.0390625 0.0332031 0.000114083
8 0.217773 0.56543 0.171875 0.189453 0.000114501
12 0.533691 0.270996 0.0986328 0.0751953 0.000114679
7 0.178711 0.564941 0.113281 0.145508 0.000114977
8 0.665527 0.314941 0.0146484 0.0107422 0.000115097
11 0.344727 0.0888672 0.0585938 0.0175781 0.000115871
9 0.220703 0.95459 0.25 0.0888672 0.000115871
7 0.578613 0.0966797 0.0966797 0.0371094 0.00011611
4 0.217773 0.56543 0.171875 0.189453 0.000117242
8 0.142578 0.37207 0.0507812 0.0195312 0.000119269
13 0.280273 0.564453 0.166016 0.177734 0.000119567
5 0.533691 0.270996 0.0986328 0.0751953 0.000120223
9 0.178711 0.564941 0.113281 0.145508 0.00012064
12 0.741211 0.551758 0.167969 0.271484 0.000120759
2 0.217773 0.56543 0.171875 0.189453 0.000122905
1 0.744629 0.56543 0.149414 0.232422 0.000124335
10 0.696777 0.114746 0.0869141 0.0595703 0.000126123
5 0.717285 0.600098 0.116211 0.141602 0.000127196
8 0.171875 0.564453 0.0566406 0.0410156 0.000128508
5 0.324707 0.588379 0.110352 0.137695 0.000128865
7 0.284668 0.584473 0.165039 0.15332 0.000129104
9 0.259766 0.599121 0.189453 0.149414 0.000129819
9 0.411621 0.245117 0.0615234 0.136719 0.000130177
11 0.722168 0.131348 0.0458984 0.0341797 0.000131965
13 0.178711 0.564941 0.113281 0.145508 0.000132442
13 0.158691 0.491211 0.102539 0.0585938 0.000133753
13 0.716309 0.500977 0.141602 0.306641 0.000134349
11 0.591797 0.0991211 0.0488281 0.0263672 0.000134706
13 0.748535 0.628418 0.100586 0.108398 0.000135779
11 0.208008 0.989746 0.207031 0.0205078 0.000136495
13 0.681641 0.312988 0.113281 0.0556641 0.000136614
9 0.180176 0.491211 0.0693359 0.0429688 0.000136852
7 0.411133 0.941895 0.318359 0.116211 0.000137806
5 0.324219 0.297852 0.140625 0.148438 0.000137925
1 0.600586 0.101562 0.101562 0.0390625 0.000138164
9 0.301758 0.832031 0.449219 0.3125 0.000138879
5 0.205078 0.619629 0.162109 0.149414 0.00014019
9 0.782227 0.507324 0.111328 0.307617 0.000140309
11 0.351074 0.0976562 0.0732422 0.0253906 0.000140786
9 0.159668 0.367188 0.0107422 0.00976562 0.000141263
13 0.803711 0.304688 0.03125 0.046875 0.000145078
8 0.533691 0.270996 0.0986328 0.0751953 0.000147223
11 0.383789 0.081543 0.078125 0.0302734 0.000147343
8 0.329102 0.532227 0.0410156 0.0429688 0.00014782
9 0.0195312 0.404297 0.03125 0.162109 0.000148296
8 0.744629 0.56543 0.149414 0.232422 0.000148296
4 0.744629 0.56543 0.149414 0.232422 0.000148296
4 0.238281 0.439453 0.271484 0.470703 0.000148773
5 0.73291 0.476562 0.12793 0.0976562 0.000149131
11 0.262695 0.120117 0.123047 0.0859375 0.000150442
6 0.178711 0.564941 0.113281 0.145508 0.000151157
13 0.796875 0.274902 0.0273438 0.0166016 0.00015223
2 0.744629 0.56543 0.149414 0.232422 0.000152469
13 0.648438 0.155762 0.078125 0.0751953 0.000153542
6 0.766113 0.484863 0.137695 0.342773 0.000154018
7 0.244141 0.981934 0.289062 0.0361328 0.000154495
6 0.283691 0.583984 0.166992 0.15625 0.00015676
13 0.705566 0.283203 0.114258 0.152344 0.000157714
0 0.750488 0.541992 0.151367 0.263672 0.000158668
11 0.318359 0.090332 0.15625 0.0517578 0.000158668
7 0.749512 0.639648 0.0869141 0.0859375 0.000158787
13 0.796387 0.267578 0.0341797 0.0234375 0.000159025
5 0.690918 0.452148 0.196289 0.236328 0.000159144
9 0.703613 0.288574 0.141602 0.174805 0.000159383
11 0.238281 0.439453 0.271484 0.470703 0.000165224
9 0.262207 0.27002 0.161133 0.168945 0.000167727
10 0.531738 0.272461 0.102539 0.0800781 0.000173807
13 0.805664 0.287598 0.0332031 0.0498047 0.000176549
10 0.186523 0.990234 0.185547 0.0195312 0.000178337
13 0.533691 0.270996 0.0986328 0.0751953 0.000178933
6 0.70459 0.378418 0.147461 0.258789 0.000181317
5 0.732422 0.562988 0.105469 0.0986328 0.000182986
8 0.225586 0.241211 0.0273438 0.0273438 0.000185251
8 0.652832 0.648926 0.0361328 0.0283203 0.000187516
11 0.623535 0.116699 0.18457 0.100586 0.000191212
9 0.260742 0.327148 0.259766 0.275391 0.000191212
9 0.650391 0.175293 0.0703125 0.0595703 0.000191331
13 0.193359 0.503906 0.0566406 0.0507812 0.000191927
1 0.238281 0.439453 0.271484 0.470703 0.000192404
5 0.759766 0.374023 0.15625 0.324219 0.000195026
13 0.336914 0.274902 0.152344 0.182617 0.000195503
8 0.296387 0.446777 0.0146484 0.0146484 0.000196099
2 0.601074 0.108887 0.0380859 0.0224609 0.000197768
8 0.141602 0.524902 0.00976562 0.00878906 0.000201344
8 0.607422 0.10498 0.0625 0.0244141 0.000210047
8 0.662598 0.460938 0.0185547 0.0175781 0.000211
9 0.411621 0.918457 0.311523 0.15918 0.000211
11 0.801758 0.271484 0.03125 0.0234375 0.000212193
9 0.217285 0.608887 0.25293 0.245117 0.000212431
8 0.238281 0.439453 0.271484 0.470703 0.000215411
6 0.708496 0.501465 0.141602 0.325195 0.000216365
5 0.168457 0.563965 0.0654297 0.0849609 0.000216484
10 0.238281 0.439453 0.271484 0.470703 0.000217199
11 0.703125 0.119141 0.105469 0.09375 0.000217795
3 0.219238 0.558594 0.22168 0.242188 0.000221848
11 0.60791 0.0942383 0.0673828 0.0263672 0.000231028
9 0.38916 0.962891 0.325195 0.0722656 0.000231266
9 0.477539 0.312012 0.171875 0.254883 0.000234842
2 0.59082 0.111328 0.078125 0.0449219 0.000236034
13 0.164062 0.487793 0.0703125 0.0263672 0.000236154
7 0.348633 0.640137 0.0351562 0.0361328 0.000236511
5 0.265137 0.248047 0.151367 0.177734 0.000238657
13 0.616211 0.117188 0.0859375 0.0488281 0.000239968
8 0.328613 0.234375 0.0283203 0.0273438 0.000241995
2 0.238281 0.439453 0.271484 0.470703 0.000244856
6 0.20459 0.511719 0.12207 0.101562 0.000250578
11 0.60791 0.0844727 0.0712891 0.0166016 0.000252008
7 0.266113 0.944824 0.331055 0.110352 0.000252485
8 0.628418 0.620605 0.0126953 0.00878906 0.000270367
10 0.197754 0.958008 0.217773 0.0800781 0.000270844
2 0.411133 0.477051 0.0332031 0.0498047 0.000272036
13 0.260742 0.327148 0.259766 0.275391 0.000276566
11 0.38916 0.105469 0.0751953 0.0488281 0.000277042
6 0.191895 0.501465 0.15918 0.286133 0.000281096
2 0.568359 0.287598 0.0253906 0.0302734 0.000283957
13 0.18457 0.48877 0.0996094 0.0927734 0.00028801
9 0.10791 0.0942383 0.0830078 0.0634766 0.000288725
8 0.301758 0.243652 0.0214844 0.0224609 0.00028944
7 0.611816 0.100586 0.124023 0.0410156 0.000296116
8 0.638672 0.523438 0.0214844 0.0214844 0.000297546
2 0.533691 0.271484 0.0986328 0.078125 0.000302315
13 0.17041 0.609375 0.0673828 0.0195312 0.000306129
10 0.0869141 0.751465 0.0371094 0.0693359 0.000309229
13 0.262207 0.27002 0.161133 0.168945 0.000311613
13 0.632812 0.105957 0.179688 0.0517578 0.000317574
11 0.6875 0.109863 0.0527344 0.0380859 0.000319481
9 0.188965 0.492676 0.174805 0.291992 0.000319719
5 0.24707 0.509277 0.189453 0.188477 0.000327587
13 0.380371 0.268066 0.0771484 0.102539 0.000331879
9 0.748535 0.605957 0.112305 0.165039 0.000337362
11 0.533691 0.270996 0.0986328 0.0751953 0.00033927
13 0.57959 0.119141 0.0849609 0.0527344 0.000346184
5 0.765625 0.555176 0.113281 0.139648 0.000348806
11 0.358887 0.0849609 0.0615234 0.0195312 0.000355244
5 0.191895 0.364258 0.166992 0.324219 0.000362635
7 0.728027 0.60791 0.12207 0.12793 0.000363588
13 0.62207 0.364258 0.0605469 0.111328 0.000364304
11 0.772949 0.180664 0.0537109 0.0566406 0.000367165
7 0.534668 0.151367 0.0634766 0.146484 0.000372887
9 0.20459 0.511719 0.12207 0.101562 0.000373125
0 0.238281 0.439453 0.271484 0.470703 0.000375986
13 0.70459 0.378418 0.147461 0.258789 0.000377417
6 0.728516 0.60791 0.121094 0.12793 0.000377655
9 0.0195312 0.586426 0.0390625 0.313477 0.000378609
11 0.580566 0.0913086 0.0517578 0.0185547 0.000384808
7 0.702637 0.337891 0.104492 0.125 0.000396967
8 0.625 0.493164 0.0117188 0.0136719 0.000397444
6 0.703125 0.347168 0.105469 0.112305 0.000397921
7 0.601074 0.108887 0.0380859 0.0224609 0.000402689
9 0.615234 0.100586 0.140625 0.0371094 0.000408411
9 0.70459 0.378418 0.147461 0.258789 0.000413179
5 0.723633 0.300781 0.140625 0.175781 0.000413418
7 0.648926 0.172852 0.0732422 0.0664062 0.000418663
4 0.720215 0.458984 0.237305 0.447266 0.000421047
11 0.720215 0.458984 0.237305 0.447266 0.000422478
11 0.583008 0.081543 0.0859375 0.0224609 0.000434399
7 0.238281 0.439453 0.271484 0.470703 0.000444174
13 0.672363 0.324219 0.161133 0.177734 0.000444651
3 0.739258 0.541504 0.158203 0.290039 0.00046134
5 0.179199 0.492676 0.0791016 0.0517578 0.000465393
9 0.702637 0.337891 0.104492 0.125 0.000468969
12 0.246582 0.430664 0.286133 0.5 0.000474453
10 0.720215 0.458984 0.237305 0.447266 0.00047493
0 0.505859 0.288574 0.15625 0.112305 0.000482798
9 0.531738 0.272461 0.102539 0.0800781 0.000486374
9 0.275879 0.92041 0.323242 0.157227 0.000490665
7 0.598633 0.109375 0.0722656 0.0332031 0.000499249
8 0.651855 0.175781 0.0654297 0.0546875 0.000506878
8 0.643555 0.618652 0.0527344 0.0498047 0.000507355
1 0.720215 0.458984 0.237305 0.447266 0.000509262
5 0.227051 0.548828 0.120117 0.121094 0.000511646
7 0.345215 0.963379 0.350586 0.0712891 0.0005126
8 0.720215 0.458984 0.237305 0.447266 0.00052166
3 0.533691 0.925293 0.473633 0.149414 0.000527859
11 0.0869141 0.751465 0.0371094 0.0693359 0.000541687
13 0.297852 0.304199 0.140625 0.118164 0.000562668
10 0.208008 0.981934 0.228516 0.0361328 0.000565529
5 0.236328 0.436523 0.21875 0.246094 0.000572205
13 0.806641 0.414062 0.0371094 0.0136719 0.000589371
5 0.244141 0.296875 0.152344 0.160156 0.000625134
2 0.720215 0.458984 0.237305 0.447266 0.000628948
11 0.322266 0.0854492 0.0839844 0.0185547 0.000647545
10 0.848633 0.769531 0.0253906 0.03125 0.000650883
11 0.548828 0.102051 0.0605469 0.0341797 0.000653267
5 0.177734 0.486328 0.111328 0.117188 0.000664711
5 0.741699 0.511719 0.12207 0.109375 0.000699997
13 0.19873 0.505859 0.137695 0.152344 0.000705242
11 0.848633 0.769531 0.0253906 0.03125 0.000710487
8 0.350098 0.628906 0.0322266 0.0253906 0.000719547
13 0.344727 0.300781 0.107422 0.111328 0.000723839
8 0.160156 0.367676 0.0117188 0.0107422 0.000727177
11 0.674805 0.100586 0.0820312 0.0429688 0.00073719
5 0.736328 0.496094 0.175781 0.183594 0.000741005
9 0.601074 0.108887 0.0380859 0.0224609 0.000746727
9 0.0302734 0.532227 0.0605469 0.486328 0.000768185
9 0.455078 0.618652 0.154297 0.268555 0.000780106
0 0.727051 0.463379 0.223633 0.432617 0.000813484
11 0.350098 0.102539 0.12207 0.0429688 0.000854015
13 0.224121 0.46582 0.217773 0.402344 0.000867844
8 0.572754 0.332031 0.0205078 0.015625 0.000885963
9 0.591797 0.110352 0.078125 0.0410156 0.000906467
8 0.60498 0.108398 0.0341797 0.0214844 0.000944138
12 0.720215 0.458984 0.237305 0.447266 0.000945091
11 0.233887 0.124023 0.0673828 0.0605469 0.000955105
13 0.802734 0.274902 0.03125 0.0263672 0.000959396
11 0.598145 0.11084 0.104492 0.0673828 0.00096035
3 0.532715 0.269531 0.100586 0.0742188 0.000967026
13 0.141113 0.371094 0.0537109 0.0175781 0.00103664
5 0.669434 0.461426 0.276367 0.512695 0.00103951
8 0.650391 0.541016 0.015625 0.0175781 0.00108528
9 0.535645 0.153809 0.0615234 0.143555 0.00109673
10 0.266113 0.944824 0.331055 0.110352 0.00113869
8 0.629883 0.604004 0.0488281 0.0361328 0.00116444
7 0.720215 0.458984 0.237305 0.447266 0.00117016
11 0.59668 0.0913086 0.134766 0.0478516 0.0011816
5 0.173828 0.565918 0.115234 0.15332 0.00118732
8 0.783691 0.601562 0.00878906 0.00976562 0.00121021
13 0.702637 0.337891 0.104492 0.125 0.00121784
5 0.260254 0.317383 0.249023 0.277344 0.00126362
8 0.259766 0.506348 0.0195312 0.0166016 0.00126457
7 0.217773 0.56543 0.171875 0.189453 0.00129986
3 0.238281 0.439453 0.271484 0.470703 0.00134087
7 0.744629 0.56543 0.149414 0.232422 0.00137424
5 0.749023 0.620117 0.103516 0.134766 0.00139809
9 0.0166016 0.47998 0.0332031 0.37207 0.00143147
11 0.541016 0.141113 0.0664062 0.139648 0.00143528
13 0.600586 0.101562 0.101562 0.0390625 0.00146484
8 0.349609 0.640137 0.0371094 0.0361328 0.00149155
11 0.601074 0.108887 0.0380859 0.0224609 0.00152969
11 0.640625 0.0942383 0.0996094 0.0263672 0.00156021
6 0.238281 0.439453 0.271484 0.470703 0.00157166
11 0.288086 0.104492 0.130859 0.0527344 0.00158405
5 0.700684 0.345703 0.104492 0.123047 0.00183487
5 0.214355 0.609863 0.235352 0.229492 0.0018549
5 0.20459 0.510742 0.125977 0.107422 0.00199127
5 0.270508 0.578125 0.193359 0.177734 0.00210571
13 0.180176 0.491211 0.0693359 0.0429688 0.00211143
11 0.391602 0.0947266 0.0566406 0.0214844 0.00211716
5 0.773926 0.509766 0.116211 0.300781 0.0021553
13 0.20459 0.510254 0.116211 0.0791016 0.00226021
10 0.0893555 0.751465 0.0302734 0.0380859 0.00232697
11 0.660156 0.109375 0.154297 0.0683594 0.00237656
11 0.55957 0.110352 0.0859375 0.0625 0.00242233
11 0.251953 0.112305 0.0800781 0.0546875 0.00242615
11 0.0893555 0.750977 0.0302734 0.0351562 0.00270081
3 0.720215 0.458984 0.237305 0.447266 0.00279999
11 0.321289 0.0917969 0.132812 0.0273438 0.00292969
11 0.609375 0.0864258 0.119141 0.0224609 0.00298691
13 0.744629 0.56543 0.149414 0.232422 0.00307846
13 0.723633 0.460938 0.224609 0.443359 0.00308228
5 0.70459 0.378418 0.147461 0.258789 0.00360298
11 0.560547 0.0922852 0.0625 0.0224609 0.00360298
9 0.21582 0.557617 0.166016 0.195312 0.00387383
13 0.217773 0.56543 0.171875 0.189453 0.00389671
11 0.584473 0.11084 0.0693359 0.0400391 0.0040741
13 0.601074 0.108887 0.0380859 0.0224609 0.00419235
6 0.744629 0.56543 0.149414 0.232422 0.00428391
13 0.597656 0.109863 0.0703125 0.0341797 0.00433731
6 0.720215 0.458984 0.237305 0.447266 0.00465012
6 0.217773 0.56543 0.171875 0.189453 0.00468826
11 0.61084 0.107422 0.0908203 0.03125 0.00470734
11 0.374512 0.0932617 0.0849609 0.0419922 0.00471497
5 0.188965 0.492676 0.174805 0.291992 0.00485229
11 0.711914 0.12207 0.0605469 0.0449219 0.00516129
9 0.23291 0.439941 0.256836 0.452148 0.00605774
9 0.743652 0.552246 0.157227 0.260742 0.00634384
9 0.47168 0.457031 0.162109 0.496094 0.0108185
9 0.72998 0.451172 0.206055 0.439453 0.0145264
11 0.631348 0.101074 0.15918 0.0400391 0.0181274
11 0.353027 0.0869141 0.110352 0.0253906 0.0193481
11 0.579102 0.0947266 0.0859375 0.03125 0.0270233
11 0.689453 0.112793 0.0898438 0.0517578 0.0271912
11 0.375 0.0908203 0.0683594 0.0214844 0.0601501
5 0.21582 0.557617 0.166016 0.195312 0.067749
5 0.73877 0.568359 0.143555 0.234375 0.0723267
5 0.235352 0.438965 0.263672 0.459961 0.122437
0 0.533691 0.270996 0.0986328 0.0751953 0.172241
5 0.734863 0.47168 0.186523 0.404297 0.258545
