0 0.452148 0.25 0.292969 0.289062 0.000101686
3 0.636719 0.947266 0.421875 0.103516 0.000102818
7 0.864258 0.853516 0.15625 0.244141 0.000102997
6 0.561035 0.216797 0.250977 0.181641 0.000103712
5 0.755859 0.347656 0.273438 0.207031 0.000104427
9 0.433105 0.477539 0.12793 0.203125 0.000105143
12 0.359375 0.147949 0.28125 0.186523 0.000106394
5 0.258789 0.274902 0.205078 0.0908203 0.000106871
4 0.561035 0.216797 0.250977 0.181641 0.00010699
9 0.217773 0.950195 0.314453 0.0976562 0.00010699
9 0.685059 0.113281 0.204102 0.119141 0.00010711
9 0.629883 0.190918 0.177734 0.163086 0.000107646
9 0.0405273 0.379395 0.0810547 0.481445 0.000108063
10 0.916016 0.612305 0.0996094 0.107422 0.000111699
1 0.78125 0.353027 0.318359 0.483398 0.000112057
0 0.421387 0.316406 0.0478516 0.0351562 0.000112653
12 0.506836 0.94043 0.558594 0.119141 0.000112951
11 0.635254 0.0698242 0.0615234 0.0146484 0.00011307
0 0.769043 0.755859 0.383789 0.4375 0.000113964
5 0.837891 0.507812 0.232422 0.232422 0.000114918
10 0.508301 0.918457 0.555664 0.163086 0.000116169
0 0.494629 0.226562 0.211914 0.138672 0.000117958
8 0.315918 0.228516 0.0205078 0.0234375 0.000119686
12 0.778809 0.880859 0.313477 0.230469 0.000121474
6 0.249023 0.685059 0.417969 0.573242 0.000122309
11 0.740234 0.10498 0.291016 0.125977 0.000122428
5 0.850586 0.399902 0.134766 0.178711 0.000123382
9 0.675293 0.33252 0.381836 0.280273 0.000124454
10 0.84375 0.958984 0.158203 0.0820312 0.000124574
6 0.77002 0.771484 0.374023 0.441406 0.000125051
9 0.0136719 0.431152 0.0273438 0.319336 0.000126004
8 0.78125 0.353027 0.318359 0.483398 0.000126362
10 0.112793 0.984375 0.0947266 0.0292969 0.000127792
0 0.598633 0.231445 0.169922 0.123047 0.000127792
1 0.74707 0.772461 0.425781 0.451172 0.000128388
10 0.78125 0.353027 0.318359 0.483398 0.000128508
2 0.227539 0.684082 0.380859 0.56543 0.000128627
11 0.74707 0.772461 0.425781 0.451172 0.000129461
2 0.248535 0.196289 0.0537109 0.0566406 0.000130177
9 0.0957031 0.837891 0.138672 0.296875 0.000130415
9 0.141113 0.411133 0.249023 0.376953 0.000133634
9 0.864746 0.741211 0.194336 0.353516 0.000133753
2 0.543945 0.140137 0.0292969 0.0380859 0.000133991
9 0.412598 0.117676 0.176758 0.12793 0.000134349
3 0.755371 0.566895 0.438477 0.133789 0.000134587
9 0.629395 0.186035 0.106445 0.116211 0.000135183
10 0.556641 0.213379 0.25 0.18457 0.00014019
5 0.217285 0.365723 0.243164 0.180664 0.000140429
9 0.0571289 0.493652 0.114258 0.616211 0.000140905
3 0.745117 0.697266 0.40625 0.289062 0.000141025
8 0.77002 0.771484 0.374023 0.441406 0.000142574
9 0.240234 0.277344 0.109375 0.0664062 0.00014317
9 0.312988 0.177734 0.37793 0.310547 0.000144005
9 0.634277 0.251953 0.383789 0.201172 0.000144124
2 0.78125 0.353027 0.318359 0.483398 0.000144958
0 0.626953 0.296875 0.335938 0.154297 0.000145793
9 0.696777 0.645508 0.53418 0.25 0.000146031
5 0.821289 0.872559 0.236328 0.249023 0.000146389
9 0.543945 0.139648 0.0292969 0.0371094 0.000146985
0 0.520508 0.190918 0.152344 0.100586 0.000149727
4 0.74707 0.772461 0.425781 0.451172 0.000149846
0 0.636719 0.222656 0.0976562 0.0976562 0.000151277
7 0.790527 0.589844 0.366211 0.152344 0.000152111
13 0.648438 0.211426 0.0820312 0.0869141 0.000156045
9 0.398438 0.325684 0.0742188 0.0556641 0.00015676
10 0.864258 0.853516 0.15625 0.244141 0.000157118
7 0.417969 0.313965 0.0761719 0.0634766 0.000158072
7 0.864746 0.921875 0.135742 0.15625 0.000158548
10 0.842285 0.589355 0.264648 0.151367 0.000158906
6 0.778809 0.880859 0.313477 0.230469 0.00016284
1 0.55957 0.210938 0.236328 0.154297 0.000163555
11 0.888672 0.94043 0.0878906 0.117188 0.000165224
8 0.227539 0.684082 0.380859 0.56543 0.000166416
7 0.508301 0.918457 0.555664 0.163086 0.000166893
9 0.787109 0.503418 0.345703 0.295898 0.000167012
9 0.0507812 0.264648 0.101562 0.529297 0.000167847
3 0.289062 0.59082 0.533203 0.300781 0.000169754
3 0.643066 0.310547 0.541992 0.316406 0.000170112
9 0.685547 0.330078 0.210938 0.449219 0.000171065
2 0.223145 0.280273 0.0673828 0.0507812 0.000175118
5 0.55957 0.210938 0.236328 0.154297 0.000175357
9 0.23877 0.291504 0.227539 0.223633 0.000177979
10 0.173828 0.780273 0.25 0.125 0.000178337
11 0.369629 0.0791016 0.239258 0.111328 0.000179768
7 0.291504 0.931641 0.286133 0.130859 0.000182629
0 0.660645 0.22168 0.163086 0.173828 0.000183105
9 0.789551 0.182617 0.399414 0.326172 0.000184059
9 0.435059 0.269043 0.12793 0.174805 0.000184536
7 0.420898 0.315918 0.0527344 0.0361328 0.000185609
0 0.42334 0.319336 0.0908203 0.0625 0.000190616
3 0.452148 0.520508 0.773438 0.341797 0.000191212
3 0.424316 0.97998 0.442383 0.0400391 0.000193119
5 0.312988 0.177734 0.37793 0.310547 0.000195146
3 0.398926 0.845703 0.608398 0.298828 0.000196815
0 0.78125 0.353027 0.318359 0.483398 0.000198603
3 0.459961 0.654785 0.919922 0.393555 0.000200391
10 0.10791 0.95752 0.110352 0.0849609 0.000200748
9 0.226562 0.287109 0.0664062 0.0410156 0.000203252
11 0.67041 0.101074 0.15918 0.0908203 0.000203848
3 0.625 0.980469 0.447266 0.0371094 0.000205278
9 0.42041 0.444336 0.250977 0.251953 0.000208735
12 0.871094 0.595215 0.257812 0.157227 0.000208855
10 0.176758 0.953125 0.244141 0.0898438 0.000210166
8 0.561035 0.216797 0.250977 0.181641 0.000211954
2 0.649902 0.224609 0.116211 0.144531 0.000212193
9 0.415527 0.353516 0.131836 0.152344 0.000212669
12 0.554688 0.195801 0.230469 0.135742 0.000216603
9 0.648438 0.211426 0.0820312 0.0869141 0.000216722
9 0.163574 0.42041 0.217773 0.202148 0.000221372
7 0.78125 0.353027 0.318359 0.483398 0.000221372
10 0.0834961 0.689941 0.149414 0.594727 0.000222325
9 0.696289 0.574219 0.177734 0.115234 0.00022459
9 0.171875 0.162598 0.34375 0.299805 0.000226021
0 0.621094 0.219238 0.363281 0.22168 0.000228643
8 0.648438 0.211426 0.0820312 0.0869141 0.000229478
8 0.349121 0.31543 0.0146484 0.0117188 0.000230551
9 0.349609 0.59668 0.634766 0.289062 0.000233293
4 0.769531 0.870117 0.320312 0.259766 0.000235081
11 0.435547 0.0727539 0.121094 0.0283203 0.000236034
7 0.225586 0.956055 0.310547 0.0839844 0.000238061
9 0.0717773 0.642578 0.141602 0.630859 0.00023973
11 0.227539 0.684082 0.380859 0.56543 0.000242591
10 0.74707 0.772461 0.425781 0.451172 0.000243545
11 0.554688 0.195801 0.230469 0.135742 0.000244379
9 0.133789 0.520508 0.189453 0.166016 0.000252008
5 0.253906 0.549805 0.421875 0.25 0.0002563
9 0.876465 0.578613 0.211914 0.155273 0.000259161
13 0.78125 0.353027 0.318359 0.483398 0.000264645
10 0.18457 0.790039 0.347656 0.267578 0.000265598
11 0.663086 0.0786133 0.132812 0.0400391 0.000272274
0 0.227539 0.684082 0.380859 0.56543 0.000272512
9 0.0283203 0.610352 0.0566406 0.414062 0.000273943
3 0.762207 0.498535 0.37793 0.319336 0.000280142
11 0.291016 0.285156 0.376953 0.410156 0.000282526
9 0.41748 0.310059 0.114258 0.106445 0.000285625
5 0.839844 0.367676 0.189453 0.348633 0.000285625
5 0.268555 0.462402 0.435547 0.12793 0.000293016
1 0.227539 0.684082 0.380859 0.56543 0.000294447
9 0.043457 0.321777 0.0869141 0.170898 0.000297546
9 0.553711 0.780762 0.638672 0.438477 0.000299454
4 0.291016 0.285156 0.376953 0.410156 0.000302792
5 0.227539 0.684082 0.380859 0.56543 0.000304937
11 0.394043 0.115723 0.21582 0.12207 0.000319242
13 0.580078 0.437012 0.443359 0.295898 0.000320196
4 0.249023 0.685059 0.417969 0.573242 0.000320673
10 0.864746 0.921875 0.135742 0.15625 0.000322104
9 0.78418 0.947754 0.271484 0.100586 0.000325918
2 0.55957 0.210938 0.236328 0.154297 0.000338554
1 0.291016 0.285156 0.376953 0.410156 0.000340223
10 0.78418 0.947754 0.271484 0.100586 0.000344753
6 0.580078 0.437012 0.443359 0.295898 0.000351667
10 0.287598 0.300293 0.374023 0.413086 0.000352859
9 0.0585938 0.212891 0.0820312 0.121094 0.000353098
12 0.78125 0.353027 0.318359 0.483398 0.000356436
10 0.26709 0.731934 0.391602 0.313477 0.000361443
5 0.77002 0.771484 0.374023 0.441406 0.000363111
9 0.458984 0.154785 0.105469 0.174805 0.000368834
8 0.291016 0.285156 0.376953 0.410156 0.00037384
9 0.507812 0.963379 0.568359 0.0732422 0.000374556
5 0.289062 0.363281 0.240234 0.292969 0.000376225
9 0.452148 0.25 0.292969 0.289062 0.0003829
7 0.444824 0.156738 0.118164 0.180664 0.000384331
7 0.774902 0.938965 0.280273 0.118164 0.000399113
7 0.580078 0.437012 0.443359 0.295898 0.000401258
9 0.398926 0.845703 0.608398 0.298828 0.000404358
9 0.282227 0.448242 0.496094 0.511719 0.000404835
10 0.778809 0.880859 0.313477 0.230469 0.000410557
9 0.141602 0.73877 0.212891 0.469727 0.00041604
2 0.650879 0.217285 0.0322266 0.0361328 0.00041604
13 0.55957 0.210938 0.236328 0.154297 0.000418901
4 0.580078 0.437012 0.443359 0.295898 0.000420332
2 0.291016 0.285156 0.376953 0.410156 0.000440121
9 0.658203 0.887695 0.5 0.212891 0.000445366
9 0.148438 0.481445 0.140625 0.0996094 0.000454903
3 0.227539 0.684082 0.380859 0.56543 0.000456095
11 0.586426 0.437988 0.426758 0.27832 0.000463486
1 0.586426 0.437988 0.426758 0.27832 0.000474215
5 0.789551 0.182617 0.399414 0.326172 0.000478506
0 0.573242 0.164062 0.212891 0.0996094 0.00049448
9 0.0229492 0.440918 0.0458984 0.200195 0.000505924
5 0.757324 0.499512 0.411133 0.389648 0.000506401
3 0.561035 0.216797 0.250977 0.181641 0.000523567
12 0.227539 0.684082 0.380859 0.56543 0.00053215
9 0.508301 0.918457 0.555664 0.163086 0.00054884
5 0.291992 0.26709 0.296875 0.178711 0.000556469
10 0.130371 0.921875 0.15918 0.154297 0.000560284
2 0.580078 0.437012 0.443359 0.295898 0.000564575
0 0.287598 0.300293 0.374023 0.413086 0.000576019
9 0.420898 0.315918 0.0527344 0.0361328 0.000585079
8 0.580078 0.437012 0.443359 0.295898 0.000591755
11 0.40332 0.0805664 0.0742188 0.0322266 0.000610352
9 0.441406 0.189453 0.181641 0.234375 0.000624657
3 0.658203 0.887695 0.5 0.212891 0.000632763
9 0.230957 0.449707 0.407227 0.18457 0.000641346
3 0.508789 0.918945 0.544922 0.162109 0.0006423
12 0.74707 0.772461 0.425781 0.451172 0.000646114
9 0.551758 0.288574 0.359375 0.317383 0.000646114
2 0.416504 0.317871 0.0810547 0.0615234 0.000664234
6 0.78125 0.353027 0.318359 0.483398 0.000684261
12 0.586426 0.437988 0.426758 0.27832 0.000704765
10 0.581543 0.438477 0.432617 0.294922 0.000723839
12 0.291016 0.285156 0.376953 0.410156 0.000723839
9 0.817871 0.881836 0.233398 0.226562 0.000727654
7 0.77002 0.771484 0.374023 0.441406 0.000728607
5 0.773926 0.272461 0.239258 0.238281 0.000813007
9 0.417969 0.313965 0.0761719 0.0634766 0.000854969
10 0.0957031 0.837891 0.138672 0.296875 0.000910282
2 0.650391 0.218262 0.046875 0.0576172 0.000957012
7 0.291016 0.285156 0.376953 0.410156 0.000971794
2 0.648438 0.211426 0.0820312 0.0869141 0.000976086
9 0.833496 0.628906 0.262695 0.193359 0.00098896
3 0.78125 0.353027 0.318359 0.483398 0.000994682
11 0.394043 0.0966797 0.141602 0.0761719 0.00101471
8 0.348633 0.249512 0.0253906 0.0185547 0.00101471
5 0.282227 0.448242 0.496094 0.511719 0.00101852
7 0.249023 0.685059 0.417969 0.573242 0.00109005
2 0.421387 0.316406 0.0478516 0.0351562 0.00111485
0 0.587402 0.41748 0.444336 0.323242 0.00111675
13 0.291016 0.285156 0.376953 0.410156 0.00117016
5 0.789551 0.560059 0.352539 0.174805 0.00119019
0 0.557617 0.263184 0.259766 0.15918 0.00129223
9 0.248535 0.196289 0.0537109 0.0566406 0.001297
9 0.556641 0.213379 0.25 0.18457 0.00136566
11 0.387207 0.0893555 0.0966797 0.0498047 0.00145817
5 0.584473 0.435547 0.418945 0.269531 0.00147057
7 0.778809 0.880859 0.313477 0.230469 0.00147438
2 0.250488 0.882324 0.313477 0.231445 0.00157356
3 0.65625 0.777832 0.580078 0.420898 0.0015955
9 0.108398 0.53125 0.212891 0.365234 0.00161743
8 0.417969 0.313965 0.0761719 0.0634766 0.00162125
9 0.587402 0.41748 0.444336 0.323242 0.00171661
5 0.250488 0.882324 0.313477 0.231445 0.00181675
0 0.250488 0.882324 0.313477 0.231445 0.00185871
5 0.244141 0.432617 0.376953 0.265625 0.00188541
9 0.177734 0.483398 0.240234 0.158203 0.00190163
0 0.549805 0.282715 0.341797 0.297852 0.00198746
3 0.241699 0.882324 0.323242 0.229492 0.00207901
9 0.78125 0.353027 0.318359 0.483398 0.00229073
6 0.291016 0.285156 0.376953 0.410156 0.00301361
3 0.507812 0.963379 0.568359 0.0732422 0.00303841
3 0.287598 0.300293 0.374023 0.413086 0.00321579
13 0.250488 0.882324 0.313477 0.231445 0.0034008
11 0.250488 0.882324 0.313477 0.231445 0.00353622
9 0.254395 0.533203 0.438477 0.253906 0.00370789
9 0.0239258 0.351074 0.0478516 0.15918 0.00372505
10 0.139648 0.739258 0.212891 0.455078 0.00374031
9 0.227539 0.684082 0.380859 0.56543 0.00382996
1 0.250977 0.883301 0.3125 0.233398 0.00424576
9 0.287598 0.300293 0.374023 0.413086 0.00428391
8 0.316406 0.22998 0.0136719 0.0107422 0.00441742
12 0.250488 0.882324 0.313477 0.231445 0.00479126
8 0.420898 0.315918 0.0527344 0.0361328 0.00493622
9 0.050293 0.500488 0.100586 0.55957 0.00773621
9 0.769043 0.755859 0.383789 0.4375 0.00798798
9 0.765137 0.584961 0.411133 0.148438 0.00841522
6 0.250488 0.882324 0.313477 0.231445 0.00875092
11 0.420898 0.0830078 0.138672 0.0410156 0.0088501
9 0.251953 0.883301 0.3125 0.233398 0.0157013
9 0.0244141 0.47998 0.0488281 0.452148 0.0163879
8 0.250977 0.883301 0.326172 0.227539 0.0179596
10 0.241699 0.882324 0.323242 0.229492 0.0227051
4 0.250977 0.883301 0.3125 0.233398 0.0284271
10 0.224121 0.708496 0.383789 0.583008 0.0317383
5 0.78125 0.353027 0.318359 0.483398 0.0345459
0 0.555664 0.204102 0.236328 0.146484 0.0618591
7 0.250977 0.883301 0.3125 0.233398 0.0925293
3 0.580566 0.441406 0.438477 0.283203 0.124207
5 0.286133 0.300781 0.376953 0.398438 0.143921
