6 0.181152 0.136719 0.350586 0.273438 0.000100315
11 0.751953 0.194824 0.0800781 0.0712891 0.000100911
9 0.750977 0.27832 0.0332031 0.0664062 0.000101805
3 1 0.650391 0 0.167969 0.000102341
10 0.340332 0.158203 0.131836 0.0625 0.000103176
8 0.661133 0.436035 0.00976562 0.00878906 0.000104189
0 0.23584 0.817871 0.381836 0.182617 0.000104487
3 0.872559 0.842285 0.147461 0.104492 0.000105321
1 0.650391 0.148926 0.107422 0.0244141 0.000106096
11 0.352051 0.179199 0.165039 0.133789 0.000108957
7 0.635742 0.148926 0.115234 0.0283203 0.000109315
11 0.616699 0.151855 0.0615234 0.0224609 0.000112891
11 0.00537109 0.989258 0.00878906 0.0214844 0.000113785
8 0.802246 0.993164 0.0224609 0.0117188 0.000114799
6 0.163086 0.0541992 0.300781 0.108398 0.000115812
13 0.380371 0.556641 0.0517578 0.0878906 0.000116348
7 0.321289 0.165039 0.115234 0.0722656 0.000117421
7 0.206055 0.539551 0.115234 0.202148 0.000118136
11 0.245605 0.219727 0.0869141 0.0722656 0.000118852
8 0.972656 0.431152 0.0546875 0.12793 0.000119388
11 0.378418 0.135254 0.0751953 0.0244141 0.000119448
13 0.387207 0.289551 0.0849609 0.0751953 0.000123978
9 0.718262 0.431641 0.282227 0.458984 0.000124931
3 0.51709 0.336426 0.225586 0.147461 0.000127435
12 0.187988 0.12207 0.344727 0.244141 0.000127792
13 0.805664 0.589844 0.0664062 0.0273438 0.000130653
10 0.650391 0.148926 0.107422 0.0244141 0.000132442
1 0.318848 0.161133 0.106445 0.0546875 0.00013411
12 0.795898 0.097168 0.408203 0.194336 0.000136614
9 0.182129 0.12207 0.358398 0.244141 0.000140071
9 0.77002 0.539062 0.139648 0.173828 0.000140429
13 0.369141 0.228516 0.146484 0.146484 0.000141621
13 0.187988 0.0688477 0.301758 0.137695 0.000146747
3 0.183594 0.0874023 0.367188 0.174805 0.000148416
13 0.194824 0.446777 0.0537109 0.0185547 0.000149012
9 0.648926 0.160156 0.172852 0.0683594 0.000151634
9 0.277832 0.269531 0.0458984 0.126953 0.00015676
7 0.77002 0.539062 0.139648 0.173828 0.000157714
10 0.851562 0.674316 0.03125 0.0517578 0.000159264
3 0.25 0.180664 0.5 0.361328 0.000162005
11 0.421875 0.144043 0.0585938 0.0166016 0.000165462
6 0.578613 0.324219 0.104492 0.109375 0.000166416
13 0.769531 0.572266 0.128906 0.0957031 0.0001688
9 0.456543 0.327637 0.0361328 0.0302734 0.00017035
11 0.604004 0.180176 0.0634766 0.0419922 0.000170588
8 0.181152 0.136719 0.350586 0.273438 0.000175357
0 0.208008 0.802734 0.169922 0.173828 0.000177622
9 0.496094 0.4375 0.214844 0.400391 0.000179768
7 0.972656 0.431152 0.0546875 0.12793 0.000184298
3 0.54834 0.623047 0.374023 0.111328 0.000185609
11 0.582031 0.179688 0.0429688 0.03125 0.000186086
9 0.356445 0.15918 0.175781 0.0683594 0.000187159
11 0.851562 0.674316 0.03125 0.0556641 0.000187278
8 0.166504 0.624512 0.0185547 0.0205078 0.000195146
13 0.321289 0.165039 0.115234 0.0722656 0.000198007
2 0.181152 0.136719 0.350586 0.273438 0.000203371
4 0.578613 0.324219 0.104492 0.109375 0.000207901
13 0.205078 0.439941 0.0566406 0.0283203 0.000208497
10 0.13623 0.680664 0.0302734 0.0371094 0.000210762
6 0.54248 0.569336 0.387695 0.158203 0.000215411
7 0.578613 0.324219 0.104492 0.109375 0.000223041
11 0.300293 0.167969 0.0517578 0.0429688 0.000225425
8 0.45752 0.327637 0.0341797 0.0322266 0.000228763
9 0.29541 0.401855 0.295898 0.47168 0.000230789
4 0.543945 0.575684 0.390625 0.157227 0.000232816
11 0.594238 0.154785 0.0673828 0.0380859 0.000240207
0 0.580566 0.311523 0.0517578 0.0683594 0.000244856
13 0.743652 0.277832 0.0654297 0.0966797 0.000249624
2 0.45752 0.327148 0.0361328 0.0332031 0.000250101
2 0.187988 0.0688477 0.301758 0.137695 0.000258207
7 0.541992 0.57373 0.382812 0.124023 0.000259638
3 0.78418 0.0966797 0.431641 0.193359 0.000261784
10 0.174316 0.102539 0.348633 0.205078 0.000263214
8 0.543945 0.575684 0.390625 0.157227 0.000263929
12 0.57666 0.322266 0.106445 0.107422 0.000272274
1 0.541992 0.574707 0.380859 0.12207 0.000282288
13 0.181152 0.136719 0.350586 0.273438 0.000290155
13 0.541992 0.574707 0.380859 0.12207 0.000293493
11 0.136719 0.680176 0.0292969 0.0400391 0.000293493
9 0.97168 0.443359 0.0566406 0.115234 0.000298262
11 0.336914 0.14502 0.0957031 0.0439453 0.000302553
2 0.54248 0.574219 0.387695 0.128906 0.000306129
9 0.224121 0.536133 0.143555 0.175781 0.000307322
3 0.705078 0.963379 0.523438 0.0732422 0.000321865
13 0.776367 0.576172 0.107422 0.0507812 0.000323057
13 0.57959 0.314453 0.100586 0.0859375 0.000331879
12 0.169434 0.0830078 0.338867 0.166016 0.000338078
13 0.318359 0.260742 0.15625 0.154297 0.000349522
5 0.578613 0.324219 0.104492 0.109375 0.000353098
12 0.541992 0.574707 0.380859 0.12207 0.000359297
3 0.999512 0.938477 0.000976562 0.123047 0.000361443
1 0.578613 0.324219 0.104492 0.109375 0.000368834
13 0.266113 0.287109 0.0615234 0.119141 0.000370979
8 0.578613 0.324219 0.104492 0.109375 0.000373363
11 0.358887 0.146973 0.0595703 0.0224609 0.000379801
11 0.541992 0.574707 0.380859 0.12207 0.000436783
5 0.278809 0.512207 0.18457 0.186523 0.000442266
11 0.402344 0.145996 0.0605469 0.0185547 0.00045228
11 0.264648 0.192383 0.0976562 0.0976562 0.000458717
5 0.541992 0.573242 0.384766 0.130859 0.000479937
11 0.379883 0.142578 0.0625 0.0175781 0.000502586
3 0.179688 0.142578 0.359375 0.285156 0.000514507
11 0.683594 0.17334 0.177734 0.100586 0.000542641
11 0.705078 0.165527 0.0859375 0.0478516 0.000551224
9 0.762695 0.471191 0.167969 0.333008 0.000569344
3 0.165039 0.938477 0.289062 0.0996094 0.00057745
11 0.57959 0.314453 0.100586 0.0859375 0.000577927
8 0.349121 0.245117 0.0126953 0.00976562 0.000598907
0 0.54248 0.576172 0.383789 0.123047 0.000607014
10 0.541992 0.573242 0.384766 0.130859 0.000616074
2 0.57959 0.31543 0.100586 0.0898438 0.000619888
11 0.631348 0.146484 0.0595703 0.015625 0.000623703
9 0.519531 0.344238 0.216797 0.155273 0.000639439
5 0.718262 0.431641 0.282227 0.458984 0.000659943
11 0.315918 0.161621 0.0615234 0.0400391 0.000721931
0 0.57373 0.316406 0.120117 0.167969 0.000735283
11 0.666016 0.152344 0.0605469 0.0195312 0.000817299
0 0.595703 0.299805 0.0664062 0.0566406 0.000841618
10 0.578613 0.324219 0.104492 0.109375 0.000864983
9 0.578613 0.324219 0.104492 0.109375 0.000964642
5 0.274902 0.432617 0.24707 0.400391 0.000986099
11 0.341797 0.152344 0.0625 0.03125 0.00108814
13 0.394531 0.255371 0.0917969 0.106445 0.00114918
13 0.791504 0.582031 0.0732422 0.0292969 0.00116062
9 0.541992 0.573242 0.384766 0.130859 0.00120258
11 0.609863 0.167969 0.0986328 0.0683594 0.00130653
3 0.578125 0.316895 0.105469 0.0947266 0.00134182
11 0.4375 0.158691 0.0507812 0.0439453 0.00136471
11 0.292969 0.17334 0.0820312 0.0615234 0.00136566
11 0.395508 0.154785 0.126953 0.0419922 0.00154591
5 0.77002 0.539062 0.139648 0.173828 0.00176048
13 0.411133 0.279785 0.0800781 0.0693359 0.00197792
13 0.751465 0.277344 0.0322266 0.0683594 0.00211143
11 0.652344 0.147949 0.0625 0.0185547 0.00232506
5 0.224121 0.536133 0.143555 0.175781 0.00247192
13 0.420898 0.291016 0.0605469 0.0390625 0.00247383
11 0.299316 0.175293 0.129883 0.0908203 0.00256729
13 0.279785 0.260254 0.0400391 0.125977 0.00262642
11 0.416992 0.149414 0.078125 0.0292969 0.00332451
11 0.726562 0.176758 0.0898438 0.0664062 0.00362396
11 0.621094 0.143066 0.0976562 0.0244141 0.00368118
11 0.59082 0.168945 0.0527344 0.0488281 0.00391769
11 0.675293 0.157715 0.106445 0.0361328 0.00576401
5 0.762695 0.471191 0.167969 0.333008 0.00778198
11 0.36084 0.15625 0.155273 0.0625 0.00821686
11 0.664062 0.161621 0.158203 0.0556641 0.00959015
11 0.393066 0.14209 0.110352 0.0244141 0.0111694
0 0.519531 0.344238 0.216797 0.155273 0.0117569
11 0.631348 0.15625 0.125977 0.0371094 0.0286407
11 0.318848 0.161133 0.106445 0.0546875 0.0404968
11 0.364746 0.146484 0.120117 0.0292969 0.0635986
11 0.650391 0.148926 0.107422 0.0244141 0.093689
3 0.541504 0.577148 0.389648 0.121094 0.396484
0 0.57959 0.314453 0.100586 0.0859375 0.543457
