8 0.390625 0.333496 0.0371094 0.0380859 0.000101388
6 0.534668 0.395996 0.112305 0.0966797 0.000101686
11 0.659668 0.251465 0.0498047 0.0205078 0.000102103
11 0.802246 0.600586 0.0810547 0.0351562 0.000102222
9 0.300781 0.0131836 0.03125 0.0263672 0.000105262
9 0.738281 0.616699 0.0546875 0.0244141 0.000105441
2 0.796875 0.0893555 0.310547 0.178711 0.000106394
13 0.796875 0.0893555 0.310547 0.178711 0.000106812
0 0.931641 0.810059 0.136719 0.114258 0.000108898
13 0.349609 0.42334 0.0527344 0.0576172 0.000110745
13 0.200684 0.621094 0.155273 0.117188 0.00011158
3 0.809082 0.185547 0.381836 0.371094 0.000112832
13 0.134277 0.09375 0.268555 0.1875 0.000113368
5 0.177246 0.625488 0.186523 0.206055 0.000120759
0 0.0581055 0.842773 0.116211 0.314453 0.00012362
11 0.575195 0.242188 0.0566406 0.0117188 0.00012362
8 0.154297 0.686035 0.0371094 0.0185547 0.000123739
6 0.801758 0.601074 0.0800781 0.0322266 0.000126123
3 0.786621 0.0581055 0.426758 0.116211 0.000126839
7 0.806152 0.655762 0.133789 0.141602 0.000127435
8 0.796875 0.0893555 0.310547 0.178711 0.000132918
11 0.786621 0.0581055 0.426758 0.116211 0.000135303
4 0.53418 0.398926 0.119141 0.112305 0.000142574
0 0.151855 0.897461 0.303711 0.205078 0.000147223
11 0.157227 0.634277 0.0605469 0.0380859 0.000147939
9 0.803223 0.602051 0.0654297 0.0244141 0.000151038
0 0.248535 0.0703125 0.336914 0.136719 0.000151634
11 0.390625 0.26123 0.0605469 0.0400391 0.000153899
8 0.594727 0.46875 0.0761719 0.046875 0.000154495
13 0.642578 0.369629 0.117188 0.141602 0.000163078
11 0.384766 0.247559 0.0625 0.0224609 0.000167131
13 0.853516 0.726562 0.015625 0.0117188 0.000171304
2 0.160156 0.637207 0.0625 0.0380859 0.000174046
11 0.354004 0.243652 0.0498047 0.0107422 0.000179648
5 0.187012 0.648438 0.106445 0.0566406 0.000181198
13 0.106445 0.0693359 0.207031 0.138672 0.000181437
0 0.485352 0.45752 0.193359 0.208008 0.000181913
10 0.780273 0.60791 0.111328 0.0439453 0.000183225
2 0.726562 0.619141 0.0273438 0.0175781 0.000186682
5 0.77832 0.617676 0.103516 0.0556641 0.000187755
13 0.145508 0.685547 0.0175781 0.00976562 0.000188231
12 0.53418 0.398926 0.119141 0.112305 0.000188947
11 0.703125 0.269531 0.0839844 0.0449219 0.000189185
11 0.628906 0.24707 0.0585938 0.0117188 0.000192881
3 0.561523 0.686035 0.417969 0.110352 0.000193357
7 0.53418 0.398926 0.119141 0.112305 0.000193357
9 0.157715 0.635254 0.0595703 0.0380859 0.000194788
13 0.536133 0.393066 0.111328 0.0927734 0.000197053
2 0.133789 0.0883789 0.242188 0.176758 0.000199199
13 0.150391 0.616699 0.0175781 0.0107422 0.000200868
5 0.249512 0.592773 0.18457 0.166016 0.000202894
11 0.535645 0.266113 0.0576172 0.0400391 0.000203252
9 0.306152 0.0224609 0.0380859 0.0449219 0.000204921
13 0.624512 0.472656 0.0595703 0.0585938 0.000206947
5 0.806152 0.652832 0.133789 0.15918 0.000208735
2 0.854004 0.725586 0.0166016 0.0136719 0.000209689
2 0.145996 0.686035 0.0166016 0.00878906 0.000211596
9 0.209473 0.560547 0.217773 0.257812 0.000213385
13 0.783691 0.617676 0.135742 0.151367 0.000218272
9 0.585449 0.467773 0.0810547 0.0488281 0.000218511
11 0.34375 0.253418 0.0957031 0.0205078 0.00021863
13 0.818359 0.620605 0.0683594 0.0185547 0.000225663
1 0.779785 0.607422 0.112305 0.0429688 0.000226736
2 0.0908203 0.0463867 0.181641 0.0927734 0.000231624
3 0.529297 0.981445 0.431641 0.0371094 0.000231743
10 0.882812 0.774902 0.0429688 0.0556641 0.000234842
0 0.561035 0.408691 0.0693359 0.104492 0.000241995
1 0.53418 0.398926 0.119141 0.112305 0.000242472
11 0.612305 0.253906 0.130859 0.0351562 0.000246048
6 0.553711 0.641113 0.404297 0.131836 0.000247478
5 0.534668 0.395996 0.112305 0.0966797 0.000253439
11 0.597656 0.25293 0.0742188 0.0195312 0.000265121
9 0.144531 0.685547 0.0117188 0.00976562 0.000279427
11 0.882812 0.774414 0.0429688 0.0625 0.000282764
9 0.482422 0.431152 0.193359 0.172852 0.000283003
0 0.0908203 0.0463867 0.181641 0.0927734 0.000298023
4 0.553711 0.641113 0.404297 0.131836 0.000305414
8 0.53418 0.398926 0.119141 0.112305 0.000306368
0 0.550781 0.381348 0.0742188 0.0615234 0.000306606
13 0.726562 0.618164 0.0273438 0.0195312 0.000313044
13 0.768066 0.607422 0.0615234 0.0273438 0.00031662
7 0.553711 0.641113 0.404297 0.131836 0.000320196
5 0.782715 0.561523 0.15332 0.283203 0.000320196
13 0.176758 0.649414 0.105469 0.0742188 0.000334501
8 0.598633 0.335449 0.00976562 0.00878906 0.000345707
9 0.25 0.0507812 0.328125 0.101562 0.000347376
8 0.150391 0.616699 0.0175781 0.0107422 0.000357628
8 0.553711 0.641113 0.404297 0.131836 0.000360012
6 0.780273 0.60791 0.111328 0.0439453 0.000364065
11 0.534668 0.395996 0.112305 0.0966797 0.000367165
12 0.553223 0.643555 0.405273 0.121094 0.00036931
8 0.279297 0.631836 0.0332031 0.0253906 0.000375986
2 0.536133 0.393066 0.111328 0.0927734 0.000377893
1 0.553711 0.641113 0.404297 0.131836 0.000403166
2 0.553711 0.641113 0.404297 0.131836 0.000414133
8 0.856445 0.724609 0.0214844 0.0195312 0.000418425
13 0.651855 0.391602 0.0732422 0.103516 0.000421524
2 0.780273 0.60791 0.111328 0.0439453 0.000432014
13 0.805664 0.614746 0.0917969 0.0400391 0.000437975
11 0.553711 0.641113 0.404297 0.131836 0.000442505
13 0.825195 0.59375 0.0605469 0.03125 0.00044322
11 0.315918 0.257324 0.120117 0.0302734 0.000454187
5 0.200684 0.621094 0.155273 0.117188 0.000454426
9 0.780273 0.60791 0.111328 0.0439453 0.000456333
13 0.553711 0.641113 0.404297 0.131836 0.000465631
5 0.553711 0.641113 0.404297 0.131836 0.000472784
7 0.779785 0.607422 0.112305 0.0429688 0.000475883
13 0.631348 0.369629 0.0712891 0.100586 0.000484705
3 0.931641 0.810059 0.136719 0.114258 0.000547409
13 0.744629 0.613281 0.0888672 0.0527344 0.000576496
10 0.074707 0.784668 0.0361328 0.0400391 0.000588894
10 0.53418 0.398926 0.119141 0.112305 0.000591278
9 0.293945 0.0419922 0.115234 0.0839844 0.000592709
11 0.780273 0.60791 0.111328 0.0439453 0.000613213
13 0.717285 0.649902 0.0712891 0.0810547 0.000631332
7 0.853516 0.726562 0.015625 0.0117188 0.000663757
11 0.275879 0.264648 0.0771484 0.0351562 0.000722885
13 0.791992 0.592773 0.0996094 0.0488281 0.00074625
11 0.074707 0.784668 0.0361328 0.0400391 0.000767231
11 0.586426 0.238281 0.0595703 0.0117188 0.000786304
10 0.553711 0.641113 0.404297 0.131836 0.000797749
8 0.146484 0.685547 0.0234375 0.0117188 0.000853539
11 0.648926 0.25293 0.0888672 0.0273438 0.000920296
0 0.553711 0.641113 0.404297 0.131836 0.000921249
13 0.725098 0.626953 0.0537109 0.0410156 0.000963688
9 0.853516 0.726562 0.015625 0.0117188 0.00102997
9 0.53418 0.398926 0.119141 0.112305 0.00105572
11 0.353516 0.246582 0.0839844 0.0185547 0.00107002
11 0.366211 0.258301 0.0917969 0.0283203 0.00113583
11 0.681152 0.262695 0.0830078 0.0371094 0.00120163
11 0.554199 0.255859 0.0791016 0.0390625 0.0012598
9 0.55127 0.643555 0.405273 0.128906 0.00130177
11 0.252441 0.271973 0.0654297 0.0419922 0.00133801
3 0.536133 0.393066 0.111328 0.0927734 0.00137329
11 0.588867 0.244141 0.101562 0.0214844 0.00149441
9 0.299316 0.0327148 0.0673828 0.0615234 0.00165462
13 0.777344 0.628418 0.115234 0.0654297 0.00169373
5 0.209473 0.560547 0.217773 0.257812 0.00173473
8 0.144531 0.685547 0.0117188 0.00976562 0.0018034
3 0.547852 0.617188 0.425781 0.259766 0.00206566
11 0.624512 0.247559 0.0888672 0.0185547 0.00241852
11 0.577148 0.253906 0.09375 0.0273438 0.00287819
13 0.173828 0.642578 0.0820312 0.0429688 0.00378418
0 0.51123 0.410645 0.174805 0.131836 0.00559998
13 0.738281 0.616699 0.0546875 0.0244141 0.00987244
13 0.810059 0.599609 0.0576172 0.03125 0.0101471
13 0.157227 0.634277 0.0605469 0.0380859 0.0213013
8 0.853516 0.726562 0.015625 0.0117188 0.0216522
13 0.793945 0.60498 0.078125 0.0244141 0.0217133
13 0.760742 0.615723 0.09375 0.0283203 0.0272827
13 0.780273 0.606934 0.111328 0.0400391 0.1604
0 0.536133 0.393066 0.111328 0.0927734 0.311279
3 0.553711 0.644043 0.404297 0.12207 0.540039
