8 0.310547 0.478027 0.0195312 0.0146484 0.000175476
8 0.409668 0.328125 0.0107422 0.0117188 0.000176191
9 0.431152 0.333984 0.0869141 0.167969 0.000176311
11 0.29248 0.268555 0.0947266 0.0644531 0.00017643
6 0.224121 0.49707 0.180664 0.277344 0.00017643
7 0.387207 0.416504 0.194336 0.37207 0.00017643
13 0.286621 0.253418 0.15332 0.0869141 0.000178933
9 0.03125 0.781738 0.0546875 0.229492 0.000179887
9 0.257812 0.174805 0.0351562 0.0214844 0.000180483
2 0.591797 0.330078 0.101562 0.0683594 0.000181437
13 0.740723 0.376465 0.21582 0.239258 0.000182986
9 0.248535 0.459473 0.0146484 0.0126953 0.000182986
10 0.19043 0.196777 0.380859 0.393555 0.000183344
8 0.768066 0.431641 0.0126953 0.0136719 0.000185132
7 0.808594 0.510254 0.160156 0.323242 0.00018537
2 0.572266 0.367676 0.0507812 0.0615234 0.000185847
11 0.635254 0.197266 0.0732422 0.0195312 0.000187397
3 0.19043 0.196777 0.380859 0.393555 0.000187516
6 0.595215 0.363281 0.170898 0.123047 0.000187874
0 0.42041 0.297852 0.118164 0.207031 0.000188828
7 0.261719 0.254395 0.113281 0.0830078 0.000191689
10 0.128418 0.990234 0.0927734 0.0175781 0.000191808
2 0.749512 0.484375 0.0400391 0.015625 0.000192523
6 0.749512 0.484375 0.0400391 0.015625 0.000194073
8 0.754883 0.48877 0.183594 0.0810547 0.000195146
2 0.68457 0.266602 0.0527344 0.107422 0.000195503
11 0.408203 0.236816 0.0703125 0.102539 0.000196695
11 0.758789 0.125 0.482422 0.25 0.000200152
13 0.868164 0.61084 0.0507812 0.143555 0.000202537
9 0.59375 0.344727 0.150391 0.09375 0.000205159
2 0.327148 0.228516 0.210938 0.0898438 0.00020647
13 0.720703 0.330566 0.138672 0.168945 0.000208974
9 0.183105 0.535645 0.0927734 0.118164 0.000209451
5 0.285156 0.520508 0.244141 0.189453 0.000210524
0 0.456543 1 0.475586 0 0.000211835
11 0.883789 0.700684 0.0410156 0.0712891 0.000213027
10 0.549316 0.385742 0.28418 0.177734 0.000213742
11 0.287598 0.235352 0.106445 0.0800781 0.000214458
10 0.870605 0.620117 0.0556641 0.146484 0.000214934
5 0.243164 0.401367 0.179688 0.269531 0.000215292
11 0.459473 0.00585938 0.0849609 0.0117188 0.00021553
0 0.591309 0.330078 0.116211 0.0722656 0.000216246
9 0.469727 0.54541 0.205078 0.393555 0.000218272
0 0.575684 0.367676 0.106445 0.0849609 0.00022161
11 0.616699 0.200195 0.0771484 0.0292969 0.000221968
0 0.457031 0.370117 0.164062 0.154297 0.000223041
9 0.493164 0.331543 0.207031 0.112305 0.000223398
7 0.584473 0.220703 0.0751953 0.0722656 0.000224352
6 0.768555 0.589355 0.207031 0.198242 0.000228643
11 0.316895 0.257324 0.157227 0.0986328 0.000228882
9 0.0473633 0.774414 0.0947266 0.451172 0.000231266
5 0.63623 0.384277 0.21582 0.18457 0.000231743
9 0.0224609 0.713867 0.0449219 0.119141 0.000231862
9 0.437012 0.405273 0.165039 0.242188 0.000232577
6 0.683594 0.267578 0.0566406 0.111328 0.000233412
10 0.271484 0.246582 0.125 0.0947266 0.000235438
7 0.184082 0.517578 0.0673828 0.0527344 0.000235558
6 0.736816 0.415527 0.135742 0.110352 0.00023663
9 0.600098 0.949219 0.420898 0.0976562 0.000238299
1 0.362793 0.204102 0.141602 0.0371094 0.000242233
7 0.603516 0.371094 0.162109 0.138672 0.000242949
13 0.54541 0.368164 0.282227 0.146484 0.000244379
8 0.183105 0.510742 0.0595703 0.046875 0.000244379
5 0.755859 0.483398 0.130859 0.0644531 0.000246048
11 0.767578 0.245605 0.0878906 0.0732422 0.000246525
11 0.371582 0.00634766 0.112305 0.0126953 0.000248432
13 0.716309 0.26123 0.114258 0.106445 0.00025034
10 0.0986328 0.990234 0.0449219 0.0175781 0.00025177
9 0.263672 0.569824 0.279297 0.274414 0.000253916
0 0.315918 0.00830078 0.15918 0.0166016 0.000257254
9 0.0102539 0.585449 0.0205078 0.145508 0.000257969
5 0.686523 0.274414 0.0644531 0.103516 0.000260115
0 0.518555 0.368164 0.169922 0.123047 0.00026083
12 0.775879 0.125488 0.448242 0.250977 0.000263214
8 0.703613 0.42627 0.0791016 0.0751953 0.000265598
9 0.657227 0.353516 0.189453 0.140625 0.000268698
2 0.503906 0.313477 0.0390625 0.046875 0.000268936
9 0.743164 0.612793 0.267578 0.168945 0.000270605
8 0.315918 0.347656 0.0244141 0.0195312 0.000272036
8 0.311035 0.538086 0.0380859 0.03125 0.000272274
2 0.574219 0.376465 0.0996094 0.0810547 0.000273943
8 0.789062 0.598633 0.0429688 0.0371094 0.00027585
7 0.408203 0.236816 0.0703125 0.102539 0.000276566
11 0.603027 0.243164 0.100586 0.101562 0.000282526
6 0.754395 0.416992 0.188477 0.1875 0.000285625
6 0.37207 0.347656 0.146484 0.21875 0.000286341
9 0.375 0.504395 0.103516 0.172852 0.000286818
11 0.109375 0.990234 0.0585938 0.0175781 0.000287056
0 0.737793 0.0527344 0.426758 0.105469 0.000287294
11 0.643555 0.191895 0.0722656 0.0166016 0.000291824
7 0.184082 0.528809 0.0849609 0.0947266 0.000292301
9 0.72998 0.180176 0.0224609 0.0166016 0.000293016
5 0.746094 0.485352 0.115234 0.246094 0.000296116
7 0.519043 0.783203 0.19043 0.175781 0.000296354
8 0.744629 0.0395508 0.469727 0.0791016 0.000298262
1 0.744629 0.0395508 0.469727 0.0791016 0.000299215
9 0.37207 0.347656 0.146484 0.21875 0.000299931
13 0.807617 0.0395508 0.380859 0.0791016 0.00030303
5 0.312012 0.350098 0.229492 0.262695 0.000304699
11 0.229492 0.28125 0.0664062 0.046875 0.000304937
8 0.742676 0.601074 0.239258 0.155273 0.000305414
8 0.717285 0.483887 0.350586 0.415039 0.000307322
6 0.744629 0.0395508 0.469727 0.0791016 0.000308037
7 0.363281 0.20166 0.134766 0.0380859 0.000309944
9 0.69043 0.271973 0.0585938 0.106445 0.00031209
11 0.744629 0.0395508 0.469727 0.0791016 0.000313997
11 0.734375 0.201172 0.0800781 0.0507812 0.000316858
9 0.0327148 0.76709 0.0419922 0.106445 0.000318527
7 0.74707 0.48291 0.0292969 0.0205078 0.000319719
8 0.316406 0.492188 0.0234375 0.0214844 0.000319958
11 0.37793 0.251953 0.146484 0.132812 0.000320673
9 0.74707 0.48291 0.0292969 0.0205078 0.000322819
0 0.677246 0.413086 0.161133 0.142578 0.000327587
1 0.595215 0.363281 0.170898 0.123047 0.00033617
10 0.595215 0.363281 0.170898 0.123047 0.000338554
4 0.744629 0.0395508 0.469727 0.0791016 0.000341415
6 0.381348 0.48584 0.112305 0.225586 0.000344753
9 0.523438 0.860352 0.212891 0.25 0.000346661
13 0.691406 0.43457 0.0820312 0.0683594 0.000347614
7 0.37207 0.369629 0.121094 0.151367 0.000350237
11 0.598145 0.353027 0.15918 0.102539 0.000350237
3 0.598145 0.353027 0.15918 0.102539 0.000350237
12 0.538574 0.370605 0.264648 0.139648 0.000357389
12 0.327148 0.228516 0.210938 0.0898438 0.000368118
9 0.507324 0.323242 0.0986328 0.0722656 0.000370741
5 0.595215 0.363281 0.170898 0.123047 0.000373125
5 0.191406 0.519043 0.0742188 0.0634766 0.000373125
10 0.327148 0.228516 0.210938 0.0898438 0.00037694
13 0.367188 0.303223 0.158203 0.198242 0.000377417
11 0.390625 0.200195 0.109375 0.0234375 0.000379324
9 0.618652 0.430176 0.334961 0.25293 0.000379562
10 0.768066 0.0981445 0.463867 0.196289 0.000384569
9 0.0380859 0.757812 0.0214844 0.0878906 0.000392437
3 0.62207 0.646484 0.507812 0.140625 0.000401258
13 0.749512 0.484375 0.0400391 0.015625 0.000403643
11 0.34375 0.203125 0.0644531 0.0273438 0.000405788
5 0.269043 0.458984 0.24707 0.142578 0.000408888
2 0.704102 0.427246 0.0761719 0.0712891 0.000416756
2 0.744629 0.0395508 0.469727 0.0791016 0.000418663
9 0.677246 0.413086 0.161133 0.142578 0.00042367
11 0.27832 0.453613 0.298828 0.383789 0.000427961
8 0.306641 0.388184 0.015625 0.0146484 0.000430584
5 0.804688 0.611816 0.199219 0.151367 0.00043273
13 0.76416 0.121582 0.461914 0.235352 0.000433445
10 0.12207 0.969238 0.0917969 0.0615234 0.000447989
11 0.741211 0.480957 0.283203 0.40332 0.000448465
9 0.224609 0.498047 0.179688 0.275391 0.000453711
10 0.741211 0.480957 0.283203 0.40332 0.000455618
11 0.680664 0.234375 0.0429688 0.0566406 0.000456572
5 0.37207 0.524902 0.119141 0.19043 0.000464916
8 0.285645 0.494141 0.0888672 0.0410156 0.000467062
8 0.248535 0.458008 0.0205078 0.0214844 0.000469208
8 0.501953 0.3125 0.0234375 0.03125 0.000473976
10 0.777344 0.0537109 0.423828 0.107422 0.000482559
8 0.412598 0.303711 0.0166016 0.015625 0.000491142
0 0.741211 0.480957 0.283203 0.40332 0.000496387
5 0.303711 0.413086 0.103516 0.0605469 0.000504017
9 0.49707 0.793457 0.142578 0.12207 0.000508785
13 0.318848 0.231445 0.219727 0.0957031 0.000510693
13 0.671875 0.26709 0.0976562 0.120117 0.000511646
9 0.774414 0.532715 0.207031 0.286133 0.000519276
9 0.00830078 0.521484 0.0146484 0.0605469 0.000526428
11 0.538574 0.370605 0.264648 0.139648 0.000527859
13 0.288574 0.423828 0.219727 0.0976562 0.000533104
1 0.741211 0.480957 0.283203 0.40332 0.000542641
13 0.694824 0.316406 0.0830078 0.119141 0.000543594
5 0.80957 0.463379 0.154297 0.325195 0.000552177
9 0.737305 0.408203 0.164062 0.150391 0.000562668
7 0.771484 0.589844 0.207031 0.189453 0.000565529
11 0.663086 0.20459 0.171875 0.0556641 0.00056839
9 0.0410156 0.763672 0.0175781 0.0507812 0.000572205
1 0.327148 0.228516 0.210938 0.0898438 0.000572681
10 0.276367 0.464355 0.296875 0.385742 0.000576496
1 0.276367 0.464355 0.296875 0.385742 0.000580788
11 0.273926 0.245117 0.143555 0.140625 0.000580788
11 0.662598 0.196777 0.0751953 0.0185547 0.000586987
8 0.748535 0.485352 0.108398 0.0449219 0.000587463
8 0.276367 0.464355 0.296875 0.385742 0.000589848
4 0.276367 0.464355 0.296875 0.385742 0.000589848
2 0.546387 0.376953 0.274414 0.164062 0.000592709
11 0.256348 0.253906 0.0634766 0.0566406 0.000595093
2 0.741211 0.480957 0.283203 0.40332 0.00059557
11 0.73291 0.230469 0.114258 0.0703125 0.000598431
5 0.706543 0.420898 0.112305 0.0898438 0.000600815
13 0.305176 0.414551 0.114258 0.0693359 0.000609398
8 0.305176 0.533203 0.0283203 0.0195312 0.000618458
9 0.927734 0.10791 0.144531 0.21582 0.000622749
10 0.175781 0.946289 0.189453 0.107422 0.000626564
9 0.691406 0.369141 0.328125 0.1875 0.000630856
5 0.269531 0.603027 0.333984 0.366211 0.000632763
11 0.62793 0.187988 0.148438 0.0302734 0.000641823
7 0.367188 0.303223 0.158203 0.198242 0.000651836
13 0.288574 0.421387 0.249023 0.194336 0.000674248
2 0.27832 0.453613 0.298828 0.383789 0.000677586
8 0.604004 0.368164 0.157227 0.136719 0.000680447
9 0.327148 0.228516 0.210938 0.0898438 0.000680923
11 0.621094 0.209473 0.103516 0.0322266 0.000683784
9 0.503906 0.313477 0.0390625 0.046875 0.000688553
12 0.741211 0.480957 0.283203 0.40332 0.000696659
5 0.737305 0.338867 0.291016 0.277344 0.000723362
5 0.1875 0.544434 0.121094 0.163086 0.000738144
3 0.762207 0.46582 0.24707 0.416016 0.000743389
11 0.582031 0.197754 0.0644531 0.0498047 0.000750065
9 0.888184 0.059082 0.223633 0.116211 0.000752449
9 0.701172 0.424316 0.0859375 0.0849609 0.000755787
11 0.66748 0.202637 0.106445 0.0205078 0.000761986
13 0.737305 0.415039 0.134766 0.111328 0.00079155
8 0.164551 0.55957 0.0458984 0.03125 0.000802517
9 0.508789 0.435059 0.330078 0.299805 0.000861168
4 0.741211 0.480957 0.283203 0.40332 0.000862122
12 0.27832 0.453613 0.298828 0.383789 0.000862598
11 0.104492 0.980469 0.0546875 0.0390625 0.000899315
0 0.276367 0.464355 0.296875 0.385742 0.000912666
9 0.758789 0.125 0.482422 0.25 0.000914097
7 0.341797 0.229492 0.203125 0.0957031 0.000916481
11 0.333496 0.00976562 0.18457 0.0195312 0.000931263
10 0.147949 0.985352 0.139648 0.0292969 0.000931263
11 0.870605 0.620117 0.0556641 0.146484 0.000944138
11 0.359863 0.197754 0.0771484 0.0263672 0.00102901
13 0.592773 0.35791 0.160156 0.116211 0.00106525
9 0.415527 0.280273 0.110352 0.175781 0.00113869
9 0.776367 0.419922 0.212891 0.310547 0.00114822
8 0.74707 0.48584 0.0644531 0.0244141 0.00119495
8 0.751465 0.481445 0.194336 0.300781 0.00126266
7 0.619141 0.57959 0.484375 0.198242 0.00131989
11 0.621094 0.587891 0.484375 0.169922 0.00132275
12 0.621094 0.587891 0.484375 0.169922 0.00135422
1 0.621094 0.587891 0.484375 0.169922 0.00135422
9 0.495117 0.671387 0.232422 0.456055 0.00137806
7 0.394531 0.35791 0.126953 0.25293 0.00139046
8 0.619141 0.57959 0.484375 0.198242 0.00141525
4 0.621094 0.587891 0.484375 0.169922 0.00149822
5 0.301758 0.42041 0.164062 0.170898 0.00150871
2 0.619141 0.57959 0.484375 0.198242 0.00153637
11 0.697754 0.204102 0.104492 0.0371094 0.00158691
13 0.675293 0.235352 0.0419922 0.0664062 0.00161362
11 0.327148 0.208984 0.111328 0.046875 0.00163937
13 0.619141 0.57959 0.484375 0.198242 0.001647
6 0.619141 0.57959 0.484375 0.198242 0.00166607
9 0.388672 0.438965 0.128906 0.34082 0.00170231
11 0.578125 0.22168 0.0820312 0.0859375 0.00178432
10 0.110352 0.98291 0.0625 0.0341797 0.00180435
0 0.506348 0.432129 0.305664 0.297852 0.00184155
7 0.276367 0.464355 0.296875 0.385742 0.00186443
9 0.0200195 0.600098 0.0400391 0.270508 0.00192833
9 0.0297852 0.676758 0.0595703 0.404297 0.00199699
0 0.632324 0.402832 0.262695 0.194336 0.00200272
8 0.788574 0.472656 0.0146484 0.0117188 0.00201225
7 0.381836 0.481934 0.109375 0.227539 0.00204277
3 0.538574 0.370605 0.264648 0.139648 0.00208092
2 0.592773 0.359863 0.162109 0.120117 0.0021553
0 0.533691 0.330078 0.286133 0.125 0.00226021
7 0.414551 0.277832 0.0927734 0.176758 0.00237274
13 0.313477 0.413086 0.0898438 0.0351562 0.00237656
0 0.621094 0.587891 0.484375 0.169922 0.00251198
5 0.762695 0.564941 0.238281 0.243164 0.00261307
9 0.538574 0.370605 0.264648 0.139648 0.0026226
10 0.619141 0.57959 0.484375 0.198242 0.00275993
8 0.288574 0.494141 0.0205078 0.0175781 0.00282669
11 0.611816 0.214355 0.125977 0.0654297 0.00283241
9 0.621094 0.587891 0.484375 0.169922 0.00283432
5 0.638672 0.550293 0.474609 0.249023 0.0028801
5 0.739746 0.402344 0.149414 0.144531 0.00293922
8 0.30127 0.530273 0.0166016 0.0136719 0.00308609
13 0.741211 0.480957 0.283203 0.40332 0.00309372
5 0.365723 0.442871 0.165039 0.364258 0.00358582
13 0.271484 0.449707 0.291016 0.387695 0.00373268
7 0.741211 0.480957 0.283203 0.40332 0.00385284
3 0.276367 0.464355 0.296875 0.385742 0.00395203
8 0.317383 0.492676 0.0175781 0.0126953 0.00423431
2 0.501953 0.3125 0.0234375 0.03125 0.00442886
11 0.664062 0.194336 0.130859 0.0273438 0.00468826
13 0.712891 0.422363 0.0820312 0.0751953 0.00477219
11 0.588867 0.211914 0.0566406 0.0332031 0.0050087
9 0.613281 0.380859 0.166016 0.15625 0.00516129
5 0.224609 0.498047 0.179688 0.275391 0.00603867
13 0.692383 0.283203 0.0625 0.0976562 0.00655365
11 0.240723 0.265625 0.0810547 0.0625 0.00656891
9 0.517578 0.781738 0.197266 0.196289 0.00712204
6 0.276367 0.464355 0.296875 0.385742 0.00741577
9 0.272461 0.450195 0.294922 0.386719 0.00780106
9 0.501953 0.312988 0.0234375 0.0322266 0.00875092
6 0.741211 0.480957 0.283203 0.40332 0.00908661
9 0.721191 0.487793 0.327148 0.411133 0.00914001
5 0.76416 0.407227 0.211914 0.248047 0.00991821
11 0.36377 0.210449 0.15332 0.0634766 0.0105057
11 0.629883 0.200195 0.146484 0.0351562 0.0109863
8 0.247559 0.459473 0.0146484 0.0126953 0.0112076
3 0.636719 0.518555 0.517578 0.347656 0.0114288
9 0.0229492 0.714844 0.0439453 0.261719 0.0121689
13 0.682129 0.259766 0.0439453 0.09375 0.0139084
8 0.74707 0.48291 0.0292969 0.0205078 0.0151215
11 0.327148 0.228516 0.210938 0.0898438 0.019165
11 0.262207 0.252441 0.102539 0.0771484 0.0254669
0 0.545898 0.380859 0.292969 0.164062 0.0739136
11 0.362793 0.202637 0.12793 0.0341797 0.100891
5 0.742188 0.467773 0.294922 0.417969 0.128662
0 0.604004 0.365234 0.157227 0.125 0.172607
5 0.274902 0.465332 0.299805 0.37207 0.274902
3 0.618652 0.588867 0.477539 0.167969 0.724609
