9 0.78418 0.435059 0.15625 0.139648 0.000240207
9 0.260254 0.470703 0.0810547 0.0957031 0.000241518
7 0.824707 0.538086 0.0966797 0.144531 0.000242233
7 0.231445 0.516602 0.0351562 0.0546875 0.000243545
8 0.394531 0.38623 0.136719 0.170898 0.000246048
11 0.334961 0.453613 0.193359 0.100586 0.00024724
7 0.732422 0.377441 0.152344 0.135742 0.000248194
8 0.598145 0.212891 0.0380859 0.0214844 0.000248909
2 0.604492 0.224609 0.0449219 0.0410156 0.000250816
9 0.269043 0.55957 0.141602 0.160156 0.000253201
13 0.580078 0.220703 0.0234375 0.0253906 0.000254154
7 0.441895 0.173828 0.0869141 0.130859 0.000255346
7 0.268555 0.510254 0.119141 0.100586 0.000255823
13 0.396973 0.116211 0.145508 0.0410156 0.000256062
11 0.630371 0.114258 0.0927734 0.03125 0.00025773
4 0.608887 0.238281 0.100586 0.078125 0.000259876
13 0.435059 0.210449 0.0478516 0.0908203 0.000260353
8 0.333008 0.456543 0.160156 0.0712891 0.000261545
7 0.282715 0.428223 0.120117 0.12793 0.000263929
8 0.375 0.447266 0.144531 0.0976562 0.000266314
11 0.230957 0.535645 0.0537109 0.0986328 0.000266552
12 0.34082 0.499023 0.240234 0.117188 0.000267744
10 0.351074 0.119629 0.0654297 0.0439453 0.000268221
3 0.34082 0.499023 0.240234 0.117188 0.000269651
7 0.336914 0.195801 0.0585938 0.0771484 0.00027132
13 0.342773 0.369141 0.136719 0.0527344 0.000272989
3 0.73291 0.933105 0.479492 0.12207 0.000274181
13 0.624023 0.258789 0.0722656 0.0703125 0.000282764
9 0.950684 0.913574 0.0986328 0.118164 0.000284433
13 0.442871 0.174805 0.0888672 0.134766 0.000288248
10 0.819824 0.448242 0.0869141 0.0957031 0.000292778
13 0.613281 0.218262 0.0800781 0.0498047 0.000293493
9 0.579102 0.26123 0.167969 0.135742 0.000295162
13 0.630371 0.257324 0.0283203 0.0322266 0.000295639
7 0.356934 0.120605 0.0712891 0.0478516 0.000296831
6 0.75293 0.414551 0.179688 0.202148 0.000303268
8 0.34082 0.499023 0.240234 0.117188 0.000305414
8 0.41748 0.41748 0.0322266 0.0263672 0.000306845
13 0.63916 0.213867 0.0498047 0.0625 0.00030756
13 0.597656 0.212402 0.0332031 0.0205078 0.000309467
11 0.84668 0.361328 0.03125 0.101562 0.000310659
9 0.223145 0.51123 0.0498047 0.0869141 0.000310659
11 0.839355 0.44043 0.0498047 0.078125 0.000311375
9 0.662598 0.305176 0.0498047 0.0791016 0.000314236
11 0.330566 0.143555 0.0517578 0.0546875 0.000315666
11 0.416016 0.101074 0.0605469 0.0166016 0.000316143
13 0.307129 0.465332 0.12793 0.0498047 0.000317335
11 0.633301 0.242188 0.0458984 0.0566406 0.000317812
9 0.263672 0.507324 0.113281 0.149414 0.000318766
8 0.632324 0.257324 0.0263672 0.0322266 0.000319242
10 0.609375 0.253906 0.109375 0.109375 0.000322342
5 0.361328 0.447754 0.160156 0.0986328 0.000324965
9 0.635742 0.408691 0.355469 0.297852 0.000326395
10 0.849609 0.498047 0.0351562 0.09375 0.000327826
13 0.362305 0.29248 0.113281 0.0595703 0.000328779
8 0.637695 0.245605 0.0390625 0.0517578 0.000330448
13 0.343262 0.359375 0.135742 0.121094 0.000331879
9 0.447266 0.0986328 0.0488281 0.015625 0.000334501
10 0.223145 0.51123 0.0498047 0.0869141 0.000334978
7 0.336426 0.199219 0.0498047 0.0351562 0.000336647
9 0.0224609 0.601074 0.0449219 0.166992 0.0003407
11 0.852539 0.451172 0.0292969 0.0761719 0.00034833
13 0.652832 0.205566 0.0830078 0.0947266 0.000350475
8 0.340332 0.200195 0.0400391 0.03125 0.000354767
13 0.341309 0.157227 0.0673828 0.0429688 0.000359774
11 0.584473 0.21875 0.0380859 0.0351562 0.000363588
9 0.336426 0.133789 0.0869141 0.0722656 0.000365734
2 0.649414 0.241211 0.0449219 0.0585938 0.000367165
2 0.601562 0.205566 0.0351562 0.0205078 0.000369787
8 0.789551 0.28418 0.0283203 0.0214844 0.000371933
11 0.849609 0.498047 0.0351562 0.09375 0.00037384
3 0.954102 0.857422 0.0917969 0.230469 0.000374079
1 0.356934 0.120605 0.0712891 0.0478516 0.000374794
0 0.630371 0.222168 0.0439453 0.0400391 0.000375032
8 0.331543 0.449219 0.0322266 0.0292969 0.000375986
11 0.350098 0.337891 0.237305 0.314453 0.000379086
0 0.571289 0.23291 0.126953 0.0751953 0.000380039
11 0.244629 0.472168 0.0537109 0.0908203 0.0003829
13 0.37207 0.294434 0.146484 0.186523 0.000384331
13 0.643066 0.235352 0.0361328 0.0566406 0.000386
7 0.839355 0.464844 0.0498047 0.0839844 0.000386953
9 0.304688 0.458008 0.146484 0.0820312 0.000388861
0 0.352539 0.406738 0.212891 0.172852 0.000389338
13 0.986816 0.135254 0.0205078 0.0498047 0.000396967
8 0.422852 0.380859 0.0996094 0.119141 0.000399351
7 0.307129 0.53125 0.198242 0.105469 0.00039959
13 0.637695 0.168457 0.0566406 0.0810547 0.000404358
1 0.240723 0.493652 0.0556641 0.0888672 0.000406504
11 0.219238 0.507324 0.0478516 0.0830078 0.000406742
0 0.632324 0.25 0.0322266 0.046875 0.000409365
2 0.588379 0.209961 0.0263672 0.0214844 0.000410557
9 0.240723 0.493652 0.0556641 0.0888672 0.000427485
13 0.397461 0.275879 0.078125 0.0615234 0.000431061
9 0.74707 0.304199 0.189453 0.28418 0.00043273
13 0.327148 0.51709 0.224609 0.114258 0.000441074
7 0.415039 0.436035 0.117188 0.143555 0.00044322
7 0.336914 0.455566 0.0566406 0.0419922 0.000448942
4 0.752441 0.45459 0.217773 0.250977 0.000451803
7 0.79541 0.442383 0.137695 0.140625 0.000452042
11 0.359375 0.125488 0.0332031 0.0185547 0.000455141
10 0.764648 0.433594 0.1875 0.169922 0.000461578
2 0.57666 0.234863 0.118164 0.0869141 0.000463247
2 0.356934 0.120605 0.0732422 0.0478516 0.000463247
11 0.312012 0.150879 0.0478516 0.0478516 0.000464439
11 0.281738 0.462402 0.124023 0.143555 0.000466108
9 0.34082 0.48877 0.230469 0.12207 0.000466108
6 0.60791 0.241699 0.104492 0.0869141 0.000468731
9 0.669434 0.331055 0.0791016 0.152344 0.000470161
11 0.831543 0.48584 0.0732422 0.135742 0.000475883
7 0.607422 0.237793 0.0996094 0.0791016 0.000478029
11 0.45752 0.106445 0.0654297 0.0253906 0.000478268
7 0.336426 0.133789 0.0869141 0.0722656 0.000486135
0 0.543457 0.29834 0.21582 0.200195 0.00049305
11 0.618652 0.211914 0.0458984 0.0234375 0.000496864
7 0.740234 0.338379 0.181641 0.272461 0.000500202
9 0.345215 0.571777 0.276367 0.133789 0.000504971
0 0.622559 0.213379 0.0439453 0.0244141 0.000508308
9 0.624512 0.251953 0.0556641 0.0683594 0.000510693
11 0.338867 0.128906 0.0507812 0.046875 0.000510693
10 0.221191 0.526367 0.0322266 0.0683594 0.000518799
11 0.344238 0.13623 0.178711 0.0810547 0.000538826
13 0.348145 0.366211 0.0771484 0.0292969 0.000538826
13 0.394043 0.388672 0.137695 0.171875 0.000544071
8 0.353516 0.322754 0.228516 0.334961 0.000553131
2 0.335938 0.134277 0.0878906 0.0771484 0.00056076
11 0.221191 0.526855 0.0341797 0.0693359 0.00056839
9 0.632324 0.25 0.0322266 0.046875 0.000574112
11 0.435547 0.101074 0.078125 0.0302734 0.000600815
9 0.0361328 0.566406 0.0722656 0.191406 0.000608921
8 0.419922 0.149414 0.03125 0.0234375 0.000620365
3 0.352539 0.406738 0.212891 0.172852 0.000645638
9 0.968262 0.5625 0.0576172 0.128906 0.000646591
0 0.598633 0.215332 0.0527344 0.0263672 0.000655174
6 0.34082 0.499023 0.240234 0.117188 0.000675201
1 0.347168 0.339844 0.225586 0.314453 0.000676632
3 0.1875 0.161621 0.375 0.186523 0.000677109
7 0.337402 0.461426 0.110352 0.0517578 0.000684738
6 0.316895 0.456543 0.15332 0.0732422 0.000686169
13 0.335938 0.168945 0.0527344 0.0351562 0.000689983
13 0.633789 0.24707 0.0410156 0.0507812 0.00069046
13 0.610352 0.244141 0.121094 0.171875 0.000690937
11 0.67334 0.117676 0.116211 0.0361328 0.000691891
11 0.371582 0.108887 0.0595703 0.0283203 0.000696182
0 0.637695 0.234863 0.0371094 0.0556641 0.000697613
10 0.375488 0.492676 0.219727 0.118164 0.000704765
9 0.655273 0.0639648 0.015625 0.0107422 0.000710011
11 0.338379 0.159668 0.0615234 0.0400391 0.000710964
10 0.273926 0.549316 0.145508 0.125977 0.000716686
0 0.639648 0.260742 0.09375 0.117188 0.000720024
8 0.624512 0.251953 0.0556641 0.0683594 0.000725746
9 0.583984 0.219727 0.0332031 0.0292969 0.000742435
9 0.361328 0.447754 0.160156 0.0986328 0.000748158
10 0.335938 0.5625 0.255859 0.142578 0.00075388
5 0.60791 0.241699 0.104492 0.0869141 0.000771999
12 0.609375 0.240234 0.105469 0.0820312 0.000777245
9 0.708008 0.366211 0.167969 0.228516 0.000779629
8 0.336914 0.455566 0.0566406 0.0419922 0.000785828
2 0.610352 0.244141 0.121094 0.171875 0.000793457
13 0.330078 0.456055 0.1875 0.078125 0.000794888
12 0.354004 0.377441 0.219727 0.233398 0.000798225
13 0.634277 0.222168 0.0341797 0.0341797 0.000806332
13 0.43457 0.23877 0.0625 0.104492 0.00082016
13 0.356934 0.120605 0.0712891 0.0478516 0.00082159
8 0.585449 0.219238 0.0341797 0.0302734 0.000828743
2 0.354004 0.377441 0.219727 0.233398 0.000849247
9 0.52832 0.735352 0.185547 0.316406 0.000851631
13 0.61377 0.211914 0.0478516 0.0253906 0.000865936
11 0.250977 0.52002 0.0859375 0.0966797 0.000873089
4 0.40332 0.397461 0.134766 0.173828 0.000880718
0 0.587891 0.225098 0.0703125 0.0556641 0.000885963
7 0.237793 0.502441 0.0517578 0.0849609 0.000888824
1 0.34082 0.499023 0.240234 0.117188 0.000889301
2 0.615723 0.240723 0.0478516 0.0654297 0.0008955
13 0.336426 0.1875 0.0556641 0.0585938 0.000946045
13 0.584473 0.21875 0.0380859 0.0351562 0.000994682
10 0.304688 0.458008 0.146484 0.0820312 0.00104618
9 0.419434 0.378906 0.0986328 0.117188 0.00104713
11 0.39502 0.110352 0.0732422 0.0253906 0.00107002
8 0.767578 0.274414 0.0117188 0.0117188 0.00109196
11 0.680176 0.115234 0.0751953 0.0214844 0.00110149
2 0.623535 0.262695 0.0419922 0.046875 0.00110531
1 0.336426 0.133789 0.0869141 0.0722656 0.00115204
7 0.79248 0.514648 0.151367 0.177734 0.0011549
9 0.638184 0.23584 0.0361328 0.0556641 0.00117683
1 0.609375 0.240234 0.105469 0.0820312 0.00120354
9 0.177734 0.524902 0.0371094 0.15918 0.00123787
10 0.354004 0.333984 0.264648 0.326172 0.00127411
13 0.339355 0.135742 0.0810547 0.0742188 0.0012846
9 0.618652 0.211914 0.0478516 0.0234375 0.00128555
9 0.429199 0.0629883 0.0126953 0.00878906 0.00128555
3 0.211426 0.0869141 0.422852 0.173828 0.00128746
9 0.79248 0.514648 0.151367 0.177734 0.00130749
5 0.74707 0.304199 0.189453 0.28418 0.00137901
11 0.437012 0.109375 0.0478516 0.0253906 0.00140476
10 0.791016 0.490234 0.150391 0.21875 0.00154877
9 0.622559 0.227051 0.0654297 0.0537109 0.00160599
10 0.831543 0.48584 0.0732422 0.135742 0.00160789
11 0.625488 0.220703 0.0498047 0.0390625 0.00160789
4 0.34082 0.499023 0.240234 0.117188 0.00161743
11 0.312012 0.147461 0.0712891 0.0722656 0.00162792
6 0.396973 0.384766 0.131836 0.160156 0.00163841
9 0.752441 0.45459 0.217773 0.250977 0.00164509
11 0.32959 0.166504 0.0400391 0.0224609 0.00165176
10 0.336426 0.133789 0.0869141 0.0722656 0.00166416
8 0.630371 0.227051 0.0478516 0.0498047 0.00167274
7 0.635254 0.5 0.446289 0.203125 0.00167656
11 0.635254 0.5 0.446289 0.203125 0.00173569
12 0.633301 0.500488 0.438477 0.202148 0.00179958
4 0.328613 0.45459 0.192383 0.0908203 0.0018034
11 0.351562 0.410645 0.207031 0.161133 0.00181675
11 0.259766 0.489258 0.0917969 0.0976562 0.00183105
1 0.633301 0.500488 0.438477 0.202148 0.0018568
8 0.633301 0.500488 0.438477 0.202148 0.00186348
2 0.633301 0.500488 0.438477 0.202148 0.00198364
7 0.749512 0.458008 0.229492 0.273438 0.00201035
8 0.621094 0.216309 0.046875 0.0322266 0.00202751
13 0.330078 0.16748 0.0410156 0.0205078 0.00204277
11 0.612305 0.116211 0.0410156 0.0214844 0.00207329
4 0.635254 0.5 0.446289 0.203125 0.0020771
9 0.0610352 0.605957 0.12207 0.19043 0.00213432
9 0.627441 0.219727 0.0419922 0.0351562 0.0021801
6 0.635254 0.5 0.446289 0.203125 0.00219345
13 0.635254 0.5 0.446289 0.203125 0.00221825
13 0.347168 0.339844 0.225586 0.314453 0.00223732
3 0.60791 0.242188 0.102539 0.0859375 0.00233841
2 0.583008 0.226074 0.0527344 0.0458984 0.00255394
10 0.240723 0.525391 0.0673828 0.0917969 0.00259209
9 0.746094 0.396973 0.15625 0.157227 0.00270081
4 0.347656 0.340332 0.222656 0.311523 0.0027523
13 0.629883 0.227051 0.0488281 0.0537109 0.00287819
0 0.624512 0.251953 0.0556641 0.0683594 0.00291443
9 0.353516 0.322754 0.228516 0.334961 0.00299644
0 0.633301 0.500488 0.438477 0.202148 0.00301933
1 0.34668 0.418945 0.207031 0.148438 0.00306129
0 0.583984 0.219727 0.0332031 0.0292969 0.00307465
7 0.258789 0.479492 0.0898438 0.107422 0.00318909
9 0.635254 0.5 0.446289 0.203125 0.00331116
0 0.622559 0.228516 0.0673828 0.0585938 0.00332832
5 0.633301 0.500488 0.438477 0.202148 0.00339127
11 0.852051 0.474609 0.0283203 0.0507812 0.00364685
2 0.578125 0.222168 0.0214844 0.0224609 0.00370789
10 0.633301 0.500488 0.438477 0.202148 0.00379372
8 0.351562 0.418945 0.208984 0.150391 0.00386429
11 0.363281 0.118164 0.0507812 0.0253906 0.00392151
11 0.327148 0.51709 0.224609 0.114258 0.00417328
11 0.615234 0.233887 0.101562 0.0712891 0.00427246
13 0.625977 0.21582 0.0390625 0.0273438 0.00427246
8 0.608887 0.238281 0.100586 0.078125 0.00432968
9 0.609375 0.239258 0.103516 0.0800781 0.0043602
2 0.601562 0.215332 0.0703125 0.0361328 0.00459671
6 0.361328 0.447754 0.160156 0.0986328 0.00462723
5 0.351562 0.410645 0.207031 0.161133 0.0046463
7 0.757812 0.416016 0.171875 0.148438 0.00493622
10 0.849121 0.470703 0.0341797 0.0546875 0.00502396
7 0.306152 0.45752 0.149414 0.0849609 0.00510025
9 0.347656 0.412598 0.207031 0.166992 0.00569916
0 0.579102 0.26123 0.167969 0.135742 0.00597763
10 0.258789 0.479492 0.0898438 0.107422 0.00655365
11 0.446777 0.100098 0.0537109 0.0146484 0.00658798
7 0.419922 0.379883 0.0976562 0.117188 0.00705719
3 0.634277 0.439941 0.407227 0.186523 0.00778198
10 0.352539 0.406738 0.212891 0.172852 0.00937653
10 0.334961 0.45752 0.220703 0.12793 0.00952148
10 0.268555 0.510254 0.119141 0.100586 0.00953674
13 0.34668 0.418945 0.207031 0.148438 0.0100632
7 0.359375 0.450684 0.158203 0.0927734 0.010498
11 0.412109 0.103516 0.105469 0.0195312 0.0106659
11 0.842285 0.468262 0.0458984 0.0810547 0.0107422
2 0.598145 0.212891 0.0380859 0.0214844 0.0109711
10 0.839355 0.464844 0.0498047 0.0839844 0.0116043
11 0.372559 0.120605 0.120117 0.0537109 0.0116882
2 0.624023 0.258789 0.0722656 0.0703125 0.0119705
11 0.652832 0.112793 0.0888672 0.0205078 0.0122528
6 0.353516 0.322754 0.228516 0.334961 0.0123749
2 0.630371 0.257324 0.0283203 0.0322266 0.0125656
7 0.394043 0.388672 0.137695 0.171875 0.0126038
7 0.34082 0.499023 0.240234 0.117188 0.0138702
10 0.231445 0.516602 0.0351562 0.0546875 0.016037
11 0.231445 0.516602 0.0351562 0.0585938 0.0175629
9 0.324707 0.53125 0.233398 0.105469 0.0191956
2 0.637695 0.225098 0.0351562 0.0400391 0.022522
4 0.351562 0.418945 0.208984 0.150391 0.0259247
13 0.608887 0.238281 0.100586 0.078125 0.0284119
5 0.351562 0.333984 0.226562 0.328125 0.0289307
2 0.618652 0.211914 0.0478516 0.0234375 0.0328064
11 0.236816 0.496582 0.0517578 0.0849609 0.042572
10 0.236816 0.496582 0.0517578 0.0849609 0.0444031
11 0.397461 0.110352 0.126953 0.0332031 0.0447388
10 0.327148 0.51709 0.224609 0.114258 0.0462952
7 0.347168 0.339844 0.225586 0.314453 0.0536804
6 0.34668 0.412598 0.208984 0.165039 0.0613403
2 0.585449 0.219238 0.0341797 0.0302734 0.064209
2 0.632812 0.246582 0.046875 0.0537109 0.0716553
11 0.351074 0.119629 0.0654297 0.0439453 0.0900879
2 0.627441 0.219727 0.0419922 0.0351562 0.0949707
11 0.336426 0.133789 0.0869141 0.0722656 0.140991
7 0.34668 0.418945 0.207031 0.148438 0.167236
2 0.611328 0.235352 0.09375 0.0742188 0.200806
0 0.60791 0.242188 0.102539 0.0859375 0.641602
3 0.637695 0.506348 0.449219 0.192383 0.741211
