3 0.247559 0.059082 0.495117 0.118164 0.000100672
13 0.439453 0.205566 0.0996094 0.118164 0.000100791
13 0.813965 0.499512 0.0751953 0.0419922 0.00010103
13 0.383301 0.28418 0.0654297 0.0449219 0.000103712
13 0.743652 0.225098 0.0712891 0.0478516 0.00010407
9 0.70166 0.196777 0.0166016 0.0126953 0.000104189
6 0.653809 0.193848 0.116211 0.120117 0.000104487
13 0.444824 0.282227 0.0576172 0.0742188 0.000104606
11 0.460938 0.124512 0.0722656 0.0205078 0.000105858
5 0.0859375 0.182129 0.171875 0.364258 0.000106037
9 0.665527 0.219727 0.0712891 0.0546875 0.000106752
11 0.669434 0.136719 0.0830078 0.0195312 0.000111341
11 0.198242 0.603027 0.0292969 0.0595703 0.000112653
3 0.260742 0.163574 0.521484 0.291992 0.00011301
11 0.433105 0.125488 0.0576172 0.0166016 0.00011301
13 0.413086 0.226562 0.0546875 0.0488281 0.000113785
9 0.733398 0.160645 0.0488281 0.0380859 0.000115156
9 0.128418 0.185547 0.256836 0.371094 0.000116289
8 0.46582 0.270996 0.0117188 0.00878906 0.000116467
3 0.620117 0.547852 0.382812 0.107422 0.000117302
0 0.289062 0.799316 0.578125 0.219727 0.000117779
11 0.617188 0.124023 0.0507812 0.0214844 0.000119746
5 0.195801 0.132812 0.391602 0.265625 0.000123501
9 0.808105 0.40918 0.151367 0.253906 0.000128984
11 0.652344 0.12793 0.0488281 0.0136719 0.000129819
13 0.32666 0.430176 0.100586 0.0380859 0.000132084
3 0.289062 0.799316 0.578125 0.219727 0.000132203
3 0.219238 0.949707 0.233398 0.0966797 0.000132799
9 0.549805 0.333008 0.232422 0.179688 0.000135064
9 0.604492 0.476562 0.398438 0.267578 0.000146151
11 0.430664 0.134277 0.0585938 0.0166016 0.000149488
3 0.170898 0.11377 0.341797 0.227539 0.000150561
9 0.61377 0.158691 0.0537109 0.0927734 0.000151992
5 0.821777 0.104492 0.356445 0.203125 0.000156164
9 0.541992 0.146484 0.0253906 0.0292969 0.000156999
13 0.769531 0.512695 0.0488281 0.0429688 0.000157237
9 0.427734 0.199707 0.123047 0.112305 0.000158072
13 0.662598 0.331543 0.0166016 0.0126953 0.000158191
13 0.413086 0.305664 0.0742188 0.0566406 0.000158787
13 0.791504 0.507812 0.0830078 0.0351562 0.000159025
8 0.836914 0.994141 0.0292969 0.00976562 0.000160098
3 0.616699 0.312012 0.206055 0.157227 0.000160217
8 0.819336 0.993164 0.03125 0.00976562 0.000163913
9 0.978027 0.461426 0.0400391 0.161133 0.000167847
13 0.453125 0.325684 0.0683594 0.0888672 0.000170588
0 0.604004 0.293945 0.0517578 0.0664062 0.000170708
9 0.260742 0.163574 0.521484 0.291992 0.000170827
13 0.435059 0.310059 0.108398 0.161133 0.000174046
9 0.757324 0.214844 0.0537109 0.0273438 0.000176311
11 0.64502 0.141602 0.106445 0.0507812 0.000178695
9 0.616699 0.312012 0.206055 0.157227 0.000180602
13 0.374023 0.0888672 0.347656 0.177734 0.000187397
13 0.38916 0.490723 0.0673828 0.0537109 0.00019455
8 0.715332 0.188965 0.0419922 0.0302734 0.000196576
8 0.704102 0.191895 0.0234375 0.0224609 0.000200748
13 0.306152 0.484375 0.106445 0.0351562 0.000200868
7 0.664551 0.220215 0.0771484 0.0615234 0.000201225
13 0.421875 0.283203 0.078125 0.0898438 0.000203371
13 0.79541 0.12207 0.0498047 0.0585938 0.000207186
11 0.87793 0.56543 0.0664062 0.078125 0.000210166
10 0.87793 0.56543 0.0664062 0.078125 0.000216365
13 0.193848 0.131836 0.387695 0.263672 0.000217438
8 0.792969 0.993164 0.03125 0.0117188 0.000220895
8 0.662598 0.33252 0.0283203 0.0205078 0.000226498
13 0.81543 0.112793 0.369141 0.22168 0.000230789
0 0.608887 0.327637 0.25293 0.196289 0.00024116
11 0.615234 0.152832 0.0488281 0.0830078 0.000252247
13 0.803711 0.455566 0.0449219 0.0185547 0.000253439
11 0.428223 0.135254 0.0888672 0.0283203 0.000255823
7 0.413086 0.225098 0.0546875 0.0458984 0.00026083
10 0.895508 0.589844 0.03125 0.0546875 0.000268698
0 0.623535 0.322754 0.106445 0.137695 0.00026989
11 0.661133 0.131836 0.0566406 0.0136719 0.000270605
11 0.438477 0.140137 0.0625 0.0166016 0.000271797
11 0.466797 0.14502 0.0507812 0.0224609 0.000276327
13 0.756836 0.214355 0.0507812 0.0263672 0.000283957
11 0.476562 0.135742 0.0585938 0.0351562 0.000299215
9 0.413086 0.225098 0.0546875 0.0458984 0.000321627
8 0.67627 0.218262 0.0439453 0.0419922 0.000336647
10 0.89502 0.581543 0.0458984 0.0908203 0.000338793
7 0.61377 0.158691 0.0537109 0.0927734 0.000352859
6 0.601562 0.299805 0.105469 0.111328 0.00036025
11 0.727539 0.158691 0.0800781 0.0576172 0.000375509
0 0.600586 0.0141602 0.154297 0.0283203 0.000376225
11 0.640137 0.124512 0.0673828 0.0146484 0.000376225
9 0.653809 0.193848 0.116211 0.120117 0.000392914
11 0.895508 0.589844 0.03125 0.0546875 0.000414371
4 0.601562 0.299805 0.105469 0.111328 0.000424385
13 0.726074 0.244629 0.0751953 0.0771484 0.000429869
8 0.782715 0.994141 0.0263672 0.0117188 0.000437021
6 0.606445 0.506836 0.376953 0.105469 0.000438452
8 0.606445 0.506836 0.376953 0.105469 0.000450611
7 0.606445 0.506836 0.376953 0.105469 0.000453949
4 0.606445 0.506836 0.376953 0.105469 0.000457525
5 0.808105 0.40918 0.151367 0.253906 0.000481129
7 0.601562 0.299805 0.105469 0.111328 0.000482798
13 0.303223 0.42041 0.0654297 0.0283203 0.000486135
7 0.425293 0.199707 0.129883 0.110352 0.000487089
12 0.600098 0.29834 0.106445 0.108398 0.000498295
1 0.605469 0.507324 0.378906 0.104492 0.000517845
11 0.89502 0.577148 0.0458984 0.0859375 0.00053978
13 0.807129 0.506836 0.0576172 0.0214844 0.000567913
2 0.606445 0.506836 0.376953 0.105469 0.000582695
12 0.605469 0.507324 0.378906 0.104492 0.000586987
13 0.400391 0.294434 0.0625 0.0400391 0.000588417
13 0.824707 0.466797 0.0771484 0.0234375 0.000591278
13 0.8125 0.459473 0.0722656 0.0283203 0.000604153
13 0.606445 0.506836 0.376953 0.105469 0.000613213
8 0.412598 0.226074 0.0556641 0.0458984 0.000633717
5 0.601562 0.299805 0.105469 0.111328 0.000636578
11 0.605469 0.507324 0.378906 0.104492 0.000647068
11 0.453613 0.136719 0.100586 0.0449219 0.00067234
13 0.601562 0.299805 0.105469 0.111328 0.000685692
5 0.606445 0.506836 0.376953 0.105469 0.000686646
1 0.601562 0.299805 0.105469 0.111328 0.000710011
11 0.621094 0.135742 0.0585938 0.0390625 0.00080061
11 0.744629 0.168457 0.0458984 0.0341797 0.000807285
8 0.601562 0.299805 0.105469 0.111328 0.000846386
11 0.601562 0.299805 0.105469 0.111328 0.000869274
10 0.605469 0.506348 0.378906 0.124023 0.000871658
11 0.4375 0.144043 0.0898438 0.0224609 0.000889778
2 0.657227 0.331055 0.0292969 0.0195312 0.000925064
11 0.460938 0.149414 0.078125 0.03125 0.000963688
2 0.600098 0.29834 0.106445 0.108398 0.00100899
7 0.653809 0.193848 0.116211 0.120117 0.00111675
9 0.662598 0.331543 0.0166016 0.0126953 0.00123119
13 0.43457 0.310547 0.0625 0.0839844 0.00129032
9 0.605469 0.506348 0.378906 0.124023 0.00138378
0 0.607422 0.510742 0.380859 0.103516 0.00138664
0 0.606934 0.276367 0.0751953 0.0664062 0.00157642
10 0.601562 0.299805 0.105469 0.111328 0.00161552
8 0.70166 0.196777 0.0166016 0.0126953 0.00170612
9 0.601562 0.299805 0.105469 0.111328 0.00200081
11 0.644043 0.130371 0.0869141 0.0185547 0.00237465
3 0.600098 0.29834 0.106445 0.108398 0.0026474
13 0.436523 0.308594 0.0390625 0.0527344 0.00266266
3 0.60498 0.515625 0.393555 0.265625 0.00267029
11 0.448242 0.130371 0.0800781 0.0224609 0.00302505
2 0.662598 0.331543 0.0166016 0.0126953 0.00437927
10 0.890137 0.57666 0.0341797 0.0498047 0.00471497
0 0.55957 0.307617 0.1875 0.128906 0.00521088
11 0.890137 0.577148 0.0341797 0.0527344 0.00525665
8 0.662109 0.331543 0.015625 0.0126953 0.00579453
11 0.456543 0.138184 0.0791016 0.0244141 0.00847626
11 0.734375 0.161133 0.046875 0.0332031 0.0106659
0 0.600098 0.29541 0.106445 0.100586 0.584961
3 0.605957 0.509277 0.37793 0.102539 0.685547
