13 0.682129 0.353027 0.0244141 0.0166016 0.000100434
13 0.333496 0.333496 0.0849609 0.12207 0.000101328
9 0.47168 0.296875 0.0722656 0.0761719 0.000101507
9 0.561035 0.46582 0.399414 0.263672 0.000101805
9 0.260254 0.39502 0.260742 0.272461 0.000101924
9 0.424316 0.227051 0.0615234 0.143555 0.000103712
13 0.646973 0.243652 0.0615234 0.0634766 0.000104725
11 0.903809 0.968262 0.0791016 0.0634766 0.000104845
7 0.802246 0.463867 0.149414 0.195312 0.000108302
13 0.360352 0.323242 0.0390625 0.0429688 0.000109553
5 0.789551 0.520508 0.229492 0.169922 0.000110269
9 0.854492 0.637207 0.150391 0.172852 0.000110507
3 0.0493164 0.550293 0.0986328 0.233398 0.000110567
10 0.828125 0.989746 0.169922 0.0205078 0.000113904
13 0.785156 0.54834 0.0898438 0.0341797 0.00011456
10 0.0922852 0.984375 0.0830078 0.0292969 0.000115454
13 0.76123 0.548828 0.18457 0.101562 0.000116587
10 0.875488 0.928711 0.133789 0.142578 0.000122786
12 0.243164 0.768555 0.408203 0.462891 0.000125647
9 0.249512 0.632812 0.358398 0.203125 0.000126243
11 0.572754 0.189453 0.0654297 0.0527344 0.0001266
6 0.248535 0.458496 0.182617 0.0458984 0.000128746
8 0.594238 0.269531 0.0244141 0.0253906 0.000129223
13 0.722656 0.343262 0.148438 0.194336 0.000129342
8 0.650879 0.429688 0.0205078 0.015625 0.000131011
10 0.17041 0.989258 0.163086 0.0195312 0.000133157
8 0.664062 0.321289 0.0136719 0.0136719 0.000133634
3 0.813965 0.10498 0.37207 0.209961 0.000134706
0 0.603027 0.306641 0.0537109 0.0625 0.000135183
5 0.260254 0.39502 0.260742 0.272461 0.000135303
10 0.371582 0.939453 0.418945 0.119141 0.000136137
9 0.748535 0.647949 0.34668 0.206055 0.000137687
9 0.553711 0.330078 0.236328 0.193359 0.000138521
2 0.658691 0.452148 0.0126953 0.00976562 0.000140667
13 0.195801 0.467773 0.116211 0.0410156 0.000142217
5 0.209473 0.475098 0.133789 0.0791016 0.000144005
13 0.158691 0.52002 0.0771484 0.0263672 0.000146389
4 0.291016 0.897461 0.308594 0.205078 0.000149131
11 0.13623 0.990234 0.124023 0.0175781 0.000149369
7 0.246094 0.481934 0.201172 0.0830078 0.000151277
11 0.405762 0.197266 0.0673828 0.0703125 0.000151515
13 0.418457 0.242676 0.0654297 0.163086 0.000151992
13 0.189941 0.525879 0.00878906 0.00878906 0.000152349
9 0.657715 0.452148 0.0126953 0.00976562 0.00015378
9 0.47168 0.17627 0.177734 0.34668 0.000155926
13 0.603027 0.310547 0.0576172 0.0625 0.000156283
3 0.614258 0.576172 0.435547 0.115234 0.000156283
11 0.291504 0.189453 0.157227 0.0644531 0.000157714
1 0.244141 0.205078 0.119141 0.078125 0.000159621
8 0.422363 0.337891 0.0361328 0.0292969 0.00016129
13 0.612793 0.287109 0.0966797 0.101562 0.000163674
0 0.508789 0.286133 0.210938 0.138672 0.000166297
13 0.689453 0.378418 0.0722656 0.0654297 0.000167489
3 0.0283203 0.588379 0.0546875 0.213867 0.000167727
13 0.744141 0.400879 0.201172 0.204102 0.000167847
11 0.638672 0.159668 0.119141 0.0244141 0.000168681
13 0.166016 0.463379 0.0351562 0.0185547 0.000171423
2 0.60791 0.295898 0.0439453 0.0605469 0.000177503
3 0.202148 0.155762 0.404297 0.311523 0.000180364
9 0.828125 0.510254 0.123047 0.108398 0.00018084
13 0.727051 0.540527 0.135742 0.0556641 0.000183821
13 0.76416 0.541992 0.0498047 0.0253906 0.000189304
0 0.574707 0.273926 0.0654297 0.0439453 0.000193238
9 0.436035 0.354492 0.129883 0.220703 0.000193596
10 0.244141 0.205078 0.119141 0.078125 0.000195265
8 0.603027 0.321777 0.0283203 0.0244141 0.00019598
9 0.706055 0.581543 0.210938 0.106445 0.000199914
6 0.814941 0.507324 0.141602 0.124023 0.000203967
9 0.457031 0.501465 0.1875 0.290039 0.000207305
9 0.396484 0.89209 0.470703 0.209961 0.000214815
9 0.592285 0.294922 0.0869141 0.0839844 0.000216126
2 0.59668 0.324219 0.0449219 0.0390625 0.000224352
13 0.65625 0.229004 0.0410156 0.0634766 0.000227451
11 0.907715 0.994141 0.0439453 0.0117188 0.000228047
10 0.114258 0.970703 0.111328 0.0546875 0.000229001
10 0.112793 0.990234 0.0888672 0.0175781 0.000231743
7 0.243164 0.768555 0.408203 0.462891 0.00023222
2 0.608887 0.300781 0.0302734 0.0351562 0.000233531
11 0.889648 0.606445 0.0566406 0.113281 0.000242352
10 0.893066 0.605469 0.0576172 0.103516 0.000249147
10 0.186035 0.870117 0.28418 0.259766 0.000250101
13 0.944824 0.12793 0.110352 0.0683594 0.000253439
10 0.803711 0.981445 0.238281 0.0351562 0.00025773
0 0.589355 0.283691 0.0517578 0.0517578 0.000258446
13 0.78125 0.277832 0.0273438 0.0439453 0.000262499
11 0.878906 0.991211 0.0820312 0.0175781 0.000262976
9 0.766602 0.412109 0.224609 0.3125 0.000263453
3 0.505859 0.331055 0.259766 0.160156 0.000263691
9 0.179199 0.939941 0.229492 0.120117 0.00026536
10 0.116211 0.941406 0.132812 0.113281 0.000266552
13 0.791016 0.466309 0.09375 0.0361328 0.000269651
9 0.19043 0.526855 0.00976562 0.00878906 0.000277042
11 0.355469 0.16748 0.107422 0.0224609 0.000277996
9 0.260254 0.464844 0.170898 0.0488281 0.00028038
9 0.802246 0.463867 0.149414 0.195312 0.000281572
13 0.222168 0.479492 0.161133 0.0898438 0.000286341
10 0.884766 0.990234 0.0742188 0.0175781 0.000286341
9 0.302734 0.945801 0.324219 0.104492 0.000304461
13 0.65918 0.266602 0.078125 0.123047 0.000318289
10 0.18457 0.981445 0.224609 0.0371094 0.000318527
0 0.599609 0.341309 0.119141 0.161133 0.000318766
13 0.251953 0.44043 0.214844 0.175781 0.000332117
6 0.575195 0.312012 0.123047 0.118164 0.000333786
11 0.914062 0.985352 0.0566406 0.0292969 0.000334263
2 0.624512 0.316895 0.0283203 0.0380859 0.000339508
9 0.472168 0.248535 0.12793 0.250977 0.000343084
4 0.575195 0.308594 0.125 0.113281 0.000344992
6 0.246094 0.481934 0.201172 0.0830078 0.000351429
11 0.664062 0.17627 0.148438 0.0576172 0.000355721
9 0.246094 0.45752 0.214844 0.137695 0.000360966
13 0.321289 0.460449 0.0957031 0.0947266 0.000362396
2 0.682129 0.353027 0.0244141 0.0166016 0.00036335
11 0.703125 0.175293 0.0605469 0.0302734 0.000364304
5 0.249512 0.458984 0.18457 0.0488281 0.000375986
9 0.538574 0.0454102 0.0751953 0.0908203 0.000379086
0 0.566895 0.297363 0.0771484 0.0830078 0.000385761
13 0.272949 0.45166 0.141602 0.0361328 0.000389099
10 0.139648 0.905762 0.171875 0.188477 0.000402212
11 0.236816 0.199707 0.0771484 0.0498047 0.000404119
10 0.272461 0.960449 0.322266 0.0791016 0.00040555
11 0.592285 0.174316 0.0693359 0.0341797 0.000411034
10 0.836426 0.957031 0.204102 0.0859375 0.000426292
7 0.575195 0.312012 0.123047 0.118164 0.000432014
2 0.19043 0.526855 0.00976562 0.00878906 0.000436306
7 0.583984 0.536621 0.433594 0.15918 0.000441074
12 0.575195 0.312012 0.123047 0.118164 0.000442266
2 0.590332 0.282715 0.0458984 0.0458984 0.000445843
3 0.441895 0.893555 0.549805 0.203125 0.000447989
8 0.195312 0.430664 0.00976562 0.0078125 0.000448704
13 0.179199 0.461914 0.0712891 0.0253906 0.000449419
10 0.907715 0.991211 0.0439453 0.0175781 0.000452042
6 0.583008 0.540527 0.4375 0.15918 0.00047946
10 0.888184 0.975098 0.0927734 0.0458984 0.00049448
4 0.583008 0.540527 0.4375 0.15918 0.000496387
7 0.248047 0.956055 0.335938 0.0859375 0.000498295
2 0.594238 0.269531 0.0244141 0.0253906 0.000509739
9 0.783203 0.60498 0.265625 0.120117 0.000513554
7 0.827637 0.508301 0.12207 0.12207 0.000528812
1 0.583008 0.540527 0.4375 0.15918 0.000532627
11 0.333008 0.177246 0.164062 0.0439453 0.000537395
9 0.223145 0.882812 0.329102 0.224609 0.000553608
8 0.583008 0.540527 0.4375 0.15918 0.000553608
13 0.583984 0.536621 0.433594 0.15918 0.000586033
11 0.580566 0.534668 0.438477 0.12793 0.000596523
1 0.575195 0.308594 0.125 0.113281 0.000607014
12 0.583008 0.540527 0.4375 0.15918 0.000612736
2 0.583008 0.540527 0.4375 0.15918 0.000612736
2 0.59668 0.323242 0.0605469 0.0703125 0.000614643
5 0.575195 0.312012 0.123047 0.118164 0.000674248
7 0.415039 0.251953 0.0683594 0.166016 0.000683308
11 0.67334 0.167969 0.0615234 0.0195312 0.000696659
2 0.614258 0.325195 0.0292969 0.0292969 0.00069809
11 0.575195 0.312012 0.123047 0.118164 0.000700474
11 0.206055 0.222168 0.0664062 0.0673828 0.000714302
11 0.396973 0.183105 0.0673828 0.0361328 0.000737667
8 0.575195 0.312012 0.123047 0.118164 0.000740051
10 0.86377 0.984375 0.124023 0.0292969 0.00074482
10 0.29541 0.887695 0.331055 0.220703 0.000746727
5 0.766602 0.412109 0.224609 0.3125 0.000757694
11 0.890137 0.981934 0.0849609 0.0361328 0.000767708
11 0.655273 0.165039 0.0722656 0.0175781 0.000771046
11 0.324707 0.17334 0.0732422 0.0166016 0.000795364
0 0.472168 0.387207 0.202148 0.313477 0.00080204
5 0.827637 0.508301 0.12207 0.12207 0.000805855
0 0.592773 0.328613 0.242188 0.192383 0.00083065
5 0.583008 0.540527 0.4375 0.15918 0.000835896
13 0.575195 0.312012 0.123047 0.118164 0.000858784
13 0.303711 0.466309 0.0878906 0.0361328 0.000866413
9 0.243164 0.768555 0.408203 0.462891 0.000884056
11 0.749512 0.195801 0.0849609 0.0498047 0.000889778
10 0.151367 0.962402 0.175781 0.0751953 0.000916481
2 0.581543 0.318848 0.12207 0.129883 0.000939846
0 0.59375 0.324219 0.0820312 0.0800781 0.000950813
3 0.411621 0.958008 0.436523 0.0820312 0.000953197
8 0.657715 0.452148 0.0126953 0.00976562 0.000972271
11 0.630371 0.171387 0.135742 0.0361328 0.00097847
7 0.29541 0.887695 0.331055 0.220703 0.000987053
10 0.583008 0.540527 0.4375 0.15918 0.00105762
10 0.13623 0.984375 0.135742 0.0273438 0.00110531
10 0.575195 0.312012 0.123047 0.118164 0.00124836
0 0.583008 0.538574 0.435547 0.129883 0.00125885
13 0.208984 0.456055 0.123047 0.03125 0.00127888
11 0.358887 0.171875 0.0732422 0.015625 0.0013237
13 0.279785 0.476562 0.149414 0.0878906 0.00142097
3 0.412109 0.980469 0.460938 0.0390625 0.00142765
10 0.894043 0.591797 0.0419922 0.0644531 0.00145149
9 0.429688 0.26416 0.0917969 0.192383 0.00147533
9 0.583008 0.538574 0.435547 0.129883 0.00150585
10 0.901367 0.984375 0.0625 0.0292969 0.00164032
11 0.89502 0.591309 0.0419922 0.0673828 0.00164413
11 0.900391 0.98877 0.0566406 0.0205078 0.00168037
11 0.378418 0.175781 0.0810547 0.0273438 0.00173664
9 0.496094 0.378906 0.253906 0.304688 0.00175762
8 0.683105 0.352539 0.0244141 0.0175781 0.0017767
2 0.595215 0.29541 0.0849609 0.0849609 0.0017767
11 0.289062 0.181152 0.113281 0.0380859 0.00177956
9 0.569824 0.314941 0.131836 0.125977 0.00183296
5 0.802246 0.463867 0.149414 0.195312 0.00233841
2 0.603027 0.321777 0.0283203 0.0244141 0.00243187
2 0.608398 0.316406 0.0371094 0.0488281 0.00248528
8 0.19043 0.526855 0.00976562 0.00878906 0.00260353
13 0.709961 0.371582 0.115234 0.100586 0.00263023
13 0.348145 0.311035 0.0654297 0.0634766 0.00277519
3 0.569824 0.307617 0.133789 0.111328 0.00300598
13 0.757812 0.54248 0.0742188 0.0400391 0.00325584
10 0.243164 0.768555 0.408203 0.462891 0.00346565
11 0.294922 0.175781 0.0820312 0.0234375 0.00348282
11 0.719727 0.182617 0.105469 0.0664062 0.00356293
9 0.48291 0.0493164 0.176758 0.0986328 0.00365829
5 0.246094 0.45752 0.214844 0.137695 0.00383759
0 0.591797 0.289551 0.0820312 0.0751953 0.00458527
10 0.21582 0.933594 0.308594 0.132812 0.00537109
9 0.477539 0.310059 0.195312 0.204102 0.00585556
3 0.578125 0.533691 0.453125 0.258789 0.00674438
13 0.249512 0.46582 0.18457 0.0488281 0.00875854
11 0.665039 0.16748 0.132812 0.0244141 0.00977325
11 0.260742 0.188965 0.0878906 0.0478516 0.0102386
11 0.337891 0.17334 0.136719 0.0205078 0.0114517
11 0.697754 0.175781 0.108398 0.0390625 0.0147705
0 0.505859 0.331055 0.259766 0.160156 0.0197754
11 0.244141 0.205078 0.119141 0.078125 0.0232544
11 0.730957 0.185547 0.0732422 0.0429688 0.027359
3 0.583496 0.537109 0.430664 0.117188 0.540039
0 0.572266 0.305176 0.132812 0.106445 0.577637
