13 0.321777 0.248047 0.0947266 0.0996094 0.000100315
11 0.76709 0.123047 0.0634766 0.0546875 0.000102043
3 0.594238 0.829102 0.776367 0.341797 0.000102162
5 0.223145 0.617188 0.293945 0.121094 0.000102341
0 0.782715 0.452148 0.274414 0.455078 0.00010252
8 0.585938 0.616699 0.0214844 0.0166016 0.000102937
8 0.73291 0.461426 0.0205078 0.0166016 0.000104368
7 0.733398 0.105957 0.144531 0.0771484 0.00010699
8 0.168457 0.567871 0.0107422 0.0107422 0.000107646
8 0.64502 0.608887 0.0302734 0.0263672 0.000108123
7 0.782715 0.452148 0.274414 0.455078 0.000109553
5 0.163086 0.589355 0.142578 0.141602 0.000109851
8 0.268555 0.567871 0.046875 0.0263672 0.000109911
13 0.732422 0.106445 0.195312 0.0761719 0.000110865
6 0.214844 0.472168 0.291016 0.37793 0.000110984
5 0.779297 0.375488 0.123047 0.12793 0.000111938
5 0.265137 0.541016 0.229492 0.208984 0.000112116
10 0.92041 0.729004 0.0322266 0.0478516 0.000113845
8 0.216797 0.598633 0.0175781 0.0175781 0.000114858
13 0.776855 0.641602 0.0712891 0.046875 0.000115216
0 0.49707 0.26709 0.210938 0.180664 0.000116289
8 0.129883 0.643066 0.0410156 0.0400391 0.000117123
13 0.29834 0.563477 0.15332 0.15625 0.00011903
1 0.733398 0.105957 0.144531 0.0771484 0.000119209
6 0.24707 0.583496 0.205078 0.118164 0.000121236
7 0.229004 0.577637 0.188477 0.12793 0.000121891
12 0.292969 0.133789 0.212891 0.107422 0.000123262
5 0.820801 0.632812 0.209961 0.167969 0.000127196
9 0.828125 0.685059 0.224609 0.124023 0.000127673
13 0.197754 0.196777 0.0166016 0.0107422 0.000130653
6 0.19043 0.54541 0.216797 0.198242 0.000132561
2 0.238281 0.119141 0.115234 0.0859375 0.000133872
5 0.14502 0.442383 0.282227 0.556641 0.000133872
2 0.381348 0.44873 0.0478516 0.0322266 0.000134349
5 0.230469 0.337891 0.378906 0.615234 0.000136614
8 0.600586 0.291992 0.0351562 0.0253906 0.000139356
13 0.328613 0.571777 0.0751953 0.12207 0.000140667
1 0.238281 0.119141 0.115234 0.0859375 0.000140786
8 0.6875 0.526855 0.0546875 0.0458984 0.000141263
7 0.404297 0.236816 0.0605469 0.0693359 0.000141263
11 0.921875 0.728516 0.0351562 0.0527344 0.000142336
9 0.410156 0.23877 0.0566406 0.0693359 0.000145912
13 0.382324 0.446289 0.0537109 0.0371094 0.000150323
9 0.299316 0.106934 0.229492 0.0732422 0.000156999
8 0.137207 0.641113 0.0205078 0.0244141 0.000157714
11 0.662109 0.0766602 0.140625 0.0302734 0.000160217
12 0.782715 0.452148 0.274414 0.455078 0.000162005
9 0.24707 0.583496 0.205078 0.118164 0.000167489
5 0.790039 0.471191 0.197266 0.239258 0.000169754
9 0.582031 0.0634766 0.0546875 0.0449219 0.000169873
12 0.702637 0.141602 0.268555 0.140625 0.00017035
11 0.578613 0.0678711 0.0634766 0.0498047 0.000171781
7 0.337891 0.605957 0.0683594 0.0478516 0.000172138
13 0.294922 0.160645 0.132812 0.0751953 0.000173211
3 0.22168 0.440918 0.324219 0.446289 0.000174046
11 0.675293 0.0917969 0.18457 0.0742188 0.000178695
11 0.228516 0.117676 0.0625 0.0517578 0.000179529
13 0.711914 0.416016 0.351562 0.589844 0.000191808
9 0.231445 0.117188 0.107422 0.0742188 0.000197887
9 0.723633 0.105469 0.199219 0.0839844 0.000197887
9 0.811523 0.547852 0.195312 0.246094 0.000205278
8 0.799805 0.316406 0.00976562 0.0078125 0.000205278
8 0.381348 0.44873 0.0478516 0.0322266 0.000208735
7 0.26709 0.121094 0.166992 0.0898438 0.000211
9 0.460938 0.350098 0.119141 0.305664 0.000228047
8 0.199707 0.196289 0.0126953 0.00976562 0.000233769
9 0.532227 0.587402 0.341797 0.217773 0.000239849
11 0.312988 0.0834961 0.116211 0.0263672 0.000252485
13 0.238281 0.119141 0.115234 0.0859375 0.000260592
11 0.574707 0.110352 0.0498047 0.0390625 0.000268936
11 0.670898 0.0820312 0.0761719 0.0214844 0.000269651
11 0.604492 0.0932617 0.0683594 0.0322266 0.000270605
11 0.82373 0.17041 0.0517578 0.0439453 0.000276566
8 0.104492 0.660645 0.00976562 0.00878906 0.000279903
9 0.719238 0.413574 0.348633 0.592773 0.000284672
11 0.388672 0.105469 0.0917969 0.0585938 0.000289202
11 0.291504 0.14209 0.237305 0.112305 0.000290632
8 0.757324 0.493652 0.0146484 0.0146484 0.000291824
7 0.312988 0.577148 0.116211 0.113281 0.000292778
11 0.724609 0.101074 0.078125 0.0498047 0.000293255
11 0.340332 0.0917969 0.0732422 0.0214844 0.00029397
8 0.673828 0.183105 0.0410156 0.0302734 0.000309706
9 0.306152 0.173828 0.118164 0.0566406 0.000317097
13 0.790039 0.649414 0.0488281 0.0332031 0.00031805
6 0.782715 0.452148 0.274414 0.455078 0.000332117
8 0.123047 0.5625 0.0117188 0.0117188 0.000344753
11 0.77832 0.130371 0.123047 0.0986328 0.000355959
11 0.296875 0.0927734 0.0742188 0.0273438 0.000356913
3 0.782715 0.452148 0.274414 0.455078 0.000390053
7 0.292969 0.154785 0.179688 0.0966797 0.000416994
5 0.786621 0.364746 0.172852 0.266602 0.000449181
11 0.697266 0.0825195 0.103516 0.0302734 0.000484705
3 0.541504 0.589355 0.350586 0.15918 0.000504017
11 0.640625 0.0864258 0.130859 0.0380859 0.000525475
8 0.64209 0.221191 0.00878906 0.00878906 0.000528812
8 0.371582 0.283691 0.0126953 0.0126953 0.00054884
9 0.536621 0.255859 0.124023 0.126953 0.000558376
9 0.196777 0.533203 0.227539 0.21875 0.000592232
9 0.477539 0.270996 0.169922 0.217773 0.000639439
11 0.339844 0.0981445 0.169922 0.0517578 0.00066328
9 0.292969 0.154785 0.179688 0.0966797 0.000671387
11 0.212891 0.130371 0.0625 0.0498047 0.000697613
11 0.728516 0.108887 0.234375 0.0927734 0.000705242
10 0.0537109 0.726562 0.0351562 0.0410156 0.000718117
8 0.15625 0.539551 0.0117188 0.0107422 0.000748158
8 0.271484 0.569824 0.0234375 0.0166016 0.000803947
11 0.349121 0.0844727 0.108398 0.0224609 0.000813961
12 0.715332 0.105957 0.208008 0.0810547 0.000825882
11 0.0537109 0.726562 0.0351562 0.0410156 0.000843048
9 0.22168 0.440918 0.324219 0.446289 0.000849247
11 0.695801 0.0908203 0.0751953 0.03125 0.00116825
11 0.271484 0.0957031 0.0761719 0.0332031 0.00117302
5 0.711914 0.416016 0.351562 0.589844 0.00135517
8 0.697266 0.540527 0.0371094 0.0283203 0.00137901
8 0.260742 0.30127 0.0195312 0.0166016 0.00148773
5 0.21875 0.573242 0.191406 0.138672 0.00170517
11 0.372559 0.0927734 0.0947266 0.0332031 0.00202751
9 0.788574 0.449219 0.237305 0.423828 0.00220108
11 0.289062 0.106934 0.201172 0.0712891 0.00258827
5 0.811523 0.547852 0.195312 0.246094 0.00301552
11 0.213379 0.129395 0.100586 0.0732422 0.00534821
5 0.182129 0.535645 0.186523 0.22168 0.00588226
9 0.476562 0.449219 0.166016 0.5 0.00737381
11 0.757812 0.109863 0.0996094 0.0732422 0.00773621
0 0.541992 0.247559 0.109375 0.108398 0.00875854
5 0.209473 0.475586 0.262695 0.357422 0.00930786
11 0.664062 0.0854492 0.128906 0.0224609 0.0102692
11 0.271973 0.100586 0.118164 0.0488281 0.0163574
11 0.321289 0.0922852 0.164062 0.0263672 0.0187988
11 0.720703 0.102051 0.140625 0.0654297 0.0198517
11 0.688477 0.0908203 0.146484 0.0371094 0.0219727
5 0.789062 0.447266 0.244141 0.433594 0.02388
11 0.240234 0.116211 0.115234 0.0742188 0.0309448
