7 0.432617 0.206543 0.191406 0.0634766 0.000187755
9 0.78125 0.660645 0.339844 0.133789 0.000191092
7 0.518555 0.588867 0.1875 0.367188 0.000191927
9 0.776855 0.264648 0.329102 0.160156 0.000195384
13 0.799805 0.418945 0.279297 0.408203 0.000195503
11 0.647461 0.0913086 0.441406 0.0947266 0.000195742
7 0.653809 0.23584 0.151367 0.112305 0.00019598
9 0.904785 0.638672 0.131836 0.167969 0.000196099
5 0.518555 0.557617 0.207031 0.419922 0.000198126
3 0.291504 0.981445 0.432617 0.0351562 0.000198483
11 0.9375 0.701172 0.0273438 0.0332031 0.000198841
13 0.924316 0.652832 0.0654297 0.108398 0.00019908
9 0.845703 0.327637 0.308594 0.260742 0.000199556
8 0.375488 0.353516 0.0185547 0.0175781 0.000200987
9 0.162598 0.666016 0.237305 0.191406 0.000203609
9 0.342285 0.234863 0.129883 0.0791016 0.000205874
10 0.158691 0.972168 0.241211 0.0517578 0.000207067
9 0.0356445 0.0400391 0.0712891 0.0800781 0.000207186
9 0.602539 0.019043 0.392578 0.0361328 0.000207424
11 0.74707 0.212402 0.0507812 0.0166016 0.000212312
12 0.116211 0.0429688 0.232422 0.0859375 0.000212669
9 0.280273 0.303711 0.207031 0.152344 0.000213623
5 0.175781 0.59082 0.0585938 0.0488281 0.000213981
1 0.114746 0.648926 0.0634766 0.0771484 0.000215292
11 0.381348 0.217285 0.12207 0.0400391 0.000216246
11 0.125488 0.628906 0.0693359 0.0722656 0.000217795
11 0.629395 0.0380859 0.416992 0.0761719 0.000217915
11 0.447754 0.197754 0.108398 0.0341797 0.000219941
10 0.0761719 0.530762 0.152344 0.524414 0.000220299
13 0.588379 0.263184 0.274414 0.264648 0.000220895
7 0.17334 0.57666 0.0888672 0.0751953 0.000223637
9 0.564941 0.424316 0.235352 0.192383 0.000224233
10 0.837891 0.989746 0.160156 0.0205078 0.000226021
5 0.92041 0.628906 0.0556641 0.0664062 0.000226498
5 0.34375 0.5 0.28125 0.183594 0.000226617
9 0.308105 0.722656 0.53418 0.263672 0.000226974
9 0.543945 0.0302734 0.21875 0.0585938 0.000228167
9 0.92041 0.656738 0.0615234 0.104492 0.000228286
10 0.164551 0.632324 0.206055 0.180664 0.000229001
7 0.740723 0.100586 0.518555 0.201172 0.000230312
9 0.789062 0.236816 0.115234 0.0771484 0.000231504
1 0.585449 0.257812 0.266602 0.238281 0.00023222
9 0.191895 0.592773 0.145508 0.103516 0.000233173
7 0.533691 0.445801 0.206055 0.452148 0.000234485
6 0.588379 0.263184 0.274414 0.264648 0.000239491
9 0.0893555 0.0185547 0.176758 0.0371094 0.000240207
7 0.228027 0.525879 0.282227 0.256836 0.000243664
7 0.91748 0.602051 0.0693359 0.12207 0.000244856
9 0.0620117 0.634766 0.114258 0.25 0.000254393
11 0.126953 0.306641 0.046875 0.0332031 0.000255108
7 0.88916 0.54248 0.0966797 0.161133 0.000255823
9 0.307129 0.955078 0.491211 0.0820312 0.000257015
10 0.09375 0.650879 0.0683594 0.0849609 0.000259399
11 0.72168 0.213379 0.283203 0.0498047 0.000259399
8 0.559082 0.366699 0.262695 0.47168 0.000260353
9 0.461426 0.0541992 0.481445 0.106445 0.00026226
12 0.0800781 0.285645 0.160156 0.571289 0.000266552
7 0.881836 0.592285 0.123047 0.145508 0.000266552
9 0.412109 0.1875 0.140625 0.130859 0.000266552
9 0.944336 0.115723 0.107422 0.217773 0.000267982
0 0.537109 0.491699 0.208984 0.37207 0.000273943
9 0.822266 0.269043 0.078125 0.0439453 0.000275612
9 0.100098 0.596191 0.200195 0.352539 0.000277281
8 0.916016 0.617188 0.0722656 0.148438 0.000278473
8 0.390625 0.206055 0.0546875 0.0429688 0.000279427
10 0.837402 0.970703 0.22168 0.0546875 0.000282049
9 0.0419922 0.742676 0.0742188 0.333008 0.000283241
9 0.478516 0.361328 0.0839844 0.130859 0.00028491
9 0.881836 0.592285 0.123047 0.145508 0.000286341
9 0.75293 0.612305 0.400391 0.119141 0.000288248
12 0.155762 0.605957 0.106445 0.0849609 0.000291586
9 0.732422 0.220215 0.234375 0.0478516 0.000296116
11 0.912109 0.60791 0.0761719 0.116211 0.000297308
9 0.116211 0.648926 0.0703125 0.0751953 0.000299931
9 0.558594 0.196289 0.199219 0.158203 0.000300169
7 0.490234 0.335449 0.111328 0.239258 0.000304461
9 0.891113 0.571289 0.0595703 0.0605469 0.000304461
9 0.296875 0.270996 0.0898438 0.0634766 0.00030899
11 0.443359 0.186035 0.0605469 0.0126953 0.000310659
9 0.462402 0.548828 0.37793 0.3125 0.000315189
5 0.303711 0.590332 0.404297 0.168945 0.000315666
0 0.175781 0.59082 0.0585938 0.0488281 0.000323534
0 0.579102 0.255371 0.248047 0.182617 0.000332594
2 0.117676 0.312988 0.0654297 0.0517578 0.000333548
9 0.0581055 0.3125 0.116211 0.447266 0.000340223
12 0.25293 0.0541992 0.505859 0.108398 0.000347376
9 0.131348 0.294434 0.262695 0.344727 0.000351906
13 0.329102 0.505859 0.232422 0.148438 0.000358582
11 0.59082 0.228516 0.271484 0.181641 0.000360012
9 0.46875 0.368652 0.203125 0.352539 0.000360966
9 0.220215 0.447266 0.344727 0.283203 0.000361443
9 0.195801 0.612793 0.243164 0.100586 0.000362873
3 0.270508 0.21875 0.503906 0.330078 0.000368595
9 0.0761719 0.109375 0.152344 0.21875 0.000370502
0 0.0864258 0.317871 0.172852 0.426758 0.000375748
9 0.403809 0.250488 0.288086 0.192383 0.000381947
9 0.223633 0.520508 0.107422 0.0644531 0.000383377
7 0.310547 0.431641 0.4375 0.410156 0.000384808
11 0.166504 0.594727 0.0869141 0.0722656 0.000385761
12 0.902832 0.13623 0.194336 0.272461 0.000388145
9 0.48584 0.362305 0.108398 0.244141 0.000389099
9 0.148438 0.564941 0.111328 0.124023 0.000393629
9 0.132324 0.563477 0.166992 0.212891 0.000400782
9 0.410156 0.687012 0.238281 0.149414 0.000401735
5 0.837891 0.541504 0.214844 0.250977 0.000402451
11 0.114746 0.661133 0.135742 0.152344 0.000405073
9 0.473145 0.650391 0.112305 0.101562 0.000408411
9 0.110352 0.943848 0.207031 0.112305 0.000413418
5 0.783203 0.207031 0.433594 0.380859 0.000413895
7 0.775879 0.410645 0.321289 0.399414 0.000417709
1 0.175781 0.589355 0.0566406 0.0478516 0.0004251
9 0.846191 0.034668 0.305664 0.0673828 0.000425577
8 0.23584 0.522949 0.0673828 0.0517578 0.000428677
10 0.897949 0.019043 0.204102 0.0380859 0.000435591
1 0.155762 0.605957 0.106445 0.0849609 0.000440836
9 0.247559 0.358887 0.172852 0.157227 0.000443459
4 0.159668 0.600098 0.0966797 0.0791016 0.000447512
7 0.120117 0.638672 0.078125 0.0859375 0.000458717
9 0.0991211 0.337402 0.165039 0.241211 0.0004673
9 0.519043 0.680664 0.15918 0.166016 0.000468493
9 0.682129 0.361816 0.485352 0.313477 0.00047636
7 0.223633 0.520508 0.107422 0.0644531 0.000489235
10 0.813965 0.212402 0.37207 0.415039 0.000499725
12 0.29541 0.12207 0.59082 0.244141 0.000504017
5 0.787109 0.614746 0.314453 0.129883 0.000511169
11 0.915039 0.643555 0.0976562 0.111328 0.000515461
7 0.628418 0.0556641 0.430664 0.111328 0.000520229
9 0.653809 0.23584 0.151367 0.112305 0.00052309
3 0.518555 0.557617 0.207031 0.419922 0.000528812
8 0.156738 0.600098 0.120117 0.149414 0.000533104
9 0.762695 0.222168 0.0820312 0.0419922 0.000540257
10 0.562012 0.370117 0.264648 0.455078 0.000542641
9 0.587402 0.628418 0.333008 0.397461 0.000546455
3 0.270508 0.115234 0.541016 0.230469 0.000549316
9 0.45752 0.121094 0.49707 0.232422 0.000552177
4 0.588379 0.263184 0.274414 0.264648 0.000553608
7 0.193359 0.55127 0.179688 0.163086 0.000561237
11 0.175781 0.589355 0.0566406 0.0478516 0.000562668
9 0.834473 0.629395 0.21582 0.120117 0.000569344
2 0.919434 0.631836 0.0634766 0.115234 0.000572205
9 0.473633 0.737793 0.228516 0.145508 0.000575542
13 0.354004 0.493652 0.116211 0.12793 0.000581264
2 0.406738 0.20166 0.0947266 0.0556641 0.000581741
9 0.439453 0.947266 0.320312 0.103516 0.000588894
9 0.471191 0.649902 0.0498047 0.0341797 0.000592232
6 0.175781 0.59082 0.0585938 0.0488281 0.000598907
8 0.130371 0.305664 0.0419922 0.0390625 0.00060606
9 0.79834 0.302734 0.194336 0.191406 0.000607014
8 0.572754 0.258301 0.25293 0.213867 0.000612736
10 0.872559 0.946289 0.245117 0.107422 0.000613213
3 0.92041 0.628906 0.0556641 0.0664062 0.000615597
9 0.257324 0.325684 0.0810547 0.0791016 0.000617504
3 0.175781 0.59082 0.0585938 0.0488281 0.000618458
11 0.739746 0.22168 0.129883 0.0488281 0.00062561
9 0.347168 0.245117 0.22168 0.123047 0.000627995
7 0.153809 0.613281 0.133789 0.144531 0.000630856
0 0.635742 0.293457 0.150391 0.135742 0.000632286
7 0.920898 0.648438 0.0683594 0.140625 0.000641346
11 0.619629 0.487793 0.389648 0.219727 0.000646591
6 0.619141 0.494141 0.404297 0.21875 0.000648975
1 0.619629 0.487793 0.389648 0.219727 0.000656605
9 0.306641 0.598633 0.455078 0.208984 0.000659943
12 0.588379 0.263184 0.274414 0.264648 0.000663757
7 0.813965 0.212402 0.37207 0.415039 0.000665188
7 0.581543 0.321289 0.290039 0.400391 0.000668049
9 0.731445 0.231445 0.324219 0.0898438 0.000669479
9 0.555664 0.395508 0.121094 0.361328 0.000677586
9 0.14502 0.635254 0.112305 0.0732422 0.000679016
13 0.155762 0.605957 0.106445 0.0849609 0.000689507
0 0.919434 0.629883 0.0537109 0.0664062 0.000691414
2 0.619629 0.487793 0.389648 0.219727 0.000704288
7 0.584473 0.181152 0.420898 0.256836 0.000705719
12 0.59375 0.397461 0.345703 0.482422 0.000722408
9 0.851562 0.138184 0.296875 0.270508 0.00075388
9 0.531738 0.539062 0.155273 0.193359 0.000760555
7 0.526855 0.219238 0.131836 0.161133 0.000788212
13 0.619141 0.494141 0.404297 0.21875 0.000791073
10 0.940918 0.68457 0.0400391 0.0625 0.000807285
4 0.619141 0.494141 0.404297 0.21875 0.000813007
9 0.958496 0.294922 0.0830078 0.427734 0.000823021
12 0.919922 0.629883 0.0546875 0.0664062 0.000825405
9 0.5625 0.60791 0.130859 0.313477 0.00083065
9 0.415527 0.656738 0.456055 0.245117 0.000843525
10 0.100586 0.980469 0.191406 0.0371094 0.000864029
10 0.874512 0.982422 0.22168 0.03125 0.000868797
8 0.619629 0.170898 0.0341797 0.0214844 0.000873566
9 0.522461 0.236816 0.130859 0.170898 0.000875473
9 0.169922 0.787109 0.339844 0.380859 0.00088501
8 0.631348 0.492188 0.393555 0.207031 0.00088644
6 0.919922 0.628906 0.0546875 0.0664062 0.00089407
10 0.0952148 0.646973 0.141602 0.172852 0.000898838
10 0.0986328 0.660156 0.046875 0.0546875 0.000911713
9 0.391113 0.203613 0.0576172 0.0458984 0.000912666
3 0.734863 0.20459 0.530273 0.336914 0.000917435
9 0.299316 0.253906 0.46582 0.261719 0.000926495
10 0.146973 0.612793 0.116211 0.102539 0.000974178
5 0.59375 0.397461 0.345703 0.482422 0.00101185
7 0.619141 0.494141 0.404297 0.21875 0.00102997
12 0.716309 0.0942383 0.567383 0.182617 0.00103378
11 0.716797 0.210938 0.115234 0.0214844 0.00105858
5 0.619629 0.487793 0.389648 0.219727 0.00105953
10 0.885254 0.0463867 0.229492 0.0927734 0.00107098
12 0.619141 0.494141 0.404297 0.21875 0.00108433
9 0.390137 0.217285 0.133789 0.0419922 0.00108719
7 0.649414 0.22168 0.279297 0.138672 0.00108814
9 0.269043 0.0541992 0.538086 0.108398 0.00111294
10 0.924805 0.680176 0.046875 0.0537109 0.0011692
9 0.106934 0.310547 0.114258 0.101562 0.00117397
9 0.900391 0.564941 0.078125 0.108398 0.00118446
10 0.619629 0.487793 0.389648 0.219727 0.00119495
10 0.110352 0.943848 0.207031 0.112305 0.00125027
7 0.899902 0.565918 0.0712891 0.0888672 0.00127029
11 0.0986328 0.660156 0.046875 0.0546875 0.00129795
5 0.299805 0.441406 0.394531 0.357422 0.0013237
9 0.116211 0.0429688 0.232422 0.0859375 0.00133991
9 0.121094 0.172852 0.242188 0.345703 0.00134182
13 0.175781 0.59082 0.0585938 0.0488281 0.00138378
9 0.17334 0.57666 0.0888672 0.0751953 0.00138664
8 0.891113 0.571777 0.0576172 0.0595703 0.00139904
10 0.92627 0.652832 0.0615234 0.112305 0.0014143
3 0.59375 0.397461 0.345703 0.482422 0.00142193
9 0.754883 0.0205078 0.341797 0.0390625 0.00146866
9 0.0952148 0.646973 0.141602 0.172852 0.00150013
7 0.490234 0.257324 0.0800781 0.145508 0.00152588
11 0.446777 0.191406 0.0849609 0.0195312 0.00154209
11 0.938477 0.686523 0.0507812 0.0644531 0.00157452
7 0.408203 0.203125 0.09375 0.0585938 0.00163651
9 0.842285 0.356934 0.31543 0.68457 0.00166416
9 0.288086 0.160645 0.558594 0.313477 0.00174141
9 0.0581055 0.501465 0.116211 0.524414 0.001791
9 0.649414 0.22168 0.279297 0.138672 0.00181293
9 0.241211 0.536133 0.304688 0.228516 0.00182724
5 0.799316 0.443848 0.295898 0.393555 0.00185013
9 0.129395 0.306152 0.0419922 0.0322266 0.00186539
9 0.520996 0.609375 0.161133 0.212891 0.00189114
9 0.178223 0.310547 0.356445 0.498047 0.00191021
10 0.918945 0.628418 0.0527344 0.0654297 0.00192547
9 0.693848 0.248535 0.522461 0.241211 0.00194073
9 0.916016 0.617188 0.0722656 0.148438 0.00194359
2 0.129395 0.306152 0.0419922 0.0322266 0.00200653
9 0.634766 0.175781 0.404297 0.238281 0.00210571
0 0.619141 0.494141 0.404297 0.21875 0.00216484
9 0.629395 0.0380859 0.416992 0.0761719 0.00217438
4 0.175781 0.59082 0.0585938 0.0488281 0.00218582
9 0.114258 0.314941 0.0800781 0.0576172 0.00222969
1 0.919922 0.629883 0.0546875 0.0664062 0.00246811
9 0.510742 0.446777 0.158203 0.297852 0.00250626
11 0.111328 0.637695 0.0742188 0.117188 0.00256538
0 0.584473 0.322754 0.268555 0.200195 0.00289726
2 0.155762 0.605957 0.106445 0.0888672 0.00302696
9 0.694824 0.110352 0.579102 0.203125 0.00311852
9 0.582031 0.0756836 0.449219 0.151367 0.00319481
10 0.123535 0.638184 0.0927734 0.110352 0.00320244
9 0.490234 0.257324 0.0800781 0.145508 0.00336456
7 0.574707 0.257324 0.24707 0.208008 0.0034771
9 0.493164 0.211914 0.433594 0.195312 0.00349236
11 0.743652 0.21582 0.0966797 0.0253906 0.003685
9 0.797363 0.416016 0.272461 0.396484 0.00377846
9 0.0688477 0.744629 0.137695 0.401367 0.0038166
13 0.917969 0.629395 0.0507812 0.0634766 0.00392532
12 0.832031 0.0620117 0.335938 0.120117 0.0039978
4 0.92041 0.628906 0.0556641 0.0664062 0.00402832
9 0.311523 0.408691 0.427734 0.399414 0.00406265
9 0.193359 0.55127 0.179688 0.163086 0.00413132
9 0.53418 0.318359 0.183594 0.253906 0.00466919
12 0.814941 0.169434 0.370117 0.336914 0.00469971
9 0.151855 0.619141 0.137695 0.171875 0.00476074
8 0.408203 0.203125 0.09375 0.0585938 0.00477982
7 0.159668 0.600098 0.0966797 0.0791016 0.00506973
9 0.401855 0.21582 0.213867 0.111328 0.00547028
10 0.933105 0.69043 0.0341797 0.0410156 0.00572586
11 0.145996 0.616699 0.118164 0.104492 0.00572586
2 0.175781 0.589355 0.0566406 0.0478516 0.00609589
11 0.927246 0.662109 0.0556641 0.101562 0.0060997
9 0.499512 0.68457 0.233398 0.277344 0.00616074
9 0.100098 0.412109 0.200195 0.585938 0.00654221
9 0.891602 0.0644531 0.216797 0.125 0.00737381
9 0.741211 0.0600586 0.517578 0.116211 0.0073967
9 0.932129 0.211914 0.135742 0.419922 0.00827026
11 0.934082 0.69043 0.0341797 0.0410156 0.00871277
8 0.166504 0.594727 0.0869141 0.0722656 0.0136948
7 0.175293 0.590332 0.0576172 0.0478516 0.0148621
9 0.574707 0.257324 0.24707 0.208008 0.0152054
0 0.58252 0.38916 0.307617 0.448242 0.0160675
9 0.782715 0.20459 0.43457 0.387695 0.016449
9 0.40918 0.202148 0.103516 0.0585938 0.019165
9 0.171875 0.589355 0.0625 0.0439453 0.0203857
10 0.111816 0.648438 0.0576172 0.0664062 0.0259705
2 0.91748 0.628906 0.0498047 0.0644531 0.0278015
7 0.919922 0.628906 0.0546875 0.0664062 0.0391235
11 0.111816 0.648438 0.0576172 0.0664062 0.0393677
11 0.918945 0.628418 0.0527344 0.0654297 0.0433044
9 0.619141 0.491211 0.400391 0.210938 0.0446167
9 0.52002 0.561035 0.19043 0.418945 0.0710449
9 0.155762 0.605957 0.106445 0.0849609 0.0732422
9 0.559082 0.366699 0.262695 0.47168 0.0970459
9 0.918945 0.629395 0.0527344 0.0654297 0.108887
8 0.175293 0.590332 0.0576172 0.0478516 0.175415
8 0.918945 0.630859 0.0546875 0.0625 0.178345
3 0.620117 0.493652 0.400391 0.206055 0.414551
