0 0.741699 0.947754 0.192383 0.104492 0.000100076
11 0.321289 0.210938 0.0800781 0.03125 0.000100374
10 0.187012 0.209473 0.374023 0.418945 0.000100791
13 0.650391 0.331055 0.201172 0.162109 0.000104666
5 0.140625 0.581543 0.125 0.174805 0.000106633
8 0.565918 0.413086 0.0498047 0.0273438 0.000106692
10 0.791504 0.981934 0.0634766 0.0361328 0.000109076
11 0.556641 0.208496 0.0957031 0.0341797 0.000110507
1 0.648926 0.208984 0.100586 0.0429688 0.000111818
13 0.558594 0.316895 0.0546875 0.0908203 0.000111938
5 0.737305 0.737305 0.234375 0.103516 0.000112474
11 0.5625 0.187988 0.0410156 0.00878906 0.000116467
10 0.848145 0.772461 0.0478516 0.0703125 0.000120401
11 0.663086 0.21582 0.109375 0.0800781 0.000121653
10 0.773438 0.215332 0.453125 0.430664 0.000121832
2 0.741211 0.39502 0.0898438 0.0380859 0.00012219
13 0.572266 0.410645 0.0410156 0.0244141 0.000122309
7 0.0810547 0.583984 0.0429688 0.03125 0.000122547
8 0.0810547 0.581543 0.0429688 0.0380859 0.000123262
3 0.73291 0.275391 0.53418 0.550781 0.000124097
0 0.928711 0.865234 0.142578 0.269531 0.000124812
11 0.848145 0.772461 0.0478516 0.0703125 0.000125289
9 0.0761719 0.59082 0.0332031 0.0195312 0.000125408
11 0.808105 0.751465 0.102539 0.0869141 0.000126243
13 0.725586 0.404297 0.171875 0.210938 0.000128746
11 0.254883 0.236328 0.0566406 0.0273438 0.000130415
9 0.446777 0.407715 0.141602 0.168945 0.000133157
13 0.172363 0.564453 0.131836 0.09375 0.000133634
5 0.76709 0.575684 0.116211 0.180664 0.000135183
9 0.473145 0.375 0.106445 0.078125 0.000137329
7 0.231934 0.633301 0.0498047 0.0302734 0.000137687
13 0.694336 0.351562 0.0703125 0.0898438 0.000138283
11 0.515137 0.225098 0.0419922 0.0322266 0.000138879
8 0.349609 0.35791 0.0507812 0.0458984 0.000138998
13 0.0961914 0.585449 0.0791016 0.0283203 0.000139356
6 0.743164 0.394531 0.0839844 0.0371094 0.000139952
13 0.192383 0.549316 0.197266 0.233398 0.000151038
7 0.198242 0.570801 0.203125 0.194336 0.000151634
5 0.161621 0.566895 0.110352 0.0751953 0.000152826
13 0.199707 0.556152 0.0869141 0.0224609 0.000153899
8 0.340332 0.38916 0.0126953 0.0107422 0.000154018
9 0.662598 0.723145 0.227539 0.0634766 0.000159264
10 0.787109 0.990234 0.0449219 0.0175781 0.000159383
7 0.74707 0.395508 0.0839844 0.0410156 0.00015974
11 0.606445 0.205566 0.160156 0.0419922 0.00015986
8 0.23291 0.62793 0.0712891 0.0429688 0.000166416
9 0.891113 0.0615234 0.21582 0.123047 0.000169158
7 0.294434 0.654785 0.0498047 0.0439453 0.000178814
13 0.724121 0.405273 0.0595703 0.03125 0.000180244
11 0.533691 0.20459 0.0634766 0.0302734 0.000181198
11 0.302246 0.195312 0.0498047 0.015625 0.000181675
9 0.759766 0.91748 0.0273438 0.0185547 0.00018692
13 0.702148 0.0512695 0.427734 0.102539 0.000189781
11 0.258301 0.242676 0.0537109 0.0126953 0.000191808
11 0.789062 0.989258 0.0429688 0.0195312 0.00019896
13 0.296387 0.348633 0.0361328 0.0488281 0.000200748
9 0.39502 0.638672 0.178711 0.265625 0.000203609
6 0.192383 0.549316 0.197266 0.233398 0.000203967
13 0.630859 0.0625 0.128906 0.125 0.000204206
8 0.643066 0.583008 0.0302734 0.0214844 0.000204802
2 0.702148 0.0512695 0.427734 0.102539 0.00021112
9 0.791992 0.740723 0.125 0.0849609 0.000215054
13 0.694336 0.397461 0.123047 0.0351562 0.000217557
13 0.67627 0.461426 0.272461 0.286133 0.000218391
3 0.187012 0.209473 0.374023 0.418945 0.000218868
5 0.180664 0.615723 0.255859 0.206055 0.00022161
13 0.581055 0.412109 0.0253906 0.015625 0.00022316
11 0.65332 0.207031 0.0625 0.0292969 0.000226498
5 0.161621 0.531738 0.135742 0.12207 0.000228167
9 0.723633 0.405762 0.111328 0.0498047 0.000229239
9 0.756836 0.516602 0.146484 0.324219 0.000229478
13 0.251953 0.611816 0.138672 0.141602 0.000239134
11 0.322266 0.20752 0.0585938 0.0185547 0.000240445
11 0.227051 0.22168 0.0927734 0.0644531 0.000243902
10 0.84668 0.783203 0.03125 0.0449219 0.000246525
9 0.748535 0.391602 0.0830078 0.0332031 0.000249863
11 0.558105 0.191895 0.0693359 0.0146484 0.000260592
13 0.598633 0.505859 0.0839844 0.111328 0.00026083
11 0.744629 0.391113 0.0869141 0.0361328 0.000262499
13 0.687988 0.348145 0.0380859 0.0673828 0.000262499
8 0.26709 0.297852 0.0283203 0.0136719 0.000265598
13 0.157715 0.569824 0.0869141 0.0263672 0.000267506
13 0.57373 0.369141 0.0888672 0.105469 0.000269651
13 0.749512 0.374023 0.0927734 0.0488281 0.000270367
7 0.284668 0.632324 0.0869141 0.0888672 0.000271559
9 0.419922 0.375 0.132812 0.302734 0.000277042
13 0.357422 0.442383 0.0410156 0.0214844 0.00028038
13 0.588867 0.470215 0.0566406 0.0419922 0.00029707
11 0.67627 0.217285 0.0791016 0.0458984 0.000303268
13 0.679688 0.433594 0.259766 0.111328 0.000312805
7 0.755859 0.482422 0.152344 0.242188 0.000315666
10 0.0332031 0.790527 0.0410156 0.0595703 0.000334263
10 0.831543 0.761719 0.0595703 0.0800781 0.000350952
13 0.243164 0.420898 0.1875 0.0527344 0.000352859
13 0.306641 0.339844 0.0410156 0.0585938 0.000355244
13 0.673828 0.339355 0.078125 0.0849609 0.000369072
11 0.34082 0.195312 0.0644531 0.0195312 0.000380278
8 0.256836 0.406738 0.0117188 0.00878906 0.000385523
13 0.137207 0.578613 0.0888672 0.0302734 0.000398636
13 0.701172 0.355469 0.142578 0.113281 0.000400543
13 0.557617 0.355469 0.0585938 0.0703125 0.000404835
11 0.213379 0.226562 0.0673828 0.0390625 0.000408173
9 0.215332 0.505859 0.266602 0.359375 0.000418901
9 0.491699 0.641602 0.370117 0.183594 0.000423193
11 0.290039 0.20459 0.121094 0.0263672 0.000429392
11 0.0332031 0.790527 0.0410156 0.0654297 0.000440359
9 0.691895 0.513184 0.295898 0.37207 0.000443935
13 0.741211 0.398438 0.0507812 0.0253906 0.000466108
8 0.295898 0.657715 0.0449219 0.0380859 0.000467777
9 0.239746 0.598633 0.155273 0.160156 0.000510216
11 0.257324 0.211914 0.0908203 0.0351562 0.000524044
11 0.831543 0.761719 0.0595703 0.0800781 0.00053072
5 0.683105 0.508789 0.325195 0.435547 0.000555515
13 0.722168 0.425293 0.110352 0.0830078 0.000564575
8 0.293945 0.306641 0.0253906 0.0175781 0.000610352
13 0.296387 0.419434 0.0927734 0.0478516 0.000630379
8 0.580078 0.412109 0.0195312 0.0136719 0.000630379
11 0.318848 0.191895 0.0556641 0.0146484 0.000635147
6 0.254883 0.612793 0.140625 0.135742 0.000893593
13 0.664062 0.37793 0.25 0.111328 0.000941277
9 0.178223 0.548828 0.170898 0.226562 0.000943184
8 0.113281 0.681152 0.0117188 0.0107422 0.00099659
11 0.589355 0.197266 0.104492 0.015625 0.00104904
11 0.340332 0.203125 0.0810547 0.0273438 0.00114346
9 0.0810547 0.58252 0.0429688 0.0361328 0.00128746
11 0.556152 0.199707 0.0791016 0.0205078 0.00148964
13 0.694824 0.40918 0.176758 0.101562 0.00154495
9 0.688477 0.736328 0.332031 0.0996094 0.00154781
7 0.254883 0.612793 0.140625 0.135742 0.00170898
8 0.23291 0.634277 0.0341797 0.0263672 0.00225258
5 0.212891 0.508789 0.251953 0.351562 0.0023365
5 0.746582 0.540527 0.165039 0.305664 0.00238037
11 0.620117 0.201172 0.0976562 0.0292969 0.00242043
3 0.491699 0.645508 0.374023 0.177734 0.00319481
13 0.765625 0.38623 0.0585938 0.0263672 0.00323105
13 0.725098 0.387207 0.129883 0.0537109 0.00344849
9 0.419434 0.492676 0.157227 0.389648 0.00347328
13 0.687988 0.410645 0.161133 0.0478516 0.00375748
5 0.239746 0.598633 0.155273 0.160156 0.0044899
11 0.320801 0.197754 0.0732422 0.0224609 0.00453568
10 0.840332 0.772461 0.0341797 0.0410156 0.00535965
11 0.841309 0.774414 0.0322266 0.0429688 0.00694656
0 0.474609 0.374023 0.107422 0.0761719 0.0108032
5 0.178223 0.548828 0.170898 0.226562 0.0128326
11 0.229004 0.21875 0.0693359 0.0371094 0.015564
13 0.731445 0.40332 0.103516 0.046875 0.0228577
11 0.648926 0.208984 0.100586 0.0429688 0.0309143
13 0.748535 0.391602 0.0830078 0.0332031 0.0497131
