8 0.384766 0.719727 0.0703125 0.0566406 0.00010097
4 0.51709 0.354492 0.237305 0.181641 0.000102043
9 0.482422 0.552246 0.154297 0.37207 0.000102222
11 0.362793 0.144043 0.0966797 0.0302734 0.00010258
3 0.501953 0.504883 0.236328 0.630859 0.000102699
13 0.260742 0.722656 0.269531 0.132812 0.000103891
9 0.546387 0.302246 0.18457 0.12207 0.000104666
8 0.79541 0.62207 0.0185547 0.015625 0.000105321
11 0.748535 0.586914 0.124023 0.126953 0.000105858
2 0.557617 0.274902 0.0566406 0.0458984 0.000105917
7 0.769043 0.322754 0.141602 0.161133 0.000106215
2 0.363281 0.52002 0.03125 0.0263672 0.000106514
9 0.824707 0.852539 0.22168 0.195312 0.000107169
8 0.258789 0.395996 0.107422 0.0302734 0.000108659
9 0.724121 0.773926 0.110352 0.0712891 0.000109315
7 0.51709 0.354492 0.237305 0.181641 0.000111103
12 0.204102 0.181641 0.408203 0.363281 0.000111938
0 0.758301 0.577637 0.124023 0.131836 0.000112236
12 0.501953 0.504883 0.236328 0.630859 0.000113249
3 0.0546875 0.875 0.109375 0.25 0.000113785
3 0.571777 0.333496 0.124023 0.133789 0.000114024
11 0.338867 0.137695 0.0527344 0.0234375 0.000114083
13 0.719727 0.587402 0.171875 0.172852 0.00011456
2 0.403809 0.719727 0.0302734 0.0410156 0.000114858
9 0.389648 0.714844 0.0136719 0.0136719 0.00011611
2 0.561035 0.297363 0.0849609 0.0576172 0.000116348
6 0.776855 0.615723 0.106445 0.0947266 0.000116348
2 0.602051 0.34375 0.0673828 0.121094 0.000117481
9 0.50293 0.291504 0.291016 0.204102 0.000119328
11 0.393555 0.166992 0.046875 0.0234375 0.000119746
8 0.794434 0.61084 0.0166016 0.0205078 0.000120342
0 0.605957 0.368164 0.268555 0.228516 0.000120401
13 0.769043 0.322754 0.141602 0.161133 0.000120759
13 0.761719 0.680664 0.304688 0.363281 0.000121176
3 0.174805 0.0776367 0.349609 0.155273 0.000121355
8 0.365723 0.669434 0.0166016 0.0146484 0.000121415
5 0.185547 0.509277 0.251953 0.430664 0.000121474
8 0.710449 0.683594 0.293945 0.392578 0.000123382
12 0.219727 0.782227 0.294922 0.167969 0.0001266
9 0.595215 0.307617 0.0810547 0.0839844 0.000126719
9 0.260742 0.137207 0.521484 0.274414 0.000127077
8 0.349609 0.178711 0.015625 0.0136719 0.000127673
9 0.600098 0.70752 0.397461 0.206055 0.000128508
11 0.379883 0.135742 0.078125 0.0253906 0.000132203
10 0.100586 0.858887 0.078125 0.0986328 0.000132442
2 0.59668 0.336426 0.117188 0.18457 0.000132799
11 0.757324 0.672852 0.311523 0.324219 0.000134706
7 0.731934 0.561035 0.200195 0.436523 0.000135779
10 0.757324 0.672852 0.311523 0.324219 0.000136256
4 0.757324 0.672852 0.311523 0.324219 0.000136256
8 0.740723 0.566895 0.15918 0.208008 0.000137687
5 0.267578 0.436523 0.292969 0.216797 0.000139832
1 0.757324 0.672852 0.311523 0.324219 0.000142217
2 0.391602 0.714844 0.0195312 0.0214844 0.000142694
9 0.596191 0.458984 0.46582 0.503906 0.000142694
0 0.779297 0.669434 0.28125 0.323242 0.000143886
9 0.706055 0.319336 0.316406 0.296875 0.000146508
2 0.556641 0.257812 0.046875 0.0488281 0.000146747
3 0.270996 0.105469 0.541992 0.210938 0.000147223
13 0.77832 0.799805 0.302734 0.160156 0.000149965
11 0.699707 0.144043 0.0732422 0.0439453 0.000151753
8 0.146973 0.703125 0.0185547 0.015625 0.000152111
9 0.391602 0.714844 0.0195312 0.0214844 0.00015378
8 0.718262 0.498535 0.0205078 0.0244141 0.000154138
2 0.258789 0.395996 0.107422 0.0302734 0.000154257
5 0.233887 0.568359 0.250977 0.164062 0.000155449
13 0.202148 0.733398 0.246094 0.205078 0.000160217
5 0.774414 0.268066 0.416016 0.327148 0.000160933
9 0.769043 0.322754 0.141602 0.161133 0.000162244
8 0.353027 0.693359 0.0400391 0.0390625 0.000162244
2 0.757324 0.672852 0.311523 0.324219 0.000162363
9 0.736328 0.754883 0.369141 0.144531 0.000165701
13 0.397949 0.548828 0.0498047 0.0371094 0.000166416
5 0.766602 0.611328 0.09375 0.115234 0.000167131
5 0.396484 0.502441 0.322266 0.698242 0.000167966
9 0.132812 0.739746 0.185547 0.213867 0.000168562
4 0.226074 0.650391 0.293945 0.333984 0.000171065
1 0.516602 0.339844 0.230469 0.144531 0.000171781
11 0.378906 0.161133 0.0839844 0.0371094 0.000175834
2 0.115234 0.711914 0.0234375 0.0351562 0.000178218
5 0.51709 0.354492 0.237305 0.181641 0.000178218
9 0.877441 0.839355 0.104492 0.110352 0.000179291
11 0.286621 0.168457 0.0810547 0.0498047 0.000180244
8 0.799316 0.616699 0.0458984 0.0322266 0.000180364
11 0.226074 0.650391 0.293945 0.333984 0.000182152
2 0.870605 0.332031 0.0595703 0.0800781 0.000186443
9 0.40332 0.719238 0.03125 0.0419922 0.000186682
10 0.226074 0.650391 0.293945 0.333984 0.000187159
10 0.51709 0.354492 0.237305 0.181641 0.000188112
8 0.785156 0.610352 0.201172 0.216797 0.000192046
5 0.501953 0.504883 0.236328 0.630859 0.000192165
0 0.595703 0.348145 0.0605469 0.106445 0.000193715
1 0.226074 0.650391 0.293945 0.333984 0.000195265
5 0.839355 0.73291 0.163086 0.186523 0.000195384
8 0.738281 0.700195 0.175781 0.263672 0.000196099
5 0.807129 0.415527 0.249023 0.461914 0.000198364
8 0.226074 0.650391 0.293945 0.333984 0.000201464
0 0.600098 0.37207 0.102539 0.162109 0.00020206
5 0.604492 0.693359 0.404297 0.240234 0.000204682
6 0.761719 0.680664 0.304688 0.363281 0.000206232
5 0.836426 0.633301 0.206055 0.325195 0.00021112
8 0.32666 0.347168 0.0166016 0.0146484 0.000212193
8 0.403809 0.719727 0.0302734 0.0410156 0.000212431
9 0.21875 0.30957 0.4375 0.412109 0.000215769
12 0.779297 0.669434 0.28125 0.323242 0.000216246
2 0.748535 0.586914 0.124023 0.126953 0.000218749
8 0.516602 0.339844 0.230469 0.144531 0.000224829
9 0.313965 0.746094 0.30957 0.117188 0.000224829
12 0.790039 0.774902 0.300781 0.172852 0.000226736
3 0.748535 0.586914 0.124023 0.126953 0.000227451
8 0.788086 0.615723 0.126953 0.0634766 0.000228167
1 0.748535 0.586914 0.124023 0.126953 0.000229239
12 0.516602 0.339844 0.230469 0.144531 0.000230074
7 0.79541 0.804199 0.272461 0.165039 0.000232577
3 0.51709 0.354492 0.237305 0.181641 0.000233412
8 0.790527 0.509277 0.0224609 0.0185547 0.000235677
2 0.226074 0.650391 0.293945 0.333984 0.000239134
13 0.517578 0.344727 0.228516 0.160156 0.000242949
8 0.791016 0.489258 0.0117188 0.0117188 0.000243306
9 0.262207 0.85791 0.387695 0.227539 0.000245571
2 0.554688 0.291992 0.0488281 0.0351562 0.000252724
10 0.131348 0.822266 0.145508 0.162109 0.000254631
11 0.836914 0.820801 0.189453 0.149414 0.000256062
10 0.097168 0.852539 0.0498047 0.0683594 0.0002563
11 0.572754 0.330566 0.114258 0.118164 0.000257492
9 0.377441 0.598633 0.170898 0.386719 0.000260592
8 0.786621 0.611328 0.0556641 0.0488281 0.000266075
0 0.556152 0.306641 0.104492 0.0683594 0.000269413
5 0.167969 0.789551 0.205078 0.161133 0.000279903
9 0.759766 0.589355 0.0761719 0.0966797 0.000287771
5 0.349121 0.645508 0.188477 0.275391 0.000294685
5 0.269043 0.702148 0.28418 0.179688 0.000295639
11 0.0942383 0.854004 0.0478516 0.0693359 0.000298262
13 0.595215 0.307617 0.0810547 0.0839844 0.000303984
8 0.642578 0.291016 0.0214844 0.0175781 0.000316143
5 0.262695 0.341797 0.294922 0.259766 0.000318527
9 0.816406 0.739746 0.21875 0.223633 0.000319004
0 0.226074 0.650391 0.293945 0.333984 0.000320196
9 0.289062 0.728027 0.394531 0.25293 0.00033927
11 0.516602 0.339844 0.230469 0.144531 0.000339508
13 0.706055 0.319336 0.316406 0.296875 0.000346661
8 0.362793 0.684082 0.0537109 0.0400391 0.000350714
12 0.226074 0.650391 0.293945 0.333984 0.000355721
11 0.887695 0.834961 0.0957031 0.125 0.000359297
9 0.573242 0.617676 0.390625 0.428711 0.000360966
11 0.588379 0.14502 0.0771484 0.0302734 0.000362158
2 0.654785 0.419434 0.0341797 0.0302734 0.000362396
5 0.705078 0.69873 0.244141 0.327148 0.000362873
7 0.749512 0.709473 0.0908203 0.116211 0.000367641
5 0.750488 0.769043 0.295898 0.12207 0.000374556
7 0.757324 0.672852 0.311523 0.324219 0.000374556
2 0.258789 0.395996 0.0136719 0.0107422 0.000377417
2 0.597656 0.307129 0.0449219 0.0556641 0.000390768
5 0.734863 0.45459 0.276367 0.231445 0.000395298
11 0.334473 0.161133 0.147461 0.0292969 0.000397444
2 0.516602 0.339844 0.230469 0.144531 0.000398159
5 0.768555 0.323242 0.140625 0.160156 0.000400305
2 0.749512 0.709473 0.0908203 0.116211 0.000408649
9 0.738281 0.58252 0.152344 0.245117 0.000423193
8 0.57373 0.325684 0.108398 0.108398 0.000427008
5 0.208496 0.624512 0.22168 0.180664 0.000428915
6 0.724609 0.61084 0.169922 0.182617 0.00042963
5 0.791504 0.665527 0.200195 0.213867 0.000429869
11 0.734375 0.480957 0.351562 0.686523 0.000455856
2 0.118164 0.706055 0.0410156 0.0488281 0.000468254
2 0.402344 0.554199 0.0390625 0.0439453 0.000468254
9 0.491211 0.678223 0.179688 0.34668 0.000475168
9 0.407715 0.247559 0.0869141 0.165039 0.000488758
9 0.169922 0.814941 0.205078 0.155273 0.000491142
5 0.241699 0.507324 0.293945 0.217773 0.000505924
8 0.391602 0.714844 0.0195312 0.0214844 0.000505924
11 0.64502 0.135742 0.15332 0.0351562 0.000507832
7 0.752441 0.567383 0.145508 0.21875 0.000517845
13 0.753906 0.606934 0.201172 0.313477 0.00052166
10 0.885254 0.84082 0.0908203 0.121094 0.000541687
9 0.751953 0.700684 0.191406 0.258789 0.000550747
4 0.734375 0.480957 0.351562 0.686523 0.000567436
11 0.25293 0.491699 0.357422 0.635742 0.000568867
9 0.762695 0.722656 0.349609 0.320312 0.000573158
9 0.860352 0.80957 0.167969 0.146484 0.000573635
7 0.226074 0.650391 0.293945 0.333984 0.000579357
11 0.611328 0.120605 0.107422 0.0302734 0.000580788
11 0.609863 0.11084 0.0771484 0.0185547 0.000592232
5 0.749512 0.700195 0.129883 0.146484 0.000594616
4 0.251465 0.498047 0.360352 0.65625 0.000608921
9 0.387695 0.505371 0.236328 0.655273 0.000636578
1 0.734375 0.480957 0.351562 0.686523 0.000652313
9 0.479492 0.400391 0.314453 0.339844 0.000696659
11 0.385742 0.160156 0.0585938 0.0214844 0.000702858
10 0.836914 0.820801 0.189453 0.149414 0.000720978
8 0.734375 0.480957 0.351562 0.686523 0.000730515
7 0.40918 0.249512 0.0839844 0.166992 0.000730515
8 0.389648 0.714844 0.0136719 0.0136719 0.000731468
11 0.264648 0.180664 0.0800781 0.0644531 0.000734329
10 0.734375 0.480957 0.351562 0.686523 0.000741959
8 0.363281 0.52002 0.03125 0.0263672 0.000761032
2 0.734375 0.480957 0.351562 0.686523 0.000768185
7 0.754395 0.626465 0.200195 0.227539 0.000777245
1 0.25293 0.491699 0.357422 0.635742 0.000789165
8 0.25293 0.491699 0.357422 0.635742 0.000794888
5 0.776367 0.555664 0.169922 0.214844 0.000799179
2 0.25293 0.491699 0.357422 0.635742 0.000832558
4 0.749512 0.587402 0.12207 0.125977 0.000837803
0 0.507324 0.307617 0.250977 0.148438 0.000841141
10 0.251465 0.498047 0.360352 0.65625 0.000861168
9 0.572754 0.330566 0.114258 0.118164 0.000916481
11 0.384277 0.125 0.0654297 0.0136719 0.00092411
2 0.587891 0.35498 0.0566406 0.0751953 0.00096035
11 0.364746 0.156738 0.0947266 0.0205078 0.00096035
13 0.226074 0.650391 0.293945 0.333984 0.00106144
8 0.310059 0.388672 0.0126953 0.0117188 0.00107384
0 0.734375 0.480957 0.351562 0.686523 0.00108624
8 0.258789 0.395996 0.0136719 0.0107422 0.00109005
8 0.371582 0.669434 0.0263672 0.0185547 0.00109673
3 0.226074 0.650391 0.293945 0.333984 0.00110722
5 0.743164 0.320801 0.248047 0.250977 0.00112057
0 0.253418 0.504395 0.34668 0.674805 0.00114822
10 0.897949 0.843262 0.0556641 0.0849609 0.00114822
9 0.219727 0.77832 0.296875 0.177734 0.00119209
5 0.21875 0.30957 0.4375 0.412109 0.00133419
9 0.749512 0.709473 0.0908203 0.116211 0.00133514
6 0.753906 0.606934 0.201172 0.313477 0.0013895
7 0.734375 0.480957 0.351562 0.686523 0.00147057
0 0.50293 0.466309 0.25 0.540039 0.00152397
8 0.758789 0.589355 0.111328 0.112305 0.00154781
7 0.251465 0.498047 0.360352 0.65625 0.00155258
13 0.571777 0.333496 0.124023 0.133789 0.0015707
5 0.184082 0.723145 0.21582 0.245117 0.0016098
6 0.226074 0.650391 0.293945 0.333984 0.00164413
12 0.735352 0.462891 0.337891 0.642578 0.0016489
5 0.820801 0.791992 0.208008 0.15625 0.00165939
11 0.897949 0.843262 0.0556641 0.0849609 0.0016861
8 0.350586 0.692383 0.0273438 0.0253906 0.00178814
11 0.603516 0.135742 0.0976562 0.03125 0.00183392
2 0.586914 0.318359 0.0703125 0.0859375 0.00195694
13 0.734375 0.480957 0.351562 0.686523 0.00196075
9 0.51709 0.354492 0.237305 0.181641 0.00197029
9 0.77832 0.799805 0.302734 0.160156 0.00206566
3 0.757324 0.672852 0.311523 0.324219 0.00208664
13 0.25293 0.491699 0.357422 0.635742 0.00252533
9 0.762207 0.60791 0.254883 0.395508 0.00293159
8 0.749512 0.709473 0.0908203 0.116211 0.00308037
3 0.604492 0.693359 0.404297 0.240234 0.00331879
9 0.226074 0.650391 0.293945 0.333984 0.00356483
8 0.791504 0.616699 0.0244141 0.0244141 0.00361061
5 0.256836 0.770996 0.363281 0.18457 0.00372696
13 0.753906 0.589844 0.121094 0.119141 0.00392532
12 0.25293 0.491699 0.357422 0.635742 0.00414658
9 0.751953 0.586426 0.126953 0.129883 0.00419998
3 0.252441 0.496582 0.364258 0.625977 0.00439835
3 0.734375 0.480957 0.351562 0.686523 0.00439835
5 0.739746 0.627441 0.188477 0.239258 0.00500107
5 0.780762 0.733887 0.286133 0.245117 0.00569153
0 0.579102 0.327148 0.0976562 0.109375 0.00574112
6 0.252441 0.496582 0.364258 0.625977 0.00576782
2 0.572754 0.331055 0.114258 0.119141 0.00589371
6 0.734375 0.480957 0.351562 0.686523 0.00611877
0 0.51123 0.378906 0.24707 0.220703 0.00631714
9 0.254883 0.507812 0.349609 0.662109 0.00777817
9 0.5 0.501953 0.226562 0.640625 0.00854492
7 0.75293 0.59082 0.119141 0.119141 0.00953674
9 0.734375 0.480957 0.351562 0.686523 0.0102844
6 0.753906 0.589844 0.121094 0.119141 0.01297
5 0.758301 0.577637 0.124023 0.131836 0.0354309
5 0.762207 0.60791 0.254883 0.395508 0.0462036
5 0.222168 0.650879 0.288086 0.321289 0.0584717
0 0.55127 0.341797 0.165039 0.144531 0.069519
5 0.254883 0.507812 0.349609 0.662109 0.242432
5 0.734375 0.48291 0.357422 0.680664 0.246216
