13 0.731445 0.672363 0.0175781 0.0458984 0.000100195
9 0.704102 0.375488 0.320312 0.647461 0.000103891
3 0.248047 0.547852 0.203125 0.292969 0.000103891
9 0.508789 0.464844 0.292969 0.519531 0.000104129
11 0.62207 0.0615234 0.123047 0.0429688 0.000105262
9 0.754395 0.461914 0.15332 0.287109 0.000105679
8 0.240723 0.24707 0.0146484 0.0136719 0.000106156
2 0.299805 0.21875 0.162109 0.0976562 0.000106692
8 0.536621 0.600098 0.379883 0.172852 0.000107944
1 0.536621 0.600098 0.379883 0.172852 0.000107944
13 0.126953 0.132812 0.0429688 0.0292969 0.000108063
11 0.344238 0.0883789 0.0576172 0.0439453 0.000108659
6 0.256836 0.541992 0.177734 0.240234 0.000108778
9 0.34668 0.0273438 0.0136719 0.00976562 0.000108838
11 0.12793 0.992676 0.0605469 0.0146484 0.000108838
3 0.640137 0.0776367 0.125977 0.0400391 0.000109196
8 0.758789 0.461914 0.0292969 0.0253906 0.000109315
9 0.949707 0.79541 0.0966797 0.344727 0.000109375
9 0.388184 0.0830078 0.0224609 0.0195312 0.000109553
9 0.615723 0.117676 0.0654297 0.0400391 0.000110447
11 0.385742 0.0708008 0.046875 0.0205078 0.000112534
11 0.375488 0.104004 0.0419922 0.0654297 0.000114024
11 0.38623 0.0908203 0.0478516 0.0488281 0.000114918
11 0.536621 0.600098 0.379883 0.172852 0.000114918
9 0.380371 0.132324 0.0458984 0.129883 0.000114977
13 0.635254 0.117676 0.125977 0.0888672 0.000115454
11 0.586914 0.108887 0.0527344 0.0244141 0.000116467
7 0.125488 0.131836 0.0439453 0.0292969 0.000116944
9 0.351562 0.102051 0.046875 0.0341797 0.00011754
10 0.330078 0.0703125 0.125 0.03125 0.000117898
13 0.387207 0.0878906 0.0224609 0.0214844 0.000120521
13 0.293945 0.0722656 0.0800781 0.0371094 0.000120878
2 0.647461 0.0883789 0.179688 0.0771484 0.000121951
8 0.32373 0.222656 0.0361328 0.0175781 0.00012207
5 0.738281 0.462891 0.201172 0.357422 0.000122666
0 0.392578 0.958496 0.09375 0.0830078 0.000124454
2 0.125977 0.131836 0.0449219 0.0273438 0.000124812
11 0.294922 0.115723 0.191406 0.161133 0.000127435
11 0.634766 0.0913086 0.0761719 0.0478516 0.00012958
10 0.138672 0.754883 0.0605469 0.115234 0.000130177
2 0.536621 0.600098 0.379883 0.172852 0.00013113
7 0.314941 0.0854492 0.18457 0.0771484 0.000131369
5 0.244629 0.580566 0.0830078 0.0771484 0.000131488
13 0.0786133 0.308105 0.157227 0.342773 0.000131965
11 0.127441 0.994629 0.0302734 0.0107422 0.00013268
9 0.37207 0.0800781 0.078125 0.0410156 0.000135422
11 0.663574 0.0966797 0.188477 0.132812 0.000136852
12 0.645996 0.0786133 0.12793 0.0458984 0.000137329
9 0.380859 0.0800781 0.0390625 0.0292969 0.000137329
0 0.50293 0.288574 0.132812 0.161133 0.000137568
10 0.630371 0.074707 0.12793 0.0302734 0.000138044
2 0.29541 0.216797 0.0947266 0.0527344 0.000138402
11 0.364258 0.0693359 0.0605469 0.0214844 0.00013864
13 0.323242 0.218262 0.0683594 0.0263672 0.000139594
1 0.589844 0.101074 0.0800781 0.0419922 0.000139713
8 0.374512 0.46875 0.0146484 0.0117188 0.000139952
5 0.750977 0.529297 0.117188 0.154297 0.000141382
11 0.618652 0.126953 0.0791016 0.0917969 0.000141859
8 0.334473 0.376465 0.0517578 0.0380859 0.000142217
7 0.334961 0.0751953 0.146484 0.0371094 0.000142455
13 0.384277 0.10498 0.0322266 0.0654297 0.000142813
13 0.328613 0.200684 0.0927734 0.0634766 0.000143051
5 0.269531 0.537598 0.134766 0.180664 0.000143766
13 0.382324 0.0810547 0.0361328 0.0292969 0.000145435
9 0.769531 0.0854492 0.0585938 0.0556641 0.000146508
0 0.473633 0.939941 0.0761719 0.120117 0.000146985
9 0.208984 0.49707 0.109375 0.169922 0.000148535
11 0.862305 0.757812 0.0664062 0.0703125 0.000151396
7 0.615723 0.116699 0.0693359 0.0439453 0.000151515
13 0.637207 0.157227 0.112305 0.101562 0.00015521
11 0.387207 0.0878906 0.0224609 0.0214844 0.000156999
9 0.645508 0.078125 0.128906 0.0429688 0.000156999
11 0.623047 0.111328 0.0546875 0.0371094 0.000160933
13 0.37207 0.0942383 0.0605469 0.0576172 0.000162363
8 0.233398 0.485352 0.0195312 0.0214844 0.000164509
9 0.233887 0.487305 0.0146484 0.0136719 0.000164509
10 0.291992 0.0795898 0.0859375 0.0458984 0.000164747
13 0.21875 0.418457 0.0429688 0.0126953 0.000165105
8 0.213379 0.291504 0.00878906 0.00683594 0.000166535
13 0.630371 0.131836 0.0869141 0.0546875 0.00016737
11 0.305664 0.0703125 0.0488281 0.0234375 0.00016737
12 0.536621 0.600098 0.379883 0.172852 0.000169516
2 0.293945 0.0756836 0.0605469 0.0341797 0.000169873
13 0.335449 0.0756836 0.151367 0.0400391 0.000174403
10 0.150391 0.756348 0.0527344 0.0615234 0.000176549
9 0.308594 0.204102 0.121094 0.0664062 0.000181913
9 0.140137 0.136719 0.0166016 0.0253906 0.000182152
13 0.645508 0.078125 0.128906 0.0429688 0.000182152
13 0.349609 0.111816 0.0527344 0.0400391 0.000183344
11 0.31543 0.0644531 0.0722656 0.0253906 0.000184178
2 0.314941 0.0854492 0.18457 0.0771484 0.000184417
13 0.362793 0.226074 0.0498047 0.0556641 0.000184655
13 0.302246 0.217285 0.0732422 0.0439453 0.000186682
13 0.376953 0.180664 0.0820312 0.164062 0.00018692
7 0.645508 0.078125 0.128906 0.0429688 0.000189304
11 0.141602 0.76416 0.0800781 0.0869141 0.000191808
8 0.676758 0.650391 0.0429688 0.0410156 0.000192642
13 0.406738 0.229492 0.0615234 0.105469 0.000195265
13 0.333984 0.165527 0.144531 0.137695 0.000197768
3 0.317383 0.081543 0.150391 0.0595703 0.00019896
7 0.351562 0.102051 0.046875 0.0341797 0.000199795
12 0.647461 0.0883789 0.179688 0.0771484 0.000201464
9 0.125488 0.128906 0.0634766 0.0507812 0.000204325
7 0.195801 0.213867 0.0166016 0.0214844 0.000204802
8 0.780273 0.669434 0.0449219 0.0322266 0.00020659
8 0.323242 0.218262 0.0683594 0.0263672 0.000207543
9 0.230469 0.043457 0.0273438 0.0224609 0.00020802
8 0.234375 0.250977 0.0234375 0.0175781 0.000209451
10 0.538574 0.61084 0.385742 0.170898 0.000209808
8 0.180664 0.530273 0.0136719 0.00976562 0.000211477
9 0.477051 0.269531 0.161133 0.177734 0.000211477
11 0.401367 0.0844727 0.0507812 0.0361328 0.000213981
8 0.29541 0.216797 0.0947266 0.0527344 0.000217557
9 0.527344 0.255859 0.0917969 0.0859375 0.000225306
1 0.647461 0.0883789 0.179688 0.0771484 0.000228882
13 0.590332 0.0917969 0.0654297 0.0488281 0.000230551
5 0.536621 0.600098 0.379883 0.172852 0.000240207
9 0.195801 0.213379 0.0166016 0.0205078 0.000240445
11 0.568848 0.0810547 0.0693359 0.0371094 0.000243664
8 0.280273 0.230469 0.0234375 0.0136719 0.000248194
0 0.537598 0.613281 0.383789 0.146484 0.000256538
5 0.250488 0.615723 0.213867 0.264648 0.000257015
8 0.28125 0.229492 0.0429688 0.0175781 0.000262976
8 0.322266 0.219238 0.0214844 0.0185547 0.000263214
9 0.647461 0.0883789 0.179688 0.0771484 0.000271559
11 0.627441 0.0688477 0.0517578 0.0166016 0.000279188
13 0.649414 0.0878906 0.181641 0.0800781 0.000284433
13 0.195801 0.213379 0.0166016 0.0205078 0.000286341
8 0.389648 0.0883789 0.00976562 0.00878906 0.000287056
8 0.388672 0.0869141 0.015625 0.0136719 0.000297546
11 0.663086 0.0791016 0.0527344 0.0292969 0.000302076
11 0.644043 0.0649414 0.106445 0.0263672 0.000302792
9 0.314941 0.0854492 0.18457 0.0771484 0.000303268
9 0.124023 0.131836 0.0234375 0.0136719 0.000305653
9 0.601074 0.105957 0.0654297 0.0576172 0.000309944
0 0.310547 0.0795898 0.126953 0.0517578 0.000312805
9 0.269531 0.406738 0.285156 0.586914 0.000313044
13 0.602539 0.130859 0.0546875 0.0800781 0.00032115
13 0.314941 0.0854492 0.18457 0.0771484 0.000330925
13 0.34082 0.255371 0.134766 0.145508 0.000340462
5 0.230469 0.540527 0.117188 0.147461 0.000340462
11 0.608398 0.0654297 0.0722656 0.0175781 0.000355959
1 0.314941 0.0854492 0.18457 0.0771484 0.000365019
5 0.765137 0.468262 0.129883 0.245117 0.000374317
1 0.640137 0.0766602 0.12793 0.0380859 0.000376225
12 0.310059 0.0795898 0.125977 0.0537109 0.000377417
13 0.348145 0.22998 0.0927734 0.0986328 0.000383854
2 0.645996 0.0786133 0.12793 0.0458984 0.00040102
11 0.257324 0.106934 0.125977 0.0927734 0.000404596
8 0.787109 0.491699 0.00976562 0.00878906 0.000410318
9 0.63623 0.490234 0.0498047 0.0390625 0.000428915
10 0.643555 0.0849609 0.150391 0.0625 0.000428915
13 0.27832 0.234863 0.130859 0.100586 0.000429153
13 0.381348 0.144043 0.0556641 0.151367 0.000441313
7 0.297852 0.0805664 0.111328 0.0517578 0.000442505
11 0.567871 0.112305 0.0654297 0.0253906 0.000471115
13 0.378418 0.118652 0.0341797 0.108398 0.000488758
11 0.34082 0.0664062 0.0722656 0.0175781 0.000538826
13 0.355957 0.0961914 0.0595703 0.0419922 0.000549793
13 0.351562 0.101074 0.0292969 0.0361328 0.000558376
10 0.317383 0.081543 0.150391 0.0595703 0.000576019
11 0.306152 0.0625 0.102539 0.0410156 0.00057745
9 0.418457 0.209473 0.0498047 0.147461 0.000583172
11 0.606934 0.117188 0.0654297 0.0390625 0.000610828
11 0.339355 0.100098 0.0908203 0.0556641 0.000625134
9 0.307617 0.0786133 0.115234 0.0478516 0.000645161
7 0.417969 0.226562 0.0488281 0.111328 0.000646114
9 0.536621 0.600098 0.379883 0.172852 0.000657082
8 0.641113 0.486816 0.0400391 0.0263672 0.000660419
13 0.293945 0.20459 0.107422 0.0673828 0.000696182
11 0.620117 0.102051 0.140625 0.0888672 0.000710011
8 0.691406 0.174316 0.0292969 0.0185547 0.000724316
13 0.61084 0.120117 0.0673828 0.0371094 0.000785351
8 0.279785 0.230469 0.0107422 0.0117188 0.000812054
11 0.357422 0.0854492 0.132812 0.0693359 0.000831127
7 0.601074 0.105957 0.0654297 0.0576172 0.000838757
13 0.293945 0.0839844 0.107422 0.0527344 0.000850677
8 0.253906 0.589844 0.0566406 0.0429688 0.000852585
11 0.693359 0.0986328 0.128906 0.0839844 0.000892162
8 0.646973 0.481445 0.0224609 0.0175781 0.000899792
11 0.651367 0.0717773 0.0742188 0.0263672 0.000944138
9 0.487305 0.376465 0.173828 0.40918 0.000946045
11 0.288574 0.0834961 0.0517578 0.0380859 0.000984192
1 0.313965 0.078125 0.12793 0.0449219 0.000995636
9 0.231445 0.541016 0.160156 0.251953 0.00101376
5 0.209961 0.496094 0.109375 0.167969 0.00116539
5 0.27002 0.411133 0.266602 0.568359 0.00120449
13 0.367676 0.251465 0.0693359 0.100586 0.00126553
8 0.195312 0.213379 0.015625 0.0205078 0.00132656
11 0.63916 0.110352 0.120117 0.0507812 0.00139904
11 0.391113 0.0820312 0.0341797 0.0234375 0.00139999
11 0.597656 0.0986328 0.0507812 0.0332031 0.00145149
11 0.36377 0.0917969 0.0576172 0.046875 0.00147438
13 0.623535 0.109375 0.0771484 0.0429688 0.00150108
11 0.350098 0.103027 0.0556641 0.0361328 0.00177193
13 0.601074 0.105957 0.0615234 0.0576172 0.00222015
11 0.387695 0.078125 0.0605469 0.03125 0.00222397
11 0.584961 0.0742188 0.0800781 0.0214844 0.00270462
11 0.58252 0.09375 0.0888672 0.0507812 0.0027504
11 0.313477 0.0756836 0.0761719 0.0341797 0.00354576
2 0.307617 0.0786133 0.115234 0.0478516 0.00441742
10 0.864746 0.759277 0.0400391 0.0439453 0.00454712
8 0.233398 0.486816 0.0136719 0.0126953 0.00460815
10 0.140137 0.769531 0.0439453 0.0566406 0.00462723
11 0.361328 0.0776367 0.101562 0.0380859 0.00498962
11 0.140137 0.769531 0.0439453 0.0566406 0.00597382
11 0.864746 0.759277 0.0400391 0.0439453 0.00604248
11 0.585449 0.112305 0.0810547 0.0351562 0.00652695
11 0.600098 0.0791016 0.0986328 0.0371094 0.00698471
9 0.125488 0.131836 0.0439453 0.0292969 0.00730133
5 0.231445 0.541016 0.160156 0.251953 0.010704
11 0.273438 0.0869141 0.0976562 0.0585938 0.0122452
11 0.609863 0.101562 0.0810547 0.0507812 0.0125504
11 0.289551 0.0712891 0.0751953 0.0371094 0.0125885
0 0.526855 0.25293 0.0927734 0.0800781 0.0169373
11 0.671875 0.0805664 0.0917969 0.0458984 0.0209045
11 0.340332 0.0688477 0.12207 0.0263672 0.0251923
11 0.299316 0.0893555 0.170898 0.0771484 0.0271149
11 0.620117 0.0703125 0.103516 0.0214844 0.0280914
11 0.651855 0.0859375 0.139648 0.0683594 0.0332642
3 0.536133 0.617188 0.380859 0.138672 0.100708
11 0.640137 0.0761719 0.12207 0.0351562 0.124207
11 0.310059 0.0791016 0.12207 0.046875 0.26416
