13 0.258301 0.454102 0.12207 0.0566406 0.000139832
6 0.44873 0.23291 0.102539 0.155273 0.00014019
11 0.632812 0.165039 0.0507812 0.0410156 0.000141025
13 0.336426 0.450195 0.0986328 0.0410156 0.000141382
8 0.750977 0.426758 0.0214844 0.015625 0.000141382
7 0.666504 0.42334 0.0849609 0.0947266 0.000142336
9 0.544434 0.0415039 0.225586 0.0830078 0.000143528
9 0.931641 0.165527 0.105469 0.0693359 0.000143766
7 0.544434 0.121582 0.0302734 0.0322266 0.000144124
9 0.681641 0.414062 0.0390625 0.0351562 0.000144243
8 0.408691 0.408203 0.0673828 0.0625 0.000144362
8 0.656738 0.286621 0.0517578 0.0654297 0.00014472
8 0.345703 0.41748 0.0429688 0.0185547 0.000146747
12 0.322266 0.389648 0.294922 0.251953 0.000146747
9 0.961914 0.620117 0.0742188 0.146484 0.000147223
1 0.325684 0.426758 0.27832 0.164062 0.00014782
12 0.405273 0.0405273 0.470703 0.0810547 0.000149608
10 0.878906 0.619141 0.0644531 0.107422 0.000149965
9 0.45752 0.128906 0.0615234 0.03125 0.000151277
13 0.259766 0.433105 0.164062 0.12207 0.000151634
4 0.864746 0.555664 0.0791016 0.152344 0.000153303
13 0.450684 0.193359 0.0986328 0.134766 0.000154376
13 0.812988 0.571777 0.0595703 0.0595703 0.000156522
5 0.739746 0.512695 0.272461 0.232422 0.000157356
13 0.58252 0.0375977 0.352539 0.0751953 0.000157475
11 0.670898 0.153809 0.0742188 0.0205078 0.000158429
9 0.298828 0.451172 0.189453 0.0449219 0.000159264
11 0.694824 0.158203 0.129883 0.0292969 0.000159264
8 0.73584 0.268066 0.0146484 0.0107422 0.00015974
9 0.420898 0.632812 0.142578 0.207031 0.000161052
8 0.308105 0.42041 0.0185547 0.0166016 0.000161171
3 0.288086 0.620117 0.380859 0.259766 0.000161886
8 0.40625 0.277344 0.0214844 0.015625 0.000165105
7 0.349121 0.474121 0.219727 0.151367 0.000165582
5 0.70459 0.230469 0.106445 0.117188 0.000167012
8 0.725098 0.495117 0.0400391 0.03125 0.000167131
8 0.726562 0.342773 0.015625 0.015625 0.000167251
10 0.864258 0.555664 0.0800781 0.154297 0.00016737
7 0.541504 0.374023 0.172852 0.447266 0.000169873
9 0.601562 0.28418 0.152344 0.111328 0.00017333
8 0.961914 0.635254 0.0761719 0.0595703 0.000175595
5 0.555176 0.386719 0.21582 0.486328 0.000176311
11 0.699219 0.151367 0.0507812 0.0214844 0.000179648
9 0.439941 0.295898 0.114258 0.259766 0.000180006
9 0.307617 0.880859 0.449219 0.228516 0.000182152
8 0.544434 0.120117 0.0302734 0.0351562 0.000184059
9 0.856445 0.41748 0.0800781 0.108398 0.000185251
9 0.201172 0.550293 0.177734 0.157227 0.000185847
11 0.864258 0.555664 0.0800781 0.154297 0.000187039
13 0.688965 0.270508 0.0498047 0.0761719 0.000187635
3 0.556152 0.416992 0.21582 0.431641 0.000187874
0 0.66748 0.32373 0.262695 0.209961 0.000188112
13 0.289551 0.455566 0.100586 0.0263672 0.00018847
7 0.609375 0.177246 0.0898438 0.114258 0.000189185
11 0.681641 0.14209 0.0585938 0.0185547 0.000191689
11 0.450195 0.143066 0.0703125 0.0322266 0.000194073
13 0.729492 0.262207 0.09375 0.0751953 0.000195146
2 0.629883 0.289062 0.0625 0.0683594 0.000196218
13 0.872559 0.456055 0.0478516 0.015625 0.000197291
13 0.353027 0.432617 0.147461 0.0722656 0.00020051
10 0.154297 0.549316 0.0371094 0.0791016 0.000202179
9 0.64502 0.0336914 0.0966797 0.0673828 0.00020349
6 0.298828 0.451172 0.189453 0.0449219 0.000204086
13 0.661621 0.297363 0.0478516 0.0830078 0.00020647
8 0.6875 0.413574 0.0410156 0.0341797 0.000207424
13 0.666504 0.302734 0.0224609 0.0292969 0.000207424
8 0.443848 0.690918 0.0595703 0.0400391 0.000212073
11 0.620605 0.15332 0.0654297 0.0644531 0.000212669
11 0.479004 0.183105 0.0732422 0.166992 0.000215292
9 0.735352 0.102051 0.0234375 0.0166016 0.00021565
8 0.439941 0.460938 0.0361328 0.03125 0.00021565
6 0.328125 0.345215 0.3125 0.331055 0.000216007
13 0.864258 0.556152 0.0800781 0.155273 0.000216842
2 0.645996 0.266602 0.0244141 0.0214844 0.000220299
9 0.349609 0.0961914 0.0175781 0.0126953 0.000222921
8 0.378906 0.446777 0.158203 0.133789 0.00022471
9 0.64502 0.0205078 0.0732422 0.0410156 0.000225663
11 0.878906 0.619141 0.0644531 0.107422 0.000228643
9 0.645996 0.305664 0.0537109 0.0546875 0.000229359
11 0.15332 0.570312 0.0664062 0.136719 0.00023365
4 0.325684 0.426758 0.27832 0.164062 0.000236034
9 0.847168 0.455078 0.116211 0.292969 0.000244856
10 0.89209 0.643066 0.0439453 0.0947266 0.000246763
11 0.17041 0.497559 0.0498047 0.133789 0.000246763
10 0.895996 0.653809 0.0263672 0.0615234 0.000247478
9 0.565918 0.0209961 0.319336 0.0419922 0.000251293
9 0.462891 0.958984 0.166016 0.0820312 0.000252485
13 0.306641 0.442871 0.134766 0.0517578 0.000255108
9 0.682129 0.414551 0.0537109 0.0673828 0.000256062
12 0.73584 0.0439453 0.52832 0.0878906 0.000259399
8 0.453613 0.126953 0.0205078 0.0136719 0.000260115
9 0.652832 0.408691 0.0673828 0.145508 0.00026083
8 0.460449 0.654297 0.0205078 0.015625 0.000263214
9 0.643555 0.354004 0.0683594 0.0634766 0.000267506
7 0.462891 0.958984 0.166016 0.0820312 0.000271082
2 0.384766 0.442383 0.152344 0.134766 0.000274658
9 0.640625 0.0883789 0.105469 0.0595703 0.000276089
5 0.855957 0.41748 0.0830078 0.110352 0.000277519
11 0.722656 0.160156 0.0957031 0.0507812 0.000281334
9 0.532715 0.13916 0.102539 0.194336 0.000282049
0 0.615234 0.269531 0.117188 0.078125 0.000282764
6 0.705078 0.232422 0.0976562 0.101562 0.000283957
4 0.626465 0.303711 0.112305 0.111328 0.000285149
11 0.178711 0.580566 0.03125 0.0263672 0.000285387
10 0.40332 0.435059 0.132812 0.129883 0.000288486
5 0.403809 0.386719 0.151367 0.214844 0.000292778
11 0.152344 0.555664 0.0371094 0.0820312 0.0002985
13 0.484863 0.202148 0.0556641 0.179688 0.000301123
9 0.53125 0.395996 0.125 0.217773 0.000301123
11 0.474609 0.149414 0.0683594 0.0800781 0.000307322
9 0.524414 0.53125 0.169922 0.267578 0.000308037
5 0.422852 0.432617 0.0996094 0.109375 0.000310659
5 0.86084 0.546875 0.0849609 0.160156 0.000313759
0 0.661621 0.297363 0.0478516 0.0830078 0.000313759
7 0.856445 0.41748 0.0800781 0.108398 0.000324726
11 0.618652 0.188965 0.0693359 0.100586 0.00032568
9 0.659668 0.302734 0.0361328 0.0351562 0.000337124
7 0.630371 0.17334 0.0791016 0.0751953 0.000338554
9 0.553711 0.0825195 0.0253906 0.0263672 0.000341892
9 0.749512 0.438477 0.233398 0.392578 0.000342607
0 0.660645 0.297852 0.0361328 0.0410156 0.000342607
13 0.72168 0.29248 0.154297 0.194336 0.000344992
7 0.629883 0.289062 0.103516 0.0761719 0.000345707
9 0.548828 0.126953 0.0566406 0.0449219 0.000346661
9 0.495117 0.175781 0.046875 0.173828 0.000349045
13 0.678223 0.231934 0.0908203 0.100586 0.000350952
0 0.657715 0.37207 0.133789 0.234375 0.00035429
9 0.318359 0.503906 0.294922 0.119141 0.000358105
11 0.45166 0.123535 0.0751953 0.0205078 0.000362635
13 0.411621 0.197754 0.0849609 0.0869141 0.000366449
12 0.570801 0.0405273 0.352539 0.0810547 0.000370026
9 0.328613 0.448242 0.245117 0.0839844 0.000370741
7 0.705078 0.232422 0.0976562 0.101562 0.000371695
9 0.50293 0.251465 0.144531 0.241211 0.000371933
12 0.628906 0.29541 0.109375 0.0908203 0.0003829
8 0.805176 0.32666 0.0166016 0.0146484 0.000387907
9 0.648926 0.46582 0.213867 0.207031 0.000388622
2 0.668457 0.304199 0.0244141 0.0322266 0.000391483
9 0.68457 0.0844727 0.578125 0.149414 0.000398159
9 0.966309 0.608887 0.0654297 0.0712891 0.000400782
13 0.422852 0.432617 0.0996094 0.109375 0.000403643
9 0.447754 0.397461 0.131836 0.21875 0.000408411
7 0.443359 0.847656 0.220703 0.292969 0.000416756
7 0.58252 0.0375977 0.352539 0.0751953 0.000420809
9 0.45459 0.127441 0.0419922 0.0205078 0.000423193
11 0.895996 0.653809 0.0263672 0.0615234 0.000426531
10 0.208984 0.852051 0.277344 0.295898 0.000427961
9 0.410156 0.934082 0.28125 0.12793 0.000434637
10 0.174316 0.527344 0.0361328 0.0644531 0.000436068
11 0.89209 0.643066 0.0439453 0.0947266 0.000444174
6 0.626953 0.296387 0.109375 0.0927734 0.000445366
8 0.670898 0.424316 0.0761719 0.0693359 0.000448465
9 0.231934 0.0976562 0.0146484 0.00976562 0.000459909
3 0.962891 0.634277 0.0722656 0.0576172 0.000460386
9 0.646484 0.414551 0.0410156 0.0498047 0.000463486
9 0.705078 0.232422 0.09375 0.101562 0.0004673
8 0.645996 0.305664 0.0537109 0.0546875 0.000471115
8 0.180176 0.57959 0.0361328 0.0302734 0.00048399
13 0.828613 0.585449 0.0400391 0.0361328 0.000486374
13 0.659668 0.298828 0.0400391 0.0429688 0.000487328
13 0.712402 0.291504 0.0791016 0.141602 0.000494003
11 0.680176 0.165039 0.166992 0.0644531 0.000501156
9 0.409668 0.78125 0.299805 0.419922 0.000516891
11 0.40332 0.435059 0.132812 0.129883 0.00052166
3 0.657715 0.489746 0.344727 0.280273 0.000529766
7 0.362305 0.440918 0.162109 0.0771484 0.000532627
6 0.862305 0.546387 0.0839844 0.157227 0.000535965
9 0.180176 0.57959 0.0361328 0.0302734 0.000548363
11 0.443848 0.132812 0.0712891 0.0214844 0.00054884
13 0.645996 0.305664 0.0537109 0.0546875 0.000564575
5 0.308594 0.475098 0.302734 0.0966797 0.00057888
1 0.626465 0.303711 0.112305 0.111328 0.00058651
9 0.576172 0.113281 0.226562 0.216797 0.00058794
9 0.648926 0.39209 0.112305 0.235352 0.000593662
9 0.661621 0.310059 0.0244141 0.0244141 0.00060463
3 0.315918 0.387695 0.299805 0.261719 0.000622749
9 0.291504 0.737305 0.43457 0.525391 0.000643253
10 0.160645 0.529785 0.0576172 0.12793 0.000644207
13 0.705566 0.270508 0.0517578 0.0957031 0.000666142
9 0.0712891 0.335938 0.0390625 0.0390625 0.000677109
5 0.626953 0.296387 0.109375 0.0927734 0.000683784
9 0.612793 0.165527 0.0751953 0.112305 0.00068903
13 0.428223 0.211914 0.0439453 0.078125 0.00069952
11 0.170898 0.522461 0.0351562 0.0722656 0.00071764
7 0.458984 0.914062 0.179688 0.167969 0.000727654
8 0.659668 0.302734 0.0361328 0.0351562 0.00072813
9 0.787109 0.0571289 0.425781 0.112305 0.000731945
1 0.40332 0.435059 0.132812 0.129883 0.000740528
9 0.45166 0.226562 0.104492 0.167969 0.000753403
0 0.649902 0.319336 0.0908203 0.125 0.000762463
13 0.255371 0.459473 0.106445 0.0283203 0.00078249
9 0.328125 0.345215 0.3125 0.331055 0.000803471
5 0.796387 0.446289 0.223633 0.359375 0.000818729
8 0.628906 0.29541 0.109375 0.0908203 0.000829697
8 0.463867 0.350098 0.0371094 0.0244141 0.000850677
5 0.298828 0.451172 0.189453 0.0449219 0.000863552
5 0.239746 0.413574 0.120117 0.157227 0.000865936
11 0.647949 0.542969 0.395508 0.164062 0.000873089
7 0.647949 0.542969 0.395508 0.164062 0.000886917
1 0.647949 0.542969 0.395508 0.164062 0.000886917
3 0.659668 0.595703 0.387695 0.109375 0.000901222
10 0.626465 0.303711 0.112305 0.111328 0.000910282
6 0.328613 0.447754 0.241211 0.0771484 0.000916481
8 0.647949 0.542969 0.395508 0.164062 0.000936508
12 0.647949 0.542969 0.395508 0.164062 0.000965595
6 0.649902 0.544434 0.397461 0.161133 0.000973225
4 0.647949 0.542969 0.395508 0.164062 0.000977516
8 0.818359 0.313477 0.0136719 0.00976562 0.000990868
9 0.650879 0.448242 0.0947266 0.119141 0.000991821
2 0.649902 0.544434 0.397461 0.161133 0.000992775
7 0.479004 0.211426 0.0634766 0.172852 0.000997543
13 0.703613 0.24707 0.116211 0.142578 0.00102234
11 0.769531 0.186035 0.0996094 0.0732422 0.0010252
10 0.89209 0.636719 0.0302734 0.0488281 0.00102806
9 0.453613 0.126953 0.0166016 0.015625 0.00104141
9 0.970215 0.623047 0.0576172 0.0332031 0.00104713
9 0.630859 0.289062 0.103516 0.0761719 0.00110626
9 0.864746 0.549805 0.0771484 0.152344 0.00112247
13 0.649902 0.544434 0.397461 0.161133 0.0011282
9 0.692383 0.395508 0.0859375 0.117188 0.00113964
5 0.847168 0.455078 0.116211 0.292969 0.00116539
13 0.436035 0.225586 0.0712891 0.119141 0.00118637
13 0.729004 0.231934 0.114258 0.0947266 0.00118637
11 0.70166 0.150391 0.0849609 0.03125 0.00121212
8 0.347656 0.415527 0.0234375 0.0185547 0.00123119
9 0.618164 0.481934 0.298828 0.342773 0.0012722
13 0.305176 0.455078 0.186523 0.0332031 0.00128174
9 0.575195 0.166504 0.126953 0.176758 0.00136662
8 0.661621 0.310059 0.0244141 0.0244141 0.00136757
11 0.62793 0.294922 0.109375 0.0878906 0.00137138
2 0.647461 0.316406 0.0351562 0.0273438 0.00139713
10 0.276367 0.748535 0.412109 0.50293 0.00139904
11 0.450195 0.12793 0.0449219 0.0175781 0.00140285
13 0.65918 0.308594 0.0292969 0.0292969 0.00148392
6 0.422852 0.432617 0.0996094 0.109375 0.00149345
8 0.413574 0.427734 0.110352 0.111328 0.00152588
8 0.355957 0.35498 0.0205078 0.0146484 0.00154114
9 0.495117 0.20459 0.0800781 0.196289 0.00155544
5 0.647949 0.542969 0.395508 0.164062 0.00156975
0 0.629883 0.289062 0.0625 0.0683594 0.00157642
9 0.450684 0.884277 0.198242 0.231445 0.00161457
11 0.160645 0.529785 0.0576172 0.12793 0.00164127
7 0.44873 0.23291 0.102539 0.155273 0.00169086
9 0.422363 0.42627 0.0966797 0.110352 0.00170135
11 0.89209 0.63623 0.0283203 0.0478516 0.00171185
8 0.259766 0.328125 0.015625 0.0117188 0.00173664
9 0.623535 0.0341797 0.268555 0.0683594 0.00174236
9 0.512207 0.470215 0.114258 0.264648 0.00174904
11 0.460938 0.132812 0.078125 0.03125 0.00181293
9 0.54248 0.255859 0.196289 0.359375 0.00186729
0 0.645996 0.305664 0.0537109 0.0546875 0.00199318
10 0.164551 0.538574 0.0380859 0.0732422 0.00206947
7 0.325684 0.426758 0.27832 0.164062 0.00208282
9 0.62793 0.327637 0.119141 0.165039 0.00208855
10 0.647949 0.542969 0.395508 0.164062 0.00214005
11 0.674316 0.146973 0.0986328 0.0205078 0.00220108
5 0.299316 0.4375 0.229492 0.0917969 0.00226593
13 0.416992 0.19873 0.046875 0.0615234 0.00233078
0 0.648438 0.546875 0.394531 0.140625 0.00244713
0 0.600098 0.316895 0.200195 0.161133 0.00259781
0 0.658691 0.311035 0.0361328 0.0302734 0.00262642
2 0.657715 0.291016 0.0478516 0.0625 0.00264168
9 0.325684 0.426758 0.27832 0.164062 0.00274086
11 0.453125 0.126465 0.0195312 0.0126953 0.00274277
13 0.62793 0.294922 0.109375 0.0878906 0.00276566
11 0.634277 0.171387 0.0732422 0.0634766 0.00279427
3 0.626465 0.293945 0.112305 0.0878906 0.00285149
9 0.297363 0.554199 0.350586 0.194336 0.00286865
2 0.661133 0.297363 0.0273438 0.0361328 0.00313377
13 0.328613 0.447754 0.241211 0.0771484 0.00327873
9 0.384766 0.442383 0.152344 0.134766 0.00328445
4 0.40332 0.435059 0.132812 0.129883 0.00331879
9 0.648438 0.536621 0.396484 0.15918 0.00332069
13 0.325684 0.426758 0.27832 0.164062 0.00342751
0 0.556152 0.353516 0.22168 0.349609 0.00370789
11 0.163574 0.539062 0.0380859 0.0742188 0.00400925
9 0.629395 0.0478516 0.438477 0.09375 0.00428009
7 0.42627 0.419434 0.0908203 0.118164 0.0043602
7 0.864746 0.555664 0.0791016 0.152344 0.00482941
9 0.664551 0.423828 0.0712891 0.0703125 0.00486755
9 0.543945 0.12207 0.03125 0.0332031 0.00502777
11 0.665527 0.151855 0.12793 0.0361328 0.00527573
5 0.317871 0.335938 0.323242 0.337891 0.00691605
6 0.325684 0.426758 0.27832 0.164062 0.00725555
13 0.702637 0.249023 0.0791016 0.09375 0.00793457
9 0.588867 0.327637 0.177734 0.268555 0.0080719
9 0.962402 0.635254 0.0712891 0.0615234 0.00836945
2 0.651367 0.305176 0.0332031 0.0322266 0.0119629
9 0.550293 0.21582 0.118164 0.242188 0.0122223
13 0.384766 0.442383 0.152344 0.134766 0.0137482
2 0.640625 0.306152 0.09375 0.100586 0.0141983
2 0.645996 0.305664 0.0537109 0.0546875 0.0242615
6 0.384766 0.442383 0.152344 0.134766 0.0395508
9 0.541016 0.42334 0.171875 0.411133 0.0421448
7 0.39502 0.439941 0.141602 0.135742 0.0423889
5 0.384766 0.442383 0.152344 0.134766 0.0435181
2 0.660645 0.308594 0.0283203 0.0273438 0.0598755
5 0.317383 0.425293 0.289062 0.174805 0.0664062
0 0.628418 0.29541 0.108398 0.0908203 0.622559
3 0.648926 0.548828 0.395508 0.134766 0.676758
