11 0.306152 0.159668 0.108398 0.0322266 0.000124574
4 0.418945 0.33252 0.322266 0.237305 0.00012517
2 0.176758 0.502441 0.173828 0.0966797 0.000125527
7 0.288574 0.155273 0.120117 0.0292969 0.0001266
8 0.637207 0.286621 0.0341797 0.0400391 0.000126839
13 0.629395 0.217773 0.0263672 0.0292969 0.000127077
13 0.202637 0.519531 0.250977 0.148438 0.000127554
13 0.580078 0.26709 0.0683594 0.151367 0.000127912
6 0.669922 0.385742 0.232422 0.388672 0.000128508
7 0.243164 0.222168 0.289062 0.249023 0.000129342
9 0.324219 0.206543 0.0976562 0.141602 0.000130057
9 0.61377 0.358887 0.0986328 0.114258 0.000131965
9 0.537109 0.282715 0.132812 0.135742 0.000132084
9 0.633789 0.290527 0.0351562 0.0380859 0.000132442
9 0.412109 0.27002 0.306641 0.155273 0.000133276
9 0.524902 0.282715 0.0654297 0.0595703 0.000133634
0 0.509766 0.305664 0.0761719 0.09375 0.000137806
3 0.288574 0.357422 0.147461 0.333984 0.000137925
9 0.498535 0.166016 0.0986328 0.0898438 0.000139236
3 0.743164 0.0546875 0.513672 0.109375 0.000139356
9 0.183594 0.256348 0.337891 0.25293 0.000141025
9 0.96582 0.533691 0.0683594 0.202148 0.000141144
8 0.243164 0.368652 0.0449219 0.0400391 0.000141501
8 0.598633 0.248047 0.0332031 0.0449219 0.000145435
9 0.551758 0.158691 0.189453 0.0751953 0.000147223
9 0.658691 0.442383 0.0224609 0.0234375 0.000148058
13 0.60791 0.242676 0.0810547 0.0947266 0.000148296
9 0.283691 0.364258 0.131836 0.166016 0.000149369
7 0.283691 0.364258 0.131836 0.166016 0.000149965
13 0.61377 0.358398 0.100586 0.113281 0.000150561
13 0.644531 0.303223 0.208984 0.241211 0.000151634
13 0.28418 0.186035 0.134766 0.0966797 0.000151753
11 0.561523 0.199219 0.126953 0.111328 0.000151873
6 0.304688 0.432617 0.191406 0.287109 0.000152111
1 0.418945 0.33252 0.322266 0.237305 0.000153184
8 0.633301 0.549805 0.196289 0.177734 0.000155807
0 0.388184 0.263184 0.313477 0.151367 0.000156164
3 0.484863 0.55127 0.250977 0.124023 0.000157595
6 0.29248 0.1875 0.12793 0.0996094 0.000158548
13 0.660156 0.322754 0.0917969 0.0888672 0.000160217
13 0.59082 0.240234 0.0488281 0.0390625 0.000161648
7 0.625 0.544922 0.238281 0.205078 0.000162005
1 0.291992 0.188965 0.138672 0.100586 0.000162959
7 0.276855 0.502441 0.114258 0.161133 0.000168562
7 0.234375 0.422852 0.0820312 0.0449219 0.000172019
13 0.222656 0.49707 0.101562 0.0585938 0.000172138
8 0.524902 0.282715 0.0654297 0.0595703 0.000172496
7 0.136719 0.392578 0.177734 0.279297 0.000172615
9 0.584473 0.224609 0.0771484 0.0839844 0.000172615
9 0.655273 0.54248 0.175781 0.196289 0.000173092
9 0.496094 0.381836 0.378906 0.339844 0.000173926
9 0.0371094 0.0458984 0.0742188 0.0917969 0.000174284
10 0.695801 0.928711 0.266602 0.142578 0.000176549
7 0.271484 0.271484 0.101562 0.117188 0.000176668
10 0.779297 0.984375 0.101562 0.0292969 0.000177979
7 0.42334 0.3125 0.291992 0.177734 0.000182509
9 0.599609 0.779785 0.546875 0.381836 0.000182867
8 0.631348 0.500488 0.0224609 0.0166016 0.000183105
0 0.524902 0.282715 0.0654297 0.0595703 0.000184894
7 0.169922 0.957031 0.304688 0.0859375 0.000186086
8 0.310547 0.34082 0.046875 0.0742188 0.000186682
13 0.276855 0.502441 0.114258 0.161133 0.000187993
11 0.523926 0.134277 0.0615234 0.0185547 0.000188112
9 0.96582 0.662109 0.0214844 0.03125 0.000189185
11 0.258301 0.186523 0.166992 0.0976562 0.000191689
13 0.541992 0.279297 0.03125 0.03125 0.000192404
8 0.589355 0.241211 0.0419922 0.03125 0.000192642
11 0.17041 0.504395 0.18457 0.0947266 0.000194669
13 0.418945 0.33252 0.322266 0.237305 0.000195384
5 0.125 0.440918 0.167969 0.256836 0.000195503
9 0.20166 0.470703 0.223633 0.162109 0.000195861
11 0.291992 0.144531 0.125 0.0507812 0.00019908
5 0.408203 0.33252 0.355469 0.213867 0.000202298
9 0.271484 0.271484 0.101562 0.117188 0.000203729
9 0.340332 0.259277 0.250977 0.239258 0.000204444
13 0.146973 0.462402 0.116211 0.0458984 0.000205398
10 0.743652 0.990234 0.143555 0.0195312 0.000205517
8 0.29541 0.53418 0.108398 0.0957031 0.000209451
10 0.289062 0.430664 0.138672 0.242188 0.000210524
7 0.584473 0.224609 0.0771484 0.0839844 0.00021112
11 0.19873 0.208496 0.297852 0.147461 0.000213027
8 0.694824 0.411133 0.0302734 0.0273438 0.000215769
13 0.603027 0.205078 0.112305 0.0976562 0.000216484
10 0.0556641 0.981934 0.101562 0.0361328 0.000219822
7 0.659668 0.34082 0.223633 0.298828 0.000220418
13 0.637207 0.328613 0.0537109 0.0615234 0.000222683
13 0.130371 0.472656 0.163086 0.189453 0.000222683
13 0.206055 0.441406 0.078125 0.0429688 0.000223517
9 0.691895 0.36084 0.165039 0.250977 0.000223875
13 0.632812 0.320801 0.119141 0.168945 0.000228405
9 0.236816 0.0908203 0.0341797 0.0253906 0.00023365
9 0.184082 0.72998 0.366211 0.291992 0.0002352
5 0.703613 0.368652 0.143555 0.258789 0.000235558
9 0.238281 0.404785 0.199219 0.264648 0.000238895
7 0.604492 0.20459 0.115234 0.0966797 0.000239968
11 0.535645 0.130859 0.110352 0.0195312 0.000240684
11 0.28418 0.429688 0.130859 0.189453 0.000242352
7 0.270508 0.168457 0.128906 0.0595703 0.000243068
9 0.388672 0.0449219 0.212891 0.0859375 0.000243664
9 0.416016 0.733398 0.267578 0.533203 0.000245571
8 0.629883 0.344727 0.0488281 0.0351562 0.000247002
9 0.95166 0.777344 0.0966797 0.445312 0.000252008
11 0.603027 0.205078 0.112305 0.0976562 0.000255585
8 0.633301 0.34082 0.0283203 0.0273438 0.000256062
11 0.240234 0.166992 0.111328 0.0546875 0.0002563
9 0.163086 0.0454102 0.326172 0.0908203 0.000261068
13 0.20166 0.510254 0.0771484 0.0576172 0.000265837
0 0.51123 0.344727 0.333008 0.275391 0.000267029
5 0.649902 0.498535 0.229492 0.266602 0.000270605
11 0.645996 0.183105 0.0888672 0.0537109 0.000271559
8 0.645996 0.42041 0.0322266 0.0224609 0.000274897
7 0.249023 0.295898 0.179688 0.244141 0.000278711
7 0.17627 0.5 0.176758 0.0878906 0.000279188
8 0.298828 0.34082 0.128906 0.152344 0.000279665
2 0.544434 0.29248 0.0439453 0.0576172 0.000283241
0 0.289062 0.418457 0.126953 0.256836 0.000287533
9 0.798828 0.179688 0.0507812 0.0410156 0.000289679
7 0.321289 0.375977 0.0820312 0.201172 0.000291586
9 0.237793 0.249512 0.182617 0.15332 0.000295401
9 0.171387 0.949707 0.307617 0.100586 0.000298977
13 0.132812 0.464844 0.0761719 0.0253906 0.000301123
7 0.344238 0.385742 0.319336 0.382812 0.000303507
8 0.712402 0.44873 0.0322266 0.0263672 0.000309944
3 0.505859 0.615234 0.486328 0.177734 0.000321627
2 0.293457 0.240723 0.131836 0.188477 0.00032258
7 0.671875 0.468262 0.212891 0.34082 0.00033021
9 0.322754 0.375977 0.0830078 0.205078 0.00033164
4 0.291992 0.188965 0.136719 0.100586 0.000332832
10 0.418945 0.33252 0.322266 0.237305 0.000338078
13 0.106934 0.458496 0.100586 0.0537109 0.000347853
0 0.447754 0.271973 0.211914 0.106445 0.000352621
7 0.497559 0.167969 0.114258 0.0976562 0.000356436
7 0.236328 0.34375 0.294922 0.417969 0.000362396
5 0.244141 0.330078 0.246094 0.375 0.00036788
9 0.166504 0.380859 0.24707 0.3125 0.000369072
5 0.17041 0.490234 0.19043 0.105469 0.000374317
13 0.09375 0.479492 0.0898438 0.0390625 0.000375986
12 0.42334 0.3125 0.291992 0.177734 0.00037694
11 0.42334 0.3125 0.291992 0.177734 0.000386
7 0.249023 0.214355 0.203125 0.157227 0.000386477
9 0.620605 0.316895 0.182617 0.241211 0.000390291
13 0.59375 0.241699 0.0332031 0.0224609 0.000398159
9 0.542969 0.281738 0.0351562 0.0263672 0.000398874
9 0.317383 0.419434 0.242188 0.327148 0.000399828
9 0.962891 0.656738 0.0175781 0.0166016 0.000408888
10 0.0771484 0.990234 0.109375 0.0195312 0.00041604
11 0.287109 0.148438 0.0605469 0.015625 0.000423431
4 0.286133 0.44873 0.123047 0.24707 0.000425816
13 0.633301 0.338867 0.0322266 0.0292969 0.000428438
0 0.51416 0.277832 0.110352 0.0966797 0.000431776
9 0.126953 0.609863 0.224609 0.125977 0.000441313
8 0.70752 0.442383 0.0166016 0.0136719 0.000445366
8 0.286133 0.44873 0.123047 0.24707 0.000463247
7 0.32373 0.206055 0.0966797 0.140625 0.000469208
13 0.619141 0.352051 0.0722656 0.0615234 0.000469923
13 0.205566 0.406738 0.147461 0.0869141 0.000470638
0 0.539062 0.322754 0.119141 0.165039 0.000496864
8 0.166992 0.283203 0.0234375 0.0175781 0.000497341
2 0.539062 0.291504 0.0878906 0.108398 0.000501156
13 0.609863 0.274902 0.124023 0.182617 0.000513077
13 0.584473 0.224609 0.0771484 0.0839844 0.000515938
13 0.28125 0.422852 0.132812 0.244141 0.000518322
0 0.293457 0.240723 0.131836 0.188477 0.000524521
2 0.288574 0.357422 0.147461 0.333984 0.000529289
2 0.533691 0.274902 0.0322266 0.0361328 0.00053072
3 0.5 0.473633 0.519531 0.328125 0.000543594
13 0.110352 0.503418 0.0644531 0.0419922 0.000552654
8 0.186523 0.395996 0.0234375 0.0185547 0.000553131
6 0.165527 0.500488 0.176758 0.0927734 0.000557423
11 0.493652 0.128906 0.0908203 0.0292969 0.000557423
13 0.1875 0.432129 0.105469 0.0361328 0.000571728
6 0.28418 0.429688 0.130859 0.189453 0.00057888
7 0.493164 0.302246 0.158203 0.151367 0.00057888
12 0.293457 0.240723 0.131836 0.188477 0.000596046
10 0.148926 0.989746 0.233398 0.0205078 0.000597954
8 0.42334 0.3125 0.291992 0.177734 0.000611305
9 0.17041 0.504395 0.18457 0.0947266 0.000625134
2 0.42334 0.3125 0.291992 0.177734 0.000635624
10 0.198242 0.918945 0.361328 0.162109 0.0006423
6 0.491699 0.310059 0.186523 0.172852 0.000661373
9 0.29541 0.53418 0.108398 0.0957031 0.000666618
10 0.720215 0.966309 0.22168 0.0673828 0.000672817
9 0.645996 0.431641 0.268555 0.433594 0.000680447
13 0.275879 0.32666 0.194336 0.379883 0.000683308
9 0.22998 0.0864258 0.0283203 0.0146484 0.000688076
9 0.395996 0.4375 0.360352 0.462891 0.000693798
9 0.307129 0.286621 0.104492 0.141602 0.000710011
13 0.179688 0.441406 0.230469 0.283203 0.000713348
4 0.491699 0.310059 0.186523 0.172852 0.000725746
10 0.283203 0.235352 0.152344 0.1875 0.000732422
13 0.645508 0.279297 0.03125 0.0332031 0.000744343
8 0.235352 0.371582 0.0292969 0.0244141 0.000761986
12 0.163086 0.0454102 0.326172 0.0908203 0.000785351
9 0.29248 0.1875 0.12793 0.0996094 0.000807285
12 0.492188 0.300781 0.158203 0.148438 0.000808716
11 0.296875 0.144531 0.0996094 0.0214844 0.000819206
13 0.633789 0.300781 0.0722656 0.103516 0.000834465
7 0.29541 0.53418 0.108398 0.0957031 0.000843525
11 0.492188 0.300781 0.158203 0.148438 0.000864029
10 0.0849609 0.965332 0.148438 0.0693359 0.000870228
9 0.351562 0.550781 0.234375 0.306641 0.00088644
13 0.197266 0.485352 0.126953 0.046875 0.000901222
1 0.492676 0.304688 0.163086 0.152344 0.000919342
13 0.189453 0.432617 0.152344 0.0664062 0.000939369
11 0.556152 0.162598 0.19043 0.0849609 0.000939369
5 0.288574 0.237793 0.139648 0.180664 0.000956059
5 0.620605 0.316895 0.182617 0.241211 0.000976562
13 0.635254 0.297852 0.0478516 0.0664062 0.000982285
10 0.100586 0.983398 0.158203 0.03125 0.000983238
11 0.490723 0.168457 0.0966797 0.0927734 0.00100517
3 0.416992 0.311523 0.322266 0.177734 0.00100517
5 0.492676 0.304688 0.163086 0.152344 0.00101376
8 0.234375 0.30957 0.0175781 0.015625 0.00102806
9 0.307617 0.576172 0.150391 0.203125 0.00103378
11 0.292969 0.167969 0.136719 0.0664062 0.00104427
11 0.291016 0.331055 0.148438 0.357422 0.00105381
13 0.225098 0.447754 0.114258 0.0732422 0.00109959
10 0.286621 0.331055 0.165039 0.369141 0.00111389
13 0.173828 0.472168 0.183594 0.0556641 0.00111866
7 0.492188 0.550781 0.5 0.162109 0.0011816
11 0.492188 0.55127 0.501953 0.163086 0.00120831
10 0.708984 0.983398 0.21875 0.03125 0.00121021
13 0.249512 0.44873 0.114258 0.143555 0.00121593
11 0.612793 0.17041 0.149414 0.0791016 0.00122643
8 0.492188 0.55127 0.501953 0.163086 0.00123119
1 0.492188 0.55127 0.501953 0.163086 0.00123119
13 0.160156 0.526855 0.146484 0.0361328 0.00123787
12 0.492188 0.55127 0.501953 0.163086 0.00124168
9 0.231934 0.0859375 0.0146484 0.00976562 0.00125122
7 0.304688 0.291504 0.105469 0.147461 0.00126362
11 0.283203 0.235352 0.152344 0.1875 0.00132275
13 0.190918 0.458008 0.182617 0.142578 0.00132465
4 0.492188 0.550781 0.5 0.162109 0.00133324
1 0.293945 0.244629 0.136719 0.192383 0.0013485
13 0.496582 0.309082 0.157227 0.168945 0.00135899
12 0.287598 0.355957 0.157227 0.34082 0.00137711
2 0.492188 0.55127 0.501953 0.163086 0.00140095
6 0.492188 0.550781 0.5 0.162109 0.00141907
2 0.496094 0.305176 0.154297 0.155273 0.00144482
1 0.288574 0.357422 0.147461 0.333984 0.0015583
8 0.543945 0.279297 0.03125 0.0273438 0.00158596
13 0.223145 0.488281 0.124023 0.115234 0.00164509
13 0.28418 0.243164 0.152344 0.189453 0.00165558
13 0.492188 0.550781 0.5 0.162109 0.00165844
2 0.524902 0.282715 0.0654297 0.0595703 0.00167847
9 0.277344 0.433594 0.121094 0.185547 0.00168514
5 0.166504 0.380859 0.24707 0.3125 0.00171852
9 0.408203 0.33252 0.355469 0.213867 0.00176144
11 0.551758 0.144531 0.162109 0.0371094 0.00179195
8 0.496094 0.305176 0.154297 0.155273 0.00179672
5 0.492188 0.55127 0.501953 0.163086 0.00185966
13 0.201172 0.51709 0.132812 0.0771484 0.00189018
9 0.904785 0.449219 0.0673828 0.126953 0.00194359
0 0.295898 0.324219 0.152344 0.322266 0.00195694
13 0.126953 0.518066 0.09375 0.0537109 0.00198364
10 0.491699 0.305176 0.161133 0.155273 0.00201797
5 0.276367 0.371582 0.128906 0.307617 0.00203705
8 0.706055 0.453125 0.0214844 0.0195312 0.00206566
8 0.306641 0.340332 0.0195312 0.0166016 0.00208855
7 0.296387 0.474609 0.145508 0.316406 0.00222969
11 0.26416 0.15918 0.106445 0.0332031 0.00232315
9 0.17627 0.645996 0.34082 0.176758 0.0023365
0 0.492188 0.55127 0.501953 0.163086 0.00237274
10 0.492188 0.550781 0.5 0.162109 0.00241661
9 0.296387 0.474609 0.145508 0.316406 0.00246429
13 0.131836 0.475098 0.113281 0.0419922 0.00247002
9 0.492188 0.550781 0.5 0.162109 0.00271416
13 0.116211 0.495605 0.0996094 0.0751953 0.00284576
8 0.658691 0.442383 0.0224609 0.0234375 0.00284958
0 0.400879 0.380859 0.375977 0.341797 0.00303268
10 0.162109 0.980469 0.285156 0.0390625 0.00315857
9 0.492188 0.303711 0.162109 0.158203 0.0031929
13 0.220215 0.428223 0.0947266 0.0478516 0.00321579
8 0.599121 0.243164 0.0263672 0.0214844 0.00327682
11 0.507812 0.149414 0.113281 0.0527344 0.00351715
5 0.669922 0.385742 0.232422 0.388672 0.00419998
6 0.282227 0.325684 0.158203 0.348633 0.00426865
3 0.493164 0.302246 0.158203 0.151367 0.00431824
7 0.29248 0.1875 0.12793 0.0996094 0.00494766
13 0.113281 0.470215 0.0898438 0.0244141 0.00503159
7 0.277344 0.433594 0.121094 0.185547 0.00550079
8 0.293457 0.240723 0.131836 0.188477 0.00579453
10 0.169922 0.957031 0.304688 0.0859375 0.00579453
13 0.63623 0.287109 0.0361328 0.0390625 0.00600815
2 0.542969 0.281738 0.0351562 0.0263672 0.0064621
6 0.288574 0.237793 0.139648 0.180664 0.00658035
4 0.288574 0.357422 0.147461 0.333984 0.00692749
4 0.293945 0.244629 0.136719 0.192383 0.00760269
8 0.288574 0.357422 0.147461 0.333984 0.00855255
11 0.51709 0.136719 0.104492 0.0253906 0.0088501
9 0.293457 0.240723 0.137695 0.19043 0.00958252
11 0.287109 0.151855 0.111328 0.0244141 0.0136871
13 0.217285 0.429199 0.0693359 0.0244141 0.0168915
13 0.165527 0.500488 0.176758 0.0927734 0.0256042
7 0.288574 0.357422 0.147461 0.333984 0.0394897
9 0.288574 0.357422 0.147461 0.333984 0.0431213
7 0.293945 0.244629 0.136719 0.192383 0.0647583
0 0.427246 0.320312 0.288086 0.199219 0.18396
0 0.494629 0.304688 0.157227 0.15625 0.65332
3 0.491699 0.553711 0.499023 0.142578 0.680664
