11 0.253906 0.993652 0.0351562 0.00878906 0.000103354
2 0.947754 0.761719 0.104492 0.476562 0.000103354
11 0.00732422 0.504883 0.0146484 0.0527344 0.000105798
11 0.44043 0.130371 0.109375 0.0205078 0.000106573
10 0.00830078 0.498535 0.0146484 0.0634766 0.000107467
7 0.566895 0.82666 0.133789 0.336914 0.000107765
2 0.10791 0.15625 0.0615234 0.0527344 0.000107944
1 0.725098 0.12793 0.0673828 0.0546875 0.000108302
11 0.612305 0.157227 0.0605469 0.126953 0.000109076
11 0.650879 0.108887 0.0751953 0.0361328 0.000109375
11 0.70459 0.149414 0.0751953 0.0644531 0.000109971
10 0.00732422 0.57373 0.0126953 0.0791016 0.000110269
9 0.798828 0.498535 0.0390625 0.0263672 0.000110745
9 0.623047 0.194336 0.046875 0.078125 0.000110984
13 0.680664 0.306641 0.0722656 0.0859375 0.000112176
9 0.00927734 0.401855 0.0185547 0.118164 0.00011456
7 0.725098 0.12793 0.0673828 0.0546875 0.000114799
11 0.00830078 0.527344 0.0146484 0.0546875 0.000115573
13 0.360352 0.0834961 0.355469 0.166992 0.000115633
13 0.612305 0.157227 0.0605469 0.126953 0.000118971
11 0.393555 0.104492 0.109375 0.154297 0.000121832
9 0.27002 0.993652 0.0361328 0.00878906 0.000123024
11 0.64209 0.133789 0.0693359 0.0742188 0.000123262
10 0.012207 0.00537109 0.0205078 0.00878906 0.000125766
11 0.601074 0.200195 0.0830078 0.0761719 0.000128627
10 0.0180664 0.993652 0.0224609 0.00878906 0.00012958
10 0.00732422 0.946289 0.0126953 0.0546875 0.000131607
10 0.0185547 0.988281 0.0195312 0.0195312 0.000132918
10 0.404785 0.103027 0.0634766 0.0439453 0.000133634
11 0.46875 0.0996094 0.0410156 0.0253906 0.000134706
10 0.00732422 0.993652 0.0146484 0.00878906 0.000136495
13 0.666016 0.32959 0.0664062 0.0341797 0.000137806
13 0.221191 0.11377 0.413086 0.227539 0.000139236
10 0.00830078 0.54834 0.0146484 0.0458984 0.00014174
11 0.00732422 0.54834 0.0146484 0.0439453 0.000142813
8 0.0444336 0.460938 0.0361328 0.046875 0.000143766
10 0.0112305 0.482422 0.0205078 0.150391 0.000144243
9 0.00976562 0.278809 0.0175781 0.165039 0.000145197
11 0.00976562 0.671387 0.015625 0.0712891 0.00014627
11 0.00732422 0.993652 0.0146484 0.00878906 0.000147104
11 0.00927734 0.634766 0.0166016 0.078125 0.000147939
6 0.221191 0.11377 0.413086 0.227539 0.00015223
10 0.00732422 0.0234375 0.0146484 0.0410156 0.000154138
11 0.496094 0.10498 0.0410156 0.0322266 0.000159264
9 0.612305 0.157227 0.0605469 0.126953 0.000159502
10 0.00976562 0.528809 0.0175781 0.0791016 0.00016284
10 0.0102539 0.964844 0.0166016 0.0546875 0.00016284
8 0.448242 0.45752 0.0527344 0.0537109 0.000164151
11 0.0185547 0.98877 0.0195312 0.0185547 0.00016427
8 0.219727 0.677734 0.0625 0.0566406 0.000164866
5 0.774414 0.376953 0.134766 0.292969 0.000164986
11 0.668457 0.127441 0.104492 0.0556641 0.000167608
10 0.00976562 0.928711 0.015625 0.0546875 0.000168204
11 0.429688 0.0898438 0.0644531 0.0273438 0.000171661
9 0.57666 0.660156 0.124023 0.292969 0.000173807
6 0.802246 0.0922852 0.395508 0.18457 0.000175238
11 0.00976562 0.919434 0.015625 0.0517578 0.000175714
11 0.0112305 0.980957 0.0185547 0.0341797 0.000176787
9 0.384766 0.70752 0.0488281 0.0244141 0.000178695
0 0.686523 0.943848 0.136719 0.112305 0.000179172
11 0.00732422 0.0180664 0.0146484 0.0322266 0.00017941
11 0.716309 0.112793 0.0556641 0.0419922 0.000181198
11 0.27002 0.993652 0.0361328 0.00878906 0.000185013
9 0.649902 0.147949 0.0712891 0.0732422 0.000188231
11 0.0180664 0.993652 0.0224609 0.00878906 0.000190139
11 0.650879 0.100586 0.0537109 0.015625 0.00019443
9 0.575684 0.79541 0.112305 0.21582 0.000195384
9 0.404785 0.61377 0.245117 0.198242 0.000208616
10 0.725098 0.12793 0.0673828 0.0546875 0.000208735
10 0.860352 0.68457 0.0566406 0.0585938 0.000212789
11 0.00976562 0.698242 0.015625 0.0683594 0.000217557
13 0.683594 0.22168 0.0507812 0.107422 0.00022018
11 0.012207 0.00537109 0.0205078 0.00878906 0.000222325
11 0.459473 0.130371 0.0556641 0.0166016 0.000222445
6 0.0585938 0.928711 0.0644531 0.119141 0.000222683
13 0.666016 0.196777 0.103516 0.12793 0.000226498
8 0.602051 0.200684 0.0791016 0.0771484 0.000232577
11 0.00732422 0.769531 0.0126953 0.0585938 0.000240207
9 0.216797 0.67041 0.0566406 0.0654297 0.000241995
5 0.0585938 0.928711 0.0644531 0.119141 0.000242114
10 0.835938 0.726074 0.0878906 0.116211 0.000244021
9 0.736816 0.547852 0.250977 0.105469 0.000250101
10 0.00732422 0.00878906 0.0146484 0.0136719 0.000252962
11 0.00732422 0.901855 0.0126953 0.0458984 0.000261307
11 0.00976562 0.725098 0.015625 0.0576172 0.000262976
9 0.562012 0.316895 0.12207 0.387695 0.000263929
10 0.273438 0.584473 0.03125 0.0439453 0.000265121
10 0.00976562 0.599609 0.0175781 0.101562 0.00026536
10 0.0112305 0.980469 0.0205078 0.0351562 0.000278711
13 0.787598 0.0942383 0.424805 0.188477 0.00028038
10 0.00732422 0.910645 0.0126953 0.0478516 0.000287056
11 0.00732422 0.804199 0.0126953 0.0595703 0.000299931
2 0.605469 0.19873 0.0742188 0.0751953 0.000301838
11 0.272949 0.586914 0.0302734 0.0488281 0.000302792
11 0.00683594 0.839355 0.0117188 0.0498047 0.00030756
3 0.602539 0.200684 0.0800781 0.0693359 0.000312805
10 0.00732422 0.679688 0.0126953 0.0683594 0.000321865
7 0.615234 0.130371 0.0410156 0.0908203 0.000329256
11 0.00732422 0.00878906 0.0146484 0.0136719 0.000329733
11 0.00976562 0.750977 0.015625 0.0605469 0.000332594
11 0.00683594 0.866699 0.0117188 0.0478516 0.000340462
11 0.450195 0.0922852 0.0625 0.0224609 0.000342369
11 0.85791 0.694336 0.0634766 0.0761719 0.000347853
11 0.638672 0.104004 0.0429688 0.0166016 0.000352144
7 0.605469 0.19873 0.0742188 0.0751953 0.000356436
7 0.648926 0.147461 0.0693359 0.0742188 0.000362396
10 0.00976562 0.725098 0.015625 0.0576172 0.000362873
13 0.701172 0.18457 0.0664062 0.0820312 0.0003829
11 0.00927734 0.822266 0.0146484 0.0585938 0.000391245
10 0.00927734 0.635254 0.0166016 0.0869141 0.000399113
11 0.740723 0.141113 0.0576172 0.0478516 0.000401735
10 0.00683594 0.848145 0.0117188 0.0478516 0.00041914
3 0.614258 0.471191 0.257812 0.112305 0.000432968
10 0.00927734 0.769043 0.0166016 0.0654297 0.000436783
9 0.462402 0.632812 0.125977 0.123047 0.000440121
11 0.00927734 0.884766 0.0166016 0.046875 0.000442266
11 0.00976562 0.786621 0.015625 0.0615234 0.00044632
10 0.00732422 0.707031 0.0126953 0.0644531 0.000455141
10 0.00927734 0.804688 0.0166016 0.0683594 0.000456333
13 0.681152 0.274414 0.0654297 0.0839844 0.000469446
10 0.00732422 0.742676 0.0126953 0.0576172 0.000471354
10 0.00732422 0.884766 0.0126953 0.046875 0.000499249
11 0.470703 0.090332 0.0664062 0.0224609 0.000504017
10 0.00683594 0.866699 0.0117188 0.0478516 0.000524044
11 0.485352 0.0961914 0.0488281 0.0283203 0.000540257
13 0.617676 0.13623 0.0283203 0.0908203 0.000544548
9 0.687988 0.537598 0.120117 0.0791016 0.000585556
10 0.00732422 0.822266 0.0126953 0.0566406 0.00058794
11 0.706055 0.132812 0.109375 0.0722656 0.000601292
10 0.00732422 0.786621 0.0126953 0.0595703 0.000602722
9 0.615234 0.130371 0.0410156 0.0908203 0.000630379
11 0.839355 0.726074 0.0869141 0.114258 0.000667095
11 0.615234 0.130371 0.0410156 0.0908203 0.000832081
8 0.798828 0.498535 0.0390625 0.0263672 0.000870228
10 0.0117188 0.992676 0.0195312 0.0107422 0.000878334
10 0.00830078 0.987305 0.0146484 0.0214844 0.000909328
11 0.00830078 0.987305 0.0146484 0.0214844 0.000915527
11 0.427734 0.101074 0.103516 0.0517578 0.000982285
11 0.0117188 0.992676 0.0195312 0.0107422 0.00101185
13 0.697754 0.224609 0.0888672 0.144531 0.0012188
11 0.446289 0.0952148 0.115234 0.0263672 0.00167847
11 0.380859 0.123535 0.0820312 0.0732422 0.00222206
9 0.572754 0.787598 0.133789 0.40918 0.00240135
11 0.662598 0.105957 0.0732422 0.0185547 0.00279999
11 0.685059 0.114258 0.108398 0.0371094 0.00324249
9 0.602051 0.200684 0.0791016 0.0771484 0.00376511
11 0.412109 0.0981445 0.0585938 0.0380859 0.00568771
11 0.395996 0.108887 0.0751953 0.0537109 0.027771
11 0.724121 0.12793 0.0615234 0.0507812 0.0315247
0 0.602539 0.200684 0.0800781 0.0693359 0.0446472
