7 0.601562 0.225098 0.0742188 0.124023 0.000145793
10 0.00537109 0.615723 0.0107422 0.0849609 0.000146151
9 0.595215 0.229004 0.0712891 0.131836 0.000146747
2 0.20166 0.149902 0.379883 0.299805 0.000148296
11 0.275391 0.768066 0.232422 0.0947266 0.000148535
5 0.287109 0.45459 0.275391 0.469727 0.000149965
10 0.131348 0.827637 0.0400391 0.0400391 0.000150323
8 0.808594 0.543457 0.150391 0.172852 0.000150442
6 0.849609 0.535156 0.0839844 0.109375 0.000152707
9 0.170898 0.929199 0.341797 0.139648 0.00015378
11 0.825684 0.535645 0.125977 0.15332 0.000154257
10 0.00830078 0.647461 0.0146484 0.0957031 0.000154614
9 0.533691 0.400391 0.168945 0.173828 0.000158668
1 0.183594 0.0683594 0.355469 0.136719 0.000158787
9 0.559082 0.672363 0.338867 0.172852 0.000159383
13 0.380859 0.436035 0.119141 0.0615234 0.00015974
9 0.927246 0.904297 0.145508 0.173828 0.000159979
9 0.91748 0.712402 0.133789 0.426758 0.000161409
9 0.744629 0.367676 0.291992 0.454102 0.000161886
2 0.478027 0.32666 0.0322266 0.0458984 0.000163317
8 0.25293 0.669922 0.015625 0.00976562 0.000163317
11 0.400879 0.166504 0.0576172 0.0185547 0.000163317
6 0.454102 0.232422 0.0605469 0.134766 0.000163436
8 0.252441 0.598633 0.135742 0.140625 0.000165105
13 0.720215 0.198242 0.116211 0.0644531 0.000165343
7 0.249023 0.767578 0.230469 0.09375 0.000167012
13 0.753906 0.621582 0.0917969 0.0478516 0.000168204
13 0.376465 0.642578 0.0615234 0.078125 0.000168324
3 0.303223 0.921875 0.415039 0.15625 0.000171065
13 0.72168 0.543457 0.0839844 0.0458984 0.000172615
1 0.175781 0.789062 0.0898438 0.0429688 0.000174046
2 0.599121 0.348633 0.0380859 0.0429688 0.000174165
5 0.290527 0.672363 0.149414 0.129883 0.000174522
11 0.131348 0.827637 0.0400391 0.0400391 0.00017643
10 0.796875 0.0424805 0.388672 0.0810547 0.00017941
3 0.170898 0.929199 0.341797 0.139648 0.00018084
13 0.707031 0.270996 0.136719 0.133789 0.000181437
13 0.42334 0.649414 0.0732422 0.0800781 0.000182152
13 0.250977 0.649902 0.199219 0.258789 0.000183225
8 0.806152 0.0488281 0.360352 0.0976562 0.000184536
9 0.0786133 0.643555 0.110352 0.498047 0.000185728
1 0.825684 0.535645 0.125977 0.15332 0.000185966
7 0.442871 0.208496 0.0673828 0.0947266 0.000188231
6 0.173828 0.78418 0.0878906 0.0410156 0.000190377
10 0.0102539 0.566406 0.0205078 0.121094 0.000190973
11 0.609375 0.205078 0.0839844 0.0917969 0.000192881
1 0.576172 0.361816 0.0917969 0.0732422 0.000194907
9 0.986816 0.012207 0.0224609 0.0224609 0.000195861
11 0.678223 0.169434 0.116211 0.0419922 0.000196099
10 0.0175781 0.680664 0.0351562 0.236328 0.000197291
8 0.833984 0.435547 0.0273438 0.0273438 0.000197291
7 0.809082 0.0922852 0.381836 0.18457 0.000198245
12 0.576172 0.361816 0.0917969 0.0732422 0.000199556
10 0.0126953 0.655762 0.0234375 0.137695 0.000200033
13 0.277832 0.402832 0.12207 0.0556641 0.000201225
9 0.77832 0.628418 0.109375 0.0302734 0.000201344
11 0.722168 0.167969 0.0615234 0.0234375 0.000202894
7 0.576172 0.362305 0.0917969 0.078125 0.000208855
10 0.576172 0.361328 0.09375 0.0761719 0.000210881
13 0.666016 0.257324 0.0371094 0.0361328 0.00021255
8 0.207031 0.78418 0.15625 0.0683594 0.00021863
9 0.598633 0.358887 0.0429688 0.0556641 0.000223637
9 0.275879 0.648926 0.15918 0.147461 0.000226021
9 0.198242 0.780273 0.0683594 0.0429688 0.000228524
5 0.57666 0.363281 0.0908203 0.0761719 0.000229239
13 0.256348 0.474121 0.0556641 0.0244141 0.000231385
13 0.641113 0.195801 0.0263672 0.0205078 0.0002321
9 0.478027 0.325684 0.0302734 0.0478516 0.00023222
10 0.00488281 0.586426 0.00976562 0.0693359 0.000235915
13 0.402832 0.658691 0.0380859 0.0400391 0.000237584
13 0.35498 0.257324 0.0732422 0.102539 0.000238776
11 0.36084 0.202148 0.116211 0.0527344 0.000238776
6 0.783691 0.559082 0.151367 0.176758 0.000239372
8 0.272461 0.255371 0.0253906 0.0283203 0.000240088
1 0.796875 0.0424805 0.388672 0.0810547 0.000246048
13 0.151367 0.796875 0.0429688 0.0292969 0.000248432
11 0.67334 0.157227 0.0537109 0.0117188 0.000248671
13 0.597168 0.361816 0.0400391 0.0498047 0.000251055
3 0.798828 0.622559 0.205078 0.333008 0.000251055
6 0.166016 0.0449219 0.330078 0.0898438 0.000252962
11 0.659668 0.178223 0.0771484 0.0341797 0.000256538
12 0.806641 0.050293 0.347656 0.100586 0.000257015
9 0.698242 0.20166 0.167969 0.0791016 0.000258684
6 0.220215 0.778809 0.178711 0.0791016 0.000260115
8 0.175781 0.789062 0.0898438 0.0429688 0.000261784
13 0.365234 0.295898 0.154297 0.201172 0.000266075
7 0.677734 0.19873 0.125 0.0673828 0.000267506
9 0.0864258 0.904785 0.170898 0.188477 0.000267982
3 0.211914 0.115723 0.423828 0.231445 0.000269413
8 0.833984 0.468262 0.015625 0.0146484 0.000272751
13 0.187012 0.108887 0.374023 0.217773 0.000274658
13 0.244629 0.41748 0.0673828 0.0263672 0.000277996
3 0.220215 0.778809 0.178711 0.0791016 0.000279665
13 0.351562 0.417969 0.132812 0.105469 0.000285149
4 0.252441 0.598633 0.135742 0.140625 0.000285149
5 0.260254 0.63623 0.110352 0.0419922 0.000287294
5 0.206543 0.700684 0.149414 0.241211 0.000295401
11 0.655273 0.199219 0.0878906 0.0683594 0.000297785
5 0.166016 0.0449219 0.330078 0.0898438 0.000298023
13 0.166016 0.0449219 0.330078 0.0898438 0.000299931
7 0.15918 0.788086 0.0546875 0.0253906 0.000300407
5 0.783203 0.626465 0.105469 0.0283203 0.00030303
10 0.211914 0.115723 0.423828 0.231445 0.00030899
9 0.683594 0.18457 0.125 0.0371094 0.000309706
11 0.604492 0.198242 0.0507812 0.0605469 0.00031352
13 0.766602 0.261719 0.0742188 0.0585938 0.000317097
11 0.207031 0.78418 0.15625 0.0683594 0.000317097
11 0.388184 0.186035 0.120117 0.0263672 0.000323057
2 0.185547 0.0634766 0.369141 0.126953 0.000323057
13 0.789062 0.266113 0.0253906 0.0263672 0.000324488
7 0.790527 0.595215 0.15918 0.12207 0.000324726
9 0.811523 0.474121 0.0625 0.0791016 0.000324965
6 0.78418 0.618164 0.136719 0.0507812 0.000329256
4 0.806152 0.0488281 0.360352 0.0976562 0.000331879
13 0.45166 0.241211 0.0693359 0.150391 0.000332117
11 0.15918 0.788086 0.0546875 0.0253906 0.000332117
13 0.814941 0.472168 0.135742 0.192383 0.000332594
9 0.15918 0.788086 0.0546875 0.0253906 0.000335932
12 0.186523 0.0966797 0.369141 0.193359 0.000336885
13 0.821777 0.477051 0.0712891 0.0673828 0.000341654
11 0.336426 0.190918 0.118164 0.0458984 0.000343561
13 0.395996 0.649902 0.0615234 0.0712891 0.000344276
13 0.692871 0.183105 0.135742 0.0361328 0.000344992
9 0.521973 0.540039 0.163086 0.410156 0.000347853
11 0.796875 0.0424805 0.388672 0.0810547 0.000349522
7 0.805664 0.606445 0.1875 0.373047 0.000353575
8 0.82959 0.47168 0.0302734 0.0195312 0.000355721
7 0.796875 0.0424805 0.388672 0.0810547 0.000359297
13 0.779297 0.266113 0.046875 0.0322266 0.000365257
8 0.59668 0.361328 0.0429688 0.0527344 0.000365734
5 0.771484 0.554199 0.171875 0.161133 0.000365973
9 0.806152 0.0727539 0.37207 0.141602 0.000367403
9 0.278809 0.629395 0.135742 0.0615234 0.00037694
13 0.645996 0.182129 0.0693359 0.0361328 0.00037694
10 0.893066 0.833008 0.0341797 0.0371094 0.000378609
8 0.836914 0.538086 0.103516 0.111328 0.000379324
8 0.836426 0.611816 0.0283203 0.0244141 0.000379801
13 0.812988 0.61084 0.172852 0.30957 0.000388145
7 0.787598 0.494141 0.227539 0.3125 0.000389576
13 0.762207 0.237305 0.0654297 0.0800781 0.000394821
9 0.959473 0.608887 0.0595703 0.135742 0.000397682
13 0.646484 0.192871 0.0507812 0.0322266 0.000406504
13 0.742676 0.551758 0.0947266 0.0234375 0.000416279
2 0.470703 0.42334 0.0253906 0.0380859 0.000416756
5 0.854004 0.0424805 0.288086 0.0849609 0.000437498
13 0.821777 0.479004 0.0400391 0.0166016 0.000444174
13 0.638184 0.462891 0.0771484 0.09375 0.000453711
6 0.632812 0.463379 0.0898438 0.0947266 0.000454664
13 0.735352 0.218262 0.0917969 0.0615234 0.000456572
13 0.282227 0.659668 0.115234 0.0380859 0.000466347
2 0.806152 0.0488281 0.360352 0.0976562 0.000472784
0 0.576172 0.384766 0.103516 0.166016 0.00047493
2 0.208496 0.784668 0.157227 0.0712891 0.000480652
11 0.369629 0.181641 0.0732422 0.0195312 0.000489712
11 0.698242 0.20166 0.167969 0.0791016 0.000493526
13 0.84668 0.0825195 0.306641 0.165039 0.00050211
11 0.643066 0.160156 0.0634766 0.015625 0.000505924
10 0.135742 0.830566 0.0234375 0.0302734 0.000511646
5 0.79541 0.378906 0.188477 0.40625 0.000517368
9 0.265137 0.495117 0.231445 0.400391 0.000519276
2 0.612305 0.369629 0.0195312 0.0341797 0.00052166
10 0.0078125 0.605469 0.015625 0.132812 0.000524044
13 0.27832 0.658203 0.148438 0.0664062 0.000524521
3 0.55957 0.674316 0.347656 0.161133 0.000527859
9 0.657715 0.195312 0.0751953 0.0527344 0.000527859
6 0.806641 0.464844 0.164062 0.308594 0.000534058
8 0.455078 0.385742 0.0390625 0.0332031 0.000540733
6 0.293945 0.639648 0.134766 0.0644531 0.000544548
5 0.268555 0.628906 0.140625 0.0800781 0.000549793
5 0.220215 0.778809 0.178711 0.0791016 0.00055027
9 0.812988 0.473633 0.0419922 0.0253906 0.000555038
6 0.263672 0.622559 0.210938 0.208008 0.000559807
7 0.656738 0.186035 0.0751953 0.0439453 0.000563145
9 0.252441 0.772949 0.182617 0.0576172 0.000564575
7 0.239258 0.510742 0.171875 0.345703 0.000567913
11 0.738281 0.182617 0.0957031 0.0429688 0.00056982
7 0.263672 0.622559 0.210938 0.208008 0.000585556
6 0.272461 0.637695 0.111328 0.0292969 0.000596523
5 0.769043 0.614258 0.12207 0.0800781 0.000605583
11 0.893066 0.83252 0.0341797 0.0361328 0.000612259
9 0.294434 0.647461 0.135742 0.0546875 0.000627041
13 0.800293 0.625 0.15918 0.152344 0.00063467
3 0.0810547 0.917969 0.162109 0.160156 0.000635147
9 0.973633 0.665039 0.0507812 0.421875 0.000649929
9 0.767578 0.614258 0.115234 0.0585938 0.000655174
3 0.927246 0.904297 0.145508 0.173828 0.000663757
4 0.633789 0.461426 0.0820312 0.0830078 0.0006814
11 0.425293 0.199219 0.0986328 0.0820312 0.000683308
6 0.820801 0.0834961 0.348633 0.166992 0.000684261
13 0.26416 0.589355 0.124023 0.12793 0.00069046
5 0.258789 0.592773 0.101562 0.123047 0.000697136
11 0.619141 0.172363 0.0585938 0.0419922 0.000700474
13 0.385742 0.294922 0.0429688 0.0429688 0.000700474
11 0.630371 0.196289 0.0849609 0.0449219 0.000706196
13 0.751953 0.221191 0.046875 0.0517578 0.000714302
11 0.135742 0.830566 0.0234375 0.0302734 0.000718117
9 0.793945 0.463867 0.197266 0.347656 0.000722408
9 0.254395 0.666016 0.235352 0.28125 0.000726223
4 0.821289 0.538574 0.130859 0.141602 0.000730515
5 0.838379 0.52002 0.102539 0.149414 0.000770092
9 0.215332 0.796875 0.18457 0.128906 0.000775814
8 0.746582 0.617676 0.0712891 0.0517578 0.000776291
13 0.20752 0.788574 0.157227 0.0810547 0.000788212
7 0.207031 0.78418 0.15625 0.0683594 0.000789165
8 0.581055 0.361816 0.0800781 0.0771484 0.000790596
11 0.605957 0.361816 0.0283203 0.0400391 0.000792027
5 0.239258 0.536133 0.167969 0.291016 0.000799656
3 0.575195 0.365234 0.09375 0.0839844 0.000818253
8 0.817871 0.475098 0.0419922 0.0224609 0.000869274
10 0.0151367 0.608887 0.0283203 0.165039 0.000883579
6 0.796875 0.0424805 0.388672 0.0810547 0.000901699
11 0.576172 0.361816 0.0917969 0.0732422 0.000923634
13 0.410156 0.25 0.134766 0.144531 0.00093174
13 0.796875 0.0424805 0.388672 0.0810547 0.000952721
13 0.699707 0.228516 0.174805 0.121094 0.000969887
13 0.825684 0.535645 0.125977 0.15332 0.000984192
11 0.716309 0.171875 0.100586 0.0332031 0.000988007
11 0.38916 0.186523 0.15332 0.0488281 0.00105286
13 0.812988 0.474121 0.0458984 0.0244141 0.00109482
11 0.415039 0.171387 0.0878906 0.0263672 0.00110435
5 0.81543 0.689941 0.173828 0.227539 0.00111961
7 0.175781 0.789062 0.0898438 0.0429688 0.00112534
9 0.280762 0.63916 0.118164 0.0302734 0.00115967
5 0.192383 0.0898438 0.384766 0.179688 0.00120544
13 0.375 0.274414 0.078125 0.09375 0.00122547
6 0.8125 0.600098 0.164062 0.293945 0.0012598
7 0.280762 0.63916 0.118164 0.0302734 0.00127029
13 0.262207 0.625977 0.168945 0.130859 0.00130558
9 0.801758 0.622559 0.193359 0.321289 0.00131226
13 0.723633 0.547363 0.0644531 0.0244141 0.00131989
13 0.791992 0.625977 0.113281 0.0625 0.00133324
11 0.67334 0.161133 0.0849609 0.0175781 0.00134468
2 0.612305 0.357422 0.015625 0.0292969 0.00135899
7 0.293457 0.640625 0.133789 0.0625 0.00137138
5 0.779785 0.614746 0.139648 0.161133 0.00137615
11 0.692871 0.183105 0.135742 0.0361328 0.0014267
9 0.606445 0.363281 0.0273438 0.0351562 0.00143147
11 0.448242 0.228027 0.0722656 0.12793 0.00147247
13 0.259766 0.635254 0.109375 0.0302734 0.00153923
7 0.76709 0.614258 0.114258 0.0605469 0.00160313
13 0.313965 0.650879 0.149414 0.0458984 0.00165939
11 0.446289 0.185059 0.0664062 0.0458984 0.00172615
9 0.581055 0.362305 0.0800781 0.078125 0.00175667
9 0.956055 0.646484 0.0722656 0.257812 0.00179195
13 0.677734 0.199707 0.123047 0.0732422 0.00179577
11 0.341797 0.18457 0.0703125 0.0273438 0.00180054
11 0.175781 0.789062 0.0898438 0.0429688 0.00180244
9 0.266113 0.598633 0.135742 0.140625 0.00181293
0 0.605957 0.361816 0.0283203 0.0400391 0.00185776
2 0.177246 0.788086 0.0947266 0.0410156 0.00191689
8 0.605957 0.361816 0.0283203 0.0400391 0.0019989
9 0.833008 0.481445 0.119141 0.246094 0.00206566
13 0.261719 0.628906 0.134766 0.0703125 0.00208473
11 0.70459 0.163574 0.0849609 0.0244141 0.00210381
9 0.45459 0.243652 0.0673828 0.15332 0.00211334
9 0.955566 0.646484 0.0888672 0.525391 0.00212669
13 0.163086 0.795898 0.0742188 0.0390625 0.0023098
13 0.798828 0.627441 0.0820312 0.0205078 0.00233459
11 0.37793 0.17041 0.103516 0.0224609 0.0023365
13 0.605957 0.361816 0.0263672 0.0361328 0.00240326
9 0.26123 0.769531 0.256836 0.09375 0.00240707
13 0.589355 0.362793 0.0673828 0.0771484 0.0025177
13 0.658203 0.195312 0.0761719 0.0507812 0.00286484
8 0.833984 0.435547 0.0175781 0.0136719 0.002985
5 0.806152 0.0727539 0.37207 0.141602 0.00299263
11 0.687988 0.170898 0.108398 0.0214844 0.00302124
11 0.62793 0.165039 0.0566406 0.0234375 0.00317764
9 0.834961 0.535645 0.107422 0.12207 0.00325012
9 0.633789 0.461426 0.0820312 0.0830078 0.00325203
11 0.642578 0.186035 0.0703125 0.0361328 0.00344276
7 0.45459 0.243652 0.0673828 0.15332 0.00362968
7 0.833496 0.490234 0.12207 0.244141 0.00415802
11 0.648438 0.168945 0.0800781 0.0273438 0.00426865
9 0.808105 0.547363 0.155273 0.182617 0.0043869
5 0.756348 0.499023 0.272461 0.412109 0.00473785
8 0.637207 0.459473 0.0732422 0.0810547 0.00524139
6 0.266113 0.598633 0.135742 0.140625 0.00545883
5 0.256836 0.663574 0.228516 0.276367 0.00625992
6 0.825684 0.535645 0.125977 0.15332 0.00629044
7 0.266113 0.598633 0.135742 0.140625 0.00684738
13 0.182129 0.784668 0.100586 0.0458984 0.00717163
7 0.633789 0.461426 0.0820312 0.0830078 0.0073204
13 0.777832 0.625488 0.114258 0.0302734 0.00735092
11 0.418945 0.181152 0.107422 0.0322266 0.00904083
11 0.365234 0.178711 0.111328 0.03125 0.00920105
2 0.597656 0.366699 0.0371094 0.0458984 0.0112
7 0.834961 0.535645 0.107422 0.12207 0.0125351
5 0.26416 0.615234 0.15918 0.173828 0.0151901
13 0.160645 0.782715 0.0595703 0.0361328 0.0159454
13 0.289062 0.640625 0.130859 0.0351562 0.0175018
9 0.181641 0.790527 0.0976562 0.0478516 0.0195465
0 0.591309 0.35498 0.0576172 0.0556641 0.0218201
7 0.807129 0.547363 0.157227 0.18457 0.0234222
5 0.811035 0.508301 0.149414 0.225586 0.0259247
9 0.207031 0.78418 0.15625 0.0683594 0.026825
5 0.802246 0.599121 0.180664 0.286133 0.028656
13 0.151367 0.787598 0.0410156 0.0224609 0.0310516
2 0.587891 0.361816 0.0625 0.0673828 0.0612488
2 0.606445 0.363281 0.0273438 0.0351562 0.102051
0 0.576172 0.362305 0.0917969 0.078125 0.279785
