11 0.69043 0.114746 0.0722656 0.0361328 0.000100791
9 0.438965 0.392578 0.0126953 0.00976562 0.000103474
7 0.601562 0.500977 0.318359 0.132812 0.000104725
9 0.737793 0.0307617 0.102539 0.0537109 0.000104785
3 0.999023 0.619141 0.00195312 0.164062 0.000105381
12 0.869629 0.79541 0.260742 0.401367 0.0001055
11 0.378418 0.108887 0.0595703 0.0263672 0.000107408
13 0.397949 0.220215 0.0537109 0.0517578 0.000109076
11 0.681152 0.097168 0.0439453 0.0126953 0.000109076
1 0.864746 0.80957 0.270508 0.380859 0.000112534
8 0.864746 0.80957 0.270508 0.380859 0.000112653
13 0.642578 0.247559 0.0449219 0.112305 0.000114024
8 0.40918 0.213379 0.0234375 0.0185547 0.000115275
8 0.710938 0.233398 0.0117188 0.00976562 0.00011605
2 0.499023 0.405762 0.0273438 0.0283203 0.000117123
3 0.129883 0.44043 0.0761719 0.117188 0.000117242
11 0.694336 0.100586 0.0546875 0.0195312 0.000117302
2 0.864746 0.80957 0.270508 0.380859 0.000117481
8 0.87207 0.275391 0.0371094 0.0488281 0.000117898
2 0.740723 0.131348 0.0751953 0.0673828 0.000118494
11 0.664062 0.115723 0.144531 0.0283203 0.000119448
11 0.864746 0.80957 0.270508 0.380859 0.000119507
1 0.601562 0.500977 0.318359 0.132812 0.000120103
11 0.414062 0.102539 0.107422 0.0214844 0.000120342
7 0.28125 0.462891 0.0957031 0.109375 0.000121653
13 0.510742 0.837891 0.0527344 0.0605469 0.000127316
13 0.601562 0.500977 0.318359 0.132812 0.000128746
13 0.376465 0.443359 0.0947266 0.0449219 0.000128984
8 0.601562 0.500977 0.318359 0.132812 0.000131369
3 0.437012 0.917969 0.401367 0.164062 0.000131726
12 0.740723 0.131348 0.0751953 0.0673828 0.000133753
9 0.206543 0.236328 0.0400391 0.0546875 0.000133872
6 0.059082 0.924805 0.0615234 0.121094 0.000135899
8 0.38916 0.456055 0.0341797 0.0332031 0.00013721
9 0.406738 0.311523 0.114258 0.0585938 0.000137925
0 0.130371 0.938477 0.110352 0.123047 0.000138044
13 0.345703 0.438477 0.152344 0.0742188 0.000138283
11 0.767578 0.15918 0.0449219 0.0410156 0.000146151
8 0.40918 0.366699 0.0117188 0.0107422 0.00014627
13 0.390625 0.453125 0.0566406 0.0410156 0.000147581
9 0.347168 0.398438 0.241211 0.265625 0.000148416
2 0.87207 0.275391 0.0390625 0.0488281 0.000150323
13 0.720215 0.19873 0.0556641 0.0556641 0.000151277
10 0.740234 0.131836 0.078125 0.0664062 0.000152349
13 0.407227 0.312012 0.113281 0.0556641 0.00015676
8 0.378418 0.484863 0.0283203 0.0283203 0.000160098
2 0.601562 0.500977 0.318359 0.132812 0.000164032
13 0.393066 0.217773 0.0986328 0.0898438 0.000168681
8 0.728516 0.225586 0.0078125 0.00585938 0.00016892
13 0.741699 0.137207 0.0751953 0.0595703 0.000169516
11 0.402344 0.110352 0.0507812 0.0175781 0.000171304
11 0.599609 0.501465 0.3125 0.12207 0.000177383
11 0.674805 0.106934 0.0605469 0.0205078 0.000178456
12 0.601562 0.500977 0.318359 0.132812 0.000184417
13 0.659668 0.239258 0.0537109 0.105469 0.000185251
3 0.880371 0.171875 0.239258 0.207031 0.000196934
8 0.618652 0.240234 0.0263672 0.0234375 0.000199199
13 0.295898 0.494629 0.0625 0.0361328 0.000199795
9 0.574707 0.248047 0.0751953 0.0644531 0.000199914
5 0.601562 0.500977 0.318359 0.132812 0.000208139
9 0.729004 0.125977 0.0888672 0.0683594 0.000215769
6 0.313965 0.438477 0.15332 0.164062 0.000216126
7 0.740234 0.131836 0.078125 0.0664062 0.000217915
7 0.870605 0.276855 0.0341797 0.0458984 0.000231504
1 0.740234 0.131836 0.078125 0.0664062 0.000234485
10 0.601562 0.500977 0.318359 0.132812 0.000263929
11 0.42627 0.115723 0.131836 0.0439453 0.000280857
8 0.474609 0.348145 0.0117188 0.00878906 0.000287294
0 0.601562 0.500977 0.318359 0.132812 0.000291824
5 0.313965 0.438477 0.15332 0.164062 0.000328541
2 0.438965 0.392578 0.0126953 0.00976562 0.000341415
11 0.470703 0.119141 0.0390625 0.0253906 0.000347853
9 0.880371 0.308594 0.0634766 0.121094 0.000356913
11 0.59668 0.129883 0.0488281 0.0605469 0.000392675
11 0.422363 0.107422 0.0595703 0.015625 0.000400782
2 0.584473 0.248047 0.0537109 0.0585938 0.000413179
11 0.601562 0.125 0.0429688 0.03125 0.000416517
9 0.20459 0.224609 0.0302734 0.03125 0.000422001
9 0.499023 0.405762 0.0273438 0.0283203 0.000434875
9 0.867188 0.285645 0.0253906 0.0458984 0.000456572
8 0.499512 0.405762 0.0263672 0.0244141 0.000504971
11 0.716797 0.127441 0.123047 0.0947266 0.000515938
2 0.59668 0.248535 0.0253906 0.0341797 0.00056076
9 0.317871 0.44043 0.172852 0.158203 0.000567436
11 0.446777 0.114258 0.0634766 0.0234375 0.000627518
9 0.601562 0.500977 0.318359 0.132812 0.000655174
11 0.629883 0.11084 0.0878906 0.0302734 0.000668526
13 0.683594 0.286621 0.115234 0.114258 0.000671387
11 0.642578 0.104492 0.0703125 0.0214844 0.000683308
9 0.532715 0.353516 0.120117 0.345703 0.000960827
11 0.334473 0.143066 0.0654297 0.0595703 0.000975609
11 0.610352 0.904297 0.078125 0.0371094 0.00101089
8 0.438965 0.392578 0.0126953 0.00976562 0.00108051
7 0.317871 0.44043 0.172852 0.158203 0.00119781
11 0.67627 0.0966797 0.0810547 0.015625 0.00127888
10 0.200195 0.603516 0.0273438 0.03125 0.0014801
11 0.707031 0.105957 0.0625 0.0341797 0.00156784
13 0.654297 0.275879 0.0566406 0.120117 0.00161648
11 0.603027 0.115723 0.0537109 0.0322266 0.00181866
11 0.200195 0.603516 0.0273438 0.03125 0.0020237
11 0.663574 0.101562 0.0732422 0.015625 0.00248337
11 0.376953 0.127441 0.128906 0.0595703 0.00283241
11 0.352051 0.130371 0.0634766 0.0556641 0.00310898
3 0.222656 0.0751953 0.445312 0.150391 0.0042572
11 0.687012 0.113281 0.131836 0.0507812 0.00444794
11 0.757812 0.145996 0.0527344 0.0458984 0.00447464
11 0.419922 0.109863 0.107422 0.0205078 0.00752258
9 0.87207 0.275391 0.0390625 0.0488281 0.0101395
11 0.369629 0.119629 0.0771484 0.0439453 0.0104752
0 0.57373 0.246582 0.0751953 0.0654297 0.0124054
11 0.722656 0.120605 0.078125 0.0595703 0.0182648
11 0.677246 0.103516 0.104492 0.0253906 0.0193176
11 0.396973 0.113281 0.104492 0.03125 0.0280304
11 0.741699 0.131836 0.0732422 0.0644531 0.0447388
3 0.601562 0.50293 0.318359 0.126953 0.118164
