1 0.255371 0.415039 0.366211 0.501953 0.000102043
8 0.862305 0.652344 0.0195312 0.015625 0.000102162
13 0.691895 0.306152 0.0830078 0.0908203 0.000105262
5 0.73584 0.34375 0.213867 0.335938 0.000105619
4 0.559082 0.338379 0.22168 0.194336 0.000105798
7 0.280762 0.226562 0.0673828 0.0800781 0.000106931
13 0.178223 0.355469 0.0341797 0.0195312 0.000109375
8 0.255371 0.415039 0.366211 0.501953 0.000109851
11 0.359863 0.160156 0.0517578 0.0175781 0.000110567
13 0.750977 0.3125 0.0390625 0.0351562 0.000112593
9 0.106934 0.669922 0.0166016 0.015625 0.000112891
10 0.829102 0.710449 0.341797 0.579102 0.000112951
8 0.352539 0.246582 0.0273438 0.0205078 0.00011301
9 0.0424805 0.577637 0.0146484 0.0517578 0.00011313
7 0.245605 0.297852 0.0361328 0.0488281 0.000114262
0 0.483398 0.315918 0.185547 0.19043 0.000115693
11 0.396973 0.191895 0.0283203 0.0908203 0.000116289
13 0.268555 0.0864258 0.287109 0.172852 0.000116348
13 0.333496 0.404785 0.0615234 0.0537109 0.000116646
13 0.6875 0.298828 0.175781 0.183594 0.000117064
12 0.559082 0.338379 0.22168 0.194336 0.000117481
9 0.335938 0.541016 0.0859375 0.162109 0.000117779
9 0.269043 0.632812 0.0908203 0.0371094 0.000117838
8 0.108398 0.669922 0.0175781 0.015625 0.000118017
9 0.759277 0.646973 0.102539 0.0380859 0.000118434
8 0.694336 0.347656 0.0136719 0.0136719 0.000119627
5 0.758301 0.591797 0.208008 0.171875 0.000121593
11 0.618164 0.182129 0.150391 0.0869141 0.000122309
13 0.280273 0.226074 0.0429688 0.0478516 0.000123024
6 0.396973 0.224609 0.0361328 0.146484 0.000123262
9 0.26123 0.63623 0.0185547 0.0185547 0.000124216
9 0.261719 0.247559 0.046875 0.0615234 0.000124693
2 0.263184 0.640625 0.0146484 0.0117188 0.000125051
7 0.615234 0.393555 0.0644531 0.0761719 0.00012958
2 0.232422 0.640137 0.128906 0.0537109 0.0001297
13 0.358887 0.255859 0.155273 0.208984 0.000130177
9 0.230957 0.49707 0.270508 0.277344 0.000131965
9 0.254883 0.269043 0.0644531 0.108398 0.000133991
13 0.73291 0.257812 0.0634766 0.138672 0.000135779
9 0.214355 0.343262 0.0224609 0.0439453 0.000136018
11 0.324219 0.162109 0.0507812 0.0234375 0.000136375
8 0.368652 0.319336 0.0224609 0.015625 0.000137687
7 0.200684 0.664062 0.196289 0.09375 0.000138521
9 0.19873 0.691895 0.241211 0.194336 0.000141025
5 0.166992 0.558594 0.121094 0.138672 0.000145555
10 0.29834 0.172852 0.106445 0.0625 0.000145793
8 0.79834 0.651367 0.0810547 0.0527344 0.000146151
11 0.616699 0.152344 0.120117 0.0253906 0.000146747
11 0.674316 0.179688 0.15918 0.0664062 0.000148058
13 0.399414 0.216309 0.03125 0.0673828 0.000149012
11 0.617188 0.160156 0.0605469 0.0195312 0.000149488
12 0.213379 0.0927734 0.426758 0.185547 0.000149846
9 0.791016 0.653809 0.123047 0.0869141 0.000150681
0 0.605957 0.377441 0.0830078 0.116211 0.000151992
13 0.299805 0.568848 0.126953 0.110352 0.000152588
13 0.22998 0.520508 0.180664 0.0410156 0.000153303
0 0.617676 0.331055 0.0673828 0.142578 0.000153899
13 0.255371 0.259766 0.0419922 0.0585938 0.000154018
13 0.230957 0.540527 0.147461 0.0615234 0.000156522
8 0.240234 0.637695 0.125 0.046875 0.00015676
11 0.390137 0.183594 0.0478516 0.0585938 0.000158429
11 0.348145 0.148926 0.0810547 0.0263672 0.000159025
11 0.354492 0.154785 0.0507812 0.0126953 0.000159264
9 0.226562 0.61084 0.257812 0.137695 0.000159502
7 0.866699 0.647461 0.0283203 0.0214844 0.00015986
0 0.589844 0.373535 0.126953 0.200195 0.000160456
8 0.19043 0.361328 0.0507812 0.0234375 0.000160933
11 0.399414 0.162598 0.0820312 0.0205078 0.000161409
2 0.293945 0.208984 0.0644531 0.0683594 0.000161886
9 0.734863 0.290527 0.0439453 0.112305 0.000164032
13 0.342773 0.264648 0.0644531 0.0488281 0.00016427
8 0.615234 0.393555 0.0644531 0.0761719 0.00016427
1 0.724121 0.269043 0.0458984 0.0849609 0.000165462
13 0.361328 0.313477 0.078125 0.078125 0.000167966
13 0.559082 0.338379 0.22168 0.194336 0.000168085
9 0.800781 0.547363 0.162109 0.235352 0.000169396
3 0.78418 0.374023 0.431641 0.615234 0.000170946
13 0.334961 0.580566 0.0722656 0.0849609 0.000171185
9 0.102539 0.667969 0.03125 0.03125 0.000172973
1 0.29834 0.172852 0.106445 0.0625 0.000174999
2 0.733398 0.295898 0.0527344 0.115234 0.000176072
11 0.572266 0.178711 0.0585938 0.0371094 0.000176191
8 0.702148 0.507324 0.015625 0.0126953 0.000176549
7 0.15918 0.581543 0.105469 0.0888672 0.000178814
8 0.719727 0.342285 0.0136719 0.0126953 0.00018239
12 0.260254 0.332031 0.307617 0.234375 0.000182867
9 0.256836 0.353027 0.179688 0.0693359 0.000184059
13 0.170898 0.606934 0.111328 0.0400391 0.000184774
8 0.72998 0.274902 0.0478516 0.0849609 0.000185132
9 0.615234 0.393555 0.0644531 0.0761719 0.000189781
8 0.288574 0.442871 0.0166016 0.0126953 0.000190973
11 0.373047 0.179688 0.078125 0.0761719 0.000191331
6 0.25293 0.422852 0.359375 0.480469 0.000193477
13 0.399414 0.185059 0.0292969 0.0869141 0.000194192
9 0.216797 0.335938 0.0390625 0.0585938 0.000195384
9 0.111816 0.671387 0.0107422 0.0107422 0.000197887
13 0.25293 0.422852 0.359375 0.480469 0.000198722
8 0.300293 0.364258 0.0244141 0.0195312 0.000200033
0 0.556641 0.290527 0.113281 0.0849609 0.000200629
7 0.396973 0.224609 0.0361328 0.146484 0.000202417
13 0.737305 0.0917969 0.439453 0.183594 0.00020349
9 0.29248 0.210449 0.0693359 0.0732422 0.000204086
13 0.362305 0.265625 0.09375 0.0761719 0.000204682
9 0.0981445 0.658203 0.0361328 0.0625 0.000211835
2 0.39502 0.223145 0.0361328 0.135742 0.00021708
11 0.616699 0.168457 0.0673828 0.0302734 0.000217438
13 0.839844 0.50293 0.0566406 0.0195312 0.000219941
11 0.337891 0.15625 0.0585938 0.0195312 0.000224352
13 0.758789 0.64502 0.117188 0.0537109 0.000225067
9 0.400391 0.238281 0.0507812 0.167969 0.000227213
11 0.232422 0.640137 0.128906 0.0537109 0.000234962
6 0.156738 0.603516 0.0810547 0.0292969 0.000245333
11 0.282227 0.169922 0.0507812 0.0351562 0.00024581
11 0.370605 0.158203 0.118164 0.0410156 0.000247478
13 0.237793 0.560547 0.22168 0.128906 0.000248194
13 0.744141 0.303223 0.046875 0.0751953 0.000249386
2 0.280762 0.226562 0.0673828 0.0800781 0.000252962
2 0.294434 0.183594 0.0791016 0.0664062 0.000255346
13 0.782715 0.65625 0.106445 0.046875 0.000255346
5 0.726074 0.273926 0.0576172 0.0986328 0.000256062
9 0.150391 0.604492 0.0820312 0.0273438 0.000257969
6 0.193848 0.54541 0.176758 0.165039 0.000259876
11 0.651855 0.149414 0.0947266 0.0234375 0.000263929
13 0.374512 0.241699 0.0732422 0.174805 0.000264406
8 0.277344 0.508301 0.015625 0.0146484 0.00026536
10 0.5625 0.331543 0.222656 0.19043 0.000266314
3 0.863281 0.738281 0.273438 0.523438 0.000279427
0 0.516602 0.40625 0.238281 0.306641 0.000283241
7 0.149902 0.604004 0.0771484 0.0283203 0.000286341
13 0.683594 0.270996 0.126953 0.102539 0.000288963
11 0.581543 0.168457 0.0595703 0.0341797 0.000288963
8 0.74707 0.349609 0.015625 0.0136719 0.000296116
9 0.866699 0.647461 0.0283203 0.0214844 0.000298738
11 0.359375 0.167969 0.0683594 0.03125 0.000302076
11 0.396973 0.224609 0.0361328 0.146484 0.000310898
7 0.338379 0.57959 0.0693359 0.0869141 0.000320911
0 0.580078 0.961426 0.226562 0.0771484 0.000337839
13 0.297363 0.179199 0.106445 0.0634766 0.000343323
13 0.210938 0.525879 0.125 0.0244141 0.000352144
6 0.575684 0.604004 0.438477 0.131836 0.000355959
8 0.263184 0.635742 0.0537109 0.0253906 0.000362158
9 0.193848 0.54541 0.176758 0.165039 0.000365019
11 0.0761719 0.753906 0.0292969 0.0332031 0.000370264
4 0.575684 0.604004 0.438477 0.131836 0.000375986
13 0.279785 0.229004 0.104492 0.170898 0.000389576
7 0.255371 0.415039 0.366211 0.501953 0.000397921
9 0.275879 0.230957 0.0615234 0.0771484 0.000401735
9 0.250488 0.291504 0.135742 0.131836 0.000404835
5 0.230957 0.49707 0.270508 0.277344 0.000416994
11 0.726074 0.275391 0.0458984 0.0917969 0.000422239
0 0.57373 0.314453 0.0771484 0.101562 0.000432968
7 0.335938 0.541016 0.0859375 0.162109 0.00043726
9 0.75293 0.446289 0.267578 0.46875 0.000447989
8 0.575684 0.604004 0.438477 0.131836 0.000449896
11 0.09375 0.650391 0.0390625 0.0800781 0.000449896
9 0.396973 0.212402 0.0302734 0.12793 0.00045228
7 0.575684 0.604004 0.438477 0.131836 0.000455141
13 0.575684 0.604004 0.438477 0.131836 0.000488281
1 0.575684 0.604004 0.438477 0.131836 0.000495911
9 0.263184 0.635742 0.0537109 0.0253906 0.000495911
13 0.320801 0.191895 0.139648 0.100586 0.000499725
11 0.379883 0.164551 0.0625 0.0361328 0.000525951
11 0.300293 0.165527 0.0634766 0.0322266 0.000535011
2 0.575684 0.604004 0.438477 0.131836 0.00054884
6 0.723145 0.272461 0.0498047 0.0839844 0.00055027
8 0.75 0.353027 0.00976562 0.00878906 0.000555515
6 0.578125 0.317871 0.134766 0.135742 0.000566959
5 0.237793 0.560547 0.22168 0.128906 0.000576973
11 0.595703 0.161621 0.0625 0.0224609 0.00057888
11 0.575684 0.604004 0.438477 0.131836 0.000579834
11 0.675293 0.158691 0.0966797 0.0361328 0.000580788
12 0.575684 0.604004 0.438477 0.131836 0.000600338
5 0.575684 0.604004 0.438477 0.131836 0.000624657
4 0.578613 0.3125 0.133789 0.125 0.000657082
9 0.241211 0.32959 0.0800781 0.0986328 0.000659466
11 0.283203 0.217285 0.0800781 0.110352 0.000663757
13 0.830078 0.508789 0.0625 0.0332031 0.0006814
11 0.305664 0.188477 0.0722656 0.0644531 0.000695229
9 0.263184 0.640625 0.0146484 0.0117188 0.000717163
10 0.575684 0.604004 0.438477 0.131836 0.000723839
7 0.578613 0.3125 0.133789 0.125 0.000727177
13 0.736816 0.283691 0.106445 0.145508 0.000738621
8 0.26123 0.63623 0.0185547 0.0185547 0.000741482
7 0.724609 0.269531 0.0429688 0.0839844 0.000750542
13 0.723145 0.249023 0.0302734 0.0625 0.000755787
11 0.573242 0.322754 0.142578 0.145508 0.000784397
7 0.222656 0.643066 0.134766 0.0576172 0.000790119
0 0.524414 0.304688 0.201172 0.117188 0.000808239
9 0.521973 0.342773 0.233398 0.197266 0.00082922
9 0.257812 0.310547 0.296875 0.208984 0.000865459
8 0.111816 0.671387 0.0107422 0.0107422 0.000867844
12 0.576172 0.317871 0.140625 0.137695 0.000868797
13 0.761719 0.645996 0.0664062 0.0361328 0.000879288
11 0.371094 0.156738 0.0488281 0.0146484 0.000905037
9 0.792969 0.650391 0.0898438 0.0527344 0.000912666
7 0.186523 0.54834 0.158203 0.163086 0.000934601
5 0.571289 0.32373 0.144531 0.147461 0.000943661
0 0.575684 0.604004 0.438477 0.131836 0.000974178
8 0.29541 0.477051 0.0166016 0.0126953 0.00101376
1 0.57373 0.319336 0.143555 0.140625 0.00102806
13 0.578125 0.317871 0.134766 0.135742 0.00115776
11 0.587402 0.169434 0.0966797 0.0478516 0.0011692
7 0.792969 0.651367 0.0898438 0.0546875 0.00117016
9 0.242188 0.30127 0.0664062 0.0654297 0.00119305
5 0.800781 0.547363 0.162109 0.235352 0.00136948
2 0.573242 0.322754 0.142578 0.145508 0.0014143
10 0.0756836 0.746094 0.0361328 0.0429688 0.00143147
9 0.57373 0.600586 0.426758 0.132812 0.00145912
11 0.310547 0.177734 0.167969 0.0800781 0.00147247
13 0.265137 0.244629 0.0517578 0.0732422 0.00154972
8 0.573242 0.328125 0.144531 0.15625 0.00158882
13 0.714844 0.249023 0.046875 0.0957031 0.00161266
11 0.0776367 0.742676 0.0380859 0.0478516 0.00167179
9 0.490234 0.44873 0.203125 0.446289 0.00175095
10 0.578613 0.3125 0.133789 0.125 0.00179672
11 0.700195 0.174316 0.0878906 0.0517578 0.00203896
13 0.714355 0.285156 0.0751953 0.0996094 0.00205994
13 0.188965 0.36084 0.0517578 0.0224609 0.00213432
11 0.648438 0.165039 0.158203 0.046875 0.00234985
13 0.306152 0.192871 0.0556641 0.0615234 0.0023632
2 0.723145 0.269531 0.0439453 0.0839844 0.00236702
8 0.866699 0.647461 0.0283203 0.0214844 0.00242805
9 0.255371 0.415039 0.366211 0.501953 0.002491
13 0.401855 0.23584 0.0537109 0.172852 0.00260162
9 0.578613 0.3125 0.133789 0.125 0.00271416
5 0.25293 0.422852 0.359375 0.480469 0.00276947
9 0.191895 0.66748 0.208008 0.0986328 0.00307655
9 0.245605 0.298828 0.0400391 0.0488281 0.0033989
5 0.776855 0.45459 0.208008 0.426758 0.00367928
8 0.262695 0.640625 0.0136719 0.0117188 0.00376701
13 0.150391 0.604492 0.0820312 0.0273438 0.00388527
11 0.720215 0.182129 0.0654297 0.0517578 0.00403595
11 0.64502 0.158203 0.118164 0.0253906 0.00458145
11 0.270508 0.180664 0.0761719 0.0546875 0.00505066
9 0.235352 0.634277 0.121094 0.0439453 0.00517273
12 0.255371 0.415039 0.366211 0.501953 0.00527191
9 0.724609 0.268555 0.0449219 0.0839844 0.0052948
11 0.370117 0.156738 0.0898438 0.0185547 0.00559616
3 0.571289 0.32373 0.144531 0.147461 0.00565338
13 0.733887 0.285156 0.0419922 0.0839844 0.00693893
0 0.599609 0.297363 0.0898438 0.0908203 0.00901794
0 0.559082 0.338379 0.22168 0.194336 0.00954437
11 0.612305 0.162109 0.113281 0.0292969 0.0096283
11 0.32666 0.164551 0.129883 0.0419922 0.011467
13 0.396973 0.221191 0.0302734 0.139648 0.0114975
13 0.293945 0.208984 0.0644531 0.0683594 0.0139999
9 0.217773 0.649902 0.144531 0.0654297 0.0149765
11 0.345215 0.15918 0.108398 0.0253906 0.0215149
13 0.280762 0.226074 0.0673828 0.0771484 0.0219727
11 0.293945 0.171387 0.0976562 0.0478516 0.0320129
13 0.724609 0.268555 0.0449219 0.0839844 0.0713501
3 0.575684 0.607422 0.432617 0.126953 0.585938
0 0.578125 0.317871 0.134766 0.135742 0.747559
