11 0.871094 0.994629 0.0507812 0.0107422 0.000101268
9 0.768066 0.118164 0.454102 0.236328 0.000104189
11 0.467773 0.165527 0.0664062 0.0732422 0.000106096
9 0.465332 0.158691 0.0498047 0.0458984 0.000106275
2 0.611328 0.43457 0.03125 0.0332031 0.000106454
11 0.682129 0.160645 0.131836 0.0673828 0.000106692
13 0.403809 0.251953 0.0244141 0.0214844 0.000109196
9 0.185059 0.650391 0.0693359 0.279297 0.000109732
13 0.964844 0.333008 0.0703125 0.439453 0.000110567
6 0.658203 0.428223 0.0449219 0.0341797 0.000112891
7 0.648438 0.388672 0.0742188 0.125 0.000116348
5 0.75 0.393555 0.171875 0.1875 0.000117064
13 0.713379 0.504395 0.0322266 0.0263672 0.000118077
10 0.19873 0.995605 0.0439453 0.00683594 0.000118434
9 0.534668 0.352051 0.163086 0.186523 0.000119746
11 0.722168 0.157227 0.0517578 0.0292969 0.000121832
13 0.37207 0.57959 0.0410156 0.0595703 0.000123262
10 0.216309 0.98584 0.0810547 0.0244141 0.000123382
0 0.493164 0.999512 0.320312 0.000976562 0.000123858
9 0.533691 0.45166 0.188477 0.467773 0.000124454
9 0.349609 0.355469 0.125 0.0957031 0.000124812
13 0.678711 0.333984 0.09375 0.123047 0.000130296
11 0.196289 0.983398 0.0644531 0.0332031 0.00013113
13 0.42627 0.50293 0.0712891 0.0332031 0.000132561
11 0.805664 0.219727 0.0507812 0.0449219 0.000134468
11 0.772461 0.187988 0.0957031 0.0869141 0.000135541
10 0.191895 0.118164 0.383789 0.236328 0.00014019
13 0.359375 0.355469 0.138672 0.0957031 0.000140786
11 0.415039 0.147461 0.142578 0.0410156 0.000141263
9 0.749512 0.490723 0.288086 0.493164 0.000147462
11 0.193359 0.995605 0.0390625 0.00878906 0.000148773
11 0.608398 0.169434 0.0507812 0.0615234 0.000150204
13 0.661621 0.344238 0.0556641 0.0810547 0.000151992
3 0.866211 0.729004 0.267578 0.541992 0.000160813
13 0.411133 0.484863 0.0761719 0.0810547 0.000161052
11 0.644531 0.143555 0.0625 0.015625 0.000163794
0 0.567383 0.319336 0.0957031 0.111328 0.000172019
11 0.431641 0.137207 0.0605469 0.0166016 0.000176072
4 0.658203 0.428711 0.0449219 0.0332031 0.000176787
3 0.856934 0.107422 0.286133 0.214844 0.000178099
7 0.825195 0.121094 0.349609 0.242188 0.000178933
6 0.786621 0.0952148 0.426758 0.19043 0.000180602
11 0.726562 0.173828 0.140625 0.0859375 0.000184655
3 0.191895 0.118164 0.383789 0.236328 0.000195622
11 0.649902 0.153809 0.124023 0.0341797 0.000197172
8 0.776855 0.5625 0.0458984 0.0253906 0.000201106
8 0.306152 0.638672 0.0302734 0.0273438 0.000202894
13 0.781738 0.308105 0.0576172 0.0419922 0.000205517
13 0.786621 0.0952148 0.426758 0.19043 0.000215769
2 0.402832 0.453613 0.0380859 0.0322266 0.00022161
12 0.835449 0.154297 0.329102 0.308594 0.000229955
10 0.196289 0.983398 0.0644531 0.0332031 0.000230551
7 0.61084 0.43457 0.0322266 0.0332031 0.000233054
13 0.658203 0.428223 0.0449219 0.0341797 0.000235081
11 0.370117 0.152832 0.119141 0.0654297 0.000236154
9 0.712402 0.506348 0.0341797 0.0244141 0.000238061
7 0.402832 0.251465 0.0283203 0.0185547 0.000238419
10 0.862305 0.990234 0.0625 0.0175781 0.000251293
11 0.616211 0.153809 0.0527344 0.0322266 0.000257254
8 0.251953 0.560547 0.00976562 0.0078125 0.000271797
11 0.862305 0.990234 0.0625 0.0175781 0.000272512
5 0.749512 0.490723 0.288086 0.493164 0.000275612
2 0.402832 0.251465 0.0263672 0.0166016 0.000282526
11 0.701172 0.144043 0.078125 0.0244141 0.00028491
7 0.712402 0.506348 0.0341797 0.0244141 0.000300646
13 0.375977 0.560547 0.0546875 0.107422 0.000303984
8 0.226074 0.533691 0.0146484 0.0146484 0.000305176
2 0.658203 0.428711 0.0449219 0.0332031 0.00031352
11 0.298828 0.181641 0.0878906 0.0683594 0.00031662
8 0.397949 0.258301 0.0380859 0.0361328 0.00031805
13 0.651367 0.375488 0.0664062 0.135742 0.00032258
11 0.195801 0.990234 0.0517578 0.0175781 0.000328302
11 0.739746 0.164551 0.0869141 0.0517578 0.000336885
9 0.57373 0.606445 0.354492 0.195312 0.000354767
8 0.374023 0.584473 0.0371094 0.0341797 0.000365257
8 0.763672 0.558594 0.0371094 0.0195312 0.000392437
8 0.623535 0.505859 0.0537109 0.0429688 0.000393152
10 0.195801 0.990234 0.0517578 0.0175781 0.000397921
8 0.754883 0.485352 0.0292969 0.0234375 0.000405312
11 0.338867 0.166504 0.130859 0.0791016 0.000482082
12 0.179688 0.111328 0.359375 0.222656 0.000507355
11 0.452637 0.145996 0.0732422 0.0302734 0.000530243
8 0.317871 0.387207 0.0126953 0.0107422 0.000542641
9 0.61084 0.434082 0.0322266 0.0322266 0.000556469
11 0.394043 0.136719 0.0693359 0.015625 0.000642776
11 0.339844 0.155273 0.0664062 0.0429688 0.000722885
11 0.634277 0.148926 0.0771484 0.0244141 0.000734329
9 0.577148 0.327637 0.0820312 0.120117 0.000780106
8 0.768555 0.55957 0.0195312 0.015625 0.000947475
9 0.401855 0.252441 0.0283203 0.0224609 0.000989914
11 0.467285 0.158691 0.0478516 0.0439453 0.00104809
9 0.658203 0.428711 0.0449219 0.0332031 0.00120258
11 0.681152 0.14209 0.0712891 0.0166016 0.00127029
11 0.420898 0.140137 0.0996094 0.0185547 0.00140762
8 0.8125 0.376953 0.0214844 0.0214844 0.00151062
8 0.404785 0.452637 0.0380859 0.0302734 0.00155163
7 0.658203 0.428223 0.0449219 0.0341797 0.00157738
8 0.61084 0.434082 0.0322266 0.0322266 0.00323105
11 0.664062 0.146484 0.109375 0.0195312 0.00339127
11 0.278809 0.194824 0.0673828 0.0595703 0.00410843
11 0.796387 0.208008 0.0537109 0.0488281 0.00471878
11 0.686035 0.149414 0.12207 0.03125 0.00636673
3 0.572754 0.608887 0.348633 0.200195 0.00640869
11 0.38916 0.140137 0.108398 0.0263672 0.0066452
8 0.713867 0.505859 0.0351562 0.0253906 0.00764465
8 0.403809 0.251953 0.0244141 0.0195312 0.00826263
11 0.716797 0.154785 0.0898438 0.0419922 0.0113449
8 0.657715 0.428711 0.0419922 0.0332031 0.0133209
11 0.36377 0.147949 0.0908203 0.0380859 0.0167084
