13 0.265137 0.402344 0.0458984 0.0214844 0.000100732
8 0.500977 0.286621 0.228516 0.192383 0.000101686
9 0.757812 0.0517578 0.484375 0.103516 0.000102103
11 0.562988 0.114746 0.0908203 0.0146484 0.000105977
8 0.178711 0.400391 0.0429688 0.0449219 0.000108838
8 0.251953 0.402344 0.0136719 0.0117188 0.000109553
9 0.147461 0.0869141 0.28125 0.171875 0.000110149
13 0.324707 0.322754 0.0478516 0.0478516 0.000110209
12 0.174316 0.0810547 0.348633 0.162109 0.000110626
7 0.274902 0.500977 0.0927734 0.111328 0.000111282
9 0.256836 0.157715 0.0195312 0.0126953 0.000111282
6 0.959473 0.527344 0.0810547 0.193359 0.000111639
6 0.505859 0.191406 0.0253906 0.046875 0.000111878
3 0.172852 0.09375 0.345703 0.1875 0.000112176
3 0.954102 0.428711 0.0917969 0.216797 0.000112951
9 0.351562 0.539551 0.109375 0.124023 0.000113904
6 0.186523 0.538086 0.224609 0.177734 0.000115216
9 0.731934 0.338379 0.202148 0.291992 0.000116467
13 0.182617 0.41748 0.0136719 0.0107422 0.00011909
13 0.49707 0.300293 0.232422 0.188477 0.000123262
13 0.294922 0.394531 0.0585938 0.0234375 0.000124693
0 0.828125 0.841309 0.34375 0.317383 0.000126123
10 0.954102 0.490723 0.0917969 0.143555 0.000127435
11 0.506348 0.191406 0.0224609 0.0429688 0.000129342
11 0.358398 0.197266 0.0722656 0.167969 0.000132442
13 0.580566 0.219727 0.0673828 0.0625 0.000133157
0 0.487305 0.259277 0.0996094 0.0966797 0.000134826
0 0.568359 0.329102 0.0742188 0.09375 0.000139356
5 0.211426 0.40332 0.280273 0.421875 0.000139832
9 0.42334 0.260254 0.178711 0.176758 0.000141978
3 0.59375 0.805176 0.601562 0.338867 0.000142455
5 0.36084 0.207031 0.0693359 0.152344 0.000144601
11 0.0649414 0.656738 0.0400391 0.0830078 0.000150919
11 0.339844 0.122559 0.0761719 0.0380859 0.000150919
3 0.894531 0.535156 0.191406 0.1875 0.000154495
9 0.719727 0.250488 0.0175781 0.0166016 0.000154853
11 0.508789 0.143555 0.0605469 0.0390625 0.000156164
9 0.969238 0.449219 0.0615234 0.113281 0.000156999
9 0.973633 0.505859 0.0527344 0.130859 0.00015831
13 0.776855 0.46582 0.0634766 0.0195312 0.000163555
13 0.692383 0.227051 0.0410156 0.0380859 0.000164747
8 0.181641 0.406738 0.0214844 0.0302734 0.000165343
10 0.500977 0.286621 0.228516 0.192383 0.000167251
7 0.270508 0.51709 0.0625 0.0654297 0.000169396
3 0.541504 0.53125 0.250977 0.123047 0.000169754
13 0.273438 0.505371 0.0839844 0.0830078 0.000172615
11 0.318848 0.136719 0.110352 0.0390625 0.000175476
9 0.929688 0.493652 0.140625 0.15332 0.000196099
8 0.256836 0.157715 0.0195312 0.0126953 0.000196218
11 0.632324 0.143066 0.0751953 0.0498047 0.000204921
7 0.229004 0.508301 0.163086 0.106445 0.000205278
3 0.941895 0.47998 0.116211 0.151367 0.000205755
11 0.514648 0.123047 0.0566406 0.0253906 0.000205994
13 0.358887 0.197754 0.0693359 0.166992 0.000206351
11 0.574219 0.117188 0.0507812 0.0117188 0.00020647
13 0.301758 0.438965 0.0664062 0.100586 0.000207782
7 0.506348 0.191895 0.0244141 0.0419922 0.00021112
1 0.954102 0.490723 0.0917969 0.143555 0.000217676
8 0.300781 0.443848 0.0742188 0.108398 0.000218272
2 0.953613 0.487793 0.0888672 0.133789 0.000219941
9 0.183105 0.41748 0.0126953 0.0107422 0.000222683
11 0.223633 0.151367 0.0585938 0.0429688 0.000237226
13 0.786133 0.46582 0.0371094 0.015625 0.000241876
7 0.806641 0.577148 0.109375 0.130859 0.000249386
11 0.587891 0.123535 0.09375 0.0322266 0.000253916
3 0.783691 0.162109 0.432617 0.324219 0.000255108
11 0.255371 0.15332 0.0341797 0.0214844 0.000261068
11 0.263184 0.139648 0.104492 0.0390625 0.000268459
13 0.274902 0.397461 0.0751953 0.0292969 0.000275135
11 0.317871 0.117188 0.0712891 0.0195312 0.000293016
13 0.243164 0.467773 0.113281 0.0410156 0.000301123
13 0.959961 0.502441 0.0800781 0.131836 0.00031662
13 0.147461 0.0869141 0.28125 0.171875 0.000316858
7 0.300781 0.44873 0.0683594 0.112305 0.000323057
3 0.500977 0.286621 0.228516 0.192383 0.000327826
4 0.358887 0.197754 0.0693359 0.166992 0.000328779
12 0.954102 0.490723 0.0917969 0.143555 0.000330448
11 0.325195 0.135742 0.0898438 0.0214844 0.000330687
3 0.967773 0.461914 0.0644531 0.123047 0.000338554
4 0.959473 0.526855 0.0810547 0.194336 0.000364542
11 0.239746 0.143555 0.0556641 0.0371094 0.000368357
8 0.36084 0.20752 0.0712891 0.155273 0.000374794
5 0.173828 0.524902 0.199219 0.206055 0.000386953
13 0.263672 0.520996 0.0546875 0.0576172 0.000418663
9 0.180176 0.524902 0.206055 0.208008 0.000420094
11 0.519531 0.145508 0.0664062 0.0234375 0.000426531
11 0.954102 0.490723 0.0917969 0.143555 0.000429392
0 0.434082 0.36377 0.229492 0.297852 0.000430822
6 0.36084 0.197754 0.0693359 0.163086 0.000451803
6 0.522949 0.277344 0.141602 0.128906 0.000474453
11 0.341797 0.115723 0.0585938 0.0205078 0.000475407
4 0.520996 0.276367 0.143555 0.128906 0.000553131
11 0.560059 0.131836 0.131836 0.0332031 0.000581741
7 0.522949 0.277344 0.141602 0.128906 0.000586033
13 0.506836 0.19043 0.0566406 0.0546875 0.000588894
8 0.208984 0.496094 0.0117188 0.0117188 0.000596046
3 0.551758 0.589355 0.474609 0.129883 0.000600338
11 0.314941 0.125488 0.0927734 0.0263672 0.000601768
0 0.519531 0.277344 0.0761719 0.101562 0.000624657
9 0.300781 0.443848 0.0742188 0.108398 0.000638962
12 0.520996 0.276367 0.143555 0.128906 0.000657082
9 0.468262 0.300293 0.268555 0.176758 0.000687122
7 0.173828 0.524902 0.199219 0.206055 0.000697136
2 0.505859 0.191406 0.0253906 0.046875 0.000737667
5 0.518555 0.279297 0.140625 0.132812 0.000801086
11 0.518555 0.279297 0.140625 0.132812 0.000819683
8 0.954102 0.490723 0.0917969 0.143555 0.000854015
1 0.520996 0.276367 0.143555 0.128906 0.000883579
0 0.547852 0.312988 0.113281 0.166992 0.000942707
13 0.520996 0.276367 0.143555 0.128906 0.000986099
12 0.546387 0.536621 0.499023 0.157227 0.00105858
11 0.546387 0.536621 0.499023 0.157227 0.00106621
7 0.546387 0.536621 0.499023 0.157227 0.00107861
1 0.546387 0.536621 0.499023 0.157227 0.001091
8 0.546387 0.536621 0.499023 0.157227 0.00112534
8 0.719727 0.250488 0.0175781 0.0166016 0.0011425
2 0.546387 0.536621 0.499023 0.157227 0.0011797
11 0.291504 0.13623 0.106445 0.0263672 0.00121498
4 0.546387 0.536621 0.499023 0.157227 0.00123596
8 0.52002 0.279785 0.147461 0.133789 0.00125217
6 0.546387 0.536621 0.499023 0.157227 0.0013361
2 0.520996 0.276367 0.143555 0.128906 0.0013628
7 0.954102 0.490723 0.0917969 0.143555 0.00137138
9 0.506836 0.192383 0.0234375 0.0410156 0.00146294
9 0.959473 0.526855 0.0810547 0.194336 0.00156975
10 0.520508 0.282227 0.142578 0.138672 0.00157547
5 0.546387 0.536621 0.499023 0.157227 0.00158501
13 0.546387 0.536621 0.499023 0.157227 0.00159168
13 0.699707 0.218262 0.0283203 0.0244141 0.00159931
11 0.563965 0.121094 0.102539 0.0195312 0.00169468
11 0.520996 0.134277 0.0732422 0.0341797 0.00172901
11 0.658691 0.155762 0.0869141 0.0576172 0.00177097
9 0.546387 0.536621 0.499023 0.157227 0.00200844
0 0.546387 0.536621 0.499023 0.157227 0.0020256
10 0.546387 0.536621 0.499023 0.157227 0.00211334
0 0.518066 0.248535 0.110352 0.0751953 0.00219727
3 0.525879 0.530273 0.520508 0.259766 0.00252151
9 0.522949 0.277344 0.141602 0.128906 0.00255775
8 0.182617 0.41748 0.0136719 0.0107422 0.00391006
9 0.360352 0.204102 0.0683594 0.15625 0.00465012
3 0.522949 0.277344 0.141602 0.128906 0.00506973
9 0.953125 0.475098 0.0878906 0.120117 0.00569153
3 0.959961 0.502441 0.0800781 0.131836 0.00695801
7 0.358887 0.197754 0.0693359 0.166992 0.00858307
0 0.470215 0.29248 0.25293 0.163086 0.0133591
13 0.505859 0.191406 0.0253906 0.046875 0.0194244
0 0.520996 0.276367 0.143555 0.128906 0.706055
3 0.539551 0.541992 0.493164 0.123047 0.764648
