9 0.816406 0.742676 0.107422 0.0908203 0.000507355
13 0.828125 0.754883 0.107422 0.152344 0.000508308
11 0.86084 0.814453 0.0419922 0.0625 0.000510216
0 0.56543 0.282715 0.0625 0.0771484 0.000510693
11 0.379395 0.0932617 0.106445 0.0498047 0.000519753
10 0.866211 0.82666 0.0449219 0.0576172 0.000521183
8 0.278809 0.441406 0.286133 0.533203 0.000522614
11 0.263672 0.746582 0.0664062 0.0498047 0.000525951
9 0.735352 0.273438 0.0976562 0.101562 0.000526428
13 0.711426 0.57373 0.0517578 0.0341797 0.000531673
12 0.213379 0.78125 0.188477 0.123047 0.00053215
9 0.724609 0.317383 0.173828 0.179688 0.00054121
8 0.708984 0.489746 0.320312 0.569336 0.000546455
8 0.254883 0.544434 0.0332031 0.0263672 0.000547886
5 0.56543 0.29541 0.109375 0.114258 0.000548363
13 0.258789 0.75293 0.132812 0.0917969 0.000551224
13 0.694336 0.265137 0.0742188 0.0732422 0.000556946
8 0.146973 0.52002 0.0244141 0.0322266 0.000556946
11 0.5625 0.287598 0.113281 0.0966797 0.000557423
8 0.774414 0.400391 0.0117188 0.00976562 0.000561237
8 0.301758 0.373047 0.0332031 0.0234375 0.00056982
2 0.205078 0.77832 0.183594 0.146484 0.000570297
11 0.308105 0.110352 0.0693359 0.0234375 0.000573635
10 0.857422 0.844727 0.0390625 0.0605469 0.000574112
13 0.722168 0.577637 0.12207 0.0830078 0.000576496
6 0.79834 0.648926 0.155273 0.293945 0.000576496
13 0.379395 0.120117 0.0908203 0.0390625 0.000581741
10 0.722168 0.500977 0.28418 0.544922 0.000581741
13 0.266602 0.541992 0.09375 0.0488281 0.000586033
13 0.32373 0.455566 0.182617 0.362305 0.000588417
3 0.787109 0.711914 0.181641 0.183594 0.000599861
2 0.585938 0.292969 0.0371094 0.0410156 0.000600338
3 0.515625 0.499023 0.183594 0.548828 0.000600815
0 0.576172 0.33252 0.09375 0.18457 0.000600815
8 0.316895 0.501465 0.0302734 0.0185547 0.000601292
8 0.836426 0.651855 0.0205078 0.0166016 0.000604153
7 0.150391 0.771484 0.0683594 0.09375 0.000607967
13 0.29248 0.575195 0.15332 0.105469 0.000614643
7 0.674316 0.34668 0.196289 0.115234 0.000615597
8 0.792969 0.721191 0.154297 0.157227 0.00061655
4 0.789551 0.72168 0.161133 0.15625 0.000617504
2 0.278809 0.441406 0.286133 0.533203 0.000617981
2 0.268555 0.75 0.0644531 0.0507812 0.000620365
11 0.181152 0.811035 0.0498047 0.0556641 0.00062418
0 0.151367 0.804688 0.0742188 0.105469 0.000626087
13 0.776367 0.51416 0.166016 0.432617 0.000636101
9 0.361816 0.695312 0.0634766 0.0273438 0.00064373
5 0.75293 0.536133 0.125 0.302734 0.000644684
8 0.56543 0.29541 0.109375 0.114258 0.000650406
13 0.336914 0.10498 0.0976562 0.0322266 0.000657558
11 0.365723 0.0922852 0.0498047 0.0166016 0.000660419
1 0.221191 0.770996 0.131836 0.0791016 0.000663757
9 0.837891 0.496582 0.015625 0.0166016 0.000665188
5 0.6875 0.347656 0.101562 0.0957031 0.000666618
10 0.15625 0.833984 0.0507812 0.0644531 0.000674725
10 0.682129 0.345703 0.100586 0.09375 0.000675201
0 0.274902 0.751953 0.290039 0.130859 0.000677109
11 0.371582 0.130371 0.0751953 0.0478516 0.000678539
8 0.854492 0.674316 0.0117188 0.0107422 0.0006814
12 0.258301 0.754395 0.145508 0.0947266 0.000683784
13 0.275391 0.664551 0.166016 0.0517578 0.000687122
6 0.267578 0.577637 0.259766 0.250977 0.000691414
11 0.682129 0.141113 0.137695 0.0498047 0.000693798
2 0.306152 0.730957 0.172852 0.0986328 0.000696659
8 0.827148 0.654785 0.03125 0.0244141 0.000700474
0 0.278809 0.441406 0.286133 0.533203 0.000700474
1 0.792969 0.721191 0.154297 0.157227 0.000703812
11 0.626465 0.121094 0.102539 0.0507812 0.000706196
11 0.224121 0.766113 0.100586 0.0576172 0.000716209
13 0.181152 0.279297 0.0224609 0.0585938 0.000718117
8 0.415527 0.599609 0.0283203 0.0234375 0.000721455
11 0.393066 0.0908203 0.0751953 0.0292969 0.000722408
11 0.742188 0.599609 0.25 0.386719 0.000726223
2 0.566406 0.292969 0.107422 0.111328 0.000731468
9 0.523926 0.352539 0.186523 0.257812 0.000732899
13 0.708984 0.328125 0.203125 0.152344 0.000740051
9 0.674805 0.341797 0.197266 0.119141 0.000758648
11 0.26709 0.14209 0.0791016 0.0439453 0.000761509
3 0.274902 0.751953 0.290039 0.130859 0.000767231
10 0.282227 0.811035 0.308594 0.0927734 0.000770092
10 0.836914 0.834473 0.0683594 0.0458984 0.00077343
9 0.163086 0.796387 0.0859375 0.104492 0.000775337
13 0.761719 0.317383 0.148438 0.203125 0.000790119
13 0.722168 0.574707 0.0771484 0.0537109 0.000797272
11 0.862793 0.84082 0.0419922 0.0585938 0.000797749
13 0.679199 0.255859 0.0361328 0.0546875 0.000798225
8 0.76123 0.358398 0.0166016 0.015625 0.000803947
1 0.742188 0.599609 0.25 0.386719 0.000809669
11 0.842285 0.847168 0.0556641 0.0771484 0.000809669
11 0.804688 0.778809 0.144531 0.110352 0.0008111
7 0.84375 0.768066 0.0527344 0.0361328 0.000812531
13 0.302246 0.146484 0.151367 0.0546875 0.000812531
10 0.15918 0.844727 0.0722656 0.105469 0.00082159
13 0.81543 0.768066 0.0722656 0.0419922 0.000825405
9 0.748047 0.399902 0.191406 0.360352 0.000825882
0 0.578125 0.388672 0.0761719 0.0722656 0.000828266
2 0.845703 0.767578 0.0507812 0.0351562 0.000833035
9 0.55127 0.95166 0.206055 0.0908203 0.000849724
13 0.30127 0.634766 0.18457 0.138672 0.000854015
6 0.297363 0.739258 0.27832 0.119141 0.000854492
9 0.84375 0.768066 0.0527344 0.0361328 0.000874519
9 0.560547 0.553711 0.125 0.402344 0.000877857
13 0.648926 0.221191 0.0849609 0.104492 0.000880241
0 0.513672 0.351074 0.214844 0.258789 0.000890732
6 0.845703 0.767578 0.0507812 0.0351562 0.000893593
13 0.15918 0.748535 0.0703125 0.0986328 0.000900269
9 0.835449 0.871094 0.0283203 0.0234375 0.000901222
13 0.302246 0.211426 0.192383 0.202148 0.000903606
5 0.814453 0.750977 0.117188 0.101562 0.000912189
11 0.584961 0.115234 0.0605469 0.0351562 0.000912189
11 0.372559 0.12207 0.116211 0.0722656 0.000921249
11 0.84375 0.768066 0.0527344 0.0361328 0.000923634
10 0.32373 0.732422 0.25293 0.107422 0.000935078
0 0.642578 0.335938 0.222656 0.132812 0.000952721
6 0.733398 0.744141 0.275391 0.140625 0.000959873
10 0.563965 0.295898 0.112305 0.113281 0.000976086
13 0.213379 0.78125 0.188477 0.123047 0.00097847
2 0.15625 0.804199 0.0859375 0.116211 0.00097847
4 0.722168 0.500977 0.28418 0.544922 0.000994682
8 0.786133 0.554199 0.181641 0.442383 0.000999451
12 0.685059 0.34668 0.102539 0.0917969 0.00100136
7 0.785156 0.553223 0.175781 0.422852 0.00100136
10 0.180176 0.823242 0.0966797 0.0820312 0.00100327
5 0.269043 0.620117 0.28418 0.242188 0.00100517
4 0.282227 0.746582 0.287109 0.129883 0.00102329
13 0.708984 0.291992 0.101562 0.103516 0.00103569
2 0.742188 0.599609 0.25 0.386719 0.00104237
10 0.130859 0.810059 0.0507812 0.0634766 0.00104809
13 0.785645 0.774902 0.172852 0.102539 0.00105476
13 0.32373 0.124512 0.12793 0.0712891 0.00106049
13 0.329102 0.168945 0.0917969 0.0996094 0.00106239
11 0.351074 0.103516 0.0615234 0.0234375 0.00107193
9 0.538086 0.650879 0.119141 0.170898 0.00107574
13 0.321777 0.457031 0.0517578 0.0429688 0.00111485
12 0.722168 0.500977 0.28418 0.544922 0.00113487
5 0.752441 0.566406 0.208008 0.1875 0.00113678
11 0.845215 0.807129 0.0712891 0.108398 0.00113773
9 0.267578 0.577637 0.259766 0.250977 0.0011425
0 0.742188 0.599609 0.25 0.386719 0.00114918
9 0.526855 0.783203 0.213867 0.433594 0.00115204
11 0.596191 0.124023 0.0791016 0.0273438 0.00117302
3 0.155762 0.810547 0.0830078 0.117188 0.00118732
7 0.251953 0.76416 0.248047 0.131836 0.00118923
12 0.285156 0.441895 0.300781 0.549805 0.001194
11 0.621582 0.125488 0.0517578 0.0224609 0.00120831
11 0.172852 0.759277 0.111328 0.116211 0.0012207
10 0.180176 0.803711 0.0732422 0.0644531 0.00123692
8 0.246582 0.753418 0.141602 0.0947266 0.00125599
4 0.686523 0.365234 0.125 0.171875 0.00125694
11 0.149902 0.804199 0.0947266 0.174805 0.00125885
2 0.608398 0.504395 0.0332031 0.0322266 0.00128555
8 0.282227 0.746582 0.287109 0.129883 0.00129318
7 0.278809 0.441406 0.286133 0.533203 0.00129318
7 0.366699 0.109863 0.100586 0.0302734 0.00131226
5 0.75 0.413574 0.197266 0.407227 0.00131702
8 0.687012 0.343262 0.0517578 0.0693359 0.00131989
13 0.806641 0.776367 0.119141 0.0625 0.0013485
11 0.835449 0.827148 0.0654297 0.0507812 0.00136948
10 0.83252 0.813965 0.0849609 0.0693359 0.00137901
11 0.356934 0.695801 0.0615234 0.0263672 0.00140381
11 0.68457 0.346191 0.103516 0.0927734 0.00143147
13 0.691406 0.226074 0.175781 0.166992 0.00145626
11 0.352051 0.135742 0.0576172 0.078125 0.00146008
7 0.580566 0.390137 0.0673828 0.0634766 0.00146294
9 0.229004 0.766602 0.100586 0.0644531 0.00146294
8 0.63916 0.23877 0.0185547 0.0166016 0.00149059
8 0.18457 0.494629 0.0429688 0.0322266 0.00149155
7 0.223145 0.767578 0.151367 0.0859375 0.00149441
1 0.213379 0.78125 0.188477 0.123047 0.00150967
11 0.180664 0.796387 0.0722656 0.0654297 0.00152969
9 0.56543 0.29541 0.109375 0.114258 0.0015316
13 0.184082 0.259277 0.0341797 0.0947266 0.00153542
11 0.716797 0.154297 0.101562 0.046875 0.00155163
13 0.844238 0.804688 0.0673828 0.09375 0.0015564
2 0.792969 0.720703 0.144531 0.142578 0.0015707
8 0.803711 0.546875 0.0917969 0.144531 0.00157356
13 0.356934 0.131348 0.0458984 0.0478516 0.00157642
9 0.669434 0.483887 0.375977 0.59668 0.00162601
11 0.377441 0.0874023 0.0693359 0.0146484 0.00165558
13 0.708008 0.55957 0.0800781 0.0664062 0.00168419
6 0.815918 0.741699 0.114258 0.0986328 0.00169373
11 0.378906 0.111816 0.0605469 0.0205078 0.00171852
11 0.23584 0.141602 0.0869141 0.0644531 0.00172234
7 0.156738 0.806152 0.0810547 0.0966797 0.00172615
2 0.586426 0.297852 0.0244141 0.0234375 0.00177193
2 0.22168 0.771484 0.132812 0.078125 0.00183392
11 0.602051 0.114258 0.0771484 0.0234375 0.00187397
8 0.314453 0.500488 0.046875 0.0322266 0.00192928
3 0.56543 0.29541 0.109375 0.114258 0.00197983
8 0.605469 0.502441 0.0332031 0.0263672 0.00198555
7 0.765137 0.674316 0.209961 0.249023 0.00204468
11 0.646973 0.127441 0.116211 0.0283203 0.00207138
5 0.275391 0.312988 0.214844 0.260742 0.00211906
11 0.203125 0.771973 0.197266 0.178711 0.00215149
3 0.278809 0.441406 0.286133 0.533203 0.00217056
10 0.20752 0.771973 0.15332 0.0908203 0.00219917
13 0.222168 0.770996 0.129883 0.0771484 0.00221825
9 0.580566 0.389648 0.0673828 0.0644531 0.00222206
13 0.303223 0.293945 0.151367 0.171875 0.00232506
1 0.156738 0.806152 0.0810547 0.0966797 0.00233078
11 0.253418 0.786621 0.237305 0.0888672 0.0023613
8 0.774414 0.401367 0.0078125 0.0078125 0.00246239
12 0.282227 0.746582 0.287109 0.129883 0.00246811
2 0.272461 0.751953 0.294922 0.173828 0.00248146
13 0.366699 0.109863 0.100586 0.0302734 0.00261497
13 0.731934 0.291016 0.0498047 0.0507812 0.00261688
13 0.725098 0.277344 0.147461 0.201172 0.0026226
6 0.703125 0.475098 0.308594 0.571289 0.00263977
5 0.723633 0.73291 0.28125 0.149414 0.00265503
3 0.73877 0.562012 0.256836 0.436523 0.00268936
13 0.262695 0.237305 0.115234 0.0917969 0.00271797
1 0.282227 0.746582 0.287109 0.129883 0.00280571
9 0.208008 0.778809 0.164062 0.0966797 0.00290298
13 0.708984 0.489746 0.320312 0.569336 0.00295067
11 0.337402 0.0952148 0.100586 0.0322266 0.00320625
11 0.393066 0.121582 0.0810547 0.0380859 0.00328827
2 0.263184 0.75 0.108398 0.0703125 0.00337982
13 0.733398 0.744141 0.275391 0.140625 0.0034008
10 0.163086 0.802734 0.105469 0.173828 0.00351906
13 0.735352 0.273438 0.0976562 0.101562 0.00351906
13 0.168457 0.783203 0.0966797 0.103516 0.0035553
7 0.722168 0.500977 0.28418 0.544922 0.00356483
11 0.203613 0.801758 0.137695 0.0742188 0.00358582
11 0.325195 0.103516 0.0722656 0.0234375 0.00358772
13 0.304688 0.445801 0.332031 0.567383 0.00365448
0 0.536621 0.304199 0.192383 0.135742 0.00369263
10 0.141602 0.783203 0.0683594 0.0859375 0.00378036
8 0.835938 0.658203 0.0253906 0.0253906 0.0039711
13 0.728516 0.298828 0.0351562 0.0292969 0.00402069
5 0.788574 0.591797 0.145508 0.326172 0.00413513
9 0.292969 0.733398 0.146484 0.0957031 0.00426865
13 0.353027 0.12207 0.0888672 0.0527344 0.00449753
9 0.269531 0.746582 0.0898438 0.0654297 0.00469589
9 0.785645 0.643555 0.174805 0.314453 0.00470734
11 0.299316 0.124023 0.166992 0.078125 0.00474167
11 0.306152 0.730957 0.172852 0.0986328 0.00485229
13 0.269043 0.583984 0.250977 0.232422 0.0050087
3 0.683594 0.34668 0.101562 0.09375 0.00517273
11 0.141602 0.831055 0.0488281 0.0566406 0.00524521
7 0.789062 0.724121 0.150391 0.149414 0.00533676
6 0.278809 0.441406 0.286133 0.533203 0.00535965
8 0.837891 0.49707 0.015625 0.015625 0.00543213
11 0.163574 0.833008 0.0830078 0.0878906 0.00547409
7 0.311035 0.73584 0.223633 0.112305 0.00548935
10 0.259766 0.756348 0.291016 0.135742 0.00565338
0 0.685059 0.344727 0.102539 0.0917969 0.00575256
13 0.269043 0.739746 0.290039 0.120117 0.00627518
13 0.837891 0.769043 0.078125 0.0595703 0.00633621
11 0.300293 0.116211 0.118164 0.0390625 0.00653458
1 0.685059 0.346191 0.108398 0.102539 0.0067749
8 0.806152 0.545898 0.0400391 0.0292969 0.0074234
13 0.148438 0.770996 0.0605469 0.0654297 0.00780487
5 0.240234 0.546875 0.210938 0.28125 0.00791931
11 0.364746 0.0932617 0.0869141 0.0224609 0.00792694
11 0.14502 0.783691 0.0693359 0.0947266 0.00819397
2 0.683594 0.34668 0.101562 0.09375 0.0082016
13 0.685547 0.346191 0.0976562 0.0927734 0.008255
6 0.681152 0.344727 0.104492 0.0957031 0.00835419
9 0.508301 0.674316 0.165039 0.31543 0.00894928
9 0.278809 0.441406 0.286133 0.533203 0.00925446
11 0.258789 0.75 0.111328 0.0839844 0.00952148
8 0.580078 0.390625 0.0664062 0.0605469 0.0100784
10 0.852051 0.827148 0.0556641 0.0800781 0.0101166
11 0.347168 0.114746 0.114258 0.0458984 0.012001
6 0.746582 0.599121 0.241211 0.389648 0.0124741
9 0.794434 0.723633 0.143555 0.146484 0.0136871
13 0.350586 0.150391 0.0488281 0.0878906 0.0139847
11 0.621094 0.120605 0.0859375 0.0263672 0.0140152
10 0.181641 0.794434 0.121094 0.0908203 0.014061
2 0.260742 0.753418 0.191406 0.110352 0.0153656
9 0.744141 0.562988 0.244141 0.432617 0.0177307
13 0.749023 0.62793 0.236328 0.332031 0.0178223
11 0.852051 0.82959 0.0478516 0.0693359 0.0191803
9 0.685059 0.347656 0.104492 0.09375 0.0193939
6 0.789062 0.724121 0.150391 0.149414 0.0272827
13 0.807129 0.747559 0.12207 0.0888672 0.030014
9 0.245117 0.758301 0.150391 0.0986328 0.0313416
10 0.851562 0.82959 0.0371094 0.0439453 0.0447083
5 0.765137 0.674316 0.209961 0.249023 0.0481262
10 0.145996 0.820312 0.0458984 0.0566406 0.0513306
11 0.223145 0.767578 0.151367 0.0859375 0.0538635
11 0.321777 0.106445 0.116211 0.0332031 0.0550232
11 0.376465 0.111816 0.0927734 0.0322266 0.0561523
9 0.51416 0.502441 0.176758 0.547852 0.0570374
11 0.274902 0.751953 0.290039 0.130859 0.0584717
11 0.852051 0.831543 0.0341797 0.0400391 0.0603943
4 0.685547 0.34668 0.101562 0.09375 0.0657959
13 0.792969 0.721191 0.154297 0.157227 0.0701904
9 0.275879 0.745117 0.27832 0.130859 0.0806274
7 0.681152 0.344727 0.104492 0.0957031 0.093689
5 0.792969 0.720703 0.144531 0.142578 0.0942383
11 0.167969 0.802246 0.103516 0.100586 0.0974731
13 0.84375 0.768066 0.0527344 0.0361328 0.1073
11 0.36084 0.103027 0.114258 0.0283203 0.113098
10 0.154297 0.812012 0.0742188 0.0888672 0.138306
5 0.277832 0.442871 0.288086 0.530273 0.158813
11 0.150879 0.813477 0.0634766 0.0703125 0.175293
5 0.742188 0.5625 0.25 0.441406 0.207764
0 0.5625 0.287598 0.113281 0.0966797 0.462158
8 0.68457 0.345703 0.101562 0.0957031 0.540039
