13 0.600098 0.338867 0.100586 0.0957031 0.000100911
11 0.919434 0.750977 0.0361328 0.0449219 0.000101388
7 0.600098 0.339355 0.100586 0.0966797 0.000101566
11 0.983398 0.753906 0.0332031 0.0664062 0.000101686
7 0.262207 0.0561523 0.46582 0.112305 0.000103414
7 0.874512 0.550781 0.0283203 0.0351562 0.000103831
9 0.291504 0.722168 0.28418 0.0966797 0.000104189
6 0.846191 0.100586 0.307617 0.201172 0.000105381
3 0.716797 0.849609 0.5625 0.300781 0.000106156
8 0.597168 0.345215 0.106445 0.110352 0.000106514
11 0.42627 0.155762 0.0498047 0.0126953 0.000107408
11 0.413574 0.161133 0.0732422 0.0214844 0.000108004
11 0.702148 0.194336 0.0527344 0.0214844 0.00010848
11 0.445312 0.149414 0.0507812 0.0175781 0.00010854
9 0.751953 0.572754 0.0371094 0.0283203 0.000109434
11 0.990234 0.746582 0.0195312 0.0517578 0.000109494
10 0.323242 0.957031 0.210938 0.0859375 0.00011009
13 0.664551 0.42041 0.0673828 0.0771484 0.000110209
9 0.237305 0.0756836 0.474609 0.147461 0.000110269
11 0.973633 0.747559 0.0488281 0.0419922 0.000112176
11 0.666992 0.195312 0.0488281 0.0195312 0.000115097
2 0.264648 0.0458984 0.414062 0.0917969 0.000115752
11 0.646973 0.179688 0.100586 0.046875 0.000116229
10 0.132324 0.744141 0.0615234 0.0507812 0.000117123
11 0.745117 0.221191 0.0742188 0.0517578 0.000117242
9 0.15625 0.507324 0.0351562 0.0302734 0.000117779
9 0.976074 0.703613 0.0439453 0.100586 0.000118852
11 0.232422 0.56543 0.185547 0.263672 0.000120044
13 0.805664 0.566895 0.142578 0.0302734 0.000121295
11 0.652344 0.155273 0.0234375 0.0117188 0.000121832
10 0.990234 0.990234 0.0195312 0.0175781 0.000122309
10 0.874023 0.74707 0.123047 0.0527344 0.00012362
13 0.232422 0.56543 0.185547 0.263672 0.000123858
11 0.875 0.746582 0.125 0.0537109 0.000123858
11 0.658203 0.164551 0.0820312 0.0244141 0.000124335
7 0.0317383 0.360352 0.0615234 0.175781 0.000124812
8 0.385254 0.286621 0.0517578 0.0380859 0.000125647
5 0.598145 0.343262 0.104492 0.104492 0.000126958
1 0.186035 0.0683594 0.37207 0.136719 0.000126958
11 0.277344 0.681152 0.257812 0.112305 0.000127316
9 0.42041 0.431641 0.0673828 0.0878906 0.000128269
13 0.349609 0.563965 0.0839844 0.0361328 0.00012958
11 0.378418 0.174316 0.0810547 0.0263672 0.000129819
9 0.374512 0.27832 0.0322266 0.0253906 0.000131845
10 0.22168 0.741211 0.181641 0.0449219 0.00013268
11 0.667969 0.201172 0.0253906 0.0136719 0.00013268
11 0.307617 0.208984 0.0585938 0.0488281 0.000132918
8 0.374512 0.27832 0.0322266 0.0253906 0.000135064
9 0.0463867 0.557617 0.0751953 0.166016 0.000136852
4 0.262207 0.0561523 0.46582 0.112305 0.000139117
1 0.232422 0.56543 0.185547 0.263672 0.00014019
11 0.46582 0.143555 0.0449219 0.015625 0.000141263
7 0.855957 0.0576172 0.286133 0.115234 0.000143766
11 0.38916 0.184082 0.161133 0.0439453 0.000144124
8 0.279785 0.61084 0.0478516 0.0419922 0.000144124
11 0.990234 0.990234 0.0195312 0.0175781 0.000144124
11 0.879395 0.537598 0.0244141 0.0224609 0.000144601
10 0.208496 0.090332 0.416992 0.180664 0.000144839
13 0.381348 0.351074 0.0791016 0.0771484 0.000145435
5 0.244629 0.115723 0.489258 0.231445 0.000147343
10 0.0615234 0.36084 0.123047 0.329102 0.000147939
8 0.713867 0.453613 0.015625 0.0146484 0.000149012
11 0.924316 0.736816 0.0888672 0.0791016 0.000151277
11 0.42334 0.180176 0.0595703 0.0244141 0.000152707
9 0.282715 0.28125 0.0341797 0.0488281 0.000153303
9 0.26709 0.602539 0.0517578 0.0410156 0.000156522
9 0.557617 0.36377 0.179688 0.143555 0.000157237
9 0.447266 0.105957 0.0136719 0.0146484 0.000157714
9 0.54541 0.432129 0.198242 0.286133 0.000160456
3 0.840332 0.0610352 0.297852 0.120117 0.000161886
9 0.257324 0.737793 0.21582 0.0537109 0.000164986
7 0.791992 0.500977 0.267578 0.396484 0.000167251
11 0.908691 0.725586 0.0400391 0.0488281 0.000169039
13 0.308594 0.316895 0.0546875 0.0380859 0.000169158
10 0.25293 0.557617 0.236328 0.28125 0.000169635
9 0.0668945 0.49707 0.124023 0.283203 0.000172257
7 0.0219727 0.466309 0.0439453 0.157227 0.000177503
13 0.295898 0.453125 0.0800781 0.0410156 0.000177979
7 0.341309 0.95459 0.118164 0.0849609 0.000179052
10 0.600098 0.339355 0.100586 0.0966797 0.000184059
9 0.385254 0.286621 0.0517578 0.0380859 0.000188708
3 0.604492 0.658203 0.363281 0.105469 0.000190973
2 0.186035 0.0683594 0.37207 0.136719 0.000193715
11 0.645996 0.192383 0.0517578 0.0175781 0.000196576
2 0.75293 0.574707 0.0292969 0.0224609 0.000202179
11 0.132324 0.744141 0.0615234 0.0507812 0.000203967
11 0.600098 0.339355 0.100586 0.0966797 0.000205278
11 0.182129 0.748047 0.110352 0.0390625 0.000207663
12 0.292969 0.435547 0.322266 0.505859 0.000212908
7 0.260254 0.598633 0.118164 0.0839844 0.000215769
13 0.262207 0.0561523 0.46582 0.112305 0.000216126
7 0.42041 0.431641 0.0673828 0.0878906 0.000218272
0 0.60791 0.320312 0.0732422 0.0585938 0.000221372
11 0.756348 0.210449 0.0556641 0.0380859 0.00022459
7 0.84082 0.598633 0.123047 0.140625 0.000225902
8 0.694336 0.242676 0.0175781 0.0146484 0.000226498
8 0.273438 0.606445 0.107422 0.0625 0.000228405
0 0.18457 0.0390625 0.369141 0.078125 0.000229836
11 0.769531 0.217773 0.0761719 0.0625 0.000230432
8 0.186035 0.0683594 0.37207 0.136719 0.000235081
7 0.236816 0.570801 0.125977 0.172852 0.00024271
2 0.600098 0.339355 0.100586 0.0966797 0.000242949
12 0.163086 0.0537109 0.324219 0.107422 0.000244617
7 0.812988 0.661133 0.0361328 0.0292969 0.000245571
13 0.810059 0.39209 0.0673828 0.0283203 0.000251055
10 0.14209 0.755859 0.0380859 0.0507812 0.000252247
11 0.667969 0.200195 0.0800781 0.0175781 0.000253201
8 0.874512 0.55127 0.0283203 0.0302734 0.000254154
11 0.662109 0.176758 0.103516 0.0214844 0.000258923
10 0.914551 0.733398 0.0537109 0.0800781 0.000264406
12 0.761719 0.416504 0.326172 0.518555 0.000264645
13 0.301758 0.576172 0.0664062 0.046875 0.000267982
8 0.419434 0.43457 0.0673828 0.0742188 0.000270128
7 0.601562 0.615234 0.386719 0.132812 0.00027442
0 0.543457 0.412109 0.188477 0.232422 0.000277996
0 0.78418 0.870117 0.431641 0.259766 0.000279665
8 0.232422 0.56543 0.185547 0.263672 0.000281334
6 0.603516 0.616211 0.388672 0.158203 0.000288963
9 0.98291 0.0136719 0.0224609 0.0234375 0.000289202
10 0.18457 0.0390625 0.369141 0.078125 0.000290871
7 0.18457 0.0390625 0.369141 0.078125 0.00029707
11 0.62793 0.1875 0.0664062 0.0253906 0.000300646
5 0.804199 0.104004 0.387695 0.208008 0.000300884
4 0.603516 0.616211 0.388672 0.158203 0.000302553
9 0.812988 0.661133 0.0361328 0.0292969 0.000310898
11 0.449219 0.180176 0.0507812 0.0185547 0.000313997
7 0.266602 0.660645 0.261719 0.143555 0.000317574
9 0.855957 0.0576172 0.286133 0.115234 0.000323057
11 0.683105 0.194336 0.112305 0.0292969 0.000326395
7 0.26709 0.602539 0.0517578 0.0410156 0.000332117
11 0.602539 0.613281 0.380859 0.136719 0.000337839
8 0.603516 0.616211 0.388672 0.158203 0.000351191
1 0.601562 0.615234 0.386719 0.132812 0.000352144
10 0.182129 0.748047 0.110352 0.0390625 0.000361919
13 0.601562 0.615234 0.386719 0.132812 0.000366211
6 0.191895 0.0952148 0.383789 0.19043 0.000370979
11 0.14209 0.755371 0.0400391 0.0517578 0.000374556
11 0.461426 0.155273 0.0576172 0.0253906 0.000387669
11 0.835449 0.223633 0.0498047 0.0351562 0.000398397
2 0.601562 0.615234 0.386719 0.132812 0.000398874
11 0.441895 0.158203 0.0595703 0.015625 0.000417948
12 0.601562 0.615234 0.386719 0.132812 0.000426292
3 0.18457 0.0390625 0.369141 0.078125 0.000447989
9 0.873535 0.552734 0.0263672 0.03125 0.000450373
13 0.325195 0.569824 0.0976562 0.0498047 0.000457525
3 0.59668 0.337891 0.105469 0.09375 0.000469446
11 0.632324 0.192383 0.0849609 0.0449219 0.00048089
11 0.434082 0.171387 0.0830078 0.0302734 0.000494957
8 0.18457 0.0390625 0.369141 0.078125 0.000504971
11 0.46582 0.187012 0.0605469 0.0263672 0.000505924
9 0.597168 0.345215 0.106445 0.110352 0.000507355
9 0.84082 0.56543 0.160156 0.292969 0.000513554
1 0.18457 0.0390625 0.369141 0.078125 0.000540733
5 0.603516 0.616211 0.388672 0.158203 0.000542164
10 0.933105 0.740234 0.0869141 0.0527344 0.000545979
8 0.751953 0.574219 0.03125 0.0253906 0.000554562
11 0.18457 0.0390625 0.369141 0.078125 0.000556469
11 0.938965 0.744141 0.0947266 0.0371094 0.000559807
8 0.697754 0.304688 0.0224609 0.015625 0.000566483
7 0.84082 0.56543 0.160156 0.292969 0.000589371
5 0.236816 0.5625 0.192383 0.261719 0.000596523
13 0.787109 0.577637 0.0722656 0.0283203 0.000601768
11 0.631348 0.167969 0.0751953 0.0292969 0.000603676
10 0.0263672 0.365723 0.0527344 0.168945 0.000618935
4 0.18457 0.0390625 0.369141 0.078125 0.00063467
11 0.340332 0.187012 0.0693359 0.0419922 0.000653267
9 0.878906 0.536133 0.0234375 0.0195312 0.000656128
13 0.191895 0.0952148 0.383789 0.19043 0.000672817
5 0.206055 0.0625 0.394531 0.125 0.000675201
8 0.842773 0.403809 0.0195312 0.0146484 0.000697136
13 0.84082 0.0673828 0.302734 0.132812 0.00071764
10 0.150879 0.73877 0.0673828 0.0693359 0.000732422
6 0.841309 0.0585938 0.276367 0.117188 0.000749588
10 0.602539 0.613281 0.380859 0.136719 0.0007658
9 0.765625 0.435547 0.322266 0.535156 0.000782967
2 0.18457 0.0390625 0.369141 0.078125 0.000798225
4 0.232422 0.56543 0.185547 0.263672 0.000851154
9 0.948242 0.749023 0.0996094 0.0429688 0.000885487
11 0.150879 0.73877 0.0673828 0.0693359 0.000896931
8 0.879883 0.534668 0.0253906 0.0244141 0.000910759
11 0.408203 0.177734 0.117188 0.0273438 0.000927925
9 0.292969 0.435547 0.322266 0.505859 0.000931263
7 0.253418 0.486328 0.262695 0.458984 0.000982285
8 0.26709 0.602539 0.0517578 0.0410156 0.000991821
9 0.0424805 0.568848 0.0517578 0.102539 0.000995636
13 0.18457 0.0390625 0.369141 0.078125 0.00112057
0 0.603516 0.615234 0.382812 0.134766 0.00115585
6 0.232422 0.56543 0.185547 0.263672 0.00118351
6 0.18457 0.0390625 0.369141 0.078125 0.00119686
3 0.0219727 0.371582 0.0439453 0.155273 0.00123024
11 0.461426 0.148926 0.0458984 0.0146484 0.00125313
9 0.266602 0.660645 0.261719 0.143555 0.00134563
11 0.661621 0.185547 0.110352 0.0234375 0.00135612
9 0.602051 0.615723 0.385742 0.131836 0.0013895
11 0.634766 0.158691 0.0625 0.0205078 0.00166702
10 0.914551 0.739258 0.0380859 0.0449219 0.00172234
11 0.916992 0.737793 0.0488281 0.0537109 0.00253296
0 0.566895 0.355957 0.168945 0.131836 0.00259209
11 0.625 0.196777 0.0585938 0.0263672 0.00273514
9 0.232422 0.56543 0.185547 0.263672 0.0031662
11 0.449219 0.179688 0.0839844 0.0273438 0.00419998
5 0.840332 0.0610352 0.297852 0.120117 0.00486374
8 0.813477 0.660645 0.0371094 0.0283203 0.00524521
11 0.646973 0.192383 0.0908203 0.0234375 0.00595474
10 0.147949 0.739258 0.0380859 0.0507812 0.00920868
11 0.147949 0.739258 0.0380859 0.0527344 0.0101776
11 0.322266 0.196777 0.0761719 0.0498047 0.0122452
7 0.232422 0.56543 0.185547 0.263672 0.0144577
0 0.600098 0.339355 0.100586 0.0966797 0.184326
3 0.602539 0.615723 0.386719 0.12793 0.368164
