0 0.649902 0.273926 0.0966797 0.147461 0.00013423
13 0.62793 0.25 0.0429688 0.0507812 0.00013566
0 0.152832 0.734375 0.186523 0.121094 0.000135899
9 0.856445 0.653809 0.160156 0.280273 0.000136018
8 0.262695 0.541504 0.0527344 0.0419922 0.000136614
9 0.0859375 0.775879 0.152344 0.219727 0.000137091
5 0.509766 0.405762 0.294922 0.526367 0.00013721
9 0.166992 0.458008 0.220703 0.486328 0.000137329
2 0.603516 0.310059 0.0625 0.0595703 0.000137806
4 0.584473 0.644531 0.436523 0.226562 0.00013876
9 0.397461 0.0141602 0.0332031 0.0244141 0.000139236
7 0.199707 0.990723 0.0986328 0.0185547 0.000140309
9 0.0639648 0.696777 0.118164 0.233398 0.000142097
7 0.584473 0.644531 0.436523 0.226562 0.000142097
7 0.700684 0.964355 0.282227 0.0712891 0.000142694
9 0.626953 0.964844 0.398438 0.0664062 0.000142813
10 0.916992 0.808105 0.0683594 0.0869141 0.00014317
11 0.269531 0.106445 0.28125 0.117188 0.000144601
11 0.907715 0.779297 0.0791016 0.134766 0.000144839
2 0.877441 0.584961 0.0400391 0.046875 0.000144839
2 0.580566 0.234863 0.0400391 0.0380859 0.000145912
11 0.659668 0.0644531 0.0517578 0.015625 0.000146151
9 0.22168 0.209961 0.443359 0.318359 0.000146508
2 0.420898 0.595703 0.0507812 0.0410156 0.000147939
12 0.118164 0.751953 0.169922 0.142578 0.000148296
9 0.0292969 0.442871 0.0585938 0.651367 0.000148773
9 0.59082 0.250977 0.15625 0.164062 0.000149131
4 0.551758 0.282227 0.244141 0.152344 0.000150204
10 0.207031 0.989746 0.205078 0.0205078 0.000151038
9 0.42041 0.662598 0.241211 0.22168 0.000152707
9 0.839355 0.516113 0.0322266 0.0185547 0.000154614
2 0.878418 0.546875 0.0517578 0.0664062 0.000155091
2 0.224609 0.652832 0.341797 0.291992 0.000156879
0 0.639648 0.285645 0.0488281 0.0615234 0.000158191
11 0.702148 0.0996094 0.169922 0.0859375 0.000158429
8 0.827637 0.500488 0.0576172 0.0498047 0.000160098
2 0.0776367 0.210449 0.0419922 0.0400391 0.000160575
5 0.791016 0.526855 0.203125 0.204102 0.000164747
2 0.839844 0.516113 0.0332031 0.0185547 0.000169396
13 0.339355 0.158203 0.12207 0.132812 0.000169635
7 0.170898 0.980469 0.181641 0.0390625 0.000171304
10 0.224609 0.652832 0.341797 0.291992 0.000171423
9 0.243652 0.557617 0.178711 0.189453 0.000171661
6 0.205078 0.718262 0.316406 0.145508 0.0001719
8 0.452637 0.26123 0.0419922 0.0537109 0.000172377
9 0.0834961 0.217285 0.0498047 0.0537109 0.000172853
9 0.220215 0.91748 0.303711 0.15918 0.000173092
7 0.436523 0.20459 0.0898438 0.208008 0.000173092
2 0.526855 0.268066 0.268555 0.143555 0.000174046
12 0.254395 0.741699 0.401367 0.151367 0.000174761
9 0.890137 0.779785 0.110352 0.112305 0.000175953
13 0.237793 0.52832 0.18457 0.134766 0.000177026
5 0.183594 0.503418 0.189453 0.295898 0.000177622
4 0.224609 0.652832 0.341797 0.291992 0.000180244
2 0.875 0.577637 0.0273438 0.0263672 0.000180483
2 0.131348 0.476562 0.0869141 0.0976562 0.000183225
0 0.179688 0.658691 0.261719 0.28418 0.000183463
0 0.523438 0.428223 0.369141 0.555664 0.000184059
8 0.805664 0.619141 0.0722656 0.0605469 0.000185847
0 0.610352 0.249023 0.0957031 0.0722656 0.000187039
8 0.700684 0.438477 0.0205078 0.0175781 0.000187397
9 0.621094 0.299316 0.162109 0.217773 0.000190377
2 0.862305 0.524902 0.0625 0.0537109 0.000190496
8 0.584473 0.644531 0.436523 0.226562 0.000190973
9 0.0273438 0.656738 0.0546875 0.348633 0.000192285
9 0.579102 0.332031 0.324219 0.255859 0.000194788
11 0.584473 0.644531 0.436523 0.226562 0.000196934
1 0.584473 0.644531 0.436523 0.226562 0.000196934
3 0.817871 0.611328 0.0263672 0.0234375 0.000199556
10 0.541504 0.271484 0.260742 0.144531 0.000202417
7 0.556152 0.271484 0.239258 0.134766 0.000202656
8 0.260254 0.536133 0.151367 0.103516 0.000202656
1 0.224609 0.652832 0.341797 0.291992 0.000203133
9 0.518066 0.170898 0.0341797 0.0546875 0.000203609
8 0.75 0.516602 0.046875 0.0371094 0.000204325
11 0.681152 0.0708008 0.112305 0.0322266 0.000204921
10 0.603027 0.275391 0.125977 0.125 0.000206351
9 0.791992 0.712402 0.138672 0.110352 0.000208974
5 0.839844 0.775391 0.201172 0.125 0.000209332
13 0.312012 0.248535 0.241211 0.286133 0.000209451
9 0.751465 0.256348 0.389648 0.305664 0.000211716
8 0.224609 0.652832 0.341797 0.291992 0.000218511
11 0.224609 0.652832 0.341797 0.291992 0.000221968
9 0.53125 0.0307617 0.382812 0.0595703 0.000222683
9 0.588379 0.580078 0.508789 0.449219 0.000224948
9 0.256836 0.522461 0.136719 0.0917969 0.000225425
2 0.617188 0.268066 0.0507812 0.0693359 0.00022769
2 0.584473 0.644531 0.436523 0.226562 0.000229239
7 0.196289 0.989746 0.205078 0.0205078 0.000232458
9 0.390137 0.0195312 0.0341797 0.0195312 0.000232816
9 0.207031 0.700684 0.134766 0.0634766 0.000234008
9 0.125 0.60791 0.154297 0.270508 0.000240088
9 0.452637 0.257324 0.166992 0.198242 0.000240326
5 0.231445 0.363281 0.121094 0.117188 0.000245571
5 0.734375 0.341309 0.271484 0.364258 0.000248432
9 0.436035 0.223145 0.0869141 0.18457 0.000251055
11 0.770508 0.410156 0.333984 0.673828 0.000253677
11 0.924316 0.813965 0.0361328 0.0517578 0.000261545
9 0.866699 0.749023 0.15332 0.179688 0.000261545
13 0.531738 0.284668 0.297852 0.24707 0.000262022
4 0.603027 0.275391 0.125977 0.125 0.000262737
11 0.137207 0.989746 0.112305 0.0205078 0.00026989
5 0.767578 0.473633 0.21875 0.376953 0.000271559
5 0.258301 0.51709 0.135742 0.0908203 0.000273705
8 0.87207 0.577637 0.0410156 0.0380859 0.000273943
11 0.262207 0.103516 0.12207 0.0917969 0.00027585
2 0.59082 0.305176 0.109375 0.104492 0.000278234
5 0.603516 0.271484 0.117188 0.113281 0.000278711
11 0.31543 0.0942383 0.150391 0.0966797 0.000281334
13 0.341797 0.304199 0.126953 0.139648 0.000286341
0 0.584473 0.644531 0.436523 0.226562 0.000288248
6 0.603516 0.271484 0.117188 0.113281 0.000289917
13 0.756348 0.325684 0.0654297 0.0537109 0.000294685
4 0.770508 0.410156 0.333984 0.673828 0.000315666
9 0.365234 0.727539 0.638672 0.205078 0.000319958
13 0.22998 0.606445 0.321289 0.333984 0.000321865
5 0.541504 0.271484 0.260742 0.144531 0.000321865
6 0.556152 0.271484 0.239258 0.134766 0.000323296
13 0.775879 0.245117 0.0595703 0.0644531 0.000323296
2 0.599609 0.3125 0.0136719 0.0117188 0.000323772
11 0.626953 0.0786133 0.0898438 0.0380859 0.000324011
9 0.225586 0.825684 0.355469 0.290039 0.000328064
12 0.584473 0.644531 0.436523 0.226562 0.000329018
7 0.604492 0.266113 0.109375 0.0947266 0.000339985
5 0.248047 0.423828 0.263672 0.392578 0.0003438
3 0.25293 0.65332 0.384766 0.291016 0.0003438
1 0.770508 0.410156 0.333984 0.673828 0.000349283
9 0.17041 0.950195 0.204102 0.0996094 0.000353098
2 0.150391 0.733887 0.173828 0.112305 0.000355482
11 0.759766 0.107422 0.117188 0.0878906 0.000362158
7 0.818848 0.611328 0.0283203 0.0253906 0.000362158
5 0.839355 0.591797 0.155273 0.228516 0.000369549
11 0.149414 0.980469 0.144531 0.0390625 0.000370264
2 0.653809 0.274414 0.0654297 0.0859375 0.000372887
11 0.437988 0.0844727 0.0732422 0.0498047 0.000372887
4 0.205078 0.718262 0.316406 0.145508 0.000377417
11 0.686523 0.081543 0.103516 0.0224609 0.000386
8 0.874512 0.57959 0.0263672 0.0244141 0.000386953
11 0.344238 0.0874023 0.178711 0.0556641 0.000387669
8 0.770508 0.410156 0.333984 0.673828 0.000389338
5 0.241211 0.513672 0.193359 0.158203 0.00039053
5 0.837402 0.677246 0.18457 0.225586 0.000394583
5 0.22168 0.209961 0.443359 0.318359 0.000402689
10 0.133789 0.961426 0.111328 0.0771484 0.000402927
3 0.525879 0.0200195 0.364258 0.0380859 0.000404119
3 0.789062 0.587402 0.275391 0.397461 0.000405788
13 0.205078 0.718262 0.316406 0.145508 0.000407934
10 0.584473 0.644531 0.436523 0.226562 0.000408888
9 0.628418 0.287109 0.102539 0.154297 0.000412941
1 0.205078 0.718262 0.316406 0.145508 0.00041604
9 0.758789 0.0292969 0.117188 0.0566406 0.000427485
11 0.619141 0.0947266 0.0703125 0.0429688 0.000436544
9 0.470215 0.442383 0.516602 0.673828 0.000439405
9 0.081543 0.614746 0.163086 0.43457 0.000441313
2 0.770508 0.410156 0.333984 0.673828 0.000444412
0 0.563965 0.243652 0.178711 0.114258 0.000454187
9 0.842285 0.803711 0.206055 0.144531 0.000454187
9 0.786621 0.709473 0.28418 0.188477 0.000459433
10 0.20752 0.972168 0.260742 0.0537109 0.000459433
13 0.639648 0.253906 0.0976562 0.113281 0.000460386
11 0.137695 0.749023 0.193359 0.148438 0.000461578
2 0.646484 0.269531 0.0390625 0.0644531 0.000463724
11 0.253906 0.403809 0.365234 0.666992 0.00047493
12 0.535645 0.277344 0.268555 0.15625 0.000476122
10 0.770508 0.410156 0.333984 0.673828 0.000478506
8 0.67627 0.375488 0.0263672 0.0205078 0.000480652
5 0.266602 0.703613 0.404297 0.129883 0.000486851
3 0.541504 0.271484 0.260742 0.144531 0.000490189
9 0.270508 0.69873 0.169922 0.0673828 0.000492096
2 0.818848 0.611816 0.0283203 0.0224609 0.00049448
1 0.556152 0.271484 0.239258 0.134766 0.000495911
9 0.0717773 0.204102 0.0400391 0.0351562 0.000498772
9 0.183105 0.768066 0.256836 0.172852 0.000500202
6 0.25293 0.65332 0.384766 0.291016 0.000501156
9 0.235352 0.55957 0.289062 0.306641 0.000507832
2 0.639648 0.239746 0.0429688 0.0439453 0.000513077
2 0.83252 0.509766 0.0380859 0.0332031 0.000516415
9 0.475098 0.304688 0.25293 0.263672 0.000517368
4 0.253906 0.403809 0.365234 0.666992 0.000519276
0 0.756348 0.432129 0.370117 0.750977 0.000524521
7 0.151367 0.734375 0.173828 0.113281 0.000525951
2 0.879395 0.567383 0.0439453 0.0488281 0.000535965
13 0.621094 0.299316 0.162109 0.217773 0.000550747
2 0.57959 0.241211 0.0576172 0.0625 0.000554085
12 0.60791 0.268555 0.116211 0.113281 0.000559807
9 0.744629 0.872559 0.411133 0.219727 0.000584602
3 0.510254 0.967773 0.532227 0.0644531 0.000587463
0 0.253906 0.403809 0.365234 0.666992 0.000606537
5 0.584473 0.644531 0.436523 0.226562 0.000611305
8 0.205078 0.718262 0.316406 0.145508 0.000613689
7 0.224609 0.652832 0.341797 0.291992 0.000621796
11 0.629883 0.267578 0.0644531 0.09375 0.000623226
5 0.240723 0.359863 0.196289 0.202148 0.00062418
11 0.759766 0.102539 0.0703125 0.0605469 0.000629902
1 0.253906 0.403809 0.365234 0.666992 0.000646114
10 0.165527 0.729492 0.249023 0.150391 0.000648499
8 0.253906 0.403809 0.365234 0.666992 0.000669003
0 0.224609 0.723633 0.355469 0.146484 0.000676632
11 0.416992 0.0722656 0.09375 0.0332031 0.000685215
1 0.603516 0.271484 0.117188 0.113281 0.000703812
11 0.649414 0.0688477 0.0996094 0.0224609 0.000710011
8 0.632812 0.266602 0.0566406 0.0898438 0.000723839
2 0.253906 0.403809 0.365234 0.666992 0.000725746
8 0.556152 0.271484 0.239258 0.134766 0.000733376
9 0.703613 0.943359 0.333008 0.109375 0.000752926
3 0.224609 0.723633 0.355469 0.146484 0.0007658
2 0.639648 0.253906 0.0976562 0.113281 0.000766754
9 0.114746 0.703613 0.149414 0.180664 0.000769615
9 0.789062 0.587402 0.275391 0.397461 0.000785828
9 0.818848 0.611816 0.0283203 0.0224609 0.000793934
8 0.725098 0.491211 0.0244141 0.0195312 0.000823975
7 0.770508 0.410156 0.333984 0.673828 0.000827312
10 0.253906 0.403809 0.365234 0.666992 0.000834942
10 0.922852 0.814453 0.0449219 0.0566406 0.000841618
5 0.257812 0.576172 0.1875 0.199219 0.000860691
3 0.541992 0.981934 0.443359 0.0341797 0.000871658
3 0.603027 0.275391 0.125977 0.125 0.000889778
12 0.224609 0.652832 0.341797 0.291992 0.000893593
5 0.761719 0.651367 0.339844 0.332031 0.000896931
8 0.0708008 0.207031 0.0224609 0.0234375 0.000899315
9 0.290039 0.682129 0.431641 0.143555 0.00090313
2 0.452148 0.261719 0.0390625 0.0507812 0.000919819
2 0.135254 0.469238 0.0439453 0.0439453 0.000931263
2 0.583008 0.249512 0.119141 0.110352 0.00094223
9 0.632812 0.266602 0.0566406 0.0898438 0.000967026
11 0.556152 0.271484 0.239258 0.134766 0.000976562
11 0.313477 0.0825195 0.0898438 0.0498047 0.000984192
13 0.768555 0.45166 0.318359 0.682617 0.00100613
2 0.623535 0.295898 0.0712891 0.0976562 0.00101471
11 0.92041 0.808105 0.0517578 0.0830078 0.00101948
12 0.757324 0.448242 0.321289 0.693359 0.00103664
11 0.665039 0.0805664 0.119141 0.0361328 0.00108051
2 0.0693359 0.206543 0.0292969 0.0283203 0.00110054
5 0.796875 0.725098 0.287109 0.178711 0.0011158
5 0.77832 0.255859 0.398438 0.335938 0.00112343
9 0.401367 0.410645 0.216797 0.672852 0.00112724
0 0.621094 0.299316 0.162109 0.217773 0.00117111
9 0.451172 0.260254 0.0351562 0.0419922 0.00121403
10 0.220215 0.91748 0.303711 0.15918 0.00121403
9 0.786621 0.772461 0.31543 0.126953 0.00123978
11 0.412109 0.0668945 0.0703125 0.0166016 0.00124836
10 0.137207 0.989746 0.112305 0.0205078 0.00127602
9 0.584473 0.644531 0.436523 0.226562 0.00127697
7 0.253906 0.403809 0.365234 0.666992 0.00132465
11 0.361328 0.0751953 0.126953 0.0292969 0.00136948
11 0.73291 0.0952148 0.110352 0.0595703 0.00138283
11 0.205078 0.718262 0.316406 0.145508 0.00144958
2 0.617676 0.249512 0.0732422 0.0771484 0.00149059
3 0.588379 0.580078 0.508789 0.449219 0.00152683
11 0.388672 0.0678711 0.0976562 0.0224609 0.00152969
9 0.286133 0.703125 0.310547 0.0859375 0.00162506
2 0.225586 0.722656 0.337891 0.132812 0.001647
11 0.694824 0.0898438 0.143555 0.0410156 0.0018034
3 0.770508 0.410156 0.333984 0.673828 0.0018034
8 0.835449 0.511719 0.0361328 0.0273438 0.00180531
8 0.8125 0.612305 0.0449219 0.0332031 0.00181198
9 0.208496 0.708496 0.172852 0.110352 0.0018158
9 0.164551 0.673828 0.239258 0.226562 0.00187778
13 0.253906 0.403809 0.365234 0.666992 0.00195694
7 0.205078 0.718262 0.316406 0.145508 0.00220299
9 0.25293 0.65332 0.384766 0.291016 0.00221443
12 0.168945 0.722656 0.226562 0.132812 0.00240517
3 0.253906 0.403809 0.365234 0.666992 0.00248528
12 0.253906 0.403809 0.365234 0.666992 0.00256348
9 0.535645 0.277344 0.268555 0.15625 0.00269508
5 0.256836 0.563965 0.291016 0.286133 0.00273514
13 0.635742 0.268555 0.0585938 0.09375 0.00293159
6 0.768555 0.45166 0.318359 0.682617 0.00293541
2 0.592773 0.289551 0.152344 0.176758 0.00301933
9 0.50293 0.405762 0.28125 0.553711 0.00316238
9 0.163574 0.728027 0.108398 0.0849609 0.00318909
0 0.520508 0.338379 0.277344 0.311523 0.0035038
10 0.149414 0.980469 0.144531 0.0390625 0.00351715
2 0.640625 0.287109 0.0371094 0.0585938 0.00380516
2 0.62793 0.25 0.0429688 0.0507812 0.00396347
13 0.556152 0.271484 0.239258 0.134766 0.00402832
11 0.60791 0.270508 0.12207 0.111328 0.00406265
0 0.629395 0.26709 0.0654297 0.0966797 0.00421906
6 0.253906 0.403809 0.365234 0.666992 0.00431061
9 0.0703125 0.20752 0.0214844 0.0224609 0.00481415
9 0.604004 0.26709 0.114258 0.0986328 0.00501251
10 0.17041 0.950195 0.204102 0.0996094 0.00516129
9 0.253906 0.403809 0.365234 0.666992 0.00530243
9 0.756348 0.432129 0.370117 0.750977 0.00543594
5 0.816895 0.556641 0.206055 0.388672 0.00617218
8 0.612305 0.274414 0.111328 0.119141 0.00622177
11 0.396973 0.0634766 0.0673828 0.0136719 0.00666428
5 0.25293 0.65332 0.384766 0.291016 0.00824738
11 0.291016 0.0932617 0.0957031 0.0673828 0.0126572
13 0.60791 0.270508 0.12207 0.111328 0.0128403
8 0.818848 0.611816 0.0283203 0.0224609 0.0302582
9 0.157715 0.730957 0.18457 0.116211 0.0324402
2 0.632812 0.266602 0.0566406 0.0898438 0.0395813
3 0.584473 0.644531 0.436523 0.226562 0.0498047
5 0.768555 0.45166 0.318359 0.682617 0.0879517
5 0.253906 0.403809 0.365234 0.666992 0.115906
0 0.541504 0.271484 0.260742 0.144531 0.121399
0 0.601074 0.275391 0.12793 0.126953 0.154175
9 0.224609 0.723633 0.355469 0.146484 0.175049
2 0.61084 0.270996 0.106445 0.112305 0.190918
