8 0.369141 0.151367 0.0273438 0.0136719 0.000101268
8 0.662598 0.856934 0.53418 0.286133 0.000102878
8 0.325684 0.254395 0.0380859 0.0380859 0.000103295
13 0.375 0.271973 0.0625 0.0810547 0.000107527
1 0.981934 0.151855 0.0361328 0.0888672 0.000109076
9 0.282715 0.538086 0.211914 0.171875 0.000109434
11 0.98877 0.187988 0.0224609 0.0751953 0.000109613
8 0.278809 0.379883 0.0166016 0.0136719 0.000110567
8 0.0893555 0.307617 0.0244141 0.0234375 0.000111639
5 0.199219 0.603027 0.167969 0.209961 0.000112176
13 0.200195 0.311035 0.0410156 0.0166016 0.000112176
13 0.65918 0.325684 0.0859375 0.135742 0.000113547
8 0.861328 0.554688 0.0117188 0.0117188 0.000114083
13 0.219727 0.316406 0.078125 0.0332031 0.000114799
8 0.295898 0.476074 0.0253906 0.0166016 0.000115812
10 0.88916 0.991699 0.0576172 0.0166016 0.000117719
11 0.36084 0.133301 0.0712891 0.0263672 0.000119865
5 0.775391 0.462402 0.240234 0.266602 0.000121176
13 0.70459 0.334961 0.0732422 0.144531 0.000122309
11 0.66748 0.108398 0.135742 0.0449219 0.000122547
9 0.750488 0.428223 0.151367 0.0380859 0.000122786
7 0.992676 0.158203 0.0146484 0.0664062 0.000124454
0 0.663574 0.880371 0.493164 0.239258 0.000125647
10 0.985352 0.140137 0.0292969 0.104492 0.000127196
13 0.754883 0.453613 0.140625 0.0615234 0.000127792
8 0.431152 0.368652 0.0400391 0.0205078 0.000133634
9 0.694336 0.483887 0.0605469 0.0576172 0.000133872
11 0.976562 0.15332 0.046875 0.148438 0.000134945
13 0.29541 0.417969 0.262695 0.425781 0.000138879
3 0.568359 0.279297 0.109375 0.115234 0.000139952
3 0.23877 0.509277 0.223633 0.28418 0.00014329
11 0.976074 0.228516 0.0478516 0.216797 0.000145197
11 0.374512 0.145508 0.116211 0.0371094 0.000153899
13 0.993164 0.146973 0.0136719 0.0849609 0.000154853
13 0.316895 0.42041 0.12207 0.0869141 0.000157952
5 0.276855 0.518555 0.114258 0.109375 0.000158072
13 0.311035 0.242676 0.0498047 0.0498047 0.000158429
13 0.608887 0.302246 0.135742 0.165039 0.000160456
9 0.976562 0.179688 0.046875 0.15625 0.000160933
11 0.405762 0.125977 0.0673828 0.0214844 0.000162721
8 0.765137 0.440918 0.0146484 0.0126953 0.000164151
11 0.628418 0.144531 0.0810547 0.0371094 0.000174761
7 0.327637 0.577637 0.102539 0.0751953 0.000175476
13 0.265137 0.510254 0.0693359 0.0263672 0.000177503
9 0.781738 0.444824 0.323242 0.551758 0.000178695
1 0.98584 0.162109 0.0244141 0.0566406 0.000179529
6 0.336914 0.27002 0.0742188 0.0751953 0.00018239
12 0.984863 0.151367 0.0283203 0.0820312 0.000187397
3 0.718262 0.830078 0.563477 0.296875 0.000188351
7 0.339355 0.268555 0.0712891 0.0703125 0.000189304
11 0.420898 0.14502 0.0527344 0.0302734 0.000189543
13 0.69873 0.288574 0.0869141 0.0849609 0.000190258
5 0.845215 0.603516 0.129883 0.193359 0.000190377
2 0.98584 0.193359 0.0283203 0.103516 0.000190973
5 0.766602 0.480469 0.314453 0.46875 0.000192642
9 0.993164 0.187012 0.0136719 0.0771484 0.000193
11 0.630371 0.147949 0.0263672 0.0166016 0.000193596
11 0.610352 0.129883 0.0996094 0.0625 0.000194669
0 0.580566 0.28125 0.202148 0.164062 0.000197291
11 0.316895 0.131836 0.0654297 0.0253906 0.000197411
8 0.37207 0.543457 0.0136719 0.0126953 0.000198364
13 0.306152 0.268066 0.0908203 0.0810547 0.000199914
7 0.984375 0.208496 0.03125 0.166992 0.000201225
8 0.682129 0.615723 0.0166016 0.0185547 0.000201583
13 0.98877 0.187988 0.0224609 0.0751953 0.000203967
7 0.327637 0.255371 0.0419922 0.0419922 0.000205398
2 0.327637 0.255371 0.0419922 0.0419922 0.000206947
8 0.34082 0.258789 0.0664062 0.0507812 0.000207305
8 0.304688 0.480957 0.0117188 0.0126953 0.0002141
8 0.987305 0.183594 0.0253906 0.0722656 0.0002141
5 0.295898 0.442871 0.1875 0.223633 0.000217676
8 0.62793 0.241211 0.0332031 0.0253906 0.00021863
9 0.992676 0.158203 0.0146484 0.0664062 0.000226021
11 0.595215 0.148926 0.0693359 0.0830078 0.000228882
9 1 0.473145 0 0.545898 0.000241518
13 0.733887 0.459473 0.0693359 0.0478516 0.000246048
8 0.619141 0.241211 0.0195312 0.0195312 0.000246525
11 0.902344 0.188477 0.03125 0.0175781 0.000247478
3 0.0556641 0.858398 0.111328 0.175781 0.000255823
11 0.875488 0.990234 0.0576172 0.0195312 0.000258684
9 0.589844 0.598633 0.378906 0.177734 0.000259161
9 0.549805 0.322754 0.140625 0.233398 0.000259638
8 0.287598 0.472656 0.0126953 0.0117188 0.000261307
9 0.214844 0.55957 0.132812 0.140625 0.000264883
13 0.777832 0.414551 0.178711 0.0458984 0.000269413
8 0.260254 0.465332 0.0107422 0.00878906 0.000276566
2 0.339355 0.268555 0.0712891 0.0703125 0.00027895
2 0.992676 0.164551 0.0146484 0.0478516 0.000283718
11 0.680176 0.106934 0.0751953 0.0166016 0.000288248
13 0.369629 0.288574 0.110352 0.0888672 0.000291586
10 0.876465 0.98584 0.0654297 0.0263672 0.00029397
11 0.366211 0.114746 0.105469 0.0244141 0.000296116
13 0.325195 0.243164 0.0761719 0.0800781 0.000301361
11 0.769531 0.152344 0.0546875 0.046875 0.000306845
13 0.367188 0.296875 0.0292969 0.0625 0.000316143
5 0.185547 0.550293 0.119141 0.196289 0.000320435
7 0.98584 0.182129 0.0283203 0.0712891 0.00033164
9 0.830566 0.522461 0.166992 0.314453 0.000334263
11 0.368652 0.152344 0.0146484 0.0117188 0.000336885
8 0.984863 0.151367 0.0283203 0.0820312 0.00033927
8 0.349609 0.496094 0.015625 0.0117188 0.000349283
11 0.651855 0.101562 0.0888672 0.015625 0.000350714
8 0.355957 0.591309 0.0341797 0.0419922 0.000353575
8 0.847168 0.591309 0.00878906 0.0107422 0.000362635
7 0.228516 0.555664 0.158203 0.173828 0.000378132
13 0.330078 0.268555 0.132812 0.130859 0.000380754
10 0.0991211 0.75 0.0341797 0.0488281 0.000386715
11 0.367676 0.117676 0.0712891 0.0166016 0.00041151
2 0.981934 0.151855 0.0361328 0.0888672 0.000412226
8 0.470703 0.366699 0.0253906 0.0283203 0.000416994
11 0.322266 0.143066 0.185547 0.0751953 0.000419617
13 0.678223 0.255859 0.0595703 0.0957031 0.000422478
9 0.0952148 0.0913086 0.0908203 0.0693359 0.000432014
2 0.470703 0.367188 0.0253906 0.03125 0.00043273
13 0.75 0.431641 0.146484 0.0429688 0.000459433
11 0.0991211 0.749023 0.0341797 0.0546875 0.00046587
11 0.694336 0.11377 0.0898438 0.0322266 0.000480652
13 0.813965 0.413574 0.104492 0.0283203 0.000484705
9 0.986816 0.146973 0.0263672 0.0869141 0.000490189
9 0.342773 0.264648 0.0722656 0.0605469 0.000501633
9 0.568359 0.279297 0.109375 0.115234 0.000507832
5 0.277832 0.546875 0.166992 0.152344 0.0005126
11 0.59668 0.119629 0.078125 0.0380859 0.00052309
9 0.115723 0.104004 0.231445 0.204102 0.000526428
8 0.369141 0.152832 0.0136719 0.0126953 0.000539303
9 0.262207 0.446289 0.264648 0.40625 0.00053978
13 0.984375 0.152832 0.0292969 0.0908203 0.000549316
2 0.983398 0.227051 0.0332031 0.200195 0.000572681
13 0.983398 0.227051 0.0332031 0.200195 0.000588894
13 0.314941 0.245117 0.0322266 0.0332031 0.000592232
13 0.23877 0.536621 0.170898 0.192383 0.000600338
7 0.984863 0.151367 0.0283203 0.0820312 0.000638485
11 0.642578 0.123047 0.121094 0.0351562 0.000667572
9 0.325684 0.254395 0.0380859 0.0380859 0.000688076
11 0.256348 0.165039 0.0791016 0.0664062 0.000699043
6 0.23877 0.536621 0.170898 0.192383 0.000718594
11 0.333984 0.125977 0.0664062 0.0136719 0.000722885
13 0.359863 0.287598 0.0517578 0.0830078 0.000732422
9 0.470215 0.365723 0.0244141 0.0302734 0.000838757
11 0.983398 0.199707 0.0332031 0.139648 0.000849247
11 0.294922 0.141113 0.0625 0.0400391 0.000880241
11 0.408691 0.137207 0.0673828 0.0341797 0.000889301
9 0.983398 0.227051 0.0332031 0.200195 0.000934124
7 0.988281 0.170898 0.0234375 0.0371094 0.000944614
11 0.64502 0.105957 0.0693359 0.0126953 0.00101757
11 0.367188 0.131348 0.144531 0.0595703 0.00112915
9 0.103027 0.0908203 0.0556641 0.0488281 0.00135708
13 0.689453 0.303223 0.128906 0.176758 0.00143814
11 0.338379 0.119629 0.0927734 0.0263672 0.00149155
11 0.756348 0.140625 0.0712891 0.0566406 0.00157356
8 0.98877 0.165039 0.0205078 0.0507812 0.00160122
9 0.513672 0.447266 0.144531 0.429688 0.00164318
13 0.987793 0.162598 0.0224609 0.0537109 0.00168037
9 0.231445 0.514648 0.173828 0.244141 0.00194645
5 0.830566 0.522461 0.166992 0.314453 0.00197983
11 0.607422 0.131836 0.0703125 0.0351562 0.00213051
8 0.417969 0.370117 0.0175781 0.015625 0.00217056
13 0.681641 0.292969 0.0742188 0.136719 0.00252533
5 0.22168 0.554688 0.142578 0.130859 0.00279808
9 0.985352 0.178223 0.0292969 0.0888672 0.00280952
11 0.630859 0.112305 0.101562 0.0292969 0.00283051
11 0.986816 0.163574 0.0263672 0.0537109 0.00304413
11 0.317383 0.135742 0.123047 0.0507812 0.00373268
11 0.352051 0.121582 0.0712891 0.0146484 0.00387001
11 0.276855 0.148926 0.0751953 0.0576172 0.0039978
11 0.662109 0.106445 0.126953 0.0214844 0.00404739
2 0.98584 0.162109 0.0244141 0.0566406 0.00450516
5 0.262207 0.446289 0.264648 0.40625 0.00466537
11 0.983398 0.144531 0.03125 0.101562 0.00484467
11 0.38916 0.130859 0.108398 0.0332031 0.00528336
3 0.597656 0.60791 0.394531 0.149414 0.0100861
13 0.32666 0.256348 0.0498047 0.0458984 0.0101242
11 0.338867 0.129395 0.126953 0.0302734 0.0130005
9 0.987305 0.169434 0.0253906 0.0380859 0.0240173
0 0.568359 0.278809 0.109375 0.112305 0.030838
5 0.231445 0.514648 0.173828 0.244141 0.0338745
13 0.340332 0.270508 0.0771484 0.0761719 0.0426025
11 0.365234 0.123535 0.117188 0.0224609 0.0626221
