13 0.385742 0.29248 0.0507812 0.0302734 0.000100195
2 0.168945 0.560547 0.337891 0.521484 0.000100672
7 0.789551 0.453125 0.0908203 0.148438 0.000100732
8 0.627441 0.233398 0.0166016 0.0214844 0.00010103
13 0.436035 0.174805 0.0478516 0.115234 0.000101089
13 0.299805 0.312988 0.0488281 0.0322266 0.000101149
13 0.486328 0.167969 0.0566406 0.181641 0.000101328
9 0.151855 0.074707 0.0712891 0.0439453 0.000102282
7 0.635254 0.280762 0.0498047 0.0556641 0.000102997
8 0.375488 0.345215 0.192383 0.186523 0.000102997
11 0.657715 0.0737305 0.0537109 0.0126953 0.000103116
2 0.591309 0.493164 0.297852 0.0957031 0.000105321
13 0.421387 0.0888672 0.0556641 0.0253906 0.000105441
4 0.365234 0.315918 0.117188 0.120117 0.000105858
13 0.399414 0.412109 0.0820312 0.0605469 0.000105917
9 0.536621 0.223145 0.114258 0.104492 0.000105917
11 0.390137 0.105469 0.0498047 0.0390625 0.000106096
13 0.593262 0.490723 0.297852 0.0966797 0.000106335
8 0.90625 0.500977 0.00976562 0.00976562 0.000106692
10 0.372559 0.364258 0.18457 0.21875 0.00010705
9 0.905273 0.650391 0.189453 0.310547 0.000107884
6 0.330566 0.361328 0.110352 0.125 0.000108182
7 0.388672 0.297363 0.0253906 0.0126953 0.000110149
9 0.793945 0.666992 0.0917969 0.0957031 0.000111043
8 0.419434 0.280762 0.0322266 0.0322266 0.000111818
8 0.618164 0.321289 0.0253906 0.0234375 0.000111878
7 0.402832 0.281738 0.100586 0.0615234 0.00011301
8 0.0371094 0.372559 0.0683594 0.118164 0.000113785
3 0.180664 0.0419922 0.361328 0.0839844 0.000114143
8 0.254883 0.671875 0.0273438 0.0507812 0.000115216
7 0.320801 0.298828 0.0751953 0.03125 0.000116944
13 0.463379 0.242676 0.0732422 0.0771484 0.00011754
0 0.493164 0.19873 0.0390625 0.112305 0.000119507
6 0.499512 0.214355 0.0419922 0.0869141 0.00012207
11 0.637695 0.0844727 0.0585938 0.0244141 0.000122905
13 0.35791 0.233398 0.0595703 0.0390625 0.000123382
13 0.437012 0.254395 0.0341797 0.0400391 0.000124216
9 0.354492 0.312012 0.154297 0.141602 0.000124693
9 0.427246 0.349121 0.0869141 0.0947266 0.000124931
0 0.600098 0.201172 0.0810547 0.0585938 0.000126481
5 0.593262 0.490723 0.297852 0.0966797 0.000127673
8 0.382812 0.269531 0.03125 0.0195312 0.000128388
12 0.496094 0.197266 0.0429688 0.117188 0.000131011
13 0.311523 0.297852 0.0527344 0.0234375 0.00013113
9 0.322754 0.376953 0.106445 0.144531 0.00013423
7 0.317871 0.345215 0.0732422 0.0634766 0.000135303
6 0.320801 0.298828 0.0751953 0.03125 0.000135899
13 0.402832 0.281738 0.100586 0.0615234 0.000136018
13 0.449707 0.153809 0.0654297 0.12793 0.000137568
6 0.371094 0.370117 0.275391 0.265625 0.000139475
8 0.438477 0.351562 0.0683594 0.0742188 0.000139475
8 0.629883 0.287598 0.0253906 0.0185547 0.000141501
11 0.312988 0.302246 0.0654297 0.0263672 0.000142694
11 0.842773 0.557617 0.0332031 0.0585938 0.000142813
13 0.419434 0.287598 0.0244141 0.0224609 0.00014317
11 0.464844 0.0820312 0.0839844 0.0332031 0.000143766
9 0.632324 0.743164 0.225586 0.513672 0.000143886
9 0.319824 0.302734 0.0751953 0.0214844 0.000146985
6 0.388672 0.297363 0.0253906 0.0126953 0.000147343
12 0.593262 0.490723 0.297852 0.0966797 0.000148654
11 0.611328 0.0786133 0.046875 0.0185547 0.000148892
11 0.824707 0.54541 0.0654297 0.0771484 0.000149488
5 0.493164 0.19873 0.0390625 0.112305 0.000150323
13 0.431641 0.243164 0.0253906 0.0214844 0.000151753
5 0.402832 0.289062 0.104492 0.0761719 0.000152707
3 1 0.51123 0 0.157227 0.000153184
9 0.739258 0.825684 0.169922 0.235352 0.000153542
10 0.487793 0.187012 0.0380859 0.118164 0.00015378
13 0.410156 0.22998 0.158203 0.243164 0.000156522
5 0.34668 0.289551 0.0996094 0.0537109 0.000156879
13 0.445312 0.207031 0.0410156 0.0605469 0.000157595
2 0.629883 0.287598 0.0253906 0.0185547 0.000158429
4 0.383789 0.29834 0.0800781 0.0732422 0.000159383
5 0.427246 0.349121 0.0869141 0.0947266 0.000160217
3 0.263184 0.158203 0.526367 0.316406 0.000161529
0 0.255859 0.682129 0.0253906 0.0302734 0.000161886
2 0.257324 0.671387 0.0458984 0.0634766 0.000163436
8 0.431152 0.243652 0.0224609 0.0205078 0.000164509
11 0.593262 0.490723 0.297852 0.0966797 0.000164509
13 0.346191 0.283691 0.0927734 0.0556641 0.000166774
11 0.251465 0.537598 0.0380859 0.0751953 0.000168204
1 0.489258 0.192871 0.0410156 0.116211 0.000169754
11 0.686523 0.0820312 0.0371094 0.0253906 0.000174761
6 0.389648 0.297852 0.0429688 0.0449219 0.000175714
1 0.378418 0.363281 0.157227 0.205078 0.000176311
10 0.592773 0.489746 0.304688 0.0927734 0.000176549
13 0.42041 0.172363 0.0615234 0.0771484 0.000178576
13 0.512207 0.206055 0.106445 0.150391 0.000181794
9 0.561523 0.335938 0.199219 0.351562 0.000181913
9 0.396484 0.325195 0.0761719 0.103516 0.000183105
8 0.415527 0.274902 0.0224609 0.0166016 0.000192165
3 0.221191 0.0834961 0.442383 0.166992 0.000194311
13 0.434082 0.440918 0.0439453 0.0849609 0.000197649
7 0.404297 0.318359 0.0722656 0.0976562 0.000198841
13 0.491211 0.172363 0.0332031 0.0615234 0.000199914
8 0.418945 0.27002 0.0253906 0.0205078 0.000204206
2 0.123047 0.916016 0.0371094 0.0332031 0.000204325
3 0.147461 0.563477 0.294922 0.353516 0.00020659
2 0.62793 0.228027 0.0273438 0.0419922 0.000207543
5 0.378418 0.433105 0.149414 0.124023 0.000210643
8 0.358887 0.305176 0.0341797 0.0224609 0.000212669
10 0.822754 0.530273 0.0537109 0.0703125 0.000213504
13 0.425781 0.242188 0.0488281 0.046875 0.000214219
4 0.375488 0.345215 0.192383 0.186523 0.000217795
9 0.623535 0.287598 0.0205078 0.0146484 0.000218153
13 0.316406 0.286133 0.0742188 0.0507812 0.000218987
0 0.402832 0.331543 0.12207 0.143555 0.00022161
11 0.843262 0.527832 0.0341797 0.0810547 0.000225782
10 0.838379 0.520996 0.0341797 0.0869141 0.000226736
6 0.348633 0.306641 0.126953 0.0878906 0.000229597
11 0.499512 0.213379 0.0419922 0.0869141 0.000231266
0 0.593262 0.493164 0.303711 0.0976562 0.0002321
10 0.842285 0.553711 0.0302734 0.0546875 0.000233173
2 0.254395 0.650391 0.0322266 0.0742188 0.000234365
10 0.252441 0.540039 0.0283203 0.0429688 0.000234604
7 0.766602 0.388184 0.119141 0.225586 0.000245571
13 0.435547 0.266113 0.0488281 0.0380859 0.000248671
0 0.622559 0.235352 0.0458984 0.0488281 0.000248909
7 0.385742 0.29248 0.0507812 0.0302734 0.000251293
12 0.404297 0.325684 0.121094 0.131836 0.000255585
13 0.353516 0.309082 0.162109 0.141602 0.000258207
7 0.416016 0.327148 0.232422 0.208984 0.000260592
13 0.333008 0.32959 0.101562 0.0751953 0.00026536
13 0.349609 0.225098 0.0390625 0.0283203 0.000268459
8 0.414551 0.268555 0.0146484 0.0136719 0.000270367
11 0.476562 0.0844727 0.0585938 0.0205078 0.000276327
9 0.346191 0.291016 0.0986328 0.0488281 0.000278711
2 0.637695 0.286621 0.046875 0.0576172 0.000279427
8 0.62793 0.288086 0.0390625 0.0332031 0.00028038
9 0.383789 0.29834 0.0800781 0.0732422 0.000285625
9 0.430176 0.0859375 0.0595703 0.0234375 0.000293732
9 0.254883 0.665039 0.0253906 0.0546875 0.000296116
11 0.252441 0.540039 0.0283203 0.0429688 0.000297785
11 0.666016 0.0952148 0.103516 0.0224609 0.000298738
5 0.395996 0.296387 0.186523 0.21582 0.000304937
13 0.430176 0.216309 0.0595703 0.0537109 0.000309467
0 0.909668 0.681641 0.180664 0.285156 0.000311375
7 0.500488 0.195312 0.0771484 0.132812 0.000317097
4 0.496094 0.197266 0.0429688 0.117188 0.000329018
5 0.373535 0.286621 0.0498047 0.0478516 0.000334263
8 0.415527 0.26416 0.0126953 0.0126953 0.000340939
9 0.765137 0.401367 0.135742 0.226562 0.000342369
13 0.474121 0.220703 0.0654297 0.0839844 0.000344992
8 0.383301 0.296387 0.0732422 0.0654297 0.000355482
13 0.418457 0.356934 0.0966797 0.100586 0.000356913
9 0.628906 0.831543 0.171875 0.272461 0.00036025
11 0.68457 0.0888672 0.078125 0.0449219 0.000362158
13 0.292969 0.307129 0.0390625 0.0185547 0.000369072
13 0.39502 0.318359 0.0751953 0.0996094 0.00038743
0 0.559082 0.215332 0.166992 0.102539 0.000391722
3 0.399902 0.327148 0.129883 0.136719 0.00039649
3 0.564941 0.255371 0.180664 0.147461 0.000400066
6 0.487793 0.193359 0.0380859 0.111328 0.00041008
9 0.90625 0.500977 0.00976562 0.00976562 0.000432014
10 0.402832 0.329102 0.120117 0.138672 0.000435829
5 0.387207 0.325195 0.0751953 0.103516 0.000441074
11 0.631348 0.0732422 0.0576172 0.015625 0.000442505
8 0.358887 0.305664 0.0185547 0.0136719 0.000454426
11 0.82959 0.522461 0.0458984 0.0820312 0.000460863
9 0.504883 0.189453 0.0644531 0.148438 0.000463963
13 0.323242 0.310547 0.0761719 0.0253906 0.000472784
13 0.3125 0.321289 0.0703125 0.0449219 0.000476122
6 0.607422 0.231445 0.09375 0.111328 0.000492573
13 0.444824 0.19873 0.0751953 0.0869141 0.000496864
0 0.626953 0.262207 0.0703125 0.131836 0.000503063
13 0.335449 0.302246 0.0556641 0.0146484 0.000504494
4 0.607422 0.231445 0.09375 0.111328 0.000508785
9 0.562012 0.261719 0.182617 0.169922 0.000511646
7 0.322754 0.376953 0.106445 0.144531 0.000534058
7 0.607422 0.231445 0.09375 0.111328 0.000534534
8 0.635254 0.280762 0.0498047 0.0556641 0.000535488
5 0.354492 0.312012 0.154297 0.141602 0.000545025
13 0.383301 0.296387 0.0732422 0.0654297 0.000553608
12 0.607422 0.231445 0.09375 0.111328 0.000562668
8 0.49707 0.203125 0.0429688 0.103516 0.000567436
9 0.593262 0.490723 0.297852 0.0966797 0.000569344
13 0.433105 0.193848 0.0439453 0.0576172 0.000574112
13 0.418457 0.231934 0.0478516 0.0302734 0.000582695
9 0.123047 0.916016 0.0371094 0.0332031 0.000592232
4 0.37207 0.285645 0.046875 0.0458984 0.000595093
2 0.402832 0.329102 0.120117 0.138672 0.000600338
11 0.495117 0.177734 0.046875 0.148438 0.000607014
9 0.636719 0.283203 0.046875 0.0527344 0.000614643
2 0.493164 0.19873 0.0390625 0.112305 0.000620365
2 0.624512 0.288086 0.0146484 0.0136719 0.000654697
0 0.610352 0.216797 0.0527344 0.0683594 0.000658512
11 0.402832 0.329102 0.120117 0.138672 0.000661373
13 0.455078 0.205078 0.0976562 0.152344 0.000664711
6 0.346191 0.291016 0.0986328 0.0488281 0.000686169
11 0.600098 0.0839844 0.0380859 0.0273438 0.000720024
2 0.630859 0.234375 0.0195312 0.0253906 0.0007267
10 0.24707 0.549805 0.0214844 0.0371094 0.000754833
11 0.456055 0.0786133 0.0683594 0.0166016 0.000754833
6 0.39502 0.318359 0.0751953 0.0996094 0.000756264
13 0.313965 0.305664 0.0771484 0.046875 0.000814915
13 0.40918 0.229004 0.0253906 0.0224609 0.000820637
11 0.668457 0.0795898 0.0634766 0.0205078 0.000820637
1 0.607422 0.231445 0.09375 0.111328 0.000844479
5 0.607422 0.231445 0.09375 0.111328 0.000887871
8 0.385742 0.29248 0.0507812 0.0302734 0.000891209
7 0.427734 0.349609 0.0898438 0.0917969 0.000901699
11 0.607422 0.231445 0.09375 0.111328 0.000912666
13 0.607422 0.231445 0.09375 0.111328 0.000927448
13 0.497559 0.21875 0.0419922 0.0917969 0.000931263
8 0.38916 0.267578 0.0166016 0.0136719 0.000943184
7 0.346191 0.289062 0.100586 0.0546875 0.000958443
8 0.608398 0.231934 0.0957031 0.112305 0.000961781
11 0.634766 0.0825195 0.111328 0.0439453 0.000972271
13 0.348145 0.306152 0.120117 0.0771484 0.00101948
7 0.487793 0.187012 0.0380859 0.118164 0.00103951
13 0.289062 0.303711 0.0234375 0.015625 0.00104809
9 0.371094 0.28418 0.0429688 0.0410156 0.00105572
3 0.593262 0.510742 0.317383 0.203125 0.001091
9 0.365234 0.37793 0.185547 0.234375 0.00109386
2 0.607422 0.231445 0.09375 0.111328 0.00117111
8 0.388672 0.297363 0.0253906 0.0126953 0.0011816
5 0.765137 0.401367 0.135742 0.226562 0.00119019
11 0.24707 0.549805 0.0214844 0.0371094 0.00119209
8 0.624512 0.287598 0.0166016 0.0146484 0.00121403
2 0.622559 0.235352 0.0458984 0.0488281 0.00122643
6 0.383301 0.296387 0.0732422 0.0654297 0.00129223
1 0.404785 0.331055 0.12207 0.130859 0.00129318
11 0.405273 0.0961914 0.0527344 0.0302734 0.001297
0 0.557617 0.297852 0.1875 0.220703 0.00132942
6 0.418945 0.356934 0.0976562 0.100586 0.00138664
13 0.374023 0.365234 0.179688 0.212891 0.00139046
11 0.696777 0.0898438 0.0419922 0.03125 0.00153732
13 0.367676 0.286133 0.0498047 0.046875 0.0015583
10 0.607422 0.231445 0.09375 0.111328 0.00157452
8 0.420898 0.290039 0.0234375 0.0195312 0.00164127
10 0.834961 0.542969 0.0351562 0.0546875 0.00170422
11 0.64502 0.0771484 0.0498047 0.0136719 0.00171661
2 0.254395 0.674316 0.0263672 0.0498047 0.00179291
7 0.365234 0.315918 0.117188 0.120117 0.0019455
11 0.431152 0.0917969 0.0966797 0.0351562 0.00196075
9 0.607422 0.231445 0.09375 0.111328 0.00203514
9 0.487793 0.187012 0.0380859 0.118164 0.00206375
11 0.835449 0.542969 0.0361328 0.0566406 0.0020752
7 0.383301 0.296387 0.0732422 0.0654297 0.00227547
13 0.476562 0.195801 0.0449219 0.100586 0.00231743
6 0.37207 0.285645 0.046875 0.0458984 0.00271988
3 0.610352 0.229004 0.0898438 0.108398 0.00301361
8 0.40332 0.327637 0.121094 0.131836 0.00338364
7 0.375488 0.375 0.170898 0.208984 0.0035038
11 0.664062 0.0844727 0.103516 0.0283203 0.00371361
11 0.462891 0.0830078 0.0625 0.0117188 0.00469208
13 0.333008 0.296875 0.0917969 0.0332031 0.00479507
6 0.369141 0.355957 0.166016 0.198242 0.00484085
11 0.62207 0.0795898 0.078125 0.0263672 0.00588608
9 0.255859 0.682129 0.0253906 0.0302734 0.00675201
11 0.706055 0.097168 0.0527344 0.0361328 0.00716782
7 0.37207 0.285645 0.046875 0.0458984 0.00728607
13 0.488281 0.217285 0.0351562 0.0634766 0.00751877
8 0.371094 0.28418 0.0449219 0.0371094 0.00844574
11 0.421387 0.0888672 0.0556641 0.0253906 0.00895691
9 0.399902 0.328613 0.129883 0.137695 0.00974274
7 0.498047 0.206543 0.0429688 0.0966797 0.0108643
13 0.312012 0.303711 0.0693359 0.0195312 0.0110321
4 0.40332 0.327637 0.121094 0.131836 0.0115585
11 0.447754 0.0864258 0.0888672 0.0205078 0.01194
11 0.44043 0.0830078 0.0546875 0.015625 0.0121841
0 0.59082 0.253906 0.138672 0.160156 0.0177612
5 0.370605 0.374023 0.180664 0.216797 0.0209198
9 0.498047 0.207031 0.0429688 0.0996094 0.0240936
13 0.491211 0.1875 0.0390625 0.121094 0.0257263
11 0.643555 0.0776367 0.0859375 0.0185547 0.026062
13 0.397461 0.328125 0.125 0.134766 0.0294952
7 0.40332 0.327637 0.121094 0.131836 0.0878296
5 0.402832 0.331543 0.12207 0.143555 0.119568
6 0.402344 0.326172 0.125 0.132812 0.123108
3 0.59375 0.494629 0.306641 0.0927734 0.142456
0 0.608887 0.225098 0.0888672 0.100586 0.703613
