2 0.28418 0.216309 0.0664062 0.0966797 0.000236988
11 0.57959 0.215332 0.0751953 0.100586 0.000237226
11 0.334473 0.151855 0.0986328 0.0263672 0.000240207
9 0.385742 0.609863 0.0859375 0.0830078 0.000241637
11 0.353027 0.771484 0.0302734 0.0292969 0.00024271
0 0.417969 0.590332 0.046875 0.0595703 0.000243902
11 0.597168 0.192871 0.0517578 0.0419922 0.000245094
13 0.278809 0.180664 0.0205078 0.015625 0.000246286
7 0.256348 0.192871 0.112305 0.0712891 0.000246763
3 0.246094 0.567871 0.357422 0.463867 0.00024724
13 0.246582 0.469727 0.0673828 0.0449219 0.00024724
8 0.486328 0.643555 0.189453 0.474609 0.00025177
8 0.429688 0.487305 0.0332031 0.0390625 0.000255585
13 0.114746 0.451172 0.0498047 0.0136719 0.000259161
13 0.312988 0.466309 0.151367 0.139648 0.00026083
6 0.274902 0.433594 0.206055 0.123047 0.00026083
9 0.015625 0.185547 0.0292969 0.046875 0.00026083
7 0.425293 0.660156 0.0322266 0.0429688 0.000263453
0 0.388672 0.61377 0.126953 0.217773 0.000267267
8 0.924805 0.237305 0.0273438 0.0273438 0.000274658
13 0.255859 0.474121 0.0683594 0.0224609 0.000277042
9 0.450684 0.354492 0.135742 0.255859 0.000277042
13 0.82666 0.467285 0.100586 0.0751953 0.000277281
3 0.468262 0.887207 0.0908203 0.0771484 0.000280142
13 0.793945 0.289062 0.0585938 0.0351562 0.00028038
8 0.230469 0.5 0.0136719 0.00976562 0.000280857
5 0.23584 0.451172 0.262695 0.125 0.000281572
2 0.322266 0.182617 0.189453 0.078125 0.000281811
6 0.267578 0.196289 0.0585938 0.0488281 0.000286579
2 0.403809 0.604492 0.0341797 0.0371094 0.000288248
2 0.258301 0.470703 0.0361328 0.0175781 0.000289202
13 0.287109 0.19873 0.0429688 0.0380859 0.00028944
13 0.398438 0.68457 0.0351562 0.0253906 0.000290155
2 0.609863 0.51123 0.0771484 0.0732422 0.000291824
2 0.420898 0.671875 0.046875 0.0917969 0.000298738
9 0.210449 0.641113 0.231445 0.260742 0.000299454
8 0.770996 0.227051 0.0576172 0.0673828 0.00030303
11 0.39502 0.159668 0.0498047 0.0185547 0.000303507
11 0.761719 0.202148 0.0859375 0.09375 0.000303745
13 0.410156 0.60791 0.203125 0.254883 0.000304699
2 0.255859 0.474121 0.0683594 0.0224609 0.000305414
9 0.574707 0.330078 0.0517578 0.0429688 0.000307083
13 0.252441 0.482422 0.223633 0.138672 0.000307322
8 0.253906 0.46875 0.125 0.0644531 0.00030756
12 0.246094 0.567871 0.357422 0.463867 0.000307798
9 0.502441 0.24707 0.15332 0.244141 0.000308037
9 0.632812 0.505371 0.140625 0.286133 0.000309467
9 0.376465 0.606445 0.200195 0.265625 0.000313282
9 0.271484 0.361816 0.253906 0.243164 0.000320196
11 0.97998 0.157227 0.0400391 0.121094 0.000324249
7 0.770996 0.227051 0.0576172 0.0673828 0.000325441
9 0.353516 0.625977 0.0722656 0.220703 0.000327587
11 0.259766 0.214355 0.0625 0.0576172 0.000328541
8 0.274414 0.190918 0.0839844 0.0537109 0.000329494
5 0.778809 0.460938 0.249023 0.341797 0.000329971
9 0.820801 0.941895 0.336914 0.112305 0.00033021
11 0.664551 0.152832 0.0537109 0.0107422 0.000333548
2 0.440918 0.54248 0.0322266 0.0302734 0.000340223
13 0.257812 0.386719 0.0742188 0.0761719 0.000342131
9 0.981934 0.189453 0.0361328 0.105469 0.000342369
5 0.808594 0.628418 0.132812 0.12793 0.0003438
9 0.432617 0.47998 0.03125 0.0419922 0.000344515
9 0.361816 0.596191 0.0517578 0.0537109 0.000345707
13 0.211914 0.418457 0.166016 0.145508 0.000346661
8 0.853027 0.494629 0.0283203 0.0166016 0.000351906
1 0.322266 0.182617 0.189453 0.078125 0.000353813
4 0.468262 0.887207 0.0908203 0.0771484 0.000353813
7 0.491699 0.478516 0.211914 0.683594 0.000354528
2 0.256348 0.192871 0.112305 0.0712891 0.000359774
9 0.279297 0.461914 0.238281 0.160156 0.000363111
13 0.258789 0.185547 0.0527344 0.0292969 0.000365019
6 0.246094 0.567871 0.357422 0.463867 0.000368595
11 0.428711 0.148438 0.0839844 0.0722656 0.000370502
8 0.424316 0.614746 0.0673828 0.133789 0.000372648
11 0.467285 0.887695 0.0908203 0.078125 0.000373363
13 0.246094 0.567871 0.357422 0.463867 0.000374079
11 0.605469 0.175293 0.0703125 0.0361328 0.000374079
9 0.265137 0.472656 0.0166016 0.0136719 0.000375748
11 0.373535 0.17334 0.131836 0.0419922 0.000377417
11 0.25 0.179199 0.0898438 0.0517578 0.000379562
9 0.461426 0.493652 0.100586 0.274414 0.000381708
9 0.256836 0.881836 0.402344 0.195312 0.000383139
9 0.435059 0.507324 0.0869141 0.381836 0.000383377
13 0.600098 0.496094 0.0576172 0.0410156 0.000386715
7 0.599609 0.496094 0.0566406 0.0410156 0.000390053
9 0.618652 0.553711 0.106445 0.166016 0.000393629
9 0.44043 0.21875 0.0742188 0.167969 0.00039649
11 0.560547 0.349609 0.103516 0.0917969 0.000399828
7 0.405762 0.371094 0.0634766 0.078125 0.000400782
11 0.423828 0.649414 0.0488281 0.0859375 0.000404119
2 0.434082 0.604492 0.0693359 0.1875 0.000407934
12 0.483887 0.641113 0.206055 0.467773 0.000412464
3 0.510742 0.563965 0.244141 0.55957 0.000413895
2 0.57959 0.338379 0.0302734 0.0361328 0.000420332
11 0.724609 0.17334 0.0722656 0.0302734 0.000421524
2 0.770996 0.227051 0.0576172 0.0673828 0.000428915
8 0.29834 0.570312 0.0146484 0.0117188 0.000429392
13 0.258301 0.470703 0.0361328 0.0175781 0.00042963
11 0.42041 0.202148 0.0791016 0.138672 0.000437975
9 0.270996 0.20459 0.0419922 0.0498047 0.00044322
13 0.289551 0.267578 0.0634766 0.0898438 0.000446796
5 0.165527 0.663574 0.114258 0.108398 0.000453711
1 0.267578 0.186035 0.0390625 0.0283203 0.000454903
8 0.562988 0.347656 0.100586 0.0917969 0.000457048
13 0.269531 0.401367 0.130859 0.119141 0.000467777
9 0.467773 0.794922 0.128906 0.144531 0.000468731
9 0.438965 0.56543 0.0908203 0.154297 0.000483274
9 0.581055 0.324707 0.0253906 0.0341797 0.000492573
8 0.578125 0.324707 0.0292969 0.0341797 0.000492573
8 0.411621 0.597656 0.0478516 0.0566406 0.000498772
5 0.508301 0.541992 0.24707 0.712891 0.000504017
2 0.385742 0.609863 0.0859375 0.0830078 0.000507355
8 0.278809 0.180664 0.0205078 0.015625 0.00051403
2 0.356934 0.612793 0.0751953 0.139648 0.000517368
9 0.974609 0.160645 0.0507812 0.114258 0.000518322
9 0.651367 0.57959 0.0878906 0.0830078 0.000519753
9 0.517578 0.507324 0.199219 0.250977 0.000520706
10 0.950684 0.896484 0.0400391 0.0527344 0.000528812
2 0.432617 0.483398 0.0410156 0.0761719 0.000529289
8 0.279785 0.624023 0.0283203 0.015625 0.000529766
2 0.442383 0.554199 0.0410156 0.0498047 0.00053072
3 0.579102 0.706055 0.396484 0.267578 0.000532627
2 0.277832 0.180176 0.0302734 0.0185547 0.000535965
9 0.256348 0.192871 0.112305 0.0712891 0.000538826
0 0.496582 0.598145 0.198242 0.530273 0.000547886
13 0.424316 0.612793 0.0771484 0.151367 0.000555992
2 0.44873 0.61084 0.118164 0.331055 0.00056076
11 0.28418 0.216309 0.0664062 0.0966797 0.00056076
0 0.469238 0.887695 0.0888672 0.078125 0.000564098
8 0.804199 0.713867 0.0341797 0.0371094 0.000565052
11 0.408203 0.168945 0.0488281 0.0292969 0.000566483
2 0.470703 0.480957 0.177734 0.569336 0.000572205
13 0.302734 0.178711 0.109375 0.0625 0.000576019
2 0.245117 0.446289 0.142578 0.113281 0.000576019
13 0.468262 0.887207 0.0908203 0.0771484 0.000579834
5 0.244629 0.729004 0.323242 0.241211 0.000582218
9 0.40625 0.372559 0.0644531 0.0751953 0.000583172
11 0.36377 0.186035 0.180664 0.0927734 0.000584126
11 0.950684 0.896484 0.0400391 0.0527344 0.000586033
13 0.574707 0.330078 0.0517578 0.0429688 0.000589371
9 0.450684 0.611328 0.0400391 0.0332031 0.000593662
2 0.297363 0.174805 0.104492 0.0566406 0.000594616
13 0.220215 0.375488 0.139648 0.0869141 0.000596046
9 0.445312 0.745605 0.125 0.348633 0.000611305
2 0.450684 0.611328 0.0400391 0.0332031 0.000614643
9 0.446289 0.602539 0.0527344 0.0683594 0.000618935
13 0.259766 0.483887 0.277344 0.256836 0.000619411
11 0.660645 0.178711 0.125977 0.03125 0.000622272
2 0.375 0.578125 0.0820312 0.109375 0.000623226
7 0.296387 0.181152 0.104492 0.0615234 0.000625134
8 0.752441 0.25 0.0107422 0.00976562 0.000629902
9 0.169922 0.680176 0.146484 0.19043 0.000650883
2 0.399902 0.60791 0.0595703 0.0478516 0.000653744
11 0.387695 0.630859 0.121094 0.181641 0.000669003
11 0.279785 0.199707 0.163086 0.0986328 0.000671387
9 0.0166016 0.162598 0.0332031 0.0966797 0.000675678
9 0.414062 0.646973 0.046875 0.0927734 0.000678539
9 0.83252 0.613281 0.206055 0.398438 0.000682831
9 0.430664 0.567871 0.0566406 0.0869141 0.00068903
0 0.423828 0.659668 0.0351562 0.0458984 0.000691414
11 0.777344 0.228516 0.0683594 0.0664062 0.00069809
2 0.26416 0.472168 0.0205078 0.0146484 0.000700474
8 0.255859 0.474121 0.0683594 0.0224609 0.000701427
8 0.387695 0.630859 0.121094 0.181641 0.000710487
11 0.424805 0.658203 0.03125 0.046875 0.00071764
13 0.289551 0.209961 0.0693359 0.046875 0.000733376
9 0.518066 0.0522461 0.192383 0.102539 0.000741005
9 0.413086 0.602051 0.0839844 0.137695 0.000747204
2 0.420898 0.588379 0.0761719 0.0849609 0.000757694
9 0.277832 0.180176 0.0302734 0.0185547 0.000758648
13 0.393555 0.686523 0.0683594 0.0351562 0.000782967
8 0.429688 0.647949 0.0507812 0.0927734 0.00078392
8 0.257324 0.473145 0.0302734 0.0185547 0.000801086
3 0.561523 0.351562 0.105469 0.0957031 0.000802994
9 0.38623 0.565918 0.112305 0.172852 0.000813961
9 0.322266 0.182617 0.189453 0.078125 0.000821114
9 0.921875 0.156738 0.148438 0.157227 0.000823021
13 0.231445 0.455078 0.134766 0.09375 0.000858307
9 0.369141 0.585938 0.0839844 0.0898438 0.000867367
11 0.63916 0.158203 0.0712891 0.0234375 0.000871658
11 0.678711 0.165527 0.107422 0.0224609 0.000873566
2 0.543945 0.427734 0.0351562 0.0410156 0.000883102
9 0.457031 0.797852 0.09375 0.0859375 0.000936508
13 0.58252 0.321777 0.0283203 0.0322266 0.000951767
9 0.411621 0.597656 0.0478516 0.0566406 0.000964642
13 0.256836 0.19043 0.0800781 0.046875 0.00098896
5 0.866699 0.696289 0.174805 0.255859 0.000991821
9 0.612793 0.600586 0.186523 0.357422 0.00102139
11 0.342285 0.161621 0.0712891 0.0185547 0.0010252
0 0.495605 0.421875 0.213867 0.453125 0.00103188
11 0.330566 0.192383 0.163086 0.0488281 0.00103569
1 0.267578 0.196289 0.0625 0.0488281 0.00104332
13 0.423828 0.649414 0.0488281 0.0859375 0.00104523
13 0.414062 0.667969 0.0488281 0.0644531 0.00106621
11 0.660645 0.161133 0.0693359 0.0175781 0.00107384
9 0.765625 0.547852 0.361328 0.619141 0.00109768
11 0.283691 0.18457 0.0498047 0.0332031 0.00111294
13 0.129395 0.450684 0.0810547 0.0205078 0.00111866
0 0.57373 0.333496 0.0615234 0.0556641 0.00115204
9 0.917969 0.964844 0.164062 0.0683594 0.00116539
13 0.276367 0.183594 0.03125 0.0234375 0.00118542
9 0.562012 0.349609 0.104492 0.09375 0.001194
13 0.562988 0.347656 0.100586 0.0917969 0.0012188
13 0.26709 0.37207 0.233398 0.224609 0.00124073
2 0.583496 0.322754 0.0205078 0.0244141 0.00127602
13 0.269531 0.22168 0.0390625 0.0585938 0.00127792
9 0.451172 0.599609 0.140625 0.449219 0.00129318
2 0.432617 0.47998 0.03125 0.0419922 0.00133419
9 0.546875 0.638184 0.207031 0.479492 0.0013504
9 0.259766 0.446289 0.164062 0.103516 0.00136375
13 0.771484 0.22998 0.0546875 0.0615234 0.00138283
2 0.434082 0.567871 0.0478516 0.0517578 0.00144958
13 0.31543 0.188965 0.183594 0.0888672 0.00147057
2 0.433594 0.61084 0.0625 0.0693359 0.00152397
8 0.21582 0.668945 0.0136719 0.00976562 0.00157261
11 0.314453 0.165039 0.0722656 0.0351562 0.00157642
13 0.423828 0.662109 0.03125 0.0390625 0.00160313
13 0.387695 0.630859 0.121094 0.181641 0.00166798
13 0.191406 0.45166 0.183594 0.0634766 0.00169277
11 0.600098 0.195801 0.0810547 0.0615234 0.00175381
9 0.246094 0.567871 0.357422 0.463867 0.00177002
11 0.277832 0.180176 0.0302734 0.0185547 0.00186634
11 0.398926 0.17627 0.0966797 0.0693359 0.00187492
9 0.611328 0.519043 0.0839844 0.0927734 0.00188828
7 0.267578 0.196289 0.0585938 0.0488281 0.00190735
13 0.290039 0.244629 0.115234 0.145508 0.0019207
2 0.363281 0.592285 0.0605469 0.0615234 0.00201797
11 0.410156 0.151367 0.0878906 0.046875 0.00207901
13 0.269043 0.204102 0.0830078 0.0839844 0.00213623
13 0.150391 0.456543 0.103516 0.0341797 0.00219154
9 0.472656 0.851074 0.123047 0.165039 0.00219727
9 0.773438 0.231445 0.0566406 0.0625 0.00221062
9 0.485352 0.0571289 0.0917969 0.114258 0.00221062
9 0.271484 0.191895 0.0625 0.0537109 0.00224304
11 0.74707 0.179688 0.0683594 0.0390625 0.00227165
2 0.387207 0.613281 0.120117 0.185547 0.00232124
0 0.546875 0.375488 0.15625 0.163086 0.00240517
11 0.374512 0.157227 0.133789 0.0273438 0.00241661
2 0.600098 0.496094 0.0576172 0.0410156 0.00245285
7 0.267578 0.186035 0.0390625 0.0283203 0.00247955
9 0.451172 0.268066 0.105469 0.250977 0.00263405
8 0.42334 0.583008 0.0400391 0.0410156 0.00281143
11 0.41748 0.170898 0.0654297 0.0488281 0.00281143
8 0.270508 0.187988 0.0410156 0.0322266 0.00285721
8 0.600098 0.496094 0.0576172 0.0410156 0.0028801
11 0.276367 0.175781 0.0722656 0.0371094 0.00292778
5 0.210449 0.641113 0.231445 0.260742 0.00299263
2 0.468262 0.887207 0.0908203 0.0771484 0.00308228
9 0.424316 0.581543 0.0400391 0.0380859 0.00315857
2 0.562988 0.347656 0.100586 0.0917969 0.00318527
9 0.443359 0.62207 0.117188 0.232422 0.00340843
11 0.413574 0.125977 0.0830078 0.03125 0.00362206
9 0.600098 0.496094 0.0576172 0.0410156 0.00375557
9 0.431152 0.630371 0.0595703 0.116211 0.00390053
2 0.271484 0.191895 0.0625 0.0537109 0.00391769
8 0.26416 0.472168 0.0205078 0.0146484 0.00395584
9 0.500977 0.912598 0.164062 0.147461 0.00395966
9 0.523926 0.364258 0.178711 0.193359 0.0039711
11 0.646484 0.168457 0.101562 0.0341797 0.00399399
2 0.430664 0.652344 0.0449219 0.0644531 0.0041275
11 0.629883 0.184082 0.0976562 0.0380859 0.00414276
13 0.285156 0.19043 0.0800781 0.0429688 0.00419617
8 0.423828 0.660645 0.03125 0.0419922 0.00419998
9 0.387695 0.630859 0.121094 0.181641 0.00424957
9 0.516113 0.812988 0.22168 0.374023 0.0043335
5 0.772949 0.545898 0.362305 0.634766 0.0044632
2 0.42041 0.638184 0.0556641 0.120117 0.00459671
7 0.468262 0.887207 0.0908203 0.0771484 0.00465775
9 0.484375 0.344238 0.179688 0.44043 0.00501251
11 0.275391 0.203613 0.0546875 0.0517578 0.0050621
2 0.413574 0.599121 0.0478516 0.0556641 0.00551224
11 0.652344 0.155762 0.0683594 0.0146484 0.00582504
5 0.83252 0.613281 0.206055 0.398438 0.00623322
11 0.331055 0.172363 0.160156 0.0576172 0.00641632
5 0.169922 0.680176 0.146484 0.19043 0.00677109
9 0.297363 0.174805 0.104492 0.0566406 0.00698853
13 0.277344 0.243652 0.0644531 0.114258 0.00785828
13 0.274902 0.433594 0.206055 0.123047 0.00846863
11 0.398438 0.162598 0.0820312 0.0263672 0.00904846
9 0.269531 0.186523 0.0371094 0.0292969 0.00923157
9 0.479004 0.489258 0.145508 0.439453 0.0100174
9 0.423828 0.660645 0.03125 0.0419922 0.010025
2 0.574707 0.330078 0.0517578 0.0429688 0.0105362
5 0.246094 0.567871 0.357422 0.463867 0.0115509
13 0.272461 0.191895 0.0410156 0.0361328 0.0145187
2 0.269531 0.186523 0.0371094 0.0292969 0.0157928
2 0.578125 0.324707 0.0292969 0.0341797 0.0182953
2 0.422852 0.58252 0.0410156 0.0400391 0.0184479
8 0.467285 0.887695 0.0908203 0.078125 0.0186615
9 0.48877 0.698242 0.176758 0.431641 0.0220032
11 0.247559 0.199219 0.0986328 0.0625 0.0236664
11 0.291992 0.182617 0.113281 0.0644531 0.0240173
11 0.34668 0.163574 0.150391 0.0302734 0.0243378
13 0.268555 0.20459 0.0546875 0.0537109 0.0270844
9 0.468262 0.887207 0.0908203 0.0771484 0.0379028
11 0.266113 0.188965 0.0615234 0.0419922 0.0466614
2 0.423828 0.662109 0.03125 0.0390625 0.0556335
11 0.267578 0.186035 0.0390625 0.0283203 0.0772705
9 0.494141 0.53125 0.222656 0.669922 0.137329
0 0.561035 0.351562 0.106445 0.09375 0.222534
