10 0.0117188 0.18457 0.0214844 0.0605469 0.000100255
6 0.401855 0.435547 0.0537109 0.0957031 0.000101805
11 0.0532227 0.0327148 0.106445 0.0654297 0.000102282
2 0.614746 0.251465 0.0380859 0.0654297 0.000103235
11 0.371094 0.14502 0.117188 0.0771484 0.000105381
7 0.401855 0.435547 0.0537109 0.0957031 0.000105917
8 0.638672 0.305176 0.0273438 0.0224609 0.000106871
11 0.0117188 0.184082 0.0214844 0.0576172 0.000107765
11 0.00585938 0.0478516 0.0117188 0.0820312 0.000107765
13 0.384277 0.469238 0.0537109 0.0341797 0.000109076
1 0.92334 0.694336 0.15332 0.611328 0.000109315
11 0.21875 0.990234 0.121094 0.0195312 0.000109434
13 0.374023 0.240723 0.046875 0.0458984 0.000110149
0 0.521973 0.25293 0.0849609 0.0839844 0.000110984
13 0.377441 0.140137 0.0927734 0.0458984 0.000111639
8 0.366699 0.479492 0.0107422 0.00976562 0.000112057
11 0.615723 0.116211 0.0595703 0.0195312 0.000112712
13 0.6875 0.457031 0.0683594 0.0566406 0.000113368
8 0.92334 0.694336 0.15332 0.611328 0.000113428
9 0.604492 0.233887 0.0566406 0.0556641 0.000113785
13 0.412109 0.296387 0.0917969 0.12207 0.000114381
8 0.638184 0.312012 0.0380859 0.0400391 0.000118792
11 0.458496 0.123047 0.0595703 0.0195312 0.000121236
10 0.0151367 0.00537109 0.0283203 0.0107422 0.000124097
13 0.92334 0.694336 0.15332 0.611328 0.000125289
8 0.775879 0.22998 0.0224609 0.0224609 0.000125408
9 0.571777 0.373047 0.334961 0.294922 0.000125885
9 0.40625 0.425293 0.0410156 0.106445 0.000127196
10 0.0117188 0.0390625 0.0214844 0.0742188 0.000130057
8 0.644043 0.337402 0.0439453 0.0478516 0.000133634
11 0.369141 0.152832 0.0644531 0.0576172 0.000134468
12 0.588867 0.246094 0.0917969 0.0820312 0.000137091
0 0.587891 0.239746 0.0527344 0.0615234 0.000139117
11 0.442383 0.128418 0.0664062 0.0166016 0.000140309
9 0.503418 0.222168 0.0810547 0.0986328 0.000146627
10 0.588867 0.246094 0.0917969 0.0820312 0.000147104
0 0.512207 0.291016 0.0517578 0.0429688 0.000148773
11 0.404297 0.130859 0.0722656 0.0214844 0.000149488
0 0.616699 0.326172 0.112305 0.0898438 0.000150442
13 0.619629 0.327148 0.0302734 0.0273438 0.000150442
4 0.549805 0.250977 0.166016 0.0976562 0.000153065
9 0.900879 0.69873 0.198242 0.518555 0.000157475
8 0.640625 0.341309 0.0195312 0.0166016 0.000158668
11 0.0117188 0.0385742 0.0214844 0.0751953 0.000159025
1 0.36084 0.137207 0.0634766 0.0322266 0.000161648
13 0.436523 0.273926 0.0742188 0.102539 0.000161767
9 0.759766 0.449707 0.111328 0.108398 0.000162363
2 0.92627 0.719238 0.147461 0.561523 0.000164151
8 0.515625 0.224609 0.0371094 0.046875 0.000166178
1 0.588379 0.245605 0.0927734 0.0810547 0.000169277
10 0.00488281 0.0205078 0.00976562 0.0371094 0.000169635
13 0.380371 0.165527 0.0498047 0.0615234 0.000171423
7 0.588867 0.246094 0.0917969 0.0820312 0.00017345
8 0.799805 0.486328 0.0253906 0.0195312 0.000174522
10 0.36084 0.137207 0.0576172 0.0283203 0.000176191
9 0.737793 0.369141 0.155273 0.283203 0.000179172
7 0.549805 0.250977 0.166016 0.0976562 0.000183105
6 0.549805 0.250977 0.166016 0.0976562 0.000184536
11 0.424805 0.135254 0.150391 0.0498047 0.000185251
9 0.623535 0.325684 0.0341797 0.0341797 0.000191569
13 0.38916 0.44873 0.0712891 0.0771484 0.000197172
0 0.529785 0.289551 0.131836 0.147461 0.000199437
9 0.50293 0.238281 0.0214844 0.0273438 0.000200868
11 0.461426 0.145996 0.0576172 0.0439453 0.000202894
13 0.776855 0.481445 0.0654297 0.0273438 0.000203609
11 0.0151367 0.00537109 0.0283203 0.0107422 0.000204086
9 0.532227 0.225098 0.101562 0.0712891 0.000204444
11 0.382324 0.133301 0.0498047 0.0224609 0.000205874
8 0.364746 0.135742 0.0576172 0.0273438 0.00020802
5 0.588867 0.246094 0.0917969 0.0820312 0.000212312
5 0.919434 0.67334 0.161133 0.65332 0.000213385
0 0.0722656 0.375977 0.119141 0.123047 0.000217438
0 0.569336 0.368164 0.287109 0.279297 0.000218511
8 0.649414 0.270508 0.0175781 0.0175781 0.000228524
0 0.665527 0.912598 0.362305 0.174805 0.000229836
11 0.00488281 0.0205078 0.00976562 0.0371094 0.000231504
9 0.476074 0.190918 0.0634766 0.129883 0.000236034
6 0.579102 0.479492 0.335938 0.160156 0.000238538
8 0.503418 0.237793 0.0224609 0.0283203 0.000238895
10 0.0263672 0.00976562 0.0527344 0.0175781 0.000240922
8 0.744141 0.254883 0.0273438 0.0195312 0.00024581
9 0.358398 0.426758 0.136719 0.125 0.000246763
0 0.532227 0.225098 0.101562 0.0712891 0.000247955
4 0.579102 0.479492 0.335938 0.160156 0.000250816
2 0.625488 0.325684 0.0146484 0.0146484 0.000261545
13 0.6875 0.240723 0.0996094 0.0712891 0.000267267
11 0.0263672 0.00976562 0.0527344 0.0175781 0.000267744
0 0.618652 0.326172 0.0283203 0.0273438 0.000273943
6 0.358398 0.421875 0.132812 0.128906 0.000274181
2 0.532227 0.225098 0.101562 0.0712891 0.000276804
11 0.622559 0.132812 0.100586 0.0585938 0.000277758
11 0.656738 0.12207 0.0849609 0.0214844 0.000278473
7 0.361328 0.13623 0.0566406 0.0283203 0.000285625
8 0.578613 0.476562 0.333008 0.109375 0.000291824
9 0.53125 0.224121 0.0585938 0.0517578 0.000292063
9 0.32373 0.549316 0.249023 0.141602 0.000293493
7 0.579102 0.476562 0.333984 0.125 0.000300407
0 0.521484 0.216309 0.0332031 0.0419922 0.000302792
0 0.53125 0.224121 0.0585938 0.0517578 0.000304461
10 0.00976562 0.0209961 0.0175781 0.0400391 0.000305176
9 0.361328 0.13623 0.0566406 0.0283203 0.000306129
9 0.501465 0.290527 0.0302734 0.0322266 0.000312567
2 0.51123 0.296875 0.0556641 0.0507812 0.00031352
1 0.579102 0.476562 0.333984 0.125 0.000327349
10 0.548828 0.25293 0.164062 0.109375 0.000344276
1 0.549805 0.250977 0.166016 0.0976562 0.000354052
10 0.00878906 0.00927734 0.015625 0.0185547 0.000356913
9 0.54248 0.325684 0.200195 0.264648 0.000360012
9 0.94043 0.203613 0.119141 0.141602 0.000362396
5 0.550781 0.25293 0.179688 0.115234 0.000364304
12 0.577637 0.476562 0.334961 0.103516 0.000369549
13 0.577637 0.476562 0.334961 0.103516 0.000375509
8 0.338867 0.449219 0.0273438 0.0195312 0.000376701
8 0.589355 0.242676 0.0927734 0.0771484 0.000388384
11 0.601562 0.152344 0.0585938 0.0839844 0.000389338
11 0.640625 0.133301 0.109375 0.0302734 0.000402212
2 0.362305 0.13623 0.0585938 0.0283203 0.000406265
2 0.577637 0.476562 0.334961 0.103516 0.000407457
7 0.475098 0.197754 0.0595703 0.12793 0.000410795
0 0.524902 0.289062 0.0908203 0.0898438 0.000411749
8 0.500977 0.290039 0.03125 0.03125 0.000412226
2 0.625 0.324707 0.0410156 0.0439453 0.000412464
5 0.578125 0.474121 0.333984 0.125977 0.000413656
11 0.579102 0.474121 0.339844 0.108398 0.00041604
12 0.549805 0.250977 0.166016 0.0976562 0.0004282
11 0.00976562 0.0209961 0.0175781 0.0400391 0.000429869
3 0.591797 0.245117 0.0859375 0.0800781 0.000436783
13 0.417969 0.40332 0.0546875 0.140625 0.00045681
5 0.352539 0.37793 0.146484 0.222656 0.000465393
8 0.549805 0.250977 0.166016 0.0976562 0.000468731
11 0.0400391 0.0185547 0.0800781 0.0371094 0.000469446
0 0.604492 0.289551 0.105469 0.143555 0.000476599
10 0.0400391 0.0185547 0.0800781 0.0371094 0.000478268
11 0.588867 0.241699 0.0917969 0.0751953 0.000481129
8 0.62793 0.324707 0.0136719 0.0146484 0.0005126
2 0.507812 0.235352 0.0351562 0.0449219 0.000536442
2 0.554199 0.255859 0.168945 0.109375 0.000563622
2 0.604004 0.237305 0.0595703 0.0585938 0.00056839
10 0.0273438 0.0356445 0.0546875 0.0712891 0.000591755
10 0.579102 0.476562 0.333984 0.125 0.000600815
11 0.466309 0.130859 0.0615234 0.0273438 0.000601292
11 0.00878906 0.00927734 0.015625 0.0185547 0.000601292
8 0.762695 0.484863 0.0253906 0.0205078 0.000629425
9 0.623047 0.324707 0.0234375 0.0205078 0.00063324
0 0.604492 0.233887 0.0566406 0.0556641 0.000637054
7 0.758789 0.451172 0.117188 0.105469 0.000650883
11 0.0219727 0.0336914 0.0439453 0.0673828 0.000662804
10 0.0205078 0.431152 0.0273438 0.0341797 0.000664234
8 0.623535 0.325684 0.0341797 0.0341797 0.000682831
2 0.53125 0.224121 0.0585938 0.0517578 0.000690937
11 0.0205078 0.431152 0.0273438 0.0341797 0.000738621
13 0.588867 0.241699 0.0917969 0.0751953 0.000835896
11 0.549805 0.250977 0.166016 0.0976562 0.000876904
13 0.361328 0.13623 0.0566406 0.0283203 0.000889778
13 0.549805 0.250977 0.166016 0.0976562 0.000955105
9 0.528809 0.151855 0.0205078 0.0302734 0.000979424
7 0.358398 0.421875 0.132812 0.128906 0.000998497
10 0.0185547 0.0170898 0.0371094 0.0341797 0.00104237
5 0.737793 0.369141 0.155273 0.283203 0.0010519
3 0.579102 0.520508 0.337891 0.119141 0.00106812
11 0.430664 0.125488 0.113281 0.0224609 0.00108337
13 0.373535 0.428223 0.110352 0.116211 0.00109482
9 0.578125 0.474121 0.333984 0.125977 0.00110722
11 0.604004 0.131836 0.0576172 0.0390625 0.00112057
9 0.588867 0.246094 0.0917969 0.0820312 0.00123596
9 0.522461 0.214355 0.03125 0.0341797 0.00136662
0 0.577148 0.456055 0.330078 0.138672 0.00149727
11 0.0185547 0.0170898 0.0371094 0.0341797 0.00166512
2 0.50293 0.238281 0.0214844 0.0273438 0.00187302
3 0.549805 0.250977 0.166016 0.0976562 0.0020237
9 0.548828 0.25293 0.164062 0.109375 0.00202751
8 0.522461 0.214355 0.03125 0.0341797 0.0020752
0 0.541504 0.276367 0.219727 0.205078 0.00213623
8 0.623047 0.324707 0.0234375 0.0205078 0.00233078
2 0.502441 0.289551 0.0322266 0.0341797 0.00242805
2 0.616699 0.326172 0.0341797 0.0292969 0.00247765
2 0.583496 0.237793 0.108398 0.0732422 0.00265121
11 0.625 0.123047 0.0898438 0.0273438 0.00310898
3 0.580566 0.493164 0.352539 0.259766 0.00349426
2 0.520996 0.215332 0.0302734 0.0361328 0.00401688
11 0.37207 0.13623 0.0878906 0.0458984 0.00514221
13 0.40625 0.430664 0.0429688 0.101562 0.00580597
2 0.623535 0.324707 0.0244141 0.0205078 0.00875854
11 0.398926 0.133789 0.12793 0.0292969 0.0092926
11 0.350098 0.144531 0.0751953 0.046875 0.0151901
11 0.362305 0.13623 0.0585938 0.0283203 0.0785522
0 0.549805 0.250977 0.166016 0.0976562 0.145386
0 0.588867 0.246094 0.0917969 0.0820312 0.22644
3 0.578613 0.476562 0.333008 0.109375 0.454346
