3 0.350586 0.599609 0.359375 0.261719 0.000101626
0 0.439453 0.295898 0.144531 0.117188 0.000102103
11 0.570312 0.347168 0.0878906 0.0986328 0.000102162
9 0.0761719 0.446289 0.152344 0.585938 0.000102341
5 0.780762 0.4375 0.21582 0.371094 0.000103235
3 0.178711 0.619141 0.199219 0.171875 0.000103772
10 0.0947266 0.718262 0.105469 0.120117 0.000104129
9 0.887695 0.603516 0.105469 0.148438 0.000104308
11 0.595215 0.15918 0.0537109 0.0117188 0.000104904
5 0.80957 0.650391 0.230469 0.125 0.000107169
3 0.134766 1 0.269531 0 0.000108063
5 0.371582 0.455566 0.282227 0.420898 0.000108838
6 0.190918 0.618164 0.168945 0.136719 0.000109911
5 0.276367 0.588867 0.130859 0.117188 0.000110328
5 0.209473 0.764648 0.418945 0.273438 0.000113904
9 0.595703 0.376953 0.220703 0.193359 0.000114024
13 0.824707 0.616699 0.0517578 0.0458984 0.00011456
10 0.909668 0.717285 0.12793 0.188477 0.000115156
11 0.216309 0.556152 0.264648 0.301758 0.000115335
9 0.70459 0.967285 0.46582 0.0654297 0.000115573
7 0.619141 0.241699 0.130859 0.133789 0.000117183
3 0.0654297 0.0756836 0.130859 0.149414 0.000117779
9 0.795898 0.637207 0.242188 0.104492 0.000118554
12 0.821777 0.618164 0.0771484 0.0566406 0.000120521
11 0.0830078 0.720703 0.105469 0.123047 0.000120699
0 0.59082 0.364746 0.111328 0.135742 0.000121534
2 0.557129 0.281738 0.0517578 0.0537109 0.000123143
8 0.279785 0.46875 0.0146484 0.0117188 0.00012362
7 0.845703 0.609863 0.0761719 0.0732422 0.000123978
4 0.216309 0.556152 0.264648 0.301758 0.00012517
2 0.572266 0.325195 0.0644531 0.0585938 0.000126123
8 0.541016 0.917969 0.03125 0.0273438 0.000127196
2 0.817383 0.618164 0.0878906 0.0644531 0.000128865
8 0.813965 0.604004 0.114258 0.102539 0.000130892
1 0.216309 0.556152 0.264648 0.301758 0.00013113
5 0.708984 0.492676 0.21875 0.370117 0.00013268
11 0.883301 0.714844 0.165039 0.207031 0.000132918
13 0.648926 0.20459 0.0537109 0.0458984 0.000135303
6 0.375488 0.299805 0.0830078 0.107422 0.000136018
9 0.379883 0.636719 0.103516 0.148438 0.000136256
0 0.557129 0.027832 0.186523 0.0556641 0.000136614
8 0.320312 0.474609 0.0117188 0.0136719 0.000138879
5 0.651367 0.20752 0.232422 0.112305 0.000140548
13 0.29541 0.340332 0.143555 0.180664 0.000141621
8 0.846191 0.629883 0.135742 0.111328 0.000142694
11 0.88916 0.585938 0.102539 0.162109 0.000142813
9 0.284668 0.632812 0.415039 0.224609 0.000143528
8 0.216309 0.556152 0.264648 0.301758 0.000144601
2 0.297363 0.36377 0.114258 0.0947266 0.000145555
9 0.155273 0.612793 0.154297 0.15918 0.000145912
9 0.880859 0.657227 0.236328 0.228516 0.000146151
13 0.873535 0.650879 0.143555 0.151367 0.00014627
7 0.770996 0.580566 0.260742 0.254883 0.000146985
10 0.941406 0.647461 0.107422 0.228516 0.000148296
11 0.731445 0.427246 0.392578 0.541992 0.000148416
4 0.736816 0.435059 0.375977 0.522461 0.000148535
13 0.342285 0.398926 0.0966797 0.0908203 0.000150084
13 0.547852 0.324707 0.138672 0.120117 0.000155449
13 0.626465 0.240723 0.12207 0.129883 0.000156641
5 0.189453 0.438965 0.154297 0.165039 0.000158548
10 0.103027 0.708496 0.206055 0.211914 0.000159383
1 0.887695 0.666504 0.134766 0.161133 0.000162244
10 0.216309 0.556152 0.264648 0.301758 0.000163674
11 0.334961 0.185059 0.113281 0.0263672 0.000163794
12 0.186523 0.640137 0.355469 0.260742 0.000165343
2 0.216309 0.556152 0.264648 0.301758 0.000167608
6 0.491211 0.37207 0.261719 0.175781 0.000168204
3 0.200195 0.166992 0.400391 0.333984 0.00017035
2 0.526367 0.015625 0.0625 0.0292969 0.000170708
13 0.305664 0.243164 0.119141 0.0917969 0.000171065
8 0.24707 0.467285 0.0117188 0.0107422 0.000171304
10 0.746582 0.94873 0.43457 0.102539 0.000172615
5 0.689941 0.583008 0.442383 0.310547 0.000173092
7 0.491211 0.378418 0.265625 0.180664 0.000175238
13 0.299316 0.236328 0.0771484 0.0546875 0.000176072
10 0.794922 0.696289 0.357422 0.146484 0.00017643
11 0.36377 0.183105 0.0595703 0.0244141 0.000177383
6 0.814941 0.648438 0.254883 0.193359 0.000178576
1 0.736816 0.435059 0.375977 0.522461 0.000179052
9 0.477051 0.294922 0.254883 0.166016 0.000183344
5 0.693848 0.255859 0.329102 0.207031 0.000184178
9 0.53418 0.0375977 0.326172 0.0732422 0.000186086
4 0.491211 0.378418 0.265625 0.180664 0.000187159
11 0.901367 0.651855 0.0761719 0.102539 0.000193
9 0.360352 0.290527 0.123047 0.149414 0.000194192
4 0.873535 0.650879 0.143555 0.151367 0.000195742
13 0.771973 0.581543 0.264648 0.249023 0.000196218
3 0.785156 0.0620117 0.429688 0.124023 0.000199318
13 0.186523 0.640137 0.355469 0.260742 0.000199795
0 0.440918 0.0693359 0.461914 0.138672 0.000200391
9 0.158203 0.670898 0.210938 0.164062 0.000201821
8 0.736816 0.435059 0.375977 0.522461 0.000205874
6 0.810547 0.578125 0.162109 0.181641 0.000206828
7 0.178711 0.619141 0.199219 0.171875 0.000207067
9 0.706055 0.63623 0.310547 0.168945 0.00020802
5 0.360352 0.290527 0.123047 0.149414 0.000208497
10 0.863281 0.569824 0.167969 0.200195 0.000209332
9 0.619629 0.243164 0.157227 0.152344 0.000211358
7 0.186523 0.640137 0.355469 0.260742 0.000214338
12 0.216309 0.556152 0.264648 0.301758 0.000216603
10 0.736816 0.435059 0.375977 0.522461 0.000219226
8 0.570312 0.34668 0.0859375 0.0996094 0.00022316
2 0.731445 0.427246 0.392578 0.541992 0.000229478
5 0.849609 0.459961 0.251953 0.470703 0.000229836
9 0.400879 0.631836 0.166992 0.205078 0.000232577
3 0.065918 0.680176 0.12793 0.291992 0.000232816
1 0.82373 0.618164 0.0830078 0.0644531 0.000235438
13 0.775879 0.647461 0.333008 0.160156 0.000236511
0 0.216309 0.556152 0.264648 0.301758 0.000236988
9 0.42627 0.681152 0.0341797 0.0400391 0.00024581
6 0.205566 0.668945 0.397461 0.259766 0.000249624
11 0.841309 0.669434 0.219727 0.182617 0.000252962
13 0.330566 0.344727 0.129883 0.128906 0.000254631
5 0.133789 0.542969 0.226562 0.404297 0.000257015
7 0.887695 0.603516 0.105469 0.148438 0.000257969
3 0.79834 0.541992 0.233398 0.28125 0.000260592
3 0.749023 0.164062 0.501953 0.328125 0.000261307
2 0.552246 0.29541 0.0322266 0.0302734 0.000261545
1 0.491211 0.361328 0.25 0.140625 0.000262976
0 0.417969 0.351562 0.167969 0.183594 0.000266314
11 0.681641 0.193359 0.279297 0.0878906 0.000271797
7 0.835938 0.570312 0.167969 0.183594 0.000272751
3 0.449219 0.0751953 0.455078 0.144531 0.000273466
13 0.793457 0.597656 0.18457 0.158203 0.000275135
3 0.575684 0.664062 0.495117 0.171875 0.000279665
11 0.73291 0.20752 0.116211 0.0927734 0.000281334
11 0.601074 0.17334 0.133789 0.0302734 0.000281811
6 0.824707 0.616699 0.0517578 0.0458984 0.000282288
5 0.325195 0.546875 0.222656 0.330078 0.000283957
5 0.72168 0.43457 0.341797 0.214844 0.00028491
11 0.224609 0.445312 0.351562 0.527344 0.000288725
4 0.224609 0.445312 0.351562 0.527344 0.000295401
13 0.331055 0.267578 0.138672 0.128906 0.000300884
9 0.209473 0.764648 0.418945 0.273438 0.000301361
5 0.120117 0.69043 0.234375 0.203125 0.0003016
12 0.491211 0.361328 0.25 0.140625 0.000314474
9 0.533203 0.0766602 0.445312 0.147461 0.00031662
5 0.311035 0.325684 0.18457 0.233398 0.000322342
7 0.792969 0.671875 0.332031 0.150391 0.000323772
9 0.904785 0.683594 0.106445 0.166016 0.000326633
5 0.814941 0.531738 0.149414 0.172852 0.000327349
5 0.491211 0.378418 0.265625 0.180664 0.000328302
3 0.186523 0.640137 0.355469 0.260742 0.00033164
9 0.518555 0.0375977 0.0820312 0.0751953 0.000333309
7 0.904785 0.683594 0.106445 0.166016 0.000339746
11 0.556152 0.187988 0.0556641 0.0361328 0.000342369
13 0.367676 0.296387 0.0947266 0.12207 0.000342607
8 0.491211 0.361328 0.25 0.140625 0.000353336
9 0.798828 0.613281 0.148438 0.09375 0.00035882
7 0.563477 0.595703 0.484375 0.164062 0.000360727
8 0.283203 0.472656 0.0234375 0.0195312 0.000361204
11 0.488281 0.359375 0.253906 0.154297 0.000362873
2 0.555664 0.311035 0.0664062 0.0576172 0.000376463
0 0.736816 0.435059 0.375977 0.522461 0.000379562
6 0.563477 0.595703 0.484375 0.164062 0.000380993
1 0.224609 0.445312 0.351562 0.527344 0.000382185
10 0.491211 0.378418 0.265625 0.180664 0.000383139
2 0.546875 0.325195 0.134766 0.123047 0.000395775
4 0.563477 0.595703 0.484375 0.164062 0.000400782
5 0.771973 0.259277 0.456055 0.311523 0.000407934
12 0.729004 0.443359 0.370117 0.484375 0.000408173
10 0.224609 0.445312 0.351562 0.527344 0.00041461
1 0.563477 0.595703 0.484375 0.164062 0.000416756
8 0.563477 0.595703 0.484375 0.164062 0.000421524
5 0.207031 0.307617 0.384766 0.271484 0.000422001
8 0.224609 0.445312 0.351562 0.527344 0.000422478
9 0.10791 0.634766 0.209961 0.263672 0.000422716
7 0.216309 0.556152 0.264648 0.301758 0.000423908
6 0.773926 0.585938 0.307617 0.226562 0.0004251
9 0.535645 0.353516 0.15918 0.123047 0.000425339
5 0.821289 0.618652 0.0683594 0.0537109 0.0004282
11 0.563477 0.595703 0.484375 0.164062 0.000436544
5 0.225586 0.436035 0.306641 0.208008 0.000440598
10 0.90625 0.651367 0.0761719 0.125 0.000442982
7 0.736816 0.435059 0.375977 0.522461 0.00044322
8 0.306641 0.300781 0.0292969 0.0234375 0.000443935
13 0.736816 0.435059 0.375977 0.522461 0.000444889
2 0.224609 0.445312 0.351562 0.527344 0.000449896
0 0.567871 0.385254 0.211914 0.194336 0.000452995
5 0.287109 0.370605 0.134766 0.116211 0.000458956
9 0.570312 0.34668 0.0859375 0.0996094 0.000469923
3 0.709473 0.984375 0.424805 0.03125 0.000474691
6 0.873535 0.650879 0.143555 0.151367 0.000485897
1 0.86377 0.621582 0.133789 0.129883 0.000491142
10 0.834473 0.62207 0.0966797 0.0722656 0.000491142
2 0.491211 0.361328 0.25 0.140625 0.000492096
5 0.208008 0.599121 0.140625 0.124023 0.000499249
9 0.065918 0.70459 0.12793 0.274414 0.000499725
2 0.563477 0.595703 0.484375 0.164062 0.000504017
13 0.491211 0.349121 0.263672 0.151367 0.000505447
11 0.83252 0.62207 0.0966797 0.0722656 0.000521183
13 0.563477 0.595703 0.484375 0.164062 0.000525951
13 0.290039 0.355469 0.113281 0.0898438 0.000528336
12 0.563477 0.595703 0.484375 0.164062 0.000534534
11 0.579102 0.168945 0.0761719 0.0273438 0.00054121
2 0.58252 0.342285 0.0498047 0.0693359 0.000545502
9 0.36084 0.137695 0.0966797 0.0722656 0.00056076
9 0.394531 0.304688 0.0585938 0.105469 0.000562668
4 0.847656 0.619141 0.136719 0.109375 0.000593185
9 0.824707 0.616699 0.0517578 0.0458984 0.000612259
9 0.117676 0.69873 0.145508 0.135742 0.000614166
3 0.340332 0.980469 0.446289 0.0390625 0.000622749
0 0.224609 0.445312 0.351562 0.527344 0.000628471
5 0.155762 0.598145 0.141602 0.15918 0.00063324
7 0.383789 0.30127 0.0742188 0.104492 0.00065136
13 0.570312 0.34668 0.0859375 0.0996094 0.00065279
13 0.39209 0.307129 0.0595703 0.0986328 0.000713825
13 0.211426 0.590332 0.209961 0.196289 0.000745296
2 0.541992 0.300293 0.0488281 0.0439453 0.000752449
11 0.702637 0.189453 0.129883 0.0722656 0.000757694
5 0.56543 0.598145 0.484375 0.166992 0.000777245
9 0.83252 0.594238 0.202148 0.21582 0.000781536
7 0.812988 0.603516 0.116211 0.101562 0.000787735
11 0.647949 0.17334 0.180664 0.0458984 0.000792503
3 0.557617 0.515137 0.486328 0.379883 0.000807285
7 0.224609 0.445312 0.351562 0.527344 0.000818729
7 0.811035 0.645996 0.206055 0.131836 0.000820637
11 0.33252 0.176758 0.104492 0.0214844 0.000832081
5 0.873535 0.650879 0.143555 0.151367 0.00085783
8 0.306152 0.436035 0.0166016 0.0146484 0.000862122
5 0.266113 0.586426 0.209961 0.165039 0.000862122
9 0.507324 0.469238 0.323242 0.40918 0.000879288
0 0.563477 0.595703 0.484375 0.164062 0.000899315
10 0.908203 0.621582 0.119141 0.172852 0.000902176
9 0.868164 0.65332 0.144531 0.140625 0.000902176
9 0.503906 0.699219 0.0351562 0.0273438 0.000930786
10 0.563477 0.595703 0.484375 0.164062 0.000957489
0 0.475586 0.430664 0.279297 0.306641 0.00101948
5 0.619629 0.243164 0.157227 0.152344 0.00102615
2 0.518066 0.0302734 0.0771484 0.0605469 0.00107384
13 0.224609 0.445312 0.351562 0.527344 0.00107861
11 0.594727 0.162109 0.0839844 0.0175781 0.0011301
3 0.491211 0.37207 0.261719 0.175781 0.0011425
12 0.224609 0.445312 0.351562 0.527344 0.00117016
13 0.837891 0.623047 0.152344 0.123047 0.00121117
9 0.541016 0.917969 0.03125 0.0273438 0.00122261
3 0.216309 0.556152 0.264648 0.301758 0.00124264
10 0.916992 0.700684 0.0820312 0.125977 0.00125504
9 0.768066 0.520508 0.280273 0.3125 0.00136852
5 0.810059 0.625 0.147461 0.0859375 0.00144386
10 0.828125 0.649414 0.242188 0.179688 0.00144768
6 0.736816 0.435059 0.375977 0.522461 0.00145912
9 0.792969 0.671875 0.332031 0.150391 0.00154591
11 0.916992 0.700684 0.0820312 0.125977 0.00160313
11 0.567383 0.178223 0.0761719 0.0400391 0.00165081
9 0.564941 0.599609 0.485352 0.148438 0.00166702
6 0.212402 0.591309 0.245117 0.209961 0.00173092
3 0.736816 0.435059 0.375977 0.522461 0.00186253
11 0.614746 0.164551 0.137695 0.0263672 0.00208282
9 0.11377 0.721191 0.227539 0.192383 0.00209045
4 0.827148 0.618652 0.0703125 0.0537109 0.00211525
0 0.479492 0.310547 0.259766 0.142578 0.00219345
3 0.224609 0.445312 0.351562 0.527344 0.00234222
9 0.491211 0.378418 0.265625 0.180664 0.00244522
2 0.570312 0.34668 0.0859375 0.0996094 0.00266075
13 0.312012 0.37793 0.116211 0.101562 0.00287437
6 0.224609 0.445312 0.351562 0.527344 0.00300407
9 0.847656 0.619141 0.136719 0.109375 0.00305939
9 0.211426 0.590332 0.243164 0.208008 0.0031929
11 0.89502 0.65918 0.110352 0.162109 0.0033741
7 0.873535 0.650879 0.143555 0.151367 0.00338745
6 0.837891 0.623047 0.152344 0.123047 0.00345993
9 0.737793 0.425781 0.387695 0.507812 0.00358963
9 0.176758 0.678223 0.353516 0.22168 0.00389099
10 0.887695 0.666504 0.134766 0.161133 0.00397873
9 0.82373 0.618164 0.0830078 0.0644531 0.00476837
5 0.825684 0.605469 0.0947266 0.0859375 0.00494385
13 0.817383 0.618164 0.0878906 0.0644531 0.0050354
8 0.82666 0.619141 0.0693359 0.0546875 0.0058136
5 0.773438 0.615723 0.300781 0.217773 0.00592041
9 0.224609 0.445312 0.351562 0.527344 0.00639343
11 0.86377 0.621582 0.131836 0.129883 0.00658798
3 0.70459 0.967285 0.46582 0.0654297 0.0071373
0 0.555176 0.348633 0.114258 0.105469 0.00733948
5 0.189453 0.629883 0.228516 0.169922 0.00801086
6 0.82373 0.618164 0.0830078 0.0644531 0.00962067
10 0.86377 0.621582 0.131836 0.129883 0.0102692
5 0.839355 0.598145 0.163086 0.168945 0.0117264
5 0.202148 0.649414 0.371094 0.255859 0.0158997
7 0.847656 0.619141 0.136719 0.109375 0.0164337
7 0.82666 0.618164 0.0693359 0.0546875 0.0296021
5 0.802734 0.541016 0.224609 0.269531 0.038269
5 0.215332 0.560547 0.250977 0.269531 0.0894775
5 0.739258 0.436523 0.369141 0.5 0.110107
0 0.491211 0.361328 0.25 0.140625 0.136719
5 0.233398 0.45459 0.349609 0.522461 0.168091
3 0.564941 0.604492 0.479492 0.142578 0.452637
