13 0.327148 0.265625 0.123047 0.123047 0.000100493
11 0.26416 0.196289 0.161133 0.107422 0.000104487
6 0.30957 0.255371 0.240234 0.180664 0.000106215
8 0.343262 0.678223 0.0419922 0.0341797 0.000107884
0 0.411621 0.950684 0.249023 0.0986328 0.000108421
3 0.576172 0.60498 0.429688 0.356445 0.000109375
0 0.57373 0.347656 0.0654297 0.0664062 0.000109732
10 0.120605 0.893555 0.0478516 0.0683594 0.000110328
9 0.741699 0.987305 0.0185547 0.0195312 0.000111341
11 0.922363 0.777344 0.0205078 0.0273438 0.000111759
10 0.0849609 0.864746 0.169922 0.270508 0.000115573
9 0.480469 0.121094 0.0332031 0.03125 0.000117719
13 0.800781 0.703125 0.0488281 0.0371094 0.000121295
8 0.13623 0.722168 0.0244141 0.0302734 0.000123858
7 0.788574 0.716309 0.0615234 0.0537109 0.000126123
9 0.258301 0.607422 0.235352 0.285156 0.000127673
5 0.273926 0.399902 0.211914 0.141602 0.000129938
11 0.40918 0.138672 0.0449219 0.0253906 0.000130892
12 0.255371 0.542969 0.329102 0.5625 0.000132322
9 0.403809 0.645996 0.129883 0.235352 0.00013268
8 0.791504 0.699219 0.0341797 0.0253906 0.000136375
6 0.219727 0.693359 0.216797 0.216797 0.000136375
7 0.987305 0.371582 0.0234375 0.0576172 0.00013721
11 0.560547 0.356934 0.111328 0.0888672 0.000140429
13 0.268555 0.256836 0.189453 0.101562 0.000141859
10 0.927246 0.839355 0.0341797 0.0498047 0.000142932
10 0.560547 0.356934 0.111328 0.0888672 0.000143766
3 0.206055 0.189453 0.412109 0.378906 0.000146389
11 0.365723 0.249512 0.120117 0.145508 0.000147223
4 0.365723 0.249512 0.120117 0.145508 0.000153661
9 0.274902 0.250977 0.211914 0.105469 0.000155807
9 0.208496 0.236816 0.102539 0.0439453 0.000157118
11 0.702637 0.157715 0.12207 0.0419922 0.000157356
13 0.791992 0.600586 0.111328 0.0605469 0.000157952
11 0.351074 0.166504 0.100586 0.0458984 0.000169873
11 0.925781 0.839355 0.0351562 0.0478516 0.000170469
2 0.560547 0.356934 0.111328 0.0888672 0.000174046
11 0.591797 0.169922 0.117188 0.0488281 0.000176072
9 0.450684 0.689453 0.196289 0.265625 0.000176787
11 0.308594 0.239258 0.228516 0.162109 0.000181913
3 0.559082 0.367676 0.116211 0.110352 0.000187635
8 0.741699 0.987305 0.0185547 0.0195312 0.000188828
3 0.601562 0.869629 0.724609 0.260742 0.000191212
11 0.598633 0.129395 0.0878906 0.0244141 0.000196099
9 0.827148 0.644043 0.175781 0.266602 0.000198245
8 0.177734 0.681152 0.0410156 0.0283203 0.000199199
2 0.741699 0.987305 0.0185547 0.0195312 0.000199318
11 0.366699 0.129883 0.0439453 0.015625 0.000200987
9 0.30957 0.255371 0.240234 0.180664 0.000221968
9 0.78125 0.77832 0.292969 0.107422 0.000223994
9 0.589355 0.430176 0.0595703 0.0712891 0.000227213
8 0.166992 0.6875 0.0175781 0.015625 0.000244856
11 0.353516 0.143066 0.0996094 0.0322266 0.000257015
9 0.560059 0.675293 0.399414 0.176758 0.00025773
9 0.26123 0.77832 0.321289 0.158203 0.000261784
11 0.190918 0.226562 0.0869141 0.0644531 0.000268698
9 0.987305 0.371582 0.0234375 0.0576172 0.000273228
11 0.659668 0.139648 0.0908203 0.0234375 0.000278711
11 0.268555 0.225586 0.199219 0.0742188 0.000283718
0 0.501465 0.489746 0.24707 0.43457 0.000283957
11 0.291016 0.17041 0.15625 0.0751953 0.000297308
7 0.128418 0.73291 0.0380859 0.0498047 0.000305653
13 0.314453 0.253418 0.220703 0.15332 0.000309706
13 0.662109 0.325684 0.078125 0.125977 0.000331402
5 0.23877 0.433594 0.213867 0.253906 0.000339031
8 0.788086 0.717285 0.0625 0.0556641 0.000347614
13 0.79541 0.599609 0.0869141 0.0234375 0.000379562
9 0.783691 0.548828 0.270508 0.478516 0.000384808
5 0.258301 0.607422 0.235352 0.285156 0.000417709
6 0.365723 0.249512 0.120117 0.145508 0.000423193
9 0.800781 0.703125 0.0488281 0.0371094 0.00043416
11 0.317383 0.138184 0.0996094 0.0283203 0.000435591
7 0.260254 0.23584 0.180664 0.0517578 0.000436783
3 0.788086 0.120117 0.423828 0.240234 0.000437975
11 0.730957 0.165039 0.0810547 0.0488281 0.000454426
11 0.642578 0.149414 0.166016 0.0351562 0.000458956
3 0.351074 0.897461 0.479492 0.205078 0.000459433
13 0.249023 0.236816 0.166016 0.0478516 0.000467062
11 0.249512 0.164062 0.0615234 0.0371094 0.000469923
7 0.297363 0.254395 0.225586 0.12793 0.000478268
11 0.567871 0.15918 0.0732422 0.0546875 0.000491142
11 0.380859 0.164062 0.0839844 0.0371094 0.000500202
11 0.223633 0.192383 0.0996094 0.0898438 0.000506878
11 0.30957 0.155762 0.152344 0.0380859 0.000511169
9 0.558594 0.375 0.121094 0.128906 0.000515938
13 0.375977 0.559082 0.0839844 0.0771484 0.000523567
9 0.22168 0.703125 0.226562 0.208984 0.000535965
9 0.365723 0.249512 0.120117 0.145508 0.00055027
11 0.38623 0.137207 0.0751953 0.0244141 0.000571728
5 0.219727 0.693359 0.216797 0.216797 0.000574589
9 0.499512 0.492188 0.250977 0.425781 0.000602245
11 0.577637 0.13916 0.0791016 0.0419922 0.000627041
7 0.218262 0.701172 0.227539 0.205078 0.000630856
9 0.245605 0.553711 0.303711 0.548828 0.000712872
7 0.800781 0.703125 0.0488281 0.0371094 0.000733852
10 0.117188 0.85791 0.0664062 0.0908203 0.000767231
9 0.509277 0.399414 0.227539 0.185547 0.000786304
9 0.128418 0.73291 0.0380859 0.0498047 0.000851154
8 0.776855 0.723145 0.0400391 0.0361328 0.000867367
8 0.128418 0.73291 0.0380859 0.0498047 0.000910759
11 0.379883 0.148438 0.0859375 0.0371094 0.000920773
11 0.617676 0.135742 0.116211 0.0234375 0.000947952
8 0.756348 0.529785 0.0205078 0.0166016 0.000981331
11 0.374023 0.129883 0.0761719 0.0214844 0.00100422
8 0.987305 0.371582 0.0234375 0.0576172 0.00104427
11 0.266113 0.162109 0.100586 0.0527344 0.0010891
5 0.827148 0.644043 0.175781 0.266602 0.00111485
9 0.259766 0.236328 0.179688 0.0488281 0.00130367
11 0.116211 0.855469 0.0585938 0.0898438 0.00158596
11 0.348145 0.132324 0.0849609 0.0244141 0.00166798
11 0.59668 0.149902 0.121094 0.0419922 0.00191116
5 0.788086 0.551758 0.251953 0.462891 0.00200653
7 0.365723 0.249512 0.120117 0.145508 0.00265884
11 0.234863 0.171387 0.0673828 0.0576172 0.00333786
5 0.243164 0.551758 0.292969 0.542969 0.00366974
8 0.800781 0.703125 0.0488281 0.0371094 0.00384331
3 0.560059 0.682129 0.407227 0.168945 0.00487518
10 0.117676 0.87207 0.0478516 0.0546875 0.0049324
11 0.117676 0.875488 0.0458984 0.0576172 0.00599289
11 0.744141 0.167969 0.0527344 0.0332031 0.00871277
0 0.509277 0.387695 0.217773 0.162109 0.0178375
0 0.560547 0.356934 0.111328 0.0888672 0.112854
