2 0.644043 0.319336 0.0126953 0.0136719 0.00010401
13 0.792969 0.213867 0.0546875 0.0625 0.000104308
8 0.419434 0.1875 0.0185547 0.0195312 0.000104308
13 0.769531 0.47998 0.0976562 0.0810547 0.0001055
11 0.402344 0.0947266 0.0488281 0.0175781 0.000106752
9 0.543945 0.417969 0.285156 0.449219 0.000106812
5 0.269531 0.330078 0.150391 0.130859 0.000107169
3 0.287598 0.581543 0.264648 0.22168 0.000109076
11 0.664551 0.0776367 0.0517578 0.0107422 0.000109255
11 0.672363 0.0849609 0.0634766 0.0195312 0.000110209
5 0.779297 0.467285 0.177734 0.225586 0.000111043
7 0.60791 0.151855 0.0751953 0.145508 0.000112057
11 0.666016 0.102539 0.123047 0.0585938 0.000112712
8 0.422363 0.221191 0.0498047 0.0439453 0.000113368
8 0.872559 0.431641 0.0146484 0.0136719 0.000116467
3 0.309082 0.457031 0.299805 0.488281 0.000116885
9 0.184082 0.537109 0.0244141 0.0273438 0.000118136
11 0.9375 0.714844 0.0351562 0.0703125 0.000120103
13 0.329102 0.632812 0.154297 0.078125 0.000120461
13 0.634766 0.63623 0.421875 0.141602 0.000122786
13 0.305664 0.608398 0.21875 0.138672 0.000123262
13 0.369141 0.594238 0.126953 0.149414 0.000123262
1 0.636719 0.635254 0.425781 0.166992 0.000123262
1 0.830078 0.684082 0.21875 0.0810547 0.000123739
13 0.291016 0.524902 0.195312 0.239258 0.000124097
9 0.792969 0.704102 0.0566406 0.0527344 0.000127554
8 0.402344 0.393555 0.0175781 0.0175781 0.000128031
13 0.34668 0.26709 0.15625 0.114258 0.000128388
0 0.828613 0.690918 0.239258 0.0869141 0.000131249
9 0.249023 0.0927734 0.0371094 0.0273438 0.000132203
2 0.630371 0.283203 0.0263672 0.0332031 0.000134587
11 0.736816 0.090332 0.12793 0.0517578 0.000136137
8 0.638672 0.628906 0.421875 0.173828 0.000137806
11 0.439941 0.12207 0.102539 0.0761719 0.000138164
11 0.712891 0.0834961 0.0703125 0.0146484 0.000141025
9 0.792969 0.708984 0.175781 0.0761719 0.00014329
11 0.638672 0.628906 0.421875 0.173828 0.00014329
11 0.42041 0.126953 0.102539 0.0410156 0.000143647
8 0.254395 0.601074 0.0126953 0.00878906 0.000144005
13 0.739746 0.418457 0.0263672 0.0166016 0.000145316
13 0.720215 0.198242 0.0224609 0.046875 0.000145793
5 0.853027 0.54248 0.147461 0.329102 0.000148058
7 0.789551 0.652832 0.124023 0.137695 0.000149012
11 0.675781 0.0727539 0.0742188 0.0205078 0.000149488
8 0.824707 0.688965 0.231445 0.0693359 0.000155568
9 0.852051 0.67334 0.114258 0.0380859 0.000157952
11 0.69043 0.0786133 0.0996094 0.0419922 0.000159025
5 0.296875 0.38916 0.224609 0.333008 0.000160098
13 0.444336 0.24707 0.0429688 0.0410156 0.000160933
11 0.677246 0.0927734 0.0595703 0.0273438 0.00016284
11 0.611816 0.114258 0.0478516 0.0507812 0.000163794
7 0.43457 0.112305 0.0800781 0.0273438 0.000165701
13 0.686035 0.260742 0.12207 0.166016 0.000166178
9 0.793945 0.644043 0.169922 0.149414 0.000166297
13 0.330078 0.217285 0.0742188 0.0517578 0.000170112
4 0.830078 0.684082 0.21875 0.0810547 0.000172615
5 0.366211 0.615234 0.130859 0.111328 0.000174165
0 0.619141 0.290527 0.0625 0.0966797 0.000175357
2 0.638672 0.628906 0.421875 0.173828 0.000175357
11 0.641602 0.10791 0.0703125 0.0419922 0.000178099
13 0.359863 0.223633 0.19043 0.128906 0.000178337
9 0.60791 0.151855 0.0751953 0.145508 0.000184178
11 0.464844 0.097168 0.0546875 0.0205078 0.000188828
13 0.432617 0.254395 0.0253906 0.0439453 0.000190258
9 0.273926 0.100098 0.0263672 0.0283203 0.000193
3 0.634766 0.686035 0.390625 0.133789 0.000197649
6 0.602051 0.282227 0.100586 0.113281 0.000199914
12 0.638672 0.628906 0.421875 0.173828 0.000201702
3 0.828613 0.690918 0.239258 0.0869141 0.000202179
9 0.441406 0.418945 0.0703125 0.109375 0.000203252
13 0.384277 0.245605 0.118164 0.0693359 0.000203848
13 0.690918 0.36377 0.0595703 0.104492 0.000207305
5 0.82373 0.350098 0.131836 0.231445 0.000208855
4 0.600586 0.281738 0.101562 0.112305 0.000212431
9 0.89209 0.697754 0.129883 0.0849609 0.000213385
11 0.333984 0.114258 0.0664062 0.03125 0.00021565
11 0.378906 0.128906 0.158203 0.0722656 0.000221729
11 0.678711 0.097168 0.107422 0.0302734 0.000222683
11 0.716309 0.0751953 0.0830078 0.0234375 0.000232697
5 0.248535 0.452148 0.166992 0.355469 0.000243425
13 0.45166 0.515625 0.0400391 0.015625 0.000245094
6 0.830078 0.684082 0.21875 0.0810547 0.000248194
13 0.45459 0.526855 0.0302734 0.0244141 0.000248671
12 0.825684 0.689453 0.229492 0.0722656 0.000250578
9 0.440918 0.206055 0.0869141 0.130859 0.000250816
8 0.644043 0.319336 0.0126953 0.0136719 0.000251293
7 0.441406 0.418945 0.0703125 0.109375 0.000253677
0 0.636719 0.635254 0.425781 0.166992 0.000254393
5 0.326172 0.630371 0.164062 0.0791016 0.000258446
9 0.106934 0.494629 0.213867 0.672852 0.000260353
13 0.428223 0.245605 0.0712891 0.0751953 0.000261307
13 0.830078 0.684082 0.21875 0.0810547 0.000261784
9 0.797852 0.410156 0.226562 0.451172 0.000262737
11 0.658203 0.0810547 0.0742188 0.0136719 0.00026536
11 0.408691 0.114258 0.0537109 0.0214844 0.000270128
13 0.675781 0.232422 0.0371094 0.0820312 0.000271797
8 0.375488 0.169922 0.0107422 0.0117188 0.000275135
11 0.290039 0.143066 0.0429688 0.0341797 0.000280619
11 0.622559 0.120117 0.0830078 0.09375 0.000280857
5 0.638672 0.628906 0.421875 0.173828 0.000281572
0 0.604492 0.264648 0.0527344 0.0683594 0.000283003
13 0.347168 0.647461 0.120117 0.0449219 0.000288725
7 0.602051 0.282227 0.100586 0.113281 0.000290632
12 0.602051 0.282227 0.100586 0.113281 0.000294209
10 0.638672 0.628906 0.421875 0.173828 0.000296116
13 0.432617 0.205078 0.109375 0.148438 0.000298262
9 0.943359 0.426758 0.113281 0.746094 0.00030756
2 0.824707 0.688965 0.231445 0.0693359 0.00030756
11 0.37207 0.0991211 0.0527344 0.0205078 0.000308275
9 0.262695 0.544434 0.199219 0.260742 0.000315428
7 0.440918 0.206055 0.0869141 0.130859 0.00031662
0 0.542969 0.344238 0.224609 0.260742 0.000319242
5 0.253418 0.604004 0.174805 0.204102 0.000330687
11 0.62207 0.0883789 0.046875 0.0244141 0.000336885
8 0.780273 0.401367 0.0136719 0.0117188 0.000346422
8 0.274414 0.65625 0.0117188 0.0117188 0.000352144
11 0.393555 0.101074 0.0507812 0.0146484 0.000358343
5 0.339355 0.561035 0.143555 0.131836 0.00036335
13 0.685059 0.321777 0.0673828 0.149414 0.000373602
13 0.347168 0.22998 0.120117 0.0751953 0.000389338
1 0.600586 0.281738 0.101562 0.112305 0.000391722
9 0.823242 0.687012 0.119141 0.0615234 0.000415087
11 0.830078 0.684082 0.21875 0.0810547 0.000417709
10 0.831543 0.697754 0.231445 0.0908203 0.000432253
11 0.39209 0.0991211 0.12793 0.0576172 0.00044632
11 0.452637 0.117188 0.0732422 0.0429688 0.000452042
13 0.602051 0.282227 0.100586 0.113281 0.000453711
13 0.683105 0.25293 0.0654297 0.121094 0.000456095
13 0.327637 0.561035 0.157227 0.131836 0.000479937
11 0.643555 0.0878906 0.0742188 0.0214844 0.000481129
9 0.86084 0.674316 0.188477 0.0517578 0.000498772
9 0.834473 0.449219 0.147461 0.279297 0.000499725
8 0.602051 0.282227 0.100586 0.113281 0.000505924
5 0.602051 0.282227 0.100586 0.113281 0.000522137
11 0.693848 0.0874023 0.0537109 0.0185547 0.00055027
11 0.598633 0.271973 0.103516 0.0908203 0.000551224
5 0.844238 0.690918 0.204102 0.0869141 0.000553131
11 0.395996 0.10791 0.0595703 0.0205078 0.000566006
5 0.239746 0.539551 0.139648 0.213867 0.00056982
9 0.972168 0.442383 0.0556641 0.626953 0.000574589
11 0.681152 0.0776367 0.0576172 0.0146484 0.00062418
2 0.601074 0.271973 0.0986328 0.0908203 0.000631809
9 0.533203 0.310547 0.207031 0.238281 0.000662327
5 0.305176 0.609863 0.219727 0.137695 0.000668526
8 0.184082 0.537109 0.0244141 0.0273438 0.000692368
11 0.665527 0.0869141 0.100586 0.0292969 0.000696659
9 0.637695 0.637695 0.427734 0.150391 0.000706196
9 0.309082 0.457031 0.299805 0.488281 0.000746727
9 0.787109 0.680176 0.117188 0.0947266 0.00075531
11 0.451172 0.0932617 0.0566406 0.0146484 0.000758648
9 0.262695 0.0976562 0.0449219 0.0410156 0.000790119
11 0.361328 0.10791 0.0859375 0.0185547 0.00079298
11 0.420898 0.0976562 0.0664062 0.0136719 0.000798225
0 0.578125 0.287598 0.199219 0.166992 0.000813961
10 0.137207 0.766602 0.0361328 0.0449219 0.000825882
10 0.600586 0.281738 0.101562 0.112305 0.000840664
11 0.688965 0.0820312 0.0439453 0.0136719 0.000875473
9 0.824707 0.693359 0.25293 0.166016 0.0010004
11 0.13623 0.766602 0.0361328 0.0507812 0.00101757
13 0.366699 0.540039 0.0791016 0.0722656 0.00106621
11 0.785645 0.10498 0.0458984 0.0283203 0.00108624
13 0.803223 0.225098 0.0341797 0.0419922 0.00112343
11 0.44873 0.101562 0.0771484 0.03125 0.00113297
11 0.40625 0.117188 0.103516 0.0234375 0.00116253
11 0.718262 0.0869141 0.12793 0.0273438 0.00118828
5 0.797852 0.410156 0.226562 0.451172 0.00132084
9 0.600586 0.281738 0.101562 0.112305 0.00134563
11 0.421387 0.108398 0.120117 0.0410156 0.00140095
3 0.602051 0.282227 0.100586 0.113281 0.00144768
9 0.259766 0.0957031 0.0117188 0.00976562 0.00145531
7 0.830078 0.684082 0.21875 0.0810547 0.00151253
9 0.516113 0.649414 0.15918 0.357422 0.00179577
8 0.740723 0.419922 0.0224609 0.0175781 0.0018549
11 0.69043 0.0786133 0.0859375 0.0224609 0.00187397
11 0.644043 0.0957031 0.0966797 0.0371094 0.00191021
11 0.76709 0.0976562 0.0791016 0.0390625 0.00218582
11 0.380371 0.104492 0.0576172 0.0136719 0.0022583
11 0.32666 0.124023 0.120117 0.0625 0.00263023
5 0.3125 0.422363 0.3125 0.59668 0.00284386
0 0.601562 0.316406 0.109375 0.169922 0.00290298
11 0.300781 0.134277 0.0585938 0.0439453 0.00304794
11 0.443359 0.120605 0.0625 0.0224609 0.00320435
11 0.412598 0.101562 0.0869141 0.0195312 0.00367355
5 0.834473 0.449219 0.147461 0.279297 0.00481796
11 0.62207 0.103027 0.0566406 0.0478516 0.00491714
9 0.262695 0.0981445 0.0292969 0.0263672 0.00551605
5 0.282715 0.541992 0.237305 0.279297 0.00560379
9 0.528809 0.502441 0.163086 0.526367 0.00648117
11 0.352051 0.111328 0.118164 0.046875 0.00772476
11 0.397949 0.0957031 0.0947266 0.0234375 0.00936127
11 0.392578 0.107422 0.125 0.0253906 0.0125504
11 0.43457 0.112305 0.0800781 0.0273438 0.0188599
11 0.375488 0.100586 0.0869141 0.0273438 0.0298615
9 0.825684 0.689453 0.229492 0.0722656 0.0530396
3 0.634766 0.63623 0.421875 0.141602 0.1026
0 0.600586 0.271484 0.0996094 0.0917969 0.436035
