11 0.473145 0.197754 0.0458984 0.0185547 0.000101924
3 0.222168 0.273438 0.444336 0.433594 0.000102222
11 0.336426 0.634766 0.260742 0.140625 0.000102282
11 0.408691 0.207031 0.0517578 0.0234375 0.000102282
9 0.458008 0.200684 0.0527344 0.0166016 0.000102937
9 0.245117 0.314453 0.490234 0.628906 0.000104606
1 0.19873 0.0488281 0.383789 0.09375 0.000106037
9 0.821289 0.581543 0.0742188 0.0302734 0.000106514
7 0.229004 0.612305 0.0595703 0.121094 0.000106573
13 0.803711 0.604492 0.0585938 0.0390625 0.000107646
11 0.852051 0.636719 0.0634766 0.101562 0.000108063
10 0.780273 0.929199 0.142578 0.141602 0.0001086
13 0.827148 0.619141 0.0800781 0.078125 0.000113189
11 0.110352 0.994629 0.0351562 0.0107422 0.000115871
13 0.36084 0.422852 0.241211 0.322266 0.000117481
12 0.27002 0.097168 0.530273 0.194336 0.000119507
0 0.657227 0.382812 0.242188 0.162109 0.000120163
4 0.795898 0.568359 0.134766 0.144531 0.000122011
10 0.872559 0.688965 0.0322266 0.0615234 0.000122905
10 0.321777 0.945312 0.268555 0.105469 0.000123143
6 0.227051 0.0888672 0.452148 0.177734 0.000123262
8 0.0917969 0.657227 0.0332031 0.0390625 0.000123382
4 0.19873 0.0488281 0.383789 0.09375 0.000125289
6 0.378418 0.538086 0.161133 0.0839844 0.000125647
5 0.819336 0.589355 0.0859375 0.0478516 0.000129342
11 0.210938 0.650391 0.0371094 0.0859375 0.00012958
13 0.777344 0.501465 0.128906 0.116211 0.000130177
13 0.791992 0.503418 0.0878906 0.0341797 0.000130296
7 0.378418 0.538086 0.161133 0.0839844 0.000130534
6 0.355469 0.419922 0.25 0.330078 0.000131249
9 0.353027 0.515137 0.206055 0.118164 0.000133634
13 0.416992 0.523926 0.0996094 0.110352 0.000139832
13 0.462402 0.202637 0.0126953 0.0107422 0.000139832
7 0.244141 0.632324 0.109375 0.145508 0.00014019
9 0.341309 0.689453 0.28418 0.160156 0.000140786
10 0.400391 0.915527 0.375 0.165039 0.000142694
9 0.64209 0.353027 0.0517578 0.0595703 0.000144601
11 0.645996 0.239258 0.0458984 0.03125 0.000147223
2 0.601074 0.371582 0.147461 0.12793 0.000148058
2 0.19873 0.0488281 0.383789 0.09375 0.000148654
7 0.19873 0.0488281 0.383789 0.09375 0.000151157
9 0.383789 0.542969 0.128906 0.0507812 0.000154257
9 0.358398 0.592773 0.201172 0.103516 0.000154734
13 0.253906 0.493164 0.0566406 0.0332031 0.000157356
6 0.828125 0.594727 0.0683594 0.0488281 0.000159025
10 0.268066 0.647461 0.149414 0.130859 0.000160813
0 0.618652 0.381836 0.0751953 0.0917969 0.00016129
0 0.651855 0.362793 0.0361328 0.0400391 0.000162363
13 0.635742 0.362793 0.0605469 0.0751953 0.000163078
10 0.589355 0.375488 0.196289 0.157227 0.000164151
13 0.31543 0.530762 0.146484 0.0576172 0.000167727
9 0.381348 0.570801 0.139648 0.0498047 0.000169158
0 0.645508 0.381348 0.0644531 0.12207 0.000170231
9 0.135254 0.222168 0.249023 0.432617 0.000170231
13 0.295898 0.507324 0.0761719 0.0302734 0.000173211
11 0.707031 0.219238 0.0742188 0.0185547 0.000174761
0 0.15625 0.0825195 0.3125 0.165039 0.000176907
5 0.375977 0.486816 0.197266 0.194336 0.000177622
13 0.842773 0.581055 0.03125 0.0214844 0.000178099
6 0.821289 0.581543 0.0742188 0.0302734 0.00018096
13 0.104492 0.19873 0.0820312 0.0263672 0.000182271
11 0.661621 0.233887 0.0673828 0.0380859 0.000184298
9 0.536133 0.585449 0.167969 0.157227 0.000184536
5 0.29541 0.419434 0.118164 0.209961 0.00019002
13 0.30957 0.473633 0.150391 0.130859 0.000193596
13 0.368652 0.538086 0.0771484 0.0292969 0.000194788
8 0.748535 0.595215 0.0458984 0.0400391 0.000200629
2 0.648926 0.350586 0.0361328 0.0566406 0.000201702
0 0.323242 0.0317383 0.164062 0.0634766 0.000201702
7 0.725586 0.578125 0.138672 0.126953 0.000203133
10 0.857422 0.651367 0.0507812 0.0878906 0.000207543
3 0.589355 0.375488 0.196289 0.157227 0.000210047
10 0.221191 0.585449 0.0458984 0.0966797 0.0002141
11 0.657715 0.220703 0.0537109 0.0214844 0.000216126
0 0.846191 0.0576172 0.204102 0.115234 0.000219107
13 0.296875 0.487793 0.121094 0.0517578 0.000221968
13 0.768066 0.507812 0.108398 0.0488281 0.000226259
9 0.828125 0.594727 0.0683594 0.0488281 0.000229239
6 0.776855 0.481445 0.172852 0.330078 0.000234723
13 0.769531 0.507812 0.160156 0.275391 0.000236988
3 0.200195 0.0820312 0.378906 0.162109 0.000239611
2 0.462402 0.202637 0.0126953 0.0107422 0.000244021
12 0.227051 0.616699 0.0478516 0.0654297 0.000246525
8 0.228516 0.617188 0.0449219 0.0566406 0.000249624
4 0.229004 0.613281 0.0439453 0.0546875 0.00025177
9 0.785645 0.928223 0.0791016 0.0908203 0.000252485
11 0.680176 0.208984 0.0751953 0.0175781 0.000257969
0 0.644043 0.365234 0.0244141 0.0273438 0.000262976
11 0.40625 0.221191 0.130859 0.0712891 0.000266075
11 0.260742 0.609375 0.121094 0.0878906 0.000267982
7 0.821289 0.581543 0.0742188 0.0302734 0.000268221
9 0.589355 0.375488 0.196289 0.157227 0.000284672
11 0.221191 0.585449 0.0458984 0.0966797 0.000285149
11 0.723633 0.231445 0.125 0.0507812 0.000286341
11 0.871094 0.683105 0.0351562 0.0595703 0.000286579
5 0.743164 0.396973 0.201172 0.31543 0.000287533
9 0.645508 0.362793 0.0253906 0.0283203 0.000288963
8 0.643555 0.356934 0.0371094 0.0439453 0.000297308
9 0.547363 0.293945 0.0732422 0.1875 0.00030303
6 0.620117 0.596191 0.339844 0.106445 0.000307798
2 0.228027 0.612793 0.0478516 0.0751953 0.000313282
13 0.286621 0.509766 0.12207 0.0839844 0.000315666
4 0.620117 0.596191 0.339844 0.106445 0.000324965
9 0.462402 0.202637 0.0126953 0.0107422 0.00033474
5 0.744141 0.555664 0.171875 0.197266 0.000335455
9 0.244141 0.632324 0.109375 0.145508 0.000338554
10 0.375 0.980469 0.324219 0.0371094 0.000339031
0 0.609863 0.354492 0.0615234 0.0722656 0.000339508
10 0.216797 0.644531 0.0683594 0.111328 0.000339508
9 0.344238 0.580078 0.229492 0.0488281 0.000340939
13 0.797363 0.572754 0.0712891 0.0283203 0.000342131
3 0.623535 0.635742 0.325195 0.103516 0.000343084
3 0.179199 0.20166 0.358398 0.40332 0.000351906
0 0.229004 0.609863 0.0498047 0.0634766 0.000352144
9 0.0922852 0.657227 0.0361328 0.0390625 0.000353336
7 0.619629 0.591309 0.338867 0.124023 0.000386
8 0.620117 0.596191 0.339844 0.106445 0.00039506
3 0.226074 0.614258 0.0458984 0.0605469 0.000400066
5 0.305664 0.491211 0.150391 0.117188 0.000410318
12 0.620117 0.596191 0.339844 0.106445 0.000423908
5 0.245117 0.314453 0.490234 0.628906 0.000430822
13 0.619629 0.591309 0.338867 0.124023 0.000437021
13 0.797852 0.606934 0.113281 0.0673828 0.000448465
1 0.619629 0.591309 0.338867 0.124023 0.000449419
2 0.620117 0.596191 0.339844 0.106445 0.000451088
11 0.616699 0.592773 0.336914 0.117188 0.000452757
13 0.644531 0.360352 0.0292969 0.03125 0.000459433
13 0.227051 0.616699 0.0478516 0.0751953 0.000463486
11 0.645996 0.226562 0.0537109 0.0351562 0.000483036
11 0.459961 0.200195 0.0800781 0.0253906 0.000487804
4 0.616699 0.365723 0.108398 0.110352 0.000490665
7 0.344238 0.626465 0.256836 0.124023 0.000497818
7 0.616699 0.365723 0.108398 0.110352 0.000498295
8 0.645508 0.362793 0.0253906 0.0283203 0.000523567
10 0.415527 0.965332 0.374023 0.0693359 0.000527382
6 0.618164 0.367188 0.105469 0.111328 0.000541687
5 0.619629 0.591309 0.338867 0.124023 0.000558853
11 0.461426 0.209961 0.0986328 0.0429688 0.000567436
13 0.19873 0.0488281 0.383789 0.09375 0.000570774
5 0.36084 0.526855 0.194336 0.0947266 0.000573635
12 0.616699 0.365723 0.108398 0.110352 0.000577927
11 0.216797 0.644531 0.0683594 0.111328 0.000593662
0 0.629395 0.400391 0.106445 0.177734 0.00059557
7 0.828125 0.595215 0.0722656 0.0556641 0.000605106
6 0.778809 0.575684 0.157227 0.145508 0.000615597
10 0.260742 0.609375 0.121094 0.0878906 0.000644684
10 0.319824 0.623535 0.256836 0.118164 0.000653744
13 0.32959 0.541992 0.116211 0.0273438 0.000677586
9 0.228027 0.612793 0.0478516 0.0751953 0.000688553
11 0.48291 0.224609 0.0498047 0.0585938 0.00071907
9 0.808594 0.579102 0.0976562 0.0507812 0.000724792
9 0.554688 0.429688 0.191406 0.255859 0.000727177
1 0.228027 0.612793 0.0478516 0.0751953 0.000729561
5 0.811035 0.568359 0.0888672 0.046875 0.000763893
11 0.437988 0.203125 0.0615234 0.0175781 0.000773907
11 0.233398 0.622559 0.0820312 0.178711 0.000776291
10 0.619629 0.591309 0.338867 0.124023 0.000781536
1 0.618164 0.367188 0.105469 0.111328 0.000809669
9 0.765625 0.464844 0.197266 0.357422 0.000837326
6 0.19873 0.0488281 0.383789 0.09375 0.000849247
13 0.79248 0.576172 0.131836 0.142578 0.000882626
9 0.349609 0.41748 0.232422 0.299805 0.000895977
13 0.819824 0.569336 0.0693359 0.0273438 0.000898361
11 0.618164 0.367188 0.105469 0.111328 0.000938892
5 0.618164 0.367188 0.105469 0.111328 0.000960827
9 0.814453 0.587891 0.09375 0.105469 0.000963688
6 0.808594 0.579102 0.0976562 0.0507812 0.000991821
0 0.619629 0.591309 0.338867 0.124023 0.000997543
8 0.618164 0.367188 0.105469 0.111328 0.00100708
7 0.808594 0.579102 0.0976562 0.0507812 0.00102711
7 0.78125 0.554199 0.160156 0.174805 0.00104046
10 0.233398 0.622559 0.0820312 0.178711 0.00108147
5 0.227051 0.0888672 0.452148 0.177734 0.00111389
11 0.379883 0.222168 0.0878906 0.0517578 0.00114822
0 0.554688 0.429688 0.191406 0.255859 0.00115585
7 0.228516 0.61377 0.0488281 0.0654297 0.0011797
11 0.677734 0.216797 0.0898438 0.0234375 0.00121784
11 0.77002 0.249023 0.0693359 0.0605469 0.00123024
9 0.796387 0.556152 0.133789 0.168945 0.00124359
13 0.829102 0.59375 0.0566406 0.0273438 0.00127602
13 0.39502 0.553711 0.12207 0.0507812 0.00128937
13 0.773926 0.506348 0.0908203 0.0205078 0.00137711
13 0.618164 0.367188 0.105469 0.111328 0.00138092
11 0.703125 0.22168 0.121094 0.0292969 0.00138664
9 0.619629 0.591309 0.338867 0.124023 0.00145531
10 0.616699 0.365723 0.108398 0.110352 0.00146198
11 0.734863 0.227051 0.0751953 0.0361328 0.0015974
0 0.641602 0.355469 0.0390625 0.0429688 0.00161552
8 0.462402 0.202637 0.0126953 0.0107422 0.00166225
11 0.341309 0.24707 0.0693359 0.0683594 0.00171375
13 0.268555 0.498535 0.0566406 0.0244141 0.0017662
13 0.341309 0.521484 0.213867 0.09375 0.00187969
5 0.19873 0.0488281 0.383789 0.09375 0.00190163
13 0.306152 0.507324 0.133789 0.0458984 0.00190258
10 0.865234 0.671875 0.0390625 0.0625 0.00208855
5 0.814941 0.588867 0.0966797 0.105469 0.0022068
9 0.415039 0.0356445 0.0234375 0.0693359 0.00221825
6 0.810059 0.585449 0.108398 0.104492 0.00224113
9 0.618164 0.367188 0.105469 0.111328 0.00224495
3 0.615723 0.565918 0.352539 0.260742 0.00227356
11 0.406738 0.209961 0.0869141 0.0332031 0.00231934
11 0.86377 0.666504 0.0419922 0.0830078 0.00237465
11 0.244141 0.601074 0.0703125 0.0673828 0.00247765
13 0.365234 0.537598 0.152344 0.0458984 0.00276947
11 0.751953 0.237793 0.0742188 0.0458984 0.00279045
10 0.244141 0.601074 0.0703125 0.0673828 0.0028038
13 0.822754 0.597656 0.0712891 0.0488281 0.0028801
13 0.830078 0.577148 0.0566406 0.0234375 0.00318146
3 0.616699 0.365723 0.108398 0.110352 0.00346565
11 0.478516 0.208984 0.0566406 0.0332031 0.00353813
11 0.462402 0.202637 0.0185547 0.0107422 0.0039978
13 0.808105 0.58252 0.106445 0.0751953 0.0045929
7 0.80957 0.584961 0.105469 0.105469 0.00496292
11 0.458008 0.200684 0.0527344 0.0166016 0.00635529
2 0.628418 0.361816 0.0888672 0.0947266 0.00688553
2 0.636719 0.361816 0.0488281 0.0576172 0.00703049
9 0.338867 0.632812 0.265625 0.134766 0.00761414
0 0.579102 0.373535 0.175781 0.133789 0.00771713
10 0.217285 0.624023 0.0439453 0.0664062 0.0077858
13 0.276855 0.5 0.0869141 0.0371094 0.00937653
11 0.434082 0.204102 0.0947266 0.0253906 0.00946808
13 0.818848 0.57959 0.0849609 0.0361328 0.0100327
11 0.217285 0.624023 0.0439453 0.0683594 0.0107727
0 0.63623 0.352051 0.0634766 0.0673828 0.013237
5 0.349609 0.41748 0.232422 0.299805 0.0164185
5 0.776855 0.481445 0.172852 0.330078 0.0169525
5 0.796387 0.556152 0.133789 0.168945 0.0190582
2 0.644531 0.360352 0.0292969 0.03125 0.0242004
11 0.228027 0.614258 0.0576172 0.103516 0.045166
10 0.228027 0.614258 0.0576172 0.103516 0.0457764
10 0.22998 0.612793 0.0439453 0.0576172 0.143555
11 0.22998 0.612305 0.0439453 0.0566406 0.1521
3 0.620117 0.596191 0.339844 0.106445 0.521973
0 0.615234 0.359375 0.109375 0.0976562 0.70459
