12 0.186035 0.0527344 0.37207 0.105469 0.000100315
8 0.711914 0.510742 0.03125 0.0273438 0.000100851
8 0.782227 0.52002 0.0507812 0.0341797 0.000105321
13 0.40332 0.303223 0.0742188 0.0966797 0.000107408
11 0.412598 0.0893555 0.0673828 0.0244141 0.000107944
9 0.521973 0.298828 0.15918 0.171875 0.000108659
13 0.799316 0.263672 0.0419922 0.03125 0.000111938
11 0.728027 0.670898 0.0498047 0.0292969 0.000113785
8 0.682617 0.600098 0.00976562 0.00683594 0.000115871
13 0.851074 0.492188 0.0302734 0.00976562 0.00012207
13 0.0859375 0.0737305 0.171875 0.147461 0.000126243
11 0.693359 0.0952148 0.0527344 0.0224609 0.000126839
2 0.807617 0.538086 0.0117188 0.0117188 0.000126958
9 0.242676 0.0551758 0.473633 0.108398 0.000135779
7 0.623535 0.690918 0.0810547 0.0498047 0.000136614
10 0.120605 0.753906 0.0478516 0.0800781 0.000142097
9 0.805664 0.395508 0.146484 0.25 0.000144482
13 0.778809 0.318848 0.0517578 0.0341797 0.000145197
11 0.359375 0.0932617 0.0742188 0.0185547 0.000148296
13 0.807129 0.0766602 0.385742 0.15332 0.000148773
9 0.982422 0.0102539 0.0195312 0.0185547 0.000149727
8 0.706543 0.645508 0.0419922 0.03125 0.000152946
7 0.782227 0.319824 0.0449219 0.0322266 0.000156879
9 0.778809 0.318848 0.0517578 0.0341797 0.000159383
11 0.380371 0.0966797 0.0615234 0.0195312 0.000160456
8 0.649414 0.26416 0.0332031 0.0302734 0.000161648
11 0.672363 0.0908203 0.0732422 0.0214844 0.000163794
8 0.623535 0.68457 0.0966797 0.0566406 0.000182629
2 0.701172 0.399414 0.0234375 0.0175781 0.000185847
5 0.805176 0.0507812 0.387695 0.101562 0.000190854
11 0.120605 0.753906 0.0478516 0.0800781 0.000193119
8 0.601074 0.735352 0.0556641 0.0429688 0.000206351
13 0.390137 0.291992 0.0537109 0.0507812 0.000206828
13 0.807617 0.538086 0.0117188 0.0117188 0.000213742
13 0.788574 0.274902 0.0322266 0.0107422 0.000218153
7 0.633301 0.749023 0.15918 0.150391 0.000255108
11 0.34668 0.097168 0.134766 0.0498047 0.000268459
11 0.625488 0.0966797 0.118164 0.046875 0.000277042
9 0.807617 0.538086 0.0117188 0.0117188 0.000297308
7 0.817871 0.408691 0.114258 0.186523 0.000299454
8 0.212402 0.320801 0.0400391 0.0283203 0.00030756
11 0.303711 0.102539 0.0683594 0.0371094 0.00032115
11 0.354004 0.0883789 0.108398 0.0244141 0.000321627
7 0.628906 0.650391 0.123047 0.132812 0.00032568
11 0.73291 0.104492 0.0693359 0.0449219 0.000329018
11 0.591309 0.10791 0.0537109 0.0419922 0.000331402
8 0.6875 0.313965 0.015625 0.0126953 0.00034833
8 0.701172 0.513672 0.046875 0.0390625 0.00036025
8 0.658203 0.320312 0.0195312 0.0175781 0.00041008
9 0.623535 0.685059 0.0908203 0.0537109 0.000430346
11 0.386719 0.0898438 0.0957031 0.0195312 0.000445604
9 0.634766 0.73877 0.160156 0.15332 0.000465155
8 0.630371 0.6875 0.0556641 0.0410156 0.000474215
8 0.307617 0.560059 0.0527344 0.0380859 0.00047493
12 0.284668 0.427734 0.364258 0.609375 0.000511169
11 0.623535 0.0844727 0.0927734 0.0263672 0.000535011
9 0.0844727 0.171875 0.0556641 0.0351562 0.000536919
8 0.70166 0.398926 0.0244141 0.0166016 0.00055027
9 0.284668 0.427734 0.364258 0.609375 0.000583172
11 0.652832 0.0751953 0.0712891 0.015625 0.000646114
11 0.421875 0.108887 0.0664062 0.0322266 0.000669003
11 0.694336 0.0957031 0.109375 0.0546875 0.000679493
11 0.856445 0.77002 0.0371094 0.0673828 0.000762939
9 0.493652 0.45459 0.155273 0.481445 0.000882626
10 0.855957 0.772461 0.0341797 0.0527344 0.000917435
11 0.602051 0.0947266 0.0693359 0.0351562 0.0010128
8 0.359375 0.324219 0.03125 0.0234375 0.00104713
11 0.67627 0.0834961 0.100586 0.0283203 0.00107098
0 0.55127 0.270508 0.100586 0.0859375 0.00111008
9 0.621582 0.663574 0.133789 0.114258 0.00116444
10 0.118652 0.756836 0.0380859 0.0410156 0.00117397
11 0.390137 0.0957031 0.125977 0.0410156 0.00123882
11 0.118652 0.759277 0.0361328 0.0400391 0.00130177
11 0.650879 0.0786133 0.112305 0.0224609 0.00160694
8 0.778809 0.319336 0.0458984 0.03125 0.00163364
11 0.737305 0.671387 0.0292969 0.0205078 0.00189018
11 0.328125 0.0981445 0.0878906 0.0341797 0.00216675
13 0.400879 0.303223 0.0537109 0.0517578 0.00289917
11 0.653809 0.0898438 0.155273 0.0273438 0.00330162
8 0.807617 0.538086 0.0117188 0.0117188 0.00478745
10 0.854492 0.770508 0.0253906 0.03125 0.00524139
11 0.40918 0.0986328 0.0820312 0.0273438 0.00524902
11 0.856445 0.77002 0.0292969 0.0361328 0.00647354
11 0.361816 0.0957031 0.139648 0.0234375 0.00996399
11 0.71875 0.0991211 0.0546875 0.0283203 0.0132599
11 0.694824 0.0922852 0.0888672 0.0302734 0.0195312
