6 0.790039 0.527344 0.0878906 0.0585938 0.000100255
11 0.410645 0.181641 0.0439453 0.0390625 0.000100911
13 0.56543 0.638184 0.375 0.157227 0.000101149
13 0.694336 0.199707 0.0390625 0.0224609 0.000102282
9 0.612305 0.180664 0.0527344 0.046875 0.000102758
0 0.557617 0.347656 0.117188 0.173828 0.000103533
6 0.555664 0.366211 0.103516 0.107422 0.000104964
10 0.227051 0.916504 0.454102 0.151367 0.000107467
13 0.789551 0.527344 0.0888672 0.0585938 0.000108719
9 0.834473 0.664551 0.0166016 0.0146484 0.000108719
13 0.62207 0.251465 0.128906 0.194336 0.000109315
13 0.632324 0.257324 0.0791016 0.0732422 0.000109375
1 0.566406 0.63916 0.376953 0.15918 0.000110865
3 0.57373 0.687988 0.362305 0.114258 0.000111341
13 0.193359 0.668945 0.0292969 0.0195312 0.00011158
11 0.397461 0.177246 0.0742188 0.0673828 0.000112176
11 0.630371 0.144531 0.0791016 0.0195312 0.000112295
10 0.883789 0.798828 0.0566406 0.0566406 0.000112832
8 0.566406 0.63916 0.376953 0.15918 0.00011301
7 0.613281 0.175293 0.0546875 0.0439453 0.00011313
11 0.566406 0.63916 0.376953 0.15918 0.00011605
9 0.191406 0.669434 0.03125 0.0205078 0.000119865
13 0.819824 0.118652 0.360352 0.237305 0.000123262
11 0.571777 0.185547 0.0908203 0.09375 0.000127077
9 0.659668 0.272949 0.0322266 0.0263672 0.000130415
9 0.560547 0.230957 0.0742188 0.157227 0.000132203
3 0.791504 0.0986328 0.416992 0.197266 0.000132442
2 0.566406 0.63916 0.376953 0.15918 0.000135064
11 0.893066 0.792969 0.0458984 0.0800781 0.000135303
9 0.827148 0.594238 0.107422 0.22168 0.000135541
4 0.555664 0.366211 0.103516 0.107422 0.000135779
8 0.765137 0.544434 0.0107422 0.00878906 0.000136018
13 0.19043 0.0830078 0.380859 0.166016 0.00013876
13 0.340332 0.302246 0.0654297 0.0869141 0.000140071
13 0.353516 0.256348 0.0839844 0.102539 0.000141382
9 0.259766 0.461426 0.324219 0.493164 0.000148177
13 0.697754 0.388184 0.180664 0.213867 0.000149727
13 0.686523 0.203613 0.0605469 0.0400391 0.000150919
7 0.770508 0.697266 0.0898438 0.0742188 0.000155091
11 0.620117 0.154297 0.134766 0.0429688 0.000157475
12 0.566406 0.63916 0.376953 0.15918 0.00015974
11 0.352539 0.153809 0.0585938 0.0146484 0.000163436
11 0.31543 0.166992 0.103516 0.0253906 0.000169277
5 0.269531 0.448242 0.3125 0.533203 0.000169873
11 0.673828 0.160645 0.0605469 0.0185547 0.000173569
0 0.568359 0.353516 0.0546875 0.0683594 0.000174522
9 0.416016 0.263672 0.078125 0.181641 0.00017488
7 0.415039 0.264648 0.0800781 0.175781 0.000177145
7 0.552734 0.35791 0.107422 0.0908203 0.000177383
8 0.836914 0.661133 0.03125 0.0234375 0.000181198
12 0.556152 0.35791 0.102539 0.0888672 0.000183225
5 0.802246 0.51416 0.116211 0.15918 0.000184655
13 0.552734 0.35791 0.107422 0.0908203 0.000185847
11 0.599121 0.199219 0.0537109 0.0859375 0.000186086
7 0.803223 0.53418 0.108398 0.121094 0.000188231
13 0.163574 0.520508 0.0849609 0.046875 0.000190973
13 0.658203 0.27002 0.0332031 0.0263672 0.000196815
7 0.833984 0.614258 0.09375 0.173828 0.000200748
13 0.196777 0.667969 0.0146484 0.0117188 0.000203729
11 0.686035 0.188477 0.0810547 0.0488281 0.000204921
13 0.305664 0.26416 0.0507812 0.0791016 0.000206828
11 0.63623 0.154785 0.0732422 0.0185547 0.00022161
8 0.918945 0.28125 0.0332031 0.0253906 0.000222325
5 0.566406 0.63916 0.376953 0.15918 0.00022459
2 0.194336 0.668945 0.0273438 0.0195312 0.000226617
7 0.560547 0.220703 0.0703125 0.154297 0.000228763
13 0.363281 0.262207 0.123047 0.157227 0.000237107
3 0.0458984 0.900391 0.0917969 0.199219 0.000240445
10 0.566406 0.63916 0.376953 0.15918 0.000241756
0 0.566406 0.63916 0.376953 0.15918 0.000246525
5 0.555664 0.366211 0.103516 0.107422 0.000249624
1 0.556152 0.35791 0.102539 0.0888672 0.000251532
13 0.63623 0.306152 0.0849609 0.124023 0.000252247
9 0.744629 0.500977 0.286133 0.476562 0.000254631
11 0.726074 0.184082 0.0771484 0.0458984 0.000260592
8 0.70459 0.53125 0.0166016 0.015625 0.000261784
3 0.227051 0.916504 0.454102 0.151367 0.000270367
8 0.555664 0.366211 0.103516 0.107422 0.000271797
13 0.618652 0.231934 0.0712891 0.137695 0.000276327
9 0.524902 0.391602 0.15918 0.164062 0.000276566
11 0.620117 0.179199 0.0820312 0.0693359 0.000279427
8 0.73877 0.311035 0.0283203 0.0205078 0.000289679
11 0.331055 0.155273 0.0820312 0.0214844 0.000308514
6 0.810059 0.501953 0.141602 0.373047 0.000310421
11 0.38916 0.160156 0.0673828 0.03125 0.000328302
9 0.770508 0.697266 0.0898438 0.0742188 0.000332355
11 0.580566 0.162109 0.0830078 0.0371094 0.00033617
8 0.194336 0.668945 0.0273438 0.0195312 0.000348806
8 0.790039 0.527832 0.0898438 0.0576172 0.000353813
7 0.192871 0.456543 0.151367 0.389648 0.000359297
13 0.612305 0.180664 0.0488281 0.046875 0.000367403
0 0.043457 0.906738 0.0869141 0.178711 0.00037694
9 0.203125 0.450684 0.173828 0.405273 0.000386953
11 0.552734 0.35791 0.107422 0.0908203 0.000403643
13 0.325195 0.273438 0.0839844 0.0996094 0.000405788
9 0.803711 0.523438 0.117188 0.169922 0.000416756
9 0.197266 0.668457 0.0136719 0.0126953 0.000424147
13 0.305664 0.255859 0.03125 0.0546875 0.000453472
2 0.556152 0.35791 0.102539 0.0888672 0.000465393
2 0.197266 0.668457 0.0136719 0.0126953 0.000466585
10 0.556152 0.35791 0.102539 0.0888672 0.000470877
13 0.346191 0.331543 0.0869141 0.120117 0.000475407
5 0.826172 0.589844 0.111328 0.228516 0.00048399
10 0.0756836 0.762695 0.0400391 0.046875 0.000527859
7 0.810059 0.501953 0.141602 0.373047 0.000549316
13 0.164062 0.520508 0.0742188 0.0214844 0.000571728
8 0.659668 0.271973 0.0341797 0.0263672 0.000583172
10 0.887695 0.790039 0.0351562 0.0429688 0.000600338
11 0.333984 0.161133 0.111328 0.0253906 0.000605106
0 0.524902 0.391602 0.15918 0.164062 0.000630379
11 0.390625 0.166016 0.0410156 0.0253906 0.000635624
11 0.0756836 0.76123 0.0400391 0.0498047 0.00066328
11 0.682617 0.174316 0.136719 0.0615234 0.00066328
11 0.887695 0.790039 0.0351562 0.0449219 0.000665665
11 0.5625 0.179688 0.0605469 0.0546875 0.000715256
5 0.744629 0.500977 0.286133 0.476562 0.000725269
9 0.56543 0.641113 0.376953 0.139648 0.000752926
9 0.555664 0.366211 0.103516 0.107422 0.000752926
11 0.368164 0.166016 0.0957031 0.0273438 0.0007658
9 0.486328 0.460449 0.164062 0.358398 0.000782013
11 0.613281 0.174805 0.0585938 0.0429688 0.000828266
5 0.202637 0.481934 0.186523 0.393555 0.00083065
11 0.603027 0.152832 0.0908203 0.0244141 0.00083065
13 0.661621 0.344238 0.0888672 0.114258 0.000833035
11 0.688477 0.164062 0.0839844 0.0292969 0.00090456
8 0.834473 0.664551 0.0166016 0.0146484 0.000926018
13 0.603027 0.196289 0.0439453 0.0722656 0.00097084
9 0.808594 0.508789 0.136719 0.357422 0.00103664
11 0.399902 0.17334 0.0498047 0.0380859 0.00107098
3 0.552734 0.35791 0.107422 0.0908203 0.00130367
11 0.361328 0.155273 0.0820312 0.0234375 0.00132084
11 0.650879 0.16748 0.125977 0.0341797 0.00132275
11 0.612305 0.163574 0.0800781 0.0361328 0.00135422
11 0.63623 0.150391 0.114258 0.0234375 0.00200653
8 0.196777 0.667969 0.0146484 0.0117188 0.00241661
7 0.790039 0.527344 0.0878906 0.0585938 0.00274467
9 0.790039 0.527344 0.0878906 0.0585938 0.00394821
11 0.708008 0.170898 0.0800781 0.0410156 0.00403595
10 0.894531 0.799805 0.0332031 0.0410156 0.00415039
11 0.89502 0.799805 0.0322266 0.0429688 0.00556946
5 0.810059 0.501953 0.141602 0.373047 0.00652695
11 0.663574 0.158203 0.104492 0.0253906 0.00810242
3 0.565918 0.641113 0.37207 0.137695 0.0822144
0 0.556152 0.35791 0.102539 0.0888672 0.383789
