11 0.605469 0.135742 0.0566406 0.0449219 0.000100672
2 0.377441 0.655273 0.125977 0.0410156 0.000101447
8 0.716309 0.529785 0.0322266 0.0205078 0.00010258
8 0.401367 0.374512 0.03125 0.0224609 0.000103176
13 0.743164 0.459961 0.0136719 0.0136719 0.000104964
8 0.776855 0.651855 0.116211 0.0947266 0.000105262
13 0.326172 0.335938 0.046875 0.0292969 0.000105619
9 0.396484 0.819824 0.408203 0.333008 0.000105858
13 0.410645 0.612793 0.0654297 0.0966797 0.000107348
11 0.420898 0.625977 0.0488281 0.0820312 0.0001086
11 0.450195 0.106445 0.0527344 0.0195312 0.000109434
11 0.749512 0.376465 0.0576172 0.0380859 0.000110865
9 0.657715 0.296875 0.0615234 0.125 0.000111282
13 0.772949 0.378906 0.0986328 0.0488281 0.000112057
13 0.319336 0.348633 0.0585938 0.0429688 0.000115633
7 0.639648 0.472168 0.0664062 0.0869141 0.00011903
7 0.798828 0.647461 0.0488281 0.0449219 0.000120342
13 0.374023 0.659668 0.140625 0.0498047 0.000121593
8 0.73291 0.45459 0.0556641 0.0302734 0.00012207
9 0.759766 0.397949 0.0449219 0.0419922 0.000123143
8 0.635742 0.499023 0.0410156 0.0429688 0.000123143
11 0.450195 0.0966797 0.0527344 0.015625 0.000124216
13 0.682617 0.386719 0.0566406 0.0410156 0.000124454
11 0.21582 0.775391 0.0644531 0.0761719 0.000124693
8 0.407715 0.493164 0.0263672 0.0234375 0.000125289
11 0.88623 0.991211 0.0498047 0.0175781 0.000127554
13 0.661621 0.271973 0.0419922 0.0947266 0.000127673
8 0.743652 0.456055 0.0166016 0.0136719 0.000128508
11 0.015625 0.28125 0.03125 0.0683594 0.000130534
9 0.585938 0.603516 0.292969 0.169922 0.000132203
13 0.348633 0.351562 0.0878906 0.0527344 0.000133157
11 0.599609 0.102539 0.046875 0.0195312 0.000139952
8 0.741699 0.459473 0.0322266 0.0224609 0.000152349
13 0.408203 0.544922 0.0683594 0.140625 0.000152469
7 0.425781 0.595215 0.0429688 0.110352 0.000153065
11 0.42334 0.10498 0.0556641 0.0244141 0.000154376
8 0.733398 0.383301 0.0507812 0.0283203 0.00015533
2 0.742188 0.459961 0.015625 0.0136719 0.00015676
11 0.468262 0.120117 0.0634766 0.0585938 0.00015676
11 0.421875 0.142578 0.0742188 0.0351562 0.00015974
9 0.797852 0.646973 0.0429688 0.0380859 0.000167727
13 0.65918 0.325195 0.0332031 0.0957031 0.000171185
9 0.425781 0.578613 0.0527344 0.145508 0.000171781
9 0.334473 0.65918 0.0498047 0.03125 0.000173926
13 0.741699 0.39209 0.0771484 0.0693359 0.000174046
8 0.751953 0.454102 0.0371094 0.0292969 0.000179291
11 0.595703 0.117188 0.0429688 0.0371094 0.000179887
8 0.374512 0.65918 0.141602 0.0488281 0.000180721
11 0.617188 0.114746 0.078125 0.0400391 0.000184894
9 0.743652 0.459473 0.0126953 0.0126953 0.000185966
8 0.764648 0.429688 0.0117188 0.0078125 0.000188828
9 0.520996 0.82959 0.166992 0.317383 0.00019002
13 0.633789 0.359375 0.0410156 0.0351562 0.000190139
9 0.342285 0.459473 0.272461 0.49707 0.000190258
11 0.713867 0.158691 0.0527344 0.0478516 0.000197649
6 0.749512 0.376953 0.0556641 0.0371094 0.000207901
13 0.768066 0.369629 0.0634766 0.0400391 0.000211358
13 0.693359 0.339355 0.167969 0.178711 0.000222325
13 0.647949 0.355469 0.0419922 0.0605469 0.00022614
3 0.954102 0.669434 0.0917969 0.233398 0.000230551
13 0.655273 0.368652 0.0292969 0.0361328 0.000244021
2 0.338867 0.660156 0.130859 0.0429688 0.000252247
8 0.76123 0.40332 0.0400391 0.0292969 0.000255346
11 0.650879 0.111328 0.0576172 0.0292969 0.000267506
9 0.317871 0.661133 0.161133 0.0351562 0.00027585
13 0.66748 0.394531 0.0693359 0.0761719 0.000277996
13 0.424805 0.465332 0.0605469 0.0810547 0.000285387
9 0.353027 0.655273 0.0654297 0.0371094 0.000290871
8 0.42041 0.592773 0.0400391 0.0351562 0.000302076
8 0.661621 0.364746 0.0146484 0.0166016 0.000302076
13 0.706543 0.409668 0.137695 0.0927734 0.000317097
11 0.4375 0.120117 0.0898438 0.046875 0.000325918
8 0.816406 0.204102 0.0371094 0.0351562 0.000330448
9 0.918457 0.131348 0.0791016 0.0419922 0.000342846
8 0.64502 0.512695 0.0107422 0.00976562 0.000354052
11 0.60791 0.117188 0.0380859 0.0292969 0.00037241
11 0.674805 0.123535 0.046875 0.0419922 0.000423431
13 0.684082 0.337402 0.0947266 0.100586 0.000427723
9 0.335449 0.71582 0.239258 0.146484 0.000428915
9 0.576172 0.306641 0.0664062 0.0742188 0.000431776
7 0.749023 0.376465 0.0605469 0.0400391 0.000449657
8 0.631836 0.361816 0.0371094 0.0302734 0.000469446
7 0.779297 0.643066 0.134766 0.116211 0.000486135
10 0.846191 0.8125 0.0400391 0.0507812 0.000488758
3 0.586426 0.604492 0.288086 0.164062 0.000495911
9 0.340332 0.671387 0.182617 0.0732422 0.000529289
11 0.846191 0.8125 0.0400391 0.0507812 0.000540733
13 0.726074 0.378906 0.118164 0.0390625 0.000551224
0 0.576172 0.306641 0.078125 0.0742188 0.000569344
11 0.626465 0.145996 0.0654297 0.0341797 0.000570774
11 0.448242 0.13916 0.078125 0.0517578 0.000574589
9 0.779297 0.643066 0.134766 0.116211 0.000590801
13 0.759766 0.397949 0.0449219 0.0419922 0.000600338
7 0.374512 0.65918 0.141602 0.0507812 0.000685215
13 0.428223 0.606934 0.0380859 0.0927734 0.000754356
11 0.36377 0.659668 0.137695 0.0478516 0.000754356
10 0.217285 0.779297 0.0419922 0.0507812 0.00078392
9 0.749023 0.376465 0.0585938 0.0380859 0.000809669
11 0.335449 0.165527 0.0615234 0.0478516 0.000817776
13 0.651855 0.342285 0.0595703 0.139648 0.000835419
11 0.446777 0.106934 0.0927734 0.0361328 0.000841141
2 0.747559 0.376953 0.0576172 0.0371094 0.000895023
11 0.217773 0.778809 0.0410156 0.0517578 0.000916481
8 0.798828 0.647461 0.0488281 0.0449219 0.00100422
9 0.816406 0.204102 0.0371094 0.0351562 0.00101089
9 0.639648 0.472168 0.0664062 0.0869141 0.00105667
13 0.666016 0.298828 0.113281 0.154297 0.00108719
8 0.747559 0.376953 0.0576172 0.0371094 0.00110626
13 0.328125 0.344238 0.0351562 0.0302734 0.00155449
13 0.640137 0.377441 0.0537109 0.0751953 0.00170422
11 0.629395 0.106445 0.0771484 0.0234375 0.00174618
11 0.606934 0.108887 0.0517578 0.0263672 0.00209999
8 0.742676 0.460449 0.0146484 0.0126953 0.00213051
11 0.468262 0.106445 0.0517578 0.0273438 0.00226402
13 0.425781 0.578613 0.0527344 0.145508 0.00260925
13 0.657715 0.296875 0.0615234 0.125 0.00511551
11 0.61377 0.103516 0.0556641 0.0136719 0.00599289
11 0.447266 0.101562 0.0761719 0.0195312 0.0123138
9 0.364258 0.657227 0.128906 0.0449219 0.0142365
13 0.751465 0.376953 0.0556641 0.0371094 0.0161438
