11 0.682617 0.993164 0.03125 0.0136719 0.000102997
9 0.682129 0.987793 0.0458984 0.0244141 0.000103533
12 0.806152 0.704102 0.387695 0.369141 0.000104368
5 0.882324 0.043457 0.227539 0.0869141 0.000106275
9 0.414551 0.964844 0.260742 0.0703125 0.000106275
9 0.530273 0.0712891 0.0273438 0.0136719 0.000106931
2 0.685547 0.989746 0.0351562 0.0205078 0.000107527
9 0.683594 0.984863 0.130859 0.0302734 0.000107586
9 0.512207 0.230469 0.0380859 0.0253906 0.000107944
13 0.134277 0.306152 0.0400391 0.0263672 0.000108004
9 0.120605 0.510742 0.0302734 0.0195312 0.000108421
9 0.675781 0.981934 0.255859 0.0361328 0.000108898
7 0.0942383 0.405273 0.0712891 0.0390625 0.000109136
12 0.892578 0.787109 0.214844 0.335938 0.000109434
8 0.124512 0.495117 0.0224609 0.0136719 0.00011003
7 0.352539 0.312988 0.0507812 0.0771484 0.000112057
0 0.421387 0.349609 0.290039 0.257812 0.000112355
11 0.304199 0.10791 0.145508 0.0361328 0.000112534
11 0.519043 0.128906 0.0712891 0.0253906 0.000113368
13 0.197754 0.43457 0.102539 0.03125 0.000113904
4 0.802246 0.739258 0.395508 0.505859 0.000114083
8 0.0952148 0.435059 0.0322266 0.0205078 0.000114679
6 0.078125 0.397461 0.0410156 0.0234375 0.000116229
9 0.354004 0.312012 0.0498047 0.0673828 0.000117362
0 0.892578 0.787109 0.214844 0.335938 0.00011909
8 0.262207 0.491699 0.0576172 0.0517578 0.000119984
2 0.0878906 0.431152 0.0371094 0.0302734 0.000120163
5 0.23291 0.475098 0.116211 0.0986328 0.000121236
13 0.682617 0.440918 0.0371094 0.0263672 0.000121415
8 0.685547 0.989746 0.0351562 0.0205078 0.000123501
11 0.56543 0.097168 0.119141 0.0244141 0.000123858
13 0.867188 0.139648 0.136719 0.0390625 0.000127196
13 0.119141 0.386719 0.109375 0.0546875 0.000127792
9 0.745605 0.242188 0.0361328 0.0410156 0.000128865
5 0.196289 0.379395 0.300781 0.331055 0.000131488
3 0.479004 0.547852 0.383789 0.111328 0.000131965
11 0.521484 0.074707 0.0605469 0.0205078 0.00013566
8 0.0888672 0.401367 0.0546875 0.0273438 0.00014019
2 0.0854492 0.440918 0.0263672 0.0126953 0.000142336
9 0.338867 0.487793 0.103516 0.137695 0.000142455
7 0.73584 0.513672 0.108398 0.177734 0.000145674
11 0.621582 0.10791 0.0556641 0.0224609 0.000145912
11 0.433105 0.306641 0.208008 0.150391 0.000146627
11 0.646973 0.123535 0.0927734 0.0576172 0.000147104
1 0.802246 0.739258 0.395508 0.505859 0.000147343
7 0.078125 0.397461 0.0410156 0.0234375 0.00014782
5 0.718262 0.0634766 0.524414 0.125 0.000150323
1 0.433105 0.306641 0.208008 0.150391 0.000151277
7 0.683594 0.993652 0.0332031 0.0126953 0.000155807
9 0.345215 0.942383 0.331055 0.113281 0.000159979
5 0.0742188 0.397461 0.03125 0.0136719 0.00016129
9 0.42041 0.337402 0.274414 0.241211 0.000163078
13 0.065918 0.392578 0.0439453 0.0234375 0.000163436
11 0.802246 0.739258 0.395508 0.505859 0.000165939
6 0.485352 0.288086 0.103516 0.113281 0.000168681
7 0.0849609 0.418945 0.0507812 0.0546875 0.00017035
8 0.802246 0.739258 0.395508 0.505859 0.000170946
13 0.577148 0.35791 0.0820312 0.100586 0.000171185
13 0.433105 0.306641 0.208008 0.150391 0.000175357
1 0.0742188 0.397461 0.03125 0.0136719 0.000175714
10 0.0727539 0.396484 0.0302734 0.015625 0.000184536
11 0.074707 0.395508 0.0361328 0.0195312 0.000188947
0 0.541504 0.30127 0.137695 0.145508 0.000194192
10 0.433105 0.306641 0.208008 0.150391 0.000194907
4 0.484863 0.288574 0.104492 0.112305 0.00019753
2 0.824707 0.705566 0.350586 0.561523 0.000198364
2 0.078125 0.397461 0.0410156 0.0234375 0.000200033
12 0.433105 0.306641 0.208008 0.150391 0.00020349
7 0.0859375 0.439453 0.0273438 0.015625 0.000205874
5 0.433105 0.306641 0.208008 0.150391 0.000207424
5 0.0966797 0.418457 0.078125 0.0595703 0.000207901
9 0.721191 0.464355 0.129883 0.239258 0.000212789
11 0.885254 0.78418 0.229492 0.431641 0.000213861
9 0.623535 0.524902 0.0751953 0.0615234 0.000218153
8 0.433105 0.306641 0.208008 0.150391 0.00022006
13 0.102539 0.420898 0.101562 0.113281 0.00022614
5 0.678223 0.371582 0.28418 0.43457 0.000228405
0 0.681152 0.993652 0.0341797 0.0126953 0.000229716
9 0.844727 0.529785 0.107422 0.157227 0.000231266
6 0.475098 0.5 0.37793 0.15625 0.0002321
9 0.678223 0.371582 0.28418 0.43457 0.00023222
3 0.338867 0.981445 0.390625 0.0371094 0.00023365
13 0.223145 0.457031 0.137695 0.119141 0.000237107
6 0.0952148 0.418457 0.0751953 0.0595703 0.000237823
9 0.100586 0.393555 0.0839844 0.0253906 0.000238657
0 0.696777 0.820312 0.15332 0.171875 0.000243068
9 0.081543 0.419434 0.0478516 0.0556641 0.000244379
12 0.485352 0.288086 0.103516 0.113281 0.000245333
4 0.892578 0.787109 0.214844 0.335938 0.00025034
8 0.682617 0.440918 0.0371094 0.0263672 0.000254631
4 0.475098 0.5 0.37793 0.15625 0.000254869
7 0.474609 0.501953 0.375 0.128906 0.000256062
7 0.0913086 0.432129 0.0400391 0.0263672 0.000259161
1 0.892578 0.787109 0.214844 0.335938 0.000260115
13 0.0737305 0.401367 0.0458984 0.0546875 0.000263214
2 0.433105 0.306641 0.208008 0.150391 0.000263214
9 0.152832 0.396973 0.211914 0.303711 0.00026536
11 0.234863 0.123047 0.100586 0.0605469 0.000271082
9 0.36084 0.347168 0.104492 0.194336 0.000274658
3 0.697754 0.96582 0.491211 0.0683594 0.000274897
13 0.0874023 0.430664 0.0400391 0.0390625 0.00027895
13 0.474609 0.501953 0.375 0.128906 0.000282288
11 0.474609 0.501953 0.375 0.128906 0.00028348
8 0.0957031 0.424316 0.0644531 0.0517578 0.000283957
13 0.722168 0.262695 0.0810547 0.0527344 0.000285149
8 0.885254 0.78418 0.229492 0.431641 0.00028801
7 0.485352 0.288086 0.103516 0.113281 0.00028801
2 0.0966797 0.418457 0.078125 0.0595703 0.000293732
8 0.475098 0.5 0.37793 0.15625 0.000295401
11 0.353027 0.104492 0.0634766 0.0273438 0.000298262
8 0.512695 0.230469 0.0390625 0.0253906 0.000302076
8 0.713867 0.994141 0.0234375 0.0117188 0.000310421
1 0.474609 0.501953 0.375 0.128906 0.000311136
11 0.289062 0.102051 0.0957031 0.0224609 0.000317335
13 0.157715 0.303223 0.0712891 0.0302734 0.000317574
0 0.778809 0.764648 0.442383 0.316406 0.000319481
2 0.475098 0.5 0.37793 0.15625 0.000321865
7 0.115234 0.460938 0.136719 0.177734 0.000331163
9 0.685547 0.989746 0.0351562 0.0205078 0.000334978
1 0.484863 0.288574 0.104492 0.112305 0.000335693
6 0.0751953 0.397949 0.0292969 0.0126953 0.000337124
5 0.12793 0.436035 0.138672 0.12207 0.000338793
13 0.485352 0.288086 0.103516 0.113281 0.000344515
12 0.474609 0.501953 0.375 0.128906 0.000347137
11 0.529297 0.0722656 0.0351562 0.015625 0.000349045
7 0.624023 0.52832 0.0664062 0.0566406 0.000355482
9 0.115723 0.453125 0.124023 0.158203 0.000369072
13 0.0834961 0.38916 0.0771484 0.0595703 0.000377178
7 0.350098 0.354004 0.0615234 0.141602 0.000377417
13 0.158691 0.32373 0.0712891 0.0537109 0.000378132
11 0.207031 0.140625 0.0878906 0.0664062 0.000389099
11 0.605469 0.104004 0.0742188 0.0283203 0.000394106
9 0.0942383 0.405273 0.0712891 0.0390625 0.000395775
11 0.484863 0.288574 0.104492 0.112305 0.000412941
13 0.60791 0.324219 0.176758 0.236328 0.000419617
7 0.705566 0.466309 0.170898 0.250977 0.000423431
9 0.0844727 0.439941 0.0205078 0.0126953 0.000423908
5 0.485352 0.288086 0.103516 0.113281 0.000426769
5 0.71582 0.455078 0.150391 0.242188 0.000431061
2 0.892578 0.787109 0.214844 0.335938 0.000452995
2 0.484863 0.288574 0.104492 0.112305 0.000458956
3 0.614258 0.980469 0.382812 0.0371094 0.000480413
8 0.484863 0.288574 0.104492 0.112305 0.000492096
0 0.352539 0.339844 0.0644531 0.144531 0.000499725
5 0.474609 0.501953 0.375 0.128906 0.000504971
9 0.078125 0.397461 0.0410156 0.0234375 0.000514984
13 0.737793 0.251953 0.0458984 0.046875 0.000517368
6 0.892578 0.787109 0.214844 0.335938 0.000559807
8 0.0878906 0.431152 0.0371094 0.0302734 0.000564575
3 0.437012 0.299316 0.208008 0.131836 0.000569344
11 0.523438 0.112793 0.0898438 0.0380859 0.000572681
3 0.471191 0.474121 0.397461 0.264648 0.000573635
8 0.762207 0.431641 0.0224609 0.0234375 0.000573635
13 0.892578 0.787109 0.214844 0.335938 0.000583649
5 0.193848 0.454102 0.188477 0.144531 0.000592232
11 0.572266 0.104492 0.158203 0.0292969 0.00060463
7 0.0751953 0.397949 0.0292969 0.0126953 0.000627995
10 0.474609 0.501953 0.375 0.128906 0.000648022
13 0.614258 0.288574 0.115234 0.145508 0.000658512
11 0.31543 0.105469 0.0917969 0.0214844 0.000696182
0 0.474609 0.501953 0.375 0.128906 0.000711441
13 0.0883789 0.43457 0.0302734 0.0214844 0.000718117
13 0.226074 0.480957 0.0908203 0.0693359 0.000762463
10 0.484863 0.288574 0.104492 0.112305 0.000775814
8 0.120605 0.510742 0.0302734 0.0195312 0.000792503
13 0.0742188 0.404785 0.03125 0.0244141 0.000814915
8 0.115723 0.514648 0.0205078 0.0117188 0.000825882
8 0.0751953 0.397949 0.0292969 0.0126953 0.00083065
7 0.105957 0.419434 0.0966797 0.0634766 0.00101185
9 0.0913086 0.429199 0.0439453 0.0322266 0.00102234
5 0.879883 0.749023 0.240234 0.490234 0.00111008
11 0.0732422 0.397949 0.0273438 0.0107422 0.00113583
11 0.26123 0.108887 0.0732422 0.0341797 0.0011797
3 0.484863 0.288574 0.104492 0.112305 0.00118542
2 0.683594 0.993652 0.0332031 0.0126953 0.00125694
9 0.484863 0.288574 0.104492 0.112305 0.00128651
2 0.0751953 0.397949 0.0292969 0.0126953 0.00134087
9 0.474609 0.501953 0.375 0.128906 0.00138283
8 0.0854492 0.440918 0.0263672 0.0126953 0.0014019
9 0.429199 0.301758 0.208008 0.138672 0.00150871
3 0.806152 0.704102 0.387695 0.369141 0.00159836
13 0.0854492 0.440918 0.0263672 0.0126953 0.00174046
11 0.535645 0.103027 0.0966797 0.0224609 0.00175381
8 0.624512 0.528809 0.0673828 0.0556641 0.00178337
11 0.627441 0.11084 0.0830078 0.0380859 0.00179005
5 0.14209 0.435547 0.194336 0.212891 0.00179195
9 0.0732422 0.397949 0.0273438 0.0107422 0.00184059
7 0.359863 0.176758 0.0615234 0.144531 0.00189972
9 0.353516 0.345215 0.0605469 0.137695 0.00197411
13 0.109863 0.410156 0.104492 0.0546875 0.00205994
8 0.683594 0.993652 0.0332031 0.0126953 0.00222015
9 0.105957 0.419434 0.0966797 0.0634766 0.00239372
13 0.146973 0.310547 0.0458984 0.0292969 0.00249863
13 0.746582 0.243164 0.0361328 0.0390625 0.00274086
9 0.359863 0.176758 0.0615234 0.144531 0.00294113
13 0.0957031 0.39209 0.078125 0.0263672 0.00306129
9 0.0864258 0.436035 0.0283203 0.0185547 0.00308228
13 0.592773 0.327148 0.101562 0.146484 0.00341797
13 0.0908203 0.401855 0.0664062 0.0263672 0.00455093
9 0.682617 0.993164 0.03125 0.0136719 0.00875854
13 0.0854492 0.416016 0.0537109 0.0527344 0.00991821
13 0.078125 0.397461 0.0410156 0.0234375 0.0172729
0 0.433105 0.306641 0.208008 0.150391 0.0855103
13 0.0751953 0.397949 0.0292969 0.0126953 0.0899048
0 0.485352 0.28418 0.103516 0.103516 0.300049
3 0.474121 0.504395 0.374023 0.12207 0.318604
