8 0.819336 0.592285 0.0390625 0.0283203 0.000100255
8 0.350098 0.444336 0.0263672 0.0214844 0.00010103
0 0.197266 0.649414 0.306641 0.269531 0.00010103
4 0.233887 0.553223 0.274414 0.319336 0.000102162
10 0.57373 0.679199 0.432617 0.168945 0.000102222
0 0.57373 0.679199 0.432617 0.168945 0.000102937
8 0.208496 0.632324 0.223633 0.15918 0.000103891
10 0.233887 0.553223 0.274414 0.319336 0.000104129
5 0.575684 0.333984 0.120117 0.142578 0.000104487
0 0.447754 0.313965 0.147461 0.135742 0.000106812
11 0.363281 0.175293 0.158203 0.0673828 0.000110447
13 0.77832 0.556641 0.0625 0.0351562 0.000111103
9 0.0830078 0.459473 0.0703125 0.0712891 0.000111938
11 0.573242 0.203125 0.0410156 0.0371094 0.00011307
9 0.915527 0.788574 0.0712891 0.108398 0.000113547
1 0.219727 0.594727 0.177734 0.103516 0.000113726
11 0.916504 0.98291 0.0693359 0.0322266 0.000114679
8 0.825195 0.675293 0.0175781 0.0146484 0.000114739
11 0.691406 0.171875 0.324219 0.119141 0.000114739
11 0.233887 0.553223 0.274414 0.319336 0.000114799
1 0.233887 0.553223 0.274414 0.319336 0.000116587
2 0.409668 0.492188 0.0146484 0.0136719 0.000116885
0 0.604492 0.363281 0.261719 0.238281 0.000116885
7 0.575684 0.333984 0.120117 0.142578 0.000117898
2 0.776855 0.417969 0.0283203 0.0253906 0.000118792
2 0.605957 0.286133 0.112305 0.119141 0.000119209
13 0.224609 0.652344 0.341797 0.246094 0.000119507
5 0.836914 0.774414 0.210938 0.117188 0.00012064
7 0.244629 0.55957 0.223633 0.0722656 0.000121415
11 0.740234 0.1875 0.148438 0.0742188 0.000121772
0 0.598633 0.375 0.0859375 0.136719 0.000122786
13 0.700684 0.41748 0.174805 0.22168 0.000123501
2 0.244629 0.55957 0.223633 0.0722656 0.000124216
9 0.305664 0.82959 0.541016 0.291992 0.000125051
5 0.251953 0.270996 0.416016 0.280273 0.0001266
10 0.220215 0.569824 0.166992 0.0439453 0.000127077
10 0.498535 0.473145 0.262695 0.518555 0.000127912
5 0.338379 0.401855 0.151367 0.254883 0.000129223
5 0.758301 0.671387 0.231445 0.166992 0.000129223
9 0.0908203 0.739258 0.0898438 0.107422 0.000130653
8 0.233887 0.553223 0.274414 0.319336 0.000131011
9 0.133789 0.649414 0.228516 0.259766 0.000135422
9 0.58252 0.373047 0.139648 0.212891 0.000137568
12 0.218262 0.67334 0.356445 0.256836 0.000137568
6 0.18457 0.571777 0.117188 0.0322266 0.000137806
11 0.209473 0.587402 0.178711 0.12207 0.00013876
5 0.785645 0.564453 0.129883 0.0761719 0.000139236
5 0.643555 0.645508 0.376953 0.244141 0.000140071
9 0.550781 0.290527 0.167969 0.125977 0.000140905
8 0.818848 0.605469 0.0146484 0.0117188 0.000141621
11 0.509277 0.351074 0.290039 0.25293 0.000142455
2 0.624512 0.342773 0.0673828 0.0878906 0.000142932
11 0.256836 0.186523 0.128906 0.0761719 0.000143647
5 0.700684 0.41748 0.174805 0.22168 0.000144362
5 0.300293 0.602051 0.243164 0.262695 0.000144482
8 0.597656 0.295898 0.0605469 0.0488281 0.000144601
3 0.237305 0.675293 0.371094 0.250977 0.000146985
13 0.182617 0.616699 0.142578 0.114258 0.000147223
9 0.421875 0.325684 0.0722656 0.135742 0.000148654
13 0.77832 0.564941 0.132812 0.155273 0.000149965
9 0.186035 0.305176 0.37207 0.47168 0.000149965
12 0.498535 0.473145 0.262695 0.518555 0.000151038
13 0.776855 0.564453 0.112305 0.0605469 0.000151277
5 0.197266 0.58252 0.138672 0.0498047 0.000151634
7 0.0200195 0.253418 0.0400391 0.249023 0.000151873
10 0.876465 0.989746 0.116211 0.0205078 0.000151873
3 0.577148 0.735352 0.416016 0.117188 0.000153303
13 0.604004 0.353516 0.118164 0.164062 0.000154018
13 0.178711 0.561523 0.167969 0.121094 0.000155926
10 0.913574 0.990234 0.0654297 0.0175781 0.000156045
2 0.560059 0.26416 0.0634766 0.0615234 0.000156283
0 0.578125 0.391113 0.142578 0.22168 0.000156641
12 0.220215 0.567871 0.176758 0.0458984 0.000156879
11 0.621582 0.174316 0.100586 0.0263672 0.000158191
9 0.77832 0.266113 0.443359 0.395508 0.000160217
2 0.233887 0.553223 0.274414 0.319336 0.000161648
10 0.904785 0.787598 0.0595703 0.0791016 0.000165105
9 0.494629 0.102539 0.348633 0.197266 0.000170588
3 0.494141 0.495605 0.244141 0.567383 0.000172734
10 0.884277 0.937988 0.12793 0.124023 0.00017333
1 0.177246 0.572754 0.110352 0.0302734 0.000173807
11 0.310059 0.179688 0.28418 0.0878906 0.000178576
11 0.899414 0.971191 0.0917969 0.0576172 0.000181556
2 0.169922 0.578613 0.123047 0.0634766 0.00018549
10 0.208008 0.97998 0.324219 0.0380859 0.000185728
7 0.421875 0.325684 0.0722656 0.135742 0.000186563
12 0.57666 0.322754 0.118164 0.125977 0.00018847
2 0.37207 0.488281 0.0585938 0.0390625 0.000190377
7 0.18457 0.571777 0.117188 0.0322266 0.000190496
3 0.575684 0.333984 0.120117 0.142578 0.000192642
6 0.197266 0.649414 0.306641 0.269531 0.000194907
13 0.697754 0.459473 0.0673828 0.0244141 0.000195742
8 0.37207 0.488281 0.0585938 0.0390625 0.000197411
8 0.409668 0.492188 0.0146484 0.0136719 0.000197768
12 0.233887 0.553223 0.274414 0.319336 0.000197887
13 0.648438 0.32373 0.224609 0.237305 0.000199914
9 0.611328 0.293945 0.0546875 0.046875 0.000199914
0 0.549805 0.280273 0.0839844 0.0703125 0.000200272
11 0.789551 0.611328 0.217773 0.279297 0.000200391
11 0.341309 0.158691 0.0751953 0.0185547 0.000202298
5 0.842773 0.559082 0.179688 0.352539 0.000204682
5 0.362305 0.456543 0.28125 0.520508 0.000208378
13 0.36084 0.363281 0.112305 0.154297 0.000208855
13 0.178223 0.568359 0.0615234 0.0253906 0.000210166
3 0.230957 0.611328 0.192383 0.169922 0.000210762
13 0.673828 0.419922 0.103516 0.107422 0.000212073
0 0.233887 0.553223 0.274414 0.319336 0.000222325
5 0.154785 0.614746 0.233398 0.288086 0.000223398
2 0.426758 0.291016 0.0488281 0.0410156 0.00022459
1 0.791016 0.626953 0.224609 0.273438 0.000228286
9 0.635254 0.427246 0.272461 0.379883 0.00023222
5 0.188477 0.597168 0.154297 0.106445 0.000234246
10 0.791016 0.626953 0.224609 0.273438 0.000235438
10 0.109375 0.959473 0.115234 0.0810547 0.000235677
4 0.220703 0.570312 0.164062 0.0410156 0.00024271
13 0.552734 0.289551 0.171875 0.120117 0.000243306
2 0.60791 0.354492 0.0498047 0.0605469 0.000244379
11 0.613281 0.1875 0.123047 0.0742188 0.000244617
9 0.244629 0.55957 0.223633 0.0722656 0.000245333
0 0.387695 0.0288086 0.285156 0.0576172 0.000249386
5 0.727539 0.472168 0.279297 0.204102 0.000250578
11 0.369629 0.164062 0.129883 0.0371094 0.000252485
9 0.00878906 0.95459 0.0175781 0.0830078 0.000255108
8 0.77002 0.588379 0.0126953 0.0107422 0.000258923
8 0.789551 0.611328 0.217773 0.279297 0.000261068
4 0.789551 0.611328 0.217773 0.279297 0.000262976
3 0.230469 0.569336 0.1875 0.0449219 0.000263929
4 0.516113 0.326172 0.249023 0.146484 0.000270605
13 0.597168 0.295898 0.0595703 0.0488281 0.000273228
6 0.208008 0.584473 0.166016 0.0576172 0.000273943
8 0.814453 0.601074 0.0371094 0.0224609 0.000279188
7 0.516113 0.326172 0.249023 0.146484 0.00028801
11 0.591797 0.294922 0.0703125 0.0566406 0.000288725
2 0.789551 0.611328 0.217773 0.279297 0.000291348
9 0.359863 0.483887 0.0341797 0.0283203 0.000296116
11 0.899902 0.98877 0.0791016 0.0205078 0.000304461
6 0.223145 0.552734 0.233398 0.115234 0.000311613
12 0.789551 0.611328 0.217773 0.279297 0.000317335
5 0.498535 0.473145 0.262695 0.518555 0.000320435
11 0.217285 0.572754 0.178711 0.0517578 0.000331163
9 0.805176 0.757812 0.288086 0.136719 0.000331402
2 0.590332 0.34082 0.0654297 0.0878906 0.000332594
2 0.59375 0.377441 0.0566406 0.0810547 0.000334501
8 0.713867 0.569336 0.0195312 0.0136719 0.000341415
5 0.306152 0.333008 0.241211 0.302734 0.000344038
1 0.51416 0.333984 0.262695 0.164062 0.000347376
13 0.207031 0.570312 0.0761719 0.0273438 0.000352144
9 0.756348 0.66748 0.313477 0.282227 0.000359297
2 0.581543 0.374512 0.131836 0.192383 0.000362396
7 0.224609 0.602539 0.228516 0.199219 0.000366211
11 0.681152 0.161621 0.100586 0.0205078 0.000369787
11 0.697266 0.16748 0.0742188 0.0244141 0.000371695
11 0.244141 0.450195 0.376953 0.583984 0.000373602
11 0.641113 0.177246 0.15332 0.0439453 0.000376225
0 0.789551 0.611328 0.217773 0.279297 0.000379324
5 0.754395 0.541504 0.24707 0.235352 0.000391722
10 0.513184 0.333984 0.250977 0.152344 0.000394821
5 0.796875 0.746582 0.347656 0.141602 0.000404358
3 0.577148 0.980469 0.458984 0.0390625 0.000408888
6 0.524902 0.320801 0.235352 0.129883 0.000419855
4 0.244141 0.450195 0.376953 0.583984 0.000421524
8 0.22998 0.574219 0.19043 0.046875 0.000424147
11 0.746582 0.487305 0.329102 0.613281 0.000427008
10 0.217285 0.956543 0.323242 0.0830078 0.000428438
9 0.197266 0.58252 0.138672 0.0498047 0.000431299
8 0.209473 0.587402 0.178711 0.12207 0.000433683
9 0.591797 0.296387 0.0683594 0.0556641 0.000436068
8 0.51416 0.333984 0.262695 0.164062 0.000445604
9 0.217773 0.758789 0.365234 0.222656 0.000446796
11 0.584961 0.192383 0.0644531 0.0566406 0.000452995
0 0.503418 0.496094 0.27832 0.585938 0.000457287
5 0.239258 0.470703 0.306641 0.21875 0.000462532
8 0.591797 0.30127 0.0859375 0.0810547 0.000490189
0 0.601074 0.294434 0.0595703 0.0517578 0.000496387
1 0.244141 0.450195 0.376953 0.583984 0.000505924
10 0.835938 0.958008 0.224609 0.0800781 0.000507355
4 0.746582 0.487305 0.329102 0.613281 0.000511169
9 0.103516 0.725098 0.158203 0.165039 0.00051403
9 0.57373 0.679199 0.432617 0.168945 0.000514507
11 0.915527 0.788574 0.0712891 0.108398 0.000519753
8 0.244141 0.450195 0.376953 0.583984 0.000559807
1 0.220703 0.570312 0.164062 0.0410156 0.000563145
13 0.258301 0.571777 0.149414 0.0322266 0.000565529
5 0.516113 0.326172 0.249023 0.146484 0.000567913
5 0.186035 0.305176 0.37207 0.47168 0.000570297
8 0.73291 0.575195 0.0166016 0.015625 0.000571251
5 0.234375 0.543945 0.248047 0.126953 0.000577927
10 0.237305 0.447266 0.367188 0.582031 0.000594616
7 0.216797 0.588867 0.164062 0.113281 0.000600815
2 0.244141 0.450195 0.376953 0.583984 0.000605583
1 0.746582 0.487305 0.329102 0.613281 0.000606537
9 0.470703 0.633789 0.216797 0.332031 0.000620842
3 0.233887 0.553223 0.274414 0.319336 0.000629425
13 0.17627 0.560547 0.165039 0.0546875 0.000634193
5 0.150879 0.700684 0.213867 0.170898 0.000636578
8 0.746582 0.487305 0.329102 0.613281 0.000640392
2 0.552734 0.289551 0.171875 0.120117 0.0006423
8 0.64209 0.212402 0.0185547 0.0166016 0.000657558
11 0.647461 0.166992 0.115234 0.0214844 0.000659466
8 0.320312 0.515137 0.0195312 0.0146484 0.000659943
2 0.746582 0.487305 0.329102 0.613281 0.000676632
0 0.507324 0.269043 0.256836 0.143555 0.000678539
10 0.746582 0.487305 0.329102 0.613281 0.000687122
9 0.400391 0.458984 0.251953 0.572266 0.00069952
5 0.794922 0.601562 0.150391 0.150391 0.000716686
11 0.317383 0.167969 0.167969 0.0449219 0.000733376
8 0.818359 0.601074 0.0195312 0.0185547 0.000734806
13 0.175781 0.583984 0.138672 0.0566406 0.000758648
1 0.572266 0.325684 0.126953 0.137695 0.000767708
5 0.825195 0.679688 0.197266 0.214844 0.000768185
12 0.516113 0.326172 0.249023 0.146484 0.000796318
8 0.337402 0.461426 0.0263672 0.0224609 0.000801086
10 0.893555 0.966309 0.103516 0.0673828 0.000807285
9 0.181641 0.57373 0.101562 0.0283203 0.000861168
11 0.583496 0.313965 0.110352 0.112305 0.000884056
0 0.245605 0.451172 0.364258 0.605469 0.00088501
2 0.564453 0.282227 0.0527344 0.0527344 0.000900269
0 0.57959 0.287598 0.0751953 0.0595703 0.000910759
2 0.359863 0.483887 0.0341797 0.0283203 0.000933647
0 0.749512 0.470703 0.348633 0.59375 0.000935555
7 0.789551 0.611328 0.217773 0.279297 0.000940323
2 0.177246 0.573242 0.100586 0.0273438 0.000944138
9 0.237305 0.675293 0.371094 0.250977 0.000989914
5 0.695312 0.37793 0.279297 0.328125 0.000994682
3 0.507812 0.321777 0.246094 0.137695 0.00102806
11 0.672363 0.181152 0.182617 0.0712891 0.00103188
13 0.797852 0.620117 0.210938 0.259766 0.00104523
8 0.858887 0.612793 0.0205078 0.0224609 0.00104809
10 0.91748 0.802246 0.0439453 0.0732422 0.00106335
0 0.547363 0.296387 0.141602 0.0927734 0.00110722
5 0.77832 0.266113 0.443359 0.395508 0.00111008
10 0.899902 0.98291 0.0849609 0.0341797 0.00111198
7 0.244141 0.450195 0.376953 0.583984 0.00112724
6 0.230957 0.558594 0.254883 0.291016 0.00114632
9 0.216797 0.588867 0.164062 0.113281 0.00126457
8 0.189941 0.572754 0.124023 0.0322266 0.0013113
7 0.746582 0.487305 0.329102 0.613281 0.00131416
2 0.581055 0.295898 0.046875 0.046875 0.00133801
9 0.509766 0.398926 0.273438 0.270508 0.00136089
2 0.516113 0.326172 0.249023 0.146484 0.00140476
11 0.917969 0.801758 0.0449219 0.0761719 0.00143623
13 0.244141 0.450195 0.376953 0.583984 0.00154877
12 0.244141 0.450195 0.376953 0.583984 0.00159168
12 0.746582 0.487305 0.329102 0.613281 0.00163937
11 0.185547 0.571289 0.119141 0.0332031 0.00171947
5 0.219238 0.570312 0.172852 0.0371094 0.00178051
2 0.607422 0.34082 0.0839844 0.130859 0.00180531
3 0.789551 0.611328 0.217773 0.279297 0.0018158
9 0.58252 0.313965 0.108398 0.114258 0.00187778
13 0.746582 0.487305 0.329102 0.613281 0.00188351
13 0.51416 0.333984 0.262695 0.164062 0.00190639
8 0.572266 0.325684 0.126953 0.137695 0.0020771
6 0.220215 0.609863 0.176758 0.133789 0.00209045
7 0.220215 0.569824 0.166992 0.0439453 0.00222969
9 0.171875 0.708984 0.253906 0.169922 0.0022831
11 0.524902 0.320801 0.235352 0.129883 0.00229454
13 0.592285 0.301758 0.0869141 0.078125 0.0023098
2 0.209473 0.587402 0.178711 0.12207 0.00247574
6 0.791992 0.609863 0.207031 0.270508 0.00257683
9 0.224609 0.602539 0.228516 0.199219 0.00269508
13 0.227051 0.587402 0.229492 0.211914 0.0027504
0 0.59375 0.307617 0.0820312 0.0878906 0.00279045
3 0.245605 0.451172 0.364258 0.605469 0.00328827
13 0.244629 0.55957 0.225586 0.0722656 0.0033474
9 0.516113 0.326172 0.249023 0.146484 0.00335312
9 0.219238 0.570312 0.172852 0.0371094 0.00336838
6 0.229004 0.568848 0.18457 0.0400391 0.00338173
3 0.749512 0.470703 0.348633 0.59375 0.00364113
11 0.713379 0.17334 0.0986328 0.0400391 0.00388336
0 0.509766 0.398926 0.273438 0.270508 0.0042038
6 0.244141 0.450195 0.376953 0.583984 0.00432205
5 0.756348 0.66748 0.313477 0.282227 0.00445557
2 0.568359 0.294434 0.0839844 0.0634766 0.004879
6 0.746582 0.487305 0.329102 0.613281 0.00508881
11 0.337891 0.159668 0.126953 0.0244141 0.00511551
5 0.214844 0.570801 0.166016 0.0888672 0.00602722
9 0.791504 0.609375 0.204102 0.263672 0.00613403
8 0.359863 0.483887 0.0341797 0.0283203 0.00629425
9 0.244141 0.450195 0.376953 0.583984 0.00644684
5 0.219238 0.67627 0.352539 0.231445 0.00694275
2 0.205078 0.572266 0.158203 0.0390625 0.00703049
2 0.602051 0.295898 0.0537109 0.0488281 0.00797272
9 0.749512 0.470703 0.348633 0.59375 0.00813293
13 0.572266 0.325684 0.126953 0.137695 0.0108185
9 0.494141 0.494629 0.240234 0.586914 0.0138931
13 0.177246 0.573242 0.100586 0.0273438 0.0144958
13 0.216797 0.588867 0.164062 0.113281 0.0147018
11 0.679199 0.16748 0.135742 0.0302734 0.0176086
3 0.57373 0.681641 0.436523 0.15625 0.0188751
5 0.230957 0.611328 0.192383 0.169922 0.022049
2 0.581055 0.319336 0.121094 0.121094 0.0238495
2 0.592773 0.308105 0.0761719 0.0830078 0.0309601
0 0.575684 0.333984 0.120117 0.142578 0.038208
5 0.230469 0.560059 0.253906 0.290039 0.0584717
5 0.791504 0.609375 0.204102 0.263672 0.137451
13 0.205078 0.572266 0.158203 0.0390625 0.159058
0 0.516113 0.326172 0.249023 0.146484 0.190918
5 0.24707 0.452148 0.365234 0.587891 0.224121
5 0.748535 0.473145 0.352539 0.588867 0.224487
