3 0.612305 0.813965 0.560547 0.360352 0.000101924
10 0.358887 0.959961 0.442383 0.0800781 0.000102699
11 0.885254 0.686035 0.0380859 0.0810547 0.000103712
11 0.741699 0.623047 0.0263672 0.0175781 0.00010401
2 0.619629 0.228027 0.0166016 0.0107422 0.000104427
12 0.256348 0.0610352 0.327148 0.120117 0.000104547
11 0.601074 0.161133 0.0576172 0.140625 0.000104725
6 0.772461 0.399902 0.0820312 0.0556641 0.000105083
7 0.775879 0.397461 0.0791016 0.0410156 0.000105083
11 0.865723 0.583984 0.0341797 0.0800781 0.00010556
9 0.352539 0.816406 0.498047 0.326172 0.000106156
6 0.586914 0.272461 0.0878906 0.0722656 0.000106931
13 0.737793 0.616211 0.0263672 0.0234375 0.00010699
13 0.850586 0.564453 0.0507812 0.0273438 0.000107348
9 0.977539 0.364258 0.0449219 0.193359 0.000107706
7 0.735352 0.614258 0.0351562 0.0390625 0.000109196
13 0.341797 0.341797 0.0703125 0.0214844 0.000110507
13 0.77832 0.40625 0.173828 0.189453 0.000110984
8 0.653809 0.318848 0.0107422 0.0107422 0.000111938
13 0.805176 0.561035 0.0380859 0.0283203 0.000112236
0 0.59668 0.313965 0.0742188 0.165039 0.000113368
5 0.946289 0.0874023 0.107422 0.170898 0.000113666
6 0.256348 0.0610352 0.327148 0.120117 0.000113964
11 0.774414 0.398926 0.0800781 0.0419922 0.000114262
8 0.741211 0.59668 0.0410156 0.0546875 0.000114739
11 0.727051 0.614746 0.0419922 0.0322266 0.000114858
13 0.743164 0.330078 0.0742188 0.0332031 0.000114977
3 0.14209 0.0449219 0.28418 0.0898438 0.000115216
7 0.674316 0.347656 0.0205078 0.0136719 0.000116646
11 0.675293 0.105469 0.0478516 0.0136719 0.000118494
10 0.870605 0.632812 0.0634766 0.105469 0.000119269
9 0.773926 0.418457 0.204102 0.37793 0.000123143
7 0.734375 0.620605 0.0253906 0.0185547 0.000123143
10 0.885254 0.686035 0.0380859 0.0810547 0.000123262
9 0.864746 0.611328 0.0654297 0.117188 0.000124931
13 0.169434 0.512695 0.0498047 0.0175781 0.000127554
13 0.26123 0.466309 0.0927734 0.0439453 0.000127912
13 0.751465 0.408203 0.112305 0.0527344 0.000128269
13 0.764648 0.606445 0.0859375 0.0488281 0.000129223
9 0.299805 0.404785 0.3125 0.40918 0.000133038
9 0.538086 0.32666 0.15625 0.227539 0.000133514
13 0.819336 0.382812 0.0625 0.0273438 0.000134587
9 0.328125 0.504395 0.164062 0.172852 0.000138521
3 0.193848 0.162109 0.387695 0.324219 0.000139832
0 0.583008 0.269531 0.0527344 0.0585938 0.000141978
8 0.408691 0.275879 0.00878906 0.00683594 0.000142694
8 0.436035 0.318359 0.0205078 0.0175781 0.000142813
13 0.766602 0.394531 0.101562 0.140625 0.000143766
13 0.317383 0.585938 0.0605469 0.0429688 0.000147223
2 0.586914 0.287109 0.0917969 0.103516 0.000148296
13 0.669434 0.225098 0.0380859 0.0634766 0.000150084
13 0.787109 0.370117 0.0898438 0.0683594 0.000151038
8 0.432129 0.313965 0.0126953 0.00878906 0.000151277
7 0.352539 0.525391 0.101562 0.121094 0.000152946
5 0.280762 0.407227 0.293945 0.400391 0.000153899
12 0.586914 0.27002 0.0898438 0.0673828 0.000154853
11 0.773926 0.152832 0.0654297 0.0576172 0.000154972
2 0.615723 0.26709 0.0283203 0.0361328 0.000156999
11 0.358398 0.100586 0.0605469 0.0253906 0.00015831
13 0.816895 0.418457 0.0810547 0.0380859 0.000161171
5 0.274414 0.49707 0.212891 0.1875 0.000162363
13 0.76416 0.311523 0.0849609 0.0644531 0.00016427
11 0.662598 0.116211 0.143555 0.0292969 0.000167012
11 0.429688 0.0917969 0.0683594 0.0175781 0.000167727
9 0.728027 0.620117 0.0478516 0.0273438 0.000167966
7 0.586914 0.272461 0.0878906 0.0722656 0.000168204
10 0.130371 0.640625 0.0478516 0.078125 0.000168324
11 0.870605 0.632812 0.0634766 0.105469 0.000169635
13 0.409668 0.173828 0.0986328 0.148438 0.000170827
7 0.322754 0.569336 0.0283203 0.046875 0.000177741
13 0.754395 0.393555 0.0771484 0.0566406 0.000178695
13 0.674805 0.347656 0.0195312 0.0136719 0.000180244
0 0.538086 0.32666 0.15625 0.227539 0.000181198
7 0.865234 0.580566 0.0273438 0.0458984 0.000184417
8 0.865723 0.581055 0.0283203 0.046875 0.000184774
13 0.791016 0.272949 0.0527344 0.0341797 0.000185132
1 0.586914 0.274414 0.0917969 0.0761719 0.000186324
6 0.737793 0.595703 0.0400391 0.0625 0.00019598
11 0.731445 0.132812 0.126953 0.0898438 0.000200868
3 0.605469 0.501465 0.4375 0.225586 0.000201583
13 0.756836 0.600098 0.128906 0.0947266 0.000203013
13 0.338867 0.557617 0.0859375 0.0859375 0.000203013
7 0.830078 0.558594 0.0683594 0.03125 0.000204682
8 0.708496 0.464355 0.0126953 0.0107422 0.000206232
13 0.782715 0.296875 0.0380859 0.0214844 0.000209332
11 0.687012 0.12207 0.15332 0.0507812 0.000210404
11 0.661133 0.106445 0.0996094 0.0136719 0.000213623
10 0.135254 0.641602 0.0400391 0.0429688 0.000214458
13 0.260254 0.0605469 0.245117 0.121094 0.000215411
13 0.802734 0.375488 0.078125 0.0322266 0.000219941
5 0.586914 0.272461 0.0878906 0.0722656 0.000224471
8 0.788574 0.334961 0.00878906 0.0078125 0.000225782
11 0.374023 0.103516 0.158203 0.0664062 0.000226378
13 0.334961 0.575684 0.0625 0.0615234 0.000226498
3 0.255859 0.0644531 0.462891 0.128906 0.000231624
11 0.710449 0.115723 0.0517578 0.0283203 0.0002321
0 0.608398 0.27832 0.0371094 0.0390625 0.000238419
13 0.586914 0.274414 0.0917969 0.0761719 0.000242114
13 0.80127 0.406738 0.0830078 0.0498047 0.000243664
8 0.586914 0.272461 0.0878906 0.0722656 0.000245571
13 0.296875 0.507812 0.105469 0.078125 0.000249863
10 0.586914 0.274902 0.0917969 0.0771484 0.000251293
6 0.834473 0.587402 0.0966797 0.0966797 0.000255585
5 0.790527 0.453125 0.165039 0.324219 0.000263453
8 0.621582 0.228027 0.0107422 0.00878906 0.000263691
8 0.265137 0.384277 0.0244141 0.0185547 0.000263929
9 0.301758 0.578125 0.0839844 0.046875 0.000277042
13 0.788086 0.286621 0.0546875 0.0400391 0.000286102
8 0.378906 0.558594 0.0429688 0.0371094 0.000290155
11 0.457031 0.107422 0.0546875 0.0429688 0.000294447
2 0.769043 0.397461 0.0810547 0.0546875 0.000295639
11 0.322754 0.569336 0.0283203 0.046875 0.000296831
11 0.400879 0.0883789 0.0595703 0.0126953 0.000296831
9 0.831543 0.562012 0.0712891 0.0341797 0.000298023
11 0.352051 0.0913086 0.0830078 0.0302734 0.000306368
7 0.865723 0.583984 0.0341797 0.0800781 0.000310659
7 0.828125 0.570312 0.0859375 0.0585938 0.000315428
9 0.865234 0.580566 0.0273438 0.0458984 0.000322342
9 0.739258 0.59375 0.0371094 0.0625 0.000324249
13 0.767578 0.369629 0.0566406 0.0205078 0.000324965
11 0.135254 0.641602 0.0400391 0.0429688 0.00032568
3 0.791504 0.0810547 0.416992 0.162109 0.00033617
9 0.772949 0.398926 0.0810547 0.0419922 0.000340462
11 0.585449 0.272949 0.0908203 0.0732422 0.000356674
13 0.841309 0.572266 0.0712891 0.0351562 0.00035882
8 0.674316 0.349121 0.0341797 0.0224609 0.000361204
9 0.741211 0.612305 0.0429688 0.0351562 0.000365257
11 0.414062 0.102051 0.146484 0.0361328 0.000372171
13 0.798828 0.385742 0.0449219 0.0195312 0.000373125
9 0.674805 0.347656 0.0195312 0.0136719 0.000377417
11 0.726562 0.62207 0.03125 0.0214844 0.000378609
7 0.737793 0.595703 0.0400391 0.0625 0.000382423
13 0.328613 0.561035 0.0419922 0.0556641 0.000384092
11 0.614258 0.119629 0.0566406 0.0361328 0.000394106
11 0.727539 0.121582 0.0527344 0.0361328 0.000395775
11 0.737793 0.595703 0.0400391 0.0625 0.000416279
13 0.672363 0.217285 0.0478516 0.129883 0.00041914
9 0.865723 0.583984 0.0341797 0.0800781 0.00041914
13 0.415039 0.177734 0.0605469 0.09375 0.000428438
13 0.780273 0.289062 0.0742188 0.0683594 0.000445366
2 0.739258 0.59375 0.0390625 0.0585938 0.000447989
13 0.320312 0.504395 0.146484 0.12793 0.000486135
9 0.519043 0.401855 0.147461 0.428711 0.000496387
11 0.384766 0.0849609 0.101562 0.0175781 0.000501633
11 0.124512 0.652344 0.0419922 0.0664062 0.000509739
3 0.606445 0.621582 0.421875 0.141602 0.00053978
10 0.885254 0.660645 0.0615234 0.0927734 0.000552177
13 0.771484 0.380859 0.078125 0.0410156 0.000567436
13 0.78418 0.583008 0.0761719 0.0683594 0.000569344
9 0.839355 0.588867 0.0810547 0.101562 0.000587463
9 0.586914 0.272461 0.0878906 0.0722656 0.000628948
11 0.881836 0.659668 0.0585938 0.0986328 0.000638962
13 0.726562 0.607422 0.0664062 0.0625 0.00065136
13 0.401367 0.160645 0.0410156 0.0888672 0.000685215
7 0.605469 0.562012 0.417969 0.157227 0.000687599
12 0.605469 0.562012 0.417969 0.157227 0.000784874
9 0.320312 0.572266 0.0332031 0.0507812 0.000787258
6 0.605469 0.562012 0.417969 0.157227 0.000809669
11 0.605469 0.562012 0.417969 0.157227 0.000822544
1 0.605469 0.562012 0.417969 0.157227 0.000842094
13 0.605469 0.562012 0.417969 0.157227 0.000878811
8 0.605469 0.562012 0.417969 0.157227 0.000878811
0 0.571289 0.288574 0.154297 0.112305 0.000879288
13 0.836426 0.580566 0.0830078 0.0791016 0.000885963
4 0.605469 0.562012 0.417969 0.157227 0.000916958
8 0.445312 0.285156 0.0253906 0.0234375 0.000930309
2 0.605469 0.562012 0.417969 0.157227 0.000938416
0 0.604004 0.266113 0.0537109 0.0537109 0.000954628
13 0.322754 0.561035 0.0205078 0.0517578 0.000965118
9 0.734375 0.619629 0.0273438 0.0185547 0.00100327
13 0.778809 0.394531 0.0947266 0.0761719 0.00108337
3 0.588867 0.272461 0.0878906 0.0722656 0.00116444
13 0.730469 0.583008 0.0351562 0.0683594 0.0012331
11 0.449707 0.097168 0.0634766 0.0263672 0.00127029
13 0.78418 0.369141 0.0742188 0.0292969 0.00127316
11 0.376953 0.0932617 0.0761719 0.0205078 0.00127697
2 0.598633 0.271484 0.0644531 0.0644531 0.00129414
13 0.760742 0.40918 0.0566406 0.0429688 0.00129795
11 0.741211 0.612305 0.0429688 0.0351562 0.00131321
7 0.842285 0.598145 0.0849609 0.110352 0.00131798
5 0.605469 0.562012 0.417969 0.157227 0.00137424
8 0.652832 0.276855 0.0107422 0.00878906 0.00141716
13 0.750977 0.605957 0.0449219 0.0380859 0.00156403
13 0.831055 0.422852 0.0488281 0.0195312 0.001647
13 0.751465 0.586426 0.0771484 0.0791016 0.00168705
13 0.735352 0.614258 0.0351562 0.0390625 0.00170708
10 0.604492 0.568848 0.419922 0.15918 0.00174141
9 0.605469 0.562012 0.417969 0.157227 0.00176811
11 0.317871 0.112793 0.0732422 0.0517578 0.0018034
2 0.608398 0.27832 0.0371094 0.0390625 0.00183582
0 0.60498 0.567383 0.424805 0.130859 0.00190449
13 0.80127 0.59668 0.0361328 0.0390625 0.00195694
2 0.674805 0.347656 0.0195312 0.0136719 0.00200653
13 0.312012 0.569336 0.0654297 0.0644531 0.0021286
10 0.12793 0.650879 0.03125 0.0419922 0.00246048
13 0.819824 0.554199 0.0634766 0.0302734 0.00257874
11 0.757812 0.140137 0.0664062 0.0595703 0.00293541
11 0.685547 0.108398 0.0839844 0.0234375 0.00300026
11 0.128906 0.651367 0.03125 0.0390625 0.00327301
13 0.791504 0.387695 0.0693359 0.0332031 0.0036869
8 0.674805 0.347656 0.0195312 0.0136719 0.00543976
13 0.831543 0.562012 0.0712891 0.0341797 0.00577545
10 0.882812 0.661621 0.0429688 0.0517578 0.00717926
11 0.345215 0.104004 0.106445 0.0439453 0.00718689
11 0.400391 0.0898438 0.119141 0.0195312 0.00720978
13 0.318848 0.570801 0.0341797 0.0556641 0.0072403
11 0.735352 0.618164 0.0292969 0.0234375 0.00791168
11 0.882812 0.661621 0.0429688 0.0517578 0.00828552
11 0.739746 0.128418 0.0869141 0.0556641 0.0112305
11 0.70752 0.115723 0.0908203 0.0380859 0.0168762
13 0.738281 0.597656 0.0390625 0.0585938 0.0205078
11 0.379883 0.0961914 0.130859 0.0283203 0.0210114
13 0.775879 0.397461 0.0791016 0.0410156 0.0254974
0 0.586914 0.274902 0.0917969 0.0771484 0.353271
3 0.604492 0.568359 0.423828 0.130859 0.69043
