11 0.384766 0.0556641 0.0546875 0.0195312 0.000101686
7 0.287598 0.372559 0.0888672 0.0537109 0.000102818
5 0.760742 0.84375 0.177734 0.269531 0.000102878
13 0.368652 0.103516 0.0283203 0.0585938 0.000103295
9 0.756348 0.459961 0.15332 0.0527344 0.000104666
11 0.610352 0.0620117 0.132812 0.0576172 0.000104785
11 0.377441 0.0717773 0.0673828 0.0224609 0.000105083
0 0.139648 0.0444336 0.279297 0.0732422 0.000105798
13 0.594238 0.169434 0.0361328 0.0166016 0.000107288
9 0.410645 0.16748 0.0576172 0.0830078 0.000107646
8 0.274902 0.331543 0.0166016 0.0126953 0.000108063
7 0.297852 0.341797 0.0527344 0.0390625 0.000109136
8 0.255371 0.230469 0.0263672 0.0195312 0.000109255
13 0.313477 0.260254 0.0234375 0.0126953 0.00011009
3 0.748535 0.0512695 0.50293 0.102539 0.000110447
2 0.59082 0.17041 0.0292969 0.0166016 0.000110745
11 0.61084 0.0429688 0.0966797 0.0195312 0.000111759
8 0.404785 0.393555 0.0126953 0.0078125 0.000111938
8 0.353027 0.203613 0.0341797 0.0322266 0.00011301
8 0.65625 0.264648 0.00976562 0.00976562 0.00011301
13 0.367676 0.130859 0.0419922 0.0800781 0.000114381
7 0.287598 0.314941 0.241211 0.223633 0.000114381
8 0.297852 0.341797 0.0527344 0.0390625 0.000114977
6 0.301758 0.342773 0.0253906 0.0214844 0.000115156
8 0.316406 0.356445 0.125 0.105469 0.000116348
13 0.37207 0.130371 0.0195312 0.0283203 0.000116527
8 0.65332 0.293457 0.00976562 0.00878906 0.000118136
9 0.603027 0.35791 0.0439453 0.0693359 0.000118494
13 0.197754 0.395996 0.0458984 0.0341797 0.000118673
2 0.773926 0.844727 0.168945 0.267578 0.000119269
13 0.659668 0.308105 0.108398 0.0419922 0.00012058
8 0.32666 0.233887 0.0263672 0.0146484 0.00012064
4 0.319824 0.362793 0.125977 0.102539 0.000121415
2 0.585938 0.170898 0.015625 0.0117188 0.000121415
11 0.586426 0.0512695 0.0712891 0.0224609 0.000123739
3 0.886719 0.726562 0.226562 0.376953 0.000124574
11 0.263184 0.0859375 0.0693359 0.0585938 0.000127673
9 0.132324 0.464844 0.0283203 0.0429688 0.000128388
11 0.750488 0.128418 0.0576172 0.0732422 0.000130653
2 0.595215 0.390137 0.0185547 0.0185547 0.000130773
0 0.552734 0.17334 0.0351562 0.0263672 0.000131488
6 0.27832 0.37207 0.0332031 0.0253906 0.000131607
12 0.768555 0.848633 0.185547 0.267578 0.000132322
8 0.237793 0.299316 0.0126953 0.0107422 0.000132442
8 0.272949 0.236816 0.00878906 0.00878906 0.000133157
8 0.359863 0.153809 0.0146484 0.0126953 0.00013566
13 0.243164 0.380859 0.105469 0.0449219 0.000136495
12 0.89502 0.772949 0.209961 0.374023 0.00013864
9 0.300781 0.341309 0.0292969 0.0224609 0.000138998
8 0.352051 0.211426 0.0224609 0.0224609 0.000141144
13 0.652832 0.337891 0.151367 0.203125 0.000142097
11 0.35498 0.0673828 0.100586 0.0214844 0.000150084
13 0.632324 0.348145 0.0947266 0.0947266 0.000151157
8 0.317871 0.328613 0.0263672 0.0126953 0.000151515
9 0.652344 0.449707 0.177734 0.0654297 0.000151634
10 0.141602 0.449707 0.0410156 0.0751953 0.000152469
7 0.414062 0.159668 0.0527344 0.0634766 0.000152588
9 0.648438 0.339844 0.0996094 0.0839844 0.00015378
5 0.287598 0.314941 0.241211 0.223633 0.000154376
7 0.597656 0.376465 0.03125 0.0537109 0.000154734
8 0.70752 0.166016 0.0361328 0.0273438 0.000154734
8 0.591309 0.169922 0.0283203 0.0175781 0.000156164
9 0.276367 0.373047 0.0351562 0.0273438 0.00015986
13 0.591309 0.376465 0.0419922 0.0673828 0.000160098
8 0.316895 0.238281 0.0126953 0.0117188 0.000161409
8 0.649414 0.415039 0.0410156 0.0332031 0.00016737
8 0.584473 0.170898 0.0146484 0.0117188 0.000167489
8 0.414551 0.160645 0.0517578 0.0634766 0.000168085
0 0.754883 0.842773 0.197266 0.267578 0.000170112
11 0.14209 0.468262 0.0810547 0.0908203 0.000172853
13 0.591309 0.371582 0.0830078 0.0673828 0.000174999
9 0.825195 0.739746 0.349609 0.520508 0.000175118
5 0.36377 0.17041 0.0595703 0.0966797 0.00018084
13 0.635254 0.304688 0.0927734 0.0742188 0.000181198
6 0.558594 0.411621 0.361328 0.112305 0.00018847
13 0.371094 0.13623 0.0351562 0.0419922 0.00019002
4 0.558594 0.411621 0.361328 0.112305 0.000192165
6 0.304199 0.351074 0.0771484 0.0693359 0.000192642
8 0.316406 0.26123 0.0410156 0.0224609 0.000197053
10 0.82959 0.489746 0.0302734 0.0615234 0.00019753
8 0.21582 0.38623 0.0078125 0.00683594 0.000202179
3 0.203125 0.108887 0.40625 0.217773 0.000202537
3 0.770996 0.84082 0.202148 0.28125 0.000204325
8 0.34082 0.396484 0.0351562 0.03125 0.00020647
8 0.558594 0.411621 0.361328 0.112305 0.000207067
9 0.287598 0.314941 0.241211 0.223633 0.000207663
8 0.19043 0.38623 0.015625 0.00878906 0.000208735
8 0.361328 0.401367 0.0371094 0.0371094 0.000210285
13 0.286133 0.322266 0.0175781 0.0136719 0.00021112
9 0.09375 0.21582 0.0449219 0.0664062 0.000221729
8 0.65918 0.389648 0.0175781 0.0175781 0.000222206
8 0.679199 0.335449 0.0185547 0.0205078 0.000231862
7 0.558594 0.411621 0.361328 0.112305 0.000232697
7 0.313965 0.260254 0.0244141 0.0126953 0.000233412
11 0.629395 0.0463867 0.0595703 0.0146484 0.000234842
9 0.597656 0.376465 0.03125 0.0537109 0.000236034
11 0.32959 0.0537109 0.0595703 0.0175781 0.00023675
6 0.36377 0.17041 0.0595703 0.0966797 0.000239253
11 0.353516 0.0483398 0.0976562 0.0166016 0.000239372
2 0.605469 0.307617 0.0117188 0.00976562 0.00024271
3 0.850586 0.15918 0.298828 0.183594 0.000242949
13 0.422363 0.22168 0.0341797 0.0390625 0.000243187
3 0.538086 0.201172 0.0976562 0.0859375 0.000243545
13 0.624512 0.119141 0.0439453 0.0703125 0.000244617
11 0.82959 0.489746 0.0302734 0.0615234 0.000257969
2 0.546875 0.1875 0.0742188 0.0566406 0.000258684
8 0.287109 0.116211 0.015625 0.0136719 0.000262499
11 0.570801 0.0673828 0.0576172 0.0332031 0.000264645
9 0.825195 0.895996 0.236328 0.188477 0.000280142
9 0.540527 0.204102 0.0947266 0.09375 0.000280142
7 0.36377 0.17041 0.0595703 0.0966797 0.00028944
13 0.374023 0.126953 0.0136719 0.0117188 0.000291109
8 0.304199 0.351074 0.0771484 0.0693359 0.000294924
13 0.558594 0.411621 0.361328 0.112305 0.000295401
1 0.558594 0.411621 0.361328 0.112305 0.000295401
13 0.29541 0.37793 0.104492 0.0507812 0.000296116
13 0.276367 0.373047 0.0351562 0.0273438 0.000305176
12 0.560059 0.415527 0.368164 0.116211 0.000306129
0 0.51416 0.237305 0.141602 0.167969 0.00031209
7 0.300781 0.341309 0.0292969 0.0224609 0.000312805
7 0.304199 0.351074 0.0771484 0.0693359 0.000313759
8 0.374023 0.23584 0.015625 0.0146484 0.000319004
2 0.556641 0.411621 0.359375 0.120117 0.000323057
9 0.36377 0.17041 0.0595703 0.0966797 0.000334263
8 0.333496 0.232422 0.0146484 0.00976562 0.000334501
10 0.125488 0.472168 0.0283203 0.0517578 0.000344753
8 0.317383 0.328125 0.00976562 0.00976562 0.00034833
9 0.314453 0.260254 0.0234375 0.0126953 0.000362635
8 0.335449 0.236816 0.0166016 0.0146484 0.000370741
9 0.709961 0.827148 0.169922 0.269531 0.000374794
11 0.700195 0.074707 0.0839844 0.0537109 0.000375271
7 0.27832 0.37207 0.0332031 0.0253906 0.000378132
9 0.704102 0.464355 0.275391 0.0712891 0.000381708
9 0.811523 0.749023 0.0175781 0.0410156 0.000385761
7 0.595215 0.389648 0.0185547 0.0195312 0.000389814
8 0.621582 0.34082 0.0146484 0.0117188 0.000401258
5 0.556641 0.411621 0.359375 0.120117 0.000408173
7 0.666016 0.373047 0.142578 0.152344 0.000423431
8 0.273926 0.332031 0.00878906 0.00976562 0.000424623
8 0.286621 0.321777 0.0185547 0.0126953 0.000426769
13 0.599609 0.35498 0.0429688 0.104492 0.000451326
7 0.414062 0.143555 0.0410156 0.0273438 0.000457525
11 0.241211 0.106934 0.078125 0.0712891 0.000458241
8 0.595215 0.385742 0.0283203 0.0351562 0.000465631
11 0.556641 0.410645 0.361328 0.118164 0.000466824
9 0.663574 0.375 0.143555 0.15625 0.000480413
11 0.67627 0.0644531 0.137695 0.0566406 0.000506878
10 0.559082 0.414062 0.366211 0.113281 0.000520706
0 0.556641 0.411621 0.359375 0.120117 0.000525951
9 0.595215 0.389648 0.0185547 0.0195312 0.000528336
9 0.189453 0.836914 0.162109 0.279297 0.00053978
7 0.789551 0.850098 0.178711 0.262695 0.000566483
5 0.300293 0.351562 0.157227 0.103516 0.000593185
9 0.414062 0.143555 0.0410156 0.0273438 0.000598431
13 0.316895 0.36084 0.110352 0.0849609 0.000638485
11 0.397461 0.0712891 0.0644531 0.03125 0.000643253
2 0.552734 0.173828 0.0371094 0.0273438 0.000655174
9 0.319824 0.362793 0.125977 0.102539 0.000658512
8 0.341309 0.103516 0.0166016 0.015625 0.000677586
11 0.366211 0.0537109 0.0605469 0.0175781 0.000712395
9 0.557617 0.416016 0.365234 0.125 0.000720978
3 0.221191 0.0522461 0.442383 0.104492 0.000722885
9 0.825195 0.798828 0.244141 0.335938 0.000745773
9 0.487305 0.29834 0.138672 0.350586 0.000748634
13 0.616699 0.279785 0.0751953 0.0869141 0.000751972
11 0.125 0.473633 0.0292969 0.0625 0.000759125
8 0.709961 0.361816 0.0292969 0.0224609 0.000775814
3 0.569336 0.452637 0.382812 0.100586 0.000788212
8 0.27832 0.37207 0.0332031 0.0253906 0.000883579
8 0.37207 0.214355 0.0117188 0.0126953 0.000947475
8 0.375488 0.271484 0.0224609 0.0195312 0.000977516
6 0.319824 0.362793 0.125977 0.102539 0.00100136
10 0.131836 0.46582 0.0410156 0.0839844 0.00107098
8 0.414062 0.143555 0.0410156 0.0273438 0.00112534
8 0.374023 0.126465 0.0136719 0.0107422 0.00114346
11 0.318359 0.0600586 0.101562 0.0341797 0.00124645
8 0.605469 0.307617 0.0117188 0.0117188 0.00125408
13 0.596191 0.385254 0.0244141 0.0322266 0.00139713
0 0.550293 0.18457 0.0654297 0.0527344 0.00139904
11 0.592285 0.0600586 0.0908203 0.0341797 0.00140476
10 0.821289 0.475586 0.0449219 0.0722656 0.00165749
13 0.362793 0.170898 0.0576172 0.0957031 0.00168133
3 0.139648 0.0444336 0.279297 0.0732422 0.00169754
8 0.300293 0.342285 0.0302734 0.0244141 0.00183964
11 0.821289 0.475586 0.0449219 0.0722656 0.00200272
11 0.683105 0.0620117 0.0712891 0.0439453 0.00222206
3 0.555176 0.43457 0.375977 0.255859 0.00233269
11 0.133789 0.460938 0.0410156 0.0820312 0.00254631
7 0.319824 0.362793 0.125977 0.102539 0.00279808
11 0.376465 0.0615234 0.0810547 0.0273438 0.00279999
11 0.641113 0.0522461 0.125977 0.0302734 0.00330734
13 0.601562 0.366699 0.03125 0.0595703 0.0042572
8 0.595215 0.389648 0.0185547 0.0195312 0.00452805
11 0.346191 0.0551758 0.114258 0.0224609 0.00489044
8 0.313965 0.260254 0.0244141 0.0126953 0.00593567
11 0.615723 0.0498047 0.0966797 0.0195312 0.010582
10 0.134766 0.462402 0.0292969 0.0478516 0.0125504
11 0.134766 0.462402 0.0292969 0.0478516 0.0151215
9 0.770996 0.841797 0.165039 0.263672 0.0261078
0 0.538086 0.201172 0.0976562 0.0859375 0.0744629
3 0.557129 0.411133 0.362305 0.107422 0.33252
