10 0.984863 0.983398 0.0302734 0.0332031 0.000165701
10 0.0146484 0.702637 0.0292969 0.120117 0.000166059
10 0.994141 0.979004 0.00976562 0.0400391 0.000166655
10 0.0488281 0.869141 0.0585938 0.109375 0.000167251
10 0.00732422 0.9375 0.0146484 0.0585938 0.000167966
11 0.00976562 0.744141 0.0195312 0.0742188 0.000168443
11 0.623047 0.241699 0.0527344 0.0283203 0.0001688
11 0.992188 0.994629 0.0117188 0.0107422 0.000169873
13 0.388672 0.388672 0.0253906 0.0273438 0.000170588
10 0.00683594 0.6875 0.0117188 0.0488281 0.000171065
13 0.567383 0.334961 0.0175781 0.0332031 0.000172138
10 0.00732422 0.895996 0.0146484 0.0576172 0.000173688
8 0.257324 0.441895 0.0185547 0.0185547 0.000174642
9 0.992676 0.995605 0.0107422 0.00878906 0.000175118
8 0.912109 0.884277 0.136719 0.21582 0.000175595
10 0.00732422 0.621582 0.0126953 0.0439453 0.000176072
11 0.910645 0.84375 0.155273 0.277344 0.00017643
12 0.0273438 0.441406 0.0546875 0.519531 0.00017643
10 0.0175781 0.614258 0.0351562 0.361328 0.000177741
13 0.205566 0.54248 0.0283203 0.0146484 0.000177741
11 0.334961 0.227539 0.107422 0.0625 0.000178933
11 0.0078125 0.609375 0.0136719 0.0410156 0.000179052
11 0.00830078 0.019043 0.0126953 0.0380859 0.000182271
3 0.910645 0.84375 0.155273 0.277344 0.000182867
10 0.0371094 0.704102 0.0507812 0.117188 0.000183821
8 0.754395 0.609863 0.0361328 0.0302734 0.000184536
10 0.0141602 0.868652 0.0283203 0.102539 0.000185251
11 0.991699 0.00488281 0.0126953 0.0078125 0.00018847
9 0.595703 0.228516 0.078125 0.0214844 0.000189424
8 0.584473 0.320312 0.0126953 0.0117188 0.000189424
2 0.916016 0.879395 0.119141 0.198242 0.000190854
10 0.00732422 0.794922 0.0146484 0.0625 0.000191569
11 0.00878906 0.0493164 0.0136719 0.0810547 0.000192642
10 0.0146484 0.821289 0.0292969 0.103516 0.000193954
11 0.979004 0.0224609 0.0400391 0.0449219 0.000194192
2 0.438477 0.40332 0.0175781 0.0253906 0.000194907
8 0.702148 0.642578 0.0234375 0.0214844 0.000196934
13 0.574707 0.330566 0.0400391 0.0361328 0.000196934
11 0.00634766 0.955566 0.0107422 0.0537109 0.000197768
2 0.562988 0.273438 0.0419922 0.0976562 0.000198364
10 0.00830078 0.979004 0.0126953 0.0361328 0.000199199
10 0.0146484 0.75 0.0292969 0.115234 0.000200629
9 0.17627 0.336914 0.352539 0.673828 0.000200748
11 0.00732422 0.189453 0.0126953 0.0566406 0.000200868
11 0.994141 0.59082 0.00976562 0.0507812 0.000201464
1 0.200684 0.0976562 0.319336 0.181641 0.000202894
9 0.296387 0.740723 0.282227 0.239258 0.000203013
9 0.769531 0.84375 0.0527344 0.0703125 0.000205755
10 0.994141 0.59082 0.00976562 0.0507812 0.000207186
13 0.760254 0.618652 0.0576172 0.0869141 0.000208497
7 0.422852 0.264648 0.0566406 0.130859 0.00020957
13 0.441895 0.249023 0.0537109 0.115234 0.000209928
2 0.737305 0.625 0.0683594 0.078125 0.00021255
11 0.0078125 0.889648 0.0136719 0.0507812 0.000212669
11 0.599121 0.229004 0.104492 0.0966797 0.000212789
13 0.595703 0.228516 0.078125 0.0214844 0.000212908
9 0.739258 0.655762 0.0800781 0.0986328 0.000213027
11 0.588379 0.227051 0.0498047 0.0126953 0.000213027
10 0.00634766 0.87207 0.0107422 0.0410156 0.000214219
11 0.373047 0.214844 0.0566406 0.0195312 0.000214577
11 0.00585938 0.675293 0.00976562 0.0498047 0.000214815
9 0.82666 0.0947266 0.327148 0.175781 0.000215411
13 0.399414 0.296387 0.0605469 0.108398 0.000218034
8 0.607422 0.553223 0.0253906 0.0224609 0.000218511
11 0.0078125 0.9375 0.0136719 0.0585938 0.000219345
10 0.0478516 0.822266 0.0585938 0.105469 0.000219703
9 0.501953 0.244141 0.09375 0.173828 0.000220299
11 0.00732422 0.794922 0.0146484 0.0625 0.000221372
9 0.437988 0.402832 0.0185547 0.0263672 0.000222564
8 0.313965 0.316406 0.0322266 0.0234375 0.000222683
1 0.595703 0.228516 0.078125 0.0214844 0.000223994
11 0.00585938 0.705078 0.00976562 0.0488281 0.000224113
7 0.749512 0.645996 0.0517578 0.0517578 0.000224948
13 0.763672 0.617676 0.0390625 0.0517578 0.000225067
10 0.0478516 0.750977 0.0546875 0.111328 0.000226021
7 0.22168 0.519043 0.0371094 0.0341797 0.000227451
11 0.597656 0.23877 0.0488281 0.0224609 0.000228763
11 0.409668 0.233398 0.0830078 0.0820312 0.000229001
10 0.00732422 0.710938 0.0126953 0.0585938 0.00023222
9 0.422852 0.264648 0.0566406 0.130859 0.000232697
9 0.512695 0.553711 0.275391 0.259766 0.000233054
10 0.00927734 0.958984 0.0185547 0.0703125 0.000235081
11 0.0078125 0.973145 0.0136719 0.0439453 0.000237465
11 0.00732422 0.657227 0.0126953 0.0507812 0.000237584
11 0.611328 0.229492 0.09375 0.0390625 0.000237942
10 0.994141 0.991211 0.00976562 0.0175781 0.000238419
10 0.991699 0.0322266 0.0126953 0.0566406 0.000239134
10 0.00830078 0.991211 0.0146484 0.0175781 0.000239491
13 0.649414 0.597168 0.123047 0.0830078 0.000240564
10 0.00927734 0.816406 0.0185547 0.0742188 0.000241041
10 0.00732422 0.759277 0.0126953 0.0556641 0.000242829
7 0.019043 0.415527 0.0380859 0.538086 0.000243187
8 0.407715 0.654297 0.0458984 0.0429688 0.000244856
10 0.0166016 0.508789 0.0292969 0.292969 0.000247478
10 0.0649414 0.922852 0.120117 0.154297 0.000247478
10 0.00732422 0.645996 0.0126953 0.0556641 0.000249386
4 0.54248 0.621094 0.34082 0.115234 0.000250816
8 0.437988 0.402832 0.0185547 0.0244141 0.000252247
9 0.680176 0.688965 0.211914 0.0908203 0.000252724
11 0.404785 0.199219 0.0517578 0.0136719 0.000253439
10 0.0078125 0.52002 0.0136719 0.147461 0.000253677
8 0.302246 0.491699 0.00878906 0.00683594 0.000254869
10 0.00830078 0.189453 0.0126953 0.0625 0.000255346
3 0.522461 0.557617 0.306641 0.251953 0.000256777
11 0.0078125 0.818359 0.0136719 0.0566406 0.000257254
6 0.899902 0.106934 0.15918 0.192383 0.000258446
5 0.230957 0.571777 0.108398 0.149414 0.000258923
11 0.993164 0.985352 0.0117188 0.0292969 0.000259161
6 0.540527 0.621094 0.344727 0.121094 0.00026083
9 0.23291 0.666992 0.141602 0.09375 0.000263929
11 0.732422 0.626465 0.0820312 0.0751953 0.000265121
8 0.54248 0.621094 0.34082 0.115234 0.00026989
5 0.818848 0.0893555 0.297852 0.139648 0.000270367
9 0.0234375 0.416992 0.046875 0.552734 0.000270605
10 0.500977 0.00976562 0.0859375 0.015625 0.000272274
11 0.992676 0.0322266 0.0126953 0.0566406 0.000273466
11 0.280762 0.249512 0.0517578 0.0498047 0.000273466
11 0.994629 0.991211 0.0107422 0.0175781 0.000273466
11 0.00927734 0.958984 0.0185547 0.0703125 0.000274897
7 0.540527 0.621094 0.344727 0.121094 0.000276566
10 0.00732422 0.735352 0.0126953 0.0527344 0.000279188
12 0.738281 0.626953 0.0566406 0.0644531 0.000281096
9 0.500488 0.279297 0.137695 0.283203 0.000281572
10 0.0200195 0.398438 0.0322266 0.259766 0.000282288
10 0.994141 0.0185547 0.00976562 0.0371094 0.000285387
10 0.00927734 0.875 0.0185547 0.0664062 0.000285864
5 0.19873 0.0668945 0.305664 0.118164 0.000291348
9 0.0229492 0.581543 0.0361328 0.104492 0.000291348
11 0.00732422 0.753418 0.0126953 0.0498047 0.000293732
7 0.595703 0.228516 0.078125 0.0214844 0.000296354
11 0.613281 0.224609 0.0644531 0.0195312 0.000296593
7 0.735352 0.653809 0.0761719 0.0966797 0.000298262
9 0.755371 0.624512 0.0419922 0.0576172 0.000301123
8 0.72168 0.623535 0.09375 0.0830078 0.000305653
11 0.464844 0.00927734 0.0664062 0.0166016 0.000306606
2 0.200684 0.0976562 0.319336 0.181641 0.000310421
11 0.00830078 0.688477 0.0146484 0.0800781 0.000311852
11 0.994141 0.0185547 0.00976562 0.0371094 0.000320196
11 0.577637 0.274902 0.0791016 0.137695 0.000320673
1 0.541016 0.617676 0.335938 0.12207 0.000321627
6 0.200684 0.0976562 0.319336 0.181641 0.000327826
9 0.756836 0.608398 0.0332031 0.0292969 0.000329018
11 0.981934 0.0102539 0.0341797 0.0205078 0.000333786
11 0.00732422 0.87207 0.0146484 0.0449219 0.000335693
12 0.541016 0.620117 0.347656 0.121094 0.000339746
11 0.00732422 0.633789 0.0126953 0.046875 0.000341654
10 0.00927734 0.688965 0.0166016 0.0908203 0.000344753
11 0.494629 0.00927734 0.0693359 0.0146484 0.000346899
9 0.743652 0.645996 0.0517578 0.0517578 0.00034976
11 0.00830078 0.991211 0.0146484 0.0175781 0.000351667
11 0.00732422 0.729004 0.0126953 0.0537109 0.000352859
11 0.0234375 0.416992 0.046875 0.552734 0.000356913
5 0.899902 0.106934 0.15918 0.192383 0.000357389
10 0.0078125 0.619629 0.0136719 0.0908203 0.000359535
2 0.746094 0.617188 0.046875 0.0429688 0.000360727
9 0.015625 0.566895 0.0292969 0.311523 0.000363111
11 0.382812 0.218262 0.130859 0.0517578 0.00036478
7 0.563965 0.262207 0.0458984 0.0830078 0.000378609
9 0.437988 0.241699 0.0498047 0.0849609 0.000378609
13 0.545898 0.296387 0.0507812 0.137695 0.000384092
9 0.265625 0.542969 0.164062 0.181641 0.000389099
5 0.277344 0.47168 0.205078 0.333984 0.000391483
10 0.00830078 0.854004 0.0146484 0.0556641 0.000394344
9 0.487305 0.487793 0.166016 0.356445 0.00039649
13 0.663574 0.608398 0.0986328 0.046875 0.000399351
3 0.218262 0.0654297 0.319336 0.107422 0.00040102
13 0.540527 0.621094 0.344727 0.121094 0.000403881
2 0.540527 0.621094 0.344727 0.121094 0.000403881
11 0.446777 0.273926 0.0595703 0.170898 0.000404119
13 0.730957 0.614746 0.0927734 0.141602 0.000409603
6 0.541992 0.396973 0.101562 0.116211 0.000415564
9 0.481445 0.369629 0.152344 0.270508 0.000419378
9 0.275879 0.682129 0.249023 0.120117 0.000419378
11 0.5625 0.235352 0.0429688 0.03125 0.000420094
11 0.607422 0.248047 0.0996094 0.0410156 0.000421524
13 0.917969 0.904785 0.132812 0.165039 0.000421524
10 0.97998 0.0151367 0.0380859 0.0302734 0.000424623
9 0.5625 0.263184 0.0566406 0.0947266 0.000426769
12 0.0625 0.440918 0.125 0.557617 0.000431061
10 0.75293 0.611328 0.0371094 0.0332031 0.000433683
9 0.697754 0.512207 0.145508 0.319336 0.000433922
8 0.452637 0.987305 0.0361328 0.0195312 0.000444412
13 0.404297 0.277832 0.0390625 0.0810547 0.000446796
7 0.439453 0.24707 0.0429688 0.0976562 0.000451326
8 0.681641 0.60791 0.0371094 0.0322266 0.000463963
5 0.114746 0.0791016 0.137695 0.142578 0.000469923
9 0.0625 0.440918 0.125 0.557617 0.000483513
6 0.128906 0.0825195 0.142578 0.147461 0.000483751
13 0.679688 0.606445 0.0527344 0.0332031 0.000484228
10 0.00830078 0.00976562 0.0126953 0.0175781 0.000484467
11 0.200684 0.0976562 0.319336 0.181641 0.00049305
11 0.00732422 0.00927734 0.0126953 0.0166016 0.000495911
11 0.00830078 0.854004 0.0146484 0.0556641 0.000496864
11 0.29834 0.239258 0.0849609 0.0664062 0.000502586
13 0.734375 0.638672 0.0527344 0.0566406 0.000503063
5 0.745117 0.617676 0.0449219 0.0419922 0.000506878
7 0.541992 0.396973 0.101562 0.116211 0.000508785
8 0.22168 0.519043 0.0332031 0.0322266 0.000520706
9 0.38916 0.665527 0.0849609 0.124023 0.00052166
4 0.746094 0.617188 0.046875 0.0429688 0.000528336
5 0.720215 0.625977 0.106445 0.101562 0.000537872
11 0.541016 0.620117 0.347656 0.121094 0.000540257
12 0.541992 0.396973 0.101562 0.116211 0.00055027
5 0.540527 0.621094 0.344727 0.121094 0.000555992
3 0.818848 0.0893555 0.297852 0.139648 0.000567436
0 0.543945 0.390625 0.0644531 0.0839844 0.000568867
10 0.743652 0.620605 0.0537109 0.0517578 0.000572681
4 0.541992 0.396973 0.101562 0.116211 0.000576496
8 0.330566 0.618164 0.0146484 0.0117188 0.000577927
3 0.199707 0.112305 0.37207 0.224609 0.000591755
5 0.699707 0.45459 0.100586 0.165039 0.000596046
11 0.388184 0.202637 0.0712891 0.0166016 0.000611305
5 0.54248 0.396973 0.100586 0.112305 0.000612259
8 0.20459 0.544434 0.0146484 0.00878906 0.000618935
8 0.746094 0.617188 0.046875 0.0429688 0.000632286
1 0.75293 0.611328 0.0371094 0.0332031 0.000638008
13 0.755371 0.59668 0.0419922 0.0644531 0.00064373
8 0.384766 0.594727 0.0117188 0.0117188 0.000650883
4 0.727539 0.62793 0.0859375 0.0859375 0.000657082
11 0.559082 0.246094 0.0478516 0.0644531 0.000659466
10 0.991699 0.00927734 0.0146484 0.0185547 0.000683784
10 0.541016 0.617676 0.335938 0.12207 0.00071764
0 0.54248 0.621094 0.34082 0.115234 0.000732899
13 0.20459 0.544434 0.0146484 0.00878906 0.000758171
7 0.712891 0.620117 0.138672 0.130859 0.000769615
11 0.385742 0.206543 0.0488281 0.0126953 0.000779629
6 0.754395 0.609863 0.0361328 0.0302734 0.000790119
13 0.899902 0.106934 0.15918 0.192383 0.000794411
13 0.40332 0.282227 0.0292969 0.046875 0.00080204
1 0.541992 0.396973 0.101562 0.116211 0.000813007
11 0.54248 0.396973 0.100586 0.112305 0.000835896
9 0.454102 0.250977 0.0527344 0.0839844 0.000843048
13 0.417969 0.271484 0.0585938 0.119141 0.000863075
13 0.563965 0.287109 0.0556641 0.125 0.000864029
13 0.541992 0.396973 0.101562 0.116211 0.000868797
9 0.541504 0.628418 0.34082 0.12207 0.000887394
11 0.991699 0.00927734 0.0146484 0.0185547 0.000930309
7 0.446777 0.273926 0.0595703 0.170898 0.000995636
11 0.742676 0.623047 0.0498047 0.0546875 0.00101852
8 0.54248 0.396973 0.100586 0.112305 0.00106907
1 0.737305 0.627441 0.0605469 0.0654297 0.0011692
9 0.460938 0.685547 0.162109 0.263672 0.00121212
2 0.755859 0.610352 0.0332031 0.0292969 0.00122929
11 0.43457 0.239746 0.0507812 0.0947266 0.00125408
11 0.428711 0.220703 0.0488281 0.046875 0.00125504
7 0.754395 0.610352 0.0322266 0.0292969 0.0012722
6 0.718262 0.626465 0.112305 0.0966797 0.00133038
9 0.726074 0.62793 0.0927734 0.0976562 0.00134277
13 0.827637 0.129395 0.333008 0.250977 0.0013628
10 0.541992 0.396973 0.101562 0.116211 0.00138664
11 0.562988 0.273438 0.0419922 0.0976562 0.00139141
9 0.380371 0.740234 0.118164 0.28125 0.00139427
2 0.541992 0.396973 0.101562 0.116211 0.00139713
11 0.577148 0.231934 0.0546875 0.0224609 0.00147343
13 0.200684 0.0976562 0.319336 0.181641 0.00150108
13 0.12793 0.0712891 0.162109 0.140625 0.00151634
9 0.541992 0.396973 0.101562 0.116211 0.00152302
11 0.75293 0.611328 0.0351562 0.03125 0.00161743
11 0.349121 0.216309 0.0869141 0.0302734 0.00172234
11 0.574219 0.244141 0.0488281 0.0371094 0.00178432
5 0.739258 0.627441 0.0625 0.0771484 0.00194645
10 0.775879 0.846191 0.0517578 0.0712891 0.00205994
9 0.446777 0.273926 0.0595703 0.170898 0.00213814
9 0.748047 0.614258 0.0371094 0.0332031 0.00220108
11 0.314941 0.229004 0.0673828 0.0439453 0.00221252
11 0.61377 0.23291 0.0732422 0.0224609 0.00231171
3 0.538574 0.64209 0.358398 0.258789 0.00318336
13 0.761719 0.601562 0.03125 0.0371094 0.00322914
3 0.541992 0.396973 0.101562 0.116211 0.00327682
0 0.509766 0.410645 0.208984 0.163086 0.00345039
4 0.73877 0.632812 0.0517578 0.0566406 0.00349617
10 0.019043 0.415527 0.0380859 0.538086 0.00371552
8 0.738281 0.633301 0.0507812 0.0556641 0.00378609
6 0.746094 0.617188 0.046875 0.0429688 0.00383759
11 0.775879 0.846191 0.0517578 0.0712891 0.00400925
11 0.580566 0.250488 0.0791016 0.0634766 0.00419998
8 0.369141 0.59668 0.015625 0.015625 0.00422287
11 0.400879 0.214355 0.0927734 0.0322266 0.00428772
5 0.697754 0.512207 0.145508 0.319336 0.00456619
9 0.465332 0.302734 0.0888672 0.234375 0.00474548
9 0.737305 0.627441 0.0605469 0.0654297 0.00512314
13 0.558105 0.27832 0.0322266 0.0917969 0.00595856
11 0.352051 0.211426 0.0576172 0.0205078 0.00615311
7 0.725586 0.625488 0.0898438 0.0888672 0.00621414
5 0.265625 0.542969 0.164062 0.181641 0.0062561
11 0.416992 0.211426 0.0527344 0.0244141 0.00893402
11 0.603516 0.228516 0.0488281 0.0136719 0.00989532
7 0.746094 0.617188 0.046875 0.0429688 0.0110245
11 0.328613 0.217773 0.0458984 0.0253906 0.0135422
6 0.739258 0.627441 0.0625 0.0771484 0.0144424
11 0.379883 0.209961 0.0859375 0.0195312 0.0158386
11 0.589844 0.237793 0.0820312 0.0341797 0.0219879
13 0.734863 0.625 0.0771484 0.0761719 0.022583
7 0.737305 0.631836 0.0566406 0.0644531 0.0338745
11 0.40332 0.206543 0.0664062 0.0166016 0.0358276
13 0.745605 0.621094 0.0498047 0.0507812 0.0710449
11 0.595703 0.228516 0.078125 0.0214844 0.0755005
13 0.75293 0.611328 0.0371094 0.0332031 0.206299
3 0.541504 0.620605 0.338867 0.108398 0.476562
0 0.541992 0.398438 0.0996094 0.121094 0.708984
