11 0.279297 0.211914 0.222656 0.136719 0.000214815
12 0.273438 0.0410156 0.292969 0.0800781 0.00021708
9 0.352539 0.348145 0.240234 0.413086 0.000217199
0 0.234375 0.580078 0.328125 0.3125 0.000218868
9 0.350586 0.0200195 0.113281 0.0400391 0.00022161
9 0.269531 0.713867 0.107422 0.0527344 0.000221848
11 0.312988 0.134277 0.112305 0.0283203 0.000223398
6 0.792969 0.496094 0.152344 0.189453 0.000223637
9 0.984863 0.237793 0.0263672 0.22168 0.000223875
5 0.755859 0.594727 0.28125 0.130859 0.000224113
9 0.00830078 0.270508 0.0166016 0.0742188 0.000225425
9 0.710449 0.66748 0.313477 0.133789 0.000227451
3 0.78125 0.665039 0.353516 0.132812 0.000228167
9 0.580566 0.308105 0.0419922 0.0439453 0.000230432
5 0.545898 0.277832 0.113281 0.104492 0.000231743
8 0.79541 0.521484 0.112305 0.126953 0.0002321
9 0.301758 0.60498 0.166016 0.0595703 0.0002321
9 0.876465 0.105469 0.0439453 0.0292969 0.0002321
5 0.49707 0.400391 0.222656 0.542969 0.0002321
9 0.376465 0.67334 0.114258 0.120117 0.000232697
9 0.242676 0.224121 0.110352 0.139648 0.000234485
8 0.240234 0.681152 0.046875 0.0439453 0.000235796
10 0.54541 0.279297 0.116211 0.105469 0.000236154
11 0.394531 0.107422 0.0585938 0.0195312 0.000236273
11 0.717773 0.12793 0.0585938 0.0351562 0.000236392
8 0.27832 0.23877 0.0214844 0.0166016 0.000238538
8 0.661621 0.558105 0.0205078 0.0166016 0.000239491
1 0.113281 0.593262 0.0800781 0.268555 0.000239611
9 0.813965 0.356445 0.19043 0.271484 0.000239849
13 0.234375 0.46582 0.148438 0.078125 0.000240088
13 0.347168 0.16748 0.0615234 0.0380859 0.000241756
4 0.234375 0.580078 0.328125 0.3125 0.000242949
6 0.24707 0.591309 0.330078 0.24707 0.000244021
5 0.225586 0.367676 0.138672 0.104492 0.000244856
0 0.550781 0.345703 0.126953 0.179688 0.000246525
10 0.0947266 0.603516 0.113281 0.287109 0.00024724
11 0.626465 0.116211 0.0751953 0.0214844 0.000249624
13 0.833496 0.551758 0.12207 0.0976562 0.000249624
9 0.226562 0.458008 0.138672 0.0625 0.000250816
11 0.0991211 0.991211 0.0517578 0.0175781 0.000251293
2 0.253418 0.681152 0.327148 0.141602 0.000252485
9 0.966797 0.35791 0.0625 0.420898 0.000253439
9 0.405762 0.824707 0.49707 0.334961 0.000253439
9 0.612793 0.397949 0.198242 0.395508 0.000253439
8 0.671875 0.36377 0.0175781 0.0185547 0.000254393
2 0.220703 0.519531 0.167969 0.167969 0.000255823
9 0.596191 0.30957 0.155273 0.185547 0.000256538
9 0.212402 0.227051 0.0283203 0.0224609 0.000256538
9 0.459473 0.0449219 0.243164 0.0839844 0.000257492
10 0.104492 0.549805 0.0449219 0.103516 0.000260115
11 0.651367 0.114746 0.0722656 0.0185547 0.00026083
13 0.255859 0.250977 0.115234 0.0859375 0.000261784
7 0.234863 0.23291 0.0771484 0.0595703 0.000262022
11 0.950684 0.991211 0.0361328 0.0175781 0.000262022
8 0.234375 0.580078 0.328125 0.3125 0.000263453
13 0.752441 0.361816 0.0947266 0.0400391 0.000263691
9 0.0913086 0.317871 0.176758 0.348633 0.000266552
13 0.208984 0.369141 0.111328 0.109375 0.000267744
7 0.256836 0.688477 0.119141 0.0859375 0.000267744
13 0.575195 0.297852 0.03125 0.0273438 0.00026989
9 0.0478516 0.348145 0.0136719 0.0224609 0.000271559
7 0.54541 0.274902 0.116211 0.0947266 0.000279665
9 0.132812 0.781738 0.216797 0.364258 0.000280619
8 0.632324 0.21582 0.0283203 0.0273438 0.000283241
5 0.245117 0.660645 0.341797 0.147461 0.00028348
8 0.54541 0.274902 0.116211 0.0947266 0.000283957
9 0.739746 0.272949 0.219727 0.209961 0.000285149
8 0.243164 0.477051 0.0117188 0.0107422 0.000285864
7 0.171387 0.664062 0.188477 0.123047 0.000286818
8 0.36377 0.455566 0.0380859 0.0302734 0.000287056
9 0.580566 0.191406 0.0400391 0.0371094 0.000287294
11 0.608887 0.109375 0.0732422 0.0195312 0.000288486
9 0.314453 0.743652 0.271484 0.211914 0.000290155
13 0.754883 0.578613 0.15625 0.0673828 0.000293255
2 0.794434 0.632812 0.307617 0.0839844 0.000295639
6 0.117676 0.67041 0.0986328 0.131836 0.000299931
8 0.57959 0.306152 0.0380859 0.0439453 0.000303745
9 0.207031 0.385254 0.175781 0.202148 0.00030756
5 0.271973 0.322266 0.27832 0.242188 0.000309944
11 0.621094 0.102539 0.136719 0.0410156 0.000312328
11 0.94873 0.724121 0.0400391 0.0576172 0.000312805
5 0.716309 0.546387 0.155273 0.147461 0.000313282
9 0.109863 0.701172 0.0537109 0.0722656 0.00031352
12 0.0795898 0.54248 0.12207 0.436523 0.000318289
9 0.86084 0.666992 0.209961 0.138672 0.000321627
2 0.779785 0.500488 0.18457 0.166992 0.000326872
9 0.22168 0.639648 0.287109 0.0898438 0.000328302
0 0.111816 0.668945 0.0888672 0.134766 0.000333071
11 0.238281 0.657227 0.320312 0.128906 0.000335693
9 0.202148 0.959473 0.277344 0.0771484 0.000336647
9 0.500488 0.633789 0.258789 0.263672 0.000336885
9 0.793457 0.586426 0.0771484 0.0458984 0.000339985
9 0.146484 0.466309 0.292969 0.631836 0.000340939
6 0.251465 0.440918 0.293945 0.393555 0.0003438
1 0.234375 0.580078 0.328125 0.3125 0.000346184
2 0.543457 0.349121 0.0361328 0.0361328 0.000347853
12 0.11377 0.560547 0.0556641 0.128906 0.000349998
8 0.23291 0.674805 0.342773 0.150391 0.000353098
3 0.230469 0.675293 0.316406 0.137695 0.000354528
9 0.991211 0.272461 0.0175781 0.0664062 0.000354767
9 0.0981445 0.64502 0.196289 0.21582 0.000356913
9 0.978027 0.293457 0.0400391 0.114258 0.000357389
12 0.765625 0.401855 0.296875 0.426758 0.000357389
9 0.0810547 0.589844 0.0859375 0.341797 0.000359774
0 0.48877 0.35791 0.198242 0.47168 0.00036025
8 0.630371 0.208984 0.0166016 0.015625 0.000370741
7 0.366211 0.68457 0.132812 0.140625 0.000372648
10 0.231445 0.677734 0.335938 0.134766 0.000386953
2 0.585449 0.291504 0.0263672 0.0205078 0.000391722
11 0.237793 0.233887 0.0791016 0.0595703 0.000392437
9 0.105469 0.557129 0.046875 0.108398 0.000395536
7 0.245117 0.522461 0.169922 0.166016 0.000397682
12 0.796387 0.620605 0.305664 0.0947266 0.00039959
9 0.20752 0.455566 0.155273 0.112305 0.000401735
8 0.691895 0.486328 0.0322266 0.0253906 0.000406504
11 0.151855 0.651855 0.168945 0.166992 0.000407219
9 0.768066 0.540527 0.229492 0.165039 0.000408411
13 0.762695 0.444824 0.205078 0.299805 0.000408888
9 0.308105 0.137695 0.231445 0.130859 0.000421524
13 0.54541 0.274902 0.116211 0.0947266 0.000422955
11 0.225586 0.174316 0.0703125 0.0654297 0.000429392
9 0.953613 0.25 0.0888672 0.265625 0.000435829
2 0.113281 0.593262 0.0800781 0.268555 0.000440836
9 0.687988 0.355957 0.202148 0.291992 0.000450611
9 0.977051 0.195801 0.0439453 0.237305 0.000451088
2 0.585938 0.30127 0.0332031 0.0322266 0.000453711
9 0.0615234 0.179199 0.123047 0.25293 0.000465631
9 0.130371 0.715332 0.145508 0.21582 0.000466585
9 0.502441 0.395508 0.135742 0.367188 0.000469208
9 0.259277 0.606934 0.30957 0.0986328 0.000475645
9 0.877441 0.634766 0.165039 0.078125 0.000476122
9 0.0288086 0.337891 0.0576172 0.291016 0.000479698
7 0.260254 0.495605 0.243164 0.262695 0.000487804
6 0.716309 0.546387 0.155273 0.147461 0.000487804
13 0.272461 0.250977 0.181641 0.121094 0.000497341
11 0.377441 0.111328 0.0830078 0.0214844 0.000499725
0 0.565918 0.299316 0.178711 0.163086 0.000501633
9 0.206055 0.465332 0.0800781 0.0361328 0.000503063
9 0.208008 0.466797 0.207031 0.193359 0.000506878
5 0.111816 0.665039 0.0869141 0.134766 0.000513554
8 0.770996 0.501465 0.0224609 0.0166016 0.00051403
13 0.111816 0.668945 0.0888672 0.134766 0.000516891
9 0.773438 0.584473 0.3125 0.157227 0.000516891
12 0.243164 0.447266 0.304688 0.419922 0.000517845
9 0.735352 0.628418 0.226562 0.0576172 0.000520229
13 0.227539 0.495605 0.162109 0.15918 0.000520229
13 0.755859 0.594727 0.28125 0.130859 0.000527859
11 0.364746 0.139648 0.108398 0.03125 0.000528812
9 0.186035 0.503906 0.213867 0.373047 0.000534058
9 0.425293 0.344238 0.206055 0.504883 0.000534534
12 0.241211 0.0595703 0.4375 0.119141 0.000560284
11 0.349121 0.152832 0.118164 0.0732422 0.000566959
8 0.556152 0.801758 0.0458984 0.03125 0.00056982
9 0.311523 0.941895 0.460938 0.110352 0.000573635
8 0.64209 0.563965 0.0126953 0.0126953 0.000579834
0 0.567871 0.272461 0.0673828 0.0800781 0.000581264
11 0.316895 0.118652 0.0654297 0.0244141 0.000582218
9 0.98877 0.269531 0.0224609 0.126953 0.000583649
11 0.54541 0.274902 0.116211 0.0947266 0.000596046
9 0.424316 0.177734 0.166992 0.253906 0.000614166
9 0.0131836 0.314453 0.0244141 0.134766 0.000620842
13 0.358398 0.24707 0.119141 0.195312 0.000628471
9 0.386719 0.227539 0.144531 0.212891 0.000629902
3 0.563965 0.54834 0.428711 0.268555 0.000631809
9 0.290527 0.583496 0.163086 0.0517578 0.000634193
13 0.803711 0.525879 0.0839844 0.114258 0.000639439
8 0.354492 0.166504 0.0253906 0.0166016 0.000641823
9 0.0195312 0.647461 0.0332031 0.349609 0.000643253
9 0.109863 0.717773 0.0341797 0.0371094 0.000648499
9 0.209961 0.0913086 0.419922 0.180664 0.000650406
7 0.234375 0.580078 0.328125 0.3125 0.000653744
2 0.219727 0.582031 0.287109 0.283203 0.000672817
11 0.29248 0.15918 0.18457 0.0644531 0.000682354
13 0.34668 0.185547 0.0957031 0.101562 0.000697136
0 0.574219 0.297852 0.0488281 0.0585938 0.00069952
9 0.222656 0.226074 0.0507812 0.0341797 0.000723362
11 0.626465 0.0996094 0.0693359 0.0175781 0.000724316
2 0.570312 0.295898 0.0683594 0.0820312 0.000727654
2 0.54541 0.274902 0.116211 0.0947266 0.000732422
2 0.290527 0.583496 0.163086 0.0517578 0.000760555
9 0.271484 0.274902 0.25 0.241211 0.000764847
9 0.129395 0.938477 0.0927734 0.119141 0.000777721
11 0.564941 0.130859 0.0615234 0.0410156 0.000785351
11 0.336914 0.124512 0.119141 0.0224609 0.000798702
5 0.792969 0.496094 0.152344 0.189453 0.000804424
13 0.260254 0.495605 0.243164 0.262695 0.000851631
11 0.66748 0.120117 0.161133 0.0332031 0.000854492
9 0.805176 0.689453 0.383789 0.160156 0.000870228
2 0.237793 0.233887 0.0791016 0.0595703 0.000873089
9 0.0175781 0.228516 0.0351562 0.173828 0.000873089
13 0.263184 0.41748 0.301758 0.481445 0.000879288
7 0.716309 0.546387 0.155273 0.147461 0.000882149
9 0.362305 0.348145 0.132812 0.334961 0.000884056
9 0.279297 0.211914 0.222656 0.136719 0.000888348
13 0.20752 0.463379 0.0771484 0.0458984 0.000890255
9 0.346191 0.0429688 0.161133 0.0820312 0.000898361
3 0.54541 0.274902 0.116211 0.0947266 0.000907898
11 0.731934 0.13916 0.0830078 0.0615234 0.000913143
8 0.869141 0.514648 0.0234375 0.0253906 0.000931263
5 0.23584 0.55957 0.286133 0.251953 0.000946999
10 0.957031 0.727051 0.0371094 0.0556641 0.00100803
12 0.238281 0.657227 0.320312 0.128906 0.00100899
9 0.0078125 0.23584 0.015625 0.0615234 0.00101757
9 0.271973 0.712402 0.235352 0.100586 0.00103474
8 0.194336 0.562988 0.015625 0.0146484 0.00103664
9 0.217285 0.882324 0.321289 0.223633 0.00104046
9 0.54541 0.274902 0.116211 0.0947266 0.00104427
9 0.570312 0.572266 0.441406 0.140625 0.00105858
9 0.351562 0.211426 0.115234 0.149414 0.00106144
8 0.211914 0.228027 0.0253906 0.0205078 0.00107288
6 0.26123 0.52832 0.206055 0.177734 0.00110626
9 0.633301 0.349121 0.125977 0.233398 0.00111294
9 0.0463867 0.634766 0.0927734 0.289062 0.0011158
9 0.478516 0.238281 0.09375 0.251953 0.00111771
7 0.115234 0.609863 0.0839844 0.225586 0.00113678
9 0.470215 0.936035 0.321289 0.124023 0.00115776
9 0.788574 0.591309 0.229492 0.0908203 0.00117779
11 0.105469 0.557129 0.046875 0.108398 0.00119019
0 0.564941 0.306152 0.0771484 0.108398 0.00121307
11 0.309082 0.119141 0.116211 0.0332031 0.00123119
9 0.0107422 0.242676 0.0195312 0.110352 0.00123119
9 0.330078 0.686523 0.210938 0.146484 0.00124168
0 0.508301 0.30127 0.180664 0.233398 0.00125122
11 0.230469 0.588379 0.324219 0.28418 0.00126171
9 0.970215 0.266113 0.0595703 0.180664 0.00127125
2 0.794434 0.520508 0.110352 0.123047 0.00127697
13 0.27002 0.364258 0.217773 0.101562 0.00128078
11 0.959961 0.735352 0.0390625 0.0625 0.00132084
7 0.260742 0.684082 0.355469 0.141602 0.00132942
13 0.271484 0.274902 0.25 0.241211 0.00133419
4 0.117676 0.67041 0.0986328 0.131836 0.00137424
11 0.642578 0.109375 0.0703125 0.0175781 0.00138474
11 0.240234 0.15918 0.0703125 0.0546875 0.00141048
13 0.272461 0.389648 0.267578 0.240234 0.00142765
9 0.815918 0.625488 0.235352 0.0673828 0.00144005
9 0.361816 0.0561523 0.293945 0.112305 0.00145435
9 0.546387 0.508301 0.352539 0.321289 0.00150967
11 0.314453 0.134766 0.173828 0.0664062 0.00152588
13 0.317871 0.213867 0.178711 0.148438 0.00158691
9 0.791016 0.588867 0.138672 0.0566406 0.00166607
1 0.111328 0.67041 0.0878906 0.131836 0.0016737
2 0.111816 0.667969 0.0888672 0.130859 0.00173759
9 0.155762 0.930176 0.180664 0.133789 0.00175858
10 0.111816 0.665039 0.0869141 0.134766 0.00176239
11 0.114746 0.582031 0.0869141 0.273438 0.00181198
2 0.584961 0.314453 0.0332031 0.0351562 0.00181293
9 0.0205078 0.296387 0.0410156 0.18457 0.00191307
9 0.805664 0.523926 0.105469 0.120117 0.00191307
13 0.237793 0.233887 0.0791016 0.0595703 0.00201035
12 0.129395 0.561035 0.135742 0.352539 0.00203705
9 0.245117 0.406738 0.310547 0.493164 0.00207901
13 0.733887 0.541504 0.182617 0.151367 0.00208855
9 0.148926 0.896484 0.0380859 0.0429688 0.00210762
9 0.237305 0.682129 0.0527344 0.0498047 0.00213814
8 0.117676 0.67041 0.0986328 0.131836 0.00227547
9 0.0302734 0.588379 0.0566406 0.481445 0.00251961
9 0.0483398 0.265137 0.0966797 0.245117 0.00259781
9 0.255371 0.524414 0.176758 0.164062 0.00266647
11 0.607422 0.117188 0.121094 0.0351562 0.00274467
5 0.763672 0.442871 0.267578 0.342773 0.00278473
9 0.792969 0.496094 0.152344 0.189453 0.00282478
13 0.797852 0.509277 0.138672 0.15918 0.00296783
9 0.756348 0.40918 0.321289 0.433594 0.00315285
9 0.234863 0.23291 0.0771484 0.0595703 0.00318718
12 0.151855 0.651855 0.168945 0.166992 0.00323868
9 0.230469 0.588379 0.324219 0.28418 0.00375748
13 0.24707 0.591309 0.330078 0.24707 0.00376892
13 0.260742 0.593262 0.267578 0.0751953 0.00394058
11 0.333984 0.111816 0.0703125 0.0205078 0.00429153
9 0.245117 0.694824 0.148438 0.0830078 0.00429153
9 0.762695 0.444824 0.205078 0.299805 0.00466919
9 0.0493164 0.514648 0.0986328 0.630859 0.00477982
5 0.243164 0.524414 0.197266 0.164062 0.00491333
13 0.262695 0.53125 0.1875 0.152344 0.00508881
5 0.260254 0.442383 0.27832 0.384766 0.00530243
2 0.575195 0.305664 0.046875 0.046875 0.00549698
9 0.157715 0.663086 0.172852 0.146484 0.0058136
9 0.117676 0.537109 0.155273 0.464844 0.00583649
2 0.575195 0.297852 0.03125 0.0273438 0.00730896
9 0.120117 0.603027 0.0976562 0.268555 0.00747681
11 0.350586 0.128418 0.134766 0.0439453 0.00753784
13 0.290527 0.583496 0.163086 0.0517578 0.00790405
11 0.645508 0.110352 0.115234 0.0253906 0.00811005
9 0.253906 0.791016 0.386719 0.355469 0.00850677
7 0.117676 0.669922 0.0986328 0.130859 0.00875092
9 0.52002 0.302246 0.15332 0.227539 0.0105362
11 0.112305 0.67041 0.0878906 0.131836 0.0106888
9 0.463867 0.26416 0.144531 0.360352 0.0125809
11 0.345215 0.114746 0.12207 0.0283203 0.0134125
12 0.230469 0.588379 0.324219 0.28418 0.0136948
9 0.494141 0.401855 0.21875 0.549805 0.0150833
12 0.113281 0.593262 0.0800781 0.268555 0.0175018
11 0.625488 0.103516 0.108398 0.0214844 0.0194702
9 0.788086 0.644043 0.347656 0.104492 0.0205231
9 0.256348 0.463867 0.213867 0.314453 0.0269623
9 0.231445 0.677734 0.335938 0.134766 0.0559998
12 0.117676 0.664062 0.0947266 0.134766 0.0563049
9 0.112305 0.668945 0.0898438 0.130859 0.05896
3 0.572754 0.57666 0.430664 0.12207 0.0602722
0 0.545898 0.277832 0.113281 0.104492 0.310791
