10 0.0112305 0.279297 0.0205078 0.136719 0.000100195
13 0.76123 0.190918 0.0302734 0.0341797 0.000100791
11 0.00683594 0.669434 0.0136719 0.0576172 0.000101089
13 0.699219 0.217773 0.121094 0.179688 0.000102937
8 0.277832 0.518555 0.0283203 0.0292969 0.000103414
13 0.429199 0.274414 0.0478516 0.0429688 0.000103772
9 0.432129 0.508789 0.0712891 0.0703125 0.000104487
11 0.391602 0.124023 0.126953 0.0839844 0.000104725
9 0.899414 0.787109 0.201172 0.384766 0.000104785
9 0.84375 0.617188 0.0410156 0.0722656 0.000104785
11 0.681152 0.0869141 0.102539 0.0371094 0.000104785
6 0.776855 0.364258 0.0947266 0.121094 0.000104904
10 0.810059 0.566895 0.0849609 0.12207 0.000106275
8 0.399902 0.364746 0.0126953 0.0107422 0.000106394
11 0.012207 0.994629 0.0146484 0.00683594 0.000108004
11 0.617676 0.105469 0.0419922 0.0332031 0.000108898
0 0.830566 0.791016 0.338867 0.404297 0.000109017
10 0.816895 0.970215 0.125977 0.0576172 0.000109375
10 0.224121 0.594727 0.0341797 0.0976562 0.000109494
8 0.366699 0.500977 0.0419922 0.0292969 0.000109911
11 0.651855 0.0844727 0.0888672 0.0283203 0.000110328
5 0.692383 0.423828 0.263672 0.347656 0.000111341
10 0.00732422 0.900391 0.0126953 0.0644531 0.000112593
8 0.288574 0.513184 0.0419922 0.0361328 0.000113308
3 0.643555 0.402832 0.322266 0.458008 0.000113606
11 0.00878906 0.901855 0.0136719 0.0732422 0.000113666
6 0.367188 0.362305 0.234375 0.417969 0.000114143
11 0.00390625 0.00927734 0.0078125 0.0146484 0.000114441
8 0.330566 0.364746 0.0224609 0.0185547 0.00011456
8 0.746582 0.27002 0.0146484 0.0126953 0.00011462
8 0.0893555 0.897949 0.131836 0.168945 0.000114918
11 0.00927734 0.0400391 0.0146484 0.0703125 0.00011605
10 0.00830078 0.519043 0.0146484 0.100586 0.000116825
13 0.211914 0.081543 0.423828 0.157227 0.000117123
13 0.503418 0.288086 0.0224609 0.0273438 0.000117183
11 0.00585938 0.00537109 0.00976562 0.00878906 0.000117242
10 0.00830078 0.563965 0.0146484 0.0927734 0.000117779
11 0.00683594 0.693359 0.0136719 0.0566406 0.000118494
2 0.625488 0.238281 0.0205078 0.0234375 0.000118673
8 0.369629 0.452637 0.0126953 0.0126953 0.000118732
13 0.308105 0.0585938 0.28418 0.117188 0.00011915
10 0.0117188 0.00585938 0.0175781 0.00976562 0.000120461
11 0.00683594 0.574219 0.0136719 0.0566406 0.000120938
10 0.839355 0.985352 0.157227 0.0292969 0.000121891
10 0.00732422 0.813965 0.0126953 0.0751953 0.000123382
5 0.344238 0.514648 0.21582 0.181641 0.000123739
11 0.00683594 0.717285 0.0136719 0.0576172 0.000124574
11 0.0180664 0.983398 0.0341797 0.0332031 0.000124931
8 0.750977 0.456543 0.0175781 0.0126953 0.000125408
2 0.124512 0.0839844 0.176758 0.146484 0.000125766
6 0.600098 0.25293 0.0791016 0.0800781 0.000125885
8 0.503906 0.459473 0.0175781 0.0126953 0.000126004
6 0.78125 0.347656 0.0507812 0.0507812 0.000127792
10 0.00683594 0.962402 0.0117188 0.0537109 0.000128865
11 0.0112305 0.84375 0.0224609 0.0585938 0.000129461
4 0.600098 0.25293 0.0791016 0.0800781 0.000129938
13 0.422852 0.28125 0.03125 0.0273438 0.000130534
0 0.126953 0.0830078 0.197266 0.138672 0.000131011
8 0.771484 0.34082 0.0273438 0.0214844 0.000131607
2 0.208008 0.145508 0.416016 0.269531 0.000131726
3 0.811035 0.199219 0.37793 0.398438 0.000132084
4 0.178711 0.0625 0.326172 0.109375 0.000132799
11 0.742676 0.129395 0.0556641 0.0458984 0.000135183
8 0.717285 0.275391 0.0185547 0.015625 0.000135183
9 0.196289 0.412109 0.0175781 0.0136719 0.000135422
11 0.00683594 0.254395 0.00976562 0.0498047 0.000136375
13 0.451172 0.368164 0.0488281 0.0722656 0.000136852
0 0.211914 0.081543 0.423828 0.157227 0.000137448
10 0.0253906 0.86084 0.046875 0.0888672 0.000137687
10 0.00732422 0.979492 0.0126953 0.0371094 0.000138044
11 0.430664 0.131836 0.0566406 0.0683594 0.000139117
11 0.793457 0.987305 0.0771484 0.0195312 0.000139832
11 0.00683594 0.9375 0.0117188 0.0566406 0.000139832
8 0.499512 0.241211 0.0205078 0.0175781 0.00014317
8 0.359375 0.204102 0.0292969 0.0273438 0.00014329
9 0.776855 0.364258 0.0947266 0.121094 0.000143528
8 0.423828 0.52002 0.0253906 0.0244141 0.000145435
11 0.679688 0.0917969 0.0507812 0.0175781 0.000145912
1 0.661133 0.0986328 0.107422 0.0332031 0.000146151
10 0.00634766 0.261719 0.0107422 0.0507812 0.000149488
10 0.00732422 0.599609 0.0126953 0.0722656 0.000149727
5 0.419922 0.411133 0.111328 0.183594 0.000150919
9 0.371094 0.500977 0.0234375 0.0195312 0.000151396
3 0.565918 0.44043 0.18457 0.308594 0.000151873
9 0.571289 0.29248 0.142578 0.15918 0.000154138
11 0.00683594 0.979004 0.0136719 0.0419922 0.000154257
2 0.0893555 0.897949 0.131836 0.168945 0.000154734
10 0.0180664 0.983398 0.0341797 0.0332031 0.000156403
11 0.00732422 0.599609 0.0126953 0.078125 0.000161171
11 0.817383 0.509766 0.0566406 0.191406 0.000164986
10 0.00537109 0.860352 0.0107422 0.0449219 0.000166297
1 0.178711 0.0625 0.326172 0.109375 0.000166416
13 0.469238 0.341797 0.0517578 0.0292969 0.000172138
10 0.0078125 0.991211 0.0136719 0.0175781 0.000172257
12 0.0864258 0.242676 0.168945 0.485352 0.000174284
7 0.320801 0.474121 0.15332 0.182617 0.000174403
11 0.00732422 0.283691 0.0126953 0.0771484 0.000175476
10 0.84375 0.599121 0.0332031 0.0693359 0.000176668
11 0.126953 0.0830078 0.197266 0.138672 0.000176787
3 0.621582 0.549316 0.15918 0.0595703 0.000177503
13 0.0893555 0.897949 0.131836 0.168945 0.000180602
11 0.00634766 0.961426 0.0107422 0.0517578 0.000182867
7 0.599609 0.254883 0.0820312 0.078125 0.000182986
9 0.724609 0.331055 0.177734 0.3125 0.000189304
7 0.370605 0.500977 0.0224609 0.0195312 0.000189543
9 0.780762 0.34668 0.0478516 0.0449219 0.000191569
7 0.78125 0.347656 0.0507812 0.0507812 0.000193477
3 0.756836 0.0869141 0.486328 0.173828 0.000195742
8 0.178711 0.0625 0.326172 0.109375 0.000195742
7 0.834961 0.547363 0.0332031 0.137695 0.000196457
9 0.0185547 0.393066 0.0371094 0.436523 0.000196934
5 0.771973 0.338867 0.0400391 0.03125 0.000209928
12 0.599609 0.254883 0.0820312 0.078125 0.000210643
2 0.623047 0.244629 0.03125 0.0380859 0.000212431
8 0.660645 0.57959 0.0439453 0.0283203 0.000213742
11 0.836426 0.607422 0.0595703 0.109375 0.000214458
11 0.632812 0.0991211 0.0507812 0.0263672 0.000214577
8 0.47168 0.233887 0.0136719 0.0107422 0.000217795
11 0.0117188 0.00585938 0.0175781 0.00976562 0.000220418
13 0.746094 0.209961 0.0292969 0.0527344 0.000223994
10 0.0078125 0.0185547 0.0136719 0.0371094 0.000225306
9 0.227539 0.563477 0.0429688 0.144531 0.000227928
11 0.714844 0.106934 0.0644531 0.0517578 0.000232577
8 0.270996 0.523438 0.0126953 0.015625 0.000235081
1 0.601074 0.253906 0.0791016 0.0800781 0.000242233
11 0.00537109 0.860352 0.0107422 0.0449219 0.000245571
13 0.601074 0.253906 0.0791016 0.0800781 0.000247955
5 0.769531 0.347168 0.0800781 0.114258 0.000249386
11 0.00732422 0.835938 0.0126953 0.0507812 0.00025034
13 0.135742 0.116699 0.240234 0.219727 0.000252485
5 0.599609 0.259277 0.0839844 0.0927734 0.000261545
5 0.745117 0.369629 0.103516 0.124023 0.000262499
8 0.598633 0.258301 0.0859375 0.0908203 0.000263691
11 0.00732422 0.87793 0.0126953 0.046875 0.000267029
3 0.773438 0.0512695 0.453125 0.102539 0.000268459
5 0.178711 0.0625 0.326172 0.109375 0.00027132
5 0.770996 0.337402 0.0615234 0.0615234 0.000277281
10 0.00830078 0.836426 0.0146484 0.0517578 0.000278473
2 0.178711 0.0625 0.326172 0.109375 0.000279665
11 0.393066 0.104004 0.0517578 0.0283203 0.000281572
10 0.00732422 0.283691 0.0126953 0.0771484 0.000281811
11 0.491211 0.117188 0.0371094 0.0351562 0.000285149
11 0.211914 0.081543 0.423828 0.157227 0.000285625
10 0.841309 0.583496 0.0478516 0.129883 0.000286341
6 0.348145 0.45752 0.188477 0.192383 0.000288963
10 0.00830078 0.87793 0.0146484 0.0488281 0.000292778
13 0.768066 0.338379 0.0732422 0.0712891 0.000293732
9 0.503906 0.286133 0.0253906 0.0292969 0.000296831
6 0.178711 0.0625 0.326172 0.109375 0.000299692
11 0.625488 0.128418 0.0888672 0.0986328 0.000300407
9 0.0200195 0.227539 0.0400391 0.433594 0.000322342
9 0.53125 0.44873 0.0898438 0.245117 0.000324249
11 0.436523 0.0957031 0.0917969 0.015625 0.000324726
10 0.601074 0.253906 0.0791016 0.0800781 0.000324965
11 0.00732422 0.0185547 0.0126953 0.0351562 0.000329971
8 0.584473 0.354004 0.0185547 0.0166016 0.000330925
9 0.804199 0.556152 0.0888672 0.110352 0.000332117
11 0.0078125 0.991211 0.0136719 0.0175781 0.000332832
0 0.557617 0.305664 0.158203 0.185547 0.000338078
9 0.351074 0.44873 0.188477 0.217773 0.000338316
11 0.681641 0.100586 0.0605469 0.0292969 0.000344753
9 0.0688477 0.256348 0.137695 0.512695 0.000346661
8 0.67627 0.275879 0.0341797 0.0263672 0.000352621
7 0.372559 0.45166 0.182617 0.194336 0.00036788
0 0.613281 0.243652 0.0488281 0.0576172 0.000391006
8 0.442871 0.507324 0.0419922 0.0537109 0.000397205
7 0.431641 0.509766 0.0742188 0.0664062 0.000404119
8 0.504395 0.286621 0.0224609 0.0283203 0.000409365
13 0.115234 0.0683594 0.189453 0.125 0.000421286
11 0.60791 0.129883 0.0458984 0.0625 0.000423193
11 0.598633 0.255371 0.0820312 0.0849609 0.000429869
7 0.613281 0.52002 0.310547 0.15918 0.00043726
7 0.287109 0.505859 0.03125 0.0253906 0.000437975
7 0.813477 0.553711 0.0761719 0.128906 0.000459671
6 0.613281 0.52002 0.310547 0.15918 0.00047636
11 0.652832 0.0932617 0.0517578 0.0185547 0.000488758
9 0.289062 0.509766 0.0332031 0.0292969 0.000490189
3 0.224121 0.146484 0.448242 0.285156 0.00050211
1 0.613281 0.52002 0.310547 0.15918 0.00052309
7 0.75293 0.370605 0.138672 0.188477 0.000528812
12 0.613281 0.52002 0.310547 0.15918 0.000528812
4 0.613281 0.52002 0.310547 0.15918 0.000531197
13 0.776855 0.342285 0.0302734 0.0302734 0.000535965
13 0.791016 0.368652 0.0390625 0.0185547 0.000536919
8 0.613281 0.52002 0.310547 0.15918 0.00053978
11 0.613281 0.52002 0.310547 0.15918 0.000541687
8 0.450195 0.494141 0.0253906 0.0195312 0.000557899
13 0.774902 0.333008 0.0458984 0.0449219 0.000568867
11 0.851562 0.646973 0.0429688 0.0810547 0.000570297
13 0.613281 0.52002 0.310547 0.15918 0.000574112
9 0.542969 0.376953 0.128906 0.390625 0.000579834
6 0.75293 0.370605 0.138672 0.188477 0.000582218
2 0.613281 0.52002 0.310547 0.15918 0.000590324
9 0.600098 0.257812 0.0810547 0.0859375 0.000593185
11 0.354492 0.142578 0.078125 0.0820312 0.000611305
13 0.72998 0.271973 0.0517578 0.0224609 0.000613689
9 0.834961 0.547363 0.0332031 0.137695 0.000623703
11 0.45752 0.106445 0.0908203 0.0253906 0.0006423
8 0.629395 0.559082 0.0263672 0.0224609 0.000647545
13 0.681641 0.203125 0.046875 0.09375 0.000653267
10 0.00878906 0.85791 0.015625 0.0556641 0.000693321
10 0.851562 0.646973 0.0429688 0.0810547 0.000694275
8 0.70752 0.495605 0.0166016 0.0126953 0.000696659
2 0.598633 0.255371 0.0820312 0.0849609 0.000714302
11 0.227051 0.58252 0.0302734 0.12793 0.000715256
9 0.365723 0.363281 0.231445 0.417969 0.000740051
11 0.431152 0.108887 0.131836 0.0439453 0.000761986
13 0.773438 0.379883 0.107422 0.167969 0.000785828
3 0.178711 0.0625 0.326172 0.109375 0.000841618
5 0.613281 0.52002 0.310547 0.15918 0.000886917
5 0.713379 0.329102 0.178711 0.310547 0.000889778
10 0.613281 0.52002 0.310547 0.15918 0.000900745
11 0.00878906 0.85791 0.015625 0.0556641 0.000935078
10 0.00878906 0.00830078 0.015625 0.0166016 0.000948429
2 0.503418 0.287598 0.0205078 0.0283203 0.000959873
3 0.600586 0.253418 0.0820312 0.0791016 0.000989914
11 0.456055 0.101562 0.0644531 0.015625 0.00104809
11 0.477539 0.111816 0.0546875 0.0322266 0.00105
11 0.430176 0.0986328 0.0595703 0.0136719 0.00106621
11 0.660645 0.113281 0.143555 0.0839844 0.00108624
9 0.750977 0.366699 0.123047 0.192383 0.00110054
9 0.550293 0.5 0.165039 0.212891 0.00110054
11 0.668945 0.0854492 0.078125 0.0166016 0.00110817
11 0.00830078 0.0078125 0.0166016 0.015625 0.00117779
13 0.435059 0.143066 0.0341797 0.0673828 0.00122166
9 0.61377 0.526855 0.311523 0.133789 0.0013504
13 0.777832 0.364746 0.0830078 0.0947266 0.00143337
0 0.614746 0.531738 0.311523 0.125977 0.00146008
5 0.335449 0.464355 0.15918 0.18457 0.00160122
13 0.788574 0.36084 0.0517578 0.0341797 0.00166893
11 0.375 0.12207 0.0722656 0.0585938 0.00200653
11 0.833496 0.526367 0.0380859 0.169922 0.00230408
11 0.841797 0.577148 0.0371094 0.138672 0.00239754
11 0.703125 0.112793 0.113281 0.0673828 0.00242043
8 0.677246 0.273926 0.0205078 0.0166016 0.00242996
11 0.620117 0.113281 0.0605469 0.0527344 0.00246429
0 0.584473 0.275391 0.116211 0.123047 0.00286865
11 0.729492 0.119629 0.0585938 0.0517578 0.00312805
11 0.393066 0.111328 0.0810547 0.0429688 0.00321579
11 0.664551 0.0888672 0.0498047 0.0136719 0.0032196
8 0.370605 0.500977 0.0224609 0.0195312 0.00361824
8 0.287598 0.505371 0.0302734 0.0263672 0.00375557
10 0.842285 0.621582 0.0400391 0.0615234 0.00410461
5 0.35791 0.398926 0.208008 0.323242 0.00634766
11 0.84375 0.617188 0.0410156 0.0722656 0.00783539
13 0.780762 0.34668 0.0478516 0.0449219 0.00836182
11 0.63916 0.100098 0.0869141 0.0380859 0.00837708
5 0.75 0.366699 0.140625 0.208008 0.0136795
11 0.67627 0.102051 0.124023 0.0439453 0.0155563
11 0.430664 0.102051 0.0996094 0.0205078 0.0158539
11 0.661621 0.0932617 0.0888672 0.0244141 0.0733032
0 0.601074 0.253906 0.0791016 0.0800781 0.454834
3 0.61377 0.526855 0.319336 0.131836 0.543945
