13 0.76416 0.474121 0.0439453 0.0380859 0.000100553
13 0.386719 0.571289 0.0898438 0.0546875 0.00010097
11 0.47998 0.352539 0.0498047 0.0507812 0.000102043
8 0.833008 0.158203 0.3125 0.291016 0.000102699
13 0.870117 0.526855 0.0566406 0.0166016 0.000103056
10 0.634766 0.0200195 0.181641 0.0380859 0.000103176
7 0.49707 0.353516 0.0878906 0.113281 0.000105739
13 0.387207 0.495117 0.124023 0.138672 0.000105917
9 0.662109 0.0297852 0.130859 0.0595703 0.000106871
9 0.464844 0.588379 0.0800781 0.0791016 0.00010699
13 0.492188 0.458496 0.0644531 0.0927734 0.000107825
10 0.994629 0.915527 0.00878906 0.0400391 0.000108421
13 0.39209 0.558594 0.0556641 0.0273438 0.000109792
13 0.379395 0.412598 0.0908203 0.0673828 0.00011009
9 0.425293 0.392578 0.139648 0.101562 0.000111103
11 0.41748 0.414062 0.209961 0.160156 0.000112534
2 0.476074 0.59082 0.0908203 0.078125 0.000112772
7 0.47168 0.342285 0.0625 0.0419922 0.000113726
9 0.51416 0.532227 0.141602 0.251953 0.000113964
9 0.0878906 0.606445 0.175781 0.509766 0.000114202
9 0.384766 0.910645 0.337891 0.172852 0.000114262
3 0.458008 0.384277 0.0527344 0.0498047 0.000114262
1 0.427246 0.361816 0.182617 0.102539 0.000114501
13 0.407715 0.439941 0.0751953 0.0693359 0.000117004
7 0.361328 0.393066 0.117188 0.106445 0.000117183
7 0.832031 0.433105 0.0371094 0.0341797 0.000117958
5 0.30957 0.638672 0.1875 0.294922 0.000118136
4 0.443848 0.363281 0.143555 0.0976562 0.000118315
8 0.24707 0.789551 0.0078125 0.00878906 0.000119627
11 0.675293 0.320801 0.0498047 0.0224609 0.000119984
13 0.442871 0.60498 0.0712891 0.0341797 0.000120163
0 0.593262 0.563965 0.198242 0.182617 0.000120223
11 0.732422 0.32373 0.125 0.0439453 0.000121832
11 0.666504 0.353516 0.104492 0.109375 0.000123262
13 0.486816 0.462402 0.0830078 0.219727 0.00012362
11 0.833008 0.158203 0.3125 0.291016 0.000125885
1 0.655762 0.34082 0.0869141 0.0644531 0.000126839
11 0.714844 0.312988 0.0957031 0.0224609 0.000127912
8 0.518066 0.530762 0.0576172 0.0693359 0.000128269
11 0.466309 0.324219 0.0947266 0.046875 0.000128508
8 0.362793 0.689941 0.0244141 0.0244141 0.000128627
11 0.32959 0.00537109 0.0361328 0.00878906 0.000130534
9 0.390625 0.421875 0.121094 0.09375 0.000130653
10 0.388672 0.027832 0.197266 0.0556641 0.000130773
11 0.430664 0.331543 0.0585938 0.0185547 0.000131249
8 0.324219 0.672363 0.0136719 0.0146484 0.000131369
0 0.647461 0.441895 0.0527344 0.0673828 0.000131845
9 0.796875 0.148926 0.40625 0.268555 0.000132799
7 0.0649414 0.510254 0.129883 0.245117 0.000133157
11 0.344727 0.375977 0.0976562 0.0996094 0.000133514
6 0.423828 0.42041 0.1875 0.176758 0.000137925
12 0.666016 0.324707 0.0820312 0.0302734 0.00013876
7 0.375977 0.410156 0.0566406 0.0429688 0.000139117
12 0.447754 0.328613 0.110352 0.0283203 0.000139832
8 0.402344 0.441895 0.0371094 0.0341797 0.000140905
7 0.449219 0.327637 0.0742188 0.0224609 0.000141501
9 0.555176 0.633789 0.180664 0.404297 0.00014174
10 0.288086 0.206055 0.576172 0.365234 0.000142097
8 0.448242 0.368164 0.162109 0.113281 0.000143528
13 0.507812 0.556152 0.0820312 0.102539 0.00014472
7 0.48584 0.380859 0.209961 0.1875 0.000145555
3 0.0756836 0.825684 0.143555 0.286133 0.00014782
6 0.458008 0.40918 0.0957031 0.119141 0.000149131
8 0.451172 0.32959 0.111328 0.0341797 0.000149488
9 0.986816 0.0112305 0.0205078 0.0224609 0.000151038
11 0.377441 0.37207 0.141602 0.132812 0.000151396
9 0.423828 0.42041 0.1875 0.176758 0.000151515
8 0.771973 0.438965 0.0244141 0.0224609 0.000152349
9 0.258301 0.178711 0.516602 0.326172 0.000153661
11 0.0078125 0.3125 0.015625 0.0625 0.00015521
8 0.476074 0.399414 0.143555 0.199219 0.00015533
9 0.0722656 0.120605 0.144531 0.233398 0.000155807
10 0.992676 0.907715 0.0146484 0.0439453 0.000156283
11 0.65332 0.331055 0.0507812 0.0273438 0.000158668
6 0.475098 0.34375 0.0908203 0.0546875 0.000159264
2 0.45752 0.410645 0.102539 0.12207 0.000159979
11 0.992676 0.912598 0.0146484 0.0458984 0.000160217
13 0.37793 0.409668 0.046875 0.0341797 0.000162005
8 0.446289 0.396484 0.101562 0.0917969 0.000162363
3 0.046875 0.9375 0.0898438 0.109375 0.000163674
7 0.486816 0.453125 0.0693359 0.103516 0.000164628
9 0.666016 0.324707 0.0820312 0.0302734 0.000165462
8 0.428223 0.439941 0.0537109 0.0498047 0.000166774
12 0.481934 0.403809 0.110352 0.170898 0.000167012
8 0.769531 0.722656 0.0175781 0.0136719 0.000168324
13 0.370605 0.440918 0.0556641 0.0283203 0.000168443
2 0.833008 0.158203 0.3125 0.291016 0.00016892
7 0.36377 0.421875 0.0966797 0.0683594 0.000172257
13 0.349121 0.555664 0.112305 0.046875 0.000173092
8 0.279785 0.643066 0.0107422 0.00878906 0.000173926
7 0.382324 0.403809 0.0380859 0.0263672 0.000184059
13 0.451172 0.603516 0.0820312 0.0683594 0.000185847
7 0.523438 0.541992 0.0722656 0.105469 0.00018692
10 0.548828 0.0229492 0.371094 0.0439453 0.000188112
9 0.0649414 0.510254 0.129883 0.245117 0.000188351
7 0.516602 0.378418 0.0527344 0.133789 0.000190139
13 0.395996 0.395996 0.0673828 0.0615234 0.000190377
13 0.455078 0.534668 0.138672 0.24707 0.00019145
7 0.506348 0.430664 0.0712891 0.142578 0.000191808
13 0.376465 0.465332 0.0966797 0.0791016 0.000193357
1 0.666016 0.324707 0.0820312 0.0302734 0.000198603
5 0.46582 0.385742 0.0644531 0.0566406 0.000200987
7 0.243164 0.752441 0.0332031 0.0322266 0.000206828
0 0.570312 0.452148 0.216797 0.169922 0.000207543
4 0.451172 0.32959 0.111328 0.0341797 0.000210404
8 0.373535 0.694336 0.0458984 0.0371094 0.000210404
9 0.243164 0.752441 0.0332031 0.0322266 0.000210643
9 0.510254 0.376953 0.0654297 0.125 0.000211358
2 0.476562 0.349609 0.0898438 0.0664062 0.000212073
8 0.90332 0.739746 0.015625 0.0146484 0.000219345
8 0.938477 0.726562 0.0136719 0.0117188 0.00022006
10 0.464844 0.384766 0.0644531 0.0585938 0.000222921
13 0.399414 0.536621 0.197266 0.290039 0.000224233
11 0.333008 0.371094 0.0644531 0.0527344 0.00022471
7 0.422852 0.401367 0.199219 0.167969 0.000225782
9 0.833496 0.432617 0.0419922 0.0351562 0.000228286
8 0.428223 0.73584 0.0400391 0.0380859 0.000235438
13 0.816895 0.788086 0.0791016 0.0410156 0.000239372
11 0.796875 0.354492 0.0546875 0.0429688 0.000245094
8 0.422363 0.424805 0.0263672 0.0175781 0.000245333
13 0.666016 0.324707 0.0820312 0.0302734 0.000247955
5 0.217285 0.182617 0.415039 0.314453 0.00025773
8 0.433594 0.42627 0.0390625 0.0341797 0.000261545
13 0.442871 0.46582 0.129883 0.162109 0.000265837
9 0.634766 0.749512 0.378906 0.135742 0.000268698
13 0.463867 0.587891 0.09375 0.142578 0.000268698
13 0.87793 0.526855 0.0292969 0.0126953 0.000270128
11 0.45166 0.339844 0.0595703 0.0332031 0.000270367
13 0.372559 0.433105 0.0986328 0.0576172 0.00027132
8 0.382324 0.403809 0.0380859 0.0263672 0.000274181
13 0.393555 0.401855 0.0410156 0.0322266 0.00028038
9 0.387207 0.40332 0.0224609 0.0175781 0.000281572
8 0.441406 0.73584 0.0117188 0.0166016 0.000284672
6 0.649414 0.450195 0.103516 0.109375 0.000284672
11 0.722168 0.318848 0.0673828 0.0185547 0.000285625
9 0.550781 0.548828 0.117188 0.138672 0.000286341
13 0.385742 0.404297 0.0292969 0.0214844 0.000290155
3 0.470215 0.385742 0.0771484 0.078125 0.000295401
11 0.0107422 0.336426 0.0214844 0.102539 0.000297546
8 0.437012 0.429199 0.0224609 0.0205078 0.00030303
9 0.487793 0.403809 0.211914 0.200195 0.000303984
13 0.425293 0.392578 0.139648 0.101562 0.000306129
0 0.586914 0.557129 0.246094 0.368164 0.000307322
13 0.748535 0.493164 0.0673828 0.0898438 0.000309467
7 0.390137 0.415527 0.12793 0.104492 0.000328302
7 0.438965 0.387207 0.104492 0.0751953 0.00033021
1 0.451172 0.32959 0.111328 0.0341797 0.000331163
7 0.38623 0.40332 0.0224609 0.015625 0.000333548
5 0.850098 0.611816 0.21582 0.395508 0.000334978
6 0.833008 0.158203 0.3125 0.291016 0.000335455
1 0.481934 0.403809 0.110352 0.170898 0.000338554
7 0.649414 0.450195 0.103516 0.109375 0.000351429
13 0.446777 0.570312 0.0478516 0.0371094 0.000356913
10 0.475098 0.34375 0.0908203 0.0546875 0.000362158
0 0.46582 0.387207 0.0625 0.0595703 0.000369787
0 0.552246 0.534668 0.116211 0.12793 0.000374556
7 0.655762 0.34082 0.0869141 0.0644531 0.000379801
13 0.451172 0.32959 0.111328 0.0341797 0.000383854
4 0.649414 0.450195 0.103516 0.109375 0.00039196
12 0.443848 0.363281 0.143555 0.0976562 0.000398397
9 0.475098 0.34375 0.0908203 0.0546875 0.00041008
12 0.649414 0.450684 0.103516 0.110352 0.000422955
5 0.475098 0.373047 0.0947266 0.103516 0.000426054
13 0.427246 0.361816 0.182617 0.102539 0.000426769
7 0.666016 0.324707 0.0820312 0.0302734 0.000427246
12 0.46582 0.385742 0.0644531 0.0566406 0.000448942
0 0.668457 0.475098 0.0771484 0.155273 0.000460386
13 0.872559 0.620605 0.0654297 0.0185547 0.000467062
11 0.679688 0.316895 0.0957031 0.0302734 0.000481844
3 0.288086 0.206055 0.576172 0.365234 0.000481844
8 0.421875 0.391113 0.0175781 0.0166016 0.000483274
9 0.523438 0.541992 0.0722656 0.105469 0.000484705
11 0.496094 0.353516 0.078125 0.078125 0.00049448
8 0.833496 0.432617 0.0400391 0.0332031 0.000505924
11 0.640625 0.356445 0.0742188 0.0839844 0.000506878
5 0.649414 0.450684 0.103516 0.110352 0.000508308
13 0.649414 0.450195 0.103516 0.109375 0.000511169
11 0.398926 0.338379 0.137695 0.0615234 0.000514984
13 0.401367 0.55957 0.144531 0.0625 0.000521183
8 0.469238 0.358887 0.0888672 0.0849609 0.000539303
13 0.390137 0.432129 0.12207 0.114258 0.000574112
9 0.506836 0.427246 0.0742188 0.135742 0.00058651
13 0.355469 0.552734 0.0898438 0.0253906 0.000611305
13 0.833008 0.158203 0.3125 0.291016 0.000626087
1 0.649414 0.450195 0.103516 0.109375 0.00063324
11 0.449219 0.32959 0.0507812 0.0166016 0.000646591
11 0.410156 0.331543 0.105469 0.0283203 0.000655174
9 0.462402 0.403809 0.0908203 0.100586 0.000658512
9 0.713867 0.0810547 0.015625 0.0371094 0.000664234
8 0.244629 0.75293 0.0341797 0.0332031 0.000673294
6 0.486328 0.413574 0.101562 0.15918 0.000682354
13 0.475098 0.34375 0.0908203 0.0546875 0.000683308
11 0.649414 0.450195 0.103516 0.109375 0.000692368
0 0.478027 0.375488 0.0966797 0.100586 0.000732899
9 0.590332 0.510742 0.22168 0.240234 0.000735283
5 0.833008 0.158203 0.3125 0.291016 0.000742435
11 0.697266 0.321777 0.0683594 0.0205078 0.000779152
0 0.664551 0.464844 0.206055 0.158203 0.00079155
8 0.648438 0.439453 0.0996094 0.0859375 0.000826359
12 0.456055 0.338379 0.123047 0.0576172 0.000888348
11 0.762695 0.330078 0.0742188 0.046875 0.00090313
13 0.823242 0.789062 0.0429688 0.03125 0.000914097
2 0.649414 0.450195 0.103516 0.109375 0.00093174
9 0.443848 0.363281 0.143555 0.0976562 0.000957012
13 0.380859 0.555664 0.0996094 0.0351562 0.000976562
1 0.46582 0.385742 0.0644531 0.0566406 0.00108337
10 0.649414 0.450195 0.103516 0.109375 0.00113106
13 0.476562 0.463867 0.0585938 0.134766 0.00114155
9 0.649414 0.450195 0.103516 0.109375 0.00117683
6 0.46582 0.385742 0.0644531 0.0566406 0.00120831
7 0.443848 0.363281 0.143555 0.0976562 0.00137997
11 0.371582 0.350098 0.0849609 0.0634766 0.00141621
11 0.47168 0.335938 0.0625 0.0351562 0.00143051
4 0.476562 0.349609 0.0898438 0.0664062 0.00151539
2 0.477051 0.385742 0.0888672 0.105469 0.00152111
13 0.423828 0.42041 0.1875 0.176758 0.00156307
11 0.439941 0.321777 0.112305 0.0244141 0.00156593
13 0.464844 0.384766 0.0644531 0.0585938 0.00157642
13 0.432617 0.576172 0.111328 0.0957031 0.00157928
11 0.779785 0.343262 0.0693359 0.0498047 0.00158787
11 0.481934 0.403809 0.110352 0.170898 0.00182724
11 0.693848 0.333496 0.139648 0.0595703 0.00185108
1 0.467773 0.347168 0.0976562 0.0615234 0.00185299
11 0.464844 0.384766 0.0644531 0.0585938 0.00187683
10 0.477539 0.375 0.0878906 0.09375 0.0019722
7 0.468262 0.419922 0.0869141 0.146484 0.00201797
12 0.477539 0.375 0.0878906 0.09375 0.00203323
9 0.451172 0.32959 0.111328 0.0341797 0.00206757
3 0.649414 0.450684 0.103516 0.110352 0.00210571
9 0.47998 0.384277 0.106445 0.168945 0.00216484
2 0.464844 0.384766 0.0644531 0.0585938 0.00229645
13 0.45752 0.597656 0.0673828 0.0371094 0.00234222
4 0.461426 0.385254 0.0537109 0.0498047 0.00237656
13 0.47168 0.591309 0.078125 0.0654297 0.00237846
11 0.427246 0.361816 0.182617 0.102539 0.00248718
13 0.478027 0.467773 0.0380859 0.0605469 0.00251007
7 0.496582 0.395508 0.106445 0.152344 0.00294495
13 0.477051 0.404297 0.114258 0.164062 0.00318336
4 0.479492 0.387207 0.0957031 0.147461 0.00350761
0 0.666992 0.433105 0.0644531 0.0673828 0.00377083
6 0.475098 0.373047 0.0947266 0.103516 0.00401688
8 0.481934 0.392578 0.100586 0.117188 0.00401688
8 0.38623 0.40332 0.0224609 0.015625 0.00479889
7 0.451172 0.32959 0.111328 0.0341797 0.00532913
0 0.606445 0.5 0.1875 0.197266 0.00563431
11 0.350098 0.36084 0.0693359 0.0556641 0.00640488
13 0.477539 0.375 0.0878906 0.09375 0.00656891
1 0.477539 0.375 0.0878906 0.09375 0.00944519
11 0.652832 0.337891 0.0791016 0.0507812 0.0100021
13 0.452637 0.57959 0.0751953 0.0654297 0.0118942
9 0.462402 0.385254 0.0595703 0.0537109 0.0134659
11 0.706055 0.322266 0.134766 0.0273438 0.0145493
7 0.476562 0.349609 0.0898438 0.0664062 0.014595
4 0.47168 0.379883 0.0761719 0.0820312 0.02005
11 0.437012 0.338379 0.143555 0.0419922 0.0201721
8 0.456543 0.385742 0.0478516 0.046875 0.0233612
3 0.634766 0.749512 0.378906 0.135742 0.0240936
9 0.476074 0.37793 0.0888672 0.0878906 0.0312805
11 0.446289 0.330566 0.101562 0.0263672 0.0320435
11 0.477539 0.375 0.0878906 0.09375 0.0324402
7 0.46582 0.385742 0.0644531 0.0566406 0.0392151
11 0.474609 0.343262 0.0898438 0.0537109 0.0533752
11 0.666016 0.324707 0.0820312 0.0302734 0.062561
7 0.479004 0.379395 0.0927734 0.0927734 0.0912476
8 0.470215 0.38623 0.0751953 0.0673828 0.150879
0 0.648926 0.444824 0.102539 0.0986328 0.610352
