13 0.810547 0.281738 0.0625 0.0615234 0.000390768
13 0.337891 0.584473 0.134766 0.0302734 0.000390768
9 0.722656 0.193848 0.0292969 0.0263672 0.000391722
7 0.344727 0.418457 0.177734 0.395508 0.000393152
6 0.782715 0.264648 0.114258 0.140625 0.000399113
13 0.322754 0.197266 0.194336 0.128906 0.000399351
13 0.858398 0.491699 0.0566406 0.104492 0.000400305
5 0.753906 0.438477 0.179688 0.183594 0.000400543
11 0.29541 0.563965 0.250977 0.262695 0.000404119
9 0.776367 0.299805 0.0878906 0.0488281 0.000405073
9 0.29541 0.562012 0.231445 0.233398 0.000407457
9 0.506836 0.574707 0.138672 0.397461 0.000408173
8 0.308105 0.322266 0.22168 0.193359 0.000408649
2 0.305664 0.588867 0.208984 0.150391 0.000409365
9 0.800781 0.307129 0.0429688 0.0205078 0.000413418
1 0.276367 0.294922 0.152344 0.125 0.000413656
7 0.38916 0.172363 0.0751953 0.0888672 0.000417233
7 0.703125 0.140137 0.0351562 0.0478516 0.000419855
7 0.354492 0.504395 0.146484 0.186523 0.000424862
8 0.79541 0.289551 0.0537109 0.0498047 0.0004282
9 0.766113 0.253906 0.110352 0.121094 0.000429392
13 0.85791 0.5 0.0439453 0.0566406 0.00043273
9 0.776855 0.239258 0.0341797 0.0234375 0.00043273
4 0.779785 0.277344 0.0869141 0.0820312 0.000433683
13 0.381348 0.255371 0.0849609 0.114258 0.00043416
11 0.35498 0.138672 0.12207 0.046875 0.000437021
2 0.276367 0.294922 0.152344 0.125 0.000445127
8 0.308594 0.152344 0.240234 0.0976562 0.00044775
13 0.218262 0.370117 0.0634766 0.0566406 0.000448942
3 0.308105 0.322266 0.22168 0.193359 0.000453949
7 0.782715 0.264648 0.114258 0.140625 0.000457525
12 0.335449 0.136719 0.206055 0.0566406 0.000460863
12 0.347656 0.609375 0.214844 0.0898438 0.000463009
8 0.722656 0.193848 0.0292969 0.0263672 0.000464201
7 0.342773 0.127441 0.210938 0.0517578 0.000472546
13 0.260742 0.397461 0.142578 0.111328 0.000472784
4 0.240234 0.179199 0.136719 0.133789 0.000473499
6 0.35791 0.417969 0.166992 0.410156 0.000473738
13 0.812012 0.511719 0.135742 0.0957031 0.000474691
11 0.251953 0.179688 0.0722656 0.0996094 0.000476837
12 0.185059 0.446777 0.135742 0.407227 0.000477314
11 0.700195 0.125 0.115234 0.0585938 0.000485659
13 0.805664 0.296387 0.0507812 0.0361328 0.000488758
13 0.255371 0.407715 0.0830078 0.0302734 0.000492573
13 0.342773 0.135254 0.220703 0.0595703 0.000498295
8 0.30957 0.55957 0.0605469 0.0683594 0.000501156
6 0.300293 0.564941 0.0439453 0.0634766 0.00050211
7 0.776367 0.299805 0.0878906 0.0488281 0.00050354
13 0.313965 0.227539 0.112305 0.0390625 0.000504971
13 0.712891 0.220703 0.201172 0.189453 0.000506401
2 0.198242 0.375 0.0292969 0.0253906 0.000508785
13 0.806641 0.461426 0.0898438 0.0498047 0.000509739
9 0.328613 0.449219 0.170898 0.419922 0.000513077
7 0.388672 0.168945 0.130859 0.111328 0.000514984
9 0.308594 0.152344 0.240234 0.0976562 0.000514984
13 0.279785 0.325684 0.0654297 0.0439453 0.000520706
13 0.231445 0.183594 0.125 0.128906 0.000529766
2 0.318848 0.590332 0.0751953 0.0302734 0.00053215
6 0.786621 0.303223 0.0673828 0.0341797 0.000532627
11 0.309082 0.571777 0.124023 0.0986328 0.000538349
12 0.348145 0.588867 0.15918 0.0449219 0.000539303
13 0.697754 0.125488 0.131836 0.0439453 0.000542641
3 0.790039 0.470215 0.199219 0.209961 0.000542641
2 0.191406 0.540527 0.142578 0.290039 0.00054884
13 0.306641 0.299805 0.117188 0.0839844 0.00055027
2 0.303223 0.14502 0.229492 0.0849609 0.000554085
12 0.223145 0.593262 0.135742 0.114258 0.000555038
13 0.315918 0.253906 0.170898 0.136719 0.00056839
6 0.807129 0.516113 0.133789 0.0849609 0.000576973
8 0.428223 0.19043 0.0673828 0.123047 0.000580788
13 0.306641 0.543457 0.0390625 0.0771484 0.000581741
13 0.333984 0.543457 0.148438 0.176758 0.000585079
10 0.417969 0.175293 0.0859375 0.12793 0.000586033
13 0.88916 0.564941 0.0400391 0.0361328 0.000595093
12 0.209961 0.519531 0.171875 0.185547 0.000599384
6 0.300293 0.160156 0.235352 0.113281 0.000600338
11 0.30127 0.534668 0.112305 0.209961 0.000603676
13 0.711426 0.133789 0.0634766 0.0449219 0.000603676
11 0.280273 0.128418 0.142578 0.0556641 0.000607014
9 0.298828 0.578613 0.0546875 0.0341797 0.000608921
13 0.766602 0.246094 0.148438 0.164062 0.000610352
11 0.700195 0.135742 0.046875 0.0429688 0.00061512
9 0.393555 0.578125 0.0878906 0.03125 0.000621796
13 0.288574 0.555176 0.0673828 0.0908203 0.000623226
13 0.771973 0.321289 0.12207 0.126953 0.000641346
11 0.337891 0.584473 0.134766 0.0302734 0.000645638
5 0.743652 0.288086 0.161133 0.0976562 0.000646114
4 0.799805 0.488281 0.171875 0.160156 0.000648975
13 0.645508 0.213867 0.0625 0.117188 0.000649452
10 0.311035 0.665527 0.301758 0.0693359 0.000669003
1 0.299805 0.564453 0.0488281 0.0644531 0.000671864
2 0.317871 0.59082 0.147461 0.0898438 0.000682831
8 0.296387 0.574219 0.0419922 0.0449219 0.000689507
0 0.228027 0.541992 0.227539 0.292969 0.00069809
13 0.703613 0.162598 0.0537109 0.0830078 0.000703335
13 0.282715 0.566895 0.110352 0.15332 0.00071764
13 0.412598 0.246094 0.0908203 0.21875 0.000728607
4 0.308105 0.322266 0.22168 0.193359 0.00074482
7 0.276855 0.294434 0.15332 0.125977 0.000771999
13 0.283203 0.591309 0.271484 0.163086 0.000772953
2 0.30127 0.534668 0.112305 0.209961 0.000786781
11 0.327148 0.597168 0.208984 0.0615234 0.00079298
13 0.305176 0.578125 0.0888672 0.0410156 0.000794411
11 0.246582 0.263672 0.125977 0.179688 0.000810623
12 0.243652 0.17627 0.131836 0.12793 0.000820637
11 0.305664 0.544434 0.0761719 0.114258 0.000824451
13 0.642578 0.479004 0.046875 0.12207 0.000827312
4 0.424316 0.187988 0.0673828 0.131836 0.000833035
9 0.308105 0.322266 0.22168 0.193359 0.000843525
9 0.299316 0.57373 0.147461 0.118164 0.000855923
8 0.709961 0.234375 0.0371094 0.03125 0.000864029
11 0.712891 0.145996 0.0605469 0.0673828 0.000865459
13 0.759766 0.37207 0.25 0.388672 0.000880241
9 0.466797 0.217285 0.117188 0.21582 0.000885963
12 0.316895 0.540527 0.106445 0.104492 0.000889778
10 0.232422 0.52832 0.230469 0.3125 0.000914097
9 0.27002 0.193848 0.178711 0.172852 0.00092411
11 0.695801 0.114746 0.0771484 0.0302734 0.000927925
5 0.752441 0.304688 0.19043 0.246094 0.000929832
13 0.726074 0.191406 0.0517578 0.0390625 0.000934124
3 0.257324 0.174805 0.151367 0.134766 0.000935555
13 0.246582 0.40332 0.0400391 0.0292969 0.000943184
2 0.337891 0.578125 0.132812 0.0449219 0.000959396
11 0.293945 0.588867 0.208984 0.128906 0.000961304
4 0.300293 0.160156 0.235352 0.113281 0.000965118
5 0.347168 0.433594 0.161133 0.392578 0.000968933
7 0.808105 0.515625 0.133789 0.0839844 0.000984192
13 0.854492 0.506348 0.03125 0.0341797 0.000997543
9 0.186035 0.577637 0.147461 0.227539 0.00102425
9 0.288086 0.634277 0.335938 0.112305 0.00105095
11 0.274902 0.627441 0.31543 0.120117 0.00105762
12 0.297852 0.574219 0.105469 0.0859375 0.00107193
13 0.34668 0.449219 0.152344 0.400391 0.00107574
8 0.257324 0.174805 0.151367 0.134766 0.00108814
4 0.244141 0.538574 0.25 0.28418 0.0011034
11 0.682129 0.130859 0.204102 0.0839844 0.00110626
13 0.245605 0.324707 0.112305 0.15918 0.00112534
5 0.812012 0.511719 0.137695 0.0976562 0.00113392
6 0.420898 0.185059 0.0761719 0.131836 0.00115108
1 0.420898 0.185059 0.0761719 0.131836 0.00115108
11 0.383789 0.128418 0.130859 0.0498047 0.00115585
7 0.800781 0.307129 0.0429688 0.0205078 0.0011673
8 0.246582 0.40332 0.0400391 0.0292969 0.00118542
0 0.272949 0.168945 0.182617 0.123047 0.00119305
11 0.0112305 0.144531 0.0224609 0.0429688 0.00119972
9 0.197754 0.375 0.0302734 0.0253906 0.00121403
6 0.772461 0.401367 0.226562 0.337891 0.00121498
12 0.331543 0.509277 0.241211 0.305664 0.00123692
5 0.785645 0.296387 0.0712891 0.0419922 0.00123787
2 0.306152 0.545898 0.0849609 0.119141 0.00125313
13 0.311523 0.41748 0.150391 0.22168 0.00127983
9 0.798828 0.29248 0.0507812 0.0478516 0.00130272
13 0.777344 0.23877 0.0351562 0.0224609 0.00130463
13 0.783691 0.299805 0.0517578 0.03125 0.0013113
13 0.211426 0.367676 0.0400391 0.0380859 0.00133133
13 0.723633 0.195801 0.0292969 0.0244141 0.00133228
8 0.639648 0.174805 0.0136719 0.0136719 0.00139046
13 0.291016 0.541016 0.146484 0.291016 0.00140572
5 0.230957 0.529297 0.217773 0.298828 0.00142002
7 0.197754 0.375 0.0302734 0.0253906 0.00142479
1 0.331055 0.136719 0.228516 0.0625 0.00144196
2 0.268555 0.530762 0.273438 0.295898 0.00144482
13 0.23584 0.268066 0.0693359 0.0673828 0.00148869
3 0.603027 0.550781 0.360352 0.0957031 0.00154018
5 0.782227 0.287109 0.111328 0.154297 0.00161266
13 0.258789 0.24707 0.146484 0.167969 0.00164223
9 0.314941 0.599121 0.280273 0.108398 0.00164986
10 0.900879 0.591797 0.0361328 0.0664062 0.00165653
5 0.299805 0.342773 0.222656 0.287109 0.0016737
9 0.0864258 0.20166 0.0791016 0.0693359 0.00167942
12 0.305176 0.244629 0.250977 0.256836 0.00171566
11 0.205078 0.218262 0.0761719 0.100586 0.0017271
8 0.232422 0.52832 0.230469 0.3125 0.00173855
8 0.305176 0.244629 0.250977 0.256836 0.00174236
13 0.314453 0.431152 0.0703125 0.206055 0.00182533
6 0.283691 0.300781 0.176758 0.167969 0.00182724
2 0.298828 0.572266 0.0449219 0.0507812 0.00184441
11 0.305176 0.578125 0.0888672 0.0410156 0.00184822
1 0.242676 0.540527 0.243164 0.288086 0.00185299
3 0.3125 0.152832 0.263672 0.114258 0.00185871
13 0.219727 0.353516 0.0410156 0.0527344 0.00190067
9 0.317871 0.576172 0.0869141 0.0507812 0.00201988
0 0.303711 0.27002 0.240234 0.229492 0.0020237
13 0.363281 0.234863 0.183594 0.22168 0.00203896
2 0.312012 0.196777 0.25293 0.170898 0.00205994
6 0.299805 0.227539 0.251953 0.244141 0.00206757
4 0.305176 0.244629 0.250977 0.256836 0.00209808
9 0.772461 0.401367 0.226562 0.337891 0.00213623
7 0.308594 0.152344 0.240234 0.0976562 0.00215912
12 0.151855 0.508789 0.116211 0.345703 0.00218201
10 0.305176 0.236328 0.268555 0.283203 0.00218391
11 0.901855 0.590332 0.0380859 0.0712891 0.00222969
11 0.346191 0.571777 0.151367 0.0478516 0.0022316
13 0.335938 0.311523 0.0761719 0.0957031 0.00223541
9 0.305176 0.244629 0.250977 0.256836 0.00230026
10 0.27832 0.423828 0.337891 0.486328 0.00235176
7 0.30127 0.5625 0.0400391 0.0625 0.00244331
0 0.285645 0.420898 0.342773 0.474609 0.00249672
9 0.78418 0.27832 0.0800781 0.0800781 0.00251579
10 0.274902 0.63623 0.334961 0.120117 0.00253677
9 0.34668 0.591797 0.175781 0.0703125 0.00269127
12 0.300293 0.160156 0.235352 0.113281 0.00281525
7 0.308105 0.322266 0.22168 0.193359 0.00283051
3 0.285645 0.420898 0.342773 0.474609 0.00283813
10 0.24707 0.177246 0.138672 0.131836 0.00285339
11 0.63623 0.127441 0.137695 0.0537109 0.00286674
13 0.225586 0.336914 0.0625 0.101562 0.00286674
7 0.794922 0.290527 0.0566406 0.0517578 0.0029583
13 0.335449 0.314941 0.163086 0.141602 0.00299454
8 0.422852 0.253906 0.0234375 0.0195312 0.00305557
9 0.30127 0.562012 0.0400391 0.0634766 0.00310898
13 0.705078 0.145508 0.0351562 0.0507812 0.00318146
13 0.743652 0.288086 0.161133 0.0976562 0.00318527
3 0.232422 0.52832 0.230469 0.3125 0.00319672
7 0.232422 0.52832 0.230469 0.3125 0.00325966
9 0.428223 0.189941 0.0654297 0.120117 0.00327301
13 0.797363 0.479004 0.172852 0.188477 0.00339317
13 0.346191 0.571777 0.151367 0.0478516 0.00347328
12 0.333984 0.543457 0.148438 0.176758 0.00354576
11 0.300293 0.568359 0.0439453 0.0546875 0.00357437
12 0.288086 0.634277 0.335938 0.112305 0.00359917
3 0.305176 0.244629 0.250977 0.256836 0.00366592
11 0.794922 0.163574 0.0703125 0.0673828 0.00383568
5 0.31543 0.253906 0.238281 0.236328 0.00388908
6 0.794434 0.289551 0.0576172 0.0537109 0.00398254
7 0.253906 0.175293 0.15625 0.129883 0.00410461
12 0.342773 0.562012 0.126953 0.0712891 0.00418472
13 0.245605 0.270508 0.0927734 0.113281 0.00418472
1 0.308594 0.302734 0.220703 0.193359 0.00419235
11 0.763184 0.148438 0.129883 0.0820312 0.00419617
13 0.769043 0.303223 0.100586 0.0498047 0.0042572
13 0.295898 0.570312 0.046875 0.0507812 0.0042572
8 0.285645 0.420898 0.342773 0.474609 0.00430679
12 0.301758 0.559082 0.0605469 0.0791016 0.00437164
9 0.329102 0.59082 0.115234 0.0429688 0.00443649
11 0.604492 0.133301 0.0742188 0.0517578 0.00445557
13 0.31543 0.556152 0.0859375 0.133789 0.00457764
6 0.285645 0.420898 0.342773 0.474609 0.00458145
2 0.30957 0.55957 0.0605469 0.0683594 0.00469589
11 0.734863 0.132812 0.114258 0.0585938 0.00470352
7 0.305176 0.244629 0.250977 0.256836 0.0047226
10 0.300781 0.155762 0.230469 0.102539 0.00495911
13 0.420898 0.185059 0.0761719 0.131836 0.00505447
13 0.325684 0.161133 0.272461 0.105469 0.00509644
9 0.79541 0.478027 0.168945 0.168945 0.00526047
4 0.285645 0.420898 0.342773 0.474609 0.00526428
11 0.385742 0.158691 0.142578 0.112305 0.00548172
8 0.84375 0.412109 0.015625 0.0136719 0.00555038
5 0.275391 0.397461 0.335938 0.474609 0.00555801
13 0.782715 0.263672 0.0869141 0.0996094 0.00622559
5 0.78418 0.27832 0.0839844 0.0800781 0.00624847
9 0.232422 0.52832 0.230469 0.3125 0.00652695
1 0.239258 0.178223 0.138672 0.129883 0.00652695
11 0.22168 0.541016 0.193359 0.279297 0.0067749
9 0.510254 0.412109 0.145508 0.445312 0.00683212
11 0.311035 0.271484 0.239258 0.230469 0.00717545
13 0.280762 0.349121 0.213867 0.268555 0.00727081
7 0.78418 0.27832 0.0800781 0.0800781 0.0073204
2 0.257324 0.174805 0.151367 0.134766 0.00743866
13 0.198242 0.375 0.0292969 0.0253906 0.00775146
1 0.275879 0.407715 0.327148 0.50293 0.00793457
12 0.292969 0.585938 0.279297 0.177734 0.00835419
11 0.287109 0.42041 0.347656 0.491211 0.00856018
1 0.299805 0.227539 0.251953 0.244141 0.009552
11 0.66748 0.110352 0.120117 0.0175781 0.0100403
9 0.27832 0.423828 0.337891 0.486328 0.0103378
13 0.797363 0.306152 0.0478516 0.0244141 0.0107651
6 0.779785 0.277344 0.0849609 0.0820312 0.0112228
13 0.86084 0.499023 0.0244141 0.0371094 0.0119553
7 0.285645 0.420898 0.342773 0.474609 0.012001
7 0.799805 0.488281 0.171875 0.160156 0.0121231
2 0.275879 0.407715 0.327148 0.50293 0.0128937
0 0.558105 0.282715 0.102539 0.108398 0.0130539
11 0.418457 0.180176 0.0810547 0.135742 0.013176
2 0.30957 0.267578 0.224609 0.228516 0.0133286
11 0.32959 0.126953 0.149414 0.0390625 0.0133286
9 0.353516 0.580566 0.160156 0.0322266 0.013443
1 0.300293 0.160156 0.235352 0.113281 0.0136719
7 0.424316 0.187988 0.0673828 0.131836 0.0148468
6 0.799805 0.488281 0.171875 0.160156 0.0155945
11 0.223145 0.192871 0.108398 0.12793 0.0170746
11 0.72168 0.122559 0.0800781 0.0380859 0.0188446
13 0.786133 0.289062 0.0742188 0.0585938 0.0197601
12 0.186035 0.577637 0.147461 0.227539 0.0199738
6 0.309082 0.329102 0.227539 0.296875 0.0259857
8 0.197754 0.375 0.0302734 0.0253906 0.0274506
11 0.248535 0.157715 0.116211 0.0849609 0.0310059
13 0.276855 0.294434 0.15332 0.125977 0.0387573
13 0.27002 0.193848 0.178711 0.172852 0.0453796
13 0.311523 0.558105 0.0664062 0.0712891 0.0454407
5 0.772461 0.401367 0.226562 0.337891 0.0575867
11 0.664551 0.116699 0.163086 0.0322266 0.0758667
13 0.29541 0.393555 0.280273 0.462891 0.0975342
11 0.312012 0.196777 0.25293 0.170898 0.123718
5 0.796387 0.473633 0.165039 0.193359 0.132202
11 0.331055 0.136719 0.228516 0.0625 0.143921
11 0.26123 0.172363 0.170898 0.12793 0.287842
12 0.275391 0.429688 0.34375 0.494141 0.320068
12 0.232422 0.52832 0.230469 0.3125 0.359863
13 0.308105 0.27002 0.227539 0.239258 0.425049
