8 0.381836 0.0576172 0.0234375 0.0195312 0.00010103
13 0.274414 0.230469 0.107422 0.0800781 0.000102878
9 0.78125 0.258301 0.0078125 0.00683594 0.000103951
13 0.781738 0.259277 0.0107422 0.00878906 0.000105441
11 0.32373 0.159668 0.172852 0.0908203 0.000106335
10 0.12207 0.648438 0.0292969 0.0429688 0.0001086
3 0.587402 0.0483398 0.606445 0.0908203 0.000109017
3 0.552734 0.26709 0.09375 0.0830078 0.000109732
11 0.00830078 0.128418 0.0166016 0.0654297 0.000111282
11 0.334961 0.126465 0.0878906 0.0283203 0.000114024
0 0.553711 0.217773 0.0527344 0.03125 0.000114441
11 0.12207 0.648438 0.0273438 0.0429688 0.000114858
8 0.274414 0.408203 0.0117188 0.00976562 0.000115216
11 0.0263672 0.130859 0.0527344 0.0839844 0.00011605
2 0.662598 0.370605 0.0146484 0.0107422 0.000117481
13 0.340332 0.271973 0.0908203 0.0439453 0.000118077
7 0.438965 0.494141 0.106445 0.177734 0.000118434
11 0.598145 0.128906 0.0595703 0.0273438 0.000119209
7 0.208496 0.452148 0.19043 0.335938 0.000119865
9 0.720703 0.319824 0.015625 0.0107422 0.000120699
3 0.589844 0.459961 0.423828 0.142578 0.000121236
8 0.363281 0.243652 0.0195312 0.0146484 0.000122309
3 0.229004 0.0849609 0.458008 0.158203 0.000127077
8 0.658203 0.374512 0.0292969 0.0224609 0.000128031
8 0.670898 0.45459 0.015625 0.0146484 0.000133634
9 0.507812 0.390137 0.15625 0.397461 0.000134945
11 0.634766 0.117676 0.0703125 0.0146484 0.000135183
13 0.316895 0.207031 0.0439453 0.0332031 0.00013566
8 0.310547 0.360352 0.0175781 0.0136719 0.000137925
13 0.644043 0.375977 0.0791016 0.103516 0.000140071
9 0.762695 0.356445 0.359375 0.441406 0.000140309
8 0.721191 0.319336 0.0224609 0.015625 0.000142097
13 0.773926 0.341309 0.0478516 0.0185547 0.00014329
8 0.39209 0.241211 0.0400391 0.0371094 0.000147581
3 0.436035 0.97168 0.461914 0.0566406 0.000149131
8 0.423828 0.197754 0.046875 0.0478516 0.000150084
11 0.0175781 0.113281 0.0351562 0.0585938 0.000155687
8 0.722656 0.274414 0.0117188 0.00976562 0.000156045
3 0.613281 0.963867 0.601562 0.0722656 0.000157475
7 0.630371 0.347168 0.0771484 0.129883 0.000159025
11 0.6875 0.137207 0.183594 0.0751953 0.000159025
8 0.25293 0.367676 0.0078125 0.00683594 0.00016439
9 0.553223 0.269531 0.0966797 0.0898438 0.000164509
13 0.367188 0.483887 0.0429688 0.0556641 0.00016737
8 0.782715 0.257324 0.0126953 0.0107422 0.000169754
9 0.391602 0.0673828 0.0410156 0.0371094 0.000172734
10 0.919434 0.61377 0.0654297 0.0771484 0.000178814
11 0.384277 0.125977 0.0751953 0.0175781 0.000185251
9 0.467773 0.327148 0.0273438 0.0253906 0.000189185
11 0.35791 0.135254 0.0615234 0.0166016 0.00019002
11 0.63916 0.124023 0.0595703 0.0136719 0.000193477
11 0.338867 0.133301 0.0625 0.0224609 0.000198126
2 0.656738 0.385254 0.0771484 0.100586 0.000201941
13 0.311035 0.229004 0.100586 0.0712891 0.000209451
8 0.399414 0.341309 0.0136719 0.0126953 0.00021863
3 0.643555 0.893555 0.560547 0.212891 0.000219703
11 0.384766 0.122559 0.126953 0.0283203 0.00023973
2 0.384766 0.0595703 0.0253906 0.0195312 0.000240445
9 0.444336 0.499023 0.126953 0.189453 0.000240564
13 0.888184 0.727539 0.0849609 0.0253906 0.000245571
7 0.176758 0.521484 0.105469 0.208984 0.000248432
11 0.378906 0.130859 0.0546875 0.015625 0.000257015
9 0.176758 0.521484 0.105469 0.208984 0.000261307
11 0.407227 0.145508 0.0839844 0.046875 0.000265837
13 0.335449 0.253906 0.145508 0.140625 0.000271082
13 0.330078 0.471191 0.078125 0.0302734 0.00027132
10 0.92334 0.640625 0.0478516 0.0898438 0.00027132
0 0.572754 0.294434 0.118164 0.12793 0.000292778
11 0.92334 0.640625 0.0478516 0.0898438 0.000296831
11 0.435059 0.14502 0.0556641 0.0400391 0.000298023
2 0.37207 0.0932617 0.015625 0.0107422 0.000299454
7 0.678711 0.415527 0.111328 0.124023 0.000300407
11 0.695312 0.125 0.0742188 0.0273438 0.000320435
9 0.681152 0.428223 0.147461 0.211914 0.000327349
11 0.0874023 0.114258 0.168945 0.0351562 0.000331402
8 0.64502 0.378418 0.0517578 0.0498047 0.0003407
11 0.65332 0.115723 0.123047 0.0244141 0.000341177
9 0.632812 0.355469 0.0742188 0.113281 0.000352621
11 0.71875 0.132812 0.0625 0.0332031 0.000365019
8 0.737305 0.250977 0.00976562 0.00585938 0.000380278
13 0.306152 0.260254 0.118164 0.0458984 0.0004251
11 0.282715 0.155273 0.0673828 0.0429688 0.000441551
11 0.392578 0.13623 0.101562 0.0263672 0.000447035
8 0.657715 0.388672 0.0712891 0.0839844 0.000459433
9 0.683105 0.417969 0.112305 0.117188 0.000474215
7 0.595215 0.514648 0.418945 0.160156 0.000486135
8 0.469238 0.326172 0.0244141 0.0253906 0.0005126
6 0.595215 0.514648 0.418945 0.160156 0.000519276
2 0.64502 0.378418 0.0556641 0.0556641 0.000559807
11 0.595215 0.514648 0.418945 0.160156 0.000561237
9 0.64502 0.378418 0.0556641 0.0556641 0.000566483
13 0.595215 0.520508 0.420898 0.162109 0.000569344
1 0.592285 0.513672 0.415039 0.152344 0.000591755
12 0.595215 0.514648 0.418945 0.160156 0.000602245
8 0.595215 0.514648 0.418945 0.160156 0.000607014
9 0.379883 0.0737305 0.0332031 0.0498047 0.000614166
4 0.595215 0.514648 0.418945 0.160156 0.000614166
2 0.595215 0.514648 0.418945 0.160156 0.000656128
11 0.362305 0.141602 0.164062 0.0566406 0.000756741
8 0.662598 0.370605 0.0146484 0.0107422 0.000794888
13 0.255859 0.244629 0.0625 0.0517578 0.0008564
8 0.387695 0.231934 0.0332031 0.0283203 0.000875473
13 0.296387 0.256836 0.139648 0.0898438 0.00097847
5 0.595215 0.514648 0.418945 0.160156 0.00101376
11 0.411621 0.128906 0.0693359 0.0234375 0.00107765
7 0.656738 0.39209 0.0830078 0.102539 0.00109768
11 0.736816 0.140625 0.0673828 0.0410156 0.00114059
8 0.372559 0.30127 0.0107422 0.00878906 0.00115681
9 0.254395 0.106445 0.0205078 0.0214844 0.00115871
10 0.595215 0.520508 0.420898 0.162109 0.00119591
11 0.654785 0.121094 0.0712891 0.015625 0.00127983
9 0.37207 0.0932617 0.015625 0.0107422 0.00130749
11 0.587891 0.138184 0.0527344 0.0380859 0.00135231
10 0.92334 0.616211 0.0380859 0.0605469 0.00146008
8 0.37207 0.0932617 0.015625 0.0107422 0.00163746
9 0.595215 0.519043 0.418945 0.137695 0.00165749
0 0.59375 0.51709 0.416016 0.143555 0.00168991
8 0.30127 0.408691 0.0126953 0.0107422 0.0018177
11 0.424805 0.135742 0.0585938 0.0332031 0.00191402
8 0.782227 0.257812 0.0078125 0.00585938 0.00198936
11 0.618164 0.130859 0.107422 0.0351562 0.00216484
9 0.384766 0.0595703 0.0253906 0.0195312 0.00223541
11 0.92334 0.613281 0.0400391 0.0722656 0.00237083
8 0.720703 0.319824 0.015625 0.0107422 0.00263405
11 0.674805 0.12793 0.152344 0.0410156 0.00285912
11 0.628418 0.121582 0.106445 0.0205078 0.00325394
11 0.359863 0.128906 0.0751953 0.0175781 0.00325394
3 0.601074 0.569336 0.424805 0.132812 0.00326729
13 0.272461 0.255371 0.0839844 0.0498047 0.00358772
9 0.657715 0.38623 0.0771484 0.0966797 0.00391388
11 0.307129 0.146484 0.0947266 0.046875 0.00712585
11 0.709473 0.134766 0.110352 0.0429688 0.0113907
11 0.337891 0.138184 0.117188 0.0361328 0.0139236
11 0.663086 0.124023 0.119141 0.0214844 0.0164795
0 0.553223 0.269043 0.0986328 0.0869141 0.0254517
11 0.364746 0.130859 0.12793 0.0253906 0.0458374
3 0.594727 0.518066 0.414062 0.141602 0.620117
