13 0.384277 0.470215 0.0810547 0.0341797 0.000100315
4 0.73291 0.375977 0.0244141 0.0195312 0.000100493
8 0.587402 0.799805 0.0146484 0.0117188 0.000101328
10 0.27002 0.947754 0.354492 0.104492 0.000102758
9 0.151855 0.97168 0.100586 0.0546875 0.000103414
9 0.642578 0.744629 0.548828 0.379883 0.000103593
0 0.888184 0.0541992 0.223633 0.108398 0.000104249
8 0.154785 0.72168 0.00878906 0.00976562 0.000104249
9 0.0458984 0.493164 0.0859375 0.398438 0.000105023
7 0.712402 0.178223 0.0341797 0.0263672 0.000105321
9 0.825684 0.402832 0.0302734 0.0224609 0.000105381
8 0.830078 0.686035 0.03125 0.0244141 0.00010556
13 0.746094 0.1875 0.0546875 0.0390625 0.000105679
11 0.370117 0.132812 0.0722656 0.0195312 0.000106692
9 0.226074 0.632324 0.168945 0.0751953 0.00010711
13 0.665039 0.398438 0.0683594 0.0703125 0.000107825
3 0.819824 0.406738 0.0244141 0.0205078 0.000108838
8 0.794922 0.378418 0.0507812 0.0751953 0.000109076
13 0.304688 0.343262 0.0878906 0.0341797 0.000109315
9 0.9375 0.649414 0.0195312 0.0253906 0.000109434
6 0.814453 0.410645 0.0625 0.0595703 0.00011003
8 0.693848 0.475098 0.0400391 0.0283203 0.000111163
9 0.729004 0.223633 0.0615234 0.0878906 0.000113308
8 0.754395 0.346191 0.0419922 0.0322266 0.000114024
9 0.263184 0.0571289 0.526367 0.114258 0.000114083
11 0.753906 0.190918 0.0332031 0.0205078 0.000115573
9 0.263672 0.680664 0.347656 0.144531 0.000115633
9 0.585449 0.799805 0.0146484 0.0117188 0.000115871
9 0.591309 0.668945 0.385742 0.257812 0.000118136
9 0.817871 0.402832 0.0517578 0.0478516 0.00011903
4 0.804199 0.423828 0.0986328 0.111328 0.000119567
8 0.743164 0.279297 0.0214844 0.015625 0.000119805
7 0.716797 0.941895 0.333984 0.116211 0.000120103
7 0.796875 0.369629 0.0195312 0.0166016 0.000120401
13 0.726562 0.349609 0.117188 0.0664062 0.000120521
9 0.153809 0.719727 0.00878906 0.00976562 0.000120759
5 0.755371 0.40918 0.141602 0.150391 0.000120878
2 0.592285 0.270508 0.0537109 0.0332031 0.000121474
3 0.215332 0.0297852 0.430664 0.0576172 0.000121891
2 0.599609 0.255371 0.0175781 0.0107422 0.000122905
2 0.600098 0.268066 0.0224609 0.0244141 0.000122905
11 0.706543 0.137695 0.0283203 0.0332031 0.000123143
2 0.594238 0.262695 0.0341797 0.0253906 0.000123858
13 0.759766 0.614258 0.0546875 0.0449219 0.000125051
6 0.25293 0.466797 0.267578 0.353516 0.000125408
11 0.142578 0.964844 0.046875 0.0332031 0.000125527
11 0.730469 0.160156 0.0644531 0.0390625 0.000127435
9 0.0991211 0.65332 0.0341797 0.0566406 0.000129223
6 0.73291 0.375977 0.0283203 0.0214844 0.000130415
5 0.260254 0.377441 0.208008 0.235352 0.000132203
13 0.419434 0.354492 0.0419922 0.03125 0.000132442
11 0.646973 0.115723 0.0654297 0.0283203 0.000136256
3 0.132324 0.185547 0.264648 0.365234 0.000136852
13 0.338867 0.330078 0.134766 0.169922 0.000138402
13 0.742676 0.62793 0.102539 0.0546875 0.000141263
7 0.804199 0.37207 0.133789 0.220703 0.000145197
9 0.713867 0.178223 0.0351562 0.0263672 0.000145316
8 0.804199 0.494629 0.22168 0.262695 0.000146866
9 0.816895 0.920898 0.256836 0.158203 0.000148177
11 0.599121 0.125977 0.0966797 0.0488281 0.00014925
11 0.819336 0.407715 0.0234375 0.0205078 0.000149846
11 0.110352 0.707031 0.0332031 0.0605469 0.000150442
11 0.590332 0.101074 0.0595703 0.0205078 0.000152111
8 0.588379 0.39209 0.0361328 0.0283203 0.000152349
9 0.0297852 0.674805 0.0576172 0.0820312 0.000152946
13 0.41748 0.46875 0.0302734 0.0234375 0.000153065
11 0.602539 0.138672 0.0625 0.03125 0.000154734
8 0.354492 0.633789 0.0371094 0.0273438 0.000155091
9 0.785156 0.34668 0.191406 0.322266 0.000158906
2 0.61084 0.272461 0.0244141 0.0214844 0.000159025
9 0.850586 0.282715 0.0332031 0.0380859 0.000160933
0 0.607422 0.334473 0.259766 0.202148 0.000161767
9 0.0878906 0.634277 0.0136719 0.0126953 0.000162601
13 0.775391 0.605469 0.0429688 0.0390625 0.000164747
10 0.903809 0.67334 0.0458984 0.0791016 0.000165105
3 0.591309 0.668945 0.385742 0.257812 0.000167131
11 0.743164 0.172852 0.0605469 0.0488281 0.000167489
9 0.179199 0.72168 0.124023 0.109375 0.000168562
11 0.431641 0.148926 0.0703125 0.0419922 0.000169039
7 0.752441 0.407715 0.172852 0.223633 0.000169158
8 0.137207 0.961914 0.0439453 0.0292969 0.00017035
5 0.817871 0.412598 0.0361328 0.0322266 0.000170588
9 0.176758 0.714844 0.0957031 0.0429688 0.000170827
3 0.615723 0.95752 0.432617 0.0830078 0.000170946
3 0.581543 0.598145 0.239258 0.124023 0.000171781
8 0.746582 0.361816 0.0498047 0.0380859 0.000172138
9 0.538574 0.438965 0.286133 0.475586 0.000175357
10 0.110352 0.707031 0.0332031 0.0605469 0.000180244
13 0.344238 0.441406 0.0283203 0.0605469 0.000182271
8 0.827637 0.410645 0.0361328 0.0224609 0.000182629
13 0.378418 0.308105 0.0556641 0.0576172 0.000186086
9 0.276367 0.786621 0.419922 0.333008 0.000190973
8 0.158691 0.467773 0.0302734 0.0214844 0.00019145
9 0.514648 0.822754 0.591797 0.354492 0.000191808
7 0.185547 0.391113 0.0351562 0.0322266 0.000192642
9 0.41748 0.46875 0.0302734 0.0234375 0.000197291
9 0.436035 0.789551 0.0439453 0.0322266 0.00019896
8 0.210938 0.395996 0.0136719 0.0107422 0.00020349
9 0.125 0.95752 0.0351562 0.0322266 0.000204921
13 0.785645 0.459473 0.237305 0.299805 0.000205159
9 0.764648 0.354492 0.0292969 0.015625 0.000205159
3 0.25293 0.466797 0.267578 0.353516 0.000205398
8 0.785645 0.45459 0.0126953 0.00878906 0.000209689
8 0.848145 0.278809 0.0341797 0.0361328 0.000212193
13 0.347168 0.325684 0.0478516 0.0634766 0.000213742
5 0.241699 0.536621 0.166992 0.172852 0.000213981
9 0.852539 0.724121 0.0585938 0.0361328 0.00021553
13 0.739258 0.365234 0.0625 0.0371094 0.000216603
7 0.814453 0.410645 0.0625 0.0595703 0.00021708
9 0.716797 0.941895 0.333984 0.116211 0.000217319
4 0.785645 0.458984 0.200195 0.287109 0.000220299
7 0.762207 0.353516 0.0263672 0.0195312 0.000222325
8 0.359863 0.664551 0.0341797 0.0263672 0.000222802
6 0.752441 0.407715 0.172852 0.223633 0.000225544
6 0.581055 0.305664 0.113281 0.109375 0.000226498
11 0.648926 0.126953 0.0966797 0.0351562 0.000227332
9 0.258301 0.614258 0.0986328 0.0371094 0.000229716
4 0.792969 0.441406 0.144531 0.175781 0.000230312
8 0.61084 0.681152 0.0185547 0.0146484 0.0002321
8 0.409668 0.3125 0.0107422 0.00976562 0.000233173
13 0.743652 0.350098 0.0849609 0.0419922 0.000236034
13 0.817871 0.412598 0.0361328 0.0322266 0.000236869
13 0.731934 0.377441 0.0263672 0.0205078 0.000237584
9 0.461914 0.746094 0.103516 0.136719 0.000238538
2 0.612305 0.241699 0.00976562 0.00878906 0.000248909
8 0.812012 0.410156 0.0966797 0.111328 0.00025034
9 0.0708008 0.488281 0.0517578 0.0429688 0.000252485
9 0.833496 0.866699 0.0771484 0.0576172 0.000256062
9 0.523438 0.344238 0.208984 0.166992 0.000257015
3 0.578125 0.942383 0.712891 0.115234 0.000257492
8 0.707031 0.292969 0.0449219 0.0371094 0.000258446
9 0.506348 0.598145 0.258789 0.264648 0.000261068
8 0.595703 0.503906 0.0234375 0.0175781 0.00026679
8 0.697266 0.206055 0.0117188 0.00976562 0.000267029
4 0.581055 0.305664 0.113281 0.109375 0.000281811
8 0.733887 0.375977 0.0361328 0.0371094 0.000282526
8 0.730469 0.313477 0.00976562 0.00976562 0.000284433
13 0.722656 0.198242 0.0546875 0.0644531 0.000284672
13 0.804199 0.423828 0.0986328 0.111328 0.000290155
11 0.903809 0.67334 0.0458984 0.0791016 0.00029254
7 0.581055 0.305664 0.113281 0.109375 0.000293016
8 0.667969 0.44043 0.03125 0.0253906 0.000295401
13 0.405762 0.471191 0.0595703 0.0283203 0.000299454
11 0.651367 0.139648 0.119141 0.0332031 0.00030756
13 0.67627 0.316406 0.0712891 0.103516 0.000308752
9 0.48877 0.964355 0.356445 0.0712891 0.000310898
8 0.803223 0.497559 0.0712891 0.0498047 0.000313997
11 0.598633 0.161133 0.0820312 0.0507812 0.000314951
8 0.796875 0.369629 0.0292969 0.0244141 0.00032258
9 0.496094 0.853027 0.173828 0.27832 0.000323534
8 0.41748 0.46875 0.0302734 0.0234375 0.000328302
9 0.817871 0.412598 0.0361328 0.0322266 0.00033021
11 0.316406 0.150391 0.0839844 0.0527344 0.000335217
9 0.731934 0.377441 0.0263672 0.0205078 0.000335455
11 0.656738 0.13916 0.192383 0.0537109 0.000335693
12 0.581055 0.307129 0.113281 0.110352 0.00033617
6 0.585449 0.566895 0.426758 0.186523 0.000345469
11 0.614258 0.147461 0.130859 0.0859375 0.000351906
2 0.416504 0.468262 0.0322266 0.0263672 0.000370979
8 0.360352 0.248535 0.0410156 0.0341797 0.00037837
9 0.712891 0.635254 0.175781 0.0576172 0.000380993
3 0.586914 0.834473 0.642578 0.331055 0.00039053
4 0.585449 0.566895 0.426758 0.186523 0.000391245
9 0.804199 0.423828 0.0986328 0.111328 0.000400782
0 0.510254 0.365723 0.182617 0.198242 0.000402451
11 0.584473 0.57373 0.426758 0.15332 0.000404835
13 0.751953 0.353027 0.0566406 0.0244141 0.000407934
7 0.586914 0.574219 0.421875 0.146484 0.000407934
5 0.816895 0.408691 0.0244141 0.0185547 0.000408649
5 0.255859 0.452637 0.164062 0.241211 0.000409126
8 0.584473 0.57373 0.426758 0.15332 0.000417709
12 0.584473 0.57373 0.426758 0.15332 0.000421047
5 0.744629 0.378906 0.194336 0.261719 0.000432968
0 0.57959 0.303223 0.0615234 0.0791016 0.000434399
13 0.39209 0.304688 0.0185547 0.0390625 0.000435352
8 0.817871 0.402832 0.0517578 0.0478516 0.000436783
1 0.581055 0.305664 0.113281 0.109375 0.000442743
2 0.584473 0.57373 0.426758 0.15332 0.000447989
2 0.820312 0.40625 0.0253906 0.0214844 0.000451565
1 0.584473 0.57373 0.426758 0.15332 0.000455141
8 0.242188 0.243652 0.0175781 0.0146484 0.000455856
13 0.581055 0.305664 0.113281 0.109375 0.000460386
8 0.34375 0.404785 0.0117188 0.00878906 0.000461578
13 0.724609 0.227539 0.103516 0.136719 0.000464916
5 0.581055 0.307129 0.113281 0.110352 0.000469923
11 0.616699 0.127441 0.106445 0.0283203 0.000501156
13 0.665527 0.306641 0.0380859 0.0917969 0.000501633
11 0.581055 0.305664 0.113281 0.109375 0.000513554
9 0.185547 0.391113 0.0351562 0.0322266 0.000515461
13 0.586914 0.574219 0.421875 0.146484 0.00052166
13 0.762695 0.354004 0.0292969 0.0185547 0.000526428
3 0.602051 0.980469 0.452148 0.0390625 0.000534534
2 0.595215 0.259766 0.0244141 0.015625 0.000536919
8 0.581055 0.305664 0.113281 0.109375 0.00056839
9 0.938965 0.645996 0.0126953 0.0126953 0.000592232
8 0.713867 0.178223 0.0351562 0.0263672 0.000597477
13 0.745117 0.197266 0.0371094 0.0292969 0.000599861
7 0.73291 0.375977 0.0244141 0.0195312 0.000635624
11 0.376465 0.143066 0.163086 0.0380859 0.000648022
9 0.17334 0.71582 0.0537109 0.0332031 0.000656128
11 0.622559 0.118164 0.0986328 0.0195312 0.000665665
5 0.588867 0.578125 0.425781 0.166016 0.0006814
10 0.581055 0.305664 0.113281 0.109375 0.000712395
3 0.599609 0.625 0.429688 0.109375 0.000750065
6 0.817871 0.412598 0.0361328 0.0322266 0.000779152
13 0.780273 0.438477 0.148438 0.181641 0.000793457
13 0.354492 0.32666 0.0820312 0.0869141 0.000795364
11 0.296387 0.162109 0.0888672 0.0605469 0.00080061
13 0.739258 0.207031 0.046875 0.0546875 0.000821114
9 0.25293 0.466797 0.267578 0.353516 0.000825882
4 0.818848 0.407715 0.0224609 0.0185547 0.000829697
8 0.267578 0.574707 0.0136719 0.0126953 0.000854969
10 0.584473 0.57373 0.426758 0.15332 0.000889301
9 0.0952148 0.644043 0.0263672 0.0322266 0.0008955
9 0.45459 0.811035 0.34668 0.342773 0.000896931
11 0.275879 0.179199 0.0537109 0.0419922 0.000917435
2 0.57959 0.298828 0.112305 0.0957031 0.000930786
5 0.804199 0.424316 0.0986328 0.112305 0.000955105
3 0.223145 0.065918 0.446289 0.131836 0.00099659
9 0.581055 0.305664 0.113281 0.109375 0.0010519
8 0.695312 0.475586 0.0195312 0.0195312 0.00113297
8 0.612305 0.241699 0.00976562 0.00878906 0.00113583
11 0.585449 0.147949 0.0732422 0.0478516 0.00114822
0 0.586914 0.574219 0.421875 0.146484 0.00115108
13 0.819824 0.407227 0.0244141 0.0195312 0.00116253
7 0.817871 0.412598 0.0361328 0.0322266 0.00116444
9 0.785645 0.458984 0.200195 0.287109 0.00119305
11 0.418457 0.137695 0.0751953 0.0273438 0.00123405
6 0.804199 0.423828 0.0986328 0.111328 0.00130844
8 0.185059 0.391113 0.0341797 0.0302734 0.00136185
2 0.134277 0.960938 0.0400391 0.03125 0.00137234
9 0.792969 0.441406 0.144531 0.175781 0.00150776
9 0.588379 0.578613 0.430664 0.141602 0.00160027
8 0.800781 0.49707 0.0175781 0.015625 0.00167561
13 0.750977 0.191406 0.0253906 0.0175781 0.00170898
3 0.577637 0.300293 0.118164 0.100586 0.00181389
6 0.816895 0.408691 0.0244141 0.0185547 0.00185871
7 0.804199 0.423828 0.0986328 0.111328 0.00187683
11 0.378906 0.137695 0.111328 0.0234375 0.00197029
8 0.817871 0.405762 0.0341797 0.0302734 0.00213432
8 0.760742 0.353027 0.0332031 0.0185547 0.00244713
8 0.797852 0.370605 0.0195312 0.0146484 0.00247955
9 0.136719 0.961914 0.0449219 0.0292969 0.00255585
6 0.793945 0.471191 0.197266 0.299805 0.00280762
13 0.729004 0.223633 0.0615234 0.0878906 0.0033989
9 0.819824 0.408203 0.0244141 0.0175781 0.00355148
6 0.792969 0.439453 0.144531 0.179688 0.00435638
5 0.792969 0.441406 0.144531 0.175781 0.00465393
7 0.793945 0.471191 0.197266 0.299805 0.00502014
7 0.818848 0.407715 0.0224609 0.0185547 0.00521851
9 0.502441 0.697266 0.168945 0.402344 0.00553131
0 0.550781 0.330566 0.167969 0.151367 0.00554657
7 0.792969 0.439453 0.144531 0.179688 0.00627899
5 0.785645 0.458984 0.200195 0.287109 0.00859833
5 0.252441 0.466797 0.254883 0.351562 0.0094223
11 0.614258 0.141113 0.113281 0.0419922 0.0104828
8 0.73291 0.376465 0.0244141 0.0205078 0.0183868
8 0.818848 0.407715 0.0224609 0.0185547 0.050415
0 0.57959 0.301758 0.114258 0.0996094 0.446533
3 0.584473 0.578125 0.428711 0.146484 0.472168
