13 0.241211 0.581543 0.126953 0.0966797 0.000129819
9 0.538086 0.237793 0.0175781 0.0322266 0.000130177
13 0.716309 0.551758 0.135742 0.205078 0.000130296
8 0.270508 0.362793 0.0664062 0.0576172 0.000130415
0 0.477051 0.374512 0.163086 0.229492 0.000130415
7 0.237305 0.592773 0.0332031 0.0273438 0.000131011
9 0.354004 0.606445 0.0185547 0.0175781 0.000131965
8 0.599609 0.352539 0.0292969 0.0292969 0.000132561
13 0.649902 0.379395 0.120117 0.0693359 0.000132799
9 0.314453 0.581543 0.117188 0.0947266 0.000132918
7 0.290527 0.625488 0.116211 0.112305 0.000133872
2 0.314941 0.587891 0.116211 0.117188 0.000133991
9 0.739258 0.761719 0.216797 0.128906 0.000134826
11 0.377441 0.158203 0.0791016 0.0234375 0.000134826
13 0.366699 0.358887 0.0517578 0.0498047 0.000135183
9 0.695801 0.573242 0.102539 0.134766 0.000135541
11 0.335449 0.17627 0.0869141 0.0283203 0.000136137
8 0.333984 0.584961 0.0585938 0.0761719 0.000136375
11 0.386719 0.155762 0.0332031 0.0166016 0.000136614
2 0.317871 0.359863 0.00878906 0.00683594 0.000136733
8 0.285645 0.355957 0.0380859 0.0166016 0.000137448
6 0.250488 0.446289 0.168945 0.222656 0.000139832
8 0.777344 0.605957 0.0195312 0.0166016 0.000140786
13 0.731934 0.564941 0.0947266 0.0615234 0.000140786
9 0.349609 0.582031 0.109375 0.128906 0.000141263
13 0.327148 0.384766 0.0332031 0.0214844 0.000141621
7 0.334961 0.376953 0.0214844 0.0175781 0.000144958
5 0.679688 0.469727 0.0996094 0.046875 0.000147581
2 0.413574 0.607422 0.0224609 0.0253906 0.000148177
8 0.689941 0.254883 0.0302734 0.0253906 0.000148416
5 0.299316 0.538086 0.141602 0.175781 0.000149012
9 0.699219 0.853516 0.333984 0.292969 0.000149012
5 0.695801 0.599121 0.0791016 0.0732422 0.000149369
13 0.686523 0.601074 0.0625 0.0654297 0.0001508
13 0.231445 0.590332 0.0664062 0.0380859 0.000150919
2 0.352539 0.608398 0.0253906 0.0253906 0.000151515
9 0.272949 0.415039 0.135742 0.144531 0.00015223
8 0.201172 0.691895 0.0273438 0.0224609 0.000152588
9 0.317871 0.359863 0.00878906 0.00683594 0.000152826
10 0.844238 0.82666 0.0361328 0.0712891 0.000153303
13 0.219727 0.410645 0.0664062 0.0263672 0.000153542
7 0.314453 0.541504 0.164062 0.176758 0.000153542
9 0.317871 0.59082 0.0107422 0.0078125 0.00015378
3 0.0458984 0.939453 0.0917969 0.117188 0.000154257
13 0.20752 0.590332 0.0283203 0.0244141 0.000154972
13 0.586914 0.163086 0.0605469 0.0253906 0.000155687
4 0.556641 0.260254 0.0253906 0.0205078 0.000157237
9 0.854492 0.0908203 0.291016 0.181641 0.000157833
9 0.311523 0.599609 0.0546875 0.0371094 0.000158191
7 0.279785 0.366699 0.0654297 0.0439453 0.000159502
8 0.324707 0.665039 0.0458984 0.0410156 0.000159979
8 0.59668 0.57666 0.0527344 0.0341797 0.000161409
8 0.317383 0.593262 0.0371094 0.0341797 0.000161409
8 0.751465 0.673828 0.0166016 0.015625 0.000162959
11 0.844238 0.82666 0.0361328 0.0712891 0.000167847
8 0.311035 0.561035 0.0517578 0.0537109 0.000168562
9 0.384766 0.161133 0.00976562 0.00976562 0.000170112
13 0.285156 0.354004 0.0585938 0.0400391 0.000170946
11 0.399414 0.163574 0.0546875 0.0439453 0.000171423
13 0.208496 0.577148 0.0771484 0.0527344 0.000172019
13 0.14502 0.688477 0.0107422 0.00976562 0.000172257
9 0.564941 0.666504 0.0322266 0.0244141 0.000172615
13 0.238281 0.394531 0.0996094 0.0585938 0.000172734
8 0.316895 0.358887 0.0732422 0.0205078 0.00017488
9 0.334961 0.37793 0.0214844 0.0175781 0.000175953
5 0.705078 0.562012 0.201172 0.311523 0.000180006
11 0.620605 0.193848 0.161133 0.0341797 0.000180483
13 0.285645 0.356445 0.0185547 0.015625 0.000182033
3 0.954102 0.725586 0.0917969 0.253906 0.00018239
13 0.658203 0.462891 0.0605469 0.0214844 0.000182509
8 0.359375 0.627441 0.0292969 0.0283203 0.000184059
8 0.791016 0.682617 0.0136719 0.0136719 0.000184536
8 0.636719 0.438965 0.0292969 0.0185547 0.000184894
0 0.960938 0.953125 0.078125 0.0898438 0.000186324
13 0.332031 0.390625 0.0664062 0.03125 0.000187397
9 0.266602 0.370117 0.0820312 0.0683594 0.000188589
9 0.684082 0.453613 0.192383 0.379883 0.000189662
11 0.348633 0.182617 0.046875 0.0253906 0.000193596
5 0.280762 0.479492 0.28418 0.400391 0.000194788
6 0.241211 0.595215 0.0859375 0.0595703 0.000194907
8 0.351074 0.61084 0.0517578 0.0439453 0.000195146
13 0.575684 0.160645 0.0283203 0.0244141 0.000197172
7 0.245117 0.604492 0.0996094 0.0839844 0.00019753
6 0.686523 0.601074 0.0625 0.0654297 0.000198007
6 0.241211 0.581543 0.126953 0.0966797 0.000203609
7 0.687988 0.600586 0.0712891 0.0703125 0.00020504
13 0.0634766 0.13623 0.0976562 0.0302734 0.000205278
5 0.730957 0.564453 0.12207 0.166016 0.000205636
3 0.835449 0.0820312 0.325195 0.128906 0.000205755
8 0.371582 0.615234 0.0380859 0.0292969 0.000207186
9 0.563965 0.209473 0.0146484 0.0146484 0.000207782
9 0.294922 0.613281 0.101562 0.0917969 0.000208139
13 0.305664 0.27002 0.0859375 0.0693359 0.000208497
13 0.372559 0.508301 0.0673828 0.0771484 0.000211716
8 0.323242 0.626465 0.0195312 0.0185547 0.000213146
0 0.498535 0.349609 0.137695 0.132812 0.000214696
5 0.241211 0.581543 0.126953 0.0966797 0.000216722
13 0.284668 0.303711 0.108398 0.121094 0.000217438
2 0.144531 0.688477 0.0117188 0.00976562 0.000219345
2 0.271973 0.362305 0.0771484 0.0625 0.000219822
13 0.338379 0.35791 0.120117 0.0810547 0.000220895
6 0.266602 0.370117 0.0839844 0.0664062 0.000222087
8 0.302734 0.59082 0.109375 0.078125 0.000225902
13 0.602051 0.353027 0.0380859 0.0361328 0.000231862
13 0.322754 0.289062 0.0556641 0.0742188 0.000233531
3 0.270508 0.121094 0.541016 0.242188 0.000237346
8 0.323242 0.370605 0.128906 0.102539 0.000238538
9 0.479004 0.448242 0.165039 0.464844 0.000238895
8 0.317383 0.360352 0.0351562 0.00976562 0.00024128
13 0.335449 0.368164 0.0849609 0.0488281 0.000241518
8 0.327637 0.624512 0.0126953 0.0107422 0.000241518
9 0.3125 0.57959 0.15625 0.186523 0.000241876
13 0.864746 0.120117 0.0673828 0.0195312 0.000241995
8 0.206055 0.595215 0.015625 0.0166016 0.000242591
7 0.566895 0.189453 0.0771484 0.0546875 0.000247717
8 0.390137 0.212891 0.0126953 0.0136719 0.000249863
6 0.697266 0.527832 0.1875 0.295898 0.000250816
8 0.150391 0.688965 0.0234375 0.0166016 0.000250816
3 0.145508 0.0693359 0.275391 0.123047 0.000254154
13 0.70166 0.475586 0.0791016 0.0351562 0.000254393
8 0.61084 0.404297 0.0107422 0.00976562 0.000256538
8 0.31543 0.589355 0.0292969 0.0166016 0.000260592
9 0.29541 0.355957 0.116211 0.104492 0.000264168
11 0.5625 0.208984 0.0195312 0.0136719 0.000272036
2 0.307617 0.60791 0.0742188 0.0556641 0.00027442
11 0.589355 0.187988 0.12793 0.0576172 0.000276327
13 0.700684 0.47998 0.0947266 0.0673828 0.000276566
5 0.210449 0.562988 0.0966797 0.106445 0.000277758
13 0.751465 0.565918 0.0576172 0.0302734 0.000279188
13 0.328125 0.606445 0.0195312 0.0175781 0.000280857
11 0.384766 0.181152 0.0839844 0.0400391 0.000281334
1 0.292969 0.380859 0.09375 0.0625 0.000283003
8 0.318848 0.634766 0.0244141 0.0253906 0.00028491
8 0.616211 0.580566 0.0429688 0.0361328 0.00028491
9 0.562012 0.189453 0.0732422 0.0664062 0.000286341
8 0.53418 0.317383 0.0605469 0.119141 0.000290155
13 0.298828 0.325684 0.205078 0.194336 0.000303745
13 0.0517578 0.187988 0.103516 0.0810547 0.000305891
5 0.679688 0.471191 0.119141 0.108398 0.000307322
8 0.306152 0.619141 0.0947266 0.0898438 0.000309706
9 0.144531 0.688477 0.0117188 0.00976562 0.000319004
8 0.336426 0.383301 0.0341797 0.0244141 0.000322342
9 0.413574 0.607422 0.0224609 0.0253906 0.000325203
9 0.580566 0.161133 0.0673828 0.0253906 0.000326395
8 0.241211 0.595215 0.0859375 0.0595703 0.000328064
8 0.206543 0.59082 0.0244141 0.0214844 0.000328541
8 0.413574 0.607422 0.0224609 0.0253906 0.000329971
8 0.284668 0.355469 0.0107422 0.00976562 0.000334024
8 0.39209 0.531738 0.00878906 0.00878906 0.000334263
11 0.606445 0.170898 0.0839844 0.0292969 0.000338078
13 0.769043 0.657227 0.0224609 0.03125 0.000342369
13 0.686035 0.557129 0.0986328 0.149414 0.000343561
9 0.931152 0.116211 0.0400391 0.0195312 0.000344992
11 0.688477 0.220215 0.0585938 0.0537109 0.000350475
8 0.285645 0.356445 0.0185547 0.015625 0.000353813
8 0.325684 0.639648 0.0498047 0.0683594 0.000354767
8 0.306641 0.560547 0.0273438 0.0253906 0.000362396
13 0.307617 0.600098 0.078125 0.0498047 0.000372887
11 0.555176 0.260254 0.0244141 0.0185547 0.000375509
13 0.34375 0.296875 0.0898438 0.128906 0.000376225
8 0.810547 0.705566 0.0195312 0.0146484 0.000379562
7 0.697266 0.527832 0.1875 0.295898 0.000381231
8 0.236816 0.603516 0.0263672 0.0253906 0.000383139
5 0.296387 0.380371 0.0947266 0.0693359 0.000390768
5 0.233887 0.444336 0.155273 0.242188 0.000393391
11 0.710938 0.242676 0.03125 0.0361328 0.000397682
13 0.610352 0.366699 0.0566406 0.0751953 0.000409365
13 0.671875 0.492188 0.138672 0.197266 0.000410795
3 0.857422 0.0288086 0.285156 0.0576172 0.00041151
0 0.0458984 0.939453 0.0917969 0.117188 0.000417471
5 0.695801 0.57373 0.102539 0.137695 0.000418901
8 0.317871 0.361328 0.0146484 0.0078125 0.000421524
9 0.688965 0.52002 0.129883 0.219727 0.000433683
9 0.575684 0.160645 0.0283203 0.0244141 0.000434637
8 0.332031 0.39209 0.0253906 0.0185547 0.000435114
8 0.564453 0.490723 0.00976562 0.00878906 0.000437975
8 0.716309 0.685059 0.0380859 0.0283203 0.000443935
13 0.259277 0.545898 0.163086 0.208984 0.000444412
8 0.688965 0.607422 0.0498047 0.0488281 0.000452757
13 0.262207 0.334961 0.0810547 0.0898438 0.000467777
8 0.603516 0.619141 0.0175781 0.0136719 0.000468016
13 0.765625 0.661621 0.0410156 0.0400391 0.000469208
10 0.838379 0.805176 0.0517578 0.0771484 0.000471354
8 0.379883 0.620605 0.0234375 0.0205078 0.000476599
8 0.177246 0.682617 0.00878906 0.00976562 0.000477076
13 0.334961 0.376953 0.0214844 0.0175781 0.000478268
8 0.702637 0.678711 0.0146484 0.0117188 0.000478268
2 0.316895 0.590332 0.0107422 0.00878906 0.000479698
11 0.556641 0.183105 0.0625 0.0517578 0.00048089
5 0.684082 0.453613 0.192383 0.379883 0.00048399
9 0.22998 0.712402 0.0126953 0.0126953 0.000495434
11 0.567383 0.160645 0.0488281 0.0244141 0.000495434
11 0.553223 0.216797 0.0576172 0.0800781 0.00050354
8 0.228027 0.584961 0.0576172 0.0351562 0.000505924
9 0.267578 0.588379 0.134766 0.139648 0.000520229
11 0.292969 0.380859 0.09375 0.0625 0.000527859
13 0.617188 0.282227 0.0410156 0.0917969 0.000527859
8 0.339355 0.608887 0.0419922 0.0263672 0.00053072
0 0.521484 0.324219 0.0859375 0.121094 0.000535965
6 0.296387 0.380371 0.0947266 0.0693359 0.000537872
8 0.321289 0.595215 0.0214844 0.0244141 0.000546932
7 0.688965 0.535156 0.118164 0.189453 0.000549316
8 0.636719 0.437988 0.0175781 0.0126953 0.000553131
9 0.614746 0.0229492 0.0361328 0.0205078 0.000556946
2 0.326172 0.600586 0.046875 0.0410156 0.000566959
13 0.680176 0.468262 0.0595703 0.0224609 0.000577927
13 0.629883 0.350098 0.09375 0.116211 0.000585556
8 0.197754 0.682129 0.0498047 0.0380859 0.000595093
9 0.278809 0.365723 0.0556641 0.0380859 0.000601768
6 0.688965 0.535156 0.118164 0.189453 0.000602722
5 0.273438 0.415527 0.136719 0.145508 0.00060606
8 0.698242 0.692871 0.0292969 0.0205078 0.000628471
7 0.292969 0.380859 0.09375 0.0625 0.000636101
7 0.32666 0.605469 0.0224609 0.0195312 0.000639439
13 0.288086 0.596191 0.109375 0.112305 0.000639915
11 0.838379 0.805176 0.0517578 0.0771484 0.00064373
5 0.275879 0.482422 0.118164 0.177734 0.000649929
13 0.322754 0.604492 0.0322266 0.0253906 0.000649929
8 0.334961 0.646973 0.0214844 0.0244141 0.000691414
13 0.326172 0.385254 0.09375 0.0517578 0.000709057
2 0.293945 0.353516 0.111328 0.107422 0.000716686
13 0.669922 0.469727 0.115234 0.078125 0.000744343
13 0.263184 0.389648 0.131836 0.0878906 0.000746727
11 0.599121 0.168457 0.0517578 0.0185547 0.0007658
6 0.277832 0.596191 0.120117 0.124023 0.000776768
13 0.293945 0.268555 0.0605469 0.0429688 0.000822544
8 0.332031 0.525391 0.0253906 0.0332031 0.000847816
8 0.384766 0.161133 0.00976562 0.00976562 0.00084877
7 0.267578 0.588379 0.134766 0.139648 0.000859261
8 0.330566 0.643555 0.0341797 0.0410156 0.000873566
5 0.277832 0.596191 0.120117 0.124023 0.00088501
13 0.388672 0.493164 0.0507812 0.0546875 0.000891209
9 0.483398 0.142578 0.0332031 0.0273438 0.000897884
11 0.396973 0.149902 0.0439453 0.0224609 0.000972748
9 0.328613 0.605957 0.0205078 0.0185547 0.000980377
5 0.234375 0.555664 0.154297 0.197266 0.000982285
13 0.316895 0.299805 0.0947266 0.0996094 0.000995636
11 0.557129 0.210938 0.0322266 0.0195312 0.00100803
8 0.22998 0.712402 0.0126953 0.0126953 0.00101376
13 0.318359 0.32959 0.140625 0.124023 0.00106812
13 0.330078 0.375 0.0566406 0.0253906 0.00107193
8 0.330078 0.37793 0.0664062 0.0351562 0.00108242
11 0.0966797 0.791504 0.0410156 0.0556641 0.00116158
8 0.290527 0.375488 0.0888672 0.0595703 0.00117302
8 0.344727 0.418457 0.015625 0.0126953 0.00117874
13 0.273926 0.463379 0.166992 0.288086 0.00118732
9 0.292969 0.380859 0.09375 0.0625 0.00120258
2 0.278809 0.365723 0.0556641 0.0380859 0.00121117
9 0.322754 0.604492 0.0322266 0.0253906 0.00122643
8 0.563965 0.209473 0.0146484 0.0146484 0.00123024
10 0.0961914 0.791504 0.0400391 0.0556641 0.00123405
13 0.0424805 0.13916 0.0751953 0.0205078 0.00124359
8 0.356445 0.611328 0.0292969 0.0292969 0.00126934
13 0.283203 0.382324 0.0507812 0.0419922 0.00129032
13 0.305176 0.363281 0.100586 0.046875 0.00130367
13 0.619141 0.311523 0.0644531 0.138672 0.00136852
8 0.354004 0.400391 0.0166016 0.0136719 0.00137234
13 0.556641 0.260742 0.0273438 0.0214844 0.00138092
8 0.14502 0.688477 0.0107422 0.00976562 0.00138569
9 0.272461 0.500488 0.164062 0.301758 0.00139618
8 0.333496 0.518555 0.0146484 0.0136719 0.00141144
8 0.310059 0.607422 0.0654297 0.046875 0.00142574
8 0.27832 0.364258 0.0449219 0.0332031 0.00150967
7 0.557129 0.259766 0.0263672 0.0214844 0.00159645
11 0.584961 0.190918 0.0917969 0.0263672 0.00160408
8 0.564941 0.666016 0.0322266 0.0253906 0.00163174
8 0.3125 0.47168 0.0117188 0.00976562 0.0016613
13 0.660645 0.461426 0.0966797 0.0302734 0.00170422
11 0.587891 0.177734 0.0898438 0.0351562 0.00173283
2 0.555176 0.260742 0.0263672 0.0195312 0.00173664
6 0.275391 0.519043 0.160156 0.262695 0.00182438
7 0.275391 0.519043 0.160156 0.262695 0.00182629
8 0.336914 0.538086 0.0332031 0.0292969 0.00183582
7 0.535156 0.320312 0.0605469 0.125 0.00184536
2 0.328613 0.605957 0.0205078 0.0185547 0.00186539
11 0.589355 0.163086 0.0751953 0.0253906 0.00195026
13 0.302734 0.400391 0.132812 0.144531 0.00205994
11 0.555664 0.208008 0.0507812 0.0332031 0.00207329
13 0.685059 0.467285 0.0888672 0.0341797 0.00235558
13 0.305176 0.399902 0.0986328 0.0673828 0.00242996
5 0.698242 0.52832 0.138672 0.199219 0.00252151
8 0.237305 0.592773 0.0332031 0.0273438 0.00299072
8 0.354004 0.606445 0.0185547 0.0175781 0.00304604
9 0.557617 0.260254 0.0253906 0.0224609 0.00326347
9 0.535156 0.320312 0.0605469 0.125 0.00345039
11 0.358887 0.182617 0.108398 0.0273438 0.00388527
11 0.566895 0.197266 0.0751953 0.0488281 0.00397491
8 0.317871 0.359863 0.00878906 0.00683594 0.00398254
8 0.317871 0.59082 0.0107422 0.0078125 0.00503922
2 0.322754 0.604492 0.0322266 0.0253906 0.0053215
2 0.290527 0.375488 0.0888672 0.0595703 0.00725174
13 0.269043 0.368164 0.0791016 0.0644531 0.00893402
8 0.334961 0.37793 0.0214844 0.0175781 0.00898743
8 0.323242 0.603516 0.0351562 0.0292969 0.00915527
13 0.29541 0.355957 0.116211 0.104492 0.0092926
5 0.272461 0.500488 0.164062 0.301758 0.010704
13 0.278809 0.365723 0.0556641 0.0380859 0.015274
8 0.32666 0.605469 0.0224609 0.0195312 0.0321045
8 0.557129 0.259766 0.0263672 0.0214844 0.0390625
13 0.292969 0.380859 0.09375 0.0625 0.110168
