2 0.977539 0.0375977 0.0449219 0.0751953 0.000101566
9 0.215332 0.523926 0.0322266 0.0263672 0.00010246
9 0.720215 0.620605 0.0439453 0.0380859 0.000102937
2 0.97998 0.019043 0.0400391 0.0380859 0.000104308
11 0.84375 0.908691 0.0683594 0.0927734 0.000104964
11 0.69873 0.126465 0.0595703 0.0263672 0.000105083
11 0.756836 0.160156 0.0527344 0.0429688 0.000105798
9 0.634277 0.59668 0.0439453 0.03125 0.000107765
9 0.494141 0.158691 0.0292969 0.0322266 0.000108004
8 0.648926 0.307617 0.0205078 0.0175781 0.000108421
9 0.273438 0.45752 0.21875 0.334961 0.000108719
13 0.307617 0.303711 0.171875 0.130859 0.000108719
7 0.306152 0.328613 0.0205078 0.0166016 0.000109017
13 0.32959 0.326172 0.112305 0.078125 0.000110269
9 0.306152 0.286133 0.0419922 0.0351562 0.00011152
10 0.804688 0.986328 0.146484 0.0273438 0.000111759
11 0.398926 0.11084 0.0771484 0.0185547 0.000112116
11 0.115723 0.851562 0.231445 0.296875 0.000112176
13 0.0649414 0.118652 0.129883 0.0458984 0.000113189
8 0.320312 0.294922 0.0390625 0.0273438 0.00011462
8 0.747559 0.59082 0.0322266 0.0292969 0.000115037
3 0.0932617 0.924805 0.168945 0.148438 0.00011605
9 0.739746 0.562012 0.0185547 0.0166016 0.000118375
8 0.354492 0.00439453 0.00976562 0.00683594 0.000118375
9 0.652832 0.513184 0.0361328 0.0302734 0.000118673
12 0.115723 0.851562 0.231445 0.296875 0.000119388
13 0.982422 0.0639648 0.0351562 0.12793 0.000119448
2 0.296387 0.269043 0.0654297 0.0771484 0.000121295
11 0.656738 0.129883 0.0791016 0.0273438 0.000123024
13 0.305664 0.33252 0.0527344 0.0419922 0.000124097
13 0.821289 0.625977 0.0703125 0.0429688 0.000124574
8 0.291016 0.562012 0.0390625 0.0439453 0.000125647
1 0.0932617 0.924805 0.168945 0.148438 0.000126243
9 0.306152 0.675293 0.313477 0.176758 0.0001266
7 0.78418 0.564941 0.111328 0.108398 0.000127435
8 0.416016 0.23877 0.0410156 0.0361328 0.000130057
2 0.314453 0.299805 0.0429688 0.0429688 0.000130534
2 0.306152 0.328613 0.0205078 0.0166016 0.000130653
8 0.312012 0.326172 0.0263672 0.0195312 0.000130653
13 0.328125 0.425293 0.126953 0.0419922 0.000131607
3 0.097168 0.852539 0.194336 0.257812 0.000133157
13 0.323242 0.28125 0.0859375 0.0605469 0.000133276
8 0.621582 0.46582 0.0302734 0.0214844 0.000136495
8 0.840332 0.592773 0.0166016 0.0214844 0.000139117
11 0.634277 0.102539 0.0498047 0.0136719 0.000140667
11 0.605469 0.112305 0.0976562 0.0410156 0.000143647
8 0.297363 0.330566 0.0615234 0.0478516 0.00014472
10 0.115723 0.851562 0.231445 0.296875 0.000146627
8 0.629883 0.337402 0.0273438 0.0146484 0.000146866
11 0.804688 0.98291 0.167969 0.0341797 0.000147223
8 0.306152 0.286133 0.0419922 0.0351562 0.000148416
8 0.0932617 0.924805 0.168945 0.148438 0.00014925
8 0.399902 0.53125 0.0380859 0.0273438 0.000150204
0 0.0932617 0.924805 0.168945 0.148438 0.000151157
2 0.300293 0.293945 0.0830078 0.0957031 0.000151396
8 0.763184 0.579102 0.0576172 0.0683594 0.000152469
9 0.492676 0.981445 0.188477 0.0351562 0.000153661
9 0.48877 0.104004 0.0283203 0.0283203 0.00015378
11 0.378906 0.137695 0.136719 0.0449219 0.000154018
9 0.109863 0.470215 0.0185547 0.0224609 0.000160575
9 0.509766 0.944336 0.0996094 0.111328 0.000164151
13 0.373047 0.195312 0.0351562 0.0722656 0.00016427
8 0.713379 0.412109 0.0224609 0.015625 0.000165582
7 0.740234 0.560547 0.0195312 0.015625 0.000166416
2 0.439453 0.615234 0.0410156 0.03125 0.000167608
9 0.68457 0.626953 0.105469 0.0449219 0.000168443
9 0.382812 0.789062 0.478516 0.355469 0.000169396
13 0.345703 0.338379 0.0703125 0.0458984 0.000171185
13 0.663086 0.385742 0.134766 0.09375 0.000172019
13 0.739258 0.515137 0.0332031 0.0400391 0.000172377
8 0.84375 0.554688 0.015625 0.0117188 0.000177026
9 0.301758 0.314941 0.0859375 0.0732422 0.000177026
13 0.306152 0.328613 0.0185547 0.0166016 0.000179887
2 0.3125 0.28418 0.0390625 0.0410156 0.00018096
11 0.372559 0.117188 0.0498047 0.0136719 0.000181675
2 0.624023 0.390137 0.0761719 0.0849609 0.000181794
9 0.313965 0.294922 0.0263672 0.0234375 0.000182867
2 0.625488 0.334961 0.0185547 0.015625 0.00018394
9 0.763672 0.588867 0.0449219 0.0371094 0.000184298
8 0.371582 0.215332 0.0107422 0.00878906 0.000187516
11 0.65625 0.10791 0.046875 0.0205078 0.000193238
2 0.712402 0.629395 0.0400391 0.0322266 0.000195146
13 0.68457 0.347656 0.119141 0.0527344 0.000196099
8 0.320312 0.580078 0.0117188 0.0078125 0.000196576
11 0.412598 0.122559 0.0751953 0.0341797 0.000197649
13 0.664062 0.418457 0.0585938 0.0263672 0.00019896
9 0.296387 0.269043 0.0654297 0.0771484 0.000204921
2 0.63623 0.335938 0.0517578 0.03125 0.000207663
11 0.719727 0.131836 0.0546875 0.0292969 0.000207782
13 0.259766 0.304199 0.0703125 0.0302734 0.000211596
3 0.780273 0.0405273 0.439453 0.0810547 0.000212669
9 0.305664 0.329102 0.0195312 0.0175781 0.000214338
13 0.322754 0.430664 0.0712891 0.0273438 0.000214696
9 0.48877 0.961914 0.163086 0.0742188 0.000218749
13 0.716797 0.335449 0.09375 0.0556641 0.000225902
8 0.302246 0.561523 0.0322266 0.03125 0.000228882
11 0.59082 0.128418 0.0683594 0.0517578 0.000231028
8 0.32959 0.564941 0.0322266 0.0322266 0.000233173
13 0.261719 0.303223 0.0429688 0.0224609 0.000235677
9 0.505859 0.833496 0.173828 0.333008 0.000237346
9 0.505371 0.407227 0.149414 0.396484 0.000237584
11 0.0932617 0.924805 0.168945 0.148438 0.000243068
13 0.328613 0.491211 0.0537109 0.046875 0.000246525
8 0.708008 0.408691 0.03125 0.0244141 0.000269175
11 0.346191 0.134766 0.0986328 0.0273438 0.000272274
9 0.48877 0.059082 0.0341797 0.0283203 0.000272274
7 0.763184 0.588379 0.0458984 0.0380859 0.000272989
13 0.811035 0.618652 0.0458984 0.0302734 0.000279665
8 0.305664 0.331543 0.0351562 0.0322266 0.000279903
9 0.712402 0.629395 0.0400391 0.0322266 0.000281572
2 0.0932617 0.924805 0.168945 0.148438 0.000287294
13 0.266113 0.416504 0.0810547 0.0205078 0.000292301
8 0.712402 0.630859 0.0341797 0.0292969 0.000299692
9 0.621094 0.392578 0.0664062 0.078125 0.000300646
13 0.696289 0.0727539 0.0410156 0.0576172 0.000305414
13 0.839355 0.592285 0.0224609 0.0322266 0.000310898
13 0.694336 0.349121 0.148438 0.100586 0.000311852
13 0.275879 0.297852 0.0947266 0.0664062 0.00031352
3 0.211914 0.0390625 0.423828 0.0761719 0.000313997
13 0.276367 0.239746 0.0644531 0.0537109 0.000314474
11 0.767578 0.990234 0.162109 0.0195312 0.00031805
13 0.322754 0.293945 0.0537109 0.0390625 0.000333786
8 0.412109 0.410645 0.0195312 0.0185547 0.000353098
2 0.648438 0.341797 0.0214844 0.0175781 0.000355959
13 0.686035 0.422363 0.0849609 0.0263672 0.000360489
9 0.148926 0.946777 0.00878906 0.00878906 0.000362635
13 0.277344 0.562012 0.03125 0.0654297 0.000367641
10 0.169434 0.708496 0.0478516 0.0751953 0.000370979
11 0.418457 0.137695 0.0654297 0.0449219 0.000394344
8 0.834473 0.495605 0.0166016 0.0126953 0.000396252
11 0.352539 0.144043 0.0488281 0.0244141 0.000400543
11 0.720215 0.621094 0.0380859 0.0351562 0.000403643
8 0.759766 0.557129 0.0410156 0.0341797 0.000414133
11 0.169434 0.708496 0.0478516 0.0751953 0.000424623
8 0.63623 0.59668 0.0361328 0.0292969 0.000428677
13 0.0932617 0.924805 0.168945 0.148438 0.000432491
2 0.312012 0.293945 0.0263672 0.0292969 0.000436544
2 0.432617 0.36084 0.015625 0.0126953 0.000437737
9 0.921387 0.152344 0.0537109 0.0371094 0.000460625
8 0.410156 0.178223 0.0214844 0.0185547 0.000472546
13 0.287598 0.317871 0.0888672 0.0732422 0.00048089
8 0.624512 0.334961 0.0166016 0.0136719 0.000487804
8 0.640137 0.337891 0.0458984 0.0292969 0.000489235
8 0.149902 0.945801 0.00878906 0.00878906 0.000502586
8 0.741211 0.563965 0.0292969 0.0283203 0.000507832
11 0.362793 0.122559 0.0712891 0.0224609 0.0005126
7 0.311523 0.291016 0.0175781 0.015625 0.0005126
8 0.291504 0.209961 0.0205078 0.0195312 0.000544548
8 0.630859 0.303223 0.0117188 0.00878906 0.000548363
8 0.400391 0.562988 0.0292969 0.0283203 0.000552654
8 0.717285 0.414062 0.0126953 0.0117188 0.000557423
13 0.316406 0.311523 0.0605469 0.0585938 0.000557899
8 0.740723 0.507812 0.0380859 0.0351562 0.000562668
13 0.35791 0.349609 0.0693359 0.0292969 0.000567436
13 0.288086 0.25 0.0449219 0.0371094 0.000567913
11 0.633301 0.104492 0.114258 0.0371094 0.000584126
8 0.646973 0.34082 0.0205078 0.0175781 0.000630379
11 0.645508 0.126465 0.123047 0.0400391 0.000673771
9 0.506836 0.92041 0.158203 0.151367 0.000685215
13 0.624023 0.390137 0.0761719 0.0849609 0.000691414
13 0.662109 0.415039 0.111328 0.0351562 0.000733376
11 0.369141 0.125488 0.123047 0.0322266 0.000734329
13 0.290527 0.42041 0.114258 0.0361328 0.000734806
8 0.215332 0.523926 0.0322266 0.0263672 0.00073576
13 0.307129 0.285645 0.0439453 0.0361328 0.000749588
8 0.629883 0.195312 0.0175781 0.0136719 0.000797272
11 0.415039 0.116699 0.0546875 0.0205078 0.000819206
11 0.27832 0.15918 0.0683594 0.0488281 0.00082016
13 0.307129 0.297852 0.0380859 0.0351562 0.000850201
9 0.439453 0.615234 0.0410156 0.03125 0.000853539
8 0.419922 0.558105 0.0195312 0.0205078 0.000963688
8 0.311523 0.289551 0.0292969 0.0224609 0.000984192
8 0.432617 0.36084 0.015625 0.0126953 0.00106049
8 0.763184 0.588379 0.0458984 0.0380859 0.00112247
9 0.257812 0.661133 0.203125 0.115234 0.00127125
13 0.300293 0.293945 0.0830078 0.0957031 0.00129128
11 0.615234 0.135742 0.111328 0.046875 0.00129414
11 0.265137 0.167969 0.0517578 0.0449219 0.00134182
11 0.659668 0.108887 0.0751953 0.0283203 0.0014286
9 0.311035 0.291504 0.0166016 0.0146484 0.00174713
8 0.361328 0.405762 0.0234375 0.0146484 0.00213623
8 0.439453 0.615723 0.0429688 0.0341797 0.00222778
8 0.651367 0.513184 0.03125 0.0263672 0.00234222
11 0.623047 0.0976562 0.09375 0.0175781 0.00247383
11 0.38623 0.119141 0.0927734 0.0175781 0.00254059
13 0.312012 0.291016 0.0244141 0.0195312 0.00339127
13 0.296387 0.269043 0.0654297 0.0771484 0.00362015
11 0.171875 0.708984 0.0371094 0.0449219 0.00434494
10 0.171875 0.708984 0.0371094 0.0449219 0.00448227
11 0.638184 0.103027 0.0830078 0.0205078 0.00480652
2 0.311523 0.291016 0.0175781 0.015625 0.0049324
8 0.305664 0.328613 0.0175781 0.0166016 0.00539017
8 0.740234 0.560547 0.0195312 0.015625 0.00621796
8 0.311035 0.291504 0.0166016 0.0146484 0.0189514
