7 0.83252 0.540039 0.0810547 0.0507812 0.000775337
1 0.849121 0.562012 0.124023 0.202148 0.00078249
4 0.332031 0.382812 0.220703 0.201172 0.000790596
3 0.631836 0.700195 0.535156 0.394531 0.000801563
8 0.845215 0.717285 0.0556641 0.0419922 0.000802994
11 0.898438 0.563477 0.0429688 0.160156 0.000806332
9 0.753418 0.638184 0.307617 0.22168 0.000806332
13 0.731445 0.370117 0.234375 0.242188 0.000809669
10 0.37793 0.459473 0.226562 0.19043 0.000810146
7 0.890625 0.491699 0.0507812 0.25293 0.000812531
2 0.652832 0.353516 0.108398 0.0839844 0.000813007
2 0.874512 0.51709 0.0712891 0.227539 0.000817299
9 0.72168 0.366699 0.0253906 0.0224609 0.000824928
11 0.350098 0.233398 0.114258 0.0722656 0.000835419
10 0.893066 0.494629 0.0908203 0.31543 0.000845909
11 0.80957 0.258301 0.107422 0.0947266 0.000852108
5 0.836914 0.422852 0.132812 0.228516 0.000853539
0 0.79541 0.428711 0.206055 0.291016 0.000854969
9 0.363281 0.370605 0.207031 0.129883 0.000860691
9 0.874512 0.51709 0.0712891 0.227539 0.000862598
12 0.661133 0.353516 0.181641 0.171875 0.000863075
9 0.54834 0.0385742 0.375977 0.0751953 0.000864506
7 0.839355 0.478027 0.0751953 0.18457 0.000865936
1 0.868164 0.589844 0.0800781 0.136719 0.000867844
4 0.849121 0.562012 0.124023 0.202148 0.000869751
7 0.655273 0.353516 0.181641 0.171875 0.000874043
10 0.17334 0.725098 0.0595703 0.0849609 0.000877857
3 0.79541 0.428711 0.206055 0.291016 0.000881672
2 0.315918 0.498047 0.239258 0.195312 0.000883102
11 0.833496 0.586914 0.135742 0.132812 0.000889301
10 0.756836 0.536133 0.275391 0.353516 0.000894547
8 0.843262 0.649414 0.135742 0.193359 0.000895023
8 0.847656 0.47998 0.0644531 0.0732422 0.000895977
7 0.882812 0.616699 0.0625 0.106445 0.000897884
11 0.90625 0.492676 0.0390625 0.237305 0.00090456
4 0.411621 0.495117 0.237305 0.210938 0.000908852
11 0.767578 0.416992 0.269531 0.332031 0.000938416
9 0.433105 0.316895 0.137695 0.198242 0.0009408
13 0.862305 0.63916 0.0996094 0.143555 0.000949383
2 0.851074 0.64502 0.120117 0.178711 0.000952244
10 0.846191 0.541016 0.0830078 0.0742188 0.000954151
1 0.282227 0.524902 0.21875 0.243164 0.000957012
10 0.416992 0.533691 0.292969 0.239258 0.000957966
9 0.848145 0.703613 0.0908203 0.0986328 0.000959396
7 0.336426 0.505371 0.120117 0.129883 0.000968933
4 0.866211 0.621094 0.0898438 0.121094 0.000979424
12 0.315918 0.498047 0.239258 0.195312 0.000980377
13 0.832031 0.419434 0.0644531 0.0341797 0.000982285
7 0.836914 0.536133 0.0410156 0.0195312 0.000982285
7 0.541504 0.0161133 0.254883 0.0302734 0.000985146
9 0.763184 0.396484 0.282227 0.353516 0.00098896
9 0.849121 0.562012 0.124023 0.202148 0.000991821
8 0.316406 0.485352 0.148438 0.117188 0.000997543
11 0.788574 0.98877 0.108398 0.0205078 0.000997543
6 0.791992 0.413574 0.150391 0.145508 0.000999451
9 0.492676 0.222656 0.227539 0.271484 0.00100327
13 0.845215 0.428711 0.106445 0.197266 0.00101471
9 0.413574 0.533691 0.389648 0.331055 0.00102806
9 0.893555 0.491211 0.0429688 0.25 0.00104809
10 0.203613 0.589355 0.110352 0.272461 0.00105667
9 0.867676 0.601562 0.0869141 0.119141 0.0010643
7 0.8125 0.433105 0.128906 0.149414 0.00107193
13 0.35498 0.380859 0.223633 0.199219 0.00110435
10 0.331055 0.382812 0.228516 0.199219 0.00110817
8 0.79541 0.333008 0.0224609 0.0214844 0.00112629
1 0.876953 0.516113 0.0683594 0.22168 0.00113201
9 0.255859 0.530273 0.148438 0.207031 0.00115299
7 0.846191 0.47998 0.0419922 0.0419922 0.00117302
11 0.571289 0.54834 0.583984 0.22168 0.00120163
0 0.63916 0.314941 0.141602 0.100586 0.00121784
12 0.851074 0.64502 0.120117 0.178711 0.00122166
13 0.812988 0.413574 0.0732422 0.0693359 0.00122356
3 0.368164 0.490723 0.279297 0.21582 0.00122452
9 0.552246 0.0161133 0.249023 0.0302734 0.00122929
1 0.37207 0.313965 0.259766 0.227539 0.00123024
6 0.661133 0.353516 0.181641 0.171875 0.00123215
2 0.893555 0.491211 0.0429688 0.25 0.00125122
13 0.348145 0.449219 0.288086 0.287109 0.00126839
7 0.260742 0.454102 0.113281 0.117188 0.00127316
13 0.838379 0.42041 0.0849609 0.0947266 0.00127506
9 0.443848 0.160645 0.147461 0.12207 0.00127792
5 0.660156 0.348145 0.167969 0.161133 0.00128269
7 0.571289 0.54834 0.583984 0.22168 0.00128937
2 0.146973 0.927246 0.0244141 0.0380859 0.00130081
12 0.571289 0.54834 0.583984 0.22168 0.00130463
8 0.571289 0.54834 0.583984 0.22168 0.00131035
7 0.426758 0.501465 0.224609 0.225586 0.00131321
4 0.655273 0.353516 0.181641 0.171875 0.00133324
2 0.182617 0.708496 0.0371094 0.0341797 0.00133991
13 0.879395 0.481934 0.0673828 0.262695 0.00135231
1 0.571289 0.54834 0.583984 0.22168 0.00135612
7 0.367188 0.450195 0.144531 0.125 0.00135708
13 0.571289 0.54834 0.583984 0.22168 0.00136662
2 0.571289 0.54834 0.583984 0.22168 0.00138283
7 0.847656 0.47998 0.0644531 0.0732422 0.00140285
10 0.339844 0.695312 0.404297 0.375 0.00141239
6 0.571289 0.54834 0.583984 0.22168 0.00141621
0 0.672363 0.402344 0.223633 0.253906 0.00142002
4 0.28125 0.521484 0.214844 0.224609 0.00144291
9 0.582031 0.231445 0.150391 0.164062 0.00144386
9 0.905762 0.972656 0.0146484 0.0195312 0.00144482
9 0.501465 0.323242 0.147461 0.244141 0.00144863
9 0.178223 0.71582 0.0537109 0.0761719 0.00145817
7 0.307617 0.457031 0.107422 0.0605469 0.00145912
2 0.672363 0.422363 0.0322266 0.0283203 0.00147057
12 0.350098 0.297852 0.295898 0.238281 0.00148296
7 0.823242 0.650391 0.193359 0.203125 0.00150585
11 0.182617 0.707031 0.0371094 0.0351562 0.00151825
6 0.763184 0.396484 0.282227 0.353516 0.00153446
3 0.527832 0.494629 0.444336 0.225586 0.00156879
4 0.571289 0.54834 0.583984 0.22168 0.00158501
7 0.847656 0.527832 0.0820312 0.0966797 0.00160313
11 0.641602 0.199707 0.0703125 0.0380859 0.00160408
6 0.839355 0.396484 0.112305 0.166016 0.00161266
2 0.706543 0.324707 0.0419922 0.0380859 0.00162601
1 0.655762 0.338867 0.176758 0.146484 0.00162697
12 0.796387 0.447754 0.204102 0.313477 0.00163555
6 0.331055 0.382812 0.228516 0.199219 0.00164604
7 0.516602 0.269531 0.125 0.226562 0.00166321
9 0.584473 0.438965 0.446289 0.416992 0.00170994
2 0.79541 0.428711 0.206055 0.291016 0.00171375
13 0.821777 0.541016 0.0712891 0.03125 0.00171852
8 0.37207 0.313965 0.259766 0.227539 0.00172901
11 0.765137 0.229492 0.108398 0.0761719 0.0017643
13 0.851562 0.529785 0.105469 0.211914 0.00176907
11 0.831055 0.645996 0.150391 0.186523 0.00178623
13 0.850098 0.530762 0.0849609 0.106445 0.001791
10 0.455566 0.277344 0.120117 0.183594 0.00179195
1 0.348145 0.449219 0.288086 0.287109 0.0018177
11 0.662109 0.185547 0.107422 0.0351562 0.0018301
7 0.407715 0.228027 0.219727 0.196289 0.00184631
6 0.306152 0.483398 0.172852 0.117188 0.00184631
13 0.308594 0.400879 0.0761719 0.0439453 0.00185108
11 0.286133 0.473145 0.205078 0.166992 0.00186157
0 0.571289 0.54834 0.583984 0.22168 0.00188065
7 0.276367 0.420898 0.173828 0.216797 0.00188732
7 0.776367 0.418945 0.287109 0.365234 0.00190449
7 0.626465 0.225586 0.0947266 0.107422 0.00191498
10 0.849121 0.599121 0.0888672 0.100586 0.00192928
1 0.45166 0.277832 0.114258 0.18457 0.00193501
11 0.365234 0.225098 0.181641 0.108398 0.00194168
3 0.62793 0.62793 0.451172 0.203125 0.00194645
4 0.843262 0.649414 0.135742 0.193359 0.00197029
7 0.443848 0.185059 0.149414 0.163086 0.00200081
11 0.871094 0.535156 0.0742188 0.150391 0.00201225
10 0.655273 0.353516 0.181641 0.171875 0.00201416
13 0.811523 0.40918 0.0507812 0.0332031 0.0020504
2 0.680176 0.334473 0.0498047 0.0634766 0.00205612
11 0.214355 0.549805 0.104492 0.275391 0.00208282
11 0.821289 0.458008 0.154297 0.287109 0.00210953
10 0.892578 0.623047 0.0429688 0.0878906 0.00210953
9 0.733887 0.991699 0.0224609 0.0146484 0.00211143
8 0.672363 0.422363 0.0322266 0.0283203 0.00217438
9 0.571289 0.350098 0.320312 0.233398 0.00220871
13 0.813965 0.412598 0.118164 0.143555 0.00226212
11 0.893555 0.476074 0.0351562 0.15918 0.00230408
2 0.327148 0.566406 0.335938 0.353516 0.00230598
7 0.181152 0.708496 0.0361328 0.0361328 0.00232506
8 0.789062 0.466309 0.0195312 0.0185547 0.00234604
11 0.368164 0.490723 0.279297 0.21582 0.00236893
5 0.571289 0.54834 0.583984 0.22168 0.00240135
11 0.680176 0.221191 0.176758 0.0947266 0.00244331
5 0.327637 0.424805 0.25293 0.246094 0.00244522
6 0.350586 0.442383 0.306641 0.337891 0.00248528
9 0.147949 0.936523 0.0146484 0.0195312 0.00257874
2 0.720703 0.366699 0.03125 0.0283203 0.00263023
8 0.738281 0.368652 0.03125 0.0205078 0.00265694
10 0.293945 0.601074 0.248047 0.180664 0.00266075
2 0.70166 0.325684 0.0634766 0.0634766 0.00279427
8 0.456543 0.28418 0.118164 0.183594 0.0028019
11 0.655762 0.338867 0.176758 0.146484 0.00287056
10 0.367676 0.315918 0.272461 0.241211 0.00292778
13 0.317871 0.398438 0.12793 0.0585938 0.00295067
8 0.782715 0.414062 0.0244141 0.0214844 0.00296021
9 0.661133 0.353516 0.181641 0.171875 0.00300026
8 0.660156 0.348145 0.167969 0.161133 0.00304604
1 0.799316 0.445801 0.196289 0.305664 0.00306702
1 0.862305 0.63916 0.0996094 0.143555 0.00310326
10 0.5 0.592285 0.646484 0.293945 0.00313759
7 0.841309 0.415527 0.124023 0.227539 0.00318146
9 0.614258 0.226562 0.101562 0.109375 0.00327301
8 0.84668 0.478027 0.0449219 0.0458984 0.00339317
5 0.327148 0.566406 0.335938 0.353516 0.00345421
6 0.45166 0.287109 0.112305 0.171875 0.00345612
8 0.808105 0.490723 0.0263672 0.0244141 0.00346184
7 0.87207 0.570312 0.0761719 0.125 0.0035038
12 0.327148 0.566406 0.335938 0.353516 0.00350952
10 0.306641 0.483398 0.173828 0.119141 0.00351334
0 0.328125 0.576172 0.332031 0.347656 0.00351715
11 0.888184 0.585938 0.0478516 0.0996094 0.00351906
7 0.397949 0.416992 0.274414 0.435547 0.00352097
10 0.853516 0.515137 0.0996094 0.204102 0.00352478
7 0.255371 0.491699 0.151367 0.182617 0.00353432
11 0.354492 0.303711 0.271484 0.240234 0.00361633
6 0.287109 0.512695 0.222656 0.224609 0.0036602
7 0.867188 0.506348 0.0820312 0.198242 0.00372314
11 0.444824 0.150879 0.141602 0.0986328 0.00377083
1 0.336914 0.484863 0.205078 0.168945 0.00379753
10 0.890137 0.511719 0.0517578 0.216797 0.00380898
13 0.356445 0.304688 0.263672 0.238281 0.00387192
4 0.299805 0.483887 0.150391 0.114258 0.00400925
7 0.344727 0.387695 0.195312 0.0957031 0.00411224
8 0.327148 0.566406 0.335938 0.353516 0.00411606
9 0.348145 0.449219 0.288086 0.287109 0.00416565
0 0.679199 0.340332 0.0947266 0.116211 0.00418854
8 0.72168 0.366699 0.0253906 0.0224609 0.00422287
11 0.520996 0.019043 0.305664 0.0361328 0.00430298
13 0.439941 0.273438 0.139648 0.185547 0.00439835
9 0.571289 0.54834 0.583984 0.22168 0.00442886
10 0.253418 0.470703 0.135742 0.175781 0.00445175
9 0.369141 0.313965 0.259766 0.229492 0.00469208
11 0.895508 0.441895 0.0449219 0.290039 0.00473404
3 0.311523 0.577637 0.300781 0.342773 0.00485611
13 0.325684 0.472656 0.223633 0.162109 0.00487137
13 0.34375 0.387207 0.1875 0.0947266 0.00495911
3 0.604492 0.443359 0.464844 0.382812 0.00504684
10 0.280273 0.543457 0.199219 0.172852 0.00504684
6 0.34375 0.387207 0.1875 0.0947266 0.00508881
4 0.45166 0.287109 0.112305 0.171875 0.00519562
8 0.749023 0.368652 0.0234375 0.0224609 0.00524902
9 0.526367 0.178711 0.128906 0.191406 0.0052681
13 0.65918 0.340332 0.166016 0.145508 0.00535583
13 0.836914 0.539062 0.0703125 0.0507812 0.00559998
9 0.146484 0.92627 0.0292969 0.0439453 0.00575256
4 0.348145 0.449219 0.288086 0.287109 0.00576401
9 0.336914 0.484863 0.205078 0.168945 0.00618362
0 0.602051 0.349121 0.313477 0.200195 0.00629044
9 0.305176 0.563477 0.276367 0.324219 0.00640869
3 0.661133 0.353516 0.181641 0.171875 0.00658035
9 0.811035 0.450684 0.166992 0.270508 0.00672913
13 0.327148 0.566406 0.335938 0.353516 0.00675201
8 0.182129 0.70752 0.0380859 0.0341797 0.0067749
7 0.849121 0.562012 0.124023 0.202148 0.00679398
8 0.338379 0.484375 0.225586 0.175781 0.00696945
1 0.327148 0.563965 0.335938 0.352539 0.00698853
8 0.820312 0.442383 0.175781 0.292969 0.00707245
11 0.29541 0.560059 0.262695 0.327148 0.0071373
11 0.859375 0.498535 0.113281 0.297852 0.00737381
9 0.845215 0.71875 0.0556641 0.0429688 0.00783539
11 0.643555 0.20752 0.09375 0.0634766 0.00790405
4 0.37207 0.313965 0.259766 0.227539 0.00836182
10 0.227539 0.509277 0.107422 0.18457 0.0087204
11 0.450195 0.246582 0.128906 0.241211 0.00957489
2 0.679688 0.334961 0.0820312 0.0996094 0.00976562
5 0.345703 0.374512 0.201172 0.120117 0.00984955
9 0.875 0.382324 0.0410156 0.0302734 0.0100098
8 0.733887 0.991699 0.0224609 0.0146484 0.0100555
7 0.331055 0.382812 0.228516 0.199219 0.0104675
10 0.807617 0.63623 0.210938 0.219727 0.011261
9 0.851074 0.64502 0.120117 0.178711 0.0114899
11 0.321777 0.246094 0.100586 0.0878906 0.0117874
11 0.683105 0.202637 0.15332 0.0439453 0.0121536
11 0.375977 0.213379 0.261719 0.172852 0.0122681
11 0.882812 0.616699 0.0625 0.106445 0.0129852
11 0.213867 0.487305 0.0800781 0.166016 0.0130081
6 0.327148 0.566406 0.335938 0.353516 0.0136185
9 0.54834 0.288574 0.174805 0.241211 0.0136185
10 0.885742 0.595703 0.0566406 0.109375 0.0137177
7 0.281738 0.581055 0.24707 0.328125 0.0138168
11 0.790527 0.241699 0.0654297 0.0634766 0.0142975
10 0.86377 0.658691 0.104492 0.170898 0.0160828
10 0.832031 0.55957 0.164062 0.203125 0.0162659
7 0.305176 0.475098 0.163086 0.104492 0.0163269
9 0.182129 0.708496 0.0361328 0.0341797 0.0165405
7 0.854492 0.621094 0.111328 0.138672 0.0167999
6 0.363281 0.318359 0.255859 0.228516 0.0169067
6 0.347656 0.46875 0.230469 0.177734 0.0182953
11 0.626465 0.225586 0.0947266 0.107422 0.0184326
11 0.422363 0.193359 0.174805 0.103516 0.0184784
11 0.869141 0.590332 0.078125 0.118164 0.0200958
4 0.327148 0.563965 0.335938 0.352539 0.0203705
10 0.812988 0.467773 0.196289 0.34375 0.0209503
13 0.79834 0.428223 0.194336 0.280273 0.0233307
4 0.809082 0.463379 0.170898 0.270508 0.0265503
2 0.660645 0.347168 0.165039 0.15918 0.0267792
10 0.245605 0.558105 0.163086 0.291992 0.0269928
11 0.864746 0.638672 0.0947266 0.140625 0.0271759
5 0.354492 0.335449 0.275391 0.264648 0.0274048
9 0.466797 0.27002 0.125 0.192383 0.0280914
11 0.888184 0.51416 0.0537109 0.219727 0.032196
13 0.835938 0.538086 0.0429688 0.0175781 0.0330505
10 0.87207 0.567383 0.0722656 0.150391 0.0355835
10 0.874023 0.624512 0.0742188 0.110352 0.0361328
11 0.446289 0.183105 0.121094 0.0419922 0.0374451
3 0.500977 0.591797 0.65625 0.320312 0.0378418
7 0.45166 0.287109 0.112305 0.171875 0.0414124
4 0.336914 0.484863 0.205078 0.168945 0.0474548
5 0.800293 0.416504 0.209961 0.334961 0.0476685
10 0.331055 0.506348 0.236328 0.204102 0.0585632
9 0.540039 0.249023 0.0996094 0.205078 0.0623169
10 0.374023 0.436523 0.294922 0.330078 0.0669556
7 0.37207 0.313965 0.259766 0.227539 0.0734863
7 0.34082 0.499512 0.296875 0.264648 0.100647
6 0.811035 0.450684 0.165039 0.270508 0.104675
7 0.808594 0.463867 0.169922 0.271484 0.1604
10 0.852051 0.605957 0.118164 0.172852 0.161743
7 0.336914 0.484863 0.205078 0.168945 0.233521
10 0.325195 0.576172 0.332031 0.351562 0.432129
3 0.590332 0.557617 0.518555 0.193359 0.478027
0 0.660156 0.349609 0.164062 0.15625 0.715332
