9 0.39209 0.306641 0.00878906 0.0117188 0.000100732
13 0.362305 0.237793 0.0429688 0.0517578 0.000101209
10 0.899414 0.672363 0.0546875 0.0654297 0.000104785
8 0.343262 0.386719 0.0146484 0.0117188 0.000104904
2 0.394043 0.379395 0.0302734 0.0341797 0.000105083
2 0.449219 0.445801 0.0214844 0.0263672 0.000105262
13 0.657227 0.23584 0.0429688 0.0341797 0.000105619
7 0.501465 0.927734 0.141602 0.138672 0.000108838
9 0.656738 0.23584 0.0400391 0.0361328 0.000108957
9 0.228516 0.629395 0.324219 0.116211 0.000109076
9 0.497559 0.92627 0.168945 0.143555 0.000110149
11 0.299316 0.133301 0.0498047 0.0244141 0.000110328
11 0.771484 0.160645 0.236328 0.106445 0.000111699
9 0.350098 0.562988 0.118164 0.151367 0.000112236
0 0.338379 0.818848 0.520508 0.297852 0.000112951
11 0.372559 0.112305 0.104492 0.0195312 0.000113845
13 0.104004 0.531738 0.0380859 0.0341797 0.000115633
2 0.395508 0.383301 0.0214844 0.0205078 0.000117183
9 0.195312 0.118652 0.03125 0.0224609 0.000118673
13 0.0996094 0.524902 0.0253906 0.0205078 0.000120997
9 0.261719 0.416992 0.378906 0.421875 0.000121295
10 0.271484 0.962891 0.308594 0.0742188 0.000124097
2 0.39209 0.306641 0.00878906 0.0117188 0.000124931
11 0.343262 0.57959 0.0478516 0.0927734 0.000125647
3 0.129883 0.171387 0.259766 0.342773 0.0001266
2 0.374023 0.398926 0.0644531 0.0673828 0.0001266
9 0.605469 0.249512 0.0292969 0.0224609 0.0001266
13 0.125488 0.57373 0.0322266 0.0244141 0.000128388
9 0.947754 0.11084 0.102539 0.213867 0.000128627
7 0.343262 0.580078 0.0478516 0.09375 0.000129461
9 0.00439453 0.494141 0.00878906 0.0332031 0.0001297
13 0.00976562 0.132324 0.0195312 0.0302734 0.000131488
13 0.263672 0.174805 0.0839844 0.0234375 0.000135183
5 0.246094 0.459961 0.289062 0.320312 0.000135303
13 0.272461 0.431641 0.0898438 0.0234375 0.00013566
2 0.216797 0.168945 0.0742188 0.0546875 0.000139117
3 0.614746 0.805664 0.538086 0.388672 0.000140309
9 0.841309 0.819824 0.317383 0.333008 0.000141621
9 0.614746 0.805664 0.538086 0.388672 0.000141859
8 0.325195 0.46582 0.00976562 0.00976562 0.000142574
11 0.623047 0.112793 0.0898438 0.0166016 0.000142694
9 0.015625 0.458008 0.0292969 0.09375 0.00014782
11 0.313965 0.12793 0.0751953 0.0273438 0.000152588
13 0.799316 0.562012 0.0654297 0.0283203 0.000152946
8 0.703125 0.42334 0.0371094 0.0166016 0.000153065
10 0.914062 0.70166 0.171875 0.219727 0.000154734
0 0.078125 0.828613 0.15625 0.31543 0.000154853
10 0.315918 0.862305 0.448242 0.275391 0.000154853
8 0.720215 0.443848 0.0146484 0.0126953 0.000158906
9 0.453125 0.512207 0.0253906 0.0283203 0.000160217
13 0.964844 0.0795898 0.0703125 0.15918 0.000163198
8 0.199219 0.115723 0.0195312 0.0146484 0.000164509
8 0.358887 0.554688 0.0576172 0.0839844 0.000164866
13 0.625 0.50293 0.0429688 0.0722656 0.000166774
9 0.896484 0.137695 0.207031 0.275391 0.000168681
8 0.449707 0.447754 0.0224609 0.0224609 0.00016892
13 0.216797 0.168945 0.0742188 0.0546875 0.000169277
9 0.291992 0.00537109 0.03125 0.00878906 0.000169873
8 0.390137 0.350586 0.0224609 0.015625 0.000170827
1 0.353027 0.566895 0.0537109 0.0791016 0.000172138
8 0.851074 0.609863 0.0205078 0.0166016 0.000175357
13 0.17334 0.452148 0.0732422 0.03125 0.000178218
11 0.567871 0.144531 0.0517578 0.046875 0.000180125
13 0.365234 0.20752 0.0625 0.116211 0.000180602
6 0.361816 0.540039 0.0751953 0.0917969 0.000183821
9 0.632324 0.525879 0.0419922 0.104492 0.0001899
8 0.270508 0.381348 0.0117188 0.00878906 0.000191808
8 0.67041 0.421875 0.0400391 0.0273438 0.000192046
3 0.413574 0.966797 0.364258 0.0625 0.000192165
9 0.338379 0.818848 0.520508 0.297852 0.000194192
13 0.25293 0.154785 0.134766 0.0693359 0.000195265
2 0.389648 0.350586 0.0175781 0.0136719 0.000196934
2 0.444824 0.319336 0.0361328 0.0390625 0.000196934
13 0.0205078 0.126465 0.0410156 0.0458984 0.000208378
11 0.359375 0.118164 0.171875 0.0371094 0.000211835
8 0.244629 0.442871 0.0126953 0.0107422 0.00021255
8 0.717773 0.393555 0.00976562 0.0078125 0.000213742
7 0.628906 0.487793 0.03125 0.0205078 0.000213981
13 0.412109 0.505371 0.0585938 0.0205078 0.000224113
11 0.270996 0.143066 0.0693359 0.0439453 0.000225067
8 0.262695 0.462891 0.0175781 0.015625 0.000230551
9 0.451172 0.381836 0.0234375 0.0273438 0.000235915
13 0.345703 0.557129 0.046875 0.0498047 0.000244379
3 0.815918 0.043457 0.368164 0.0830078 0.00024724
2 0.629395 0.489746 0.0322266 0.0224609 0.00024724
8 0.729004 0.427246 0.0322266 0.0263672 0.000248194
5 0.349121 0.563477 0.0654297 0.0996094 0.000250578
8 0.349121 0.366211 0.0146484 0.0117188 0.000261307
9 0.38623 0.407227 0.106445 0.144531 0.000267506
9 0.339355 0.577637 0.0654297 0.0849609 0.000270605
8 0.295898 0.282715 0.0136719 0.0126953 0.000273705
2 0.409668 0.352051 0.0205078 0.0146484 0.000277758
3 0.775879 0.0756836 0.448242 0.151367 0.000284195
8 0.739258 0.419434 0.0117188 0.0107422 0.000290155
9 0.62793 0.487793 0.0332031 0.0205078 0.000294685
13 0.812988 0.556152 0.0595703 0.0302734 0.000302315
11 0.253906 0.145996 0.273438 0.0908203 0.000306129
11 0.629883 0.119141 0.103516 0.0214844 0.000310183
13 0.325195 0.425781 0.0800781 0.0234375 0.000324488
8 0.605469 0.248535 0.0292969 0.0224609 0.000344992
8 0.73584 0.421875 0.0205078 0.015625 0.000347853
2 0.384766 0.400391 0.0917969 0.115234 0.000350237
11 0.788574 0.17041 0.0869141 0.0615234 0.000375271
2 0.37207 0.404297 0.0429688 0.0410156 0.000381708
8 0.450195 0.381836 0.0195312 0.0253906 0.000383854
13 0.408203 0.438477 0.0683594 0.0390625 0.000387669
8 0.23291 0.205566 0.0341797 0.0263672 0.000391245
2 0.34082 0.567871 0.0644531 0.0849609 0.000394106
11 0.685059 0.126953 0.118164 0.03125 0.000400543
11 0.356445 0.556152 0.0507812 0.0712891 0.000404119
5 0.796875 0.492676 0.195312 0.30957 0.000404358
7 0.356445 0.556152 0.0507812 0.0712891 0.000407457
11 0.0800781 0.667969 0.0351562 0.046875 0.000435591
13 0.401367 0.511719 0.0625 0.0292969 0.000442505
8 0.387207 0.349121 0.0126953 0.0107422 0.000445366
13 0.383789 0.408203 0.113281 0.140625 0.000466347
13 0.628906 0.487793 0.03125 0.0205078 0.0004704
2 0.605469 0.249512 0.0292969 0.0224609 0.000500679
8 0.175293 0.408691 0.0146484 0.0146484 0.00050211
13 0.328125 0.555664 0.09375 0.078125 0.00050354
10 0.0800781 0.667969 0.0351562 0.046875 0.00051403
13 0.34375 0.56543 0.15625 0.113281 0.000540733
2 0.450195 0.381836 0.0195312 0.0253906 0.000552177
8 0.541016 0.970703 0.0644531 0.0507812 0.000561237
11 0.578613 0.134766 0.0556641 0.0351562 0.000570774
9 0.279297 0.966309 0.123047 0.0615234 0.000602722
11 0.417969 0.128906 0.0644531 0.0429688 0.000609875
8 0.451172 0.513184 0.0253906 0.0263672 0.000611782
8 0.705078 0.424316 0.0175781 0.0146484 0.000628471
11 0.293945 0.137207 0.113281 0.0615234 0.000659943
8 0.410645 0.352539 0.0185547 0.0136719 0.00072813
9 0.356445 0.55957 0.0625 0.0898438 0.000769138
8 0.656738 0.23584 0.0419922 0.0361328 0.000769615
11 0.803711 0.180664 0.0546875 0.0410156 0.000836372
3 0.227051 0.0737305 0.454102 0.141602 0.000867367
13 0.391602 0.52002 0.0722656 0.0537109 0.000903606
6 0.349121 0.563477 0.0654297 0.0996094 0.000981331
11 0.378418 0.119141 0.0673828 0.0175781 0.00100803
10 0.078125 0.675781 0.0234375 0.0292969 0.00108337
9 0.48584 0.479492 0.143555 0.398438 0.00109386
13 0.632324 0.525879 0.0419922 0.104492 0.00117016
11 0.605469 0.124023 0.0800781 0.0292969 0.00125599
11 0.078125 0.675293 0.0234375 0.0302734 0.00133801
13 0.344727 0.559082 0.0898438 0.168945 0.00138187
2 0.358887 0.554688 0.0576172 0.0839844 0.00146389
11 0.200195 0.178223 0.0566406 0.0439453 0.00147343
8 0.39209 0.306641 0.00878906 0.0117188 0.00148773
11 0.89209 0.685059 0.0302734 0.0400391 0.00153637
10 0.89209 0.685059 0.0302734 0.0400391 0.00154209
8 0.349609 0.487793 0.03125 0.0244141 0.00156212
11 0.761719 0.15332 0.111328 0.0761719 0.00215149
13 0.361816 0.540039 0.0986328 0.09375 0.0025692
11 0.400879 0.122559 0.0732422 0.0244141 0.00267601
8 0.287598 0.539062 0.0166016 0.0117188 0.00273323
8 0.628906 0.487793 0.03125 0.0205078 0.00306129
11 0.727539 0.131348 0.0585938 0.0341797 0.00317955
11 0.35791 0.120117 0.125977 0.0214844 0.00383568
3 0.571289 0.579102 0.384766 0.115234 0.00432205
0 0.55127 0.311523 0.0888672 0.0742188 0.00490189
11 0.215332 0.169434 0.0712891 0.0517578 0.00609207
11 0.330566 0.12793 0.157227 0.0332031 0.00952148
13 0.368164 0.54248 0.0507812 0.0712891 0.00991821
11 0.255371 0.151855 0.133789 0.0693359 0.01548
13 0.339355 0.577637 0.0654297 0.0849609 0.0198975
11 0.741699 0.138672 0.0654297 0.0390625 0.0218506
11 0.286621 0.132324 0.0751953 0.0361328 0.0383301
13 0.356445 0.55957 0.0625 0.0898438 0.103943
