13 0.00976562 0.333496 0.0175781 0.202148 0.00015533
2 0.0195312 0.298828 0.0390625 0.238281 0.000155449
9 0.180176 0.594238 0.0556641 0.0224609 0.000155687
8 0.659668 0.169922 0.0283203 0.03125 0.00015676
11 0.097168 0.695801 0.0576172 0.104492 0.000157714
8 0.192871 0.432617 0.0283203 0.0214844 0.00015986
9 0.174316 0.472168 0.106445 0.213867 0.000160217
11 0.0117188 0.303223 0.0234375 0.178711 0.000160933
11 0.910645 0.992676 0.0341797 0.0126953 0.000162005
9 0.892578 0.994141 0.0253906 0.0117188 0.00016427
9 0.731445 0.557617 0.197266 0.244141 0.000164628
10 0.791016 0.97168 0.296875 0.0546875 0.000164747
8 0.272949 0.503906 0.0126953 0.0117188 0.000165939
11 0.00976562 0.198242 0.0195312 0.0527344 0.000166416
11 0.373047 0.110352 0.0605469 0.0175781 0.000167012
7 0.650879 0.129395 0.0205078 0.0185547 0.000167727
9 0.253906 0.991211 0.0820312 0.0175781 0.000168562
10 0.908691 0.983398 0.0458984 0.0332031 0.000169277
9 0.993164 0.341309 0.0117188 0.0751953 0.000170112
7 0.177246 0.492188 0.100586 0.0898438 0.000170469
11 0.644043 0.121582 0.0498047 0.0302734 0.000173688
13 0.0771484 0.106445 0.154297 0.208984 0.000173807
9 0.200684 0.496582 0.0771484 0.0576172 0.000174165
11 0.253906 0.991211 0.0820312 0.0175781 0.000175476
9 0.106445 0.665039 0.0585938 0.101562 0.000176072
1 0.980957 0.297852 0.0380859 0.265625 0.000176191
11 0.695312 0.111328 0.0742188 0.0234375 0.00017643
9 0.974609 0.415527 0.0507812 0.407227 0.000177264
11 0.395508 0.150879 0.03125 0.0224609 0.000177741
11 0.145508 0.993652 0.0351562 0.0126953 0.00017786
11 0.622559 0.110352 0.0478516 0.0214844 0.000179529
10 0.86377 0.98877 0.112305 0.0205078 0.000180483
11 0.166504 0.629883 0.141602 0.0957031 0.00018096
13 0.0185547 0.321777 0.0371094 0.211914 0.000181675
9 0.266602 0.989258 0.164062 0.0214844 0.000182509
10 0.176758 0.65625 0.208984 0.201172 0.000183702
7 0.140137 0.650879 0.114258 0.145508 0.00018394
7 0.147949 0.981445 0.145508 0.0371094 0.00018394
10 0.0805664 0.991211 0.0419922 0.0175781 0.000184059
13 0.188477 0.59082 0.0371094 0.0253906 0.00018537
9 0.220703 0.416504 0.0117188 0.0107422 0.00018537
11 0.0810547 0.959961 0.0644531 0.0800781 0.000185728
12 0.978516 0.29834 0.0429688 0.262695 0.000186563
9 0.211914 0.994141 0.0742188 0.0117188 0.000189781
9 0.462402 0.24707 0.120117 0.28125 0.000192046
8 0.0234375 0.114746 0.0449219 0.0361328 0.000192523
13 0.57666 0.34375 0.118164 0.115234 0.000192523
12 0.57666 0.34375 0.118164 0.115234 0.000192523
13 0.650879 0.129395 0.0205078 0.0185547 0.000193357
9 0.98584 0.250977 0.0263672 0.183594 0.000193357
13 0.114258 0.637207 0.0488281 0.0830078 0.000194788
8 0.435059 0.352539 0.0537109 0.0488281 0.000196576
9 0.437988 0.329102 0.0986328 0.191406 0.000198126
10 0.10498 0.994141 0.0595703 0.0117188 0.000198603
7 0.57666 0.34375 0.118164 0.115234 0.000198722
1 0.57666 0.34375 0.118164 0.115234 0.000200272
11 0.434082 0.208008 0.0341797 0.0351562 0.000203133
4 0.216797 0.956543 0.3125 0.0869141 0.000208139
0 0.592773 0.322754 0.0800781 0.0693359 0.000210285
8 0.318359 0.531738 0.0136719 0.0126953 0.000210285
9 0.650879 0.12793 0.0205078 0.015625 0.000211
5 0.20166 0.451172 0.180664 0.314453 0.000215054
11 0.664062 0.146484 0.09375 0.0566406 0.00022161
3 0.527832 0.966797 0.553711 0.0664062 0.000224113
10 0.097168 0.695801 0.0576172 0.104492 0.000224113
13 0.220703 0.980469 0.253906 0.0390625 0.000225186
8 0.982422 0.338379 0.0351562 0.245117 0.000225902
8 0.99707 0.583008 0.00585938 0.0195312 0.000226259
11 0.714844 0.10791 0.115234 0.0517578 0.000226378
5 0.17627 0.523438 0.0986328 0.134766 0.000226855
9 0.989746 0.240723 0.0205078 0.112305 0.000227451
7 0.31543 0.96582 0.361328 0.0683594 0.000229716
10 0.111816 0.596191 0.0478516 0.124023 0.000230789
7 0.13623 0.616211 0.0751953 0.0761719 0.000230789
11 0.150391 0.597168 0.0664062 0.0244141 0.000231862
13 0.188477 0.498535 0.0507812 0.0244141 0.000233531
7 0.195312 0.989258 0.134766 0.0214844 0.000236988
7 0.685059 0.427734 0.0439453 0.0351562 0.000237346
11 0.154297 0.605469 0.0898438 0.0546875 0.000239372
1 0.112793 0.642578 0.0498047 0.0820312 0.000240326
13 0.989746 0.372559 0.0205078 0.209961 0.00024116
11 0.110352 0.991211 0.0761719 0.0175781 0.000241756
9 0.435059 0.352539 0.0537109 0.0488281 0.000243068
13 0.247559 0.960449 0.348633 0.0791016 0.000244141
11 0.974609 0.38916 0.0507812 0.356445 0.000244617
10 0.166504 0.629883 0.141602 0.0957031 0.000245094
1 0.216797 0.956543 0.3125 0.0869141 0.000249624
5 0.57666 0.34375 0.118164 0.115234 0.000255108
9 0.194824 0.991211 0.0751953 0.0175781 0.0002563
11 0.986328 0.352051 0.0273438 0.135742 0.000264406
13 0.206543 0.989258 0.137695 0.0214844 0.000264883
11 0.57666 0.34375 0.118164 0.115234 0.000267267
12 0.247559 0.960449 0.348633 0.0791016 0.000267267
8 0.993164 0.359863 0.0136719 0.0576172 0.000270367
9 0.20166 0.435059 0.165039 0.313477 0.000272512
7 0.166016 0.590332 0.0625 0.0283203 0.000275135
9 0.643555 0.0605469 0.0175781 0.0117188 0.000276089
9 0.262695 0.818359 0.375 0.355469 0.000280142
11 0.158691 0.991211 0.0615234 0.0175781 0.000281096
8 0.805664 0.443359 0.0292969 0.0214844 0.000284433
13 0.147949 0.596191 0.0498047 0.0205078 0.000285149
13 0.199707 0.480957 0.0576172 0.0439453 0.000287771
11 0.188965 0.991211 0.0712891 0.0175781 0.000291109
11 0.251953 0.942871 0.365234 0.114258 0.00029397
2 0.853516 0.137207 0.0644531 0.0458984 0.000295401
8 0.644531 0.0610352 0.0136719 0.0107422 0.000295877
7 0.37793 0.576172 0.150391 0.195312 0.0003016
11 0.0776367 0.989746 0.0478516 0.0205078 0.000302076
8 0.188965 0.436035 0.0166016 0.0146484 0.000302792
6 0.168945 0.527344 0.0898438 0.140625 0.000304699
8 0.394043 0.149414 0.0224609 0.0175781 0.000304937
9 0.143555 0.612305 0.09375 0.0761719 0.000309467
8 0.57666 0.34375 0.118164 0.115234 0.000309944
7 0.0185547 0.321777 0.0371094 0.211914 0.000310421
13 0.135742 0.602051 0.0683594 0.0673828 0.000310898
7 0.230957 0.297852 0.0439453 0.0410156 0.000314951
11 0.416016 0.100586 0.0742188 0.0234375 0.000317097
8 0.398438 0.23877 0.0117188 0.00878906 0.00031805
2 0.978516 0.29834 0.0429688 0.262695 0.000319004
7 0.856445 0.486816 0.0488281 0.0400391 0.000320196
9 0.147461 0.989258 0.0917969 0.0214844 0.000320673
10 0.183594 0.989258 0.128906 0.0214844 0.000326157
7 0.180176 0.491211 0.0771484 0.0371094 0.000328779
10 0.291992 0.905762 0.347656 0.18457 0.000329494
10 0.231445 0.971191 0.234375 0.0576172 0.000336885
10 0.140137 0.991699 0.0595703 0.0166016 0.000339746
13 0.923828 0.0830078 0.150391 0.154297 0.0003407
11 0.422363 0.134766 0.0830078 0.0703125 0.0003438
9 0.140137 0.650879 0.114258 0.145508 0.000348568
11 0.279785 0.979492 0.297852 0.0410156 0.000352621
13 0.802246 0.0732422 0.395508 0.144531 0.00035429
7 0.25293 0.915527 0.373047 0.168945 0.000356197
11 0.650391 0.127441 0.0332031 0.0205078 0.000360727
9 0.150879 0.994629 0.0400391 0.0107422 0.000361443
2 0.57666 0.34375 0.118164 0.115234 0.000363588
11 0.243164 0.98877 0.171875 0.0224609 0.000363827
13 0.980957 0.297852 0.0380859 0.265625 0.000369072
11 0.66748 0.128906 0.208008 0.0957031 0.000373363
13 0.331543 0.260742 0.0419922 0.0527344 0.000373363
11 0.101074 0.657227 0.0419922 0.0644531 0.000375271
1 0.204102 0.495117 0.0527344 0.03125 0.000375509
9 0.895996 0.994629 0.0146484 0.00878906 0.000377893
11 0.98584 0.160645 0.0283203 0.100586 0.000378847
13 0.0234375 0.114746 0.0449219 0.0361328 0.000379324
9 0.196289 0.983398 0.205078 0.0332031 0.00038147
10 0.57666 0.34375 0.118164 0.115234 0.000382662
2 0.365723 0.0712891 0.0166016 0.0136719 0.000383615
11 0.240723 0.171387 0.0732422 0.0576172 0.000397444
9 0.180176 0.491211 0.0771484 0.0371094 0.000397921
2 0.685547 0.42627 0.0449219 0.0341797 0.000399113
13 0.0126953 0.352051 0.0253906 0.368164 0.000399828
11 0.651855 0.130371 0.0205078 0.0166016 0.000405073
9 0.695801 0.471191 0.0517578 0.0419922 0.000406504
11 0.990234 0.157715 0.0175781 0.0693359 0.000409603
7 0.984863 0.350098 0.0283203 0.235352 0.00041151
11 0.634766 0.126465 0.111328 0.0595703 0.000416994
2 0.202148 0.496094 0.0605469 0.0332031 0.000422239
9 0.685547 0.42627 0.0449219 0.0341797 0.000423431
8 0.895996 0.995605 0.0166016 0.00878906 0.000426769
9 0.230469 0.29834 0.0410156 0.0419922 0.000430107
7 0.220703 0.980469 0.253906 0.0390625 0.000436544
13 0.219727 0.512695 0.0625 0.0527344 0.000439644
11 0.789062 0.0864258 0.371094 0.141602 0.000442982
9 0.85791 0.488281 0.0498047 0.0449219 0.000443459
9 0.291016 0.964844 0.361328 0.0703125 0.00044632
10 0.262695 0.818359 0.375 0.355469 0.000461817
11 0.136719 0.93457 0.164062 0.130859 0.000468016
9 0.994141 0.369141 0.0117188 0.078125 0.0004704
9 0.145996 0.992676 0.0595703 0.0146484 0.000477791
9 0.0200195 0.277344 0.0400391 0.242188 0.000478506
8 0.812988 0.442383 0.0166016 0.0136719 0.000478745
9 0.161133 0.601074 0.0800781 0.0400391 0.000488043
9 0.516602 0.375 0.234375 0.1875 0.000489235
11 0.32959 0.121582 0.102539 0.0439453 0.000490189
9 0.118164 0.632812 0.0566406 0.0859375 0.000493526
7 0.172852 0.486328 0.107422 0.21875 0.000494957
9 0.131348 0.963379 0.147461 0.0732422 0.000501156
13 0.854492 0.137695 0.0625 0.046875 0.000502586
3 0.521484 0.369629 0.234375 0.155273 0.000511646
9 0.98584 0.325684 0.0263672 0.182617 0.000517368
9 0.994141 0.116211 0.0117188 0.0332031 0.000533104
9 0.206543 0.989258 0.137695 0.0214844 0.000535011
11 0.13623 0.98877 0.100586 0.0224609 0.000535965
0 0.575684 0.341797 0.188477 0.158203 0.000538826
7 0.43457 0.208496 0.0371094 0.0380859 0.000555038
13 0.177734 0.522461 0.109375 0.136719 0.00056076
7 0.131348 0.963379 0.147461 0.0732422 0.000562191
11 0.111816 0.596191 0.0478516 0.124023 0.000580311
6 0.204102 0.495117 0.0527344 0.03125 0.000585556
9 0.537598 0.445801 0.272461 0.442383 0.000589848
10 0.91748 0.712891 0.0419922 0.078125 0.000594616
7 0.118164 0.632812 0.0566406 0.0859375 0.000612259
11 0.761719 0.134277 0.0917969 0.0615234 0.00062561
8 0.334473 0.389648 0.0146484 0.0136719 0.000636578
10 0.136719 0.92627 0.164062 0.147461 0.000650883
11 0.183594 0.989258 0.128906 0.0214844 0.000669479
8 0.744629 0.455566 0.0166016 0.0146484 0.000672817
13 0.226074 0.498535 0.0986328 0.0380859 0.000686169
9 0.19873 0.671875 0.249023 0.15625 0.000707626
11 0.0195312 0.298828 0.0390625 0.238281 0.00070858
13 0.227051 0.522949 0.0908203 0.0888672 0.000727177
7 0.990234 0.355957 0.0195312 0.110352 0.000749111
11 0.090332 0.980469 0.0693359 0.0390625 0.000751019
11 0.172852 0.979004 0.191406 0.0419922 0.000792503
11 0.405273 0.106934 0.0683594 0.0185547 0.000809669
11 0.918457 0.714844 0.0400391 0.078125 0.000812054
3 0.57666 0.34375 0.118164 0.115234 0.000813961
11 0.00537109 0.17627 0.0107422 0.0341797 0.000820637
10 0.0810547 0.983398 0.0566406 0.0332031 0.000823021
13 0.177246 0.586914 0.0615234 0.0351562 0.00082922
8 0.695801 0.471191 0.0517578 0.0419922 0.00082922
8 0.990234 0.354004 0.0195312 0.15918 0.00082922
11 0.600098 0.14209 0.0849609 0.0888672 0.000833988
0 0.970703 0.837891 0.0585938 0.136719 0.000870705
13 0.182617 0.490723 0.0527344 0.0185547 0.000873089
9 0.375 0.56543 0.148438 0.193359 0.000882149
11 0.394531 0.121582 0.125 0.0576172 0.000884533
3 0.556641 0.524902 0.505859 0.350586 0.000897884
9 0.436035 0.269531 0.0751953 0.189453 0.000921249
9 0.43457 0.208496 0.0371094 0.0380859 0.000926495
9 0.164551 0.59082 0.0556641 0.0253906 0.000927448
8 0.230957 0.297852 0.0439453 0.0410156 0.000935078
9 0.57666 0.34375 0.118164 0.115234 0.000939369
11 0.0244141 0.182129 0.0488281 0.114258 0.000939846
9 0.217773 0.942383 0.326172 0.115234 0.000956535
7 0.978516 0.29834 0.0429688 0.262695 0.000975609
10 0.100098 0.988281 0.0712891 0.0234375 0.000983238
9 0.204102 0.495117 0.0527344 0.03125 0.00100231
11 0.628906 0.109863 0.0820312 0.0283203 0.00100231
11 0.369141 0.119629 0.123047 0.0322266 0.00100708
11 0.204102 0.495117 0.0527344 0.03125 0.00102139
9 0.168945 0.527344 0.0898438 0.140625 0.00104141
10 0.13623 0.98877 0.100586 0.0224609 0.00105
10 0.0932617 0.95166 0.0869141 0.0947266 0.00107574
13 0.203125 0.488281 0.0878906 0.119141 0.00109005
7 0.204102 0.495117 0.0527344 0.03125 0.001091
8 0.857422 0.485352 0.0449219 0.0390625 0.0011301
11 0.112305 0.962402 0.111328 0.0751953 0.00114822
7 0.436035 0.269531 0.0751953 0.189453 0.00118256
11 0.980957 0.297852 0.0380859 0.265625 0.00124645
11 0.652344 0.124512 0.126953 0.0322266 0.00141239
11 0.729492 0.128418 0.142578 0.0810547 0.00144196
7 0.569336 0.600586 0.519531 0.167969 0.0014534
10 0.172852 0.979004 0.191406 0.0419922 0.00145817
11 0.164551 0.59082 0.0556641 0.0253906 0.00151634
12 0.569336 0.600586 0.519531 0.167969 0.0015583
3 0.574707 0.665039 0.52832 0.173828 0.00160313
7 0.216797 0.956543 0.3125 0.0869141 0.00161934
11 0.130859 0.647949 0.0878906 0.116211 0.00163555
10 0.130371 0.65625 0.102539 0.146484 0.00164986
11 0.569336 0.600586 0.519531 0.167969 0.00165844
13 0.182129 0.491211 0.0888672 0.0800781 0.00168037
9 0.990234 0.355957 0.0195312 0.110352 0.00169945
8 0.650391 0.128906 0.0175781 0.015625 0.00175953
1 0.569336 0.600586 0.519531 0.167969 0.00179291
9 0.366211 0.0708008 0.0136719 0.0107422 0.00183296
8 0.569336 0.600586 0.519531 0.167969 0.00186539
13 0.569336 0.600586 0.519531 0.167969 0.00187969
6 0.569336 0.600586 0.519531 0.167969 0.001894
2 0.569336 0.600586 0.519531 0.167969 0.001894
11 0.178711 0.959961 0.232422 0.0800781 0.00191784
11 0.717773 0.111328 0.0800781 0.0332031 0.00198936
13 0.149414 0.600098 0.0800781 0.0400391 0.00214386
4 0.569336 0.600586 0.519531 0.167969 0.00217056
8 0.366211 0.0708008 0.0136719 0.0107422 0.00218391
7 0.16748 0.53418 0.0849609 0.125 0.00221634
10 0.112793 0.980469 0.102539 0.0390625 0.00231934
8 0.220703 0.416504 0.0117188 0.0107422 0.00232697
11 0.655762 0.105957 0.139648 0.0302734 0.00236702
10 0.130859 0.62207 0.0761719 0.0898438 0.00245094
5 0.569336 0.600586 0.519531 0.167969 0.00246811
11 0.416992 0.115723 0.0742188 0.0341797 0.00266838
11 0.109375 0.665527 0.0703125 0.106445 0.00269318
11 0.00976562 0.176758 0.0195312 0.0449219 0.00279999
8 0.435059 0.208008 0.0380859 0.0390625 0.00296211
11 0.350098 0.113281 0.0654297 0.0292969 0.00307083
0 0.568359 0.598633 0.521484 0.167969 0.00320244
10 0.569336 0.600586 0.519531 0.167969 0.00321388
9 0.569336 0.600586 0.519531 0.167969 0.00352669
9 0.978516 0.29834 0.0429688 0.262695 0.00398254
8 0.686035 0.427734 0.0439453 0.0332031 0.0039978
10 0.106445 0.665039 0.0585938 0.101562 0.00533676
13 0.214355 0.501953 0.0498047 0.0273438 0.00603867
11 0.0166016 0.185059 0.0332031 0.0751953 0.00662613
11 0.125977 0.62207 0.0644531 0.0859375 0.00699615
13 0.180176 0.493164 0.0810547 0.0332031 0.0074501
13 0.204102 0.501465 0.0722656 0.0576172 0.00858307
11 0.610352 0.116699 0.0839844 0.0419922 0.0100784
13 0.162109 0.592285 0.0644531 0.0224609 0.012291
10 0.131348 0.963379 0.147461 0.0732422 0.0132294
0 0.521484 0.369629 0.234375 0.155273 0.0172272
10 0.217773 0.942383 0.326172 0.115234 0.0193329
11 0.387695 0.111816 0.115234 0.0263672 0.0193481
11 0.736816 0.123047 0.0927734 0.0527344 0.0222931
11 0.672363 0.115234 0.182617 0.0371094 0.0235596
10 0.114258 0.637207 0.0488281 0.0830078 0.0334167
11 0.112793 0.642578 0.0498047 0.0820312 0.0464478
13 0.204102 0.495117 0.0527344 0.03125 0.164429
0 0.57666 0.34082 0.116211 0.109375 0.177856
3 0.569824 0.602051 0.524414 0.15918 0.769043
