0 0.554688 0.37207 0.105469 0.123047 0.00010246
0 0.685547 0.0107422 0.148438 0.0214844 0.000102937
8 0.718262 0.297852 0.0185547 0.0175781 0.000103891
8 0.252441 0.262207 0.0146484 0.0126953 0.000105202
9 0.899902 0.239258 0.0654297 0.0625 0.000105798
9 0.0200195 0.662598 0.0361328 0.202148 0.000106692
9 0.899414 0.477051 0.201172 0.577148 0.000108361
0 0.236328 0.893555 0.324219 0.177734 0.000110447
13 0.272461 0.361816 0.0957031 0.0615234 0.000111043
1 0.352539 0.182617 0.160156 0.0488281 0.000111997
1 0.59375 0.250488 0.0722656 0.125977 0.000113487
9 0.508301 0.508301 0.137695 0.209961 0.000114322
13 0.387207 0.318359 0.0693359 0.140625 0.00011903
11 0.739258 0.211426 0.0625 0.0498047 0.00011909
1 0.70166 0.214844 0.178711 0.0820312 0.000119627
9 0.883789 0.0786133 0.216797 0.151367 0.000121415
11 0.570312 0.404297 0.101562 0.111328 0.000123262
9 0.972656 0.326172 0.0546875 0.291016 0.000123858
3 0.64209 0.926758 0.71582 0.146484 0.000128746
0 0.695801 0.0200195 0.194336 0.0400391 0.00012958
9 0.601562 0.245605 0.0683594 0.120117 0.000130296
9 0.430176 0.557617 0.0537109 0.0683594 0.000132084
11 0.635254 0.195801 0.0732422 0.0302734 0.000135541
8 0.0634766 0.588379 0.00976562 0.00878906 0.000135899
9 0.602539 0.563477 0.419922 0.373047 0.000136018
9 0.583984 0.11377 0.328125 0.219727 0.000136971
13 0.370117 0.488281 0.0683594 0.0917969 0.000138402
13 0.692871 0.241211 0.180664 0.119141 0.000143766
5 0.0981445 0.0483398 0.196289 0.0966797 0.000143886
2 0.681152 0.331543 0.102539 0.157227 0.000146627
9 0.0581055 0.493652 0.116211 0.52832 0.000148654
11 0.408691 0.186035 0.0556641 0.0361328 0.000150204
5 0.882324 0.0507812 0.225586 0.101562 0.000153184
9 0.641113 0.0561523 0.223633 0.108398 0.000154495
9 0.0136719 0.716309 0.0253906 0.0986328 0.000154734
13 0.59668 0.245605 0.0722656 0.118164 0.000155807
9 0.454102 0.178223 0.0683594 0.0947266 0.000159383
2 0.92627 0.398926 0.0498047 0.0439453 0.000164032
13 0.694824 0.324707 0.219727 0.219727 0.000165105
9 0.0102539 0.765625 0.0185547 0.078125 0.000165343
10 0.59375 0.250488 0.0722656 0.125977 0.000166297
9 0.488281 0.0625 0.376953 0.115234 0.000166297
9 0.837891 0.5625 0.140625 0.328125 0.000171542
8 0.334961 0.117188 0.015625 0.015625 0.0001719
2 0.570801 0.404785 0.100586 0.112305 0.000178576
3 0.0317383 0.654785 0.0634766 0.237305 0.00017941
3 0.622559 0.678223 0.233398 0.137695 0.000185847
9 0.273926 0.842285 0.405273 0.249023 0.000190139
9 0.150879 0.242188 0.0810547 0.119141 0.000190854
11 0.447754 0.227051 0.0947266 0.15918 0.000191927
10 0.91748 0.756836 0.0439453 0.0742188 0.000192642
8 0.313965 0.597168 0.0263672 0.0205078 0.000193834
11 0.312988 0.195312 0.12793 0.0820312 0.000194073
11 0.32666 0.169922 0.116211 0.046875 0.000195742
11 0.91748 0.756836 0.0439453 0.0742188 0.00019598
7 0.821289 0.522949 0.179688 0.40918 0.000197887
5 0.830078 0.544434 0.152344 0.358398 0.000200391
11 0.299316 0.188965 0.0712891 0.0537109 0.000207901
9 0.507324 0.32959 0.120117 0.299805 0.000208378
3 0.570312 0.404297 0.101562 0.111328 0.000211835
11 0.709961 0.20166 0.0605469 0.0341797 0.000212789
9 0.681152 0.331543 0.102539 0.157227 0.000212789
13 0.692871 0.361816 0.110352 0.161133 0.000213146
9 0.273438 0.108887 0.546875 0.217773 0.000213981
9 0.374023 0.606445 0.0917969 0.113281 0.000232816
11 0.598633 0.258789 0.046875 0.0625 0.000241399
9 0.958496 0.0864258 0.0830078 0.168945 0.000246286
8 0.215332 0.400879 0.0166016 0.0146484 0.000249863
11 0.612793 0.259766 0.118164 0.171875 0.00026083
9 0.468262 0.158691 0.186523 0.286133 0.000261545
7 0.844727 0.614258 0.117188 0.236328 0.000263214
11 0.37793 0.178711 0.0761719 0.0292969 0.000269413
3 0.624512 0.567383 0.448242 0.373047 0.000274897
9 0.539062 0.081543 0.134766 0.15918 0.000276089
9 0.956543 0.499023 0.0869141 0.546875 0.000277042
11 0.705078 0.233398 0.164062 0.126953 0.000282049
9 0.688965 0.615234 0.0146484 0.0136719 0.000282049
0 0.683105 0.0415039 0.200195 0.0830078 0.000282764
13 0.661133 0.381348 0.0722656 0.151367 0.000313997
8 0.690918 0.566406 0.0126953 0.00976562 0.000318766
2 0.688965 0.615234 0.0146484 0.0136719 0.000320911
9 0.00976562 0.754395 0.015625 0.0263672 0.000323534
11 0.441406 0.207031 0.0761719 0.0625 0.000326157
7 0.59375 0.250488 0.0722656 0.125977 0.000342369
11 0.681641 0.187988 0.117188 0.0224609 0.0003438
9 0.0981445 0.12207 0.196289 0.230469 0.000354052
13 0.403809 0.269043 0.0693359 0.141602 0.000355959
9 0.524414 0.415527 0.191406 0.202148 0.000356197
9 0.933105 0.394531 0.0751953 0.103516 0.000360489
13 0.69043 0.311035 0.0585938 0.108398 0.000361919
11 0.583984 0.277832 0.0722656 0.141602 0.000362158
9 0.603027 0.148926 0.0439453 0.0361328 0.00036335
3 0.273438 0.108887 0.546875 0.217773 0.000380278
13 0.691406 0.297852 0.0390625 0.0605469 0.000395536
9 0.75293 0.494141 0.335938 0.53125 0.000403643
11 0.385742 0.202148 0.173828 0.0976562 0.000418186
5 0.921875 0.0844727 0.154297 0.161133 0.00041914
13 0.257812 0.358398 0.0898438 0.0351562 0.000420332
8 0.427246 0.555664 0.0419922 0.0429688 0.000426769
9 0.00976562 0.741211 0.0195312 0.046875 0.000448227
13 0.748535 0.323242 0.0673828 0.121094 0.000474453
9 0.573242 0.408203 0.0996094 0.119141 0.000482082
9 0.504883 0.650879 0.197266 0.358398 0.000498295
11 0.672363 0.193848 0.0712891 0.0185547 0.000502586
5 0.0786133 0.0913086 0.157227 0.180664 0.000502586
9 0.936523 0.356445 0.126953 0.322266 0.000506401
8 0.302246 0.551758 0.0126953 0.00976562 0.000558853
11 0.644043 0.229492 0.143555 0.109375 0.00055933
11 0.422363 0.214844 0.0947266 0.0957031 0.000605106
7 0.374023 0.606445 0.0917969 0.113281 0.000607491
3 0.632324 0.714844 0.446289 0.126953 0.000633717
0 0.532227 0.433105 0.175781 0.192383 0.000704288
8 0.643555 0.586426 0.015625 0.0126953 0.000724316
8 0.925781 0.397949 0.0507812 0.0419922 0.000739098
8 0.689453 0.61377 0.0234375 0.0185547 0.000752926
11 0.366699 0.171387 0.0712891 0.0185547 0.000795364
11 0.758301 0.224609 0.0673828 0.0683594 0.00082159
9 0.470215 0.183594 0.0810547 0.208984 0.0008564
7 0.621582 0.654297 0.44043 0.164062 0.000960827
12 0.621582 0.654297 0.44043 0.164062 0.00105476
11 0.621582 0.654297 0.44043 0.164062 0.00111389
1 0.621582 0.654297 0.44043 0.164062 0.00112724
13 0.718262 0.32666 0.124023 0.155273 0.00114822
6 0.621582 0.654297 0.44043 0.164062 0.00117683
13 0.621582 0.654297 0.44043 0.164062 0.00119972
5 0.765625 0.499512 0.302734 0.495117 0.00123405
8 0.621582 0.654297 0.44043 0.164062 0.00125217
2 0.621582 0.654297 0.44043 0.164062 0.00127697
4 0.621582 0.654297 0.44043 0.164062 0.00133228
11 0.625488 0.208008 0.0595703 0.0449219 0.00139523
11 0.62207 0.223145 0.0722656 0.0869141 0.00172997
11 0.688477 0.205566 0.167969 0.0615234 0.00197411
5 0.621582 0.654297 0.44043 0.164062 0.00200462
0 0.621582 0.654297 0.44043 0.164062 0.00210953
10 0.621582 0.654297 0.44043 0.164062 0.00216675
0 0.51709 0.474609 0.196289 0.390625 0.00228119
11 0.696289 0.193359 0.0722656 0.0234375 0.00231552
11 0.419922 0.195801 0.0742188 0.0498047 0.00274658
9 0.621582 0.654297 0.44043 0.164062 0.00289917
11 0.397461 0.1875 0.0957031 0.046875 0.00328445
8 0.688965 0.615234 0.0146484 0.0136719 0.00372696
9 0.925781 0.397949 0.0507812 0.0419922 0.00436401
13 0.67334 0.339844 0.0634766 0.144531 0.00595093
11 0.319336 0.181152 0.078125 0.0439453 0.00856781
11 0.672363 0.198242 0.12793 0.0292969 0.0089798
11 0.59668 0.245605 0.0722656 0.118164 0.00982666
11 0.359375 0.171875 0.121094 0.0253906 0.0113678
11 0.705566 0.200684 0.114258 0.0400391 0.0133743
9 0.505371 0.523438 0.166992 0.408203 0.0136032
11 0.734375 0.213867 0.103516 0.0683594 0.0147629
11 0.352539 0.182617 0.160156 0.0488281 0.0229492
0 0.570312 0.404297 0.101562 0.111328 0.104187
3 0.62207 0.658691 0.439453 0.168945 0.725586
