9 0.205566 0.387207 0.0771484 0.0419922 0.000101388
2 0.655273 0.635742 0.0332031 0.046875 0.000101447
0 0.958496 0.922852 0.0830078 0.154297 0.00010258
9 0.614746 0.712891 0.00878906 0.0078125 0.000104547
9 0.844238 0.352051 0.0224609 0.0205078 0.000105739
3 0.0917969 0.888184 0.183594 0.223633 0.000106215
8 0.615723 0.421875 0.0400391 0.0332031 0.00010699
8 0.681641 0.575684 0.015625 0.0107422 0.00010711
10 0.0961914 0.911133 0.192383 0.177734 0.000108123
11 0.726074 0.209961 0.21582 0.142578 0.000108182
13 0.637207 0.657227 0.0927734 0.171875 0.000109136
11 0.656738 0.199707 0.186523 0.114258 0.000111699
12 0.364258 0.162598 0.105469 0.0263672 0.000113487
9 0.908691 0.92627 0.182617 0.147461 0.000114739
13 0.228027 0.386719 0.104492 0.0507812 0.000114739
9 0.852051 0.0351562 0.295898 0.0703125 0.000116527
8 0.648438 0.567871 0.03125 0.0244141 0.000116885
9 0.0581055 0.919922 0.116211 0.15625 0.000118732
8 0.739258 0.574219 0.0488281 0.0292969 0.000120699
8 0.356445 0.417969 0.0175781 0.0136719 0.000121295
13 0.378906 0.543457 0.105469 0.202148 0.000121653
9 0.874023 0.129883 0.0625 0.0449219 0.000122011
13 0.36084 0.557617 0.0458984 0.0585938 0.000123024
2 0.423828 0.682129 0.0214844 0.0146484 0.000123858
11 0.412109 0.164062 0.0546875 0.0234375 0.000125051
13 0.844238 0.352051 0.0224609 0.0205078 0.000127316
9 0.268555 0.317383 0.302734 0.326172 0.000127912
11 0.331543 0.158203 0.12207 0.0351562 0.000128269
8 0.539062 0.38916 0.0253906 0.0283203 0.000128388
2 0.265625 0.61377 0.0117188 0.0126953 0.000128508
13 0.39502 0.48584 0.0869141 0.0693359 0.000128627
11 0.499023 0.145508 0.0566406 0.0234375 0.000128984
9 0.539062 0.388184 0.0273438 0.0302734 0.000130773
2 0.937988 0.167969 0.0361328 0.0566406 0.00013113
2 0.539062 0.390137 0.0273438 0.0302734 0.000131488
13 0.375977 0.50293 0.0371094 0.015625 0.000132203
9 0.652832 0.661621 0.0400391 0.0615234 0.000133753
11 0.402832 0.239258 0.139648 0.1875 0.000133991
9 0.477539 0.909668 0.197266 0.165039 0.000137925
8 0.0541992 0.927246 0.108398 0.12793 0.000138283
2 0.0541992 0.927246 0.108398 0.12793 0.000138283
9 0.270508 0.855469 0.408203 0.236328 0.000138998
11 0.722168 0.154785 0.104492 0.0458984 0.000139236
3 0.0693359 0.936523 0.138672 0.126953 0.000139356
13 0.40625 0.501953 0.0488281 0.0214844 0.000140905
13 0.426758 0.242188 0.115234 0.191406 0.000143409
8 0.615234 0.712891 0.0136719 0.0136719 0.000143766
10 0.0976562 0.867188 0.0253906 0.0429688 0.000144601
11 0.367676 0.195801 0.176758 0.106445 0.000145197
13 0.660645 0.260254 0.145508 0.176758 0.000145197
13 0.836914 0.355957 0.0449219 0.0322266 0.000145435
11 0.262695 0.188477 0.0644531 0.046875 0.000145793
5 0.731445 0.508789 0.332031 0.761719 0.000146508
11 0.0986328 0.87207 0.0273438 0.0429688 0.000148177
9 0.508789 0.171387 0.03125 0.0341797 0.000150442
2 0.364258 0.162598 0.105469 0.0263672 0.000154495
8 0.264648 0.61377 0.0273438 0.0185547 0.00015521
8 0.65332 0.656738 0.0332031 0.0458984 0.000158787
9 0.106445 0.152832 0.0722656 0.0458984 0.000160098
8 0.352539 0.651367 0.015625 0.0136719 0.000163913
9 0.426758 0.901855 0.0527344 0.0478516 0.000167608
11 0.37207 0.154297 0.0507812 0.0136719 0.000169635
7 0.757324 0.571289 0.0458984 0.0273438 0.000172019
13 0.428223 0.668457 0.0458984 0.0458984 0.000177383
13 0.37793 0.358887 0.0410156 0.0517578 0.000180721
9 0.644531 0.674805 0.0644531 0.09375 0.000183105
9 0.364258 0.162598 0.105469 0.0263672 0.000188351
13 0.655273 0.635254 0.0332031 0.0517578 0.000190377
11 0.342773 0.164062 0.0488281 0.0136719 0.000193596
9 0.665039 0.646484 0.0234375 0.0175781 0.000194669
13 0.179199 0.385254 0.0517578 0.0263672 0.000198722
13 0.662109 0.641602 0.015625 0.0195312 0.000199437
13 0.239746 0.227051 0.0166016 0.0322266 0.000202179
13 0.363281 0.267578 0.0800781 0.15625 0.000203252
11 0.677734 0.15918 0.0683594 0.0214844 0.000208378
8 0.657227 0.638184 0.0351562 0.0380859 0.000210285
11 0.35791 0.17627 0.0712891 0.0341797 0.000211358
2 0.759766 0.569824 0.046875 0.0322266 0.000213861
9 0.499023 0.394043 0.242188 0.47168 0.000214815
13 0.573242 0.512207 0.0527344 0.0224609 0.000216722
13 0.665039 0.646484 0.0234375 0.0175781 0.000219822
8 0.318848 0.347168 0.0341797 0.0185547 0.000222087
2 0.245117 0.59668 0.0292969 0.0214844 0.000222087
13 0.364258 0.162598 0.105469 0.0263672 0.000225425
11 0.422363 0.182129 0.0615234 0.0478516 0.000228286
0 0.0654297 0.927734 0.130859 0.144531 0.00023222
7 0.746094 0.57373 0.0234375 0.0244141 0.000240803
12 0.282715 0.491211 0.366211 0.546875 0.000240922
7 0.244629 0.595703 0.0224609 0.0195312 0.000241876
13 0.660645 0.645996 0.0224609 0.0341797 0.000244856
1 0.364258 0.162598 0.105469 0.0263672 0.000246525
11 0.612305 0.181641 0.115234 0.0839844 0.000248432
0 0.532715 0.348145 0.149414 0.15332 0.000249624
11 0.352539 0.158691 0.0566406 0.0185547 0.000251532
7 0.368652 0.161133 0.0966797 0.0253906 0.000253439
2 0.663574 0.644043 0.0361328 0.0380859 0.000258684
3 0.552734 0.327148 0.103516 0.0898438 0.00026226
13 0.350098 0.567383 0.0361328 0.0488281 0.00026679
8 0.602051 0.615723 0.0107422 0.0107422 0.000269651
0 0.665039 0.645996 0.0117188 0.0107422 0.000278473
11 0.383789 0.157227 0.0488281 0.0117188 0.000278473
9 0.274902 0.466797 0.338867 0.675781 0.000285625
9 0.552734 0.327148 0.103516 0.0898438 0.000286818
9 0.367676 0.830566 0.194336 0.235352 0.000288248
2 0.839844 0.348145 0.0117188 0.0107422 0.000291109
2 0.746094 0.57373 0.0234375 0.0244141 0.000295401
11 0.103516 0.85498 0.0390625 0.0615234 0.000296831
11 0.579102 0.19043 0.0742188 0.0722656 0.000301838
8 0.631836 0.623535 0.0175781 0.0166016 0.00030756
3 0.24707 0.0654297 0.462891 0.123047 0.000313044
2 0.644531 0.674805 0.0644531 0.09375 0.000320435
13 0.373535 0.539062 0.0771484 0.0996094 0.000327587
13 0.840332 0.347656 0.0107422 0.00976562 0.000339508
10 0.103516 0.85498 0.0390625 0.0576172 0.000346422
11 0.371094 0.162598 0.0507812 0.0166016 0.000352621
9 0.470703 0.304199 0.152344 0.344727 0.000367403
13 0.819824 0.364746 0.0771484 0.0458984 0.000367403
10 0.0581055 0.919922 0.116211 0.15625 0.000368834
13 0.407227 0.499512 0.078125 0.0322266 0.00038147
13 0.662598 0.247559 0.0322266 0.0478516 0.000388622
13 0.244141 0.275879 0.0507812 0.0869141 0.000391245
9 0.757324 0.571289 0.0458984 0.0273438 0.000407219
11 0.666016 0.149414 0.113281 0.0273438 0.000410557
9 0.746094 0.57373 0.0234375 0.0244141 0.000421762
13 0.652344 0.652832 0.046875 0.0927734 0.000425339
9 0.484375 0.659668 0.152344 0.40332 0.000430346
8 0.242188 0.569336 0.00976562 0.0078125 0.000447512
9 0.728027 0.264648 0.272461 0.236328 0.000457287
9 0.254883 0.791016 0.347656 0.152344 0.00046277
11 0.436523 0.212891 0.0820312 0.164062 0.000464439
13 0.662598 0.407715 0.0595703 0.0341797 0.0004704
9 0.245117 0.59668 0.0292969 0.0214844 0.000472784
8 0.662598 0.649414 0.0341797 0.0371094 0.000475168
11 0.331055 0.16748 0.0605469 0.0185547 0.000488758
11 0.306641 0.172852 0.0859375 0.03125 0.000499249
2 0.652832 0.661621 0.0400391 0.0615234 0.000502586
13 0.802246 0.374512 0.0791016 0.0419922 0.000516415
11 0.316406 0.177246 0.144531 0.0517578 0.000525951
10 0.875 0.851074 0.0410156 0.0517578 0.000584126
13 0.746094 0.57373 0.0234375 0.0244141 0.000602245
11 0.875 0.85498 0.0449219 0.0693359 0.00060606
0 0.0541992 0.927246 0.108398 0.12793 0.000609875
13 0.243164 0.25293 0.0371094 0.0546875 0.000615597
3 0.0507812 0.92627 0.0917969 0.131836 0.000629425
12 0.72998 0.478027 0.317383 0.731445 0.000642776
8 0.643555 0.562988 0.0195312 0.0224609 0.000645161
7 0.441895 0.228516 0.0751953 0.177734 0.000704288
11 0.689453 0.172852 0.193359 0.0800781 0.000713348
7 0.665527 0.645996 0.0126953 0.0107422 0.000737667
11 0.583008 0.181152 0.0527344 0.0458984 0.000794411
11 0.625 0.161621 0.0585938 0.0205078 0.000798225
11 0.394531 0.183594 0.132812 0.0625 0.000801563
13 0.657227 0.656738 0.0332031 0.0439453 0.000807762
8 0.662109 0.641602 0.015625 0.0195312 0.00082159
8 0.24707 0.59375 0.0351562 0.0292969 0.000828266
8 0.352539 0.651855 0.00976562 0.00878906 0.000867844
9 0.839844 0.348145 0.0117188 0.0107422 0.000889301
13 0.665039 0.645508 0.0136719 0.0117188 0.000955105
11 0.647461 0.165527 0.126953 0.0517578 0.000958443
9 0.72998 0.478027 0.317383 0.731445 0.000986099
13 0.758301 0.571777 0.0458984 0.0263672 0.00100994
8 0.614746 0.712891 0.00878906 0.0078125 0.00101376
2 0.665527 0.645996 0.0224609 0.0205078 0.00105476
11 0.37207 0.151855 0.0957031 0.0263672 0.00106907
8 0.265625 0.61377 0.0117188 0.0126953 0.00113583
11 0.696777 0.156738 0.0810547 0.0283203 0.00113773
8 0.36084 0.620117 0.0283203 0.0234375 0.00116062
12 0.71582 0.260254 0.300781 0.235352 0.00120831
13 0.200195 0.387207 0.0839844 0.0380859 0.00130081
11 0.64502 0.158203 0.0615234 0.0175781 0.0014143
9 0.426758 0.869141 0.230469 0.253906 0.0014143
9 0.665527 0.645996 0.0126953 0.0107422 0.00213051
9 0.441895 0.241699 0.0751953 0.196289 0.00226021
11 0.601074 0.173828 0.0830078 0.046875 0.00252724
8 0.665039 0.646484 0.0234375 0.0175781 0.00269127
11 0.660156 0.154297 0.0683594 0.015625 0.00281525
8 0.840332 0.347656 0.0107422 0.00976562 0.00293922
9 0.494629 0.498047 0.155273 0.501953 0.00314331
8 0.757324 0.571289 0.0458984 0.0273438 0.00317001
11 0.731934 0.172363 0.0849609 0.0498047 0.00362587
11 0.682129 0.161133 0.139648 0.0351562 0.00393295
11 0.393555 0.168945 0.111328 0.03125 0.00415802
9 0.472656 0.798828 0.15625 0.400391 0.00481796
11 0.362793 0.168457 0.12793 0.0498047 0.00507736
13 0.640137 0.67627 0.0673828 0.0908203 0.00510406
11 0.358887 0.165527 0.0576172 0.0166016 0.00539398
8 0.746094 0.57373 0.0234375 0.0244141 0.00565338
11 0.624023 0.162598 0.0976562 0.0302734 0.00625229
8 0.244141 0.596191 0.0234375 0.0185547 0.00789642
2 0.665527 0.645996 0.0126953 0.0107422 0.00821686
11 0.382812 0.15918 0.0957031 0.0195312 0.00905609
11 0.334961 0.168945 0.103516 0.0292969 0.0124817
11 0.650391 0.157227 0.0996094 0.0253906 0.01651
11 0.71582 0.163574 0.0683594 0.0361328 0.0226593
0 0.553223 0.321289 0.104492 0.0820312 0.0428772
8 0.665527 0.645996 0.0126953 0.0107422 0.0492859
11 0.361328 0.163574 0.105469 0.0263672 0.104309
