12 0.570312 0.364258 0.0878906 0.0800781 0.000100195
9 0.42041 0.205566 0.0556641 0.0166016 0.000100255
8 0.383301 0.566406 0.0361328 0.0253906 0.000100851
11 0.641602 0.223145 0.185547 0.0869141 0.000103712
9 0.525879 0.404785 0.188477 0.202148 0.000104189
11 0.536133 0.367188 0.160156 0.105469 0.000104487
13 0.411621 0.461426 0.0576172 0.0205078 0.000105083
8 0.299805 0.575195 0.00976562 0.00976562 0.000105202
9 0.0517578 0.0771484 0.103516 0.150391 0.000105381
9 0.588867 0.49707 0.341797 0.431641 0.000106692
12 0.203125 0.290039 0.40625 0.580078 0.000109076
8 0.450684 0.402344 0.0224609 0.0175781 0.000110984
1 0.808594 0.140625 0.382812 0.273438 0.000111759
2 0.762695 0.188965 0.474609 0.37207 0.000112355
9 0.767578 0.401855 0.464844 0.803711 0.000112534
5 0.589355 0.619629 0.288086 0.131836 0.000113904
9 0.303711 0.156738 0.607422 0.313477 0.000114143
9 0.0834961 0.0454102 0.166992 0.0908203 0.000114679
5 0.221191 0.150879 0.442383 0.262695 0.000118077
8 0.785156 0.648438 0.0234375 0.0253906 0.000118673
5 0.861816 0.418457 0.276367 0.836914 0.000119984
12 0.859375 0.419434 0.28125 0.838867 0.000120521
9 0.518555 0.738281 0.134766 0.292969 0.000121176
7 0.570312 0.364258 0.0878906 0.0800781 0.000121772
11 0.444824 0.212402 0.0458984 0.0205078 0.00012362
13 0.914062 0.0957031 0.167969 0.1875 0.000125051
13 0.32959 0.341797 0.0107422 0.0117188 0.000126243
9 0.466309 0.325195 0.0615234 0.224609 0.000127673
3 0.858887 0.658691 0.282227 0.401367 0.000127912
8 0.638184 0.512695 0.0146484 0.015625 0.000128031
7 0.56543 0.256836 0.0546875 0.132812 0.000128627
13 0.359375 0.367188 0.0703125 0.0527344 0.000128865
13 0.68457 0.391602 0.0800781 0.0429688 0.000130057
13 0.567871 0.366211 0.0927734 0.0859375 0.000130653
9 0.627441 0.572754 0.0107422 0.00878906 0.000130773
7 0.460449 0.30127 0.0673828 0.198242 0.000132918
5 0.570312 0.364258 0.0878906 0.0800781 0.000134826
8 0.570312 0.364258 0.0878906 0.0800781 0.000137925
11 0.316895 0.257812 0.0576172 0.0507812 0.000138402
2 0.221191 0.150879 0.442383 0.262695 0.00013876
8 0.371582 0.572754 0.0126953 0.0126953 0.000140548
5 0.697754 0.450684 0.243164 0.499023 0.000142932
2 0.347168 0.382812 0.0361328 0.0253906 0.00014329
8 0.343262 0.624512 0.0263672 0.0244141 0.00014472
6 0.827637 0.0996094 0.317383 0.183594 0.000146151
13 0.412109 0.624023 0.0507812 0.0625 0.000146985
9 0.545898 0.269043 0.126953 0.165039 0.000149131
0 0.065918 0.0117188 0.131836 0.0234375 0.0001508
9 0.420898 0.831055 0.40625 0.292969 0.000150919
9 0.696289 0.456055 0.253906 0.478516 0.000152111
0 0.844238 0.84375 0.311523 0.259766 0.000152826
8 0.827637 0.0996094 0.317383 0.183594 0.000156879
8 0.408203 0.296387 0.0214844 0.0166016 0.000161052
7 0.386719 0.260742 0.0371094 0.0332031 0.000163674
8 0.350586 0.373047 0.046875 0.0371094 0.000163794
8 0.786621 0.617188 0.0166016 0.0136719 0.00016582
9 0.562012 0.263184 0.0556641 0.12793 0.000166059
11 0.384766 0.250488 0.0664062 0.0498047 0.000166655
11 0.575684 0.211914 0.0458984 0.0390625 0.000167012
3 0.895996 0.649414 0.208008 0.265625 0.000167489
5 0.325684 0.552246 0.12207 0.225586 0.000168681
8 0.771484 0.667969 0.0175781 0.0175781 0.000169873
9 0.386719 0.257812 0.046875 0.0390625 0.000171423
8 0.376953 0.523926 0.0214844 0.0166016 0.000171781
13 0.566406 0.255371 0.0488281 0.124023 0.000174165
11 0.387695 0.228516 0.126953 0.0664062 0.000174522
3 0.196289 0.124512 0.392578 0.200195 0.000176549
0 0.525879 0.404785 0.188477 0.202148 0.000179052
8 0.740234 0.404297 0.00976562 0.0078125 0.000179172
8 0.4375 0.376465 0.015625 0.0166016 0.000180244
11 0.444336 0.229004 0.0566406 0.0556641 0.00018084
9 0.446289 0.402832 0.0136719 0.0126953 0.00018096
11 0.661621 0.213379 0.114258 0.0615234 0.000184536
5 0.328613 0.436035 0.129883 0.196289 0.000189066
8 0.361328 0.35498 0.0214844 0.0166016 0.000191331
11 0.808594 0.140625 0.382812 0.273438 0.000191927
8 0.604492 0.231934 0.0175781 0.0126953 0.000192285
8 0.608398 0.535156 0.0117188 0.0117188 0.000192761
9 0.52002 0.313965 0.178711 0.186523 0.000193
3 0.203125 0.290039 0.40625 0.580078 0.000194073
2 0.446289 0.402832 0.0136719 0.0126953 0.000195861
11 0.413086 0.203125 0.046875 0.015625 0.000199199
5 0.732422 0.548828 0.160156 0.289062 0.000199795
11 0.623535 0.195801 0.0595703 0.0146484 0.000200272
0 0.827637 0.0996094 0.317383 0.183594 0.000203252
11 0.570312 0.364258 0.0878906 0.0800781 0.000225544
13 0.460449 0.30127 0.0673828 0.198242 0.000241876
10 0.303711 0.156738 0.607422 0.313477 0.000246763
0 0.56543 0.385742 0.0957031 0.164062 0.00025034
8 0.390625 0.410645 0.00976562 0.0107422 0.000259876
11 0.662598 0.203125 0.0439453 0.0253906 0.000260353
8 0.33252 0.341309 0.00878906 0.00878906 0.000264406
2 0.808594 0.140625 0.382812 0.273438 0.000277519
13 0.703613 0.381836 0.0771484 0.0351562 0.000305891
0 0.0541992 0.0292969 0.108398 0.0585938 0.000308037
9 0.590332 0.618652 0.28418 0.133789 0.000309229
13 0.350098 0.382324 0.0380859 0.0283203 0.00031352
9 0.349121 0.49707 0.188477 0.328125 0.000313759
7 0.347656 0.382324 0.0371094 0.0283203 0.000317097
2 0.565918 0.364746 0.0966797 0.0810547 0.000317574
8 0.649902 0.647949 0.0361328 0.0361328 0.000341415
5 0.827637 0.0996094 0.317383 0.183594 0.000349045
13 0.825195 0.0996094 0.320312 0.189453 0.000395536
3 0.570312 0.364258 0.0878906 0.0800781 0.000422478
0 0.0883789 0.0405273 0.176758 0.0771484 0.000453949
13 0.423828 0.613281 0.0429688 0.0429688 0.000456572
9 0.347656 0.382324 0.0371094 0.0283203 0.000458956
8 0.36084 0.35498 0.0126953 0.0107422 0.000473499
8 0.646484 0.436523 0.015625 0.015625 0.000492096
11 0.610352 0.199219 0.0507812 0.015625 0.000520229
9 0.570312 0.364258 0.0878906 0.0800781 0.000525475
9 0.536133 0.367188 0.160156 0.105469 0.000562191
9 0.486816 0.293457 0.0849609 0.174805 0.000564575
11 0.414062 0.220703 0.117188 0.0429688 0.00056839
9 0.529785 0.487793 0.157227 0.43457 0.00057745
11 0.571289 0.244141 0.0527344 0.123047 0.000594616
11 0.429688 0.206543 0.0507812 0.0126953 0.000617981
11 0.395508 0.213379 0.0605469 0.0205078 0.000646591
8 0.387207 0.260254 0.0419922 0.0322266 0.000667095
11 0.697754 0.227539 0.0478516 0.0351562 0.00068903
11 0.594238 0.211914 0.0849609 0.0507812 0.000722408
11 0.642578 0.205566 0.0742188 0.0322266 0.000726223
3 0.780273 0.157227 0.439453 0.296875 0.000813007
8 0.411621 0.411133 0.0302734 0.0214844 0.000860691
8 0.443848 0.437988 0.0166016 0.0146484 0.000888824
11 0.412109 0.208984 0.09375 0.0332031 0.000911236
0 0.0888672 0.0185547 0.177734 0.0371094 0.000934124
8 0.32959 0.341797 0.0107422 0.0117188 0.00098896
11 0.432617 0.21582 0.0683594 0.03125 0.00112534
11 0.345215 0.234375 0.0654297 0.0546875 0.00157547
11 0.666016 0.208008 0.0683594 0.0371094 0.00203514
11 0.362305 0.224121 0.0683594 0.0419922 0.00224686
8 0.627441 0.572754 0.0107422 0.00878906 0.00228882
3 0.303711 0.156738 0.607422 0.313477 0.00255775
3 0.827637 0.0996094 0.317383 0.183594 0.00258255
11 0.329102 0.247559 0.0527344 0.0458984 0.00284576
11 0.628418 0.206055 0.124023 0.0429688 0.00295639
5 0.349121 0.49707 0.188477 0.328125 0.00299644
0 0.536133 0.367188 0.160156 0.105469 0.00510406
11 0.595215 0.203613 0.0654297 0.0263672 0.00619507
11 0.686523 0.219238 0.0585938 0.0458984 0.00703049
11 0.38916 0.218262 0.0966797 0.0302734 0.00792694
8 0.347656 0.382324 0.0371094 0.0283203 0.0079422
11 0.412598 0.20752 0.0751953 0.0185547 0.00808716
8 0.446777 0.402344 0.0126953 0.0117188 0.00831604
11 0.618652 0.200195 0.0908203 0.0214844 0.0249329
3 0.590332 0.618652 0.28418 0.133789 0.046875
0 0.570801 0.36377 0.0869141 0.0791016 0.156738
