2 0.586914 0.261719 0.0273438 0.0175781 0.000100434
11 0.0488281 0.687988 0.0585938 0.0615234 0.000100493
11 0.366211 0.12207 0.0527344 0.0117188 0.000101089
11 0.643066 0.118164 0.0615234 0.0136719 0.000101507
3 0.13916 0.751465 0.0439453 0.0517578 0.000101805
9 0.842773 0.388184 0.314453 0.776367 0.000104487
9 0.70459 0.6875 0.170898 0.0332031 0.000108659
11 0.130859 0.736816 0.0390625 0.0615234 0.000112712
9 0.693848 0.563477 0.0244141 0.0214844 0.000113964
11 0.596191 0.141602 0.0693359 0.0566406 0.000114501
5 0.294434 0.588379 0.141602 0.120117 0.00011462
0 0.85498 0.835938 0.290039 0.328125 0.000114679
1 0.287109 0.14502 0.0625 0.0400391 0.000116169
8 0.722168 0.649414 0.0244141 0.0292969 0.000116348
11 0.683105 0.139648 0.192383 0.0839844 0.000116646
11 0.305664 0.135742 0.0878906 0.0527344 0.000118256
3 0.581543 0.506348 0.407227 0.415039 0.000118375
11 0.605469 0.118164 0.0957031 0.0410156 0.000118434
8 0.929688 0.463379 0.0195312 0.0166016 0.000119567
13 0.772949 0.643066 0.0830078 0.112305 0.000121176
9 0.69043 0.662598 0.244141 0.102539 0.000121593
13 0.308594 0.163574 0.0292969 0.0380859 0.000122547
8 0.314453 0.557129 0.0234375 0.0205078 0.00012362
11 0.696777 0.132812 0.0712891 0.0332031 0.000124335
5 0.196777 0.635254 0.0966797 0.112305 0.000124812
8 0.424805 0.572266 0.00976562 0.00976562 0.000126719
9 0.975586 0.0410156 0.0488281 0.0820312 0.000127554
8 0.501953 0.660645 0.0371094 0.0283203 0.000127673
8 0.319336 0.32373 0.0136719 0.0107422 0.000128031
3 0.925781 0.850098 0.148438 0.229492 0.000128627
2 0.925781 0.850098 0.148438 0.229492 0.000131488
13 0.96875 0.0424805 0.0625 0.0849609 0.000132561
3 0.784668 0.0429688 0.430664 0.0859375 0.000134587
9 0.738281 0.452148 0.339844 0.564453 0.000134706
13 0.319336 0.182617 0.0683594 0.0566406 0.000135779
8 0.46582 0.460938 0.0253906 0.0214844 0.000136018
13 0.801758 0.256836 0.03125 0.0332031 0.000136614
9 0.760254 0.615234 0.0517578 0.0742188 0.00013721
9 0.22998 0.5625 0.168945 0.246094 0.000137329
5 0.791992 0.549805 0.162109 0.296875 0.000137925
6 0.572754 0.617188 0.385742 0.148438 0.000139117
9 0.673828 0.674316 0.21875 0.0458984 0.000139952
8 0.324707 0.436523 0.00878906 0.0078125 0.000140548
8 0.38623 0.378906 0.0263672 0.0175781 0.000140786
6 0.570312 0.297852 0.101562 0.0957031 0.000142217
8 0.748535 0.98877 0.0166016 0.0146484 0.000143409
11 0.580566 0.134766 0.0439453 0.03125 0.000148892
2 0.383789 0.376465 0.0234375 0.0283203 0.000150323
10 0.0483398 0.687988 0.0595703 0.0634766 0.00015223
9 0.0424805 0.145996 0.0380859 0.0322266 0.00015831
8 0.384766 0.415039 0.0214844 0.0195312 0.000158548
11 0.351562 0.121094 0.0859375 0.0214844 0.000158906
13 0.384766 0.376465 0.0136719 0.0146484 0.000159383
2 0.118652 0.139648 0.237305 0.242188 0.000159383
9 0.310059 0.171387 0.0166016 0.0283203 0.000163555
9 0.295898 0.699219 0.333984 0.115234 0.00016427
4 0.573242 0.615723 0.390625 0.19043 0.00016439
8 0.683105 0.510742 0.00878906 0.00976562 0.000165582
11 0.643066 0.125 0.0732422 0.0175781 0.000166178
5 0.773438 0.510254 0.224609 0.500977 0.000168562
11 0.347656 0.138672 0.160156 0.0507812 0.00017035
8 0.310547 0.168945 0.00976562 0.00976562 0.000170946
11 0.379395 0.116211 0.0615234 0.0136719 0.000172377
8 0.73584 0.682129 0.0341797 0.0166016 0.000175238
4 0.571289 0.304688 0.103516 0.107422 0.000175357
0 0.519043 0.394531 0.18457 0.318359 0.000177503
11 0.334961 0.125977 0.0703125 0.0214844 0.000180364
8 0.210449 0.430664 0.0146484 0.0117188 0.000180602
8 0.0429688 0.147949 0.0371094 0.0322266 0.00018096
0 0.560547 0.289062 0.0625 0.0664062 0.000185132
8 0.305664 0.168945 0.0351562 0.0351562 0.000185728
7 0.287109 0.14502 0.0625 0.0400391 0.000185966
13 0.141113 0.141113 0.282227 0.276367 0.000191331
11 0.733887 0.154785 0.0986328 0.0888672 0.000192404
7 0.572754 0.29248 0.0986328 0.0830078 0.000193834
13 0.736328 0.595703 0.0996094 0.123047 0.000195026
13 0.394531 0.380859 0.0410156 0.0195312 0.000196338
8 0.287109 0.489746 0.015625 0.0126953 0.000198603
5 0.211914 0.617188 0.148438 0.166016 0.000198841
11 0.571777 0.612793 0.387695 0.15332 0.000199556
9 0.67334 0.386719 0.0185547 0.015625 0.000203848
11 0.288086 0.151367 0.0878906 0.0664062 0.000204444
9 0.721191 0.682129 0.0810547 0.0205078 0.000204444
11 0.413086 0.123535 0.0625 0.0224609 0.000205636
8 0.590332 0.380371 0.0498047 0.0537109 0.000205994
12 0.573242 0.291992 0.0976562 0.0820312 0.000206709
7 0.571777 0.612793 0.387695 0.15332 0.000210762
2 0.975586 0.0410156 0.0488281 0.0820312 0.000214696
2 0.305176 0.174805 0.0419922 0.0371094 0.000216484
8 0.39209 0.241211 0.0322266 0.0195312 0.000216961
3 0.754395 0.103516 0.491211 0.207031 0.000217676
9 0.501465 0.942383 0.233398 0.111328 0.000219584
8 0.370117 0.62207 0.0253906 0.0273438 0.00022018
0 0.925781 0.850098 0.148438 0.229492 0.000226498
1 0.571777 0.612793 0.387695 0.15332 0.000227928
13 0.571777 0.612793 0.387695 0.15332 0.000233293
8 0.571777 0.612793 0.387695 0.15332 0.000233293
2 0.0454102 0.145996 0.0380859 0.0302734 0.000236392
0 0.0625 0.863281 0.125 0.273438 0.000237942
9 0.501953 0.660645 0.0371094 0.0283203 0.000240088
11 0.404297 0.131836 0.103516 0.0351562 0.000241399
13 0.307129 0.179199 0.0263672 0.0263672 0.000244617
13 0.287109 0.14502 0.0625 0.0400391 0.000245094
9 0.154785 0.888184 0.0185547 0.0302734 0.000247478
7 0.301758 0.168945 0.0429688 0.0429688 0.000264406
13 0.408203 0.385742 0.03125 0.015625 0.000264883
2 0.571777 0.612793 0.387695 0.15332 0.000268459
0 0.57959 0.349121 0.0849609 0.172852 0.00027132
9 0.500977 0.595703 0.236328 0.310547 0.000271559
11 0.419434 0.134766 0.0595703 0.0253906 0.000272512
9 0.590332 0.380371 0.0498047 0.0537109 0.000278234
9 0.929688 0.463379 0.0195312 0.0166016 0.000279427
2 0.674805 0.385254 0.03125 0.0224609 0.000282764
3 0.604492 0.856934 0.5625 0.286133 0.000289679
1 0.571289 0.305664 0.101562 0.107422 0.0002985
5 0.569336 0.29834 0.101562 0.0966797 0.000299454
8 0.310059 0.171387 0.0166016 0.0283203 0.000300169
9 0.527832 0.353516 0.192383 0.214844 0.000303268
12 0.571777 0.612793 0.387695 0.15332 0.000306368
8 0.571289 0.305664 0.101562 0.107422 0.000313044
11 0.311035 0.130859 0.0576172 0.0292969 0.000314474
5 0.275391 0.48584 0.275391 0.512695 0.000334978
8 0.710938 0.646973 0.0410156 0.0322266 0.000353575
12 0.283691 0.414551 0.311523 0.569336 0.000359297
8 0.306152 0.185547 0.0224609 0.015625 0.000367165
9 0.302734 0.17334 0.0390625 0.0400391 0.000367641
10 0.571777 0.612793 0.387695 0.15332 0.000370741
10 0.133301 0.736328 0.0419922 0.0644531 0.000371218
13 0.570801 0.29834 0.102539 0.0947266 0.000379562
9 0.404297 0.691895 0.117188 0.143555 0.000383615
8 0.374023 0.627441 0.0449219 0.0458984 0.000389814
0 0.587891 0.314453 0.183594 0.140625 0.000390291
8 0.635254 0.480957 0.0107422 0.00878906 0.000406027
8 0.415039 0.421387 0.0117188 0.0107422 0.000417709
11 0.616211 0.124512 0.0605469 0.0205078 0.000419378
8 0.304688 0.179688 0.03125 0.0253906 0.000421524
0 0.587402 0.305664 0.0576172 0.0644531 0.0004251
11 0.376953 0.12793 0.0703125 0.015625 0.000440121
11 0.145996 0.746094 0.0771484 0.0742188 0.000446081
11 0.350586 0.129395 0.0683594 0.0126953 0.000451803
10 0.571289 0.305664 0.101562 0.107422 0.00045681
8 0.803223 0.603027 0.0224609 0.0185547 0.000466347
2 0.59668 0.306152 0.03125 0.0302734 0.000472784
11 0.569336 0.29834 0.101562 0.0966797 0.000478268
9 0.604492 0.856934 0.5625 0.286133 0.00048089
9 0.384766 0.376465 0.0136719 0.0146484 0.000483751
5 0.571777 0.613281 0.385742 0.148438 0.000505447
8 0.425781 0.347168 0.0136719 0.0107422 0.000507832
10 0.145996 0.746094 0.0771484 0.0742188 0.000511169
11 0.610352 0.112305 0.0839844 0.0195312 0.000545979
8 0.734375 0.683105 0.0195312 0.0126953 0.00055027
9 0.494629 0.817383 0.217773 0.326172 0.00058651
0 0.571777 0.613281 0.385742 0.148438 0.000607014
11 0.301758 0.168945 0.0429688 0.0429688 0.000615597
13 0.29834 0.165039 0.0615234 0.0546875 0.000621319
11 0.648438 0.132324 0.160156 0.0439453 0.000634193
11 0.387207 0.120605 0.0693359 0.0146484 0.000654697
2 0.67334 0.386719 0.0185547 0.015625 0.000665665
11 0.750488 0.16748 0.0576172 0.0517578 0.000710964
9 0.571289 0.305664 0.101562 0.107422 0.000754356
8 0.674805 0.385254 0.03125 0.0224609 0.000754833
11 0.712891 0.145996 0.0917969 0.0537109 0.000759125
13 0.756836 0.615234 0.0722656 0.103516 0.000771523
5 0.253418 0.556641 0.198242 0.257812 0.000839233
9 0.571777 0.613281 0.385742 0.148438 0.000841618
11 0.275879 0.154785 0.0537109 0.0400391 0.000862598
9 0.676758 0.680176 0.130859 0.0283203 0.000952244
8 0.394043 0.241211 0.0185547 0.0136719 0.00103188
9 0.283691 0.414551 0.311523 0.569336 0.00104618
8 0.319336 0.209473 0.0234375 0.0185547 0.00112343
2 0.57959 0.306152 0.0908203 0.110352 0.00123882
9 0.49707 0.700195 0.185547 0.375 0.00135708
13 0.310059 0.171387 0.0166016 0.0283203 0.00139618
3 0.570312 0.297852 0.101562 0.0957031 0.00144386
8 0.669434 0.30127 0.0146484 0.0107422 0.00147533
11 0.404785 0.129883 0.0673828 0.0214844 0.00149632
2 0.587402 0.305664 0.0576172 0.0644531 0.00170994
0 0.527344 0.325684 0.189453 0.151367 0.00177193
0 0.585449 0.282227 0.0673828 0.0644531 0.00180531
2 0.384766 0.376465 0.0136719 0.0146484 0.0018692
11 0.602051 0.128906 0.0771484 0.0273438 0.00188923
11 0.330566 0.135254 0.114258 0.0322266 0.00189209
10 0.866699 0.760742 0.0517578 0.0742188 0.00197792
8 0.693848 0.563477 0.0244141 0.0214844 0.00198555
11 0.866699 0.760742 0.0517578 0.0742188 0.00206757
13 0.757812 0.612305 0.0429688 0.0625 0.00212669
13 0.302734 0.17334 0.0390625 0.0400391 0.00251389
11 0.376953 0.126465 0.115234 0.0205078 0.00278854
11 0.623047 0.118164 0.09375 0.0214844 0.00279236
8 0.384766 0.376465 0.0136719 0.0146484 0.00279427
11 0.350098 0.130859 0.114258 0.0195312 0.00326347
8 0.67334 0.386719 0.0185547 0.015625 0.00434875
9 0.50293 0.452148 0.158203 0.457031 0.00502777
11 0.630859 0.125488 0.111328 0.0263672 0.00550079
11 0.13916 0.751465 0.0439453 0.0517578 0.0146027
10 0.140625 0.752441 0.0429688 0.0517578 0.0157166
11 0.736328 0.15332 0.0722656 0.0527344 0.0182037
11 0.287109 0.14502 0.0625 0.0400391 0.0393066
3 0.572754 0.617188 0.385742 0.148438 0.275879
0 0.570801 0.298828 0.102539 0.0957031 0.552246
