9 0.360352 0.147461 0.183594 0.0839844 0.000254631
11 0.863281 0.786621 0.0449219 0.0732422 0.000255108
5 0.310059 0.329102 0.198242 0.244141 0.0002563
0 0.644043 0.351074 0.15918 0.178711 0.000258446
5 0.61377 0.650391 0.374023 0.201172 0.000259876
10 0.616211 0.646973 0.376953 0.21582 0.000261545
8 0.651855 0.438477 0.0419922 0.0332031 0.000265837
7 0.387207 0.125977 0.12207 0.03125 0.000267029
2 0.576172 0.278809 0.0488281 0.0341797 0.000268459
0 0.589355 0.285645 0.0498047 0.0380859 0.000272036
9 0.635254 0.505859 0.151367 0.228516 0.000273466
2 0.648438 0.524902 0.0507812 0.0341797 0.000274897
6 0.757324 0.635254 0.211914 0.297852 0.000276327
0 0.603516 0.412109 0.103516 0.146484 0.000279427
5 0.250977 0.525391 0.189453 0.447266 0.000283241
2 0.61084 0.658691 0.100586 0.104492 0.000285864
9 0.636719 0.68457 0.109375 0.109375 0.000285864
5 0.720215 0.647949 0.147461 0.231445 0.000289202
7 0.436035 0.213379 0.0830078 0.211914 0.000291586
9 0.0654297 0.499023 0.130859 0.632812 0.000292301
0 0.0522461 0.930664 0.104492 0.138672 0.000294209
2 0.597168 0.76709 0.0244141 0.0283203 0.000296354
8 0.775879 0.354492 0.0595703 0.046875 0.000298977
7 0.611816 0.65918 0.147461 0.136719 0.000299692
0 0.516113 0.537598 0.174805 0.516602 0.000300884
3 0.196777 0.161621 0.393555 0.317383 0.000301361
11 0.399902 0.115723 0.112305 0.0361328 0.000302792
0 0.61377 0.647461 0.379883 0.212891 0.000309467
3 0.286133 0.600586 0.275391 0.396484 0.000311136
13 0.321289 0.623047 0.136719 0.125 0.000311613
12 0.616211 0.646973 0.376953 0.21582 0.000312567
11 0.713379 0.458496 0.321289 0.645508 0.000314713
8 0.621094 0.675781 0.0449219 0.0351562 0.000318766
12 0.360352 0.147461 0.183594 0.0839844 0.000322104
9 0.595215 0.298828 0.0712891 0.0625 0.000325203
9 0.677734 0.714844 0.144531 0.0957031 0.000328064
4 0.575684 0.453125 0.327148 0.529297 0.000328541
9 0.615234 0.306641 0.046875 0.046875 0.000333548
6 0.810059 0.685547 0.0966797 0.0878906 0.000333786
13 0.813965 0.682129 0.0498047 0.0341797 0.000335932
8 0.648438 0.526855 0.0429688 0.0283203 0.000336409
11 0.251465 0.225098 0.0693359 0.0634766 0.000340223
9 0.854492 0.976562 0.0117188 0.0117188 0.000341654
8 0.419434 0.633789 0.0146484 0.015625 0.000343561
9 0.230469 0.697754 0.179688 0.208008 0.000345945
4 0.604492 0.664062 0.0703125 0.0507812 0.00034833
2 0.622559 0.468262 0.0673828 0.0869141 0.000349283
13 0.630859 0.473145 0.123047 0.120117 0.000352621
9 0.483887 0.318848 0.206055 0.174805 0.000353336
2 0.592285 0.457031 0.231445 0.263672 0.000356197
0 0.566895 0.309082 0.118164 0.0966797 0.000358582
2 0.55127 0.359375 0.0537109 0.0585938 0.000359058
1 0.387207 0.125977 0.12207 0.03125 0.000360012
9 0.834473 0.744141 0.0908203 0.117188 0.000360727
13 0.800781 0.669922 0.0976562 0.123047 0.000363588
8 0.187988 0.693359 0.0419922 0.0429688 0.000365496
10 0.541992 0.492676 0.232422 0.551758 0.000368118
0 0.534668 0.315918 0.0634766 0.0693359 0.000369072
3 0.655762 0.720215 0.303711 0.145508 0.000369072
5 0.592773 0.339844 0.125 0.152344 0.000370026
9 0.826172 0.696289 0.0761719 0.0742188 0.000372887
9 0.547363 0.3125 0.0869141 0.0820312 0.000372887
8 0.608398 0.437988 0.113281 0.120117 0.000376225
1 0.575684 0.453125 0.327148 0.529297 0.000380278
5 0.516113 0.537598 0.174805 0.516602 0.000383854
4 0.713379 0.458496 0.321289 0.645508 0.000385523
13 0.560547 0.319824 0.126953 0.108398 0.000389099
2 0.597656 0.468262 0.0214844 0.0205078 0.000390053
9 0.188965 0.49707 0.37793 0.603516 0.000396729
13 0.437988 0.229492 0.0830078 0.232422 0.00040102
11 0.597656 0.299316 0.0820312 0.0693359 0.000402927
8 0.588379 0.286133 0.0478516 0.0371094 0.000403404
13 0.329102 0.308594 0.101562 0.158203 0.000406504
2 0.5625 0.354004 0.0878906 0.137695 0.000410795
10 0.722656 0.459961 0.300781 0.646484 0.00041151
11 0.745117 0.177246 0.0585938 0.0498047 0.000411749
11 0.310547 0.460938 0.355469 0.636719 0.000418425
4 0.72998 0.73584 0.274414 0.12793 0.000418901
3 0.0556641 0.901855 0.111328 0.174805 0.000426769
3 0.536621 0.581543 0.206055 0.450195 0.000427008
11 0.615234 0.126953 0.115234 0.0546875 0.000427246
9 0.599609 0.0703125 0.0761719 0.0488281 0.000427246
9 0.873535 0.495117 0.25293 0.585938 0.000428438
13 0.615234 0.306641 0.046875 0.046875 0.000428677
11 0.575684 0.453125 0.327148 0.529297 0.000431538
8 0.604492 0.298828 0.0761719 0.0625 0.000442266
2 0.629883 0.349609 0.113281 0.15625 0.000443935
1 0.713379 0.458496 0.321289 0.645508 0.000446796
7 0.791992 0.679688 0.150391 0.199219 0.000451088
8 0.630859 0.473145 0.123047 0.120117 0.000453234
9 0.728027 0.845215 0.30957 0.258789 0.000458002
13 0.79834 0.659668 0.137695 0.22168 0.000463724
6 0.575684 0.453125 0.327148 0.529297 0.000468731
10 0.537598 0.354004 0.250977 0.196289 0.000469685
9 0.70166 0.645996 0.268555 0.28418 0.000470877
2 0.61377 0.678223 0.180664 0.0927734 0.000475407
8 0.597168 0.467773 0.0205078 0.0195312 0.000487566
11 0.399902 0.151367 0.133789 0.09375 0.000495911
13 0.606445 0.438965 0.0976562 0.0849609 0.000499249
8 0.594727 0.428223 0.0664062 0.0576172 0.000510693
5 0.774414 0.401367 0.142578 0.197266 0.000513554
13 0.590332 0.288574 0.0556641 0.0380859 0.00051403
13 0.329102 0.615723 0.0800781 0.0556641 0.000519753
8 0.713379 0.458496 0.321289 0.645508 0.000520229
8 0.64502 0.712402 0.0185547 0.0166016 0.000526428
9 0.537109 0.312012 0.220703 0.116211 0.000528812
11 0.62207 0.125488 0.101562 0.0263672 0.000535488
5 0.275391 0.736328 0.279297 0.138672 0.000538349
2 0.713379 0.458496 0.321289 0.645508 0.000538826
11 0.589355 0.285645 0.0498047 0.0380859 0.000543594
13 0.294922 0.00878906 0.0625 0.0175781 0.000549316
9 0.607422 0.48584 0.265625 0.354492 0.000552654
1 0.360352 0.147461 0.183594 0.0839844 0.000555038
9 0.772949 0.740723 0.213867 0.116211 0.000555992
13 0.647461 0.341309 0.207031 0.24707 0.000556946
8 0.604004 0.411133 0.141602 0.238281 0.000560284
9 0.320312 0.271484 0.160156 0.222656 0.000563622
2 0.593262 0.662598 0.0439453 0.0341797 0.000564575
12 0.733887 0.71582 0.291992 0.144531 0.000565052
13 0.60791 0.66748 0.0712891 0.0537109 0.000567913
11 0.604004 0.665039 0.0732422 0.0527344 0.000571728
8 0.608887 0.670898 0.241211 0.113281 0.000574112
4 0.310547 0.460938 0.355469 0.636719 0.000584602
13 0.280762 0.019043 0.241211 0.0380859 0.000584602
0 0.597656 0.299316 0.0820312 0.0693359 0.000589371
11 0.417969 0.132324 0.0800781 0.0341797 0.000597
0 0.725098 0.461426 0.293945 0.629883 0.000601768
5 0.729492 0.342285 0.230469 0.331055 0.000610352
2 0.586426 0.328613 0.0419922 0.0478516 0.000620365
8 0.580566 0.451172 0.28418 0.490234 0.000626564
2 0.529785 0.29541 0.262695 0.133789 0.000629425
9 0.799805 0.45752 0.164062 0.571289 0.000630379
5 0.80127 0.736328 0.143555 0.125 0.000631809
13 0.609863 0.397461 0.129883 0.277344 0.000637054
13 0.606445 0.312988 0.0800781 0.0810547 0.000647068
9 0.608398 0.437988 0.113281 0.120117 0.00065279
9 0.614746 0.674316 0.0595703 0.0458984 0.00065279
5 0.355957 0.592773 0.15918 0.240234 0.000660419
12 0.588867 0.336426 0.138672 0.143555 0.000662804
1 0.310547 0.460938 0.355469 0.636719 0.000667095
2 0.310547 0.460938 0.355469 0.636719 0.000688553
7 0.541504 0.468262 0.249023 0.53418 0.000697136
10 0.73584 0.748535 0.325195 0.12793 0.000699043
0 0.533203 0.324219 0.101562 0.113281 0.000705719
9 0.696289 0.727051 0.353516 0.272461 0.000712395
13 0.806152 0.676758 0.0849609 0.0625 0.000716686
8 0.310547 0.460938 0.355469 0.636719 0.000718117
0 0.310547 0.460938 0.355469 0.636719 0.000720978
10 0.310547 0.460938 0.355469 0.636719 0.000732422
9 0.275879 0.758301 0.295898 0.133789 0.000749111
11 0.303223 0.161133 0.0693359 0.0722656 0.000752449
11 0.699707 0.148438 0.0947266 0.0546875 0.000760555
11 0.379883 0.124023 0.0742188 0.0195312 0.000772953
11 0.616699 0.131348 0.0615234 0.0205078 0.000807285
11 0.38623 0.132324 0.0751953 0.0224609 0.000808716
9 0.95166 0.209961 0.0126953 0.0136719 0.000812531
2 0.53418 0.307129 0.03125 0.0341797 0.000823021
9 0.662598 0.715332 0.0888672 0.0654297 0.000826359
13 0.295898 0.239258 0.0703125 0.0507812 0.000837326
12 0.587402 0.497559 0.37793 0.59082 0.000839233
1 0.543457 0.374512 0.243164 0.249023 0.000857353
6 0.79248 0.681641 0.145508 0.191406 0.000873566
9 0.586914 0.284668 0.0429688 0.0302734 0.000900745
5 0.354004 0.629883 0.106445 0.103516 0.000926971
2 0.580566 0.451172 0.28418 0.490234 0.00093174
9 0.268066 0.609863 0.256836 0.391602 0.000936031
4 0.543457 0.374512 0.243164 0.249023 0.000944138
9 0.589844 0.436523 0.173828 0.222656 0.000953674
5 0.549316 0.353027 0.219727 0.202148 0.000970364
0 0.51709 0.269531 0.235352 0.123047 0.000977516
8 0.398438 0.640137 0.015625 0.0146484 0.000983238
9 0.935059 0.503906 0.129883 0.548828 0.000983238
2 0.603516 0.347168 0.0742188 0.0751953 0.000993729
11 0.685059 0.154297 0.206055 0.0878906 0.00101852
11 0.583984 0.17334 0.078125 0.125977 0.0010519
5 0.818359 0.696289 0.0878906 0.0878906 0.00105286
7 0.713379 0.458496 0.321289 0.645508 0.00106525
13 0.739746 0.722656 0.254883 0.142578 0.00108337
0 0.575684 0.453125 0.327148 0.529297 0.00111103
9 0.846191 0.122559 0.0576172 0.0361328 0.00111198
12 0.549316 0.353027 0.219727 0.202148 0.00113297
13 0.320312 0.271484 0.160156 0.222656 0.00116634
9 0.787109 0.65332 0.160156 0.261719 0.00117588
13 0.346191 0.636719 0.0869141 0.0800781 0.00117779
9 0.49707 0.540039 0.150391 0.373047 0.0012064
2 0.648438 0.44043 0.0429688 0.0351562 0.00122738
9 0.459473 0.241699 0.0849609 0.21582 0.00123692
2 0.550293 0.334961 0.0634766 0.0859375 0.00125408
2 0.626465 0.326172 0.0556641 0.0917969 0.0012598
8 0.596191 0.766602 0.0224609 0.0292969 0.00128555
11 0.336426 0.177734 0.24707 0.152344 0.00130749
13 0.312012 0.256348 0.0908203 0.0771484 0.00132179
12 0.713379 0.458496 0.321289 0.645508 0.00134659
7 0.604004 0.664551 0.0693359 0.0517578 0.00136185
3 0.592773 0.339844 0.125 0.152344 0.00137138
0 0.609863 0.397461 0.129883 0.277344 0.00137615
13 0.310547 0.460938 0.355469 0.636719 0.00138855
9 0.597168 0.76709 0.0244141 0.0283203 0.00139332
2 0.586914 0.422852 0.0625 0.0585938 0.00143337
2 0.576172 0.289551 0.0390625 0.0302734 0.00145054
8 0.594238 0.663086 0.0458984 0.0351562 0.00146675
13 0.575684 0.453125 0.327148 0.529297 0.00150013
5 0.325195 0.622559 0.146484 0.151367 0.00151539
6 0.592773 0.339844 0.125 0.152344 0.00155354
7 0.310547 0.460938 0.355469 0.636719 0.00157261
2 0.591797 0.410645 0.09375 0.120117 0.00157833
3 0.609375 0.669922 0.115234 0.103516 0.00159931
11 0.604492 0.137207 0.078125 0.0322266 0.00167656
7 0.592773 0.339844 0.125 0.152344 0.00167942
8 0.606445 0.671387 0.0996094 0.0966797 0.00176239
2 0.606445 0.438965 0.0976562 0.0849609 0.00183678
8 0.546875 0.373047 0.234375 0.238281 0.0018549
13 0.713379 0.458496 0.321289 0.645508 0.00189114
8 0.606934 0.318848 0.102539 0.104492 0.00193691
9 0.519043 0.779785 0.168945 0.397461 0.00194073
5 0.587402 0.497559 0.37793 0.59082 0.00195694
5 0.70166 0.645996 0.268555 0.28418 0.00201416
2 0.630371 0.314941 0.0419922 0.0400391 0.00202942
2 0.630859 0.473145 0.123047 0.120117 0.00204468
11 0.276855 0.197754 0.124023 0.129883 0.00205421
9 0.630859 0.473145 0.123047 0.120117 0.00208092
3 0.549316 0.353027 0.219727 0.202148 0.00215721
2 0.616699 0.446289 0.0634766 0.0449219 0.00222588
5 0.786621 0.51416 0.139648 0.481445 0.00226021
3 0.605957 0.665039 0.0712891 0.0546875 0.00226212
3 0.722656 0.459961 0.300781 0.646484 0.00240135
9 0.606934 0.318848 0.102539 0.104492 0.00240517
3 0.310547 0.460938 0.355469 0.636719 0.0024395
2 0.604004 0.411133 0.141602 0.238281 0.00270844
4 0.583984 0.350098 0.144531 0.174805 0.00271988
13 0.8125 0.710449 0.109375 0.137695 0.00289345
7 0.549316 0.353027 0.219727 0.202148 0.00292397
6 0.713379 0.458496 0.321289 0.645508 0.002985
6 0.739746 0.722656 0.254883 0.142578 0.00300026
6 0.549316 0.353027 0.219727 0.202148 0.00303268
13 0.829102 0.688477 0.0605469 0.0234375 0.00305557
6 0.813965 0.721191 0.108398 0.125977 0.00306892
3 0.603027 0.52832 0.40332 0.490234 0.00309944
9 0.655273 0.753418 0.142578 0.12793 0.00317764
6 0.310547 0.460938 0.355469 0.636719 0.00329018
11 0.549316 0.353027 0.219727 0.202148 0.0033741
11 0.647949 0.137695 0.166992 0.0527344 0.00337982
11 0.725098 0.162598 0.0908203 0.0654297 0.00358963
2 0.584473 0.297363 0.0771484 0.0634766 0.00367165
2 0.544922 0.305664 0.0488281 0.0566406 0.0036869
7 0.813965 0.721191 0.112305 0.12793 0.00388336
12 0.310547 0.460938 0.355469 0.636719 0.00389862
9 0.601562 0.435547 0.0722656 0.0527344 0.00391769
1 0.583984 0.350098 0.144531 0.174805 0.0041008
2 0.580566 0.33252 0.0732422 0.0888672 0.00442123
0 0.522949 0.316895 0.223633 0.116211 0.00481415
9 0.682617 0.0610352 0.0273438 0.0205078 0.00496674
11 0.590332 0.148438 0.0732422 0.0625 0.00542068
7 0.72998 0.73584 0.274414 0.12793 0.00556564
9 0.8125 0.710449 0.105469 0.135742 0.00566101
2 0.534668 0.317383 0.0439453 0.0546875 0.00576401
9 0.71875 0.467285 0.291016 0.631836 0.0063858
11 0.314941 0.161621 0.125977 0.0947266 0.00652313
11 0.592773 0.339844 0.125 0.152344 0.00653458
9 0.613281 0.675781 0.103516 0.0703125 0.00664902
2 0.60791 0.66748 0.0712891 0.0537109 0.00705338
0 0.600586 0.330566 0.109375 0.124023 0.00705338
9 0.593262 0.664551 0.0419922 0.0322266 0.00738525
11 0.402344 0.126465 0.0761719 0.0185547 0.00800323
2 0.601074 0.434082 0.0576172 0.0439453 0.00811005
13 0.817871 0.691406 0.0712891 0.0410156 0.00858307
9 0.61377 0.650391 0.374023 0.201172 0.00865936
9 0.310547 0.460938 0.355469 0.636719 0.00876617
5 0.273438 0.642578 0.242188 0.289062 0.00878143
9 0.543457 0.374512 0.243164 0.249023 0.00924683
13 0.819336 0.696289 0.0859375 0.0761719 0.00925446
9 0.583984 0.350098 0.144531 0.174805 0.0106277
5 0.80957 0.688477 0.109375 0.164062 0.0106735
9 0.608398 0.663086 0.253906 0.126953 0.0119781
0 0.527344 0.396973 0.259766 0.303711 0.0132675
13 0.549316 0.353027 0.219727 0.202148 0.0135345
2 0.547363 0.3125 0.0869141 0.0820312 0.0152512
11 0.635254 0.133301 0.120117 0.0283203 0.0154114
5 0.739746 0.722656 0.254883 0.142578 0.016449
3 0.608887 0.662598 0.213867 0.125977 0.0166168
2 0.615234 0.306641 0.046875 0.046875 0.0180511
2 0.590332 0.288574 0.0556641 0.0380859 0.0187225
9 0.525879 0.634766 0.178711 0.365234 0.0188293
2 0.543457 0.320312 0.143555 0.113281 0.0198975
8 0.604492 0.664062 0.0703125 0.0507812 0.0215454
11 0.365723 0.138184 0.170898 0.0556641 0.0239716
9 0.703125 0.731445 0.259766 0.146484 0.0243073
5 0.787109 0.65332 0.160156 0.261719 0.0243988
2 0.606445 0.312988 0.0800781 0.0810547 0.0252991
2 0.562988 0.362793 0.206055 0.19043 0.0256653
8 0.583984 0.350098 0.144531 0.174805 0.0263367
13 0.592773 0.339844 0.125 0.152344 0.0415649
3 0.61377 0.650391 0.374023 0.201172 0.0605164
5 0.300293 0.47168 0.325195 0.615234 0.0849609
9 0.535645 0.492676 0.22168 0.555664 0.0946655
9 0.603027 0.663574 0.0654297 0.0478516 0.0961304
2 0.592773 0.333984 0.123047 0.138672 0.108765
11 0.388184 0.125977 0.124023 0.0292969 0.113586
5 0.730469 0.463379 0.283203 0.62207 0.119751
0 0.569824 0.350586 0.176758 0.175781 0.160278
