9 0.271484 0.639648 0.109375 0.0429688 0.000157714
13 0.265137 0.335938 0.0166016 0.0332031 0.000160336
3 0.09375 0.845215 0.173828 0.290039 0.000161052
7 0.334961 0.330078 0.275391 0.308594 0.000161409
9 0.75293 0.348633 0.0449219 0.0371094 0.000161648
9 0.845215 0.537598 0.0185547 0.0224609 0.000161767
9 0.349609 0.645996 0.0722656 0.0244141 0.000162244
7 0.277344 0.540039 0.0878906 0.0449219 0.000164151
11 0.452148 0.181641 0.0585938 0.0332031 0.00016439
0 0.588379 0.334473 0.0634766 0.0673828 0.000166059
11 0.601074 0.185547 0.0556641 0.0332031 0.000166178
0 0.928223 0.881836 0.133789 0.199219 0.000167131
13 0.746582 0.983887 0.124023 0.0283203 0.00016892
9 0.583008 0.575195 0.0292969 0.0253906 0.000169277
12 0.235352 0.244629 0.470703 0.454102 0.000169396
9 0.241211 0.57373 0.142578 0.24707 0.000171065
12 0.781738 0.32666 0.0751953 0.0556641 0.000171065
13 0.761719 0.317383 0.09375 0.0683594 0.0001719
9 0.394043 0.638184 0.120117 0.0341797 0.000172257
9 0.401367 0.851074 0.449219 0.272461 0.000172615
9 0.98291 0.0126953 0.0146484 0.0195312 0.000172973
11 0.18457 0.714844 0.0351562 0.0703125 0.000174284
12 0.730469 0.659668 0.164062 0.0654297 0.000175118
9 0.639648 0.34668 0.0078125 0.0078125 0.000177145
1 0.76123 0.529785 0.274414 0.25293 0.000177503
10 0.316406 0.422852 0.267578 0.337891 0.000181079
9 0.484375 0.570312 0.03125 0.0253906 0.000181913
13 0.256348 0.320801 0.0302734 0.0361328 0.000181913
13 0.73291 0.3125 0.0537109 0.0273438 0.000183463
9 0.773926 0.29248 0.12207 0.161133 0.000187159
9 0.20459 0.339844 0.0224609 0.03125 0.000187993
2 0.928223 0.881836 0.133789 0.199219 0.000190139
9 0.554199 0.51709 0.286133 0.418945 0.000190973
13 0.324707 0.310547 0.0361328 0.0195312 0.000192881
4 0.761719 0.478027 0.142578 0.102539 0.000197053
2 0.631836 0.385254 0.0253906 0.0166016 0.000200391
4 0.595703 0.349121 0.105469 0.106445 0.000200391
7 0.318848 0.638184 0.27832 0.108398 0.000200629
13 0.646484 0.386719 0.015625 0.0117188 0.000200868
11 0.76123 0.529785 0.274414 0.25293 0.000202775
6 0.81543 0.490723 0.111328 0.0986328 0.000202894
8 0.776367 0.63623 0.0371094 0.0283203 0.000202894
4 0.315918 0.550293 0.280273 0.254883 0.000203013
11 0.262695 0.32959 0.0273438 0.0380859 0.000203371
8 0.452148 0.322266 0.0136719 0.0175781 0.000203967
7 0.79541 0.492676 0.0771484 0.0810547 0.000204206
13 0.341309 0.308594 0.168945 0.0410156 0.000206232
13 0.330566 0.647461 0.12207 0.0292969 0.000206351
7 0.595703 0.349121 0.105469 0.106445 0.000208497
9 0.727051 0.640625 0.206055 0.0820312 0.000209332
13 0.303223 0.297852 0.0576172 0.0273438 0.000209451
13 0.743164 0.342773 0.0292969 0.0214844 0.00021255
13 0.308105 0.658691 0.237305 0.0751953 0.000214219
8 0.59082 0.961426 0.0234375 0.0244141 0.000215054
2 0.637695 0.349609 0.0117188 0.0117188 0.000216961
12 0.295898 0.483887 0.181641 0.0947266 0.000217915
3 0.209961 0.0737305 0.419922 0.141602 0.000220656
9 0.726074 0.489258 0.137695 0.0722656 0.000221133
11 0.398926 0.186035 0.116211 0.0302734 0.000221968
9 0.81543 0.490723 0.111328 0.0986328 0.000222087
11 0.327148 0.40918 0.273438 0.357422 0.000222683
13 0.304199 0.261719 0.0302734 0.015625 0.000223279
12 0.59668 0.349609 0.103516 0.105469 0.000224471
9 0.270996 0.522461 0.0830078 0.0332031 0.000224948
13 0.791992 0.32373 0.0800781 0.0576172 0.000225663
13 0.334961 0.3125 0.0761719 0.0234375 0.000225902
11 0.609375 0.167969 0.078125 0.0214844 0.000227094
10 0.327637 0.645508 0.208008 0.0351562 0.000227571
10 0.282227 0.483398 0.146484 0.0839844 0.000228405
7 0.751465 0.516113 0.149414 0.100586 0.000229716
9 0.345703 0.615234 0.310547 0.298828 0.000231147
10 0.187988 0.713867 0.0419922 0.0742188 0.000231743
8 0.516602 0.604004 0.0136719 0.0146484 0.000231981
12 0.76123 0.529785 0.274414 0.25293 0.000236988
12 0.329102 0.64502 0.240234 0.0517578 0.000238776
11 0.609863 0.201172 0.0654297 0.0390625 0.000238776
0 0.251953 0.858887 0.357422 0.264648 0.000239372
13 0.379883 0.248047 0.0292969 0.0449219 0.000241637
8 0.359375 0.274902 0.0117188 0.0107422 0.000242352
13 0.769531 0.349121 0.105469 0.0869141 0.000245571
13 0.81543 0.17334 0.132812 0.0263672 0.000247955
8 0.638672 0.344727 0.0117188 0.0117188 0.000249147
11 0.296387 0.483887 0.182617 0.0947266 0.000249147
0 0.618164 0.368164 0.210938 0.166016 0.000249386
9 0.750977 0.849609 0.144531 0.267578 0.000254869
7 0.72998 0.662598 0.135742 0.0341797 0.000259161
9 0.32373 0.492188 0.18457 0.0625 0.000259638
7 0.765625 0.458496 0.193359 0.170898 0.000263453
9 0.250488 0.0952148 0.500977 0.180664 0.000265837
9 0.668457 0.492188 0.0576172 0.0761719 0.000266552
8 0.76123 0.529785 0.274414 0.25293 0.000272751
9 0.212891 0.266113 0.425781 0.532227 0.000274181
7 0.270996 0.522461 0.0830078 0.0332031 0.00027442
13 0.411621 0.504883 0.108398 0.117188 0.000276327
9 0.819336 0.538086 0.101562 0.0703125 0.000278473
13 0.744141 0.344727 0.0878906 0.0585938 0.000282049
9 0.537598 0.640625 0.155273 0.214844 0.000284195
8 0.447266 0.274414 0.0136719 0.0175781 0.00028491
9 0.334473 0.295898 0.256836 0.269531 0.00028944
5 0.59668 0.349609 0.103516 0.105469 0.000290394
11 0.737305 0.215332 0.0585938 0.0478516 0.000291586
13 0.595703 0.349121 0.105469 0.106445 0.000291586
2 0.632812 0.394531 0.0507812 0.0488281 0.000294924
1 0.59668 0.349609 0.103516 0.105469 0.000296116
11 0.327637 0.572754 0.286133 0.233398 0.000297308
13 0.650391 0.251465 0.0273438 0.0517578 0.000298262
9 0.908691 0.850586 0.182617 0.298828 0.000298738
0 0.552246 0.433105 0.172852 0.323242 0.000302792
8 0.4375 0.293945 0.00976562 0.00976562 0.000304222
13 0.76123 0.529785 0.274414 0.25293 0.000310659
9 0.639648 0.38916 0.0292969 0.0205078 0.000313282
9 0.500977 0.571289 0.0625 0.0449219 0.000313997
13 0.376953 0.25293 0.0195312 0.0292969 0.000315905
11 0.650879 0.188477 0.0458984 0.0136719 0.000322342
9 0.371094 0.657227 0.179688 0.0507812 0.000326872
11 0.401367 0.19043 0.0507812 0.0117188 0.000327826
9 0.630859 0.407227 0.046875 0.0683594 0.000328779
12 0.770996 0.338379 0.166992 0.198242 0.00033617
1 0.255371 0.508789 0.120117 0.140625 0.000338554
9 0.585938 0.585938 0.228516 0.207031 0.0003438
7 0.322754 0.668945 0.249023 0.0742188 0.000347376
7 0.239746 0.493164 0.0927734 0.113281 0.000347614
9 0.858887 0.345703 0.0576172 0.0390625 0.000348568
2 0.722656 0.660645 0.144531 0.0341797 0.000353575
9 0.772461 0.335938 0.0820312 0.0644531 0.000353813
8 0.200195 0.661133 0.0371094 0.046875 0.000363588
9 0.277344 0.540039 0.0878906 0.0449219 0.000370026
11 0.425781 0.189941 0.078125 0.0224609 0.000370502
2 0.638672 0.344727 0.0117188 0.0117188 0.000376225
8 0.59668 0.349609 0.103516 0.105469 0.000380039
13 0.276855 0.521973 0.108398 0.0478516 0.000386477
9 0.759277 0.652344 0.139648 0.0488281 0.00039196
11 0.59668 0.349609 0.103516 0.105469 0.000396729
13 0.744629 0.5 0.151367 0.0820312 0.000400066
7 0.20166 0.659668 0.0419922 0.0595703 0.000406742
10 0.328613 0.680664 0.280273 0.0957031 0.000407934
9 0.802734 0.535156 0.144531 0.113281 0.000416517
9 0.200195 0.661133 0.0371094 0.046875 0.000418186
11 0.416016 0.174805 0.0839844 0.0175781 0.000421762
4 0.1875 0.955078 0.0976562 0.0878906 0.000422001
6 0.312988 0.492188 0.186523 0.078125 0.000438929
13 0.275879 0.527832 0.0498047 0.0283203 0.000442505
7 0.327637 0.572754 0.286133 0.233398 0.000444651
2 0.632324 0.391113 0.0322266 0.0302734 0.000451565
9 0.646484 0.386719 0.015625 0.0117188 0.000455379
10 0.76123 0.529785 0.274414 0.25293 0.000458241
9 0.32373 0.620117 0.280273 0.0917969 0.000458479
12 0.255371 0.508789 0.120117 0.140625 0.000459433
7 0.329102 0.646484 0.232422 0.0390625 0.000459909
8 0.73584 0.262207 0.0322266 0.0302734 0.000463486
8 0.272949 0.527344 0.0478516 0.0234375 0.000468969
13 0.651855 0.275391 0.0322266 0.101562 0.000471354
5 0.209961 0.0737305 0.419922 0.141602 0.000478506
7 0.765137 0.39209 0.233398 0.37793 0.000479221
4 0.76123 0.529785 0.274414 0.25293 0.000482559
6 0.76123 0.529785 0.274414 0.25293 0.000484467
13 0.24707 0.503418 0.0820312 0.0341797 0.000484467
11 0.328125 0.667969 0.234375 0.0703125 0.000487804
8 0.78418 0.630371 0.0175781 0.0146484 0.000492096
13 0.310547 0.26709 0.0390625 0.0244141 0.000506401
11 0.722656 0.660645 0.144531 0.0341797 0.000515938
13 0.320312 0.279785 0.0664062 0.0517578 0.000521183
11 0.765137 0.39209 0.233398 0.37793 0.00052166
11 0.328613 0.210938 0.0517578 0.0429688 0.000536442
8 0.260254 0.522461 0.133789 0.150391 0.00055027
11 0.386719 0.185547 0.0722656 0.0195312 0.000552177
2 0.329102 0.646484 0.232422 0.0390625 0.000553608
11 0.706543 0.200195 0.0869141 0.0488281 0.000555515
8 0.399902 0.306152 0.0146484 0.0126953 0.000578403
9 0.770996 0.338379 0.166992 0.198242 0.000591755
2 0.595703 0.344238 0.101562 0.0947266 0.000600338
12 0.333008 0.659668 0.298828 0.102539 0.000605106
10 0.59668 0.349609 0.103516 0.105469 0.000608921
8 0.276367 0.479004 0.146484 0.0986328 0.000613213
9 0.160645 0.235352 0.0595703 0.0449219 0.000633717
7 0.25 0.530273 0.123047 0.164062 0.000647068
9 0.273438 0.473145 0.142578 0.106445 0.000650406
7 0.306152 0.497559 0.137695 0.0478516 0.000653267
13 0.329102 0.29541 0.0898438 0.0478516 0.000656605
13 0.936035 0.903809 0.125977 0.188477 0.00067997
7 0.280273 0.533203 0.138672 0.078125 0.000680447
12 0.327637 0.572754 0.286133 0.233398 0.000682354
9 0.76123 0.529785 0.274414 0.25293 0.000683308
9 0.1875 0.955078 0.0976562 0.0878906 0.000692844
0 0.559082 0.355957 0.19043 0.124023 0.000696182
13 0.25 0.508301 0.123047 0.116211 0.000708103
7 0.275879 0.527832 0.0498047 0.0283203 0.000713825
9 0.505371 0.585938 0.0947266 0.0742188 0.00073576
7 0.824707 0.484375 0.0966797 0.109375 0.000774384
8 0.230469 0.614258 0.0175781 0.015625 0.000774384
1 0.295898 0.48291 0.183594 0.0947266 0.000775814
9 0.262695 0.329102 0.0253906 0.0371094 0.000782967
11 0.359863 0.196777 0.0693359 0.0283203 0.000815392
9 0.59668 0.349609 0.103516 0.105469 0.000827789
3 0.8125 0.0917969 0.373047 0.140625 0.000834942
9 0.323242 0.649902 0.132812 0.0302734 0.000840187
13 0.20752 0.0805664 0.411133 0.155273 0.000851631
9 0.525391 0.576172 0.148438 0.140625 0.000854492
9 0.204102 0.339355 0.0136719 0.0205078 0.000857353
11 0.327637 0.63916 0.264648 0.0537109 0.000868797
9 0.280273 0.533203 0.138672 0.078125 0.000869274
5 0.82666 0.0869141 0.334961 0.154297 0.000876427
9 0.683594 0.672852 0.169922 0.0332031 0.000878811
9 0.183594 0.34082 0.0605469 0.0332031 0.000881195
8 0.4375 0.446777 0.015625 0.0126953 0.000911236
11 0.643555 0.180176 0.0683594 0.0166016 0.000917435
13 0.267578 0.347656 0.0351562 0.0664062 0.000994682
7 0.296387 0.486328 0.28418 0.261719 0.00104237
3 0.595703 0.349121 0.105469 0.106445 0.00108147
9 0.277344 0.632324 0.169922 0.0615234 0.00108719
9 0.77832 0.325684 0.0527344 0.0400391 0.00109959
13 0.270508 0.48291 0.123047 0.0791016 0.00111866
11 0.34375 0.203125 0.0683594 0.0351562 0.00112629
8 0.638184 0.388184 0.0302734 0.0205078 0.00114822
11 0.255371 0.508789 0.120117 0.140625 0.00115204
7 0.761719 0.478027 0.142578 0.102539 0.00126553
11 0.621094 0.175781 0.09375 0.0273438 0.00127506
12 0.760742 0.352539 0.234375 0.347656 0.00129604
11 0.718262 0.200195 0.0517578 0.0351562 0.00130367
13 0.743652 0.342773 0.0615234 0.0351562 0.00130463
9 0.277344 0.532227 0.0507812 0.03125 0.0013237
0 0.791504 0.50293 0.157227 0.138672 0.00133324
11 0.606445 0.195312 0.0488281 0.0234375 0.001441
11 0.394531 0.190918 0.0898438 0.0146484 0.00144958
13 0.311523 0.529785 0.269531 0.239258 0.00145531
11 0.633301 0.187012 0.12207 0.0439453 0.00145817
2 0.639648 0.347168 0.0078125 0.00683594 0.00148678
10 0.876465 0.755371 0.0244141 0.0302734 0.00153923
0 0.306641 0.512695 0.214844 0.158203 0.00155258
7 0.335938 0.475098 0.238281 0.106445 0.00169373
3 0.307129 0.508789 0.213867 0.160156 0.00178719
9 0.725586 0.665527 0.164062 0.0693359 0.00182343
8 0.1875 0.955078 0.0976562 0.0878906 0.00188923
13 0.779785 0.320801 0.0498047 0.0361328 0.00189209
11 0.876465 0.755371 0.0244141 0.0302734 0.00191307
12 0.334961 0.330078 0.275391 0.308594 0.0019989
7 0.1875 0.955078 0.0976562 0.0878906 0.0020256
8 0.639648 0.34668 0.0078125 0.0078125 0.00204277
11 0.44043 0.170898 0.0625 0.0136719 0.00214767
13 0.741699 0.657227 0.137695 0.0371094 0.00221062
2 0.79248 0.506836 0.15918 0.140625 0.0022583
11 0.338867 0.648438 0.171875 0.0371094 0.00226212
3 0.79248 0.503418 0.15918 0.141602 0.0023098
11 0.63916 0.186035 0.0595703 0.0146484 0.00231361
11 0.668457 0.1875 0.0869141 0.0195312 0.00235939
13 0.277832 0.633789 0.165039 0.0566406 0.00242043
2 0.639648 0.38916 0.0292969 0.0205078 0.00245285
9 0.329102 0.48584 0.257812 0.131836 0.00255203
9 0.327148 0.40918 0.273438 0.357422 0.00256348
7 0.76123 0.529785 0.274414 0.25293 0.00258446
11 0.658691 0.18457 0.0576172 0.0136719 0.00269127
2 0.317383 0.505859 0.240234 0.162109 0.00271034
12 0.791504 0.504395 0.155273 0.137695 0.0028038
13 0.316895 0.304199 0.0517578 0.0263672 0.00284195
5 0.781738 0.506348 0.182617 0.135742 0.00302315
11 0.424805 0.181152 0.0839844 0.0224609 0.00308037
0 0.613281 0.33252 0.0625 0.0673828 0.00310326
11 0.18457 0.733398 0.03125 0.0390625 0.00311279
6 0.265625 0.489258 0.142578 0.109375 0.00326157
9 0.359375 0.64502 0.138672 0.0283203 0.00336647
10 0.18457 0.733398 0.03125 0.0390625 0.00344276
13 0.32373 0.48584 0.18457 0.0634766 0.00357246
5 0.307129 0.508789 0.213867 0.160156 0.00358772
9 0.765137 0.39209 0.233398 0.37793 0.00359535
4 0.282227 0.483398 0.146484 0.0839844 0.00368118
9 0.303223 0.544434 0.262695 0.227539 0.00378227
11 0.79248 0.503418 0.15918 0.141602 0.00391769
9 0.308105 0.664551 0.206055 0.0615234 0.00420761
13 0.314453 0.645996 0.208984 0.0380859 0.00475311
12 0.317383 0.505859 0.240234 0.162109 0.00489807
11 0.317383 0.505859 0.240234 0.162109 0.00524902
13 0.769043 0.333496 0.0693359 0.0517578 0.00557709
2 0.646484 0.387695 0.015625 0.0117188 0.0055809
11 0.666016 0.189941 0.138672 0.0283203 0.00579834
13 0.262207 0.329102 0.0263672 0.0351562 0.00636292
11 0.625977 0.19043 0.0800781 0.0195312 0.00734711
9 0.327148 0.665039 0.283203 0.121094 0.00737762
8 0.646484 0.386719 0.015625 0.0117188 0.0075798
9 0.53418 0.526367 0.15625 0.320312 0.00764465
10 0.791504 0.505859 0.15918 0.138672 0.00764465
1 0.790039 0.506348 0.160156 0.141602 0.00784302
1 0.312988 0.503906 0.231445 0.166016 0.0121307
9 0.775879 0.501465 0.186523 0.131836 0.0149384
7 0.282227 0.483398 0.144531 0.0839844 0.0149918
9 0.282227 0.518555 0.169922 0.150391 0.0164642
13 0.774902 0.501465 0.18457 0.131836 0.0187683
10 0.307129 0.508789 0.213867 0.160156 0.0210419
8 0.317383 0.505859 0.240234 0.162109 0.0238647
9 0.329102 0.646484 0.232422 0.0390625 0.0292358
11 0.643066 0.184082 0.110352 0.0205078 0.0301514
13 0.310059 0.491211 0.213867 0.123047 0.0339661
9 0.722168 0.663086 0.139648 0.0332031 0.0352783
8 0.79248 0.503418 0.15918 0.141602 0.0410767
6 0.78125 0.506348 0.179688 0.137695 0.0606689
6 0.301758 0.504883 0.212891 0.162109 0.0624084
4 0.304688 0.51123 0.207031 0.151367 0.0726318
4 0.791504 0.505371 0.157227 0.139648 0.0975342
7 0.791504 0.505859 0.15918 0.138672 0.253418
7 0.304688 0.51123 0.208984 0.151367 0.253418
0 0.595703 0.344238 0.101562 0.0947266 0.438232
