8 0.648438 0.427734 0.0253906 0.0234375 0.000100732
0 0.951172 0.920898 0.0976562 0.158203 0.000100911
13 0.654785 0.314453 0.0478516 0.0585938 0.000101089
1 0.560059 0.654297 0.407227 0.154297 0.000101566
5 0.777832 0.453613 0.15332 0.22168 0.000103533
13 0.861816 0.132324 0.276367 0.229492 0.000105202
9 0.302246 0.976074 0.0751953 0.0419922 0.000105262
13 0.361328 0.591797 0.0488281 0.03125 0.00010699
2 0.0722656 0.216309 0.136719 0.106445 0.000107646
10 0.541016 0.378906 0.1875 0.164062 0.000108302
8 0.294434 0.288574 0.0419922 0.0322266 0.000108778
13 0.32373 0.30127 0.139648 0.174805 0.000110447
11 0.373535 0.22168 0.0302734 0.0234375 0.000110626
11 0.560059 0.654297 0.407227 0.154297 0.000114202
9 0.967773 0.149902 0.0644531 0.27832 0.000114739
11 0.608887 0.19043 0.0615234 0.0214844 0.000114799
13 0.35791 0.25293 0.0615234 0.0976562 0.000114858
9 0.12207 0.641602 0.0117188 0.00976562 0.000117421
0 0.187012 0.912598 0.334961 0.174805 0.00011915
11 0.401855 0.191895 0.0517578 0.0341797 0.000120997
8 0.428223 0.317871 0.0673828 0.116211 0.000123382
9 0.757812 0.688965 0.09375 0.0732422 0.00012362
13 0.186523 0.647461 0.0859375 0.0273438 0.000124454
8 0.368652 0.46875 0.0458984 0.0410156 0.000126362
8 0.679688 0.365723 0.0195312 0.0166016 0.000126481
2 0.560059 0.654297 0.407227 0.154297 0.000127912
9 0.966309 0.150391 0.0654297 0.0507812 0.000129223
5 0.154297 0.537598 0.166016 0.34668 0.000129342
11 0.234375 0.235352 0.101562 0.0820312 0.000129461
9 0.502441 0.487305 0.235352 0.417969 0.000131965
5 0.849121 0.563965 0.141602 0.311523 0.000135303
0 0.572266 0.420898 0.101562 0.208984 0.000135422
3 0.541016 0.378906 0.1875 0.164062 0.000139356
9 0.679199 0.594238 0.0263672 0.0205078 0.000139356
8 0.338379 0.657227 0.0537109 0.0429688 0.000141263
13 0.376465 0.55957 0.0185547 0.0136719 0.000141382
5 0.832031 0.0522461 0.335938 0.0830078 0.000147223
13 0.378418 0.558594 0.0302734 0.0195312 0.000150084
5 0.0532227 0.0791016 0.106445 0.158203 0.000153899
11 0.725098 0.217773 0.0615234 0.0410156 0.000154972
0 0.559082 0.65625 0.413086 0.1875 0.000157952
11 0.365723 0.178223 0.0966797 0.0166016 0.000159144
10 0.949219 0.90332 0.101562 0.177734 0.000160933
13 0.646484 0.359863 0.140625 0.151367 0.000162005
11 0.624512 0.202637 0.135742 0.0615234 0.00016284
7 0.421875 0.282227 0.0976562 0.169922 0.000165582
8 0.206055 0.683594 0.0136719 0.0136719 0.000165582
13 0.76709 0.38916 0.0517578 0.0322266 0.000166774
12 0.560059 0.654297 0.407227 0.154297 0.000167251
13 0.744141 0.397949 0.0722656 0.0263672 0.000168085
11 0.350586 0.195801 0.0605469 0.0185547 0.000169635
8 0.324707 0.638184 0.0263672 0.0244141 0.000170469
5 0.560059 0.654297 0.407227 0.154297 0.000171304
3 0.81543 0.0541992 0.369141 0.0810547 0.000171423
9 0.421875 0.282227 0.0976562 0.169922 0.000172019
13 0.204102 0.384277 0.177734 0.245117 0.000174046
13 0.69043 0.295898 0.0429688 0.0683594 0.000178814
13 0.780762 0.62793 0.0419922 0.046875 0.000180364
13 0.373535 0.270508 0.0791016 0.144531 0.000181794
10 0.938477 0.805664 0.0253906 0.0371094 0.000185132
11 0.938477 0.805664 0.0253906 0.0371094 0.00018692
13 0.39209 0.543945 0.0458984 0.0390625 0.000190258
13 0.268555 0.295898 0.0332031 0.046875 0.000190973
13 0.163086 0.640625 0.0898438 0.03125 0.000201821
10 0.0527344 0.792969 0.0292969 0.0390625 0.000202775
11 0.623535 0.181152 0.0595703 0.0126953 0.000207305
8 0.714844 0.246582 0.0332031 0.0283203 0.000209928
3 0.641113 0.944336 0.717773 0.111328 0.00021112
7 0.158203 0.519531 0.183594 0.345703 0.000213742
13 0.646973 0.270508 0.135742 0.150391 0.000216842
10 0.560059 0.654297 0.407227 0.154297 0.000220537
11 0.413086 0.20459 0.0546875 0.0517578 0.000225067
8 0.676758 0.972168 0.0605469 0.0556641 0.000228167
13 0.630371 0.461914 0.0771484 0.0273438 0.000228167
6 0.56543 0.365234 0.121094 0.113281 0.000240207
0 0.565918 0.36084 0.0634766 0.0830078 0.000242114
11 0.0527344 0.79541 0.0214844 0.0322266 0.000242233
9 0.678711 0.594727 0.0175781 0.0136719 0.00024724
2 0.678711 0.595215 0.0175781 0.0126953 0.000251532
13 0.612305 0.249023 0.078125 0.0898438 0.000252485
5 0.197754 0.400391 0.155273 0.244141 0.000262976
11 0.600586 0.219238 0.0898438 0.0771484 0.000265121
9 0.376953 0.399902 0.0507812 0.0439453 0.000269413
6 0.203613 0.367676 0.118164 0.182617 0.00026989
9 0.507812 0.396973 0.228516 0.174805 0.000274181
8 0.169922 0.677734 0.0117188 0.00976562 0.000277996
0 0.0473633 0.936523 0.0947266 0.126953 0.000278234
9 0.749512 0.496094 0.334961 0.494141 0.000282526
7 0.308105 0.975586 0.0830078 0.0429688 0.000290632
13 0.379883 0.598633 0.046875 0.015625 0.000307083
8 0.29834 0.657715 0.0107422 0.00878906 0.000315666
11 0.643555 0.195801 0.105469 0.0224609 0.000330448
6 0.177246 0.477051 0.209961 0.418945 0.000332355
7 0.56543 0.365234 0.121094 0.113281 0.000344038
4 0.56543 0.365234 0.121094 0.113281 0.00036335
11 0.644531 0.186523 0.126953 0.0234375 0.000366688
11 0.69043 0.217285 0.171875 0.0791016 0.000374794
11 0.563965 0.236328 0.0751953 0.09375 0.000375509
11 0.344238 0.200684 0.137695 0.0576172 0.000389814
12 0.56543 0.365234 0.121094 0.113281 0.000392675
9 0.202148 0.357422 0.115234 0.185547 0.000395775
11 0.671387 0.193848 0.0986328 0.0322266 0.000408173
8 0.64209 0.388672 0.0283203 0.0214844 0.000409842
8 0.352539 0.438477 0.0117188 0.0117188 0.000413656
9 0.560059 0.654297 0.407227 0.154297 0.000430346
7 0.81543 0.487793 0.197266 0.387695 0.000447989
9 0.177246 0.477051 0.209961 0.418945 0.000456095
5 0.568359 0.364746 0.115234 0.112305 0.000468016
8 0.679199 0.594238 0.0263672 0.0205078 0.000483513
11 0.577148 0.193359 0.0625 0.0371094 0.000487804
11 0.247559 0.219727 0.0693359 0.0546875 0.000491619
13 0.56543 0.365234 0.121094 0.113281 0.000496387
11 0.359375 0.186035 0.0996094 0.0244141 0.000500202
1 0.56543 0.365234 0.121094 0.113281 0.000515938
11 0.56543 0.365234 0.121094 0.113281 0.000528336
6 0.81543 0.487793 0.197266 0.387695 0.000528812
9 0.769531 0.70166 0.0605469 0.0458984 0.000534534
11 0.305176 0.199707 0.12207 0.0439453 0.000538349
7 0.774414 0.702148 0.0605469 0.0449219 0.00058651
8 0.375977 0.399902 0.0449219 0.0439453 0.000587463
8 0.375977 0.557617 0.0136719 0.0117188 0.000605583
8 0.568359 0.364746 0.115234 0.112305 0.000647068
11 0.587402 0.178223 0.0537109 0.0166016 0.000662327
8 0.772461 0.703125 0.0566406 0.0449219 0.000695229
11 0.580566 0.210938 0.0458984 0.0371094 0.000698566
11 0.395508 0.202637 0.0644531 0.0380859 0.00075388
7 0.188965 0.407715 0.180664 0.295898 0.000797749
2 0.56543 0.365234 0.121094 0.113281 0.000843525
7 0.202148 0.357422 0.115234 0.185547 0.000853539
5 0.750977 0.509277 0.328125 0.536133 0.000864029
0 0.50293 0.431641 0.216797 0.248047 0.000867844
13 0.675293 0.312012 0.108398 0.163086 0.000935555
10 0.56543 0.365234 0.121094 0.113281 0.000948429
11 0.27832 0.210449 0.121094 0.0615234 0.00107384
9 0.56543 0.365234 0.121094 0.113281 0.00122643
7 0.427246 0.316406 0.0634766 0.117188 0.00130463
9 0.821289 0.490234 0.179688 0.357422 0.00142384
9 0.427246 0.316406 0.0634766 0.117188 0.00143719
11 0.615234 0.182617 0.09375 0.0175781 0.00150013
11 0.593262 0.185059 0.0693359 0.0263672 0.00150681
8 0.301758 0.976074 0.0703125 0.0419922 0.00150871
11 0.646973 0.199219 0.170898 0.0332031 0.00160217
13 0.265625 0.282227 0.0214844 0.0546875 0.00162029
11 0.745605 0.230469 0.0556641 0.0429688 0.00175285
11 0.691406 0.20459 0.107422 0.0458984 0.00181293
11 0.32959 0.195801 0.0888672 0.0302734 0.00196075
13 0.675781 0.318359 0.0703125 0.0898438 0.00209427
8 0.12207 0.641602 0.0117188 0.0117188 0.00209427
3 0.56543 0.365234 0.121094 0.113281 0.00233078
11 0.577148 0.212402 0.0683594 0.0556641 0.00237846
5 0.21875 0.501465 0.283203 0.44043 0.00260925
8 0.678711 0.595703 0.015625 0.0117188 0.00295258
0 0.541016 0.378906 0.1875 0.164062 0.00333405
11 0.614258 0.192871 0.0996094 0.0302734 0.00370407
0 0.588379 0.351562 0.0693359 0.0820312 0.00536728
11 0.363281 0.199219 0.105469 0.0292969 0.00658417
11 0.591797 0.201172 0.0761719 0.0390625 0.00783539
11 0.722168 0.218262 0.100586 0.0576172 0.00798035
5 0.81543 0.487793 0.197266 0.387695 0.015152
3 0.561035 0.653809 0.407227 0.147461 0.109436
0 0.56543 0.36377 0.121094 0.110352 0.482422
