13 0.224121 0.390625 0.21582 0.0683594 0.000147462
11 0.226074 0.148438 0.0751953 0.0605469 0.000148177
12 0.638184 0.115723 0.204102 0.0673828 0.000148296
9 0.258789 0.255859 0.3125 0.314453 0.000149727
2 0.528809 0.307129 0.168945 0.131836 0.000150442
3 0.804688 0.0869141 0.390625 0.169922 0.000150919
9 0.42041 0.96875 0.47168 0.0625 0.000151396
10 0.074707 0.719238 0.0400391 0.0830078 0.000151992
10 0.893555 0.616699 0.0722656 0.12793 0.000152111
13 0.638184 0.115723 0.204102 0.0673828 0.000152349
9 0.413086 0.550781 0.138672 0.294922 0.000152349
8 0.52002 0.460938 0.0302734 0.03125 0.000153303
13 0.744141 0.268066 0.0449219 0.0400391 0.000153542
1 0.297852 0.124512 0.207031 0.0751953 0.000154495
11 0.129883 0.257812 0.046875 0.078125 0.000154734
12 0.497559 0.419922 0.211914 0.517578 0.000154853
6 0.270996 0.152344 0.229492 0.0898438 0.000155568
13 0.565918 0.17334 0.104492 0.182617 0.000156999
7 0.873535 0.648438 0.131836 0.113281 0.000158906
13 0.811035 0.457031 0.149414 0.121094 0.000160217
5 0.806152 0.629395 0.15918 0.0947266 0.000163794
8 0.176758 0.383789 0.0253906 0.0195312 0.00016439
13 0.270996 0.37793 0.0771484 0.0273438 0.00016439
8 0.260254 0.498535 0.0224609 0.0146484 0.000164747
11 0.331055 0.145508 0.177734 0.126953 0.000165701
9 0.590332 0.475098 0.418945 0.461914 0.000165939
6 0.851562 0.613281 0.119141 0.123047 0.000165939
9 0.522461 0.246582 0.0644531 0.0517578 0.000166297
9 0.79541 0.121582 0.387695 0.21582 0.000167012
9 0.271484 0.173828 0.253906 0.183594 0.000167131
10 0.677246 0.163574 0.303711 0.231445 0.000167251
13 0.662598 0.257324 0.0478516 0.0537109 0.000167489
0 0.271484 0.173828 0.253906 0.183594 0.000167489
13 0.865723 0.611328 0.0966797 0.125 0.000167727
9 0.216309 0.537109 0.213867 0.208984 0.000168562
11 0.305176 0.131836 0.0751953 0.0214844 0.000169158
7 0.248535 0.682617 0.385742 0.128906 0.000169873
0 0.733887 0.523438 0.258789 0.273438 0.000172019
0 0.0205078 0.390137 0.0410156 0.198242 0.000173569
9 0.552734 0.335938 0.125 0.207031 0.000173926
9 0.688477 0.442871 0.132812 0.0791016 0.000177622
12 0.551758 0.282715 0.109375 0.124023 0.000179768
2 0.520996 0.26709 0.0908203 0.0849609 0.000179768
8 0.411133 0.621094 0.0527344 0.0507812 0.000180364
13 0.670898 0.246094 0.0800781 0.119141 0.000183702
11 0.074707 0.719238 0.0400391 0.0830078 0.000184894
9 0.549316 0.162109 0.0810547 0.171875 0.000186205
9 0.364746 0.672852 0.186523 0.138672 0.000186563
7 0.907227 0.629395 0.0605469 0.12207 0.000187755
2 0.519043 0.314453 0.0341797 0.0332031 0.000188231
13 0.385254 0.458008 0.0576172 0.0351562 0.000188589
2 0.302734 0.137207 0.205078 0.0517578 0.000188589
11 0.187988 0.182129 0.12793 0.104492 0.000191331
3 0.623535 0.654297 0.487305 0.179688 0.000191927
11 0.767578 0.248535 0.0742188 0.112305 0.000193
11 0.126465 0.270996 0.0341797 0.0458984 0.000193119
13 0.388672 0.613281 0.0917969 0.0488281 0.000193238
9 0.828125 0.62793 0.128906 0.0957031 0.000194073
3 0.604004 0.605469 0.258789 0.167969 0.000194192
9 0.123047 0.282715 0.0410156 0.0712891 0.000194192
13 0.256348 0.425293 0.245117 0.217773 0.000194788
11 0.632324 0.0844727 0.161133 0.0322266 0.00019908
11 0.153809 0.223633 0.106445 0.134766 0.000199199
11 0.537598 0.232422 0.166992 0.240234 0.000199676
0 0.443848 0.461914 0.0400391 0.0410156 0.000200033
9 0.454102 0.468262 0.125 0.256836 0.000200987
6 0.804688 0.630371 0.15625 0.0908203 0.000201464
8 0.567383 0.282227 0.0683594 0.0585938 0.000202298
11 0.913086 0.63623 0.101562 0.174805 0.000204802
9 0.0234375 0.259766 0.046875 0.0878906 0.00020647
10 0.885742 0.490234 0.0800781 0.337891 0.00020659
5 0.493164 0.449707 0.191406 0.514648 0.000207543
11 0.394043 0.163574 0.0810547 0.0908203 0.000208855
13 0.844727 0.64209 0.0957031 0.0595703 0.000209451
9 0.161133 0.677734 0.177734 0.109375 0.000210404
11 0.564941 0.28125 0.0771484 0.0644531 0.000213385
7 0.796387 0.663086 0.276367 0.121094 0.000217557
13 0.29834 0.553711 0.0986328 0.113281 0.000219464
10 0.131836 0.967285 0.207031 0.0634766 0.000220537
9 0.839355 0.271973 0.321289 0.543945 0.000220656
12 0.271484 0.173828 0.253906 0.183594 0.000222683
11 0.37207 0.137695 0.0859375 0.0332031 0.000224233
7 0.402832 0.195801 0.0908203 0.196289 0.000230551
13 0.734863 0.376953 0.260742 0.302734 0.000242352
8 0.755859 0.217285 0.0332031 0.0341797 0.000244617
2 0.901367 0.512695 0.0625 0.320312 0.000246048
5 0.250488 0.671875 0.375977 0.121094 0.000247478
3 0.554199 0.292969 0.114258 0.134766 0.000252724
7 0.910645 0.561523 0.0595703 0.261719 0.000256062
11 0.872559 0.626465 0.12207 0.114258 0.000258923
1 0.271484 0.173828 0.253906 0.183594 0.000260592
2 0.729492 0.537598 0.257812 0.270508 0.000262022
11 0.731445 0.470215 0.1875 0.124023 0.000262737
10 0.875977 0.586426 0.111328 0.174805 0.000263214
13 0.733887 0.272461 0.124023 0.144531 0.000266314
13 0.143555 0.342773 0.0761719 0.0527344 0.000267982
9 0.222168 0.456543 0.286133 0.358398 0.000269651
9 0.865723 0.611328 0.0966797 0.125 0.000271082
9 0.0244141 0.679688 0.0371094 0.0429688 0.000271082
9 0.225098 0.651855 0.27832 0.0712891 0.000272751
11 0.187988 0.129883 0.290039 0.203125 0.000276804
7 0.552734 0.291016 0.113281 0.136719 0.000278473
13 0.82959 0.29248 0.0439453 0.0263672 0.000281572
11 0.668945 0.0952148 0.3125 0.0888672 0.000283241
11 0.5625 0.150879 0.0859375 0.0927734 0.000284433
13 0.661621 0.247559 0.0263672 0.0498047 0.000285864
2 0.708008 0.45459 0.169922 0.102539 0.000296116
9 0.743164 0.358887 0.304688 0.331055 0.000296354
9 0.462891 0.0693359 0.03125 0.03125 0.000296354
11 0.899414 0.519531 0.0507812 0.164062 0.000297308
10 0.927734 0.67334 0.0585938 0.133789 0.0002985
13 0.420898 0.30957 0.0429688 0.0644531 0.000301361
3 0.668945 0.131836 0.271484 0.111328 0.000303745
7 0.569336 0.277344 0.0429688 0.0410156 0.000304699
11 0.8125 0.238281 0.126953 0.175781 0.000305653
9 0.52002 0.460938 0.0302734 0.03125 0.000309706
7 0.84375 0.553711 0.171875 0.25 0.000311613
9 0.462402 0.45752 0.102539 0.12793 0.000312328
8 0.606445 0.258301 0.015625 0.0126953 0.000314236
1 0.638184 0.115723 0.204102 0.0673828 0.000317335
10 0.31543 0.12793 0.189453 0.0390625 0.000319958
13 0.739746 0.26709 0.0654297 0.0751953 0.00032115
8 0.307617 0.272949 0.0332031 0.0283203 0.00032258
2 0.521484 0.257812 0.0585938 0.0585938 0.000323057
11 0.27002 0.120605 0.202148 0.0830078 0.000329733
7 0.555176 0.179199 0.0830078 0.186523 0.000331163
9 0.260742 0.782715 0.447266 0.30957 0.000331879
5 0.26416 0.551758 0.178711 0.138672 0.000332355
7 0.775391 0.577637 0.208984 0.219727 0.000332355
1 0.552734 0.291016 0.113281 0.136719 0.000334263
2 0.668945 0.131836 0.271484 0.111328 0.00033617
13 0.271484 0.173828 0.253906 0.183594 0.00033617
13 0.309082 0.362305 0.137695 0.078125 0.000336885
3 0.532227 0.968262 0.560547 0.0634766 0.000344276
7 0.649902 0.120117 0.24707 0.0761719 0.000344515
11 0.62793 0.0805664 0.078125 0.0205078 0.000346184
9 0.402832 0.627441 0.0927734 0.0888672 0.000347614
11 0.731934 0.520508 0.237305 0.253906 0.000349998
9 0.668945 0.131836 0.271484 0.111328 0.000352144
2 0.581543 0.280762 0.0302734 0.0341797 0.000355959
11 0.391602 0.150391 0.0703125 0.046875 0.000356436
11 0.321777 0.126953 0.0771484 0.0175781 0.000360966
9 0.940918 0.20166 0.0595703 0.0400391 0.000365019
8 0.347168 0.318848 0.0107422 0.00878906 0.000369787
2 0.51709 0.258789 0.0302734 0.0292969 0.000372887
1 0.730957 0.518066 0.239258 0.25293 0.000377893
13 0.702637 0.256836 0.18457 0.214844 0.000379562
13 0.236328 0.384277 0.154297 0.0419922 0.000387192
13 0.668945 0.131836 0.271484 0.111328 0.000390768
9 0.443359 0.457031 0.0644531 0.0859375 0.000393867
11 0.167969 0.203613 0.181641 0.211914 0.000401735
11 0.348633 0.10498 0.125 0.0322266 0.000402689
0 0.539551 0.259766 0.104492 0.0878906 0.00040555
0 0.568359 0.276855 0.0742188 0.0810547 0.000406504
13 0.741699 0.421875 0.133789 0.0585938 0.000419378
13 0.313965 0.549805 0.0458984 0.09375 0.000425816
4 0.270996 0.152344 0.229492 0.0898438 0.00043726
11 0.668945 0.104492 0.119141 0.0488281 0.000438452
3 0.588867 0.495117 0.501953 0.332031 0.00043869
10 0.729492 0.537598 0.257812 0.270508 0.000439405
11 0.921875 0.682129 0.0546875 0.120117 0.000440836
12 0.314941 0.127441 0.194336 0.0458984 0.00044179
9 0.899414 0.490234 0.0644531 0.341797 0.000445604
12 0.729492 0.537598 0.257812 0.270508 0.00044632
9 0.782715 0.672852 0.30957 0.0957031 0.000448227
6 0.724609 0.466797 0.201172 0.125 0.000448465
10 0.255859 0.979492 0.386719 0.0410156 0.00045228
0 0.639648 0.123047 0.214844 0.0957031 0.000458717
13 0.570312 0.279297 0.0410156 0.0390625 0.000461578
3 0.718262 0.546875 0.280273 0.265625 0.000461817
8 0.270996 0.152344 0.229492 0.0898438 0.000463486
13 0.88916 0.635254 0.0771484 0.0810547 0.000503063
10 0.891113 0.661621 0.12793 0.151367 0.000507355
10 0.271484 0.173828 0.253906 0.183594 0.000512123
10 0.256836 0.915527 0.414062 0.168945 0.000514984
13 0.815918 0.299316 0.0595703 0.0400391 0.000517368
8 0.785645 0.597656 0.0185547 0.015625 0.000528336
9 0.567383 0.282227 0.0683594 0.0585938 0.000538826
11 0.569336 0.278809 0.0449219 0.0419922 0.000545025
9 0.910645 0.5625 0.0595703 0.259766 0.000551224
11 0.789062 0.130371 0.324219 0.174805 0.000554085
11 0.287109 0.17334 0.248047 0.19043 0.000571251
13 0.31543 0.12793 0.189453 0.0390625 0.000573635
11 0.116699 0.289062 0.0517578 0.0820312 0.000604153
11 0.880859 0.560547 0.0996094 0.230469 0.000608921
11 0.79541 0.181641 0.172852 0.210938 0.000617981
10 0.907715 0.57959 0.0595703 0.211914 0.000628471
0 0.570312 0.27832 0.0410156 0.0390625 0.000630856
9 0.51709 0.27832 0.18457 0.146484 0.000648975
7 0.31543 0.126953 0.197266 0.0449219 0.000659466
9 0.412109 0.62207 0.0527344 0.0488281 0.000667095
10 0.668945 0.131836 0.271484 0.111328 0.000683308
5 0.250977 0.593262 0.3125 0.227539 0.000685692
13 0.759277 0.250488 0.0595703 0.106445 0.000699043
7 0.724609 0.466797 0.201172 0.125 0.000706673
13 0.751953 0.42041 0.0664062 0.0302734 0.000708103
9 0.486816 0.312012 0.233398 0.317383 0.000722885
9 0.270996 0.152344 0.229492 0.0898438 0.000728607
0 0.512695 0.315918 0.203125 0.211914 0.000740528
11 0.901855 0.613281 0.0615234 0.130859 0.000751019
13 0.79834 0.437988 0.108398 0.0400391 0.000752926
8 0.332031 0.249512 0.0175781 0.0166016 0.00075531
11 0.59668 0.149414 0.173828 0.140625 0.000763893
8 0.551758 0.27832 0.0996094 0.0957031 0.0007658
13 0.74707 0.424805 0.220703 0.158203 0.000766277
13 0.568848 0.275391 0.0673828 0.0800781 0.000791073
13 0.899902 0.519531 0.0595703 0.251953 0.000835896
13 0.689453 0.44043 0.125 0.078125 0.00083828
7 0.865723 0.611328 0.0966797 0.125 0.000851154
11 0.290039 0.128906 0.123047 0.0371094 0.000859261
7 0.602539 0.573242 0.492188 0.203125 0.000872612
11 0.602539 0.573242 0.492188 0.203125 0.000939846
6 0.605469 0.586426 0.498047 0.182617 0.000972748
13 0.602539 0.573242 0.492188 0.203125 0.000973701
5 0.233398 0.452148 0.263672 0.386719 0.00098896
11 0.62207 0.100586 0.162109 0.0566406 0.000989914
1 0.31543 0.12793 0.189453 0.0390625 0.00100327
13 0.384766 0.612793 0.0742188 0.0244141 0.00101471
11 0.898926 0.469238 0.0654297 0.336914 0.00103378
1 0.603516 0.586914 0.5 0.183594 0.00103951
12 0.603516 0.580078 0.5 0.185547 0.00105
9 0.389648 0.641113 0.115234 0.161133 0.00105572
9 0.556152 0.234375 0.110352 0.234375 0.00105572
9 0.404297 0.212891 0.0859375 0.207031 0.00106049
11 0.25293 0.12207 0.359375 0.109375 0.00107098
13 0.125 0.331543 0.0585938 0.0361328 0.00107193
12 0.668945 0.131836 0.271484 0.111328 0.00108147
8 0.602539 0.573242 0.492188 0.203125 0.00108528
2 0.602539 0.573242 0.492188 0.203125 0.00111961
9 0.724609 0.466309 0.201172 0.125977 0.00112152
7 0.828125 0.62793 0.128906 0.0957031 0.00112247
0 0.495605 0.374512 0.22168 0.428711 0.00114632
4 0.603516 0.586914 0.5 0.183594 0.00115967
11 0.349121 0.145508 0.135742 0.0546875 0.00117874
7 0.270996 0.152344 0.229492 0.0898438 0.00125122
11 0.552246 0.279297 0.108398 0.105469 0.00137615
11 0.259766 0.144531 0.125 0.0742188 0.00141239
1 0.668945 0.131836 0.271484 0.111328 0.00145245
13 0.268555 0.374023 0.208984 0.111328 0.0015316
13 0.551758 0.282715 0.109375 0.124023 0.00154972
0 0.293457 0.137695 0.241211 0.0917969 0.00158119
11 0.221191 0.182617 0.227539 0.138672 0.0015831
8 0.286133 0.477539 0.0292969 0.0234375 0.00161076
11 0.556641 0.175293 0.0878906 0.192383 0.00165081
13 0.777832 0.438965 0.12207 0.0693359 0.00175381
10 0.91748 0.632812 0.0498047 0.136719 0.00179863
2 0.270996 0.152344 0.229492 0.0898438 0.00182819
8 0.731934 0.520508 0.237305 0.253906 0.00183582
8 0.443848 0.462891 0.0380859 0.0390625 0.00193691
8 0.606934 0.26123 0.0107422 0.00878906 0.00196457
0 0.603027 0.583008 0.49707 0.201172 0.00199699
5 0.603516 0.580078 0.5 0.185547 0.00203323
9 0.483398 0.577148 0.248047 0.394531 0.00207329
10 0.603027 0.583008 0.49707 0.201172 0.00209999
11 0.805664 0.18457 0.103516 0.117188 0.0021019
9 0.502441 0.216797 0.18457 0.302734 0.00211906
4 0.731934 0.520508 0.237305 0.253906 0.00221825
3 0.437012 0.980469 0.454102 0.0390625 0.00226974
13 0.270996 0.152344 0.229492 0.0898438 0.00229645
6 0.733887 0.539551 0.241211 0.270508 0.00234222
5 0.216309 0.537109 0.213867 0.208984 0.00257683
10 0.222168 0.958496 0.368164 0.0830078 0.00270271
11 0.717285 0.123535 0.178711 0.0869141 0.00294495
2 0.567383 0.282227 0.0683594 0.0585938 0.00304031
10 0.280762 0.150879 0.235352 0.0869141 0.00311089
2 0.444824 0.461914 0.0400391 0.0410156 0.00314713
9 0.0224609 0.243652 0.0449219 0.0419922 0.00317764
3 0.280762 0.150879 0.235352 0.0869141 0.00320816
9 0.551758 0.278809 0.107422 0.104492 0.00328064
12 0.270996 0.152344 0.229492 0.0898438 0.00328636
11 0.773926 0.157715 0.137695 0.118164 0.00333405
5 0.73291 0.541504 0.243164 0.276367 0.00338554
9 0.587891 0.561035 0.494141 0.223633 0.00366211
13 0.77832 0.428711 0.0996094 0.0332031 0.00400162
11 0.70752 0.112305 0.114258 0.0546875 0.00405121
9 0.228027 0.68457 0.344727 0.126953 0.00414658
11 0.91748 0.632812 0.0498047 0.136719 0.00439453
8 0.569824 0.277832 0.0439453 0.0400391 0.00475311
13 0.275879 0.376465 0.147461 0.0498047 0.00477219
11 0.910645 0.561523 0.0595703 0.261719 0.00614166
13 0.732422 0.498535 0.232422 0.194336 0.00616837
11 0.695801 0.145996 0.317383 0.133789 0.00636673
11 0.21582 0.157715 0.121094 0.0849609 0.00696945
9 0.731934 0.520508 0.237305 0.253906 0.00758362
11 0.318359 0.118164 0.1875 0.0507812 0.00814056
9 0.569336 0.277344 0.0429688 0.0410156 0.00911713
1 0.270996 0.152344 0.229492 0.0898438 0.00930786
9 0.445801 0.463867 0.0478516 0.0429688 0.00956726
2 0.551758 0.278809 0.107422 0.104492 0.0099411
11 0.59375 0.125488 0.126953 0.0830078 0.011322
7 0.731934 0.520508 0.237305 0.253906 0.0130463
13 0.717285 0.461426 0.178711 0.108398 0.0170898
11 0.336426 0.128418 0.135742 0.0302734 0.0214996
9 0.494141 0.450195 0.179688 0.5 0.0226288
2 0.569824 0.277832 0.0439453 0.0400391 0.0462036
0 0.556152 0.291504 0.116211 0.12793 0.055603
11 0.651855 0.116211 0.235352 0.0664062 0.0876465
11 0.303711 0.134766 0.210938 0.046875 0.192749
11 0.274414 0.148926 0.236328 0.0869141 0.19812
3 0.602051 0.591797 0.506836 0.171875 0.692383
