8 0.340332 0.478516 0.0361328 0.0292969 0.000101566
3 0.806152 0.225098 0.387695 0.450195 0.000102818
11 0.587891 0.26709 0.105469 0.0908203 0.000104368
0 0.537109 0.336914 0.271484 0.263672 0.000104547
13 0.290039 0.434082 0.160156 0.258789 0.000106394
9 0.780273 0.65918 0.335938 0.0898438 0.000106454
6 0.260254 0.478516 0.165039 0.224609 0.000106692
13 0.455566 0.236328 0.0380859 0.03125 0.000107169
13 0.214355 0.354492 0.0361328 0.0292969 0.000107288
13 0.29834 0.299805 0.0107422 0.0078125 0.00010854
8 0.65918 0.125488 0.0253906 0.0166016 0.000109017
8 0.352051 0.276855 0.0361328 0.0205078 0.000110149
11 0.387207 0.110352 0.0576172 0.0136719 0.000110209
8 0.640625 0.178711 0.0136719 0.0117188 0.000110745
13 0.275391 0.59082 0.171875 0.0546875 0.000111401
11 0.354492 0.114746 0.0507812 0.0185547 0.000112832
8 0.386719 0.443359 0.0078125 0.0078125 0.000113845
11 0.598633 0.126953 0.0566406 0.0351562 0.000114799
7 0.260254 0.478516 0.165039 0.224609 0.000115216
9 0.513672 0.964844 0.320312 0.0703125 0.000115693
7 0.242676 0.584473 0.0810547 0.0224609 0.000117004
8 0.251465 0.913574 0.00878906 0.00683594 0.000117242
11 0.72998 0.990234 0.0869141 0.015625 0.000117421
13 0.39502 0.232422 0.0673828 0.0449219 0.0001176
9 0.967773 0.0620117 0.0625 0.124023 0.000118434
9 0.262207 0.0742188 0.260742 0.138672 0.000118971
9 0.458008 0.481934 0.03125 0.0224609 0.000119328
8 0.333496 0.239258 0.0166016 0.00976562 0.00012058
13 0.748047 0.243652 0.0273438 0.0224609 0.00012064
13 0.986816 0.0654297 0.0263672 0.130859 0.000120699
13 0.224609 0.584961 0.0585938 0.0175781 0.000121772
13 0.328125 0.281738 0.078125 0.0771484 0.000121832
3 0.534668 0.046875 0.444336 0.0878906 0.00012207
13 0.292969 0.333496 0.0625 0.0166016 0.000122428
9 0.0541992 0.0180664 0.108398 0.0361328 0.000122547
11 0.733887 0.990234 0.163086 0.0195312 0.000123262
8 0.347168 0.278809 0.0498047 0.0341797 0.000124693
9 0.234863 0.220703 0.469727 0.441406 0.000129104
5 0.236816 0.5625 0.108398 0.0839844 0.000131488
11 0.37793 0.0957031 0.0839844 0.0195312 0.000131607
3 0.574707 0.44043 0.356445 0.392578 0.000131726
9 0.296387 0.529297 0.291992 0.400391 0.00013268
5 0.805664 0.383301 0.162109 0.272461 0.000133514
8 0.346191 0.0869141 0.00683594 0.0078125 0.000133872
8 0.680176 0.338867 0.0537109 0.0449219 0.00013423
13 0.262207 0.0742188 0.260742 0.138672 0.000134826
11 0.422852 0.124023 0.107422 0.0429688 0.000137687
9 0.314453 0.390625 0.242188 0.394531 0.000138164
11 0.625977 0.12207 0.0976562 0.0527344 0.000140071
11 0.64502 0.108887 0.0732422 0.0244141 0.000140905
9 0.521973 0.046875 0.428711 0.0859375 0.000141025
9 0.407227 0.666016 0.166016 0.158203 0.00014174
9 0.980469 0.97998 0.0390625 0.0380859 0.000143886
8 0.145508 0.945312 0.00976562 0.0117188 0.000144958
8 0.869141 0.15918 0.0429688 0.0351562 0.000148654
11 0.667969 0.120117 0.125 0.03125 0.000149727
2 0.696289 0.341309 0.0371094 0.0244141 0.000149965
8 0.773438 0.353516 0.0371094 0.0175781 0.0001508
9 0.811035 0.699707 0.262695 0.15332 0.00015223
11 0.44873 0.0981445 0.0595703 0.0224609 0.000152349
8 0.427246 0.20459 0.0146484 0.0107422 0.000153661
11 0.665527 0.0966797 0.0966797 0.0195312 0.000153661
10 0.163574 0.746582 0.0361328 0.0595703 0.000154376
13 0.948242 0.0800781 0.103516 0.160156 0.000154376
2 0.146484 0.946777 0.00976562 0.00878906 0.000154376
3 0.720215 0.46582 0.336914 0.339844 0.000156879
13 0.285156 0.395996 0.123047 0.143555 0.000160456
8 0.404297 0.356934 0.0136719 0.0166016 0.000161648
13 0.245605 0.110352 0.139648 0.171875 0.000164986
11 0.242676 0.583984 0.0830078 0.0234375 0.000171185
9 0.542969 0.390137 0.253906 0.44043 0.000171185
8 0.732422 0.516602 0.0292969 0.0292969 0.000172853
11 0.758301 0.138184 0.0517578 0.0419922 0.000174046
2 0.962891 0.0229492 0.0742188 0.0458984 0.00018239
3 0.224121 0.078125 0.448242 0.15625 0.000183463
9 0.29541 0.410156 0.102539 0.0449219 0.000186324
13 0.771973 0.353027 0.0400391 0.0166016 0.000187635
9 0.383301 0.220703 0.0341797 0.0234375 0.000190616
11 0.161621 0.727051 0.0810547 0.0830078 0.000190973
8 0.900879 0.640625 0.0302734 0.0234375 0.000194907
8 0.976074 0.0371094 0.0458984 0.0742188 0.000195026
11 0.688965 0.109375 0.0595703 0.0234375 0.000195265
9 0.256836 0.438477 0.119141 0.154297 0.000196934
2 0.243652 0.584961 0.0849609 0.0234375 0.000197649
2 0.590332 0.269531 0.0986328 0.0957031 0.000198245
13 0.237793 0.588867 0.147461 0.0996094 0.000199318
11 0.313477 0.129883 0.0820312 0.0507812 0.000202417
10 0.161621 0.727051 0.0810547 0.0830078 0.000205994
11 0.654785 0.122559 0.0556641 0.0263672 0.000207186
10 0.936035 0.707031 0.0673828 0.0644531 0.00020957
9 0.67334 0.266113 0.0166016 0.0146484 0.000210524
13 0.269531 0.438965 0.121094 0.15332 0.000214219
8 0.369141 0.366699 0.0175781 0.0146484 0.00021565
13 0.673828 0.265137 0.015625 0.0146484 0.000216126
7 0.273926 0.406738 0.0927734 0.0654297 0.000228882
8 0.640625 0.145996 0.00976562 0.0107422 0.000231147
9 0.972656 0.95459 0.0546875 0.0869141 0.000235558
13 0.277832 0.581543 0.129883 0.0302734 0.000237465
5 0.310547 0.414551 0.162109 0.223633 0.000240445
11 0.401855 0.097168 0.0498047 0.0126953 0.000246763
13 0.742676 0.248535 0.0419922 0.0361328 0.000247478
8 0.413574 0.396484 0.0400391 0.0292969 0.000250816
3 0.588867 0.266602 0.0996094 0.0898438 0.000262976
13 0.708496 0.256348 0.120117 0.147461 0.000267267
11 0.936035 0.707031 0.0673828 0.0644531 0.000267982
9 0.586426 0.54248 0.370117 0.166992 0.000269175
13 0.311523 0.417969 0.138672 0.0664062 0.000273943
5 0.290039 0.412598 0.0976562 0.0478516 0.000279903
13 0.255859 0.397461 0.0800781 0.03125 0.000301123
8 0.494629 0.20752 0.0146484 0.0107422 0.000306606
9 0.588867 0.270508 0.101562 0.0976562 0.000310421
13 0.388184 0.224609 0.0478516 0.0292969 0.000311613
5 0.296387 0.529297 0.291992 0.400391 0.000322342
9 0.797363 0.428711 0.241211 0.431641 0.000326633
11 0.448242 0.118164 0.0625 0.0390625 0.00032711
9 0.299805 0.299805 0.0136719 0.00976562 0.000343323
8 0.691895 0.34375 0.0341797 0.0273438 0.000348806
13 0.282227 0.407715 0.0527344 0.0322266 0.000375271
5 0.839355 0.529297 0.166992 0.238281 0.000377178
8 0.455566 0.236328 0.0380859 0.03125 0.00038743
13 0.234375 0.593262 0.0800781 0.0302734 0.000397444
2 0.985352 0.0234375 0.0292969 0.0449219 0.000404596
9 0.553711 0.936523 0.205078 0.126953 0.000416279
2 0.692871 0.34082 0.0205078 0.0175781 0.000424623
9 0.242676 0.583984 0.0830078 0.0234375 0.000432014
8 0.666016 0.32373 0.0390625 0.0361328 0.000448465
8 0.328125 0.300781 0.0117188 0.00976562 0.000450611
11 0.605957 0.112305 0.0654297 0.0371094 0.000452518
9 0.539551 0.299805 0.192383 0.146484 0.000459194
13 0.672363 0.266602 0.0283203 0.0195312 0.000462294
13 0.964355 0.027832 0.0712891 0.0556641 0.000464439
8 0.671387 0.266602 0.0283203 0.0195312 0.000471592
11 0.412598 0.108398 0.0732422 0.0175781 0.000501633
8 0.197266 0.524414 0.0234375 0.0214844 0.000502586
9 0.985352 0.0263672 0.0292969 0.0527344 0.000504017
2 0.298828 0.299316 0.00976562 0.00878906 0.000508308
8 0.497559 0.305176 0.0205078 0.0185547 0.000517845
9 0.273438 0.407227 0.0976562 0.0703125 0.000520706
9 0.146484 0.946777 0.00976562 0.00878906 0.000526428
8 0.23584 0.506348 0.00878906 0.00683594 0.000534534
9 0.268555 0.455566 0.169922 0.254883 0.000552654
9 0.976074 0.0371094 0.0458984 0.0742188 0.000562668
11 0.647461 0.102051 0.126953 0.0341797 0.000566006
8 0.771484 0.458008 0.03125 0.0253906 0.000578403
9 0.536621 0.655273 0.0380859 0.0371094 0.000612259
8 0.385254 0.221191 0.0361328 0.0244141 0.00062561
13 0.970215 0.0571289 0.0576172 0.114258 0.000654221
13 0.3125 0.411133 0.121094 0.0332031 0.000659943
6 0.273926 0.406738 0.0927734 0.0654297 0.000663757
11 0.376953 0.115723 0.146484 0.0361328 0.000669479
8 0.361328 0.550293 0.03125 0.0322266 0.000680447
8 0.333496 0.238281 0.00878906 0.0078125 0.000777245
11 0.164551 0.716797 0.0498047 0.0566406 0.000788212
8 0.45752 0.48291 0.0341797 0.0244141 0.000845432
8 0.694824 0.338379 0.0166016 0.0146484 0.000859737
11 0.637695 0.0991211 0.0800781 0.0205078 0.000873089
8 0.32666 0.263184 0.0126953 0.0107422 0.000889301
5 0.265137 0.399902 0.0869141 0.0654297 0.000895023
13 0.723145 0.267578 0.0830078 0.0859375 0.000915051
11 0.432617 0.102539 0.0683594 0.0234375 0.00093317
11 0.42041 0.0976562 0.0595703 0.015625 0.000948906
8 0.534668 0.654297 0.0400391 0.0390625 0.000972271
9 0.541992 0.81543 0.197266 0.365234 0.000983238
2 0.976074 0.0371094 0.0458984 0.0742188 0.000983238
2 0.672852 0.265625 0.0175781 0.015625 0.00106907
13 0.215332 0.583496 0.0966797 0.0302734 0.00115204
11 0.677734 0.108887 0.119141 0.0283203 0.00116062
11 0.376953 0.105957 0.0703125 0.0205078 0.00121784
8 0.364746 0.501465 0.0322266 0.0244141 0.00126934
8 0.359863 0.280273 0.0185547 0.0136719 0.00127888
9 0.310547 0.65918 0.326172 0.146484 0.00131321
8 0.300293 0.299805 0.0166016 0.0117188 0.00137615
11 0.41748 0.108887 0.106445 0.0283203 0.00166798
9 0.282715 0.63623 0.200195 0.110352 0.00170231
13 0.264648 0.409668 0.09375 0.0791016 0.00173855
13 0.238281 0.582031 0.113281 0.0449219 0.001791
13 0.263184 0.081543 0.0732422 0.12207 0.00196266
8 0.147949 0.945801 0.00878906 0.00683594 0.00199127
11 0.70752 0.111816 0.0712891 0.0302734 0.0022068
11 0.32959 0.121094 0.0634766 0.0332031 0.00225639
5 0.269043 0.429688 0.108398 0.119141 0.0023098
11 0.619629 0.104492 0.0693359 0.0273438 0.00234795
8 0.67334 0.266113 0.0166016 0.0146484 0.00249672
11 0.743164 0.129883 0.0605469 0.0488281 0.00289726
5 0.799805 0.446777 0.240234 0.413086 0.00293159
11 0.350098 0.115234 0.0810547 0.0292969 0.00306511
11 0.399902 0.100098 0.100586 0.0185547 0.0032196
8 0.299316 0.300293 0.00878906 0.00878906 0.00347137
11 0.164062 0.730469 0.0371094 0.0488281 0.0041008
5 0.26416 0.470703 0.174805 0.242188 0.00430679
10 0.162598 0.726074 0.0458984 0.0595703 0.0044136
11 0.725586 0.117676 0.0605469 0.0361328 0.00545502
11 0.93457 0.708984 0.0410156 0.0488281 0.00590897
11 0.377441 0.111328 0.0986328 0.0195312 0.00666046
10 0.93457 0.708984 0.0410156 0.0488281 0.00682831
0 0.544434 0.301758 0.194336 0.160156 0.0124664
3 0.586426 0.54248 0.370117 0.166992 0.0124969
13 0.280273 0.407227 0.0957031 0.0449219 0.0147247
13 0.242676 0.583984 0.0830078 0.0234375 0.0297699
0 0.590332 0.269043 0.0966797 0.0947266 0.086792
