8 0.317871 0.246582 0.0419922 0.0576172 0.000452757
9 0.35791 0.38623 0.0126953 0.0107422 0.000457048
8 0.280762 0.454102 0.0361328 0.0253906 0.000459194
13 0.327637 0.286133 0.0341797 0.03125 0.000459671
11 0.792969 0.310059 0.0546875 0.0537109 0.000461578
13 0.311035 0.243652 0.0244141 0.0244141 0.000462055
3 0.26416 0.111328 0.52832 0.208984 0.000463009
2 0.728027 0.28125 0.0185547 0.0175781 0.000467062
13 0.337402 0.41748 0.102539 0.0576172 0.000468493
13 0.401367 0.232422 0.0429688 0.0625 0.000469446
13 0.765625 0.293457 0.0625 0.0263672 0.000469446
7 0.631348 0.189453 0.0107422 0.0078125 0.000471354
2 0.321289 0.0209961 0.0175781 0.0185547 0.000474691
13 0.769531 0.294434 0.0820312 0.0458984 0.000479698
11 0.70459 0.233398 0.0263672 0.0253906 0.000479937
2 0.28418 0.442383 0.0429688 0.0253906 0.00048089
13 0.65332 0.388184 0.0996094 0.0751953 0.000482559
8 0.303711 0.36084 0.0234375 0.0205078 0.000486851
11 0.11377 0.746094 0.0654297 0.0664062 0.000494957
8 0.384277 0.416504 0.0185547 0.0185547 0.000496864
13 0.808105 0.330566 0.0146484 0.0107422 0.000499725
8 0.311035 0.529297 0.12207 0.0410156 0.000504494
9 0.230469 0.679688 0.0136719 0.0136719 0.000507355
8 0.759766 0.404297 0.015625 0.0136719 0.0005126
10 0.11377 0.746094 0.0654297 0.0664062 0.000526905
13 0.294434 0.377441 0.0986328 0.129883 0.000526905
9 0.202148 0.693359 0.185547 0.132812 0.000527382
8 0.26416 0.490723 0.168945 0.227539 0.000527859
13 0.637695 0.208008 0.0800781 0.0761719 0.00053215
13 0.317383 0.242676 0.0371094 0.0419922 0.000534058
13 0.650391 0.18457 0.0742188 0.0253906 0.000536442
7 0.625488 0.201172 0.0654297 0.046875 0.000538826
9 0.299316 0.410645 0.0947266 0.0634766 0.000542164
13 0.690918 0.233398 0.0517578 0.0390625 0.000542641
8 0.723633 0.285645 0.0214844 0.0224609 0.000544071
13 0.282227 0.396484 0.0644531 0.0625 0.000546455
2 0.70459 0.243652 0.0908203 0.0908203 0.000546932
13 0.685059 0.364746 0.124023 0.12207 0.000546932
13 0.808105 0.331055 0.0224609 0.015625 0.000546932
13 0.811523 0.463867 0.0292969 0.0234375 0.000549316
9 0.302246 0.554688 0.125977 0.128906 0.000549793
13 0.672852 0.27832 0.0859375 0.103516 0.00056982
2 0.632324 0.192383 0.0283203 0.0175781 0.000572681
8 0.280273 0.449707 0.0214844 0.00878906 0.000573635
7 0.808105 0.330566 0.0146484 0.0107422 0.000577927
8 0.807617 0.330078 0.0253906 0.015625 0.000578403
6 0.703125 0.234375 0.0195312 0.0195312 0.000583172
8 0.311523 0.51416 0.0195312 0.0185547 0.000590324
8 0.302246 0.442383 0.0791016 0.0546875 0.000592232
9 0.336914 0.258301 0.0703125 0.0771484 0.00059557
13 0.70752 0.219727 0.0341797 0.0527344 0.000602722
8 0.354004 0.461914 0.00878906 0.0078125 0.000610828
7 0.304199 0.428223 0.0205078 0.0146484 0.000611782
7 0.335938 0.25 0.0800781 0.0957031 0.000612259
8 0.645996 0.19043 0.0341797 0.0214844 0.000613213
0 0.563965 0.331055 0.200195 0.158203 0.000619888
9 0.808105 0.330566 0.0146484 0.0107422 0.000623226
2 0.306152 0.432617 0.0302734 0.0214844 0.000624657
2 0.808105 0.330078 0.0146484 0.0117188 0.000628471
2 0.280762 0.523438 0.0693359 0.0371094 0.00063467
8 0.378418 0.445312 0.0302734 0.0214844 0.000636101
2 0.296875 0.4375 0.0957031 0.0800781 0.000638008
11 0.637695 0.17334 0.0703125 0.0302734 0.000653744
6 0.335938 0.25 0.0800781 0.0957031 0.000655651
11 0.637207 0.187988 0.0263672 0.0166016 0.000662804
9 0.310547 0.42627 0.0371094 0.0244141 0.00066328
8 0.794922 0.314453 0.0507812 0.0449219 0.000663757
8 0.322266 0.268066 0.0371094 0.0595703 0.000669479
8 0.318848 0.282227 0.0244141 0.0234375 0.000676632
13 0.78418 0.312012 0.0292969 0.0224609 0.000677109
8 0.271484 0.486328 0.0214844 0.0175781 0.000677109
9 0.577637 0.314941 0.118164 0.135742 0.000678062
13 0.28418 0.441895 0.0898438 0.0849609 0.000678539
8 0.696777 0.258301 0.0478516 0.0380859 0.000683308
5 0.755371 0.278809 0.131836 0.124023 0.00069046
13 0.325195 0.531738 0.123047 0.0283203 0.000692844
13 0.309082 0.32373 0.120117 0.198242 0.000693321
9 0.705078 0.233398 0.03125 0.03125 0.000697136
2 0.638672 0.185059 0.0351562 0.0244141 0.000700474
9 0.513672 0.273438 0.125 0.287109 0.000706673
8 0.70459 0.234375 0.0537109 0.0546875 0.000714302
8 0.299316 0.487305 0.0166016 0.0117188 0.00071764
13 0.327637 0.234863 0.0556641 0.0693359 0.00072813
11 0.399902 0.192383 0.0849609 0.0410156 0.00073719
8 0.638672 0.185059 0.0351562 0.0244141 0.000751495
8 0.726074 0.296875 0.0146484 0.0117188 0.000754833
9 0.280762 0.523438 0.0693359 0.0371094 0.000760555
11 0.611816 0.196289 0.0693359 0.0449219 0.000764847
8 0.427734 0.282715 0.0410156 0.0400391 0.000769615
8 0.207031 0.566895 0.0292969 0.0244141 0.000787258
13 0.697266 0.248047 0.0292969 0.0351562 0.000790119
8 0.299316 0.509277 0.0439453 0.0341797 0.000792027
11 0.720215 0.183105 0.0830078 0.0478516 0.000798702
2 0.721191 0.297852 0.0205078 0.0136719 0.000799179
8 0.691406 0.253906 0.0195312 0.0117188 0.000799656
2 0.723145 0.28125 0.0498047 0.0351562 0.000800133
3 0.583496 0.307129 0.108398 0.0908203 0.000806332
2 0.322266 0.261719 0.0429688 0.0605469 0.000826359
11 0.437988 0.197266 0.0576172 0.0507812 0.000835896
11 0.802734 0.254395 0.0546875 0.0810547 0.000838757
8 0.30957 0.240723 0.015625 0.0166016 0.000846386
2 0.68457 0.257324 0.148438 0.145508 0.00084877
13 0.785645 0.296387 0.0791016 0.0810547 0.000859261
13 0.815918 0.451172 0.0595703 0.0625 0.00086832
8 0.421875 0.432617 0.0214844 0.0195312 0.000871658
7 0.28418 0.479004 0.0820312 0.124023 0.000894547
8 0.314941 0.464355 0.0107422 0.00878906 0.0008955
13 0.630859 0.187988 0.0605469 0.0361328 0.000897408
9 0.214844 0.531738 0.0449219 0.0361328 0.000900269
8 0.372559 0.457031 0.0244141 0.0175781 0.000911236
8 0.70459 0.541992 0.0380859 0.03125 0.000955105
13 0.651367 0.26709 0.0507812 0.0537109 0.000967979
8 0.632324 0.192383 0.0283203 0.0175781 0.00097847
9 0.320801 0.27832 0.0146484 0.0136719 0.000986099
8 0.782715 0.314453 0.0224609 0.015625 0.000993729
8 0.692383 0.536621 0.0136719 0.0107422 0.0010004
13 0.682129 0.236328 0.0791016 0.078125 0.00100136
11 0.753418 0.20752 0.100586 0.0712891 0.0010128
7 0.214844 0.531738 0.0449219 0.0361328 0.00102043
8 0.259766 0.533203 0.0214844 0.0117188 0.00102043
2 0.311035 0.427246 0.0634766 0.0361328 0.00102806
6 0.641602 0.19043 0.03125 0.0175781 0.00103951
2 0.794922 0.314453 0.0507812 0.0449219 0.00105476
12 0.746582 0.27832 0.15332 0.132812 0.00105858
8 0.744629 0.321777 0.00878906 0.00878906 0.00106239
13 0.707031 0.35791 0.175781 0.211914 0.0010767
11 0.404785 0.209961 0.0439453 0.0292969 0.00108337
2 0.770996 0.291016 0.104492 0.0957031 0.00108433
13 0.342773 0.278809 0.111328 0.108398 0.00109005
8 0.702637 0.242676 0.0244141 0.0263672 0.00109577
8 0.722168 0.28125 0.0380859 0.03125 0.00109673
7 0.634766 0.188477 0.0175781 0.0117188 0.00109768
2 0.323242 0.278809 0.0117188 0.0126953 0.00110722
7 0.722656 0.279785 0.0175781 0.0126953 0.0011158
2 0.311523 0.410645 0.09375 0.0595703 0.0011158
8 0.280273 0.542969 0.0195312 0.0136719 0.00111866
13 0.722168 0.291016 0.0712891 0.0488281 0.00120354
8 0.696777 0.253906 0.0185547 0.0175781 0.00120449
8 0.293457 0.503418 0.0166016 0.0146484 0.00121784
6 0.639648 0.197754 0.0410156 0.0380859 0.00121975
8 0.271973 0.416992 0.0166016 0.0136719 0.00122452
8 0.71875 0.291992 0.0253906 0.0234375 0.00124741
8 0.336426 0.492676 0.0244141 0.0185547 0.00125313
9 0.63916 0.189941 0.0341797 0.0244141 0.00127506
8 0.388672 0.285645 0.0390625 0.0361328 0.00128651
8 0.728027 0.28125 0.0185547 0.0175781 0.001297
13 0.3125 0.541016 0.134766 0.0585938 0.0012989
11 0.695801 0.174316 0.0986328 0.0380859 0.00130463
11 0.433105 0.182617 0.0419922 0.0273438 0.00130653
13 0.270508 0.42334 0.0507812 0.0283203 0.00133419
8 0.32666 0.140137 0.0244141 0.0205078 0.00140762
2 0.294434 0.435059 0.0537109 0.0341797 0.00141239
13 0.281738 0.526855 0.0693359 0.0283203 0.00145721
8 0.302246 0.500488 0.0302734 0.0224609 0.00146294
8 0.722168 0.291016 0.0712891 0.0488281 0.00146866
13 0.721191 0.297852 0.0205078 0.0136719 0.00146961
8 0.318359 0.274414 0.0214844 0.0253906 0.00147343
8 0.26709 0.467285 0.0146484 0.0146484 0.00148678
11 0.625977 0.18457 0.0605469 0.0292969 0.00150394
13 0.328613 0.277344 0.0419922 0.0273438 0.00151157
8 0.271484 0.483398 0.0117188 0.0117188 0.00151825
9 0.321289 0.261719 0.0410156 0.0585938 0.00152016
11 0.640137 0.193359 0.0400391 0.03125 0.00153542
13 0.794434 0.458008 0.0712891 0.0410156 0.00154972
13 0.722656 0.291504 0.0449219 0.0322266 0.00157166
2 0.70459 0.234375 0.0537109 0.0546875 0.00162983
8 0.296387 0.527344 0.0224609 0.0136719 0.00165844
9 0.633789 0.188477 0.0136719 0.00976562 0.00165939
11 0.774414 0.224609 0.0859375 0.0761719 0.00167465
13 0.660156 0.273438 0.03125 0.0351562 0.00168419
13 0.330566 0.28418 0.0615234 0.0507812 0.00170326
6 0.321777 0.257812 0.0419922 0.0625 0.00171375
13 0.359375 0.245117 0.117188 0.0996094 0.00172043
8 0.311035 0.427246 0.0634766 0.0361328 0.0017662
5 0.724121 0.302246 0.192383 0.209961 0.00177288
8 0.324707 0.28125 0.0146484 0.015625 0.00178051
13 0.281738 0.481934 0.0810547 0.129883 0.00184155
8 0.208496 0.573242 0.0205078 0.015625 0.00188828
4 0.731445 0.283691 0.177734 0.147461 0.00191689
8 0.22998 0.680176 0.0146484 0.0146484 0.00193119
13 0.631348 0.189453 0.0107422 0.0078125 0.00199127
13 0.281738 0.425781 0.0771484 0.0429688 0.00206947
8 0.283691 0.523926 0.0712891 0.0361328 0.00208473
9 0.72168 0.279297 0.015625 0.0136719 0.00209808
8 0.306152 0.432617 0.0302734 0.0214844 0.00210953
13 0.294434 0.435059 0.0537109 0.0341797 0.00212669
8 0.28418 0.442383 0.0429688 0.0253906 0.00213623
13 0.763184 0.312012 0.110352 0.0947266 0.00218964
7 0.723145 0.302734 0.206055 0.203125 0.00219727
9 0.305176 0.428223 0.0166016 0.0107422 0.00222015
13 0.70459 0.234375 0.0537109 0.0546875 0.00222969
8 0.256348 0.535645 0.0107422 0.00878906 0.00223732
8 0.313477 0.515137 0.0136719 0.0126953 0.00223923
13 0.311035 0.427246 0.0634766 0.0361328 0.00226021
13 0.775879 0.437012 0.114258 0.0712891 0.00226212
9 0.800293 0.577148 0.0537109 0.0507812 0.00226593
8 0.760254 0.404785 0.0107422 0.00878906 0.00230408
13 0.728516 0.28125 0.107422 0.078125 0.00231361
9 0.637695 0.202148 0.046875 0.0449219 0.00234985
8 0.382812 0.44043 0.0214844 0.015625 0.00238037
13 0.67334 0.212402 0.104492 0.0673828 0.00238609
8 0.21582 0.530273 0.0449219 0.0371094 0.00245285
8 0.401855 0.212402 0.0283203 0.0205078 0.00245667
13 0.63916 0.185547 0.0283203 0.0175781 0.0024662
8 0.638184 0.197266 0.0419922 0.0371094 0.00251389
0 0.591309 0.289551 0.0751953 0.0595703 0.00252342
8 0.28418 0.449219 0.00976562 0.0078125 0.0025425
9 0.724121 0.302734 0.194336 0.201172 0.00271416
11 0.664062 0.180664 0.107422 0.0332031 0.00274849
7 0.800781 0.577148 0.0546875 0.0507812 0.00275993
7 0.321777 0.257812 0.0419922 0.0625 0.00282669
3 0.594238 0.597656 0.354492 0.117188 0.00288963
1 0.725098 0.311035 0.18457 0.196289 0.00292397
9 0.637695 0.187988 0.0234375 0.0146484 0.00295258
8 0.284668 0.446289 0.0263672 0.015625 0.00297356
8 0.722656 0.291504 0.0449219 0.0322266 0.00299644
13 0.722656 0.279785 0.0175781 0.0126953 0.00300026
8 0.375977 0.557617 0.0234375 0.0175781 0.0030117
8 0.294434 0.435059 0.0537109 0.0341797 0.00302124
9 0.26416 0.490723 0.168945 0.227539 0.00304413
13 0.305664 0.428223 0.0175781 0.0126953 0.00307083
2 0.708984 0.237305 0.0351562 0.0332031 0.00307846
13 0.679688 0.269531 0.154297 0.160156 0.00310326
13 0.34375 0.537109 0.0761719 0.0234375 0.00315475
2 0.728516 0.28125 0.107422 0.078125 0.00327492
13 0.304688 0.292969 0.0644531 0.0742188 0.00327873
2 0.700684 0.230469 0.0322266 0.0332031 0.00328064
3 0.737305 0.283691 0.167969 0.149414 0.00362587
2 0.638184 0.197266 0.0419922 0.0371094 0.00363731
11 0.791016 0.234863 0.0527344 0.0576172 0.00366783
13 0.313965 0.274902 0.0322266 0.0576172 0.00370598
13 0.299316 0.410645 0.0947266 0.0634766 0.0037117
13 0.318848 0.282227 0.0244141 0.0234375 0.00382614
7 0.401367 0.211426 0.03125 0.0205078 0.00395203
13 0.74707 0.423828 0.0527344 0.046875 0.00402069
9 0.401367 0.211914 0.03125 0.0195312 0.00405884
11 0.311035 0.197754 0.0751953 0.0478516 0.0040741
7 0.641113 0.19873 0.0400391 0.0361328 0.00416946
8 0.71875 0.329102 0.0117188 0.00976562 0.00421524
7 0.703125 0.234375 0.0195312 0.0195312 0.00421524
13 0.311035 0.425781 0.0361328 0.0234375 0.00422287
9 0.512695 0.400391 0.138672 0.427734 0.00449371
6 0.755371 0.278809 0.131836 0.124023 0.00450134
13 0.401367 0.211914 0.03125 0.0195312 0.00463867
7 0.749023 0.279297 0.144531 0.119141 0.00477982
8 0.80127 0.577148 0.0537109 0.0488281 0.00490952
8 0.728516 0.28125 0.107422 0.078125 0.00499725
11 0.365234 0.176758 0.119141 0.0332031 0.00504684
7 0.641602 0.19043 0.03125 0.0175781 0.00508499
11 0.720703 0.288086 0.216797 0.1875 0.00518799
8 0.300781 0.355957 0.0117188 0.00878906 0.0056839
13 0.793457 0.312012 0.0537109 0.0517578 0.00579071
8 0.368652 0.48584 0.0224609 0.0185547 0.00583267
0 0.731445 0.283691 0.177734 0.147461 0.00598145
11 0.377441 0.171875 0.0849609 0.0175781 0.00615692
11 0.662598 0.169434 0.104492 0.0244141 0.00663757
2 0.633301 0.189941 0.0146484 0.0107422 0.00664139
2 0.311035 0.425781 0.0361328 0.0234375 0.00667953
8 0.281738 0.474609 0.0869141 0.125 0.00743484
13 0.318359 0.274414 0.0214844 0.0253906 0.00746918
13 0.812988 0.45459 0.0400391 0.0400391 0.0075531
9 0.704102 0.233887 0.0195312 0.0224609 0.00771713
2 0.638672 0.187988 0.0253906 0.0146484 0.0079422
9 0.748047 0.278809 0.150391 0.116211 0.00797272
2 0.722656 0.279785 0.0175781 0.0126953 0.00861359
13 0.336914 0.258301 0.0703125 0.0771484 0.00862885
13 0.323242 0.278809 0.0117188 0.0126953 0.00925446
8 0.695312 0.254883 0.00976562 0.0078125 0.00952911
8 0.321289 0.277344 0.0136719 0.0117188 0.00973511
11 0.114746 0.748047 0.0400391 0.0488281 0.01017
10 0.114746 0.748047 0.0400391 0.0488281 0.0101929
13 0.634766 0.188477 0.0175781 0.0117188 0.0105209
8 0.808105 0.330566 0.0146484 0.0107422 0.0106277
6 0.724121 0.302246 0.192383 0.209961 0.0108414
9 0.28418 0.479004 0.0820312 0.124023 0.0114441
1 0.749512 0.279785 0.143555 0.118164 0.0114746
2 0.281738 0.474609 0.0869141 0.125 0.0115967
8 0.311035 0.425781 0.0361328 0.0234375 0.0117264
8 0.705078 0.233398 0.03125 0.03125 0.0119476
2 0.305664 0.428223 0.0175781 0.0126953 0.0133286
8 0.72168 0.297852 0.0175781 0.0136719 0.0133362
13 0.711914 0.312012 0.287109 0.266602 0.0145798
8 0.357422 0.38623 0.0136719 0.0107422 0.0154877
8 0.638672 0.187988 0.0253906 0.0146484 0.0156021
8 0.723633 0.279785 0.169922 0.133789 0.019455
13 0.638184 0.199219 0.0478516 0.0429688 0.022644
8 0.633789 0.188965 0.015625 0.0107422 0.0231781
13 0.640137 0.191895 0.0341797 0.0224609 0.0234222
11 0.749512 0.279785 0.143555 0.118164 0.0239716
13 0.704102 0.234375 0.0273438 0.0253906 0.0240326
11 0.327637 0.188965 0.0732422 0.0400391 0.0274811
13 0.321289 0.261719 0.0410156 0.0585938 0.0322266
2 0.704102 0.233887 0.0195312 0.0224609 0.0367126
13 0.759766 0.279297 0.130859 0.111328 0.0378723
8 0.305176 0.428223 0.0166016 0.0107422 0.0531006
8 0.722656 0.279785 0.015625 0.0126953 0.0895386
8 0.704102 0.233887 0.0195312 0.0224609 0.0933838
2 0.734375 0.279297 0.171875 0.134766 0.140747
0 0.587891 0.313477 0.111328 0.107422 0.168701
13 0.729492 0.296387 0.183594 0.176758 0.325928
