9 0.725098 0.287109 0.0810547 0.119141 0.000100553
3 0.561035 0.768555 0.573242 0.302734 0.00010097
2 0.342285 0.288086 0.0400391 0.0253906 0.000101864
7 0.734863 0.270508 0.31543 0.298828 0.000101924
7 0.739258 0.262207 0.130859 0.149414 0.000103116
10 0.12207 0.94873 0.242188 0.0966797 0.000103295
9 0.379883 0.448242 0.0996094 0.134766 0.000103831
12 0.792969 0.594238 0.304688 0.360352 0.000104129
6 0.84082 0.641113 0.197266 0.245117 0.000104904
9 0.160645 0.469727 0.223633 0.185547 0.000105679
3 0.304688 0.710938 0.3125 0.113281 0.000105977
11 0.677734 0.131348 0.0761719 0.0205078 0.000106692
10 0.87793 0.770996 0.224609 0.124023 0.000107884
9 0.498047 0.158691 0.0449219 0.0361328 0.000109196
5 0.240234 0.364746 0.337891 0.149414 0.00011003
5 0.737793 0.286133 0.104492 0.136719 0.000111997
9 0.719238 0.3125 0.170898 0.28125 0.00011313
9 0.509766 0.0498047 0.355469 0.0996094 0.000114501
11 0.60498 0.158691 0.102539 0.0732422 0.00011456
9 0.268066 0.114258 0.536133 0.228516 0.000115037
9 0.708496 0.570312 0.0966797 0.0878906 0.000115275
9 0.755371 0.664551 0.344727 0.280273 0.000115514
12 0.575684 0.654785 0.538086 0.243164 0.000118375
5 0.700195 0.432129 0.132812 0.170898 0.000118494
13 0.118652 0.442383 0.0498047 0.0175781 0.000118673
9 0.222656 0.950195 0.410156 0.0957031 0.000119805
6 0.213867 0.592285 0.351562 0.336914 0.000121355
9 0.492188 0.23877 0.0371094 0.0419922 0.000125289
9 0.156738 0.45166 0.124023 0.0517578 0.000126004
13 0.878906 1 0.175781 0 0.000126362
9 0.251953 0.712891 0.449219 0.220703 0.000127316
13 0.82959 1 0.131836 0 0.000127554
9 0.651367 0.406738 0.0136719 0.0185547 0.000127673
0 0.558594 0.366699 0.162109 0.166992 0.00012815
3 0.694824 0.059082 0.610352 0.118164 0.000128984
12 0.713867 0.27002 0.378906 0.301758 0.000130296
9 0.0581055 0.48877 0.116211 0.543945 0.000130653
12 0.475098 0.453613 0.295898 0.571289 0.000132322
5 0.535156 0.499023 0.300781 0.585938 0.000134587
9 0.722656 0.26416 0.0371094 0.0302734 0.000136018
9 0.501953 0.225098 0.224609 0.317383 0.000139117
13 0.141113 0.469238 0.182617 0.293945 0.000139594
8 0.401367 0.60791 0.103516 0.149414 0.000139713
5 0.752441 0.70166 0.338867 0.194336 0.000140905
13 0.725098 0.287109 0.0810547 0.119141 0.000142574
9 0.504395 0.0297852 0.21582 0.0576172 0.000146151
5 0.804199 0.608887 0.143555 0.260742 0.000147223
9 0.381348 0.253906 0.147461 0.234375 0.000147462
8 0.723633 0.268555 0.0273438 0.0234375 0.000148654
9 0.741699 0.107422 0.516602 0.175781 0.000149012
9 0.698242 0.411621 0.150391 0.192383 0.000149608
8 0.711426 0.608398 0.166992 0.181641 0.000149846
3 0.578125 0.551758 0.464844 0.548828 0.000150204
12 0.242676 0.27002 0.415039 0.307617 0.000154972
10 0.0546875 0.758789 0.0546875 0.0859375 0.000156403
9 0.065918 0.833984 0.131836 0.275391 0.000158072
8 0.45459 0.434082 0.0224609 0.0244141 0.00015831
11 0.662598 0.124512 0.108398 0.0205078 0.000159979
11 0.71582 0.141602 0.0859375 0.0371094 0.000162125
2 0.41748 0.436523 0.0498047 0.0390625 0.000162363
2 0.392578 0.4375 0.0527344 0.0371094 0.000164986
9 0.398926 0.406738 0.157227 0.375977 0.000166893
5 0.24707 0.609863 0.201172 0.186523 0.000167489
7 0.703613 0.560547 0.239258 0.369141 0.000168681
5 0.777344 0.438477 0.261719 0.433594 0.000172853
13 0.792969 0.594238 0.304688 0.360352 0.000172853
9 0.405762 0.437988 0.0419922 0.0283203 0.000174046
9 0.500488 0.134277 0.180664 0.239258 0.000181317
3 0.604004 0.744141 0.52832 0.140625 0.000182152
9 0.727051 0.26416 0.0595703 0.0419922 0.000183105
8 0.908203 0.659668 0.03125 0.0302734 0.000187993
11 0.262695 0.160645 0.130859 0.0830078 0.000190735
8 0.392578 0.4375 0.0527344 0.0371094 0.000191212
9 0.802246 0.754883 0.37207 0.126953 0.000193119
9 0.669434 0.540527 0.143555 0.231445 0.000195384
5 0.152344 0.449219 0.113281 0.0820312 0.000197768
5 0.305664 0.636719 0.310547 0.271484 0.000198841
9 0.694824 0.059082 0.610352 0.118164 0.000205755
11 0.791504 0.491699 0.416992 0.612305 0.000212312
9 0.632812 0.325195 0.279297 0.310547 0.000217438
7 0.740234 0.258301 0.0878906 0.0791016 0.000218511
11 0.0546875 0.758789 0.0546875 0.0859375 0.000225306
6 0.74707 0.637207 0.171875 0.202148 0.000225544
0 0.515625 0.291992 0.224609 0.136719 0.00023067
3 0.213867 0.592285 0.351562 0.336914 0.000235081
11 0.74707 0.161621 0.111328 0.0693359 0.000236154
9 0.411133 0.211426 0.078125 0.151367 0.00023663
5 0.575684 0.654785 0.538086 0.243164 0.000240564
11 0.138672 0.27832 0.119141 0.201172 0.00024724
7 0.792969 0.594238 0.304688 0.360352 0.000249147
9 0.589844 0.671387 0.488281 0.19043 0.000249863
8 0.342285 0.288086 0.0400391 0.0253906 0.00025034
5 0.232422 0.471191 0.328125 0.356445 0.000252008
9 0.739258 0.262207 0.130859 0.149414 0.000253201
9 0.354492 0.637695 0.269531 0.283203 0.000253439
13 0.164062 0.470703 0.142578 0.0839844 0.000255346
8 0.274902 0.248047 0.0322266 0.03125 0.000260115
8 0.34668 0.32666 0.00976562 0.00878906 0.000264645
11 0.363281 0.143066 0.0957031 0.0322266 0.00026679
10 0.224121 0.913574 0.422852 0.170898 0.000268698
11 0.33252 0.137207 0.0751953 0.0185547 0.000268936
3 0.808594 0.601562 0.287109 0.341797 0.000275373
5 0.841797 0.733887 0.267578 0.141602 0.000276327
13 0.137695 0.487793 0.265625 0.545898 0.000282288
9 0.344727 0.722168 0.265625 0.12793 0.000285625
13 0.705078 0.391602 0.273438 0.460938 0.000288486
5 0.754883 0.306152 0.417969 0.362305 0.000291109
8 0.650391 0.407227 0.0136719 0.0175781 0.000294447
9 0.70752 0.555664 0.325195 0.412109 0.000314236
7 0.693848 0.569336 0.149414 0.193359 0.000314236
11 0.653809 0.134766 0.0732422 0.0195312 0.000314474
1 0.791504 0.491699 0.416992 0.612305 0.000318289
4 0.791504 0.491699 0.416992 0.612305 0.00032711
5 0.698242 0.436035 0.169922 0.317383 0.000327349
9 0.223145 0.629883 0.231445 0.140625 0.000335217
13 0.222168 0.611328 0.245117 0.189453 0.000335693
9 0.286133 0.711914 0.302734 0.0605469 0.000338316
9 0.791992 0.866211 0.416016 0.242188 0.000339985
9 0.885254 0.48584 0.21582 0.612305 0.000342131
0 0.791504 0.491699 0.416992 0.612305 0.00036335
10 0.779785 0.449219 0.424805 0.685547 0.000365734
8 0.405762 0.437988 0.0419922 0.0283203 0.000370979
13 0.698242 0.411621 0.150391 0.192383 0.000375509
13 0.687012 0.330078 0.163086 0.296875 0.000377893
8 0.791504 0.491699 0.416992 0.612305 0.000383854
9 0.724609 0.0898438 0.0136719 0.0117188 0.000384331
9 0.255371 0.272949 0.399414 0.291992 0.00038743
2 0.791504 0.491699 0.416992 0.612305 0.000396013
2 0.650391 0.407227 0.0136719 0.0175781 0.000396252
8 0.735352 0.269043 0.0761719 0.0576172 0.000412464
9 0.142578 0.498535 0.273438 0.541992 0.000413418
5 0.72998 0.581543 0.268555 0.415039 0.000427961
13 0.723145 0.282227 0.0400391 0.0683594 0.000435591
9 0.627441 0.456543 0.389648 0.569336 0.000457525
9 0.401367 0.60791 0.103516 0.149414 0.000460625
11 0.250977 0.449219 0.412109 0.658203 0.000468254
6 0.792969 0.594238 0.304688 0.360352 0.000475645
11 0.339844 0.141113 0.173828 0.0498047 0.000476122
5 0.881348 0.549805 0.202148 0.445312 0.000502586
9 0.445312 0.641113 0.283203 0.329102 0.000504971
8 0.724609 0.0898438 0.0117188 0.00976562 0.000523567
0 0.518066 0.431152 0.381836 0.448242 0.00053978
10 0.793457 0.960938 0.379883 0.078125 0.00053978
7 0.729492 0.617188 0.1875 0.203125 0.000541687
9 0.740234 0.258301 0.0878906 0.0791016 0.000544071
9 0.233398 0.830078 0.455078 0.275391 0.000545979
13 0.143066 0.461426 0.129883 0.15332 0.000557899
11 0.630371 0.141602 0.120117 0.046875 0.000573158
9 0.705078 0.589844 0.154297 0.167969 0.00060463
5 0.155762 0.463379 0.15918 0.178711 0.000613689
9 0.213867 0.592285 0.351562 0.336914 0.000646114
0 0.250977 0.449219 0.412109 0.658203 0.000646591
2 0.250977 0.449219 0.412109 0.658203 0.000651836
9 0.508301 0.352539 0.245117 0.238281 0.000688553
1 0.250977 0.449219 0.412109 0.658203 0.000693798
11 0.696289 0.143555 0.158203 0.0488281 0.000722885
8 0.724609 0.269531 0.0429688 0.0351562 0.00073719
10 0.250977 0.449219 0.412109 0.658203 0.000743866
4 0.250977 0.449219 0.412109 0.658203 0.000743866
5 0.213379 0.703613 0.381836 0.133789 0.000757217
9 0.734863 0.270508 0.31543 0.298828 0.000765324
8 0.250977 0.449219 0.412109 0.658203 0.00077343
2 0.405762 0.437988 0.0419922 0.0283203 0.000790596
8 0.90625 0.653809 0.0214844 0.0205078 0.000814915
5 0.75293 0.63916 0.193359 0.200195 0.000817776
13 0.143066 0.445801 0.102539 0.0791016 0.000817776
9 0.714355 0.606934 0.217773 0.266602 0.000834942
9 0.019043 0.217773 0.0380859 0.0644531 0.000835419
13 0.791504 0.491699 0.416992 0.612305 0.000880241
13 0.155762 0.44043 0.102539 0.0371094 0.000890732
7 0.77002 0.467773 0.420898 0.630859 0.000902176
9 0.367188 0.507324 0.193359 0.469727 0.000932217
9 0.399902 0.688965 0.186523 0.198242 0.000952721
9 0.840332 0.60791 0.229492 0.334961 0.00098896
9 0.975586 0.213379 0.0488281 0.0751953 0.00103569
12 0.77002 0.448242 0.442383 0.693359 0.00106335
9 0.398926 0.437988 0.0205078 0.0185547 0.0010643
5 0.137207 0.509277 0.254883 0.510742 0.00106716
5 0.224609 0.649414 0.308594 0.154297 0.00108147
5 0.23584 0.300293 0.370117 0.352539 0.00113297
9 0.399902 0.59668 0.145508 0.316406 0.00117016
10 0.22168 0.959473 0.402344 0.0810547 0.00122166
13 0.250977 0.449219 0.412109 0.658203 0.00128555
5 0.84375 0.667969 0.191406 0.201172 0.00132847
11 0.289551 0.14502 0.102539 0.0458984 0.00135994
13 0.138184 0.450684 0.0849609 0.0419922 0.0019722
7 0.250977 0.449219 0.412109 0.658203 0.0020504
2 0.398438 0.437988 0.0195312 0.0185547 0.00213242
9 0.220703 0.729004 0.380859 0.114258 0.00225639
6 0.791504 0.491699 0.416992 0.612305 0.00226784
3 0.791504 0.491699 0.416992 0.612305 0.002285
0 0.506348 0.345215 0.280273 0.227539 0.00269318
6 0.250977 0.449219 0.412109 0.658203 0.0028286
11 0.623535 0.137207 0.0791016 0.0283203 0.00284004
3 0.238281 0.455566 0.4375 0.666992 0.00294495
9 0.560547 0.600586 0.474609 0.400391 0.00337029
8 0.398926 0.437988 0.0205078 0.0185547 0.00400162
9 0.773926 0.459961 0.37207 0.65625 0.00473022
12 0.250977 0.449219 0.412109 0.658203 0.00540543
5 0.20166 0.592285 0.31543 0.30957 0.00614929
9 0.503418 0.49707 0.237305 0.564453 0.0062027
11 0.331543 0.138184 0.133789 0.0263672 0.00803375
9 0.250977 0.449219 0.412109 0.658203 0.00880432
13 0.133789 0.443848 0.0644531 0.0244141 0.0136032
3 0.587402 0.679199 0.510742 0.200195 0.0169678
5 0.811523 0.604004 0.267578 0.333008 0.0205078
11 0.666992 0.135254 0.150391 0.0302734 0.0292206
5 0.791504 0.491699 0.416992 0.612305 0.0655518
5 0.238281 0.455566 0.4375 0.666992 0.0791016
