9 0.376953 0.536133 0.0429688 0.0351562 0.000161171
11 0.787598 0.730469 0.0400391 0.0175781 0.000162721
13 0.82373 0.439453 0.0361328 0.0390625 0.000163198
3 0.938477 0.896484 0.123047 0.197266 0.000163198
9 0.185059 0.148926 0.364258 0.282227 0.000163555
10 0.0112305 0.975098 0.0166016 0.0400391 0.000163794
11 0.479004 0.00634766 0.0263672 0.0107422 0.000163913
13 0.470703 0.404785 0.0292969 0.0283203 0.00016427
9 0.735352 0.424805 0.119141 0.142578 0.000166297
7 0.834961 0.76123 0.138672 0.0810547 0.000167251
11 0.00585938 0.679688 0.00976562 0.0742188 0.00016737
13 0.735352 0.418457 0.214844 0.204102 0.000169277
11 0.649414 0.311035 0.113281 0.102539 0.000169754
13 0.418945 0.307617 0.167969 0.0800781 0.000169754
13 0.306641 0.456055 0.0390625 0.046875 0.000169873
8 0.744629 0.556152 0.0107422 0.00878906 0.000173092
13 0.350098 0.459473 0.0654297 0.0283203 0.000173211
10 0.895508 0.775879 0.0429688 0.0791016 0.00017345
12 0.757324 0.306641 0.0849609 0.0546875 0.000173926
13 0.746582 0.374512 0.133789 0.166992 0.000177503
11 0.335938 0.375 0.105469 0.150391 0.000180125
0 0.777344 0.321777 0.105469 0.0830078 0.000180364
11 0.836426 0.397949 0.0263672 0.0341797 0.000180483
6 0.388184 0.652344 0.0751953 0.0957031 0.000181317
9 0.338867 0.662598 0.119141 0.120117 0.000183225
11 0.00585938 0.618164 0.00976562 0.0703125 0.000185132
13 0.787109 0.393555 0.0820312 0.0761719 0.000185728
11 0.445312 0.289062 0.0566406 0.0175781 0.000186086
0 0.382812 0.637207 0.191406 0.170898 0.000187039
11 0.328125 0.467773 0.0839844 0.0234375 0.000187635
11 0.23291 0.165039 0.458008 0.306641 0.0001899
13 0.335938 0.464355 0.0625 0.0166016 0.000190496
12 0.418945 0.307617 0.167969 0.0800781 0.000190735
10 0.387695 0.652832 0.263672 0.250977 0.000190973
8 0.373047 0.589844 0.0117188 0.0117188 0.000191927
4 0.384277 0.624512 0.22168 0.208008 0.000193238
11 0.437988 0.00878906 0.0478516 0.0175781 0.000193477
11 0.666992 0.282227 0.0605469 0.015625 0.000194669
5 0.408691 0.63916 0.161133 0.12793 0.000195384
11 0.464844 0.0385742 0.0820312 0.0751953 0.000196457
2 0.639648 0.404297 0.0429688 0.0292969 0.000196576
5 0.352539 0.555176 0.107422 0.254883 0.000196815
0 0.941406 0.913086 0.117188 0.164062 0.000196934
9 0.757812 0.306152 0.0839844 0.0537109 0.000199199
9 0.791992 0.732422 0.0625 0.0253906 0.000204921
4 0.630371 0.438477 0.0908203 0.109375 0.000206828
13 0.790039 0.654785 0.107422 0.137695 0.000208616
11 0.444824 0.00585938 0.0419922 0.00976562 0.000208616
0 0.639648 0.425293 0.0546875 0.0673828 0.000210166
11 0.677734 0.00927734 0.0371094 0.0185547 0.000211358
0 0.00585938 0.466309 0.00976562 0.0869141 0.000213504
8 0.32373 0.537109 0.0185547 0.015625 0.000214815
11 0.63623 0.264648 0.0615234 0.0175781 0.000218153
11 0.811035 0.354492 0.0869141 0.0917969 0.000220656
6 0.308105 0.470703 0.0400391 0.015625 0.000222802
7 0.395996 0.652344 0.0771484 0.0957031 0.000223041
11 0.471191 0.0107422 0.0439453 0.0195312 0.000223517
13 0.387695 0.652832 0.263672 0.250977 0.000223756
12 0.630371 0.438477 0.0908203 0.109375 0.000225306
10 0.00732422 0.405273 0.0107422 0.0722656 0.000226736
11 0.699219 0.318848 0.164062 0.0986328 0.000228167
9 0.328125 0.467773 0.0839844 0.0234375 0.000228763
8 0.359863 0.234375 0.0458984 0.0410156 0.000229359
11 0.651855 0.278809 0.0595703 0.0146484 0.000229597
11 0.896973 0.779785 0.0400391 0.0771484 0.000230432
10 0.938477 0.896484 0.123047 0.197266 0.00023067
5 0.366699 0.540527 0.0673828 0.0654297 0.000231504
3 0.609863 0.875977 0.645508 0.248047 0.000236034
11 0.0649414 0.990723 0.129883 0.0166016 0.000236869
13 0.711426 0.464355 0.0341797 0.0517578 0.000236988
13 0.70166 0.446777 0.0673828 0.0810547 0.000238657
7 0.630371 0.438477 0.0908203 0.109375 0.00023973
8 0.364746 0.455566 0.0224609 0.0185547 0.000240207
8 0.519531 0.637207 0.0117188 0.0107422 0.000241756
7 0.790527 0.632812 0.0927734 0.0917969 0.000244617
7 0.748535 0.301758 0.0751953 0.046875 0.000244856
8 0.427246 0.543457 0.0146484 0.0107422 0.00024581
7 0.719727 0.699219 0.0683594 0.101562 0.000248432
5 0.110352 0.127441 0.193359 0.233398 0.000248432
11 0.00732422 0.405273 0.0107422 0.0722656 0.000249386
9 0.59375 0.467285 0.166016 0.168945 0.000250816
2 0.23291 0.165039 0.458008 0.306641 0.000251055
7 0.84375 0.643066 0.015625 0.0146484 0.000252247
10 0.0249023 0.969238 0.0498047 0.0595703 0.000252247
5 0.827148 0.162598 0.345703 0.31543 0.000254869
4 0.345703 0.661133 0.125 0.119141 0.000255823
6 0.834961 0.152832 0.330078 0.286133 0.000256062
2 0.630371 0.412598 0.0732422 0.0556641 0.000264645
11 0.666016 0.285645 0.134766 0.0498047 0.000265598
8 0.44873 0.687988 0.0283203 0.0361328 0.000267506
13 0.769043 0.318359 0.106445 0.0742188 0.000270128
0 0.638672 0.472656 0.0722656 0.138672 0.00027132
13 0.800781 0.458008 0.0449219 0.0234375 0.000279427
9 0.0859375 0.119141 0.162109 0.230469 0.000279665
11 0.0117188 0.975586 0.0234375 0.0488281 0.000280142
10 0.00585938 0.9375 0.00976562 0.0644531 0.000281811
8 0.435547 0.404785 0.0332031 0.0244141 0.000281811
5 0.375488 0.536621 0.0478516 0.0400391 0.000283241
8 0.337891 0.685547 0.0371094 0.0371094 0.000283957
1 0.630371 0.438477 0.0908203 0.109375 0.000285625
2 0.253906 0.364258 0.0410156 0.0292969 0.000295639
11 0.00585938 0.946289 0.00976562 0.0644531 0.000298977
12 0.37207 0.319336 0.0683594 0.0546875 0.0003016
7 0.790527 0.680664 0.0869141 0.0996094 0.0003016
11 0.0375977 0.987305 0.0732422 0.0253906 0.000302315
2 0.769043 0.318359 0.106445 0.0742188 0.000302792
9 0.808105 0.741211 0.108398 0.0390625 0.000303507
9 0.391602 0.717285 0.232422 0.172852 0.000305414
11 0.00634766 0.0239258 0.0107422 0.0478516 0.000308037
13 0.630371 0.438477 0.0908203 0.109375 0.000311375
11 0.509277 0.291016 0.0400391 0.0273438 0.000316381
9 0.359375 0.334473 0.0390625 0.0341797 0.000316858
11 0.492676 0.314453 0.0751953 0.078125 0.000318766
1 0.418945 0.307617 0.167969 0.0800781 0.000324249
10 0.779785 0.981934 0.31543 0.0361328 0.000326157
13 0.224121 0.15918 0.40918 0.265625 0.000326395
6 0.352051 0.678711 0.0732422 0.0546875 0.000327349
0 0.00585938 0.529297 0.00976562 0.0859375 0.000328541
5 0.758301 0.446289 0.131836 0.158203 0.000331402
10 0.00634766 0.0239258 0.0107422 0.0478516 0.000332117
8 0.836426 0.607422 0.0205078 0.0195312 0.000332355
3 0.380371 0.650879 0.170898 0.133789 0.000335932
5 0.630371 0.438477 0.0908203 0.109375 0.000336647
10 0.0698242 0.994629 0.102539 0.0107422 0.000338078
1 0.754395 0.303711 0.0810547 0.0488281 0.00033927
13 0.828613 0.436035 0.0263672 0.0244141 0.0003438
7 0.37207 0.319336 0.0683594 0.0546875 0.00034523
8 0.839844 0.676758 0.0234375 0.0195312 0.000348091
10 0.661621 0.0117188 0.0595703 0.0214844 0.000350952
11 0.630371 0.438477 0.0908203 0.109375 0.000352859
11 0.666016 0.00634766 0.0488281 0.0107422 0.000353813
11 0.369629 0.342773 0.172852 0.119141 0.000360966
8 0.630371 0.438477 0.0908203 0.109375 0.000365257
11 0.782227 0.321289 0.0605469 0.0546875 0.00036931
13 0.334961 0.502441 0.105469 0.0849609 0.000371933
11 0.00585938 0.804199 0.00976562 0.0673828 0.00037241
13 0.734375 0.466797 0.0742188 0.0683594 0.000375032
11 0.00585938 0.768555 0.00976562 0.0664062 0.000376463
11 0.827637 0.379883 0.0478516 0.0585938 0.000380039
13 0.0976562 0.130859 0.183594 0.253906 0.00038147
11 0.479004 0.279297 0.0498047 0.0136719 0.000384569
8 0.780273 0.667969 0.0253906 0.0175781 0.000391483
13 0.371582 0.320801 0.0673828 0.0517578 0.000391722
9 0.84375 0.642578 0.015625 0.015625 0.000397444
8 0.253906 0.364258 0.0410156 0.0292969 0.000398397
8 0.722656 0.678711 0.0429688 0.0566406 0.000400543
8 0.437012 0.674316 0.0107422 0.0107422 0.00040102
13 0.707031 0.40332 0.0605469 0.136719 0.000404596
11 0.773926 0.351074 0.129883 0.147461 0.000405073
11 0.00585938 0.987793 0.0078125 0.0205078 0.000410318
5 0.382812 0.539551 0.105469 0.149414 0.00041151
8 0.308105 0.470703 0.0400391 0.015625 0.000418186
13 0.796387 0.467773 0.0576172 0.0332031 0.000421524
10 0.00585938 0.804199 0.00976562 0.0673828 0.000423908
11 0.623047 0.293945 0.0429688 0.0351562 0.000424623
10 0.00585938 0.768555 0.00976562 0.0664062 0.00042963
9 0.774414 0.550293 0.191406 0.383789 0.000431776
11 0.00585938 0.741699 0.00976562 0.0673828 0.000456095
1 0.370605 0.320801 0.0693359 0.0498047 0.000457525
8 0.484375 0.589844 0.0195312 0.0175781 0.000464201
11 0.383301 0.650391 0.180664 0.125 0.000467777
12 0.384766 0.645508 0.171875 0.146484 0.000467777
10 0.00634766 0.994141 0.0107422 0.00976562 0.000477314
11 0.00585938 0.715332 0.00976562 0.0693359 0.000481606
6 0.387695 0.652832 0.263672 0.250977 0.000484705
2 0.384766 0.645508 0.171875 0.146484 0.000492096
0 0.587891 0.505371 0.160156 0.170898 0.000497341
9 0.373047 0.319824 0.0703125 0.0537109 0.000502586
8 0.358887 0.678223 0.0751953 0.0595703 0.000518322
10 0.630371 0.438477 0.0908203 0.109375 0.000518322
10 0.00585938 0.900879 0.00976562 0.0615234 0.000524998
10 0.00585938 0.715332 0.00976562 0.0693359 0.000527382
13 0.376465 0.674805 0.116211 0.078125 0.000527382
10 0.00585938 0.741699 0.00976562 0.0673828 0.000536919
11 0.00634766 0.994141 0.0107422 0.00976562 0.000540733
11 0.00585938 0.900879 0.00976562 0.0615234 0.000542641
9 0.376953 0.674805 0.117188 0.0761719 0.000544548
9 0.387207 0.785645 0.250977 0.139648 0.000545025
2 0.642578 0.401367 0.0253906 0.0214844 0.000548363
11 0.450195 0.283691 0.0488281 0.0166016 0.00054884
11 0.306641 0.473145 0.046875 0.0224609 0.000553608
4 0.373047 0.676758 0.115234 0.0683594 0.000554562
7 0.338867 0.662598 0.117188 0.120117 0.000555038
2 0.37207 0.319336 0.0683594 0.0546875 0.000558376
11 0.473145 0.273926 0.0830078 0.0224609 0.000573635
6 0.78418 0.660645 0.128906 0.145508 0.000574589
10 0.00585938 0.964355 0.0117188 0.0595703 0.000576019
10 0.46582 0.0102539 0.046875 0.0205078 0.000578403
11 0.412109 0.302734 0.148438 0.105469 0.000580788
10 0.450684 0.00732422 0.0419922 0.0146484 0.000582695
11 0.661621 0.0117188 0.0595703 0.0214844 0.000590801
2 0.630859 0.436523 0.0878906 0.105469 0.00059557
8 0.831543 0.692871 0.00878906 0.00878906 0.000611782
7 0.348145 0.608398 0.133789 0.210938 0.000616074
6 0.375977 0.594238 0.173828 0.262695 0.000670433
13 0.766113 0.414551 0.0888672 0.0966797 0.00067234
13 0.344727 0.46582 0.117188 0.0839844 0.000675201
7 0.352051 0.678711 0.0732422 0.0546875 0.000677586
2 0.309082 0.470703 0.0419922 0.0175781 0.000683784
11 0.806152 0.338379 0.0595703 0.0576172 0.000705242
11 0.747559 0.29834 0.0517578 0.0380859 0.000723839
7 0.308105 0.470703 0.0400391 0.015625 0.000724316
10 0.0385742 0.983398 0.0771484 0.0332031 0.000761509
11 0.00634766 0.973145 0.0107422 0.0498047 0.000806332
8 0.429199 0.638672 0.0244141 0.015625 0.000806332
11 0.0419922 0.992188 0.0644531 0.0117188 0.000820637
11 0.00585938 0.830078 0.00976562 0.0625 0.00083065
9 0.630371 0.438477 0.0908203 0.109375 0.000843525
10 0.00585938 0.830078 0.00976562 0.0625 0.000860691
10 0.00537109 0.979492 0.00878906 0.0371094 0.000882149
10 0.463379 0.0185547 0.0556641 0.0371094 0.00088501
11 0.479004 0.29248 0.102539 0.0498047 0.000911236
8 0.811035 0.530762 0.0185547 0.0166016 0.000955582
9 0.376465 0.565918 0.194336 0.321289 0.000963211
9 0.777344 0.664062 0.132812 0.146484 0.000974655
11 0.644043 0.273438 0.0771484 0.0234375 0.000992775
11 0.455078 0.00732422 0.0429688 0.0146484 0.00100136
3 0.630371 0.438477 0.0908203 0.109375 0.0010643
9 0.307617 0.471191 0.0390625 0.0146484 0.00107193
11 0.695312 0.282715 0.0625 0.0185547 0.00107479
11 0.00634766 0.875977 0.0107422 0.0449219 0.00109863
11 0.479004 0.288086 0.0517578 0.015625 0.00110531
7 0.387207 0.616699 0.258789 0.250977 0.00111961
13 0.836426 0.148438 0.327148 0.283203 0.00113106
10 0.00634766 0.875977 0.0107422 0.0449219 0.00113106
11 0.0249023 0.994629 0.0439453 0.0107422 0.00114441
11 0.644043 0.285156 0.0615234 0.0195312 0.0011673
10 0.384766 0.645508 0.171875 0.146484 0.00119114
10 0.0419922 0.992188 0.0644531 0.0117188 0.00128078
3 0.620605 0.707031 0.293945 0.0976562 0.00134182
5 0.235352 0.15625 0.470703 0.275391 0.00135612
11 0.466309 0.284668 0.0478516 0.0126953 0.0014782
3 0.224121 0.15918 0.40918 0.265625 0.00149345
11 0.00634766 0.856445 0.0107422 0.0488281 0.00152397
11 0.631836 0.301758 0.0683594 0.0644531 0.0015316
11 0.762695 0.306152 0.0507812 0.0380859 0.00156212
5 0.774414 0.550293 0.191406 0.383789 0.00158691
11 0.463379 0.0185547 0.0556641 0.0371094 0.00159073
10 0.00634766 0.856445 0.0107422 0.0488281 0.00164986
9 0.57959 0.0581055 0.231445 0.116211 0.0017519
10 0.0258789 0.994629 0.0439453 0.0107422 0.00181103
9 0.82959 0.756836 0.135742 0.0722656 0.00183868
5 0.390137 0.540527 0.213867 0.375977 0.00184059
10 0.0649414 0.98877 0.12793 0.0205078 0.00192928
6 0.376465 0.674805 0.116211 0.078125 0.00195026
11 0.500977 0.30127 0.0644531 0.0439453 0.00195503
11 0.666504 0.280273 0.104492 0.0195312 0.00197029
1 0.394043 0.652344 0.166992 0.121094 0.00206375
11 0.0175781 0.985352 0.0332031 0.0292969 0.0020752
5 0.792969 0.632812 0.138672 0.208984 0.00212097
11 0.741211 0.310059 0.132812 0.0751953 0.00219917
8 0.435059 0.628418 0.0322266 0.0322266 0.00220871
11 0.455566 0.279297 0.0791016 0.0273438 0.00225449
10 0.0166016 0.981934 0.0332031 0.0361328 0.00233269
11 0.365234 0.324707 0.107422 0.0849609 0.00274658
7 0.777344 0.664062 0.132812 0.146484 0.00276184
11 0.343262 0.349121 0.0830078 0.0791016 0.00293732
13 0.328125 0.478516 0.09375 0.0390625 0.00300026
13 0.735352 0.424805 0.119141 0.142578 0.00313759
11 0.00732422 0.982422 0.0107422 0.0253906 0.00340652
13 0.720215 0.45166 0.0439453 0.0712891 0.00365067
13 0.303711 0.474121 0.0507812 0.0302734 0.00416565
10 0.00830078 0.982422 0.0126953 0.0253906 0.00417328
11 0.0253906 0.989746 0.0429688 0.0166016 0.00455093
8 0.84082 0.677734 0.015625 0.0136719 0.00460052
7 0.376465 0.674805 0.116211 0.078125 0.00476074
9 0.253418 0.364258 0.0400391 0.0292969 0.00482941
10 0.0234375 0.987793 0.0429688 0.0205078 0.00509262
8 0.84375 0.642578 0.015625 0.015625 0.00526428
13 0.727539 0.434082 0.0800781 0.0947266 0.00537491
8 0.394043 0.652344 0.166992 0.121094 0.00553894
10 0.0180664 0.992188 0.0244141 0.0117188 0.00557327
5 0.365234 0.655762 0.132812 0.110352 0.0056076
11 0.43457 0.294922 0.136719 0.0488281 0.00627136
11 0.644043 0.288574 0.0810547 0.0341797 0.00671768
13 0.34082 0.466309 0.109375 0.0302734 0.00778961
0 0.607422 0.45752 0.138672 0.15918 0.00785828
11 0.0180664 0.992188 0.0244141 0.0117188 0.00805664
9 0.561523 0.0405273 0.169922 0.0712891 0.0096817
9 0.387695 0.651367 0.181641 0.123047 0.0104446
11 0.688965 0.286621 0.133789 0.0244141 0.0106583
11 0.458496 0.287598 0.106445 0.0224609 0.0113525
11 0.706543 0.29541 0.15918 0.0439453 0.0121231
11 0.479004 0.283203 0.0771484 0.0195312 0.0177307
11 0.358398 0.331543 0.0488281 0.0419922 0.019104
4 0.394043 0.652344 0.166992 0.121094 0.0231781
11 0.012207 0.989258 0.0166016 0.0175781 0.0239563
10 0.012207 0.98877 0.0166016 0.0185547 0.0250244
11 0.395508 0.310547 0.109375 0.0625 0.0274506
13 0.383301 0.650391 0.180664 0.125 0.0291138
11 0.774902 0.319824 0.102539 0.0771484 0.029129
13 0.319336 0.46875 0.0703125 0.0214844 0.0414124
11 0.487305 0.291992 0.078125 0.0253906 0.0456543
5 0.375488 0.620117 0.174805 0.203125 0.0524292
13 0.307617 0.471191 0.0410156 0.0166016 0.0558167
11 0.370117 0.320801 0.0664062 0.0498047 0.0779419
11 0.750977 0.302246 0.0859375 0.0517578 0.0864258
6 0.383301 0.650391 0.180664 0.125 0.140137
7 0.387695 0.651367 0.181641 0.123047 0.161499
0 0.630371 0.432617 0.0888672 0.0957031 0.358398
