12 0.400391 0.17334 0.0996094 0.0283203 0.000267506
8 0.199707 0.558105 0.0458984 0.0322266 0.000268221
13 0.135742 0.600098 0.0546875 0.0654297 0.000268221
7 0.150391 0.510742 0.0742188 0.175781 0.000268459
9 0.737793 0.285645 0.245117 0.241211 0.000269413
12 0.300293 0.207031 0.110352 0.0703125 0.000272274
7 0.355469 0.314941 0.179688 0.206055 0.000274181
13 0.779785 0.447266 0.223633 0.179688 0.000276566
13 0.733887 0.403809 0.0888672 0.0400391 0.000278711
10 0.115234 0.596191 0.0976562 0.118164 0.000281096
8 0.790039 0.437012 0.212891 0.15918 0.000285864
8 0.817871 0.446289 0.0634766 0.0605469 0.000287056
6 0.334473 0.209961 0.165039 0.103516 0.00028801
10 0.82959 0.95166 0.200195 0.0927734 0.00028801
13 0.150391 0.571777 0.0917969 0.120117 0.000288725
2 0.243164 0.358887 0.107422 0.0458984 0.000290632
9 0.757324 0.579102 0.291992 0.130859 0.000291348
10 0.291504 0.648438 0.356445 0.078125 0.000292063
7 0.303223 0.463867 0.227539 0.238281 0.000293255
6 0.751953 0.385254 0.152344 0.116211 0.000298023
13 0.592285 0.308105 0.125977 0.120117 0.0002985
13 0.356934 0.353516 0.157227 0.326172 0.000303984
11 0.651855 0.175781 0.157227 0.0703125 0.000303984
1 0.787598 0.533203 0.225586 0.199219 0.000305653
8 0.842285 0.558105 0.112305 0.137695 0.000306368
9 0.529785 0.737305 0.211914 0.427734 0.000308752
4 0.786621 0.382324 0.176758 0.188477 0.000309706
9 0.276367 0.580078 0.324219 0.0742188 0.00031352
13 0.342773 0.37793 0.0800781 0.0410156 0.000314236
13 0.270996 0.241211 0.145508 0.134766 0.000315905
6 0.291504 0.536621 0.31543 0.147461 0.00031805
13 0.373047 0.186035 0.154297 0.0498047 0.000321388
7 0.366211 0.272461 0.0722656 0.0566406 0.000324249
13 0.695312 0.258789 0.0351562 0.0273438 0.00032568
10 0.178223 0.854492 0.21582 0.277344 0.00032711
10 0.299316 0.209961 0.106445 0.0742188 0.000329494
8 0.594727 0.303711 0.121094 0.111328 0.000330925
13 0.220215 0.415527 0.0322266 0.0185547 0.000331402
1 0.348145 0.194824 0.180664 0.0791016 0.00033927
13 0.231934 0.324707 0.0947266 0.0908203 0.000343084
13 0.341797 0.366699 0.183594 0.157227 0.000345469
7 0.257812 0.356445 0.115234 0.0449219 0.000346661
9 0.147949 0.598145 0.0986328 0.149414 0.000347853
11 0.592285 0.304199 0.125977 0.114258 0.000349045
4 0.220215 0.493652 0.202148 0.206055 0.000352383
0 0.529297 0.362305 0.25 0.248047 0.000357866
8 0.836914 0.474121 0.0332031 0.0302734 0.000358105
8 0.251465 0.28125 0.0126953 0.0117188 0.000358105
9 0.33252 0.273438 0.114258 0.128906 0.000366926
11 0.208984 0.34375 0.0527344 0.0234375 0.000370026
13 0.357422 0.297363 0.107422 0.0771484 0.000370741
9 0.199219 0.550781 0.0273438 0.0195312 0.000376225
8 0.84668 0.599609 0.0292969 0.0253906 0.00037694
3 0.134766 0.605957 0.0664062 0.114258 0.000378609
5 0.258789 0.36084 0.119141 0.0478516 0.000383377
1 0.400391 0.17334 0.0996094 0.0283203 0.000384331
8 0.195801 0.547363 0.0732422 0.0673828 0.000384808
10 0.129883 0.641602 0.09375 0.162109 0.000386953
9 0.133301 0.605469 0.0595703 0.078125 0.000387669
9 0.260254 0.364258 0.186523 0.109375 0.000390768
10 0.787598 0.533203 0.225586 0.199219 0.000391483
13 0.735352 0.304199 0.287109 0.288086 0.00039506
8 0.805176 0.561035 0.0732422 0.0712891 0.000402927
7 0.153809 0.546875 0.0537109 0.103516 0.000407696
9 0.693359 0.259277 0.0351562 0.0283203 0.000408649
3 0.635254 0.59375 0.452148 0.136719 0.000418663
1 0.150391 0.571777 0.0917969 0.120117 0.000423193
13 0.211426 0.375 0.135742 0.269531 0.000425577
5 0.859375 0.444824 0.103516 0.348633 0.000432491
13 0.270996 0.36084 0.0751953 0.0380859 0.000432968
8 0.229004 0.393555 0.0224609 0.0175781 0.000433922
3 0.657227 0.787109 0.599609 0.416016 0.000434637
9 0.133789 0.182129 0.0664062 0.0498047 0.000436068
11 0.188965 0.589355 0.196289 0.135742 0.000439644
11 0.164551 0.45459 0.0869141 0.270508 0.000448465
8 0.787598 0.533203 0.225586 0.199219 0.000451803
7 0.277344 0.35498 0.181641 0.176758 0.000455141
7 0.376953 0.183594 0.164062 0.0546875 0.000458241
9 0.149902 0.539551 0.0673828 0.12793 0.000464201
10 0.594727 0.303711 0.121094 0.111328 0.000471592
10 0.20166 0.533203 0.241211 0.240234 0.000489712
0 0.134766 0.600098 0.0625 0.0810547 0.000490189
2 0.589355 0.309082 0.12207 0.12207 0.000495911
6 0.768066 0.435059 0.233398 0.182617 0.000499725
9 0.657227 0.787109 0.599609 0.416016 0.000507832
7 0.862793 0.597168 0.0908203 0.0888672 0.000510216
8 0.803711 0.438965 0.126953 0.0654297 0.000510693
7 0.628906 0.539062 0.470703 0.166016 0.000511169
9 0.202637 0.510742 0.0361328 0.0351562 0.000518799
8 0.251465 0.318359 0.0224609 0.0175781 0.000520229
8 0.686523 0.200195 0.0175781 0.0175781 0.000521183
5 0.306152 0.536621 0.291992 0.139648 0.000524044
13 0.218262 0.337402 0.0830078 0.0498047 0.00053072
13 0.743652 0.378418 0.12793 0.106445 0.000531197
10 0.226074 0.644043 0.264648 0.129883 0.000531673
6 0.628906 0.539062 0.470703 0.166016 0.000535488
9 0.30957 0.281738 0.197266 0.182617 0.000536442
13 0.340332 0.224609 0.151367 0.103516 0.00054121
13 0.222656 0.36084 0.111328 0.0791016 0.000545979
13 0.400391 0.17334 0.0996094 0.0283203 0.000549316
11 0.628906 0.539062 0.470703 0.166016 0.000552654
6 0.302734 0.463867 0.210938 0.236328 0.000553131
7 0.271973 0.605957 0.334961 0.108398 0.000567436
5 0.79248 0.575684 0.229492 0.129883 0.000567913
13 0.23584 0.359375 0.0615234 0.0273438 0.000572205
8 0.693359 0.258301 0.046875 0.0458984 0.000573158
13 0.628906 0.539062 0.470703 0.166016 0.000574112
9 0.842285 0.540039 0.129883 0.179688 0.000574589
10 0.125 0.868164 0.0917969 0.117188 0.000576973
13 0.227051 0.418945 0.0595703 0.0195312 0.000595093
1 0.628906 0.539062 0.470703 0.166016 0.000595093
8 0.80957 0.312012 0.03125 0.0322266 0.000596046
11 0.301758 0.205078 0.0625 0.0488281 0.000596046
5 0.32373 0.269043 0.110352 0.118164 0.000597954
13 0.181152 0.479492 0.0419922 0.0234375 0.000599861
12 0.628906 0.539062 0.470703 0.166016 0.000601768
8 0.183594 0.502441 0.0585938 0.0517578 0.000609875
11 0.116211 0.617676 0.0976562 0.104492 0.000617504
8 0.628906 0.539062 0.470703 0.166016 0.000620842
7 0.192871 0.510742 0.0732422 0.0546875 0.000628471
1 0.134766 0.600098 0.0625 0.0810547 0.000629425
13 0.314453 0.431152 0.1875 0.0986328 0.000635624
8 0.191895 0.522461 0.151367 0.166016 0.000641823
2 0.628906 0.539062 0.470703 0.166016 0.000650406
4 0.628906 0.539062 0.470703 0.166016 0.000660896
5 0.203125 0.444824 0.152344 0.295898 0.00066328
13 0.308594 0.25293 0.0507812 0.0507812 0.000669003
7 0.694336 0.258789 0.0253906 0.0234375 0.0006814
8 0.736328 0.305176 0.0214844 0.0166016 0.000684738
8 0.252441 0.481934 0.0283203 0.0263672 0.00069046
11 0.298828 0.281738 0.1875 0.182617 0.000706673
8 0.177734 0.477539 0.0371094 0.0214844 0.000732899
7 0.134277 0.605469 0.0595703 0.0703125 0.000742912
13 0.243164 0.304199 0.138672 0.172852 0.000743866
11 0.306641 0.24707 0.0859375 0.0839844 0.000743866
7 0.199219 0.550781 0.0234375 0.0195312 0.000758648
8 0.393555 0.306152 0.0117188 0.0107422 0.000790596
6 0.275879 0.357422 0.139648 0.0566406 0.000791073
1 0.297363 0.210449 0.100586 0.0771484 0.000802517
9 0.811035 0.489746 0.194336 0.291992 0.000804424
7 0.301758 0.205078 0.115234 0.0839844 0.000832081
8 0.819336 0.439453 0.130859 0.273438 0.000852585
9 0.529785 0.342773 0.211914 0.199219 0.000858784
6 0.260254 0.364258 0.186523 0.109375 0.000873566
9 0.181152 0.925293 0.168945 0.149414 0.000889301
8 0.186035 0.525879 0.0986328 0.100586 0.000910759
9 0.592285 0.308105 0.125977 0.120117 0.000912666
6 0.837891 0.487793 0.134766 0.293945 0.000913143
9 0.185547 0.463379 0.132812 0.264648 0.000922203
6 0.314453 0.254395 0.0625 0.0576172 0.000935078
13 0.768555 0.529785 0.208984 0.188477 0.000949383
13 0.337402 0.432129 0.145508 0.0517578 0.000982285
7 0.183105 0.927246 0.180664 0.145508 0.000994682
11 0.134766 0.615723 0.0839844 0.168945 0.00101089
9 0.268066 0.487305 0.272461 0.216797 0.00102139
5 0.262207 0.366699 0.19043 0.125977 0.00102234
8 0.201172 0.515137 0.0703125 0.0576172 0.00104046
4 0.848633 0.556152 0.0996094 0.143555 0.00106049
1 0.175293 0.529785 0.104492 0.137695 0.00106621
5 0.758301 0.519531 0.198242 0.193359 0.00108814
7 0.833008 0.470703 0.136719 0.318359 0.00110245
10 0.172363 0.604492 0.168945 0.205078 0.00111008
13 0.816895 0.377441 0.0830078 0.0341797 0.00111198
4 0.787598 0.533203 0.225586 0.199219 0.0011425
13 0.848633 0.556152 0.0996094 0.143555 0.00114822
9 0.787109 0.382812 0.175781 0.191406 0.00116539
11 0.711426 0.178711 0.149414 0.0644531 0.00118446
10 0.628906 0.539062 0.470703 0.166016 0.00118828
5 0.644043 0.493164 0.47168 0.263672 0.0012188
8 0.711426 0.299805 0.0263672 0.0195312 0.00127506
11 0.600586 0.183105 0.0644531 0.0712891 0.00127792
8 0.372559 0.269531 0.0556641 0.0410156 0.00129318
10 0.908203 0.644531 0.03125 0.0488281 0.0013237
3 0.592285 0.304199 0.125977 0.114258 0.00135708
5 0.766602 0.420898 0.207031 0.146484 0.00137329
13 0.301758 0.205078 0.115234 0.0839844 0.00137424
9 0.400391 0.17334 0.0996094 0.0283203 0.00140381
6 0.33252 0.271973 0.116211 0.129883 0.00140858
0 0.625977 0.538086 0.458984 0.142578 0.00140953
11 0.144043 0.522949 0.0595703 0.143555 0.00142097
7 0.400391 0.17334 0.0996094 0.0283203 0.00143147
9 0.269043 0.620117 0.350586 0.123047 0.00145435
11 0.322266 0.193359 0.09375 0.0527344 0.0014782
5 0.327148 0.456543 0.205078 0.237305 0.0014801
7 0.199219 0.509277 0.0449219 0.0361328 0.00148296
8 0.816406 0.438477 0.0371094 0.0292969 0.00150585
10 0.142578 0.89209 0.126953 0.19043 0.00151253
7 0.314453 0.254395 0.0625 0.0576172 0.00155926
7 0.147949 0.572266 0.0830078 0.117188 0.00157928
5 0.737793 0.285645 0.245117 0.241211 0.00158024
11 0.908203 0.644531 0.03125 0.0488281 0.00160694
5 0.191895 0.522461 0.151367 0.166016 0.00169373
13 0.741699 0.399902 0.243164 0.180664 0.00172138
13 0.260742 0.345215 0.119141 0.0517578 0.00178337
0 0.756836 0.406738 0.291016 0.463867 0.00187016
7 0.33252 0.273438 0.114258 0.128906 0.00188351
13 0.324219 0.429688 0.101562 0.0273438 0.00201416
10 0.201172 0.589844 0.197266 0.103516 0.00202179
7 0.786621 0.382324 0.176758 0.188477 0.00209427
9 0.628906 0.539062 0.470703 0.166016 0.00209999
8 0.241211 0.53125 0.0253906 0.0253906 0.00210762
13 0.316406 0.259766 0.0761719 0.0761719 0.00212288
13 0.335938 0.42334 0.25 0.204102 0.00214195
5 0.80127 0.382812 0.145508 0.152344 0.00216103
7 0.302246 0.28418 0.202148 0.175781 0.0021801
5 0.308594 0.379883 0.246094 0.189453 0.00218391
8 0.71582 0.321289 0.0273438 0.0253906 0.00219154
5 0.30957 0.281738 0.197266 0.182617 0.0022049
6 0.737793 0.322754 0.27832 0.321289 0.00225639
11 0.775391 0.425781 0.246094 0.417969 0.00229645
12 0.772461 0.421387 0.251953 0.46582 0.00235367
13 0.220215 0.493652 0.202148 0.206055 0.00243378
11 0.29248 0.389648 0.303711 0.40625 0.00252724
11 0.609863 0.165527 0.0712891 0.0458984 0.00255203
3 0.772461 0.421387 0.251953 0.46582 0.00264549
9 0.509277 0.416504 0.163086 0.393555 0.00266457
13 0.180664 0.519043 0.111328 0.15332 0.00267792
11 0.409668 0.187012 0.104492 0.0498047 0.00273514
12 0.291992 0.388672 0.294922 0.388672 0.00274086
13 0.836426 0.500977 0.137695 0.263672 0.00274277
2 0.775391 0.425781 0.246094 0.417969 0.00279045
6 0.308594 0.379883 0.246094 0.189453 0.00279617
10 0.301758 0.386719 0.287109 0.398438 0.00282478
10 0.775391 0.425781 0.246094 0.417969 0.00283241
11 0.763672 0.202637 0.09375 0.0830078 0.00283813
0 0.282227 0.393066 0.304688 0.401367 0.00284195
1 0.775391 0.425781 0.246094 0.417969 0.00307274
11 0.163086 0.61084 0.125 0.0927734 0.003088
9 0.180664 0.527832 0.113281 0.137695 0.00317192
8 0.775391 0.425781 0.246094 0.417969 0.00318146
13 0.803223 0.384277 0.108398 0.0595703 0.00322151
8 0.29248 0.389648 0.303711 0.40625 0.00326538
2 0.29248 0.389648 0.303711 0.40625 0.00331688
1 0.29248 0.389648 0.303711 0.40625 0.00336838
11 0.652344 0.15625 0.117188 0.0214844 0.00338936
7 0.220215 0.493652 0.202148 0.206055 0.00341034
0 0.570312 0.311035 0.193359 0.133789 0.00348854
5 0.842285 0.540039 0.129883 0.179688 0.00395966
11 0.279297 0.224609 0.0761719 0.0722656 0.00410843
11 0.270996 0.241211 0.145508 0.134766 0.00411224
8 0.79834 0.43457 0.0166016 0.015625 0.00424194
4 0.180664 0.527832 0.113281 0.137695 0.00426483
6 0.220215 0.493652 0.202148 0.206055 0.00434494
10 0.160156 0.54834 0.121094 0.174805 0.00440216
3 0.282227 0.393066 0.304688 0.401367 0.00455856
11 0.175293 0.529785 0.104492 0.137695 0.00462341
6 0.848633 0.556152 0.0996094 0.143555 0.00472641
10 0.271973 0.605957 0.334961 0.110352 0.00504303
6 0.305176 0.294434 0.227539 0.19043 0.00519562
13 0.214844 0.34375 0.0527344 0.0195312 0.00522995
11 0.65625 0.163574 0.152344 0.0322266 0.0052948
13 0.332031 0.273926 0.119141 0.12793 0.00542068
11 0.123535 0.62207 0.0556641 0.0800781 0.00553131
11 0.334473 0.209961 0.165039 0.103516 0.0057373
10 0.145508 0.564453 0.0683594 0.121094 0.00588226
6 0.78418 0.53125 0.228516 0.203125 0.00589371
10 0.125 0.622559 0.0585938 0.0830078 0.00595474
4 0.775391 0.425781 0.246094 0.417969 0.00619125
13 0.277832 0.366699 0.161133 0.0595703 0.00637054
4 0.29248 0.389648 0.303711 0.40625 0.00638199
13 0.800293 0.381836 0.141602 0.125 0.00685501
7 0.848633 0.556152 0.0996094 0.143555 0.00758743
7 0.787598 0.533203 0.225586 0.199219 0.00758743
6 0.786621 0.382324 0.176758 0.188477 0.00808716
8 0.200684 0.551758 0.0322266 0.0234375 0.00808716
6 0.180664 0.527832 0.113281 0.137695 0.008255
9 0.772461 0.421387 0.251953 0.46582 0.00863647
13 0.278809 0.369141 0.235352 0.220703 0.00887299
5 0.811035 0.489746 0.194336 0.291992 0.0092926
11 0.387695 0.173828 0.0585938 0.0195312 0.0102234
5 0.256348 0.486328 0.237305 0.201172 0.0102386
8 0.202637 0.510742 0.0380859 0.0351562 0.0102997
13 0.800781 0.381348 0.164062 0.262695 0.0115128
11 0.147949 0.572266 0.0830078 0.117188 0.0121689
11 0.373535 0.180176 0.12207 0.0361328 0.0125885
10 0.147949 0.598145 0.0986328 0.149414 0.0131454
13 0.325684 0.285645 0.194336 0.18457 0.0133591
13 0.226562 0.350586 0.0683594 0.0332031 0.0150757
9 0.288086 0.385742 0.292969 0.380859 0.015564
5 0.783691 0.347656 0.194336 0.287109 0.0194702
13 0.260254 0.364258 0.186523 0.109375 0.020752
8 0.693359 0.258789 0.0253906 0.0234375 0.0225372
13 0.243164 0.358887 0.107422 0.0458984 0.0245819
7 0.775391 0.425781 0.246094 0.417969 0.0260468
7 0.29248 0.389648 0.303711 0.40625 0.0288086
11 0.363281 0.187988 0.181641 0.0615234 0.0301208
11 0.746094 0.186035 0.0722656 0.0537109 0.0327759
7 0.180664 0.527832 0.113281 0.137695 0.0435791
13 0.777344 0.425293 0.240234 0.411133 0.0519104
11 0.400391 0.17334 0.0996094 0.0283203 0.0706787
11 0.134766 0.600098 0.0625 0.0810547 0.0872803
13 0.281738 0.38916 0.305664 0.383789 0.0928955
10 0.134766 0.600098 0.0625 0.0810547 0.0946655
11 0.300781 0.20752 0.111328 0.0693359 0.0961304
6 0.777832 0.424805 0.24707 0.421875 0.104797
6 0.29541 0.382324 0.290039 0.393555 0.120544
5 0.76123 0.405762 0.276367 0.463867 0.273438
0 0.59375 0.300781 0.115234 0.0996094 0.305908
5 0.287598 0.392578 0.290039 0.386719 0.312988
3 0.625977 0.538086 0.458984 0.142578 0.522949
