8 0.28125 0.484863 0.0273438 0.0185547 0.000118852
8 0.261719 0.434082 0.0175781 0.0146484 0.000118971
2 0.35498 0.395508 0.0439453 0.03125 0.000119209
8 0.30127 0.47168 0.0263672 0.0253906 0.000121057
13 0.720703 0.224609 0.09375 0.0625 0.000121653
13 0.379883 0.187012 0.0371094 0.0283203 0.000122666
13 0.323242 0.21875 0.078125 0.0820312 0.000122786
8 0.310059 0.247559 0.0517578 0.0322266 0.000122905
1 0.553223 0.325195 0.106445 0.09375 0.000123262
13 0.279297 0.269043 0.0664062 0.0576172 0.000123501
13 0.363281 0.421875 0.0996094 0.169922 0.000124335
9 0.366211 0.583984 0.0898438 0.0898438 0.000125885
13 0.711914 0.267578 0.0234375 0.03125 0.000127912
7 0.553711 0.323242 0.103516 0.0898438 0.000128269
9 0.688477 0.761719 0.355469 0.294922 0.000128984
9 0.48877 0.294434 0.133789 0.290039 0.00012958
8 0.630371 0.363281 0.0263672 0.0195312 0.000130534
8 0.208984 0.29248 0.0351562 0.0341797 0.000130534
11 0.357422 0.42041 0.078125 0.0927734 0.000131249
9 0.818359 0.628906 0.111328 0.0742188 0.000131369
11 0.363281 0.421875 0.0996094 0.169922 0.000132918
12 0.553711 0.323242 0.103516 0.0898438 0.000135422
2 0.359375 0.408691 0.0488281 0.0556641 0.000136256
0 0.401367 0.533691 0.0488281 0.0654297 0.000136733
7 0.777344 0.580566 0.0605469 0.0537109 0.000138044
8 0.35498 0.39502 0.0224609 0.0166016 0.000139952
11 0.209961 0.225098 0.0566406 0.0517578 0.000142455
7 0.279297 0.244141 0.09375 0.046875 0.000142694
12 0.246094 0.276367 0.115234 0.0703125 0.000144243
0 0.0439453 0.907715 0.0878906 0.172852 0.000145555
2 0.37207 0.351562 0.0234375 0.0175781 0.000145793
9 0.427734 0.539062 0.123047 0.201172 0.000146151
8 0.299805 0.42041 0.0410156 0.0283203 0.000146866
9 0.222656 0.59668 0.314453 0.0722656 0.000147104
0 0.896484 0.834961 0.207031 0.320312 0.000149965
9 0.36084 0.575684 0.0791016 0.0400391 0.000153184
9 0.374023 0.220215 0.0429688 0.0537109 0.000153661
9 0.388184 0.54834 0.0732422 0.0751953 0.000154018
13 0.348145 0.230469 0.0830078 0.0585938 0.000154495
13 0.329102 0.174316 0.146484 0.0283203 0.000156999
13 0.707031 0.230469 0.0527344 0.0488281 0.000157118
13 0.553223 0.325195 0.106445 0.09375 0.000157475
13 0.820801 0.525391 0.0517578 0.0175781 0.000158548
7 0.359375 0.475098 0.117188 0.206055 0.000159025
7 0.37207 0.228516 0.0292969 0.0195312 0.000159264
11 0.575684 0.196777 0.0400391 0.0322266 0.00015986
9 0.226562 0.747559 0.339844 0.301758 0.000160217
13 0.675781 0.337402 0.0800781 0.0478516 0.000161648
8 0.370117 0.397949 0.0410156 0.0341797 0.000164509
2 0.349609 0.302734 0.0195312 0.015625 0.000165462
13 0.76709 0.251465 0.0341797 0.0244141 0.000166774
11 0.184082 0.244629 0.0498047 0.0615234 0.000167131
2 0.363281 0.421875 0.0996094 0.169922 0.000168204
13 0.37207 0.351562 0.0234375 0.0175781 0.000168443
5 0.553711 0.323242 0.103516 0.0898438 0.000169873
8 0.346191 0.510742 0.0283203 0.0234375 0.000170946
12 0.28125 0.187012 0.125 0.0517578 0.000175714
2 0.401367 0.533691 0.0488281 0.0654297 0.000176549
8 0.486816 0.19043 0.0166016 0.0136719 0.000178218
8 0.338379 0.432129 0.0224609 0.0185547 0.000180602
11 0.622559 0.180664 0.0595703 0.0136719 0.000180721
11 0.370117 0.189941 0.117188 0.0458984 0.000182867
9 0.618652 0.512695 0.0166016 0.0117188 0.000183702
13 0.722168 0.291016 0.0947266 0.117188 0.00018394
8 0.373047 0.23291 0.0371094 0.0302734 0.00018394
8 0.553711 0.323242 0.103516 0.0898438 0.000185132
13 0.632812 0.293457 0.0625 0.0751953 0.000187159
9 0.76709 0.241211 0.0244141 0.015625 0.000187874
13 0.25 0.283691 0.046875 0.0302734 0.000190616
12 0.294922 0.249512 0.210938 0.114258 0.000193834
7 0.281738 0.187012 0.124023 0.0498047 0.00019443
11 0.371582 0.208008 0.0537109 0.0625 0.000195742
11 0.25293 0.193848 0.0507812 0.0302734 0.000197053
9 0.36084 0.537598 0.118164 0.172852 0.000198483
8 0.615723 0.310547 0.0185547 0.0195312 0.000200033
8 0.304199 0.40332 0.0224609 0.0175781 0.00020051
8 0.277832 0.549316 0.0107422 0.00878906 0.00020051
9 0.665527 0.61377 0.188477 0.0771484 0.00020206
13 0.323242 0.233887 0.0449219 0.0498047 0.000202298
11 0.720215 0.231445 0.0849609 0.0449219 0.000204682
13 0.265137 0.253906 0.0322266 0.0390625 0.000204682
9 0.36084 0.261719 0.0771484 0.103516 0.00020504
8 0.385742 0.357422 0.0546875 0.0292969 0.000205994
13 0.350098 0.305176 0.0322266 0.0244141 0.00020659
13 0.368164 0.217773 0.0351562 0.046875 0.000208378
8 0.310547 0.390625 0.0136719 0.00976562 0.000210285
13 0.26709 0.298828 0.157227 0.0898438 0.000213146
8 0.380859 0.447754 0.0429688 0.0361328 0.000213504
11 0.553711 0.323242 0.103516 0.0898438 0.000214696
11 0.356934 0.16748 0.120117 0.0166016 0.000216126
8 0.71582 0.244141 0.03125 0.0214844 0.000216842
8 0.22998 0.240723 0.0263672 0.0283203 0.000219464
13 0.367676 0.235352 0.0419922 0.0390625 0.000219703
7 0.737305 0.247559 0.0800781 0.0302734 0.000220299
10 0.556152 0.330078 0.102539 0.107422 0.000220656
11 0.407227 0.191406 0.0585938 0.0488281 0.000222683
13 0.273438 0.189453 0.125 0.0507812 0.000224948
8 0.35498 0.358887 0.0361328 0.0244141 0.000226021
0 0.0693359 0.78418 0.138672 0.267578 0.000229001
5 0.482422 0.45166 0.160156 0.411133 0.00023067
2 0.29834 0.245117 0.204102 0.115234 0.00023067
8 0.664062 0.34668 0.0273438 0.0234375 0.000235796
9 0.259766 0.401855 0.302734 0.34668 0.000237823
9 0.348633 0.429199 0.0410156 0.0302734 0.000238538
8 0.308105 0.551758 0.0205078 0.0195312 0.000238776
13 0.32373 0.290527 0.0869141 0.0439453 0.000239611
13 0.638184 0.240234 0.0439453 0.0878906 0.000242352
11 0.766602 0.240234 0.0273438 0.0175781 0.000246048
7 0.716309 0.242188 0.0341797 0.0234375 0.00025034
13 0.746582 0.245117 0.0537109 0.015625 0.000251532
11 0.227051 0.222656 0.0927734 0.0898438 0.000257492
8 0.280762 0.551758 0.0146484 0.0175781 0.00025773
9 0.716309 0.242188 0.0341797 0.0234375 0.000258446
5 0.256348 0.279297 0.12793 0.0625 0.000259876
6 0.755371 0.44873 0.239258 0.342773 0.000260115
7 0.327637 0.224121 0.139648 0.0927734 0.000262737
3 0.296875 0.258789 0.212891 0.113281 0.000263214
1 0.294922 0.249512 0.210938 0.114258 0.000264406
13 0.349609 0.302734 0.0195312 0.015625 0.000266552
4 0.401367 0.533691 0.0488281 0.0654297 0.000268936
11 0.29541 0.178223 0.0595703 0.0263672 0.000271082
8 0.316406 0.48877 0.0351562 0.0263672 0.000272512
13 0.722168 0.257812 0.0439453 0.0488281 0.000273466
13 0.34668 0.197754 0.121094 0.0732422 0.000279903
9 0.332031 0.45459 0.154297 0.200195 0.000283003
13 0.693359 0.246094 0.0761719 0.0566406 0.000288248
13 0.754395 0.245117 0.0673828 0.0527344 0.000288725
0 0.490234 0.424316 0.175781 0.416992 0.000296593
8 0.287109 0.555664 0.03125 0.0253906 0.000299215
9 0.741211 0.638184 0.271484 0.0927734 0.000302076
9 0.29834 0.245117 0.204102 0.115234 0.000304222
11 0.737305 0.247559 0.0800781 0.0302734 0.000307083
11 0.312988 0.167969 0.0888672 0.0273438 0.000307083
9 0.374023 0.225098 0.0625 0.0927734 0.000308752
9 0.756348 0.617188 0.182617 0.0585938 0.000309467
9 0.353027 0.577148 0.0712891 0.0214844 0.000312567
13 0.388672 0.244629 0.0664062 0.124023 0.000316381
8 0.232422 0.239258 0.0175781 0.0175781 0.000316858
7 0.317383 0.556641 0.0449219 0.0371094 0.000316858
2 0.371094 0.225586 0.0273438 0.0214844 0.00031805
13 0.65625 0.265137 0.0839844 0.104492 0.000320673
11 0.34668 0.197754 0.121094 0.0732422 0.000324011
13 0.360352 0.252441 0.132812 0.157227 0.000328541
3 0.816895 0.0498047 0.356445 0.09375 0.000329018
6 0.360352 0.244629 0.0820312 0.106445 0.000330687
13 0.697754 0.241699 0.0556641 0.0322266 0.000332355
7 0.360352 0.244629 0.0820312 0.106445 0.000333071
8 0.363281 0.421875 0.0996094 0.169922 0.000333071
2 0.370117 0.397949 0.0410156 0.0341797 0.000335217
8 0.268066 0.243652 0.0185547 0.0146484 0.000336647
8 0.328125 0.245605 0.0429688 0.0302734 0.000341177
8 0.404785 0.35791 0.0185547 0.0205078 0.00034833
13 0.25293 0.238281 0.132812 0.117188 0.00034833
13 0.272949 0.206055 0.161133 0.0898438 0.000349045
8 0.248535 0.28125 0.0419922 0.0195312 0.000350714
8 0.279297 0.244141 0.09375 0.046875 0.000355244
8 0.351562 0.487305 0.015625 0.015625 0.000355721
8 0.617188 0.51416 0.0273438 0.0185547 0.000355721
1 0.281738 0.187012 0.124023 0.0498047 0.000361443
9 0.323242 0.557129 0.0488281 0.0380859 0.000363111
11 0.625977 0.186523 0.126953 0.0332031 0.00036788
9 0.737305 0.247559 0.0800781 0.0302734 0.000377893
8 0.354492 0.560059 0.0507812 0.0361328 0.000378609
7 0.368652 0.222168 0.0537109 0.0849609 0.000380754
13 0.361328 0.572754 0.0703125 0.0322266 0.000381231
9 0.371094 0.225586 0.0273438 0.0214844 0.000381708
9 0.352051 0.391113 0.0146484 0.0126953 0.000383377
13 0.266113 0.253906 0.0556641 0.0546875 0.000386953
2 0.553223 0.325684 0.106445 0.0947266 0.00038743
0 0.53418 0.334473 0.183594 0.114258 0.000397921
11 0.652344 0.177246 0.0605469 0.0126953 0.000405073
13 0.67041 0.299316 0.112305 0.112305 0.000405788
8 0.63916 0.448242 0.0341797 0.0234375 0.000408888
8 0.301758 0.463867 0.0136719 0.0117188 0.000410795
11 0.714844 0.203613 0.0917969 0.0478516 0.000416994
7 0.762695 0.244629 0.0332031 0.0224609 0.000426769
9 0.503418 0.377441 0.186523 0.198242 0.000433922
9 0.543945 0.557129 0.302734 0.145508 0.000434637
13 0.357422 0.42041 0.078125 0.0927734 0.000434875
5 0.764648 0.458496 0.216797 0.317383 0.000442743
13 0.640137 0.277344 0.0361328 0.0585938 0.000447989
8 0.334473 0.220703 0.0166016 0.015625 0.000474215
8 0.355957 0.419922 0.0712891 0.0859375 0.000477076
13 0.722168 0.23877 0.0556641 0.0341797 0.00048399
8 0.233398 0.234375 0.0136719 0.0136719 0.000492573
11 0.76123 0.245117 0.0341797 0.0234375 0.000496864
13 0.750977 0.256348 0.0488281 0.0341797 0.000500679
13 0.273926 0.243164 0.0322266 0.0253906 0.000501156
5 0.294922 0.249512 0.210938 0.114258 0.000501633
10 0.0703125 0.65332 0.0410156 0.0722656 0.0005126
9 0.351074 0.42334 0.0537109 0.0556641 0.000535965
9 0.420898 0.449219 0.132812 0.271484 0.000537872
10 0.228516 0.286621 0.0722656 0.0439453 0.000538349
1 0.246094 0.276367 0.115234 0.0703125 0.000539303
11 0.378418 0.181641 0.0419922 0.0234375 0.000546455
8 0.263184 0.43457 0.0107422 0.00976562 0.000547886
9 0.553223 0.325684 0.106445 0.0947266 0.000558853
11 0.234863 0.205078 0.0732422 0.0449219 0.000566959
11 0.375977 0.187012 0.0625 0.0380859 0.000580788
9 0.76123 0.245117 0.0341797 0.0234375 0.000614643
7 0.294922 0.249512 0.210938 0.114258 0.000620365
8 0.224609 0.336914 0.0117188 0.0117188 0.000638962
13 0.695801 0.272949 0.0986328 0.0888672 0.000641823
11 0.587891 0.189941 0.0546875 0.0322266 0.000656605
9 0.747559 0.427734 0.260742 0.373047 0.000669956
2 0.268555 0.268555 0.154297 0.0800781 0.000696659
13 0.306152 0.286621 0.147461 0.0615234 0.000705719
4 0.242188 0.277832 0.105469 0.0634766 0.000721931
7 0.349609 0.303223 0.0195312 0.0166016 0.000727177
8 0.345215 0.363281 0.0283203 0.0234375 0.000731468
13 0.728027 0.258301 0.0849609 0.0654297 0.000733376
9 0.268555 0.268555 0.154297 0.0800781 0.00075531
13 0.706543 0.242188 0.0283203 0.0234375 0.000796795
12 0.228027 0.289062 0.0693359 0.0410156 0.000798702
9 0.230957 0.629883 0.350586 0.119141 0.00080061
3 0.55127 0.325684 0.110352 0.0927734 0.000803471
11 0.358398 0.171387 0.0742188 0.0166016 0.000828266
8 0.64502 0.322754 0.0107422 0.0107422 0.000866413
11 0.0703125 0.65332 0.0410156 0.0722656 0.000873089
9 0.349609 0.302734 0.0195312 0.0175781 0.00087595
13 0.279297 0.244141 0.09375 0.046875 0.000876427
8 0.234375 0.278809 0.09375 0.0771484 0.000965118
13 0.316895 0.226562 0.188477 0.0917969 0.000968933
8 0.339844 0.509277 0.0136719 0.0126953 0.00101471
8 0.371094 0.225586 0.0273438 0.0214844 0.00105953
13 0.299805 0.255371 0.248047 0.217773 0.0011034
9 0.363281 0.421875 0.0996094 0.169922 0.00111866
13 0.374023 0.211426 0.0566406 0.0732422 0.00112534
8 0.295898 0.327148 0.015625 0.0136719 0.00115204
8 0.272949 0.243164 0.0283203 0.0214844 0.00115681
11 0.674316 0.187012 0.0849609 0.0322266 0.00120926
8 0.277344 0.483398 0.0136719 0.00976562 0.0012188
11 0.246094 0.276367 0.115234 0.0703125 0.00124931
9 0.356934 0.419434 0.0751953 0.0927734 0.00126362
2 0.353027 0.393066 0.0146484 0.0146484 0.00128651
5 0.231445 0.287598 0.0761719 0.0458984 0.00131226
13 0.309082 0.247559 0.0556641 0.0341797 0.00132465
8 0.245605 0.284668 0.0732422 0.0341797 0.00132751
8 0.348633 0.429199 0.0410156 0.0302734 0.00133228
6 0.296875 0.258789 0.212891 0.113281 0.00135517
8 0.371094 0.351562 0.0234375 0.015625 0.00143242
13 0.372559 0.224121 0.0322266 0.0263672 0.00144577
13 0.76709 0.241211 0.0244141 0.015625 0.00147915
11 0.277344 0.1875 0.0742188 0.0371094 0.00148392
13 0.368652 0.237305 0.0478516 0.078125 0.00148964
3 0.229004 0.289062 0.0693359 0.0410156 0.00155544
13 0.371094 0.272461 0.0507812 0.115234 0.00157642
2 0.356934 0.419434 0.0751953 0.0927734 0.00158882
8 0.349609 0.303711 0.0253906 0.0292969 0.00172997
7 0.755371 0.44873 0.239258 0.342773 0.00174236
2 0.345215 0.427734 0.0400391 0.0332031 0.00182629
0 0.503418 0.377441 0.186523 0.198242 0.0018568
9 0.466309 0.567383 0.141602 0.330078 0.00190544
11 0.637207 0.181152 0.112305 0.0166016 0.00196457
8 0.149414 0.522461 0.0136719 0.0136719 0.00199509
13 0.330078 0.247559 0.117188 0.0693359 0.00219345
0 0.229004 0.289062 0.0693359 0.0410156 0.00237846
8 0.618652 0.512695 0.0166016 0.0117188 0.00243187
11 0.606445 0.183594 0.0761719 0.0234375 0.00251198
11 0.228516 0.289062 0.0683594 0.0410156 0.00254631
7 0.402344 0.53418 0.0488281 0.0683594 0.00257492
13 0.709473 0.250977 0.0478516 0.0410156 0.00267982
11 0.394531 0.181641 0.0605469 0.0351562 0.00276756
11 0.275879 0.249023 0.174805 0.107422 0.00281143
11 0.289551 0.19873 0.174805 0.0908203 0.00288773
2 0.351074 0.42334 0.0537109 0.0556641 0.00310898
13 0.328613 0.246582 0.0693359 0.0400391 0.00343895
6 0.242676 0.275391 0.108398 0.0683594 0.00389862
11 0.347168 0.178711 0.151367 0.0449219 0.00395203
7 0.242188 0.277832 0.105469 0.0634766 0.00406647
13 0.280762 0.268555 0.137695 0.0761719 0.00417709
8 0.317871 0.558105 0.0458984 0.0361328 0.00452042
1 0.22998 0.289062 0.0732422 0.0410156 0.00465775
9 0.402344 0.53418 0.0488281 0.0683594 0.00499725
13 0.716309 0.243652 0.0341797 0.0244141 0.00608826
11 0.332031 0.169922 0.0683594 0.0195312 0.00648499
8 0.352051 0.391113 0.0146484 0.0126953 0.00682449
2 0.228516 0.289062 0.0703125 0.0410156 0.00752258
13 0.360352 0.244629 0.0820312 0.106445 0.00875092
13 0.737305 0.249512 0.078125 0.0322266 0.009552
8 0.401855 0.532715 0.0458984 0.0576172 0.00978088
3 0.569336 0.569336 0.384766 0.111328 0.0119705
11 0.31543 0.174316 0.0585938 0.0224609 0.0120468
13 0.76123 0.245117 0.0341797 0.0234375 0.0132751
11 0.701172 0.192871 0.0722656 0.0361328 0.0134888
9 0.22998 0.288086 0.0732422 0.0429688 0.0147705
11 0.253906 0.195801 0.0917969 0.0458984 0.015358
11 0.313965 0.178223 0.110352 0.0322266 0.0216827
6 0.22998 0.289062 0.0732422 0.0410156 0.0251617
9 0.479492 0.452637 0.152344 0.395508 0.0265503
8 0.349609 0.302734 0.0195312 0.0175781 0.0279694
4 0.22998 0.289062 0.0732422 0.0410156 0.0280609
13 0.242188 0.277832 0.105469 0.0634766 0.0324707
13 0.296875 0.258789 0.212891 0.113281 0.0350342
13 0.22998 0.289062 0.0732422 0.0410156 0.0367432
11 0.346191 0.173828 0.125977 0.0234375 0.0430908
7 0.22998 0.289062 0.0732422 0.0410156 0.0841675
11 0.281738 0.187012 0.124023 0.0498047 0.0874023
0 0.553711 0.323242 0.103516 0.0898438 0.255615
8 0.225586 0.289551 0.0644531 0.0380859 0.515137
