9 0.526367 0.199219 0.09375 0.169922 0.000100255
13 0.449219 0.23877 0.0507812 0.137695 0.000101089
8 0.824707 0.349121 0.0107422 0.00878906 0.000102699
9 0.984863 0.163574 0.0302734 0.0712891 0.000102758
8 0.799805 0.398926 0.0117188 0.0107422 0.000103056
3 0.560059 0.491699 0.321289 0.40918 0.000103235
8 0.220215 0.12793 0.0322266 0.0527344 0.000104129
0 0.63623 0.385742 0.0615234 0.09375 0.000104487
9 0.937988 0.446777 0.124023 0.504883 0.000106871
8 0.708008 0.219238 0.0175781 0.0146484 0.000109673
9 0.447754 0.980469 0.374023 0.0371094 0.00011003
11 0.651855 0.119629 0.0712891 0.0166016 0.00011158
8 0.64502 0.581543 0.0517578 0.0537109 0.000112176
5 0.750488 0.444824 0.327148 0.514648 0.000112236
2 0.638184 0.390137 0.0576172 0.0947266 0.000114322
13 0.558105 0.989258 0.0498047 0.0195312 0.000118434
11 0.321777 0.12793 0.124023 0.0566406 0.000120401
9 0.544434 0.350586 0.192383 0.226562 0.000121057
8 0.684082 0.575195 0.0205078 0.015625 0.000121295
9 0.750488 0.444824 0.327148 0.514648 0.000124693
10 0.107422 0.690918 0.0410156 0.0771484 0.00012517
8 0.628418 0.484375 0.0224609 0.0195312 0.000125647
9 0.132324 0.216309 0.0595703 0.0634766 0.000127673
2 0.246094 0.555664 0.0410156 0.0371094 0.000127912
5 0.273438 0.365234 0.208984 0.251953 0.000128984
10 0.744629 0.881836 0.34668 0.222656 0.000130296
13 0.00732422 0.662109 0.0146484 0.0332031 0.000130773
8 0.297363 0.586426 0.0185547 0.0146484 0.000131607
13 0.69873 0.340332 0.0419922 0.0361328 0.00013411
3 0.806152 0.0556641 0.387695 0.111328 0.000134587
13 0.645508 0.388184 0.0722656 0.0947266 0.000135303
0 0.580078 0.342285 0.134766 0.137695 0.00013566
10 0.840332 0.985352 0.0712891 0.0292969 0.000136137
2 0.633789 0.412598 0.0488281 0.0400391 0.000136137
11 0.830566 0.985352 0.0791016 0.0292969 0.000137806
11 0.296387 0.589355 0.0244141 0.0185547 0.000138164
9 0.748535 0.675293 0.331055 0.0908203 0.000138402
8 0.877441 0.639648 0.0107422 0.00976562 0.00014019
11 0.647949 0.108887 0.120117 0.0341797 0.000142455
9 0.73584 0.0551758 0.52832 0.110352 0.000144243
8 0.544434 0.982422 0.0419922 0.03125 0.000146031
8 0.708008 0.338867 0.0214844 0.0292969 0.00014627
11 0.107422 0.690918 0.0410156 0.0771484 0.000149488
13 0.385742 0.254883 0.125 0.201172 0.000152111
10 0.899902 0.724609 0.0341797 0.0585938 0.000152349
7 0.548828 0.980469 0.0332031 0.0371094 0.00015378
6 0.594727 0.570312 0.392578 0.193359 0.000157356
8 0.705566 0.580078 0.0126953 0.00976562 0.000157595
11 0.67334 0.124512 0.143555 0.0400391 0.00015986
0 0.540527 0.351562 0.208008 0.224609 0.000162482
9 0.211426 0.128418 0.0517578 0.0517578 0.000165105
11 0.407227 0.107422 0.107422 0.0410156 0.00016737
8 0.655273 0.55957 0.0292969 0.03125 0.000167966
9 0.526855 0.25 0.174805 0.318359 0.000169754
11 0.631836 0.123535 0.105469 0.0498047 0.000172019
11 0.438477 0.165039 0.0507812 0.132812 0.000176787
13 0.69873 0.269043 0.0380859 0.0888672 0.000176907
7 0.594727 0.570312 0.392578 0.193359 0.000178218
0 0.562988 0.300781 0.118164 0.111328 0.00018084
2 0.649414 0.54834 0.0332031 0.0361328 0.00018096
8 0.32959 0.546875 0.00878906 0.00976562 0.000182509
4 0.244141 0.555664 0.0429688 0.0371094 0.000183702
13 0.220215 0.129395 0.0322266 0.0556641 0.00018537
8 0.688477 0.602539 0.0371094 0.03125 0.000186443
1 0.594727 0.570312 0.392578 0.193359 0.000186682
13 0.594727 0.570312 0.392578 0.193359 0.000188112
8 0.442383 0.542969 0.0371094 0.0351562 0.000190258
8 0.439453 0.979492 0.0429688 0.0371094 0.000191092
4 0.594727 0.570312 0.392578 0.193359 0.000191092
11 0.290527 0.594238 0.0361328 0.0224609 0.000192046
7 0.636719 0.382324 0.0644531 0.102539 0.00019753
9 0.29834 0.416016 0.303711 0.421875 0.000197768
9 0.260254 0.664062 0.34082 0.136719 0.000203252
11 0.594727 0.570312 0.392578 0.193359 0.00020659
8 0.594727 0.570312 0.392578 0.193359 0.000213146
11 0.308594 0.129883 0.0566406 0.0332031 0.000215173
9 0.544434 0.982422 0.0419922 0.03125 0.000217319
13 0.661133 0.291992 0.0585938 0.0683594 0.000218391
9 0.256836 0.0576172 0.513672 0.115234 0.000231504
7 0.454102 0.18457 0.0605469 0.162109 0.000234246
2 0.594727 0.570312 0.392578 0.193359 0.000235677
11 0.899414 0.728027 0.0390625 0.0712891 0.00023675
8 0.385254 0.552734 0.0341797 0.0234375 0.000240564
13 0.666016 0.180176 0.0429688 0.125977 0.000243425
13 0.646973 0.289551 0.0380859 0.0439453 0.000245571
9 0.557617 0.96875 0.488281 0.0605469 0.00024581
8 0.80127 0.566406 0.0302734 0.0253906 0.00026679
12 0.594727 0.570312 0.392578 0.193359 0.00027132
8 0.232422 0.552246 0.0332031 0.0263672 0.000271797
11 0.379883 0.128418 0.117188 0.0263672 0.000279188
8 0.204102 0.588379 0.0117188 0.0107422 0.000290632
13 0.450195 0.228516 0.0371094 0.0820312 0.000291586
13 0.679688 0.30957 0.0820312 0.128906 0.000291586
11 0.413086 0.133789 0.0605469 0.0410156 0.000298262
10 0.594727 0.570312 0.392578 0.193359 0.000313044
0 0.594727 0.570312 0.392578 0.193359 0.000324011
9 0.296387 0.589355 0.0244141 0.0185547 0.000324726
3 0.768555 0.027832 0.462891 0.0537109 0.000330448
8 0.390137 0.188477 0.0263672 0.0195312 0.00033164
13 0.449219 0.234375 0.0292969 0.0410156 0.000332594
3 0.202148 0.0395508 0.404297 0.0751953 0.000350237
9 0.457031 0.186523 0.0605469 0.164062 0.000356913
10 0.269043 0.961426 0.356445 0.0771484 0.000360489
9 0.229492 0.633789 0.205078 0.101562 0.000361681
11 0.369629 0.112793 0.0751953 0.0166016 0.000369787
11 0.360352 0.118164 0.0742188 0.0175781 0.000394106
5 0.594727 0.570312 0.392578 0.193359 0.000404119
13 0.680664 0.259766 0.115234 0.197266 0.000406265
11 0.634766 0.115234 0.0722656 0.0195312 0.000436068
3 0.529785 0.979004 0.44043 0.0400391 0.000460148
9 0.289062 0.599121 0.0410156 0.0244141 0.000497341
13 0.677246 0.216309 0.0673828 0.174805 0.000505924
9 0.256836 0.60791 0.125 0.0537109 0.0005126
11 0.291992 0.13916 0.0507812 0.0400391 0.00054884
11 0.680176 0.120605 0.110352 0.0205078 0.000562668
9 0.497559 0.896484 0.188477 0.109375 0.000598431
13 0.548828 0.980469 0.0332031 0.0371094 0.000683308
5 0.29834 0.416016 0.303711 0.421875 0.000713348
13 0.6875 0.271973 0.0703125 0.118164 0.000773907
7 0.650391 0.549316 0.0351562 0.0400391 0.00077486
9 0.437988 0.979492 0.0458984 0.0371094 0.000810623
9 0.244141 0.556152 0.0449219 0.0380859 0.000893593
9 0.278809 0.599609 0.0751953 0.0371094 0.000945091
11 0.616699 0.128418 0.0634766 0.0361328 0.000967503
11 0.371094 0.119141 0.144531 0.0566406 0.000976562
11 0.394043 0.11377 0.0751953 0.0263672 0.000987053
9 0.527344 0.445312 0.199219 0.490234 0.000987053
8 0.65332 0.592773 0.0332031 0.03125 0.00102901
11 0.330078 0.125488 0.103516 0.0302734 0.00106144
9 0.591797 0.575195 0.390625 0.173828 0.00108719
9 0.63623 0.386719 0.0634766 0.0996094 0.0011158
7 0.243652 0.556152 0.0439453 0.0380859 0.00116444
9 0.650879 0.548828 0.0361328 0.0390625 0.0011692
11 0.405273 0.123047 0.0859375 0.0410156 0.00170612
11 0.377441 0.107422 0.114258 0.0253906 0.00185776
13 0.457031 0.186523 0.0605469 0.164062 0.00186729
11 0.645996 0.120605 0.114258 0.0263672 0.00203323
8 0.244141 0.555176 0.0449219 0.0380859 0.00875854
8 0.649902 0.547363 0.0341797 0.0380859 0.00980377
11 0.368164 0.118652 0.132812 0.0283203 0.0160828
3 0.591797 0.575195 0.390625 0.173828 0.122742
