12 0.730957 0.759766 0.321289 0.101562 0.000103951
3 0.17627 0.177734 0.352539 0.306641 0.000106037
8 0.210449 0.685547 0.288086 0.265625 0.000106394
2 0.557617 0.26416 0.046875 0.0517578 0.000106514
2 0.44043 0.349609 0.0527344 0.0546875 0.000106692
3 0.247559 0.748047 0.389648 0.201172 0.000107348
2 0.70459 0.385742 0.114258 0.0878906 0.000108063
13 0.580078 0.280762 0.09375 0.100586 0.000108063
2 0.521973 0.246582 0.155273 0.0927734 0.000109732
9 0.469238 0.77832 0.12793 0.101562 0.000109732
2 0.39502 0.30957 0.0205078 0.0175781 0.000109851
3 0.57959 0.293457 0.147461 0.15332 0.000110269
13 0.429688 0.313477 0.384766 0.230469 0.000110388
9 0.739258 0.224121 0.425781 0.338867 0.000110567
7 0.703613 0.371582 0.0595703 0.0478516 0.000110745
9 0.563965 0.00341797 0.0224609 0.00683594 0.000110984
5 0.20752 0.660645 0.129883 0.137695 0.000111699
8 0.209473 0.661621 0.155273 0.161133 0.000112176
8 0.206543 0.669922 0.100586 0.0625 0.000112891
2 0.522949 0.261719 0.0419922 0.0507812 0.000113785
9 0.440918 0.313965 0.0361328 0.0458984 0.000114322
9 0.35498 0.14209 0.18457 0.0966797 0.000114441
7 0.221191 0.679199 0.30957 0.297852 0.00011456
9 0.609375 0.177734 0.179688 0.152344 0.000115216
9 0.539551 0.0385742 0.266602 0.0732422 0.000116348
9 0.705078 0.35791 0.214844 0.223633 0.000116885
0 0.429199 0.31543 0.110352 0.130859 0.000118077
8 0.208984 0.268555 0.0332031 0.0253906 0.000118732
8 0.23291 0.291016 0.0244141 0.0195312 0.00011909
0 0.422852 0.304688 0.298828 0.216797 0.000119627
3 0.227539 0.0698242 0.455078 0.139648 0.000120461
9 0.563965 0.248535 0.0830078 0.0634766 0.000120819
13 0.776855 0.642578 0.208008 0.271484 0.000121236
2 0.437988 0.280762 0.0888672 0.0908203 0.000121236
9 0.306152 0.229492 0.295898 0.255859 0.000123024
3 0.751953 0.635254 0.261719 0.305664 0.000123262
9 0.782227 0.733887 0.189453 0.110352 0.000123739
12 0.230469 0.265137 0.460938 0.333008 0.000124454
9 0.608887 0.251953 0.149414 0.134766 0.000124574
2 0.294922 0.394043 0.0546875 0.0439453 0.000125051
9 0.737305 0.188477 0.525391 0.376953 0.000126362
9 0.297363 0.296387 0.0556641 0.0400391 0.000126362
11 0.569336 0.157227 0.0839844 0.0546875 0.000126362
8 0.427734 0.283203 0.0292969 0.0332031 0.000127196
13 0.221191 0.679199 0.30957 0.297852 0.000128031
13 0.679199 0.379395 0.227539 0.120117 0.00012815
2 0.4375 0.329102 0.0644531 0.0664062 0.000128508
2 0.293945 0.299805 0.296875 0.208984 0.000129342
13 0.608887 0.251953 0.149414 0.134766 0.000130296
11 0.29248 0.17041 0.141602 0.106445 0.000133276
5 0.725098 0.375488 0.18457 0.0908203 0.000133634
11 0.678711 0.170898 0.261719 0.152344 0.000134468
9 0.184082 0.111328 0.0732422 0.046875 0.000134587
9 0.512695 0.102539 0.0371094 0.0332031 0.000135064
9 0.352051 0.700195 0.120117 0.132812 0.000135899
2 0.538086 0.242188 0.0410156 0.0351562 0.000137329
2 0.623047 0.289551 0.3125 0.211914 0.000138879
9 0.716309 0.363281 0.0947266 0.0683594 0.000139236
2 0.520996 0.263184 0.0810547 0.0712891 0.000139952
9 0.118652 0.169922 0.237305 0.283203 0.000140429
9 0.404785 0.219727 0.178711 0.191406 0.000141621
11 0.395508 0.125 0.0742188 0.0253906 0.00014174
4 0.57959 0.293457 0.147461 0.15332 0.00014317
9 0.427734 0.285645 0.03125 0.0341797 0.00014317
2 0.55957 0.33252 0.0742188 0.0869141 0.000143409
3 0.770508 0.11377 0.458984 0.219727 0.000145435
11 0.616699 0.123535 0.0732422 0.0224609 0.000145912
5 0.240723 0.356445 0.262695 0.212891 0.00014627
9 0.144531 0.772949 0.167969 0.155273 0.000147104
2 0.644531 0.248535 0.0488281 0.0439453 0.000147223
11 0.687988 0.459961 0.424805 0.644531 0.000148177
9 0.41748 0.321289 0.422852 0.279297 0.000150681
9 0.819336 0.653809 0.111328 0.213867 0.000151396
13 0.392578 0.498535 0.0625 0.0283203 0.000151753
2 0.641602 0.245117 0.132812 0.0761719 0.000152707
9 0.791504 0.376953 0.0927734 0.0703125 0.000153422
2 0.296875 0.30127 0.132812 0.0517578 0.000156999
2 0.449219 0.304688 0.240234 0.144531 0.000158548
9 0.246094 0.381348 0.261719 0.168945 0.000162601
8 0.701172 0.356445 0.279297 0.167969 0.000162959
13 0.749023 0.366699 0.167969 0.124023 0.000163555
2 0.631836 0.577637 0.0253906 0.0185547 0.000165582
13 0.70459 0.681152 0.0810547 0.0927734 0.000165939
7 0.24707 0.768555 0.373047 0.177734 0.000166297
13 0.70166 0.370605 0.0556641 0.0419922 0.000166416
2 0.563477 0.361328 0.138672 0.189453 0.000166893
8 0.20752 0.660645 0.0615234 0.0439453 0.000167012
2 0.568848 0.241211 0.0556641 0.0566406 0.000167489
8 0.295898 0.390137 0.0546875 0.0419922 0.000167727
9 0.454102 0.816895 0.222656 0.260742 0.000172734
7 0.703613 0.759277 0.323242 0.0908203 0.000175238
8 0.183594 0.669434 0.0136719 0.0126953 0.000175476
11 0.592285 0.11377 0.102539 0.0361328 0.000177145
9 0.631836 0.577637 0.0253906 0.0185547 0.00017786
10 0.0742188 0.837891 0.0605469 0.0546875 0.000179648
6 0.217285 0.646484 0.286133 0.339844 0.000180006
9 0.178711 0.808105 0.257812 0.18457 0.000182986
13 0.69043 0.653809 0.154297 0.198242 0.000183821
9 0.646484 0.589844 0.378906 0.388672 0.00018549
13 0.361816 0.573242 0.0810547 0.0292969 0.000187635
8 0.580078 0.279785 0.0957031 0.0986328 0.000188112
8 0.722168 0.361816 0.19043 0.104492 0.000189781
11 0.0742188 0.837891 0.0605469 0.0546875 0.000191331
8 0.38623 0.29541 0.0107422 0.0126953 0.000192046
2 0.587891 0.248535 0.115234 0.0732422 0.000193
9 0.814453 0.452637 0.371094 0.666992 0.000193715
5 0.699707 0.677734 0.27832 0.248047 0.000193834
9 0.203613 0.217285 0.407227 0.356445 0.000195265
13 0.274902 0.389648 0.0537109 0.0410156 0.000195742
4 0.700195 0.473145 0.386719 0.620117 0.000196099
2 0.296387 0.294922 0.149414 0.103516 0.000196576
8 0.61377 0.290039 0.262695 0.210938 0.000196576
7 0.57959 0.293457 0.147461 0.15332 0.00019753
2 0.410156 0.248535 0.0410156 0.0361328 0.000200391
9 0.462402 0.593262 0.52832 0.438477 0.000201941
11 0.61377 0.290039 0.262695 0.210938 0.000203133
1 0.700195 0.473145 0.386719 0.620117 0.000205398
11 0.606445 0.135254 0.0761719 0.0283203 0.000206113
2 0.722168 0.361816 0.19043 0.104492 0.00020659
2 0.527344 0.248535 0.03125 0.0380859 0.000207782
12 0.616699 0.32373 0.463867 0.272461 0.000213504
12 0.244141 0.689941 0.380859 0.291992 0.000214338
0 0.506348 0.375977 0.27832 0.167969 0.00021553
13 0.27832 0.293945 0.333984 0.234375 0.000217438
2 0.608887 0.251953 0.149414 0.134766 0.000219703
9 0.187012 0.564941 0.204102 0.467773 0.000220418
2 0.38623 0.29541 0.0107422 0.0126953 0.000221252
9 0.460449 0.75293 0.176758 0.177734 0.000221491
3 0.217285 0.646484 0.286133 0.339844 0.00022471
2 0.638184 0.233398 0.0615234 0.0625 0.000225306
1 0.57959 0.293457 0.147461 0.15332 0.000227213
10 0.700195 0.473145 0.386719 0.620117 0.00023365
5 0.555176 0.655762 0.467773 0.223633 0.000236988
11 0.373047 0.120117 0.0566406 0.0214844 0.000237942
5 0.160156 0.729492 0.169922 0.191406 0.000241518
0 0.504395 0.241699 0.338867 0.229492 0.000248671
11 0.254395 0.491699 0.383789 0.668945 0.000248909
8 0.638184 0.578125 0.0361328 0.03125 0.000249386
5 0.21875 0.623535 0.224609 0.209961 0.00025034
9 0.645996 0.224121 0.266602 0.208008 0.00025177
13 0.650391 0.633789 0.0742188 0.230469 0.000258207
13 0.714355 0.375488 0.0927734 0.0615234 0.000258684
2 0.700195 0.473145 0.386719 0.620117 0.000259638
2 0.705078 0.35791 0.214844 0.223633 0.00026536
8 0.700195 0.473145 0.386719 0.620117 0.000272989
9 0.753418 0.117188 0.493164 0.234375 0.000276089
11 0.692871 0.160645 0.0966797 0.0888672 0.000285625
8 0.299805 0.294434 0.0410156 0.0302734 0.000288248
9 0.54248 0.0644531 0.362305 0.128906 0.000293016
2 0.439941 0.322754 0.112305 0.0986328 0.000295639
4 0.616699 0.32373 0.463867 0.272461 0.000297308
13 0.376465 0.643555 0.0556641 0.0332031 0.000298738
8 0.694824 0.709473 0.0224609 0.0224609 0.000305653
5 0.683105 0.753906 0.241211 0.0839844 0.00030756
10 0.254395 0.491699 0.383789 0.668945 0.000308037
3 0.762695 0.15332 0.474609 0.306641 0.000313759
1 0.616699 0.32373 0.463867 0.272461 0.000315428
4 0.254395 0.491699 0.383789 0.668945 0.00031662
5 0.538574 0.379883 0.395508 0.320312 0.000319004
9 0.251465 0.852051 0.391602 0.24707 0.000320435
9 0.182129 0.72998 0.21582 0.188477 0.000322104
8 0.279785 0.644043 0.0166016 0.0185547 0.000325918
11 0.416992 0.139648 0.0742188 0.0410156 0.000326633
2 0.297363 0.296387 0.0556641 0.0400391 0.000328779
9 0.580078 0.279785 0.0957031 0.0986328 0.000333071
9 0.342285 0.801758 0.254883 0.224609 0.000333071
8 0.310547 0.293457 0.0273438 0.0263672 0.000336409
0 0.412109 0.363281 0.492188 0.316406 0.000339746
11 0.594727 0.144531 0.0605469 0.0234375 0.000342131
0 0.720703 0.477539 0.333984 0.617188 0.000342846
11 0.35498 0.14209 0.18457 0.0966797 0.000352621
9 0.151367 0.650879 0.15625 0.297852 0.000355005
8 0.268555 0.388672 0.0625 0.0488281 0.000356197
2 0.303711 0.296387 0.0332031 0.0283203 0.000358105
9 0.422852 0.279785 0.251953 0.186523 0.000362635
9 0.272949 0.387695 0.0595703 0.046875 0.000365734
1 0.254395 0.491699 0.383789 0.668945 0.000370026
6 0.616699 0.32373 0.463867 0.272461 0.000374079
2 0.443848 0.307129 0.0380859 0.0380859 0.000376225
7 0.616699 0.32373 0.463867 0.272461 0.00037694
0 0.254395 0.491699 0.383789 0.668945 0.000393867
2 0.254395 0.491699 0.383789 0.668945 0.000396729
11 0.394531 0.104492 0.0957031 0.0234375 0.000404596
9 0.75293 0.366211 0.160156 0.105469 0.000408888
2 0.560059 0.311523 0.110352 0.128906 0.000412226
2 0.575684 0.364258 0.0615234 0.0664062 0.000417948
8 0.254395 0.491699 0.383789 0.668945 0.000422239
9 0.788086 0.608887 0.183594 0.344727 0.000434875
2 0.60791 0.297852 0.0556641 0.0898438 0.000442982
8 0.616699 0.32373 0.463867 0.272461 0.00044322
9 0.637695 0.143066 0.191406 0.0927734 0.000452757
0 0.623047 0.289551 0.3125 0.211914 0.000457764
9 0.788574 0.0830078 0.0771484 0.0527344 0.000461578
9 0.703613 0.371582 0.0595703 0.0478516 0.00046587
9 0.280762 0.391113 0.0322266 0.0361328 0.000466347
2 0.57373 0.364746 0.118164 0.0927734 0.000467062
0 0.585938 0.28125 0.0878906 0.0996094 0.000473022
11 0.616699 0.32373 0.463867 0.272461 0.00047636
9 0.771973 0.365723 0.172852 0.202148 0.000490665
9 0.537598 0.240723 0.290039 0.178711 0.000498772
11 0.373535 0.144531 0.141602 0.046875 0.000511646
2 0.272949 0.387695 0.0595703 0.046875 0.000515461
7 0.700195 0.473145 0.386719 0.620117 0.000515938
9 0.408203 0.446777 0.550781 0.510742 0.000520706
3 0.616699 0.32373 0.463867 0.272461 0.000525475
5 0.577148 0.510742 0.517578 0.517578 0.000529289
5 0.229004 0.749023 0.334961 0.166016 0.00053072
5 0.808594 0.730957 0.128906 0.114258 0.000576496
2 0.546387 0.253418 0.0556641 0.0478516 0.00057888
13 0.700195 0.473145 0.386719 0.620117 0.000584126
2 0.281738 0.390625 0.0341797 0.0351562 0.000592709
5 0.751465 0.412598 0.237305 0.37793 0.000593185
0 0.543457 0.471191 0.56543 0.52832 0.000622272
11 0.58252 0.289062 0.118164 0.125 0.000629425
9 0.61377 0.290039 0.262695 0.210938 0.00063467
9 0.555176 0.655762 0.467773 0.223633 0.000683784
0 0.497559 0.258301 0.254883 0.120117 0.000705242
10 0.507812 0.314453 0.271484 0.189453 0.000708103
8 0.714355 0.368652 0.0888672 0.0654297 0.00070858
9 0.308105 0.709961 0.266602 0.205078 0.000758171
7 0.254395 0.491699 0.383789 0.668945 0.000770092
11 0.318848 0.149902 0.102539 0.0732422 0.000774384
11 0.414551 0.135254 0.0595703 0.0224609 0.000781536
13 0.254395 0.491699 0.383789 0.668945 0.000785351
2 0.4375 0.310059 0.0488281 0.0693359 0.000806808
9 0.733398 0.757812 0.300781 0.107422 0.000813007
9 0.437988 0.744629 0.338867 0.231445 0.000834465
2 0.433105 0.288574 0.0498047 0.0556641 0.000836849
2 0.578125 0.256348 0.0664062 0.0537109 0.000859737
2 0.599121 0.306641 0.176758 0.164062 0.000874519
2 0.427246 0.282227 0.0302734 0.0332031 0.000881672
8 0.263184 0.663086 0.0244141 0.0195312 0.000908375
13 0.394531 0.569336 0.0429688 0.0214844 0.000953197
12 0.708008 0.493652 0.408203 0.676758 0.000983238
8 0.280762 0.391113 0.0341797 0.0361328 0.0010643
2 0.586426 0.274902 0.0595703 0.0732422 0.00106525
11 0.592285 0.154297 0.118164 0.0878906 0.00106621
9 0.745605 0.522949 0.280273 0.512695 0.00108242
11 0.365234 0.126953 0.128906 0.0429688 0.00111866
12 0.507812 0.314453 0.271484 0.189453 0.00112057
2 0.583496 0.351074 0.420898 0.256836 0.00117493
2 0.703125 0.373535 0.0625 0.0498047 0.00119114
13 0.61377 0.290039 0.262695 0.210938 0.00121212
11 0.637695 0.143066 0.191406 0.0927734 0.00121593
3 0.254395 0.491699 0.383789 0.668945 0.00121784
8 0.57959 0.293457 0.147461 0.15332 0.00131321
9 0.265625 0.311523 0.347656 0.314453 0.00131512
2 0.540039 0.280762 0.173828 0.135742 0.00135612
2 0.560547 0.26123 0.0839844 0.0791016 0.00138187
11 0.664551 0.142578 0.102539 0.0683594 0.00139141
5 0.745117 0.739746 0.265625 0.124023 0.0014143
5 0.25293 0.268555 0.390625 0.314453 0.0014143
3 0.72998 0.492188 0.334961 0.648438 0.00143433
6 0.700195 0.473145 0.386719 0.620117 0.00144386
9 0.676758 0.314941 0.431641 0.307617 0.00150681
5 0.71875 0.283203 0.378906 0.341797 0.00152206
5 0.507812 0.314453 0.271484 0.189453 0.00152779
6 0.254395 0.491699 0.383789 0.668945 0.00154305
11 0.60791 0.124512 0.110352 0.0341797 0.00162029
5 0.162598 0.619629 0.15332 0.288086 0.00167942
9 0.221191 0.679199 0.30957 0.297852 0.00167942
11 0.587891 0.14502 0.0800781 0.0419922 0.00171185
13 0.616699 0.32373 0.463867 0.272461 0.00184441
13 0.385742 0.569336 0.0703125 0.03125 0.00188828
13 0.57959 0.293457 0.147461 0.15332 0.00195885
8 0.631836 0.577637 0.0253906 0.0185547 0.00206566
4 0.512695 0.311523 0.275391 0.191406 0.00216675
9 0.538574 0.379883 0.395508 0.320312 0.00224495
7 0.512695 0.311523 0.275391 0.191406 0.00245857
10 0.0712891 0.839355 0.0351562 0.0419922 0.00253105
3 0.545898 0.525879 0.517578 0.483398 0.00259972
11 0.0717773 0.839355 0.0341797 0.0439453 0.00260353
11 0.391113 0.134766 0.104492 0.0292969 0.00262833
6 0.512695 0.311523 0.275391 0.191406 0.00263405
1 0.522949 0.314453 0.260742 0.183594 0.00267029
8 0.702148 0.370605 0.0546875 0.0419922 0.00274086
9 0.57959 0.293457 0.147461 0.15332 0.00317955
12 0.254395 0.491699 0.383789 0.668945 0.00341225
5 0.806641 0.651855 0.140625 0.233398 0.00397873
11 0.522949 0.314453 0.260742 0.183594 0.00497818
9 0.254395 0.491699 0.383789 0.668945 0.00507355
9 0.507812 0.314453 0.271484 0.189453 0.00532532
0 0.57959 0.293457 0.147461 0.15332 0.00550461
5 0.769531 0.599609 0.220703 0.365234 0.00554276
9 0.635742 0.476074 0.541016 0.612305 0.00582886
3 0.507812 0.314453 0.271484 0.189453 0.0063591
0 0.555176 0.344238 0.379883 0.272461 0.00654602
11 0.385254 0.116211 0.108398 0.0332031 0.00661469
9 0.353027 0.746582 0.163086 0.188477 0.00693893
8 0.525879 0.316406 0.258789 0.185547 0.00816345
2 0.525879 0.316406 0.258789 0.185547 0.00839996
2 0.58252 0.282227 0.112305 0.109375 0.00872803
5 0.196289 0.615234 0.244141 0.404297 0.00878143
13 0.522949 0.314453 0.260742 0.183594 0.0101547
11 0.628418 0.135254 0.151367 0.0478516 0.010437
9 0.24707 0.768555 0.373047 0.177734 0.0113754
3 0.562988 0.67334 0.454102 0.198242 0.0234375
5 0.237793 0.5 0.354492 0.662109 0.0419617
5 0.724609 0.479004 0.328125 0.608398 0.0595398
0 0.510254 0.311523 0.266602 0.171875 0.277832
