9 0.462402 0.0673828 0.758789 0.134766 0.000100255
8 0.0556641 0.97168 0.0214844 0.0214844 0.000100493
7 0.37793 0.648438 0.130859 0.148438 0.00010097
9 0.00878906 0.964355 0.0175781 0.0595703 0.000102341
5 0.762207 0.257812 0.475586 0.513672 0.000102758
8 0.942871 0.571289 0.00878906 0.0078125 0.000103176
0 0.541016 0.259766 0.138672 0.113281 0.000104487
9 0.252441 0.55957 0.161133 0.15625 0.000105023
2 0.598633 0.270996 0.0625 0.0693359 0.000105619
2 0.408203 0.341797 0.0625 0.0664062 0.000107944
9 0.751953 0.942383 0.347656 0.115234 0.0001086
5 0.150879 0.259766 0.293945 0.519531 0.000109136
13 0.233398 0.34082 0.0996094 0.0722656 0.000109494
6 0.70166 0.586914 0.155273 0.152344 0.000110447
2 0.449219 0.318848 0.046875 0.0498047 0.000110447
2 0.441895 0.256836 0.0595703 0.0585938 0.000110567
5 0.253418 0.571777 0.125977 0.0810547 0.000110924
0 0.785156 0.504883 0.251953 0.291016 0.000111103
2 0.596191 0.255859 0.0986328 0.0957031 0.000112712
6 0.239258 0.228027 0.478516 0.323242 0.000113249
5 0.792969 0.467773 0.193359 0.208984 0.000115871
2 0.411133 0.509277 0.111328 0.0556641 0.000115991
3 0.216797 0.505371 0.304688 0.329102 0.000116706
9 0.507812 0.0390625 0.529297 0.0761719 0.000119805
13 0.733398 0.39502 0.224609 0.0693359 0.000120342
8 0.825684 0.572754 0.0263672 0.0166016 0.000120759
11 0.304199 0.12793 0.110352 0.0429688 0.000121534
10 0.791016 0.68457 0.316406 0.166016 0.000121951
6 0.741211 0.527832 0.154297 0.194336 0.00012207
2 0.600098 0.273438 0.237305 0.244141 0.000122309
2 0.599121 0.302246 0.0458984 0.0478516 0.000122786
13 0.682129 0.260742 0.280273 0.285156 0.000125289
7 0.785156 0.504883 0.251953 0.291016 0.000126243
13 0.582031 0.269531 0.324219 0.230469 0.000126362
9 0.749512 0.117676 0.500977 0.235352 0.000127316
10 0.839355 0.98291 0.139648 0.0341797 0.000128508
9 0.849121 0.697754 0.211914 0.206055 0.000129461
13 0.700684 0.589355 0.176758 0.176758 0.000129819
9 0.684082 0.586914 0.12207 0.144531 0.000129938
9 0.649414 0.222168 0.205078 0.217773 0.000130057
0 0.553223 0.388672 0.282227 0.28125 0.000131011
0 0.500488 0.397949 0.245117 0.165039 0.000131369
8 0.426758 0.361328 0.0996094 0.0976562 0.000131488
4 0.404785 0.39209 0.15918 0.258789 0.000131607
8 0.692383 0.461914 0.0136719 0.0117188 0.000132084
8 0.48877 0.436035 0.383789 0.459961 0.000132322
0 0.521973 0.227539 0.196289 0.125 0.000133395
11 0.775391 0.398438 0.425781 0.505859 0.000135422
11 0.663086 0.108398 0.117188 0.0234375 0.000136018
9 0.942871 0.571289 0.00878906 0.0078125 0.000136256
5 0.756348 0.303711 0.125977 0.146484 0.000137091
11 0.69873 0.128906 0.34082 0.105469 0.000137568
8 0.355469 0.53125 0.0117188 0.0117188 0.000138521
7 0.691406 0.58252 0.117188 0.139648 0.000139236
9 0.413086 0.221191 0.148438 0.186523 0.000141382
1 0.404785 0.39209 0.15918 0.258789 0.000142336
7 0.48877 0.436035 0.383789 0.459961 0.000142455
10 0.85791 0.827637 0.225586 0.342773 0.000142574
7 0.703613 0.614258 0.198242 0.166016 0.000143051
2 0.398438 0.303711 0.150391 0.15625 0.000144601
5 0.232422 0.511719 0.164062 0.169922 0.000144839
13 0.785156 0.504883 0.251953 0.291016 0.000145674
3 0.605469 0.785645 0.642578 0.401367 0.000146031
10 0.861328 0.923828 0.175781 0.148438 0.000146389
9 0.772949 0.268066 0.454102 0.536133 0.00014782
9 0.373047 0.315918 0.271484 0.268555 0.000150323
13 0.768555 0.613281 0.294922 0.160156 0.000150561
6 0.220215 0.55957 0.213867 0.191406 0.000153065
5 0.387207 0.423828 0.116211 0.302734 0.000154734
2 0.465332 0.307129 0.0283203 0.0361328 0.000154853
10 0.114258 0.960449 0.175781 0.0771484 0.000155568
5 0.211426 0.446777 0.290039 0.34082 0.000157595
11 0.124512 0.981445 0.174805 0.0371094 0.000158429
13 0.22168 0.552734 0.216797 0.21875 0.000158787
13 0.654297 0.319336 0.111328 0.123047 0.000159502
5 0.854492 0.503906 0.1875 0.263672 0.000159979
9 0.330078 0.648926 0.257812 0.176758 0.000162125
13 0.519043 0.29248 0.245117 0.155273 0.000164509
5 0.680176 0.609863 0.186523 0.176758 0.000165582
4 0.775391 0.398438 0.425781 0.505859 0.000167131
9 0.569336 0.330078 0.154297 0.205078 0.000167251
2 0.458008 0.29834 0.0566406 0.0615234 0.000167251
0 0.419434 0.303223 0.188477 0.18457 0.000171304
5 0.413574 0.53125 0.30957 0.394531 0.00017333
0 0.370117 0.440918 0.238281 0.418945 0.000174999
5 0.690918 0.58252 0.114258 0.139648 0.000176191
9 0.614258 0.234863 0.0976562 0.0849609 0.000181794
10 0.775391 0.398438 0.425781 0.505859 0.000182033
3 0.494629 0.283203 0.291992 0.138672 0.000182629
9 0.0571289 0.972656 0.0322266 0.0351562 0.000184536
11 0.293945 0.132324 0.0546875 0.0380859 0.000184894
9 0.412109 0.59082 0.283203 0.310547 0.000186324
0 0.582031 0.269531 0.324219 0.230469 0.000187397
9 0.21875 0.952148 0.351562 0.0917969 0.000188708
3 0.955078 0.607422 0.0898438 0.175781 0.000189304
11 0.633789 0.115723 0.0429688 0.0146484 0.000192165
1 0.775391 0.398438 0.425781 0.505859 0.000192285
9 0.493164 0.243652 0.273438 0.176758 0.000192285
2 0.388672 0.290039 0.0429688 0.0390625 0.000192642
2 0.617676 0.227051 0.0947266 0.0830078 0.000192761
13 0.743652 0.52832 0.155273 0.1875 0.000193
5 0.726074 0.538574 0.139648 0.157227 0.000193954
5 0.812988 0.57373 0.155273 0.0712891 0.00019598
9 0.134766 0.447266 0.269531 0.4375 0.000199676
6 0.782715 0.613281 0.299805 0.146484 0.000201821
5 0.236328 0.651367 0.363281 0.15625 0.000202298
9 0.755371 0.76416 0.411133 0.334961 0.000202417
2 0.554688 0.263672 0.0664062 0.0742188 0.00020349
3 0.239258 0.228027 0.478516 0.323242 0.000203609
2 0.390625 0.364258 0.0839844 0.130859 0.000204206
12 0.48877 0.436035 0.383789 0.459961 0.000205517
9 0.412598 0.513184 0.0830078 0.0498047 0.000206351
10 0.081543 0.990234 0.0576172 0.0195312 0.000206351
3 0.792969 0.114746 0.414062 0.229492 0.000206947
12 0.78418 0.644043 0.3125 0.135742 0.000210285
9 0.592773 0.237793 0.167969 0.133789 0.000215173
11 0.429688 0.146973 0.0585938 0.0478516 0.000215769
2 0.592773 0.237793 0.167969 0.133789 0.000216842
8 0.436035 0.361328 0.0537109 0.0644531 0.000217438
13 0.760742 0.562988 0.121094 0.102539 0.000218391
9 0.594238 0.390137 0.397461 0.448242 0.00022006
8 0.563965 0.314453 0.129883 0.150391 0.000222445
11 0.227051 0.378906 0.454102 0.619141 0.000228405
12 0.239258 0.228027 0.478516 0.323242 0.000229478
8 0.775391 0.398438 0.425781 0.505859 0.000240088
10 0.170898 0.98877 0.224609 0.0224609 0.000243425
11 0.404785 0.39209 0.15918 0.258789 0.000243783
5 0.749023 0.276367 0.191406 0.216797 0.000247478
5 0.299316 0.513184 0.301758 0.37207 0.000249863
9 0.114746 0.185059 0.19043 0.288086 0.000254631
0 0.393555 0.437988 0.111328 0.19043 0.000255108
7 0.785645 0.652344 0.307617 0.134766 0.000257015
2 0.775391 0.398438 0.425781 0.505859 0.000258446
11 0.081543 0.990234 0.0576172 0.0195312 0.00026226
9 0.29541 0.260742 0.399414 0.294922 0.000264168
10 0.26709 0.980469 0.37793 0.0390625 0.000265121
9 0.773926 0.222168 0.452148 0.381836 0.000265598
11 0.625977 0.111328 0.115234 0.0214844 0.000267506
11 0.0898438 0.986328 0.0878906 0.0273438 0.000268698
2 0.44873 0.328125 0.19043 0.140625 0.000271797
9 0.708008 0.680176 0.339844 0.15918 0.000278711
0 0.4375 0.361328 0.078125 0.078125 0.000279188
11 0.536621 0.289551 0.217773 0.151367 0.000279665
2 0.40332 0.312988 0.0664062 0.0751953 0.00028038
2 0.0556641 0.97168 0.0214844 0.0214844 0.000283241
5 0.238281 0.336914 0.222656 0.224609 0.000285387
3 0.785156 0.504883 0.251953 0.291016 0.000290394
9 0.818848 0.578125 0.209961 0.113281 0.000292063
4 0.245605 0.395508 0.415039 0.587891 0.000298977
9 0.426758 0.361328 0.0996094 0.0976562 0.000302076
10 0.252441 0.916504 0.391602 0.166992 0.000305414
0 0.775391 0.398438 0.425781 0.505859 0.00030899
1 0.227051 0.378906 0.454102 0.619141 0.000311852
9 0.399414 0.375 0.113281 0.158203 0.000317574
10 0.76709 0.979492 0.305664 0.0410156 0.00032258
9 0.583008 0.285156 0.0996094 0.111328 0.000348806
2 0.245605 0.395508 0.415039 0.587891 0.000356197
9 0.818359 0.60498 0.333984 0.12207 0.000356913
9 0.260742 0.129883 0.521484 0.259766 0.000357628
6 0.785156 0.504883 0.251953 0.291016 0.00036931
7 0.792969 0.550781 0.1875 0.148438 0.000375509
8 0.245605 0.395508 0.415039 0.587891 0.000376225
9 0.522461 0.599121 0.458984 0.206055 0.000380039
10 0.227051 0.378906 0.454102 0.619141 0.000380039
9 0.436035 0.361328 0.0537109 0.0644531 0.000380516
0 0.245605 0.395508 0.415039 0.587891 0.000382185
5 0.816406 0.535156 0.126953 0.144531 0.000383139
11 0.358398 0.119629 0.0585938 0.0185547 0.000384092
2 0.543457 0.240234 0.0615234 0.0683594 0.00039053
7 0.775391 0.398438 0.425781 0.505859 0.000393152
5 0.200684 0.555176 0.141602 0.180664 0.000393391
9 0.225098 0.717285 0.418945 0.233398 0.000398397
10 0.0898438 0.986328 0.0878906 0.0273438 0.000400782
2 0.539062 0.260254 0.107422 0.106445 0.00040555
9 0.373047 0.459961 0.128906 0.326172 0.000406742
13 0.638672 0.311523 0.169922 0.181641 0.000408411
3 0.446289 0.980469 0.447266 0.0390625 0.000421524
9 0.050293 0.250977 0.0888672 0.0566406 0.000437737
2 0.423828 0.409668 0.267578 0.280273 0.000438452
10 0.82959 0.958496 0.243164 0.0830078 0.000442266
0 0.458496 0.361816 0.206055 0.131836 0.000452518
10 0.172363 0.972168 0.239258 0.0537109 0.000464678
2 0.402344 0.311035 0.0488281 0.0419922 0.00049305
11 0.6875 0.117188 0.09375 0.0351562 0.000503063
8 0.388672 0.454102 0.105469 0.169922 0.000517845
3 0.513672 0.535156 0.455078 0.371094 0.000531197
9 0.37793 0.648438 0.130859 0.148438 0.000533581
2 0.380371 0.416016 0.104492 0.203125 0.000535488
11 0.396973 0.122559 0.100586 0.0400391 0.000538826
5 0.48877 0.436035 0.383789 0.459961 0.000540733
13 0.404785 0.39209 0.15918 0.258789 0.000542641
9 0.73291 0.614258 0.258789 0.166016 0.000551701
3 0.558594 0.968262 0.546875 0.0634766 0.000573158
13 0.563965 0.314453 0.129883 0.150391 0.000582695
13 0.754395 0.395508 0.379883 0.583984 0.000627995
9 0.921387 0.299805 0.157227 0.371094 0.000629902
2 0.590332 0.291992 0.0673828 0.078125 0.000630856
10 0.482422 0.343262 0.291016 0.213867 0.000631809
9 0.370117 0.440918 0.238281 0.418945 0.000644207
11 0.652832 0.112793 0.0732422 0.0166016 0.000668049
9 0.679199 0.650391 0.176758 0.125 0.000676632
5 0.750488 0.258301 0.395508 0.311523 0.000756741
9 0.115234 0.295898 0.224609 0.419922 0.000771046
2 0.503418 0.280762 0.268555 0.163086 0.000778675
9 0.600098 0.273438 0.237305 0.244141 0.000793457
5 0.813965 0.577148 0.260742 0.0957031 0.000795364
2 0.574219 0.303223 0.113281 0.133789 0.000799656
9 0.209961 0.540039 0.236328 0.263672 0.000807285
7 0.245605 0.395508 0.415039 0.587891 0.000807762
7 0.389648 0.423828 0.107422 0.201172 0.000813961
13 0.245605 0.395508 0.415039 0.587891 0.000835896
9 0.764648 0.49707 0.255859 0.3125 0.000870705
12 0.768555 0.412109 0.341797 0.519531 0.000992775
8 0.404785 0.39209 0.15918 0.258789 0.00102139
9 0.429199 0.327148 0.213867 0.185547 0.00103283
10 0.124512 0.981445 0.174805 0.0371094 0.00104046
13 0.792969 0.562988 0.193359 0.145508 0.00104618
2 0.442871 0.344238 0.0478516 0.0458984 0.001091
11 0.349609 0.123047 0.142578 0.0449219 0.0011034
10 0.785156 0.887695 0.324219 0.216797 0.00113869
6 0.775391 0.398438 0.425781 0.505859 0.00114536
6 0.792969 0.550781 0.185547 0.148438 0.0011549
5 0.252441 0.55957 0.161133 0.15625 0.00117207
5 0.718262 0.546387 0.211914 0.241211 0.00117588
3 0.207031 0.108887 0.414062 0.217773 0.00119591
3 0.233398 0.391113 0.441406 0.573242 0.00120735
9 0.210938 0.639648 0.355469 0.125 0.00123119
5 0.47998 0.350098 0.299805 0.24707 0.00133228
9 0.509766 0.305176 0.242188 0.161133 0.00137901
12 0.47998 0.350098 0.299805 0.24707 0.00138378
5 0.20459 0.606934 0.317383 0.131836 0.00146198
11 0.663086 0.121094 0.154297 0.0488281 0.00148773
10 0.751953 0.942383 0.347656 0.115234 0.00156403
0 0.48877 0.436035 0.383789 0.459961 0.00160789
0 0.389648 0.36377 0.130859 0.225586 0.00162506
12 0.245605 0.395508 0.415039 0.587891 0.00164127
3 0.762695 0.401367 0.421875 0.519531 0.00166512
6 0.245605 0.395508 0.415039 0.587891 0.00172234
11 0.378906 0.113281 0.0859375 0.0214844 0.00174809
9 0.185547 0.219727 0.371094 0.388672 0.00186157
9 0.788574 0.537598 0.192383 0.172852 0.00188637
1 0.47998 0.350098 0.299805 0.24707 0.00195217
9 0.0561523 0.97168 0.0224609 0.0214844 0.00221443
4 0.47998 0.350098 0.299805 0.24707 0.00236511
11 0.47998 0.350098 0.299805 0.24707 0.0025177
6 0.47998 0.350098 0.299805 0.24707 0.00252724
5 0.239258 0.228027 0.478516 0.323242 0.00256348
2 0.417969 0.370117 0.152344 0.177734 0.00267982
2 0.4375 0.354004 0.0976562 0.0927734 0.00270462
11 0.706543 0.126465 0.0791016 0.0517578 0.00295639
10 0.220215 0.959961 0.352539 0.0800781 0.00324631
7 0.47998 0.350098 0.299805 0.24707 0.0033741
5 0.782715 0.613281 0.299805 0.146484 0.00338554
8 0.479004 0.350098 0.291992 0.229492 0.00345421
9 0.785645 0.652344 0.307617 0.134766 0.00362206
3 0.47998 0.350098 0.299805 0.24707 0.00364113
0 0.494629 0.263672 0.291992 0.160156 0.00377274
9 0.387695 0.453613 0.107422 0.168945 0.00395584
9 0.775391 0.398438 0.425781 0.505859 0.0040741
2 0.475586 0.343262 0.306641 0.209961 0.00448227
0 0.555664 0.318848 0.142578 0.147461 0.00455475
0 0.4375 0.401855 0.224609 0.301758 0.00467682
2 0.436035 0.361328 0.0537109 0.0644531 0.00547028
5 0.774414 0.46582 0.279297 0.324219 0.00583649
9 0.501465 0.488281 0.44043 0.478516 0.00585938
9 0.227051 0.378906 0.454102 0.619141 0.00718307
11 0.362305 0.120605 0.103516 0.0263672 0.00786591
5 0.774902 0.555176 0.143555 0.125977 0.00793457
13 0.47998 0.350098 0.299805 0.24707 0.00808716
5 0.209961 0.540039 0.236328 0.263672 0.0133514
9 0.470703 0.381836 0.314453 0.302734 0.0150146
9 0.404785 0.39209 0.15918 0.258789 0.0152359
3 0.529785 0.623047 0.450195 0.152344 0.0161285
11 0.65332 0.116699 0.138672 0.0244141 0.0247498
5 0.245605 0.395508 0.415039 0.587891 0.0416565
5 0.775391 0.398438 0.425781 0.505859 0.0435791
5 0.789551 0.539551 0.217773 0.208008 0.0458679
0 0.483398 0.332031 0.283203 0.214844 0.275635
