11 0.352539 0.321777 0.0488281 0.0341797 0.000250578
7 0.393555 0.28125 0.121094 0.115234 0.000250578
9 0.84375 0.174805 0.21875 0.103516 0.000254154
10 0.131348 0.638672 0.137695 0.351562 0.000258684
11 0.144043 0.700684 0.0751953 0.188477 0.000264406
11 0.211914 0.615234 0.130859 0.142578 0.000265837
9 0.682129 0.390625 0.0947266 0.140625 0.000270367
9 0.210938 0.615234 0.117188 0.0625 0.000271559
5 0.698242 0.296875 0.0605469 0.0585938 0.00027442
4 0.723145 0.304199 0.112305 0.0556641 0.000275135
13 0.690918 0.398926 0.21582 0.208008 0.000275612
10 0.26709 0.961914 0.336914 0.0761719 0.00027895
12 0.238281 0.255371 0.476562 0.463867 0.000282288
9 0.405273 0.500488 0.0605469 0.0556641 0.000285625
0 0.269043 0.692871 0.25293 0.208008 0.000287771
8 0.233887 0.578125 0.0908203 0.0722656 0.00028801
9 0.3125 0.472656 0.158203 0.113281 0.000289679
9 0.345703 0.289551 0.046875 0.0732422 0.000290394
9 0.23584 0.694336 0.202148 0.117188 0.000292301
8 0.25293 0.448242 0.0625 0.0332031 0.000292778
10 0.158691 0.627441 0.0732422 0.233398 0.000296593
6 0.220703 0.60498 0.105469 0.0341797 0.000297546
11 0.396484 0.214844 0.113281 0.0488281 0.000300169
13 0.327637 0.639648 0.141602 0.103516 0.000300646
8 0.229492 0.558594 0.136719 0.189453 0.000300646
12 0.323242 0.273926 0.179688 0.12793 0.00030303
2 0.26709 0.613281 0.157227 0.0488281 0.000304222
6 0.351074 0.296875 0.0537109 0.0820312 0.000304699
7 0.0463867 0.459961 0.0927734 0.201172 0.000305176
7 0.271484 0.657715 0.117188 0.0751953 0.00030756
13 0.280273 0.600098 0.0722656 0.0244141 0.000309467
9 0.175781 0.654297 0.0273438 0.0332031 0.000309944
10 0.150391 0.713379 0.0742188 0.135742 0.000310183
13 0.0454102 0.432129 0.0908203 0.116211 0.000312328
7 0.244629 0.442871 0.157227 0.125977 0.000312805
7 0.270996 0.723633 0.145508 0.0585938 0.000315189
8 0.355469 0.294434 0.103516 0.0947266 0.000318766
7 0.23584 0.713379 0.12207 0.0673828 0.000319719
11 0.73291 0.237793 0.0810547 0.0517578 0.000320435
5 0.260254 0.612305 0.182617 0.0488281 0.000325918
11 0.696777 0.298828 0.0556641 0.0546875 0.000326157
9 0.294434 0.439453 0.188477 0.0703125 0.000330687
7 0.220215 0.624023 0.116211 0.0410156 0.000341654
13 0.0180664 0.447754 0.0341797 0.133789 0.0003438
7 0.406738 0.498047 0.0634766 0.0683594 0.000344753
10 0.228027 0.67041 0.163086 0.0693359 0.000345945
2 0.436035 0.330078 0.0380859 0.0390625 0.000346184
7 0.981445 0.348145 0.0351562 0.0634766 0.000346422
9 0.346191 0.270996 0.12793 0.170898 0.000350237
12 0.338867 0.281738 0.234375 0.239258 0.000357389
11 0.146484 0.517578 0.0527344 0.169922 0.000357389
8 0.724121 0.305664 0.110352 0.0527344 0.000359058
5 0.241211 0.513672 0.195312 0.269531 0.000360966
7 0.177734 0.643555 0.0410156 0.0566406 0.000365973
6 0.268066 0.446289 0.133789 0.0507812 0.000370979
12 0.260254 0.612305 0.182617 0.0488281 0.000378132
9 0.0483398 0.463379 0.0966797 0.219727 0.000379324
2 0.352539 0.322754 0.046875 0.0302734 0.000387669
4 0.35498 0.321289 0.0498047 0.0332031 0.000389099
11 0.364746 0.224121 0.118164 0.0341797 0.000389576
2 0.678711 0.385742 0.105469 0.150391 0.000396013
10 0.210449 0.680664 0.262695 0.310547 0.000398397
8 0.369141 0.327148 0.0273438 0.0214844 0.00040102
8 0.775391 0.589844 0.015625 0.0117188 0.000407219
11 0.746582 0.253906 0.0673828 0.0351562 0.000408173
0 0.475586 0.0180664 0.164062 0.0341797 0.000409126
11 0.171875 0.652832 0.0371094 0.0439453 0.000409126
7 0.252441 0.449219 0.0830078 0.0332031 0.000410318
7 0.430176 0.293457 0.0654297 0.131836 0.000412226
13 0.297852 0.608887 0.0761719 0.0283203 0.000414371
7 0.254395 0.787598 0.286133 0.227539 0.000421286
9 0.348145 0.277832 0.0263672 0.0224609 0.000421762
8 0.724609 0.384766 0.0117188 0.00976562 0.000422239
7 0.297363 0.623535 0.135742 0.0439453 0.000423908
13 0.352539 0.322754 0.046875 0.0302734 0.000431776
9 0.981445 0.348145 0.0351562 0.0654297 0.000432968
13 0.349609 0.306152 0.0488281 0.0634766 0.000433445
5 0.260742 0.612305 0.199219 0.128906 0.00043416
2 0.349121 0.300781 0.0517578 0.0742188 0.000436544
12 0.262207 0.623047 0.198242 0.121094 0.000442266
11 0.0454102 0.432129 0.0908203 0.116211 0.000442743
3 0.276855 0.679199 0.217773 0.139648 0.00044322
7 0.223145 0.52002 0.125977 0.133789 0.000455379
2 0.696289 0.297363 0.0585938 0.0576172 0.000457764
13 0.694336 0.352539 0.0859375 0.0917969 0.000465631
13 0.688477 0.408691 0.0664062 0.0791016 0.000470161
7 0.182129 0.63916 0.0693359 0.0791016 0.000474691
11 0.424316 0.203613 0.0615234 0.0283203 0.000475168
1 0.229004 0.521484 0.161133 0.234375 0.000475407
7 0.29834 0.621094 0.168945 0.0839844 0.000480652
13 0.279785 0.62207 0.0673828 0.015625 0.000486851
9 0.261719 0.450684 0.185547 0.135742 0.000489712
6 0.264648 0.617188 0.115234 0.0273438 0.000495434
1 0.279785 0.478027 0.299805 0.526367 0.000499249
13 0.269043 0.455078 0.176758 0.0996094 0.000501156
7 0.269531 0.595215 0.167969 0.0478516 0.000510693
9 0.274414 0.443848 0.248047 0.264648 0.000516891
6 0.242188 0.483398 0.199219 0.265625 0.000524998
10 0.308105 0.677246 0.176758 0.131836 0.000529289
13 0.24707 0.670898 0.162109 0.103516 0.000531673
4 0.23584 0.694336 0.202148 0.117188 0.00053215
9 0.20459 0.744629 0.188477 0.15332 0.000534534
11 0.182129 0.63916 0.0693359 0.0791016 0.000536919
7 0.707031 0.274902 0.078125 0.0888672 0.000546932
13 0.208984 0.124512 0.417969 0.241211 0.000561714
9 0.264648 0.617188 0.115234 0.0273438 0.000566959
8 0.724609 0.643555 0.03125 0.0214844 0.000575066
13 0.63916 0.317871 0.0458984 0.100586 0.000577927
8 0.623047 0.778809 0.0253906 0.0224609 0.000583649
13 0.211914 0.592285 0.107422 0.0478516 0.000587463
2 0.285156 0.679199 0.210938 0.135742 0.000595093
9 0.43457 0.29248 0.0625 0.137695 0.000600815
9 0.245605 0.447266 0.0849609 0.0390625 0.000601768
13 0.263184 0.608887 0.0771484 0.0263672 0.000602245
11 0.384766 0.227539 0.105469 0.0195312 0.000607014
8 0.677734 0.32373 0.0195312 0.0146484 0.000613213
4 0.252441 0.493652 0.198242 0.293945 0.000614643
6 0.232422 0.589844 0.111328 0.0742188 0.000643253
4 0.234375 0.590332 0.117188 0.0771484 0.000676155
5 0.821289 0.104492 0.357422 0.199219 0.000694275
10 0.180176 0.680664 0.104492 0.175781 0.000704765
7 0.348145 0.277832 0.0263672 0.0224609 0.000712872
11 0.284668 0.478027 0.301758 0.536133 0.000729561
13 0.250977 0.619141 0.0585938 0.015625 0.000743866
11 0.188965 0.64502 0.141602 0.301758 0.000747204
11 0.871094 0.85791 0.0332031 0.0439453 0.000747681
6 0.273438 0.478516 0.191406 0.146484 0.00075388
7 0.209473 0.533203 0.0751953 0.0800781 0.000762939
10 0.871094 0.858398 0.03125 0.0449219 0.000765324
0 0.268555 0.59668 0.228516 0.298828 0.000775337
2 0.252441 0.720215 0.272461 0.243164 0.00078249
9 0.481445 0.54541 0.173828 0.422852 0.000784874
10 0.226562 0.714844 0.160156 0.0839844 0.000788212
8 0.345703 0.282715 0.0390625 0.0478516 0.000792027
12 0.263184 0.681152 0.225586 0.139648 0.000807285
4 0.350098 0.299316 0.0537109 0.0771484 0.000811577
8 0.409668 0.313477 0.0185547 0.0136719 0.000817776
13 0.246582 0.445312 0.0771484 0.0371094 0.000837326
13 0.695801 0.317871 0.0771484 0.0771484 0.000863075
7 0.349121 0.287598 0.0888672 0.110352 0.000867844
7 0.200195 0.748047 0.173828 0.162109 0.000875473
8 0.40625 0.500488 0.0605469 0.0576172 0.00087738
13 0.211914 0.615234 0.130859 0.142578 0.000885487
6 0.723145 0.304199 0.112305 0.0556641 0.000887394
13 0.695801 0.298828 0.0556641 0.0527344 0.000911236
4 0.26709 0.61377 0.15918 0.0478516 0.000916004
13 0.229004 0.620117 0.112305 0.03125 0.000920296
5 0.27002 0.458496 0.268555 0.477539 0.000942707
13 0.229492 0.558594 0.136719 0.189453 0.000964165
13 0.286133 0.633789 0.144531 0.078125 0.000964642
11 0.155273 0.616699 0.0742188 0.227539 0.000979424
12 0.252441 0.74707 0.276367 0.214844 0.000991821
4 0.260742 0.612793 0.199219 0.12793 0.000999451
8 0.412109 0.382324 0.0488281 0.0439453 0.000999451
10 0.229004 0.521484 0.161133 0.234375 0.00101089
8 0.759766 0.61084 0.0214844 0.0185547 0.00101185
13 0.3125 0.472656 0.158203 0.113281 0.0010252
9 0.436035 0.330078 0.0380859 0.0390625 0.00102711
3 0.268555 0.59668 0.228516 0.298828 0.00104237
13 0.284668 0.478027 0.301758 0.536133 0.00105
4 0.279785 0.478027 0.299805 0.526367 0.00105953
13 0.240234 0.599121 0.101562 0.0361328 0.00107288
13 0.664062 0.352051 0.0917969 0.120117 0.00107861
5 0.285156 0.679199 0.210938 0.135742 0.00107956
9 0.257324 0.797363 0.293945 0.250977 0.00109386
8 0.783203 0.703613 0.0117188 0.0126953 0.00109959
11 0.273438 0.612793 0.205078 0.0888672 0.00110817
9 0.809082 0.115234 0.381836 0.208984 0.00111389
9 0.347168 0.282715 0.0361328 0.0380859 0.00114441
9 0.794434 0.195312 0.0517578 0.0390625 0.00114536
7 0.269531 0.446777 0.130859 0.0517578 0.00115395
5 0.252441 0.720215 0.272461 0.243164 0.00117302
13 0.671387 0.423828 0.0712891 0.0898438 0.00117302
13 0.748047 0.301758 0.0625 0.03125 0.00117588
13 0.191406 0.634766 0.0742188 0.0566406 0.0011797
7 0.283691 0.722656 0.204102 0.0957031 0.00118065
8 0.252441 0.720215 0.272461 0.243164 0.0011816
7 0.21582 0.643066 0.140625 0.110352 0.00119209
8 0.427246 0.330566 0.0458984 0.0419922 0.00125408
13 0.195801 0.616699 0.0849609 0.0439453 0.00125885
7 0.335938 0.669922 0.105469 0.115234 0.00126934
7 0.220703 0.60498 0.105469 0.0341797 0.00131226
13 0.275391 0.450684 0.244141 0.19043 0.00132751
7 0.347168 0.282715 0.0361328 0.0380859 0.0013628
9 0.219238 0.556641 0.145508 0.222656 0.00137901
11 0.266602 0.615234 0.152344 0.0390625 0.00142002
9 0.830078 0.182617 0.105469 0.0566406 0.00144005
6 0.270508 0.458496 0.265625 0.458008 0.00145149
10 0.260254 0.612305 0.182617 0.0488281 0.00146484
11 0.396973 0.199219 0.102539 0.0234375 0.00148106
11 0.686523 0.217773 0.115234 0.0488281 0.00150394
1 0.260742 0.612305 0.199219 0.128906 0.00152683
9 0.708984 0.285156 0.0878906 0.0898438 0.00153351
12 0.349121 0.287598 0.0888672 0.110352 0.00153542
3 0.550293 0.730469 0.397461 0.148438 0.00153923
8 0.43457 0.271484 0.0527344 0.0566406 0.00157547
13 0.711426 0.358887 0.129883 0.182617 0.00160217
11 0.372559 0.203125 0.0693359 0.0253906 0.00161266
9 0.27832 0.426758 0.316406 0.460938 0.00166225
4 0.697754 0.297363 0.0595703 0.0576172 0.00169373
8 0.761719 0.720703 0.0253906 0.0234375 0.00170135
12 0.291016 0.41748 0.308594 0.430664 0.00172901
13 0.299805 0.62207 0.0859375 0.0234375 0.00174236
7 0.264648 0.617188 0.115234 0.0273438 0.00177193
11 0.624512 0.214844 0.104492 0.0429688 0.00178814
6 0.698242 0.296875 0.0605469 0.0585938 0.00184155
13 0.695312 0.337402 0.0625 0.0439453 0.0018425
2 0.268555 0.59668 0.228516 0.298828 0.00185394
10 0.1875 0.803711 0.179688 0.240234 0.00187206
7 0.20752 0.57959 0.125977 0.194336 0.00192261
9 0.260742 0.612793 0.199219 0.12793 0.00201225
13 0.252441 0.720215 0.272461 0.243164 0.00204849
11 0.204102 0.547363 0.119141 0.188477 0.0020771
9 0.260254 0.612305 0.182617 0.0488281 0.00210571
1 0.266602 0.615234 0.152344 0.0390625 0.00211525
9 0.349121 0.287598 0.0888672 0.110352 0.00213242
10 0.188965 0.64502 0.141602 0.301758 0.00216675
13 0.272461 0.616211 0.0742188 0.0175781 0.00217247
13 0.244629 0.592773 0.161133 0.0703125 0.00219345
7 0.273438 0.478516 0.191406 0.146484 0.00221062
11 0.271484 0.685059 0.240234 0.161133 0.00223732
13 0.294922 0.44043 0.166016 0.0546875 0.00225258
9 0.352539 0.322754 0.046875 0.0302734 0.00227928
12 0.268555 0.59668 0.228516 0.298828 0.00230217
9 0.731445 0.302246 0.101562 0.0517578 0.00240517
8 0.364746 0.323242 0.0458984 0.0292969 0.00242615
13 0.707031 0.29248 0.0839844 0.0810547 0.00246239
1 0.240723 0.742676 0.25293 0.18457 0.00248337
11 0.164551 0.734863 0.100586 0.129883 0.00257301
0 0.23291 0.759766 0.245117 0.175781 0.00260162
7 0.234375 0.590332 0.117188 0.0771484 0.00262451
4 0.230469 0.558105 0.142578 0.19043 0.00262833
10 0.260742 0.612305 0.199219 0.128906 0.00269318
13 0.244629 0.632812 0.166992 0.0546875 0.00277328
7 0.274902 0.444336 0.235352 0.271484 0.00283432
6 0.229492 0.558594 0.136719 0.189453 0.00297356
8 0.285156 0.679199 0.210938 0.135742 0.0032444
11 0.268555 0.59668 0.228516 0.298828 0.00325012
3 0.252441 0.74707 0.276367 0.214844 0.00329018
7 0.35498 0.321289 0.0498047 0.0332031 0.00344276
10 0.27002 0.458496 0.268555 0.477539 0.00345039
7 0.435059 0.274414 0.0556641 0.0703125 0.00345421
1 0.270996 0.674805 0.209961 0.150391 0.00369644
7 0.723145 0.304199 0.112305 0.0556641 0.0037899
11 0.153809 0.563477 0.0517578 0.142578 0.00382423
8 0.271484 0.573242 0.240234 0.326172 0.00385666
8 0.347656 0.27832 0.03125 0.0253906 0.00391388
11 0.661133 0.208984 0.09375 0.0371094 0.00415039
11 0.647461 0.201172 0.0546875 0.0195312 0.00420761
9 0.292969 0.680176 0.171875 0.137695 0.00431442
7 0.23584 0.694336 0.202148 0.117188 0.00433731
9 0.43457 0.271484 0.0527344 0.0566406 0.00456619
13 0.296387 0.624512 0.145508 0.0361328 0.00458145
6 0.253906 0.711426 0.259766 0.202148 0.00484848
11 0.240723 0.742676 0.25293 0.18457 0.00496674
9 0.253906 0.711426 0.259766 0.202148 0.00498199
1 0.26709 0.597168 0.227539 0.295898 0.00500488
9 0.805176 0.191895 0.0927734 0.0498047 0.00513458
13 0.732422 0.308105 0.0976562 0.0439453 0.00519943
13 0.176758 0.651855 0.0292969 0.0380859 0.00566101
9 0.696289 0.297852 0.0585938 0.0566406 0.00569153
6 0.262207 0.623047 0.198242 0.121094 0.00577927
6 0.260254 0.612305 0.182617 0.0488281 0.00635147
5 0.268555 0.59668 0.228516 0.298828 0.00642395
8 0.345215 0.297363 0.0537109 0.0791016 0.00647354
13 0.287109 0.603027 0.152344 0.0400391 0.0065918
10 0.284668 0.792969 0.342773 0.261719 0.00667191
13 0.222656 0.609375 0.105469 0.03125 0.00682831
7 0.349121 0.301758 0.0537109 0.0761719 0.00691223
11 0.634277 0.20166 0.0966797 0.0244141 0.00800323
9 0.271484 0.573242 0.240234 0.326172 0.00882721
4 0.255371 0.714355 0.264648 0.208008 0.00989532
9 0.351074 0.310547 0.0517578 0.0605469 0.010376
13 0.289062 0.669922 0.179688 0.146484 0.0103912
0 0.553711 0.420898 0.111328 0.101562 0.0103912
10 0.17627 0.739258 0.125977 0.130859 0.010582
7 0.273926 0.479492 0.295898 0.525391 0.0110626
13 0.682129 0.390625 0.0947266 0.140625 0.0112152
7 0.260742 0.612305 0.199219 0.128906 0.0140076
7 0.260254 0.612305 0.182617 0.0488281 0.0143204
13 0.228516 0.614258 0.140625 0.0566406 0.0157623
7 0.698242 0.296875 0.0605469 0.0585938 0.0160065
10 0.268555 0.59668 0.228516 0.298828 0.0181274
11 0.660156 0.206055 0.0605469 0.0253906 0.0184631
4 0.265137 0.597168 0.231445 0.295898 0.0188599
7 0.229004 0.521484 0.161133 0.234375 0.0198517
6 0.292969 0.680176 0.171875 0.137695 0.0210266
8 0.351562 0.31543 0.0507812 0.0449219 0.0214996
4 0.292969 0.680176 0.171875 0.137695 0.0230408
8 0.696289 0.298828 0.0585938 0.0546875 0.03125
13 0.264648 0.620605 0.115234 0.0224609 0.0314941
6 0.26709 0.597168 0.227539 0.295898 0.0431213
13 0.273438 0.612793 0.205078 0.0888672 0.0724487
7 0.253906 0.711426 0.259766 0.202148 0.0750732
13 0.266602 0.606934 0.232422 0.264648 0.0759277
10 0.256348 0.695801 0.249023 0.18457 0.0928955
7 0.26709 0.597168 0.227539 0.295898 0.116516
13 0.266602 0.615234 0.152344 0.0390625 0.138428
7 0.292969 0.680176 0.171875 0.137695 0.144043
10 0.232422 0.755371 0.242188 0.161133 0.485107
