9 0.364746 0.675293 0.0166016 0.0126953 0.000100076
2 0.593262 0.660645 0.405273 0.182617 0.000100255
9 0.189453 0.728516 0.158203 0.0761719 0.000100434
5 0.492188 0.595703 0.162109 0.363281 0.000100493
8 0.396484 0.656738 0.0371094 0.0341797 0.000100851
5 0.181152 0.59082 0.151367 0.244141 0.000101268
8 0.748535 0.69873 0.0712891 0.0751953 0.000101745
9 0.359375 0.117676 0.0566406 0.0498047 0.000101805
9 0.455078 0.622559 0.078125 0.0986328 0.000102937
8 0.336914 0.678711 0.0351562 0.0234375 0.000103176
6 0.276855 0.464355 0.336914 0.520508 0.000103295
13 0.392578 0.16748 0.046875 0.0771484 0.000103533
8 0.433594 0.663086 0.046875 0.0605469 0.000104606
7 0.845703 0.70459 0.0996094 0.108398 0.000104666
13 0.273438 0.508789 0.335938 0.533203 0.000105321
0 0.0566406 0.935059 0.113281 0.116211 0.000105381
13 0.242676 0.507324 0.161133 0.208008 0.00010556
7 0.583496 0.649414 0.379883 0.224609 0.000106633
13 0.445312 0.238281 0.0351562 0.0390625 0.000106812
7 0.483398 0.742188 0.169922 0.412109 0.000107408
8 0.416992 0.216797 0.0195312 0.0117188 0.000107825
9 0.441406 0.108887 0.0195312 0.0205078 0.000108123
7 0.84082 0.611328 0.113281 0.277344 0.000109553
2 0.364258 0.675781 0.015625 0.0117188 0.000112295
8 0.75 0.67334 0.0175781 0.0166016 0.000112593
7 0.724609 0.164062 0.0625 0.101562 0.000112653
3 0.600098 0.735352 0.40918 0.175781 0.000113189
13 0.706055 0.279785 0.132812 0.155273 0.000113726
9 0.304688 0.304199 0.166016 0.129883 0.000114143
8 0.649414 0.696777 0.0253906 0.0224609 0.00011462
8 0.711426 0.312012 0.0166016 0.0166016 0.000114679
9 0.366699 0.138184 0.0576172 0.0634766 0.000115693
13 0.359863 0.167969 0.0771484 0.138672 0.000118613
8 0.825195 0.671387 0.03125 0.0322266 0.000118613
13 0.697754 0.441406 0.0615234 0.0546875 0.00011909
13 0.701172 0.345703 0.0644531 0.0878906 0.000119627
2 0.281738 0.696777 0.0166016 0.0126953 0.000119984
11 0.338867 0.117188 0.0957031 0.0585938 0.000120342
9 0.26123 0.745605 0.387695 0.178711 0.000120938
8 0.37207 0.675293 0.0292969 0.0224609 0.00012219
9 0.844238 0.641113 0.102539 0.213867 0.000122428
2 0.434082 0.641602 0.0908203 0.126953 0.000123382
8 0.65332 0.148926 0.0273438 0.0146484 0.000126004
10 0.491699 0.745605 0.194336 0.450195 0.000126004
8 0.236816 0.741699 0.0439453 0.0302734 0.000126481
6 0.277344 0.317871 0.109375 0.0810547 0.000128984
13 0.260254 0.52002 0.0615234 0.0341797 0.0001297
13 0.327637 0.271484 0.256836 0.277344 0.000130296
8 0.45459 0.651855 0.0849609 0.112305 0.000131011
8 0.662598 0.258789 0.0439453 0.0253906 0.000132799
12 0.772949 0.481934 0.27832 0.563477 0.000134945
11 0.704102 0.0996094 0.0527344 0.015625 0.000135303
9 0.573242 0.539062 0.361328 0.478516 0.000136971
13 0.154297 0.683594 0.0332031 0.0234375 0.000136971
11 0.395996 0.130859 0.118164 0.0898438 0.000137925
13 0.368164 0.233887 0.0136719 0.0244141 0.000138164
9 0.277344 0.317871 0.109375 0.0810547 0.000138164
8 0.800781 0.286621 0.0136719 0.0126953 0.000140667
8 0.703125 0.639648 0.0253906 0.0292969 0.000140905
0 0.491699 0.745605 0.194336 0.450195 0.000143051
11 0.443848 0.10791 0.0244141 0.0263672 0.000143647
9 0.369629 0.779785 0.174805 0.180664 0.000144005
11 0.631836 0.133789 0.0488281 0.0273438 0.00014472
10 0.593262 0.660645 0.405273 0.182617 0.000146151
8 0.452637 0.590332 0.0361328 0.0263672 0.000146508
13 0.65332 0.379883 0.0507812 0.015625 0.000146985
13 0.784668 0.250488 0.0966797 0.0791016 0.000149846
11 0.623047 0.100098 0.0664062 0.0361328 0.000151992
9 0.797852 0.686523 0.0390625 0.0390625 0.000152111
8 0.272949 0.592773 0.0126953 0.00976562 0.000152349
8 0.365234 0.125 0.0566406 0.0585938 0.000153303
8 0.80957 0.244141 0.00976562 0.0078125 0.000153661
7 0.321777 0.653809 0.0458984 0.0517578 0.00015676
11 0.378906 0.0888672 0.0644531 0.0195312 0.000158191
3 0.276855 0.464355 0.336914 0.520508 0.000159979
9 0.615234 0.836426 0.546875 0.311523 0.000161648
13 0.356934 0.222168 0.0517578 0.0576172 0.000162959
8 0.845703 0.409668 0.0136719 0.0126953 0.00016439
9 0.22998 0.479004 0.209961 0.393555 0.000165105
13 0.283203 0.285156 0.128906 0.125 0.000167131
13 0.349609 0.148438 0.0488281 0.0546875 0.00016737
8 0.336426 0.295898 0.0126953 0.00976562 0.000170588
13 0.369141 0.235352 0.0410156 0.0507812 0.000172615
9 0.552734 0.333496 0.210938 0.157227 0.000175238
11 0.397949 0.0820312 0.0849609 0.0195312 0.000175834
11 0.446289 0.0820312 0.0566406 0.0195312 0.000176072
12 0.583496 0.649414 0.379883 0.224609 0.000176668
8 0.48584 0.602539 0.15332 0.310547 0.000176787
9 0.378906 0.155273 0.0664062 0.111328 0.000178218
13 0.708008 0.278809 0.0839844 0.0908203 0.000178218
11 0.761719 0.129883 0.0742188 0.0507812 0.000180602
13 0.801758 0.692383 0.0371094 0.0488281 0.000181198
5 0.835449 0.46582 0.124023 0.337891 0.000183344
0 0.583496 0.649414 0.379883 0.224609 0.000183582
7 0.384277 0.138184 0.0732422 0.0849609 0.000185847
3 0.57959 0.537109 0.397461 0.470703 0.000189066
8 0.441406 0.108887 0.0195312 0.0205078 0.000189304
11 0.660645 0.130371 0.124023 0.0654297 0.000192046
13 0.244141 0.511719 0.0839844 0.0410156 0.000193477
2 0.433594 0.663574 0.0507812 0.0615234 0.000199676
9 0.405762 0.850586 0.0732422 0.0878906 0.00020051
6 0.604004 0.317383 0.120117 0.125 0.000201941
13 0.689941 0.377441 0.0361328 0.0166016 0.000204563
6 0.780273 0.491699 0.255859 0.540039 0.000206351
9 0.273438 0.347656 0.132812 0.15625 0.00020957
13 0.342285 0.324707 0.155273 0.0732422 0.00021112
8 0.765137 0.651855 0.0400391 0.0361328 0.00021553
7 0.15332 0.68457 0.0351562 0.0253906 0.000217199
5 0.489746 0.743164 0.176758 0.4375 0.00022006
13 0.72168 0.405762 0.0800781 0.0771484 0.00022006
9 0.265625 0.833008 0.396484 0.25 0.000221252
11 0.702148 0.115234 0.148438 0.0546875 0.00022161
5 0.304199 0.32959 0.241211 0.209961 0.000222087
0 0.609863 0.288574 0.0927734 0.0732422 0.000222445
6 0.369629 0.129883 0.0849609 0.0800781 0.000224113
9 0.492188 0.624512 0.134766 0.161133 0.000225902
8 0.229492 0.669434 0.015625 0.0146484 0.000229716
8 0.690918 0.37793 0.0302734 0.0175781 0.000230432
11 0.987793 0.112305 0.0224609 0.0664062 0.000233889
11 0.693359 0.104492 0.0429688 0.0234375 0.000240803
11 0.900391 0.849121 0.0351562 0.0556641 0.00024116
10 0.900391 0.848145 0.0351562 0.0537109 0.000248909
13 0.679688 0.37207 0.0722656 0.0390625 0.00025773
9 0.459473 0.932617 0.204102 0.125 0.000257969
0 0.0830078 0.909668 0.166016 0.180664 0.000261307
9 0.154297 0.683594 0.0332031 0.0234375 0.000268459
11 0.661621 0.105469 0.0634766 0.0273438 0.000272512
9 0.426758 0.611816 0.109375 0.198242 0.000273466
12 0.290527 0.483398 0.385742 0.568359 0.000282288
4 0.604004 0.317383 0.120117 0.125 0.00028491
13 0.791016 0.225586 0.0488281 0.0410156 0.000289202
8 0.831543 0.687988 0.0107422 0.00878906 0.000295639
11 0.369629 0.123047 0.0810547 0.0683594 0.000296116
7 0.446777 0.658203 0.0810547 0.0996094 0.000299692
7 0.48584 0.602539 0.15332 0.310547 0.000300646
13 0.378418 0.238281 0.0458984 0.0800781 0.000302315
3 0.494141 0.641113 0.191406 0.370117 0.000302553
0 0.615723 0.341797 0.250977 0.216797 0.000303507
3 0.0585938 0.911621 0.117188 0.163086 0.000303745
13 0.753418 0.311523 0.15332 0.169922 0.000305891
13 0.370605 0.293945 0.116211 0.115234 0.000310898
9 0.752441 0.750977 0.124023 0.0390625 0.00032115
8 0.389648 0.42041 0.0253906 0.0185547 0.000325203
3 0.780273 0.491699 0.255859 0.540039 0.000340223
9 0.438965 0.73584 0.0634766 0.0654297 0.000341415
9 0.432129 0.786621 0.182617 0.286133 0.000343084
5 0.583496 0.649414 0.379883 0.224609 0.000343323
11 0.426758 0.0898438 0.0507812 0.015625 0.000344515
11 0.980469 0.109375 0.0390625 0.0859375 0.000344753
11 0.615234 0.149414 0.0507812 0.0429688 0.000347614
7 0.604004 0.317383 0.120117 0.125 0.000351667
8 0.796387 0.686523 0.0361328 0.0351562 0.000352383
8 0.201172 0.619141 0.0136719 0.00976562 0.000353098
11 0.625977 0.144043 0.0722656 0.0986328 0.000355005
9 0.281738 0.696289 0.0166016 0.0136719 0.000357389
12 0.604004 0.317383 0.120117 0.125 0.000359774
3 0.617188 0.872559 0.583984 0.245117 0.000361443
11 0.991211 0.10498 0.0175781 0.0361328 0.000369072
8 0.382812 0.678223 0.0351562 0.0224609 0.000379801
8 0.412109 0.452637 0.00976562 0.0107422 0.000382662
9 0.362793 0.121094 0.0908203 0.0722656 0.000399113
13 0.604004 0.317383 0.120117 0.125 0.000399828
1 0.604004 0.317383 0.120117 0.125 0.000401497
11 0.71582 0.110352 0.0878906 0.0332031 0.000406265
13 0.29541 0.339844 0.163086 0.154297 0.000409126
9 0.424805 0.675293 0.0996094 0.172852 0.000412703
5 0.303711 0.304199 0.166016 0.125977 0.000412941
11 0.40332 0.103516 0.130859 0.046875 0.000413656
13 0.309082 0.329102 0.0439453 0.0292969 0.00042057
5 0.797363 0.385254 0.178711 0.307617 0.000422955
11 0.604004 0.317383 0.120117 0.125 0.000427485
9 0.836426 0.560547 0.131836 0.375 0.000437975
13 0.368652 0.232422 0.0185547 0.0390625 0.000449181
9 0.433105 0.663086 0.0419922 0.0527344 0.000453234
8 0.414551 0.508301 0.0263672 0.0205078 0.000457048
7 0.430664 0.639648 0.105469 0.160156 0.000461817
5 0.604004 0.317383 0.120117 0.125 0.000478506
9 0.545898 0.406738 0.210938 0.34082 0.000480652
13 0.383301 0.243652 0.0751953 0.141602 0.00051403
9 0.470703 0.720215 0.148438 0.208008 0.00052166
5 0.277344 0.317871 0.109375 0.0810547 0.000529766
8 0.404297 0.641602 0.0566406 0.0917969 0.000555038
8 0.320312 0.65332 0.0390625 0.03125 0.000556469
5 0.84375 0.63916 0.105469 0.217773 0.000561714
10 0.0869141 0.803223 0.0410156 0.0654297 0.000566483
11 0.458984 0.123535 0.0625 0.0615234 0.000573158
11 0.439941 0.102539 0.0478516 0.0292969 0.000574589
7 0.373047 0.108887 0.0996094 0.0498047 0.000593185
11 0.0869141 0.803223 0.0410156 0.0654297 0.000599384
8 0.604004 0.317383 0.120117 0.125 0.000609398
8 0.730469 0.464355 0.0214844 0.0185547 0.000610352
9 0.718262 0.742676 0.143555 0.0419922 0.000641823
8 0.42334 0.648438 0.0869141 0.126953 0.000656605
8 0.322266 0.572754 0.0429688 0.0361328 0.000671864
10 0.604004 0.317383 0.120117 0.125 0.000682354
13 0.320312 0.300781 0.152344 0.0878906 0.000707626
2 0.604004 0.317383 0.120117 0.125 0.000723362
5 0.224121 0.531738 0.211914 0.329102 0.000759125
11 0.669922 0.0981445 0.0664062 0.0166016 0.000766277
9 0.228027 0.740234 0.295898 0.0996094 0.000767708
13 0.311035 0.325195 0.0751953 0.0390625 0.000780106
8 0.36377 0.678711 0.0244141 0.0195312 0.000808239
13 0.379883 0.146484 0.0488281 0.0761719 0.000813484
8 0.882812 0.683105 0.0117188 0.0126953 0.000916958
9 0.290527 0.483398 0.385742 0.568359 0.000921249
0 0.541992 0.402832 0.214844 0.348633 0.000930786
9 0.405762 0.637207 0.0634766 0.114258 0.000962734
8 0.281738 0.696777 0.0166016 0.0126953 0.00101852
11 0.349121 0.102539 0.0732422 0.0351562 0.00102806
13 0.382812 0.195801 0.128906 0.198242 0.00104523
11 0.456055 0.100586 0.0605469 0.0390625 0.00109673
5 0.26123 0.395508 0.208008 0.285156 0.00109863
11 0.401367 0.0898438 0.0566406 0.0175781 0.00111198
9 0.521484 0.698242 0.271484 0.396484 0.00111198
7 0.405762 0.637207 0.0634766 0.114258 0.00116158
11 0.734863 0.121094 0.0869141 0.0410156 0.00116539
9 0.906738 0.125488 0.0576172 0.0419922 0.00119972
13 0.660645 0.379395 0.0791016 0.0244141 0.00120449
11 0.625488 0.137207 0.0595703 0.0498047 0.00123405
13 0.342773 0.273926 0.160156 0.19043 0.0012579
7 0.365723 0.124512 0.0634766 0.0654297 0.00125885
13 0.277344 0.317871 0.109375 0.0810547 0.00135708
13 0.708496 0.423828 0.0517578 0.046875 0.00138092
9 0.604004 0.317383 0.120117 0.125 0.00139141
8 0.654297 0.149902 0.0078125 0.00683594 0.00141239
11 0.640137 0.11084 0.0908203 0.0478516 0.00144768
9 0.447266 0.730957 0.0878906 0.106445 0.00148487
13 0.291504 0.315918 0.0888672 0.0478516 0.00156879
5 0.267578 0.36084 0.146484 0.168945 0.00158787
9 0.794434 0.494629 0.235352 0.538086 0.00165558
11 0.423828 0.0849609 0.0566406 0.0117188 0.00169373
3 0.604492 0.314941 0.119141 0.118164 0.00170994
11 0.430664 0.097168 0.0917969 0.0322266 0.00190067
11 0.686523 0.101562 0.0839844 0.0214844 0.00209999
11 0.377441 0.0961914 0.102539 0.0302734 0.00219536
13 0.370117 0.130859 0.078125 0.0820312 0.00230408
11 0.683105 0.103516 0.135742 0.0292969 0.00241089
9 0.437988 0.658691 0.0712891 0.0888672 0.00315094
8 0.152344 0.68457 0.0351562 0.0253906 0.00319099
8 0.364746 0.675293 0.0166016 0.0126953 0.00332642
13 0.383789 0.179688 0.0625 0.134766 0.00391006
10 0.0878906 0.806641 0.0292969 0.0371094 0.00437927
11 0.0878906 0.806641 0.0292969 0.0390625 0.0050087
11 0.441895 0.090332 0.0615234 0.0224609 0.00531387
5 0.824219 0.586914 0.158203 0.335938 0.00547028
0 0.558594 0.331055 0.210938 0.154297 0.00626373
5 0.276855 0.464355 0.336914 0.520508 0.00632477
11 0.405273 0.0917969 0.0957031 0.0234375 0.00690079
11 0.650879 0.0991211 0.0986328 0.0263672 0.00693512
9 0.507812 0.509277 0.166016 0.491211 0.00704956
9 0.460938 0.654297 0.113281 0.144531 0.00749588
9 0.481445 0.791016 0.175781 0.417969 0.0146713
9 0.581543 0.650879 0.37793 0.217773 0.014679
11 0.423828 0.0849609 0.0859375 0.0195312 0.0175629
5 0.794434 0.494629 0.235352 0.538086 0.02388
9 0.48877 0.640137 0.149414 0.333008 0.0405579
3 0.587402 0.670898 0.422852 0.160156 0.0866089
0 0.601562 0.314453 0.121094 0.121094 0.349854
