8 0.310547 0.562988 0.0449219 0.0302734 0.000101328
5 0.592285 0.687012 0.407227 0.204102 0.000102997
9 0.427734 0.137207 0.0839844 0.0341797 0.000103772
2 0.300293 0.612305 0.0908203 0.0722656 0.000104547
9 0.217285 0.299316 0.0361328 0.0439453 0.000104725
2 0.605469 0.331055 0.113281 0.0976562 0.000105441
10 0.609375 0.337402 0.113281 0.112305 0.000110269
13 0.893555 0.588379 0.0839844 0.0537109 0.000110567
8 0.99707 0.737793 0.00585938 0.0185547 0.000111461
3 0.604004 0.902344 0.588867 0.195312 0.000111699
7 0.218262 0.299805 0.0380859 0.0449219 0.00011313
8 0.303223 0.516113 0.0263672 0.0185547 0.000114322
8 0.77832 0.504883 0.0234375 0.0136719 0.000114441
11 0.700195 0.125977 0.119141 0.0332031 0.000116289
11 0.734863 0.126465 0.108398 0.0263672 0.000116706
11 0.896973 0.586426 0.0595703 0.0185547 0.000116765
9 0.333008 0.55957 0.0371094 0.0253906 0.000117004
9 0.991211 0.00927734 0.0175781 0.0185547 0.000118971
11 0.479492 0.147461 0.0488281 0.046875 0.000119627
8 0.341797 0.477539 0.0390625 0.0273438 0.000120342
13 0.404785 0.197266 0.0439453 0.0800781 0.000120759
2 0.32373 0.605957 0.0439453 0.0498047 0.000120878
8 0.793945 0.62793 0.0527344 0.0410156 0.000122905
11 0.428223 0.133789 0.0498047 0.0214844 0.000123143
8 0.735352 0.546387 0.0214844 0.0185547 0.000124097
5 0.812988 0.463379 0.30957 0.581055 0.000125766
9 0.543457 0.457031 0.18457 0.445312 0.000125885
8 0.666016 0.516113 0.0429688 0.0283203 0.000126243
9 0.99707 0.736816 0.00585938 0.0244141 0.000127196
9 0.996094 0.682129 0.00585938 0.0107422 0.000127435
2 0.664062 0.518066 0.0410156 0.0302734 0.000128984
8 0.370605 0.657227 0.0419922 0.0449219 0.000129461
11 0.411621 0.122559 0.0732422 0.0146484 0.000130653
11 0.936523 0.879395 0.0390625 0.0751953 0.000132322
7 0.419434 0.165039 0.0986328 0.0917969 0.000133872
6 0.406738 0.174316 0.0263672 0.0146484 0.000135779
13 0.839355 0.0527344 0.321289 0.105469 0.000137091
8 0.319336 0.320801 0.0351562 0.0302734 0.000137568
9 0.015625 0.826172 0.0273438 0.212891 0.000138283
8 0.780273 0.53125 0.0117188 0.00976562 0.000138283
11 0.360352 0.126465 0.0703125 0.0322266 0.00013876
13 0.416016 0.132324 0.0507812 0.0185547 0.000140071
12 0.39209 0.133789 0.108398 0.03125 0.000140548
8 0.104492 0.726074 0.00976562 0.0107422 0.000140786
13 0.70752 0.246094 0.0595703 0.126953 0.000142217
8 0.300293 0.612305 0.0908203 0.0722656 0.000145674
9 0.286133 0.632324 0.0332031 0.0322266 0.000147462
13 0.147461 0.51709 0.0488281 0.0380859 0.000150084
0 0.619141 0.356445 0.199219 0.166016 0.000152826
9 0.229004 0.419434 0.0556641 0.0478516 0.000155568
7 0.443359 0.152344 0.109375 0.0585938 0.000156164
3 0.186523 0.0751953 0.373047 0.150391 0.000158668
11 0.657227 0.164062 0.0742188 0.078125 0.000158668
13 0.839355 0.588379 0.0810547 0.0205078 0.00016129
2 0.291016 0.62793 0.0234375 0.0195312 0.000161648
7 0.280762 0.616211 0.0205078 0.015625 0.000163674
9 0.00732422 0.821289 0.0126953 0.121094 0.000164866
4 0.407227 0.168457 0.0351562 0.0263672 0.000164866
9 0.898438 0.585938 0.0625 0.0214844 0.000169396
13 0.900391 0.592773 0.0625 0.0214844 0.000174999
3 0.206055 0.125 0.412109 0.25 0.000175714
12 0.413086 0.154297 0.0605469 0.0527344 0.000175834
4 0.404785 0.17041 0.0419922 0.0517578 0.000177979
8 0.681641 0.398438 0.015625 0.015625 0.000179768
11 0.391602 0.118652 0.107422 0.0400391 0.000179887
11 0.395996 0.158691 0.0556641 0.0458984 0.000182152
13 0.38623 0.140137 0.110352 0.0439453 0.00018239
11 0.400879 0.136719 0.0576172 0.0214844 0.000184894
9 0.793945 0.448242 0.347656 0.582031 0.000185251
8 0.765625 0.379883 0.0195312 0.0175781 0.000186086
1 0.39209 0.133789 0.108398 0.03125 0.000186682
2 0.688477 0.711426 0.0253906 0.0224609 0.000188112
8 0.704102 0.490234 0.00976562 0.0078125 0.00018847
11 0.390137 0.128418 0.0498047 0.0126953 0.000191092
11 0.40332 0.185059 0.0664062 0.108398 0.000191569
8 0.398926 0.175293 0.0322266 0.0244141 0.000192404
13 0.428711 0.143555 0.0859375 0.046875 0.000194311
11 0.290527 0.174805 0.0693359 0.0507812 0.000195861
9 0.393555 0.162598 0.0722656 0.0634766 0.000197649
10 0.413086 0.154297 0.0605469 0.0527344 0.000216961
11 0.462891 0.138184 0.0703125 0.0361328 0.000217915
8 0.294434 0.625 0.0361328 0.0292969 0.000218511
9 0.404297 0.17334 0.0253906 0.0146484 0.000220895
8 0.769531 0.590332 0.0351562 0.0341797 0.000227213
8 0.832031 0.681152 0.0351562 0.0224609 0.00023222
8 0.217773 0.29834 0.0371094 0.0458984 0.000241041
9 0.300293 0.612305 0.0908203 0.0722656 0.000241399
8 0.409668 0.171875 0.0556641 0.0761719 0.000244141
9 0.0107422 0.919434 0.0214844 0.161133 0.000248909
11 0.424805 0.146484 0.0527344 0.0429688 0.000257254
8 0.668457 0.711426 0.0478516 0.0517578 0.000268698
7 0.385254 0.142578 0.118164 0.0507812 0.000273943
11 0.773926 0.154785 0.15918 0.0927734 0.000275373
9 0.0078125 0.769531 0.0136719 0.130859 0.000275612
8 0.664551 0.517578 0.0263672 0.0195312 0.000282288
8 0.489258 0.331543 0.00976562 0.00878906 0.000302315
13 0.280762 0.616699 0.0205078 0.0166016 0.000305653
8 0.73291 0.744141 0.0478516 0.0410156 0.000310659
7 0.390625 0.162109 0.0878906 0.0703125 0.000316381
7 0.324707 0.602051 0.0439453 0.0458984 0.000317574
9 0.39209 0.133789 0.108398 0.03125 0.000321627
13 0.416016 0.256348 0.0683594 0.161133 0.000323772
13 0.391602 0.181641 0.078125 0.0957031 0.000328302
11 0.669922 0.136719 0.0507812 0.0273438 0.000334024
8 0.883301 0.56543 0.0634766 0.0507812 0.000335217
3 0.605469 0.331055 0.113281 0.0976562 0.000343084
9 0.0219727 0.880859 0.0380859 0.238281 0.000349045
9 0.594238 0.683105 0.411133 0.206055 0.000349998
2 0.664551 0.517578 0.0263672 0.0195312 0.000352144
7 0.427246 0.13916 0.0751953 0.0341797 0.000357151
9 0.280273 0.616211 0.0214844 0.0175781 0.000371218
0 0.0551758 0.915527 0.110352 0.165039 0.000379801
8 0.668945 0.599609 0.0175781 0.0136719 0.000380516
2 0.286133 0.631836 0.0332031 0.0332031 0.000384808
8 0.743164 0.547363 0.0351562 0.0224609 0.000387192
3 0.212402 0.0395508 0.424805 0.0791016 0.00039053
8 0.42334 0.450195 0.0478516 0.0371094 0.00039196
9 0.500977 0.583008 0.167969 0.400391 0.000392437
7 0.283203 0.62207 0.03125 0.03125 0.000394583
8 0.742676 0.353027 0.0166016 0.0146484 0.000403643
7 0.883301 0.56543 0.0634766 0.0507812 0.00041008
6 0.40918 0.174316 0.0683594 0.0986328 0.000410318
8 0.686035 0.710938 0.0380859 0.03125 0.000411034
9 0.406738 0.182617 0.0576172 0.0976562 0.000414848
2 0.411133 0.155273 0.0566406 0.0507812 0.000418186
9 0.608887 0.336426 0.114258 0.114258 0.000420332
11 0.759277 0.139648 0.0537109 0.0292969 0.000424623
9 0.0078125 0.875 0.0136719 0.125 0.000427485
13 0.719238 0.272461 0.0439453 0.0878906 0.000441551
7 0.688477 0.711914 0.0214844 0.0214844 0.000446796
13 0.914551 0.585449 0.0478516 0.0263672 0.000447273
8 0.284668 0.63916 0.0244141 0.0205078 0.000452995
9 0.324707 0.602051 0.0439453 0.0458984 0.000458002
7 0.406738 0.174316 0.0263672 0.0146484 0.000466824
13 0.42627 0.174805 0.0791016 0.0878906 0.000475883
11 0.45752 0.150391 0.0986328 0.0566406 0.000477552
9 0.659668 0.516113 0.0146484 0.0126953 0.000492096
11 0.828613 0.180664 0.0712891 0.0605469 0.000520229
10 0.0668945 0.800293 0.0400391 0.0732422 0.000520229
11 0.366699 0.133301 0.0517578 0.0224609 0.000523567
8 0.228027 0.419434 0.0576172 0.0478516 0.000525475
11 0.419434 0.160156 0.0771484 0.0742188 0.000525951
13 0.406738 0.174316 0.0263672 0.0146484 0.000542164
8 0.300781 0.513184 0.0175781 0.0146484 0.000562668
11 0.44043 0.128906 0.0644531 0.0195312 0.000564098
8 0.215332 0.600586 0.0146484 0.0136719 0.000571728
9 0.883301 0.56543 0.0634766 0.0507812 0.000576019
9 0.688477 0.711426 0.0253906 0.0224609 0.00058651
11 0.408691 0.130859 0.0576172 0.015625 0.000594616
8 0.312988 0.470215 0.0107422 0.00878906 0.000625134
11 0.0668945 0.800293 0.0400391 0.0732422 0.000644684
6 0.407227 0.167969 0.0390625 0.0332031 0.000677109
13 0.41748 0.230957 0.120117 0.188477 0.000712395
13 0.865234 0.588379 0.113281 0.0322266 0.000720024
1 0.413086 0.154297 0.0605469 0.0527344 0.000723839
11 0.375977 0.148438 0.142578 0.0820312 0.000757217
13 0.28418 0.627441 0.0390625 0.0400391 0.000760555
5 0.40918 0.157715 0.0566406 0.0517578 0.000761509
7 0.399902 0.135742 0.0966797 0.0292969 0.000851154
8 0.726562 0.710938 0.0136719 0.0117188 0.000860691
13 0.403809 0.155273 0.0908203 0.0703125 0.000869274
11 0.775879 0.144531 0.0498047 0.0332031 0.000891209
13 0.411133 0.130371 0.125 0.0224609 0.000892639
11 0.73291 0.134766 0.0751953 0.0234375 0.000909805
9 0.402344 0.162598 0.0390625 0.0380859 0.000916481
8 0.279297 0.644043 0.0117188 0.0107422 0.000934601
13 0.420898 0.140625 0.0546875 0.0332031 0.000939369
8 0.325684 0.567383 0.0478516 0.0371094 0.000946522
11 0.811035 0.16748 0.0830078 0.0712891 0.000967503
8 0.413086 0.148926 0.0527344 0.0478516 0.000990868
8 0.384277 0.59375 0.0419922 0.03125 0.00108624
11 0.662109 0.146973 0.0585938 0.0439453 0.00110149
8 0.291504 0.629883 0.0224609 0.0195312 0.00117111
9 0.283203 0.62207 0.03125 0.03125 0.00119209
8 0.781738 0.626465 0.0341797 0.0283203 0.00121975
7 0.406738 0.182617 0.0576172 0.0976562 0.00128841
11 0.427734 0.137207 0.0839844 0.0341797 0.00128937
13 0.404785 0.169922 0.0498047 0.0664062 0.00130367
11 0.307617 0.163086 0.0878906 0.0625 0.00132656
8 0.748047 0.505371 0.0195312 0.0166016 0.00141048
11 0.72998 0.146484 0.165039 0.0625 0.00153828
13 0.883301 0.57373 0.0732422 0.0439453 0.00154018
13 0.407227 0.167969 0.0390625 0.0332031 0.00155163
7 0.407227 0.168457 0.0351562 0.0263672 0.00156689
2 0.280762 0.616699 0.0205078 0.0166016 0.0015831
8 0.89209 0.453613 0.0185547 0.0166016 0.0016346
11 0.68457 0.138672 0.0859375 0.0371094 0.00163555
8 0.406738 0.174316 0.0263672 0.0146484 0.00167561
8 0.333008 0.55957 0.0371094 0.0253906 0.00169373
11 0.714844 0.130371 0.0742188 0.0185547 0.00170231
4 0.411621 0.154785 0.0576172 0.0498047 0.00174141
2 0.660156 0.516113 0.015625 0.0126953 0.00180721
11 0.411621 0.123047 0.124023 0.0214844 0.00198746
7 0.404785 0.17041 0.0419922 0.0517578 0.00217056
11 0.337891 0.150879 0.123047 0.0634766 0.00232697
13 0.893555 0.583984 0.0703125 0.0292969 0.00262451
8 0.286133 0.631836 0.0332031 0.0332031 0.00280952
2 0.283203 0.62207 0.03125 0.03125 0.00344276
9 0.413086 0.154297 0.0605469 0.0527344 0.00345039
8 0.404297 0.167969 0.03125 0.0253906 0.00350952
11 0.396973 0.150879 0.0927734 0.0517578 0.00351524
11 0.356934 0.136719 0.0966797 0.0429688 0.00412369
11 0.782227 0.149902 0.0878906 0.0537109 0.00422668
8 0.659668 0.516113 0.0146484 0.0126953 0.00424576
11 0.387207 0.128906 0.0751953 0.0195312 0.00474548
13 0.414062 0.205078 0.0625 0.130859 0.00481415
8 0.324707 0.601074 0.0419922 0.0419922 0.00606537
8 0.40332 0.15918 0.0410156 0.0410156 0.00647736
6 0.409668 0.157715 0.0576172 0.0517578 0.00656891
8 0.280762 0.616211 0.0205078 0.015625 0.00755692
13 0.902344 0.585938 0.0507812 0.0175781 0.00798035
8 0.283203 0.62207 0.03125 0.03125 0.00987244
8 0.688477 0.711914 0.0214844 0.0214844 0.0125275
13 0.410156 0.151855 0.0546875 0.0517578 0.0155106
3 0.590332 0.687988 0.40918 0.186523 0.0180817
11 0.757812 0.14209 0.09375 0.0400391 0.0216827
7 0.413574 0.154297 0.0595703 0.0527344 0.0218658
11 0.38623 0.131836 0.108398 0.03125 0.0510864
11 0.723633 0.135254 0.136719 0.0322266 0.0549622
0 0.605469 0.331055 0.113281 0.0976562 0.058075
