9 0.620117 0.990234 0.03125 0.0195312 0.000100493
2 0.621094 0.700684 0.0136719 0.0107422 0.000101507
10 0.921875 0.829102 0.0429688 0.0742188 0.00010252
8 0.737305 0.277832 0.015625 0.0126953 0.00010258
11 0.557617 0.242188 0.0507812 0.0351562 0.00010258
2 0.484375 0.551758 0.166016 0.441406 0.000102758
5 0.503418 0.552734 0.200195 0.529297 0.000102937
9 0.898926 0.810059 0.0693359 0.0888672 0.000103831
9 0.348145 0.797363 0.172852 0.151367 0.000104308
2 0.378418 0.769043 0.0791016 0.0927734 0.000104427
8 0.0200195 0.461426 0.0322266 0.0537109 0.000104666
7 0.263184 0.501465 0.399414 0.665039 0.000106096
2 0.444336 0.540039 0.0390625 0.0527344 0.000106752
8 0.532227 0.522949 0.0332031 0.0419922 0.000106812
9 0.481445 0.684082 0.138672 0.18457 0.00010711
11 0.49707 0.0507812 0.191406 0.0976562 0.000108063
3 0.614746 0.93457 0.704102 0.130859 0.000108719
11 0.6875 0.15625 0.0722656 0.0390625 0.000109255
13 0.66748 0.208008 0.0458984 0.0332031 0.000109494
11 0.318359 0.164551 0.0878906 0.0244141 0.000109613
13 0.394531 0.697754 0.0664062 0.0283203 0.000110567
2 0.423828 0.0429688 0.183594 0.0859375 0.000111461
12 0.241699 0.827637 0.418945 0.135742 0.000112057
8 0.67627 0.205078 0.0576172 0.0429688 0.000112176
13 0.429199 0.535645 0.0595703 0.0576172 0.000112832
13 0.686035 0.192871 0.0771484 0.0361328 0.000113606
12 0.54834 0.390625 0.114258 0.119141 0.000114024
0 0.490723 0.522949 0.170898 0.241211 0.000115514
13 0.685547 0.350586 0.207031 0.214844 0.000115871
13 0.24707 0.731445 0.0332031 0.0273438 0.000116408
8 0.810547 0.744141 0.03125 0.03125 0.000116944
8 0.114746 0.801758 0.0263672 0.0195312 0.000117362
13 0.619141 0.278809 0.0957031 0.0927734 0.000117779
9 0.424316 0.546875 0.143555 0.365234 0.000118136
2 0.569336 0.735352 0.447266 0.136719 0.000118196
13 0.39502 0.749023 0.157227 0.232422 0.000118554
11 0.317383 0.172852 0.119141 0.0546875 0.000119269
11 0.594727 0.209961 0.115234 0.152344 0.000119507
1 0.54834 0.390625 0.114258 0.119141 0.000119507
8 0.435059 0.692383 0.0791016 0.111328 0.000120103
9 0.439941 0.441406 0.0576172 0.0820312 0.000120401
3 0.407227 0.784668 0.195312 0.256836 0.000120521
12 0.412598 0.754395 0.139648 0.24707 0.00012058
9 0.246094 0.0595703 0.472656 0.119141 0.00012064
9 0.481445 0.311523 0.253906 0.404297 0.000120819
7 0.328125 0.19873 0.0546875 0.0302734 0.000120997
9 0.575195 0.819336 0.445312 0.355469 0.000122786
3 0.575195 0.819336 0.445312 0.355469 0.000123858
13 0.29541 0.195801 0.102539 0.0341797 0.000124097
13 0.59375 0.392578 0.0253906 0.0214844 0.000124335
9 0.370605 0.777344 0.0595703 0.0566406 0.000125051
11 0.316895 0.134766 0.0947266 0.0253906 0.000125408
9 0.528809 0.519043 0.0361328 0.0458984 0.0001266
8 0.687012 0.22168 0.0693359 0.0683594 0.0001266
9 0.479004 0.522949 0.135742 0.266602 0.000127554
6 0.836426 0.719238 0.0498047 0.0439453 0.000128388
2 0.67041 0.199219 0.0439453 0.0292969 0.000128388
10 0.884766 0.803223 0.09375 0.0888672 0.000128746
11 0.677246 0.193848 0.0947266 0.0966797 0.000128984
10 0.54834 0.390625 0.114258 0.119141 0.000129223
8 0.163086 0.783203 0.0136719 0.0136719 0.000129342
5 0.441895 0.521973 0.0498047 0.0634766 0.0001297
13 0.616211 0.254883 0.117188 0.177734 0.000130534
11 0.568359 0.736816 0.453125 0.137695 0.000130773
11 0.385742 0.182617 0.0917969 0.0820312 0.000131369
13 0.49707 0.0507812 0.191406 0.0976562 0.000132799
13 0.411621 0.68457 0.0244141 0.0175781 0.000133276
7 0.329102 0.195312 0.0800781 0.0507812 0.000133753
7 0.54834 0.390625 0.114258 0.119141 0.000133753
11 0.672852 0.147949 0.0605469 0.0263672 0.000133872
3 0.80127 0.0410156 0.397461 0.0820312 0.000133991
8 0.696777 0.659668 0.0341797 0.0283203 0.000134349
2 0.357422 0.792969 0.0429688 0.0351562 0.000134945
2 0.682129 0.239746 0.0673828 0.104492 0.000135183
5 0.847168 0.726562 0.145508 0.189453 0.000136614
9 0.470215 0.081543 0.268555 0.163086 0.000136852
11 0.443359 0.522949 0.078125 0.0791016 0.000137806
9 0.246582 0.730469 0.0283203 0.0273438 0.000139952
6 0.4375 0.520996 0.0585938 0.0673828 0.000140429
9 0.689941 0.23584 0.0263672 0.0205078 0.000140548
8 0.327637 0.19873 0.0517578 0.0283203 0.000140667
11 0.331055 0.189453 0.0976562 0.0507812 0.000141025
13 0.648438 0.209473 0.183594 0.129883 0.000141025
13 0.438477 0.673828 0.0664062 0.0742188 0.000141501
2 0.589844 0.395508 0.0332031 0.03125 0.000144005
13 0.412109 0.686035 0.0449219 0.0244141 0.000145197
8 0.715332 0.53125 0.0126953 0.00976562 0.000145674
9 0.460938 0.496094 0.0878906 0.181641 0.000146747
13 0.689941 0.23584 0.0263672 0.0205078 0.000149608
11 0.68457 0.196777 0.0644531 0.0322266 0.000149608
11 0.374023 0.132324 0.0625 0.0224609 0.000150084
11 0.553223 0.239258 0.0751953 0.121094 0.000150323
8 0.284668 0.199707 0.0322266 0.0224609 0.000151038
9 0.971191 0.226562 0.0576172 0.285156 0.000151634
13 0.664551 0.203125 0.0322266 0.0195312 0.000152349
13 0.293457 0.256348 0.18457 0.19043 0.000152707
13 0.32373 0.194336 0.0517578 0.0234375 0.000153661
12 0.568359 0.736816 0.453125 0.137695 0.00015521
9 0.132324 0.83252 0.186523 0.143555 0.000158668
9 0.322266 0.198242 0.0683594 0.0332031 0.000161767
13 0.441406 0.535156 0.0605469 0.117188 0.000162005
13 0.67627 0.194824 0.0888672 0.0986328 0.000168204
8 0.14502 0.577637 0.0126953 0.00878906 0.000169754
2 0.245117 0.729492 0.0253906 0.0292969 0.00017035
7 0.67627 0.205078 0.0576172 0.0429688 0.00017035
9 0.984375 0.229492 0.03125 0.0898438 0.000171185
7 0.853027 0.732422 0.108398 0.115234 0.000173926
11 0.648438 0.216309 0.130859 0.118164 0.000175714
0 0.568359 0.736816 0.453125 0.137695 0.000175834
9 0.223145 0.77832 0.15918 0.0703125 0.000176072
11 0.412598 0.722656 0.124023 0.220703 0.000177622
10 0.568359 0.736816 0.453125 0.137695 0.000180602
3 0.26416 0.53125 0.407227 0.652344 0.000180602
3 0.757812 0.104004 0.484375 0.208008 0.00018239
7 0.245117 0.730957 0.0175781 0.0185547 0.000182867
5 0.547852 0.391113 0.119141 0.12207 0.00018394
11 0.317383 0.143555 0.0742188 0.0253906 0.000184536
2 0.561035 0.367188 0.0771484 0.0722656 0.000186563
10 0.241699 0.827637 0.418945 0.135742 0.000186801
11 0.54834 0.390625 0.114258 0.119141 0.000187874
0 0.466797 0.51709 0.115234 0.135742 0.000188589
2 0.571777 0.354492 0.0224609 0.0234375 0.000194073
9 0.592773 0.393555 0.0214844 0.015625 0.000195026
2 0.439941 0.441406 0.0576172 0.0820312 0.000197411
11 0.655273 0.206543 0.0722656 0.0478516 0.000199318
9 0.67041 0.199219 0.0439453 0.0292969 0.000199437
12 0.750488 0.535645 0.405273 0.610352 0.000199676
11 0.668945 0.20166 0.0449219 0.0283203 0.000199795
9 0.14209 0.719238 0.0439453 0.0380859 0.000200629
5 0.569336 0.735352 0.447266 0.136719 0.00020647
3 0.556641 0.655273 0.408203 0.345703 0.000209808
2 0.578125 0.398438 0.046875 0.0625 0.000213027
8 0.54834 0.390625 0.114258 0.119141 0.000216126
11 0.616699 0.175293 0.135742 0.104492 0.000216365
8 0.235352 0.587402 0.0195312 0.0166016 0.000216484
0 0.49707 0.0507812 0.191406 0.0976562 0.000217676
9 0.595215 0.0483398 0.217773 0.0947266 0.000217915
9 0.449707 0.922363 0.342773 0.145508 0.000226974
5 0.203613 0.61377 0.21582 0.368164 0.000229716
11 0.567383 0.184082 0.0722656 0.104492 0.000231504
13 0.345215 0.191406 0.116211 0.0898438 0.00023222
8 0.668457 0.200684 0.0380859 0.0244141 0.000236869
9 0.277344 0.791504 0.248047 0.0595703 0.000241637
13 0.204102 0.318848 0.09375 0.0732422 0.000241637
8 0.257324 0.728027 0.0400391 0.0341797 0.000244379
8 0.405273 0.685059 0.0332031 0.0244141 0.000245333
11 0.650879 0.129883 0.0966797 0.0292969 0.000245571
8 0.441406 0.535156 0.0605469 0.117188 0.000246286
11 0.286133 0.199219 0.0351562 0.0234375 0.000252724
7 0.390625 0.82373 0.173828 0.166992 0.000253201
9 0.298828 0.780762 0.367188 0.143555 0.000253677
7 0.681641 0.223633 0.0585938 0.0683594 0.000255585
11 0.652344 0.14502 0.0605469 0.0244141 0.000257015
13 0.245117 0.730957 0.0175781 0.0185547 0.000257969
8 0.365234 0.660645 0.0292969 0.0263672 0.000258684
9 0.357422 0.792969 0.0429688 0.0351562 0.000266075
0 0.557617 0.365723 0.0859375 0.0654297 0.000267267
11 0.351562 0.134766 0.0585938 0.0175781 0.000270367
9 0.677246 0.208008 0.0634766 0.0566406 0.000272274
7 0.683594 0.237305 0.0410156 0.0351562 0.00027442
8 0.702637 0.195801 0.0166016 0.0126953 0.000277758
9 0.836426 0.719238 0.0498047 0.0439453 0.00027895
2 0.489258 0.0493164 0.185547 0.0986328 0.000283241
13 0.323242 0.236816 0.105469 0.12793 0.000292063
9 0.486328 0.116699 0.0292969 0.0361328 0.000301361
9 0.254395 0.894531 0.446289 0.191406 0.000310898
13 0.430176 0.720703 0.114258 0.171875 0.000318766
11 0.54834 0.25293 0.0673828 0.0605469 0.000327826
13 0.189453 0.307129 0.0625 0.0361328 0.00033021
11 0.367676 0.180664 0.114258 0.0449219 0.00033474
2 0.55127 0.395508 0.106445 0.128906 0.000346184
0 0.437988 0.442871 0.0419922 0.0380859 0.000347853
10 0.918945 0.850586 0.0644531 0.111328 0.000350475
9 0.466797 0.76709 0.148438 0.137695 0.000350714
11 0.253906 0.169434 0.0722656 0.0478516 0.000355721
13 0.424316 0.69873 0.0693359 0.0341797 0.000365973
7 0.442871 0.67627 0.0537109 0.0732422 0.000368118
2 0.684082 0.237793 0.0439453 0.0341797 0.000372648
9 0.97998 0.206543 0.0380859 0.157227 0.000376225
2 0.53125 0.521484 0.0332031 0.0449219 0.000379324
8 0.412598 0.722656 0.124023 0.220703 0.000383139
13 0.679199 0.251953 0.141602 0.160156 0.000390291
9 0.552734 0.65625 0.390625 0.333984 0.00040102
7 0.241699 0.827637 0.418945 0.135742 0.000405788
11 0.652344 0.159668 0.121094 0.0361328 0.000412464
9 0.761719 0.811035 0.361328 0.0810547 0.00042963
9 0.456055 0.76709 0.0546875 0.0517578 0.000432014
3 0.503418 0.741699 0.360352 0.266602 0.000437021
2 0.416992 0.711426 0.113281 0.180664 0.000440598
11 0.577637 0.161621 0.0634766 0.0634766 0.000440836
7 0.39502 0.749023 0.157227 0.232422 0.000444174
3 0.441895 0.521973 0.0498047 0.0634766 0.000448465
9 0.751953 0.5 0.400391 0.621094 0.000450134
11 0.351074 0.17334 0.125977 0.0810547 0.00045085
11 0.292969 0.159668 0.128906 0.0478516 0.000451326
4 0.441895 0.521973 0.0498047 0.0634766 0.000451803
8 0.415527 0.258789 0.0244141 0.0175781 0.000469446
11 0.287598 0.149902 0.0732422 0.0302734 0.000470638
11 0.612793 0.166504 0.110352 0.0537109 0.000472069
13 0.447754 0.710449 0.0634766 0.12207 0.000478268
13 0.55127 0.395508 0.106445 0.128906 0.000485897
9 0.458496 0.76709 0.0830078 0.0771484 0.000518322
11 0.441406 0.684082 0.0429688 0.0751953 0.000518799
9 0.980469 0.291504 0.0390625 0.223633 0.000519753
11 0.389648 0.15918 0.0742188 0.0683594 0.000524521
9 0.682129 0.239746 0.0673828 0.104492 0.000545502
11 0.336914 0.138672 0.0566406 0.0214844 0.000553608
8 0.399902 0.750488 0.0361328 0.0263672 0.000555515
9 0.472168 0.302246 0.15332 0.295898 0.000560284
3 0.547852 0.391113 0.119141 0.12207 0.000581741
9 0.452148 0.661621 0.152344 0.352539 0.000598907
13 0.419922 0.702637 0.0839844 0.0673828 0.000600815
7 0.836426 0.719238 0.0498047 0.0439453 0.000602245
9 0.366699 0.0483398 0.270508 0.0947266 0.000605106
5 0.810059 0.660156 0.200195 0.263672 0.000607967
5 0.748535 0.522461 0.334961 0.570312 0.000614166
8 0.592773 0.394043 0.0253906 0.0185547 0.000628471
9 0.245117 0.730957 0.0175781 0.0185547 0.000634193
1 0.441895 0.521973 0.0498047 0.0634766 0.000646591
12 0.441895 0.521973 0.0498047 0.0634766 0.000656605
8 0.163086 0.750977 0.0214844 0.0175781 0.00066328
11 0.644531 0.138184 0.0605469 0.0205078 0.000671387
8 0.141602 0.719238 0.0429688 0.0380859 0.000678539
9 0.503418 0.43457 0.204102 0.232422 0.000682831
2 0.430176 0.682617 0.0791016 0.0898438 0.000685692
9 0.568359 0.736816 0.453125 0.137695 0.000722408
13 0.63916 0.310547 0.125977 0.175781 0.000737667
9 0.684082 0.237793 0.0439453 0.0341797 0.000754833
11 0.360352 0.143066 0.0742188 0.0263672 0.000768185
13 0.322266 0.201172 0.0742188 0.0351562 0.000770569
11 0.711914 0.167969 0.0703125 0.0488281 0.000771523
9 0.401367 0.852051 0.214844 0.229492 0.00077486
0 0.503418 0.507812 0.196289 0.466797 0.000775337
9 0.54834 0.390625 0.114258 0.119141 0.000791073
13 0.684082 0.237793 0.0439453 0.0341797 0.000840187
8 0.410156 0.681152 0.0195312 0.0166016 0.000849247
8 0.437988 0.441895 0.0419922 0.0361328 0.000854015
8 0.680664 0.23877 0.0507812 0.0615234 0.00085783
9 0.382812 0.767578 0.09375 0.105469 0.000864983
13 0.818359 0.582031 0.046875 0.0273438 0.000893593
8 0.246582 0.730469 0.0283203 0.0273438 0.000930309
2 0.245117 0.730957 0.0175781 0.0185547 0.000939846
8 0.385742 0.621094 0.0117188 0.0117188 0.000945568
11 0.915527 0.842773 0.0654297 0.105469 0.000965595
8 0.442383 0.676758 0.0527344 0.0722656 0.000975132
9 0.448242 0.700684 0.0839844 0.145508 0.00098896
8 0.617188 0.991211 0.0273438 0.0175781 0.000997543
11 0.638672 0.152832 0.136719 0.0693359 0.00111389
8 0.689941 0.23584 0.0263672 0.0205078 0.00111771
11 0.364746 0.160645 0.0986328 0.0458984 0.0011301
13 0.677246 0.208008 0.0634766 0.0566406 0.00120068
10 0.907227 0.824219 0.0683594 0.0996094 0.00121307
5 0.26416 0.53125 0.407227 0.652344 0.00122833
11 0.684082 0.156738 0.118164 0.0556641 0.00125217
11 0.387207 0.137695 0.0595703 0.0351562 0.0013113
13 0.683594 0.236816 0.0703125 0.102539 0.00134373
12 0.263184 0.501465 0.399414 0.665039 0.00135612
9 0.263184 0.501465 0.399414 0.665039 0.00140858
9 0.440918 0.513672 0.0615234 0.113281 0.00142479
13 0.671875 0.198242 0.0449219 0.0292969 0.00147438
11 0.314941 0.145996 0.129883 0.0341797 0.00148296
9 0.441406 0.441406 0.0390625 0.0351562 0.0015316
11 0.901855 0.816895 0.0712891 0.0888672 0.00157452
2 0.443359 0.522949 0.078125 0.0791016 0.00171375
8 0.837402 0.720215 0.0458984 0.0439453 0.00179291
11 0.361816 0.145508 0.116211 0.0488281 0.00209427
11 0.584473 0.148926 0.0478516 0.0380859 0.00214005
7 0.443359 0.522461 0.046875 0.0527344 0.00220299
0 0.444336 0.519531 0.0507812 0.0625 0.0024929
2 0.592773 0.393555 0.0214844 0.015625 0.00258827
8 0.621582 0.70166 0.0126953 0.0126953 0.00267601
8 0.683105 0.236328 0.0419922 0.03125 0.00313377
2 0.4375 0.442871 0.0410156 0.0380859 0.00324249
11 0.268066 0.157715 0.0693359 0.0361328 0.00328445
9 0.49707 0.0507812 0.191406 0.0976562 0.00340271
2 0.44043 0.686523 0.0449219 0.0703125 0.00354385
11 0.443848 0.523438 0.0439453 0.0566406 0.00375366
9 0.495117 0.833984 0.21875 0.308594 0.00421143
0 0.511719 0.408203 0.195312 0.162109 0.00422287
13 0.441406 0.689941 0.0449219 0.0693359 0.00428391
11 0.62207 0.148926 0.123047 0.0380859 0.00447083
13 0.441895 0.521973 0.0498047 0.0634766 0.0049324
9 0.415527 0.712891 0.112305 0.183594 0.00510025
9 0.493164 0.741699 0.318359 0.243164 0.0052681
8 0.245117 0.730957 0.0175781 0.0185547 0.00582886
9 0.499023 0.555176 0.177734 0.518555 0.00625229
9 0.241699 0.827637 0.418945 0.135742 0.00644684
11 0.351562 0.136719 0.109375 0.0253906 0.00940704
11 0.662598 0.146973 0.100586 0.0380859 0.010582
9 0.441406 0.678223 0.0605469 0.0810547 0.0111465
11 0.635254 0.13916 0.108398 0.0263672 0.015686
9 0.408691 0.786621 0.149414 0.217773 0.0296173
8 0.441895 0.521973 0.0498047 0.0634766 0.0450439
9 0.443848 0.523438 0.0439453 0.0566406 0.0977783
3 0.568359 0.736816 0.453125 0.137695 0.113342
2 0.443359 0.522461 0.046875 0.0527344 0.132202
0 0.549805 0.388184 0.111328 0.112305 0.139038
