11 0.616211 0.182129 0.0488281 0.0302734 0.000190616
1 0.81543 0.295898 0.0957031 0.046875 0.000193477
9 0.498047 0.716309 0.0527344 0.0380859 0.000194073
7 0.405762 0.124023 0.131836 0.0332031 0.000196218
13 0.415039 0.436523 0.0996094 0.0390625 0.000196815
9 0.811523 0.295898 0.0957031 0.0605469 0.000198603
6 0.256836 0.600586 0.246094 0.140625 0.000198841
12 0.398926 0.116211 0.114258 0.0332031 0.000199676
9 0.309082 0.447266 0.182617 0.101562 0.000202417
8 0.981445 0.28418 0.0332031 0.0292969 0.000203371
2 0.624512 0.287109 0.0458984 0.0585938 0.000203609
11 0.309082 0.0917969 0.428711 0.138672 0.000207186
2 0.628418 0.477539 0.0126953 0.0117188 0.000208259
9 0.425781 0.560059 0.138672 0.235352 0.00020957
3 0.263672 0.0366211 0.527344 0.0732422 0.000210404
11 0.419922 0.112793 0.0703125 0.0224609 0.00021112
3 0.48584 0.689453 0.206055 0.296875 0.00021112
4 0.21875 0.631348 0.177734 0.0908203 0.000213861
12 0.180176 0.622559 0.0908203 0.0595703 0.000214934
11 0.443359 0.106934 0.0878906 0.0302734 0.000221252
8 0.00830078 0.348145 0.0166016 0.0322266 0.000223398
10 0.162598 0.632812 0.0673828 0.0410156 0.000223517
9 0.766113 0.237793 0.0517578 0.0537109 0.000225425
13 0.393555 0.115723 0.0742188 0.0244141 0.000226974
9 0.270996 0.611328 0.260742 0.078125 0.000227928
8 0.65625 0.597168 0.0585938 0.0537109 0.000227928
6 0.600098 0.281738 0.102539 0.0888672 0.000228763
8 0.73584 0.583984 0.0341797 0.03125 0.000229239
1 0.152832 0.651855 0.0830078 0.0771484 0.000230074
9 0.481934 0.253906 0.0712891 0.152344 0.000231147
9 0.195801 0.693848 0.174805 0.147461 0.000231862
13 0.413086 0.132812 0.144531 0.0429688 0.000234604
5 0.160645 0.650879 0.0947266 0.0927734 0.000234723
0 0.707031 0.0732422 0.132812 0.123047 0.000235558
9 0.628418 0.477539 0.0126953 0.0117188 0.000237703
11 0.679199 0.169434 0.0751953 0.0205078 0.000239134
2 0.626465 0.254395 0.0224609 0.0205078 0.000240326
7 0.459961 0.612305 0.177734 0.212891 0.000240922
9 0.145508 0.637207 0.0742188 0.0478516 0.000241876
9 0.49707 0.756836 0.0527344 0.0332031 0.000245571
7 0.269043 0.411621 0.280273 0.395508 0.000246286
8 0.207031 0.498047 0.0117188 0.0117188 0.000246286
11 0.190918 0.617188 0.0927734 0.0585938 0.000246763
13 0.408691 0.124512 0.0556641 0.0166016 0.000249624
7 0.486328 0.243164 0.0761719 0.212891 0.000252247
9 0.486328 0.754395 0.105469 0.206055 0.0002563
9 0.0336914 0.687012 0.0654297 0.112305 0.000257492
8 0.199219 0.615234 0.0625 0.046875 0.000257492
7 0.712402 0.60791 0.0908203 0.0810547 0.000258446
9 0.402832 0.706055 0.0595703 0.0410156 0.000258923
8 0.717773 0.259766 0.0449219 0.0351562 0.000259638
6 0.279785 0.520508 0.243164 0.267578 0.000261784
11 0.153809 0.628906 0.0712891 0.0351562 0.000261784
8 0.411133 0.124512 0.136719 0.0341797 0.000271559
13 0.258301 0.597168 0.243164 0.149414 0.000271559
13 0.799805 0.304199 0.136719 0.137695 0.000272274
4 0.602051 0.282227 0.102539 0.0898438 0.000273466
13 0.282227 0.446777 0.0644531 0.0244141 0.000274897
9 0.101562 0.560547 0.015625 0.0195312 0.000275612
11 0.42041 0.126465 0.0693359 0.0263672 0.000276804
9 0.181152 0.650391 0.0712891 0.0917969 0.000277281
12 0.600098 0.281738 0.102539 0.0888672 0.000279188
6 0.5625 0.58252 0.396484 0.143555 0.000284672
9 0.576172 0.619141 0.0253906 0.0351562 0.000293493
13 0.29248 0.51709 0.161133 0.180664 0.000300646
9 0.501465 0.612305 0.12793 0.134766 0.000306606
6 0.213867 0.614746 0.119141 0.0595703 0.000306606
8 0.816895 0.470215 0.0205078 0.0146484 0.000308275
11 0.561035 0.584961 0.395508 0.154297 0.000310659
8 0.644531 0.58252 0.0351562 0.0341797 0.000310659
11 0.653809 0.177246 0.131836 0.0654297 0.000311613
9 0.498535 0.753906 0.0615234 0.0722656 0.000313044
10 0.113281 0.723633 0.0332031 0.0605469 0.000320196
13 0.29248 0.429199 0.24707 0.145508 0.000320673
6 0.81543 0.295898 0.0957031 0.046875 0.000322104
8 0.705078 0.366211 0.03125 0.0214844 0.000322819
1 0.263184 0.661133 0.293945 0.140625 0.000324249
9 0.215332 0.628418 0.116211 0.0830078 0.000326872
7 0.600586 0.28125 0.105469 0.0878906 0.000332832
8 0.20459 0.656738 0.200195 0.15332 0.000333071
9 0.260742 0.54541 0.269531 0.24707 0.000343084
9 0.311035 0.438477 0.124023 0.0371094 0.000343084
7 0.256348 0.533691 0.256836 0.270508 0.000346184
13 0.312012 0.566895 0.106445 0.0517578 0.000348568
0 0.275879 0.686035 0.323242 0.18457 0.000351429
13 0.691895 0.288574 0.0380859 0.0458984 0.000356913
7 0.81543 0.295898 0.0957031 0.046875 0.00035882
13 0.770996 0.325195 0.129883 0.0839844 0.000361443
5 0.600098 0.279785 0.100586 0.0830078 0.000362396
11 0.113281 0.723633 0.0332031 0.0605469 0.000362635
11 0.645996 0.168457 0.0869141 0.0380859 0.000367641
0 0.593262 0.322266 0.104492 0.142578 0.000371933
13 0.5625 0.58252 0.396484 0.143555 0.000372887
13 0.385254 0.457031 0.0654297 0.0292969 0.00037384
8 0.339844 0.672363 0.166016 0.139648 0.00037384
9 0.20459 0.614258 0.0517578 0.0371094 0.000374794
3 0.551758 0.51123 0.369141 0.34082 0.000379086
2 0.162598 0.632812 0.0673828 0.0410156 0.000379801
8 0.760742 0.507812 0.015625 0.015625 0.000380516
9 0.166016 0.641113 0.0507812 0.0400391 0.000381231
1 0.600586 0.28125 0.103516 0.0898438 0.000384331
7 0.765137 0.238281 0.0517578 0.0566406 0.000384569
9 0.436523 0.720215 0.138672 0.168945 0.000388145
1 0.5625 0.58252 0.396484 0.143555 0.000389099
3 0.275879 0.686035 0.323242 0.18457 0.000392437
5 0.299805 0.553223 0.138672 0.100586 0.000393391
4 0.5625 0.58252 0.396484 0.143555 0.000393867
5 0.272461 0.435059 0.173828 0.155273 0.000398636
2 0.40918 0.117188 0.138672 0.0371094 0.000398874
10 0.180176 0.622559 0.0908203 0.0595703 0.000402927
5 0.257812 0.637695 0.296875 0.271484 0.000416279
6 0.206055 0.61084 0.03125 0.0244141 0.000426769
11 0.81543 0.295898 0.0957031 0.046875 0.000430584
8 0.470215 0.640137 0.106445 0.108398 0.000432014
8 0.768555 0.282227 0.00976562 0.0078125 0.000435114
9 0.981934 0.28418 0.0361328 0.03125 0.000438213
9 0.10498 0.654297 0.0107422 0.0136719 0.000448227
8 0.766113 0.236328 0.0478516 0.0507812 0.000453234
11 0.279785 0.145508 0.0927734 0.0664062 0.000463486
13 0.297852 0.453125 0.0996094 0.0585938 0.000466347
11 0.725098 0.174805 0.0634766 0.0351562 0.000468969
11 0.155273 0.646973 0.0859375 0.0771484 0.000472546
10 0.601074 0.289062 0.106445 0.105469 0.000482559
8 0.760742 0.406738 0.0273438 0.0185547 0.000484467
9 0.66748 0.662598 0.174805 0.0908203 0.000485182
8 0.717285 0.614746 0.0556641 0.0556641 0.000485897
8 0.601562 0.282715 0.103516 0.0908203 0.000492096
9 0.400879 0.751953 0.0537109 0.0371094 0.000492573
13 0.36084 0.432129 0.0654297 0.0400391 0.000493526
0 0.708008 0.0151367 0.128906 0.0302734 0.000493526
8 0.421875 0.0791016 0.0117188 0.00976562 0.000499249
13 0.174805 0.638184 0.046875 0.0380859 0.000501156
12 0.5625 0.58252 0.396484 0.143555 0.000509262
7 0.5625 0.58252 0.396484 0.143555 0.000519276
2 0.5625 0.58252 0.396484 0.143555 0.000525475
13 0.221191 0.604004 0.166992 0.0927734 0.000529766
13 0.600098 0.281738 0.102539 0.0888672 0.000531673
11 0.408691 0.126465 0.0166016 0.0107422 0.000538826
0 0.524902 0.362305 0.200195 0.380859 0.00053978
10 0.560547 0.578125 0.398438 0.150391 0.000542641
5 0.559082 0.577148 0.397461 0.150391 0.000550747
9 0.404297 0.117188 0.132812 0.03125 0.000558853
10 0.169434 0.649414 0.116211 0.119141 0.000559807
9 0.269043 0.411621 0.280273 0.395508 0.000565052
11 0.405762 0.11377 0.157227 0.0869141 0.000565529
2 0.243164 0.655762 0.253906 0.139648 0.000571251
11 0.760254 0.186523 0.12207 0.0585938 0.000572681
2 0.81543 0.295898 0.0957031 0.046875 0.000576496
9 0.481934 0.56543 0.235352 0.341797 0.000579357
13 0.154785 0.641602 0.0712891 0.0527344 0.000583172
9 0.41748 0.720215 0.106445 0.102539 0.000588417
12 0.263184 0.661133 0.293945 0.140625 0.000610828
8 0.5625 0.58252 0.396484 0.143555 0.000621796
9 0.446289 0.790039 0.523438 0.419922 0.000622749
13 0.740723 0.474609 0.0986328 0.0332031 0.000628948
9 0.205566 0.611328 0.0302734 0.0273438 0.000628948
1 0.401855 0.115234 0.12793 0.03125 0.000630856
6 0.819336 0.505371 0.146484 0.280273 0.000633717
9 0.499023 0.617676 0.0605469 0.0556641 0.000640869
0 0.600098 0.293945 0.178711 0.123047 0.000645638
13 0.322754 0.441895 0.112305 0.0224609 0.000669956
9 0.754395 0.699219 0.344727 0.119141 0.000674725
11 0.460938 0.121094 0.0605469 0.0253906 0.000675678
9 0.0791016 0.646973 0.0644531 0.0341797 0.000683784
8 0.276367 0.681152 0.318359 0.168945 0.000693798
4 0.162598 0.632812 0.0673828 0.0410156 0.000696182
10 0.263184 0.661133 0.293945 0.140625 0.00069952
5 0.273438 0.438477 0.234375 0.326172 0.000731945
11 0.432617 0.141602 0.103516 0.0527344 0.000746727
9 0.531738 0.684082 0.288086 0.30957 0.000748634
9 0.820312 0.50293 0.144531 0.275391 0.000772476
11 0.613281 0.194824 0.0683594 0.0576172 0.000776768
7 0.467773 0.643555 0.119141 0.115234 0.000780582
11 0.40332 0.122559 0.03125 0.0146484 0.000793457
11 0.705078 0.176758 0.173828 0.0742188 0.000796318
9 0.781738 0.447754 0.24707 0.420898 0.000797272
9 0.601074 0.289062 0.106445 0.105469 0.000800133
12 0.174316 0.647461 0.120117 0.117188 0.000811577
13 0.802246 0.300293 0.0537109 0.0341797 0.000812054
11 0.225586 0.651367 0.230469 0.125 0.000822544
1 0.162598 0.632812 0.0673828 0.0410156 0.000841141
8 0.408691 0.124512 0.0556641 0.0166016 0.000863552
6 0.20459 0.614258 0.0517578 0.0371094 0.000874996
13 0.181152 0.625488 0.0498047 0.0439453 0.000875473
9 0.0327148 0.439941 0.0654297 0.0927734 0.000883579
9 0.288574 0.734863 0.383789 0.293945 0.000898361
11 0.600098 0.281738 0.102539 0.0888672 0.000910759
7 0.394531 0.11377 0.105469 0.0302734 0.000917912
9 0.275391 0.501465 0.166016 0.200195 0.000918388
8 0.650879 0.593262 0.0302734 0.0341797 0.000923157
13 0.327148 0.442383 0.179688 0.0839844 0.000972271
13 0.678223 0.278809 0.0693359 0.0810547 0.000981331
7 0.339844 0.672363 0.166016 0.139648 0.000984192
0 0.621094 0.272461 0.0585938 0.0644531 0.000987053
13 0.82959 0.285645 0.0791016 0.0244141 0.000987053
11 0.67041 0.178223 0.133789 0.0361328 0.00101757
9 0.543457 0.27002 0.209961 0.188477 0.00103092
11 0.758789 0.180664 0.0644531 0.0410156 0.00107861
6 0.283691 0.503906 0.15332 0.185547 0.00109291
5 0.231445 0.60791 0.197266 0.114258 0.00110435
8 0.629395 0.477051 0.0126953 0.0107422 0.00112152
9 0.342773 0.675293 0.152344 0.141602 0.00112247
4 0.263184 0.661133 0.293945 0.140625 0.00114727
5 0.26123 0.547852 0.254883 0.253906 0.00114918
11 0.437012 0.119629 0.104492 0.0341797 0.00116348
5 0.178711 0.646973 0.136719 0.149414 0.00116444
8 0.408203 0.124512 0.0195312 0.0126953 0.00117302
9 0.447754 0.626465 0.161133 0.206055 0.00117588
7 0.20459 0.614746 0.0830078 0.0478516 0.00124264
6 0.213867 0.628906 0.173828 0.0957031 0.00125599
13 0.677734 0.461426 0.0976562 0.0302734 0.00133133
2 0.180176 0.622559 0.0908203 0.0595703 0.00138283
7 0.283691 0.503906 0.15332 0.185547 0.00138474
13 0.201172 0.606934 0.105469 0.0634766 0.00140381
5 0.1875 0.617188 0.0957031 0.0644531 0.00144577
8 0.162598 0.653809 0.104492 0.112305 0.00145912
8 0.185059 0.624023 0.100586 0.0664062 0.00146008
7 0.155762 0.642578 0.0869141 0.0644531 0.00146866
2 0.600586 0.282227 0.105469 0.0898438 0.00151348
11 0.62793 0.178223 0.078125 0.0419922 0.00153828
7 0.20459 0.614258 0.0341797 0.0332031 0.0015583
8 0.165527 0.634277 0.0537109 0.0419922 0.00156879
13 0.375977 0.446289 0.0800781 0.0566406 0.0016222
4 0.180176 0.622559 0.0908203 0.0595703 0.001647
6 0.162598 0.632812 0.0673828 0.0410156 0.00168419
9 0.505859 0.240234 0.109375 0.226562 0.00169086
0 0.5625 0.58252 0.396484 0.143555 0.00179386
13 0.80127 0.38916 0.0419922 0.0166016 0.00180244
11 0.383789 0.116699 0.0507812 0.0166016 0.00181961
13 0.206055 0.609863 0.0390625 0.0302734 0.00185585
11 0.696777 0.164551 0.0712891 0.0244141 0.00191116
7 0.21875 0.631348 0.177734 0.0908203 0.00191116
13 0.404297 0.117188 0.132812 0.03125 0.00191593
11 0.387207 0.108887 0.0771484 0.0283203 0.00191593
8 0.65625 0.503418 0.0214844 0.0185547 0.00193787
7 0.819336 0.505371 0.146484 0.280273 0.00195694
13 0.790039 0.306641 0.0507812 0.0273438 0.00196838
13 0.703125 0.467773 0.121094 0.0371094 0.00197411
4 0.169922 0.647949 0.115234 0.118164 0.00197983
3 0.600098 0.282227 0.102539 0.0917969 0.00206757
13 0.272461 0.431641 0.101562 0.0488281 0.00209999
9 0.820801 0.293457 0.0791016 0.0322266 0.00216293
11 0.408691 0.124512 0.0556641 0.0166016 0.00216675
13 0.790039 0.393066 0.0664062 0.0283203 0.00229263
9 0.164062 0.62793 0.0722656 0.0410156 0.00237083
1 0.180176 0.622559 0.0908203 0.0595703 0.00242615
11 0.172363 0.631348 0.0810547 0.0498047 0.00245285
3 0.185059 0.0644531 0.370117 0.128906 0.00255775
1 0.177246 0.642578 0.116211 0.113281 0.00258446
11 0.403809 0.117676 0.0634766 0.0205078 0.00260735
5 0.819336 0.505371 0.146484 0.280273 0.00264168
9 0.504395 0.449219 0.166992 0.455078 0.00271606
9 0.228516 0.638672 0.214844 0.103516 0.00273323
6 0.252441 0.657227 0.266602 0.132812 0.00275803
2 0.177246 0.641602 0.116211 0.113281 0.00285339
11 0.369141 0.108398 0.146484 0.0332031 0.0030098
5 0.785645 0.449707 0.243164 0.418945 0.00301552
11 0.300293 0.132324 0.0830078 0.0556641 0.00304222
5 0.252441 0.657227 0.266602 0.132812 0.00380898
9 0.48291 0.625488 0.0810547 0.0869141 0.00383186
9 0.462891 0.765137 0.21875 0.391602 0.00384903
9 0.414062 0.6875 0.222656 0.197266 0.00388336
8 0.651367 0.587891 0.0214844 0.0214844 0.0039711
0 0.547852 0.320312 0.214844 0.175781 0.00439072
13 0.230469 0.645508 0.224609 0.119141 0.00445175
11 0.670898 0.159668 0.0996094 0.0224609 0.00452805
6 0.169434 0.649414 0.116211 0.119141 0.004673
9 0.181152 0.624023 0.0927734 0.0703125 0.00517273
13 0.792969 0.308594 0.0820312 0.0449219 0.00546646
11 0.353027 0.125488 0.192383 0.0673828 0.00556564
11 0.177246 0.642578 0.116211 0.113281 0.00561142
13 0.200684 0.611816 0.0654297 0.0419922 0.00561523
8 0.20459 0.61377 0.0341797 0.0322266 0.00660706
5 0.275391 0.501465 0.166016 0.200195 0.00720215
9 0.152832 0.657715 0.0869141 0.0869141 0.00822449
11 0.374512 0.116211 0.0908203 0.0214844 0.00908661
13 0.160645 0.650879 0.0947266 0.0927734 0.009552
11 0.411133 0.129395 0.134766 0.0439453 0.0114822
7 0.263184 0.661133 0.293945 0.140625 0.0115585
7 0.163574 0.632324 0.0595703 0.0380859 0.0117722
13 0.297852 0.439453 0.0722656 0.0351562 0.0119781
6 0.180176 0.621582 0.0908203 0.0634766 0.0135498
9 0.525879 0.597168 0.336914 0.19043 0.0139313
11 0.682129 0.166992 0.129883 0.03125 0.0155334
7 0.178711 0.62207 0.09375 0.0644531 0.0186462
13 0.32959 0.438965 0.15332 0.0400391 0.0210114
11 0.733398 0.175781 0.107422 0.046875 0.0217896
9 0.467773 0.647949 0.119141 0.118164 0.0228882
9 0.478516 0.686035 0.152344 0.262695 0.0275879
13 0.18457 0.630371 0.121094 0.0986328 0.029068
7 0.169434 0.649414 0.116211 0.119141 0.0296783
13 0.164062 0.629395 0.0605469 0.0341797 0.0458069
9 0.175781 0.654785 0.132812 0.129883 0.0518494
13 0.81543 0.295898 0.0957031 0.046875 0.0614624
11 0.360352 0.120117 0.15625 0.0351562 0.0632324
9 0.264648 0.672363 0.308594 0.15918 0.0714111
11 0.401855 0.115234 0.12793 0.03125 0.144043
13 0.17627 0.624512 0.0888672 0.0556641 0.167358
3 0.5625 0.58252 0.396484 0.143555 0.430176
0 0.602051 0.282227 0.102539 0.0898438 0.646484
