3 0.206543 0.097168 0.413086 0.194336 0.000100613
5 0.23291 0.433594 0.168945 0.136719 0.000100851
13 0.285645 0.37207 0.225586 0.3125 0.000101328
13 0.38916 0.29541 0.0224609 0.0244141 0.000101626
9 0.508789 0.0200195 0.166016 0.0400391 0.000101864
13 0.143555 0.541016 0.0429688 0.0351562 0.000102103
11 0.383789 0.134766 0.0683594 0.0234375 0.000103772
9 0.100098 0.599121 0.0888672 0.114258 0.000105143
9 0.973145 0.336426 0.0458984 0.112305 0.000105202
3 0.591309 0.82373 0.563477 0.350586 0.000108421
9 0.200684 0.407227 0.15918 0.255859 0.000108719
3 0.780273 0.40332 0.230469 0.376953 0.000108778
8 0.379883 0.479004 0.015625 0.0146484 0.000109494
3 0.731934 0.592285 0.303711 0.0673828 0.000109851
13 0.317871 0.467285 0.0927734 0.0791016 0.00011158
9 0.230469 0.538574 0.324219 0.133789 0.000112236
9 0.229492 0.469238 0.154297 0.125977 0.000112772
8 0.222656 0.255859 0.0273438 0.0175781 0.00011313
7 0.333008 0.468262 0.0859375 0.0595703 0.000113666
10 0.541504 0.341309 0.192383 0.166992 0.000113845
8 0.894043 0.16748 0.0400391 0.0283203 0.000116169
10 0.787598 0.821289 0.34082 0.332031 0.000116348
9 0.22998 0.770996 0.432617 0.446289 0.000116467
11 0.341309 0.133789 0.0751953 0.0195312 0.000116527
8 0.534668 0.403809 0.0244141 0.0205078 0.000120044
6 0.775879 0.549316 0.182617 0.102539 0.000121474
10 0.059082 0.885742 0.0673828 0.0878906 0.000123739
8 0.300781 0.20752 0.0195312 0.0185547 0.000126481
10 0.301758 0.640137 0.355469 0.139648 0.000127673
0 0.595703 0.337891 0.253906 0.199219 0.000128746
10 0.915527 0.961914 0.108398 0.0742188 0.000132561
11 0.0605469 0.895508 0.0664062 0.0878906 0.000132918
9 0.349121 0.456543 0.112305 0.118164 0.000134349
11 0.29834 0.13916 0.170898 0.0537109 0.000134945
11 0.913086 0.94873 0.0957031 0.102539 0.000134945
11 0.651367 0.138672 0.0683594 0.0214844 0.000135183
3 0.717773 0.0322266 0.564453 0.0644531 0.000136256
10 0.243652 0.593262 0.37793 0.120117 0.000138044
9 0.457031 0.97998 0.0566406 0.0380859 0.000139117
9 0.510254 0.964355 0.241211 0.0693359 0.000139594
13 0.251465 0.263184 0.106445 0.0556641 0.000141025
9 0.0390625 0.244141 0.078125 0.310547 0.000141621
11 0.590332 0.17041 0.0693359 0.0595703 0.000144005
7 0.799316 0.584473 0.254883 0.0986328 0.000144958
9 0.569824 0.343262 0.188477 0.168945 0.00014627
11 0.365234 0.139648 0.0585938 0.0195312 0.000147462
11 0.222168 0.161133 0.120117 0.078125 0.000147939
5 0.241699 0.307129 0.145508 0.141602 0.000151515
2 0.0639648 0.285645 0.0185547 0.0244141 0.000151753
9 0.597168 0.607422 0.46582 0.183594 0.000153303
0 0.566406 0.317383 0.0625 0.078125 0.00015378
9 0.126465 0.600098 0.151367 0.147461 0.000154495
13 0.300293 0.302246 0.161133 0.118164 0.000156999
2 0.558594 0.273438 0.0195312 0.0136719 0.000161767
11 0.30127 0.124023 0.0966797 0.0214844 0.000163317
9 0.0976562 0.927246 0.132812 0.145508 0.000163913
8 0.813965 0.271973 0.0126953 0.0107422 0.000164151
9 0.542969 0.441406 0.0214844 0.0175781 0.00016582
4 0.328613 0.475586 0.110352 0.115234 0.000169992
5 0.710938 0.436035 0.207031 0.28418 0.000170708
6 0.570312 0.324219 0.125 0.111328 0.000172853
9 0.484863 0.921875 0.504883 0.15625 0.000173807
11 0.705566 0.135742 0.0751953 0.0175781 0.000174999
10 0.918945 0.929688 0.138672 0.140625 0.000176191
9 0.500488 0.636719 0.229492 0.292969 0.000176907
10 0.817383 0.970215 0.306641 0.0576172 0.000177979
8 0.329102 0.472656 0.0996094 0.107422 0.000178456
9 0.557617 0.976074 0.0488281 0.0400391 0.000180006
2 0.58252 0.237793 0.0458984 0.0537109 0.000180364
7 0.397949 0.558105 0.104492 0.133789 0.000181437
13 0.271973 0.500977 0.166992 0.0625 0.000185966
13 0.277832 0.462891 0.239258 0.169922 0.000187159
9 0.0566406 0.277832 0.0332031 0.0419922 0.000193119
9 0.774414 0.57373 0.189453 0.0595703 0.00019455
5 0.804688 0.437012 0.150391 0.209961 0.000194907
9 0.233398 0.556641 0.3125 0.0566406 0.000201106
8 0.0639648 0.285645 0.0185547 0.0244141 0.000210762
7 0.693359 0.50293 0.121094 0.128906 0.000211596
7 0.243652 0.593262 0.37793 0.120117 0.000213623
8 0.457031 0.977051 0.0527344 0.0419922 0.000224471
11 0.635254 0.133301 0.106445 0.0322266 0.000225544
8 0.361328 0.503418 0.015625 0.0146484 0.000226378
5 0.25293 0.568848 0.330078 0.118164 0.000233769
7 0.286621 0.446777 0.219727 0.219727 0.000244141
4 0.570312 0.324219 0.125 0.111328 0.000266552
9 0.25293 0.492188 0.269531 0.140625 0.000267267
9 0.581055 0.236816 0.0410156 0.0537109 0.000273943
5 0.328613 0.427246 0.143555 0.192383 0.00027442
9 0.833008 0.57666 0.1875 0.100586 0.000274897
9 0.247559 0.648926 0.401367 0.19043 0.000276089
13 0.757324 0.578125 0.194336 0.0625 0.000281096
7 0.571289 0.324219 0.123047 0.111328 0.000281334
9 0.500488 0.432129 0.21582 0.379883 0.00029397
6 0.73877 0.520996 0.200195 0.147461 0.000296593
11 0.243652 0.151367 0.0927734 0.0507812 0.00030303
9 0.824219 0.563477 0.128906 0.0644531 0.00030756
0 0.595703 0.347656 0.0839844 0.152344 0.000311136
10 0.838867 0.941406 0.246094 0.117188 0.000320673
12 0.571289 0.324219 0.123047 0.111328 0.000322342
8 0.542969 0.441406 0.0214844 0.0175781 0.000325918
5 0.571289 0.324219 0.123047 0.111328 0.000339031
9 0.402832 0.552734 0.114258 0.15625 0.000340462
13 0.345215 0.470703 0.112305 0.115234 0.000340939
8 0.299316 0.501465 0.0283203 0.0244141 0.000348568
5 0.200684 0.407227 0.15918 0.255859 0.000355005
9 0.693359 0.50293 0.121094 0.128906 0.000355244
11 0.281738 0.129883 0.102539 0.0429688 0.000358105
7 0.775879 0.548828 0.180664 0.101562 0.000364542
13 0.570312 0.324219 0.125 0.111328 0.000374317
10 0.131348 0.961914 0.170898 0.0761719 0.000390053
9 0.788574 0.546875 0.168945 0.0878906 0.000404358
11 0.32373 0.129395 0.12207 0.0205078 0.000408888
1 0.571289 0.324219 0.123047 0.111328 0.000408888
9 0.738281 0.521484 0.201172 0.148438 0.00041604
9 0.744629 0.600098 0.295898 0.0654297 0.000438213
13 0.82666 0.571777 0.133789 0.0517578 0.000440121
7 0.583984 0.543945 0.466797 0.128906 0.000447512
11 0.414062 0.158203 0.0605469 0.0410156 0.000451088
8 0.75293 0.431641 0.0136719 0.0117188 0.000457764
6 0.597656 0.547852 0.488281 0.160156 0.000458241
6 0.277832 0.462891 0.239258 0.169922 0.000461102
13 0.760742 0.534668 0.220703 0.129883 0.000475407
3 0.444824 0.919434 0.541992 0.161133 0.000489235
10 0.0786133 0.908691 0.125977 0.172852 0.000491142
12 0.597656 0.547852 0.488281 0.160156 0.000493526
0 0.584961 0.30127 0.0859375 0.0693359 0.000499725
8 0.597656 0.547852 0.488281 0.160156 0.000503063
5 0.254883 0.504883 0.267578 0.177734 0.000505924
1 0.597656 0.547852 0.488281 0.160156 0.000519276
8 0.395996 0.241211 0.0224609 0.0253906 0.000524521
11 0.367676 0.14502 0.129883 0.0498047 0.000528812
13 0.597656 0.547852 0.488281 0.160156 0.000535488
4 0.597656 0.547852 0.488281 0.160156 0.000548363
11 0.571289 0.324219 0.123047 0.111328 0.00055027
9 0.514648 0.043457 0.154297 0.0849609 0.000555038
8 0.571289 0.324219 0.123047 0.111328 0.000561237
3 0.444336 0.965332 0.564453 0.0693359 0.000562191
2 0.597656 0.547852 0.488281 0.160156 0.000567913
9 0.785645 0.404785 0.211914 0.360352 0.000585079
6 0.332031 0.459473 0.103516 0.112305 0.000608444
11 0.646484 0.144043 0.138672 0.0439453 0.000609398
11 0.762695 0.151367 0.0996094 0.0585938 0.000642776
2 0.571289 0.324219 0.123047 0.111328 0.000695229
11 0.583984 0.543945 0.466797 0.128906 0.000697613
8 0.557617 0.976074 0.0488281 0.0400391 0.000731468
5 0.597656 0.547852 0.488281 0.160156 0.000760078
9 0.506348 0.356445 0.166992 0.193359 0.000762939
10 0.159668 0.94043 0.24707 0.119141 0.000769615
9 0.265137 0.398926 0.239258 0.293945 0.000790119
5 0.212402 0.466309 0.120117 0.114258 0.000815868
10 0.571289 0.324219 0.123047 0.111328 0.000892162
3 0.590332 0.494141 0.469727 0.142578 0.000892639
7 0.738281 0.521484 0.201172 0.148438 0.00092268
13 0.791504 0.562012 0.15332 0.0576172 0.000969887
5 0.778809 0.503906 0.204102 0.1875 0.000994682
7 0.275391 0.481445 0.191406 0.109375 0.00101185
9 0.306152 0.480957 0.147461 0.108398 0.00103569
8 0.664062 0.549805 0.0195312 0.0136719 0.00104141
9 0.755371 0.597168 0.358398 0.125977 0.00108147
10 0.597656 0.547852 0.488281 0.160156 0.00113773
9 0.571289 0.324219 0.123047 0.111328 0.00121784
0 0.598145 0.552734 0.479492 0.125 0.00122643
11 0.6875 0.129883 0.115234 0.0175781 0.00123215
11 0.604004 0.155762 0.0947266 0.0517578 0.00134945
5 0.335449 0.467773 0.104492 0.117188 0.00144577
9 0.0639648 0.286133 0.0185547 0.0234375 0.0014801
9 0.599121 0.547363 0.487305 0.129883 0.00150585
3 0.560059 0.802246 0.858398 0.395508 0.00164795
8 0.30127 0.207031 0.0126953 0.0117188 0.00174236
3 0.571289 0.324219 0.123047 0.111328 0.00177574
3 0.603516 0.586426 0.496094 0.102539 0.00194836
11 0.720215 0.144043 0.194336 0.0400391 0.0021801
13 0.303223 0.481934 0.151367 0.106445 0.00274467
7 0.328613 0.475586 0.110352 0.115234 0.00319099
11 0.741699 0.140625 0.0947266 0.0351562 0.00365829
11 0.332031 0.135254 0.185547 0.0302734 0.00367546
9 0.227051 0.593262 0.352539 0.12207 0.00491333
6 0.303223 0.481934 0.151367 0.106445 0.0049324
11 0.261719 0.13916 0.0820312 0.0439453 0.00506592
11 0.394531 0.147949 0.0878906 0.0361328 0.00527573
11 0.625488 0.143555 0.0830078 0.0332031 0.00636292
11 0.683105 0.13623 0.161133 0.0244141 0.00736618
5 0.265137 0.398926 0.239258 0.293945 0.00791931
5 0.785645 0.404785 0.211914 0.360352 0.00835419
5 0.277344 0.480957 0.191406 0.112305 0.00860596
11 0.363281 0.139648 0.105469 0.0273438 0.0105362
0 0.524414 0.342773 0.216797 0.150391 0.0105438
0 0.568848 0.319336 0.125977 0.107422 0.456787
3 0.585449 0.546387 0.469727 0.12207 0.616211
