13 0.631348 0.321289 0.0771484 0.078125 0.000100374
7 0.264648 0.538574 0.34375 0.301758 0.000100434
0 0.629883 0.430176 0.162109 0.280273 0.000100911
11 0.941895 0.71582 0.0322266 0.0625 0.000101328
0 0.124023 0.83252 0.146484 0.202148 0.000104189
10 0.254395 0.692871 0.350586 0.0810547 0.000105262
9 0.322754 0.453613 0.118164 0.0361328 0.000106692
9 0.32666 0.602051 0.174805 0.0830078 0.000111818
7 0.26709 0.625977 0.293945 0.0546875 0.000112116
12 0.272461 0.319824 0.380859 0.311523 0.000112832
0 0.733887 0.0180664 0.231445 0.0361328 0.000113189
13 0.345215 0.564941 0.116211 0.0634766 0.00011456
5 0.927246 0.123535 0.145508 0.233398 0.000115454
13 0.317871 0.608887 0.165039 0.0595703 0.000116169
5 0.806641 0.46582 0.103516 0.0917969 0.000116289
11 0.401367 0.174805 0.0605469 0.0175781 0.000116587
8 0.647461 0.452148 0.0820312 0.0800781 0.000117123
13 0.270996 0.474121 0.0556641 0.0244141 0.000117183
9 0.183105 0.635254 0.120117 0.0556641 0.000117302
11 0.702637 0.183594 0.0576172 0.0136719 0.000120282
13 0.307617 0.45459 0.0605469 0.0322266 0.000122309
5 0.854492 0.129883 0.291016 0.259766 0.000122905
13 0.21875 0.451172 0.0957031 0.0273438 0.000123024
9 0.508301 0.371582 0.0830078 0.18457 0.000124335
7 0.803223 0.56543 0.0712891 0.0527344 0.000125289
8 0.649414 0.251465 0.0195312 0.0126953 0.000125408
13 0.28418 0.433594 0.0878906 0.0332031 0.000125647
7 0.86377 0.64209 0.106445 0.0654297 0.000126362
3 0.246582 0.0986328 0.493164 0.197266 0.000126839
7 0.689941 0.550781 0.0888672 0.0820312 0.000127077
3 0.557617 0.533691 0.353516 0.319336 0.000128865
9 0.635254 0.274414 0.0458984 0.0390625 0.000129938
9 0.731445 0.0942383 0.208984 0.174805 0.000132561
3 0.241699 0.13623 0.479492 0.192383 0.000133038
13 0.878418 0.623535 0.0830078 0.0537109 0.000134945
13 0.83252 0.641113 0.0947266 0.0419922 0.000136971
8 0.852539 0.640625 0.0546875 0.0351562 0.00014019
11 0.740723 0.198242 0.0517578 0.0195312 0.000141382
9 0.290039 0.619141 0.160156 0.0488281 0.000141501
13 0.421387 0.59668 0.0634766 0.0410156 0.000141859
2 0.607422 0.344238 0.144531 0.12793 0.000142455
3 0.567383 0.575684 0.357422 0.131836 0.000142574
13 0.321289 0.266113 0.046875 0.0244141 0.000143528
5 0.821289 0.467285 0.169922 0.256836 0.000143886
9 0.687012 0.580566 0.329102 0.165039 0.00014472
10 0.781738 0.608398 0.176758 0.0976562 0.000145197
1 0.781738 0.608398 0.176758 0.0976562 0.000149846
8 0.314453 0.59668 0.00976562 0.0117188 0.000154614
9 0.490723 0.510742 0.172852 0.427734 0.000155807
0 0.589355 0.30957 0.155273 0.146484 0.000157356
5 0.777832 0.610352 0.202148 0.101562 0.000158191
9 0.532227 0.236816 0.0351562 0.0361328 0.000158668
5 0.302734 0.444336 0.203125 0.195312 0.000159025
8 0.803711 0.56543 0.0722656 0.0527344 0.000163436
9 0.86377 0.64209 0.106445 0.0654297 0.00016439
12 0.351562 0.260742 0.246094 0.1875 0.000165701
11 0.372559 0.586426 0.0830078 0.0400391 0.000168681
13 0.303223 0.561035 0.194336 0.0927734 0.000169396
13 0.833984 0.46875 0.078125 0.0253906 0.000169992
11 0.776855 0.208496 0.0537109 0.0361328 0.000172377
9 0.270508 0.589355 0.298828 0.129883 0.000173807
0 0.709961 0.0107422 0.121094 0.015625 0.000179052
13 0.293945 0.540039 0.130859 0.0371094 0.000181675
9 0.319824 0.582031 0.141602 0.0546875 0.000181794
9 0.794434 0.678711 0.313477 0.09375 0.000185251
13 0.24707 0.45166 0.111328 0.0361328 0.000186682
9 0.272461 0.319824 0.380859 0.311523 0.000187635
11 0.811523 0.234375 0.0703125 0.0566406 0.000194192
13 0.311523 0.578125 0.101562 0.046875 0.000199437
13 0.300293 0.45752 0.170898 0.12207 0.000199914
8 0.595703 0.617676 0.462891 0.108398 0.000200987
6 0.595703 0.617676 0.462891 0.108398 0.000200987
4 0.595703 0.617676 0.462891 0.108398 0.000200987
10 0.929199 0.6875 0.0478516 0.0820312 0.000201464
11 0.474121 0.181641 0.0439453 0.0273438 0.00020206
9 0.619629 0.209961 0.0458984 0.0351562 0.000205994
7 0.716797 0.576172 0.169922 0.136719 0.000209689
9 0.657227 0.533203 0.0898438 0.0371094 0.00021112
8 0.331543 0.505859 0.0126953 0.0117188 0.000212073
9 0.47998 0.362793 0.118164 0.270508 0.000213385
9 0.306641 0.4375 0.246094 0.162109 0.000213742
2 0.63623 0.310547 0.0380859 0.0273438 0.000215173
13 0.334961 0.412598 0.193359 0.114258 0.000215769
13 0.643555 0.527344 0.0703125 0.0214844 0.000228047
11 0.719727 0.20166 0.160156 0.0498047 0.000228167
8 0.780762 0.608398 0.166992 0.09375 0.000231624
0 0.613281 0.306641 0.111328 0.0703125 0.000233173
7 0.319824 0.582031 0.141602 0.0546875 0.000233531
9 0.823242 0.505859 0.201172 0.308594 0.000234842
7 0.371582 0.591309 0.0849609 0.0439453 0.00023675
7 0.308105 0.446777 0.22168 0.227539 0.000237226
13 0.858398 0.644043 0.0488281 0.0322266 0.000238061
13 0.33252 0.527344 0.0791016 0.0390625 0.000238776
11 0.793457 0.219727 0.0751953 0.0546875 0.000238895
8 0.368164 0.961426 0.0605469 0.0595703 0.000239253
7 0.595703 0.617676 0.462891 0.108398 0.000240445
6 0.61377 0.341797 0.12207 0.117188 0.000240564
7 0.799316 0.546387 0.202148 0.21582 0.000243187
11 0.781738 0.608398 0.176758 0.0976562 0.000243306
2 0.377441 0.585938 0.0888672 0.0429688 0.000244379
13 0.709473 0.353516 0.0537109 0.078125 0.000247478
9 0.734863 0.584961 0.0908203 0.0546875 0.000252485
8 0.402832 0.356445 0.0205078 0.0136719 0.000254869
9 0.934082 0.160645 0.131836 0.157227 0.000254869
13 0.385742 0.307129 0.0839844 0.0927734 0.000261307
13 0.595703 0.617676 0.462891 0.108398 0.000268221
13 0.34375 0.518555 0.0644531 0.0273438 0.000268698
9 0.289062 0.446289 0.119141 0.0546875 0.00027132
1 0.595703 0.617676 0.462891 0.108398 0.000274658
11 0.41748 0.187012 0.131836 0.0595703 0.000275373
7 0.872559 0.56543 0.0283203 0.0214844 0.000277519
7 0.264648 0.435547 0.111328 0.0644531 0.000284672
11 0.333984 0.194336 0.111328 0.0605469 0.000288248
9 0.872559 0.56543 0.0283203 0.0214844 0.000288963
8 0.438965 0.869629 0.0283203 0.0205078 0.000291348
12 0.595703 0.617676 0.462891 0.108398 0.000294685
3 0.853516 0.123535 0.292969 0.229492 0.000300407
11 0.657227 0.194336 0.0722656 0.0253906 0.000300646
2 0.595703 0.617676 0.462891 0.108398 0.000303984
9 0.301758 0.438477 0.169922 0.0976562 0.000327349
7 0.647461 0.452148 0.0820312 0.0800781 0.000330448
13 0.149902 0.588379 0.0458984 0.0458984 0.000335693
7 0.248047 0.652344 0.335938 0.107422 0.000337601
4 0.782715 0.608887 0.174805 0.0947266 0.000338793
13 0.408203 0.417969 0.0390625 0.0234375 0.000341654
11 0.370605 0.176758 0.0810547 0.0292969 0.000345707
9 0.44873 0.469727 0.118164 0.232422 0.00034833
11 0.629395 0.208008 0.0634766 0.0332031 0.000357628
11 0.595703 0.617676 0.462891 0.108398 0.000358105
5 0.61377 0.341797 0.12207 0.117188 0.000358105
13 0.845215 0.472656 0.0478516 0.0175781 0.000359774
13 0.709473 0.288086 0.0283203 0.0410156 0.000371933
7 0.4375 0.477539 0.0742188 0.126953 0.000374079
7 0.61377 0.341797 0.12207 0.117188 0.000375509
12 0.61377 0.341797 0.12207 0.117188 0.000381231
8 0.706543 0.0742188 0.12207 0.142578 0.000384569
11 0.428223 0.178711 0.0537109 0.0214844 0.000384808
9 0.689453 0.551758 0.0898438 0.0703125 0.000391006
11 0.396973 0.169434 0.106445 0.0224609 0.000399351
4 0.61377 0.341797 0.12207 0.117188 0.00040102
8 0.246094 0.39502 0.0117188 0.0107422 0.000417233
5 0.800293 0.458984 0.268555 0.421875 0.000418901
9 0.550293 0.536621 0.327148 0.311523 0.000431776
5 0.599609 0.616699 0.478516 0.108398 0.000444889
9 0.854492 0.129883 0.291016 0.259766 0.000470161
5 0.310547 0.444824 0.130859 0.0556641 0.000481367
11 0.662598 0.199707 0.112305 0.0341797 0.000482559
10 0.595703 0.617676 0.462891 0.108398 0.000500679
13 0.313965 0.271973 0.0517578 0.0439453 0.000505447
6 0.310547 0.444824 0.130859 0.0556641 0.0005126
13 0.61377 0.341797 0.12207 0.117188 0.000531197
9 0.26709 0.625977 0.293945 0.0546875 0.000540733
0 0.59082 0.621094 0.441406 0.105469 0.000558853
11 0.73291 0.190918 0.0927734 0.0283203 0.000562191
11 0.430664 0.171387 0.0761719 0.0224609 0.000562668
8 0.706055 0.463867 0.0253906 0.0175781 0.000566959
1 0.61377 0.341797 0.12207 0.117188 0.000576496
6 0.782715 0.608887 0.174805 0.0947266 0.000593185
11 0.681152 0.185547 0.0595703 0.0136719 0.000599384
9 0.264648 0.538574 0.34375 0.301758 0.00060606
11 0.705078 0.191406 0.0703125 0.0175781 0.000607967
9 0.83252 0.626953 0.12207 0.0664062 0.000609398
11 0.61377 0.341797 0.12207 0.117188 0.000613689
13 0.391602 0.579102 0.0585938 0.0253906 0.000617504
13 0.406738 0.585449 0.0830078 0.0322266 0.000619888
9 0.436523 0.48291 0.0761719 0.12207 0.000619888
9 0.852539 0.637695 0.0683594 0.0429688 0.000631332
7 0.310547 0.444824 0.130859 0.0556641 0.000634193
8 0.616211 0.341797 0.117188 0.115234 0.000651836
0 0.61084 0.326172 0.0791016 0.0742188 0.000674248
2 0.644531 0.316406 0.0429688 0.0429688 0.000675201
13 0.334961 0.590332 0.144531 0.0498047 0.000676632
13 0.324219 0.44873 0.0703125 0.0302734 0.000677109
7 0.706543 0.0751953 0.12207 0.144531 0.000692368
0 0.611816 0.395508 0.114258 0.177734 0.000701904
3 0.222656 0.059082 0.445312 0.116211 0.000703812
9 0.711914 0.582031 0.164062 0.142578 0.00070858
13 0.306641 0.440918 0.0722656 0.0439453 0.000722408
8 0.422852 0.384277 0.015625 0.0166016 0.000726223
10 0.936523 0.706055 0.0390625 0.0644531 0.000761509
5 0.301758 0.438477 0.169922 0.0976562 0.000773907
9 0.334473 0.44043 0.15332 0.0527344 0.000776291
9 0.647461 0.453125 0.0820312 0.0898438 0.000778675
13 0.708984 0.350586 0.125 0.150391 0.00079155
9 0.599609 0.616699 0.478516 0.108398 0.000792503
2 0.64502 0.313965 0.0263672 0.0244141 0.000818729
10 0.234375 0.658203 0.316406 0.101562 0.000831127
0 0.695801 0.0561523 0.166992 0.100586 0.000833988
13 0.817871 0.624023 0.129883 0.0703125 0.000885487
11 0.378906 0.182129 0.136719 0.0380859 0.00090456
13 0.334473 0.430176 0.165039 0.0576172 0.000927448
6 0.301758 0.438477 0.169922 0.0976562 0.000945568
13 0.396973 0.304688 0.0439453 0.0683594 0.00103855
11 0.440918 0.180664 0.104492 0.03125 0.00103855
9 0.520508 0.320312 0.15625 0.263672 0.00105095
7 0.83252 0.626953 0.12207 0.0664062 0.00106907
13 0.367676 0.583008 0.0986328 0.0761719 0.0011034
10 0.61377 0.341797 0.12207 0.117188 0.00116253
13 0.713379 0.302246 0.0419922 0.0712891 0.00124359
11 0.93457 0.700684 0.0410156 0.0732422 0.00127697
7 0.301758 0.438477 0.169922 0.0976562 0.00133514
9 0.61377 0.341797 0.12207 0.117188 0.00133705
13 0.720703 0.327148 0.0722656 0.130859 0.00133991
7 0.852539 0.637695 0.0683594 0.0429688 0.00135899
11 0.752441 0.200195 0.0869141 0.03125 0.00139809
9 0.572266 0.358398 0.199219 0.169922 0.00154114
11 0.70166 0.185059 0.0986328 0.0185547 0.00161934
13 0.294434 0.44043 0.137695 0.0625 0.00165653
9 0.70752 0.0673828 0.125977 0.121094 0.00180054
3 0.591309 0.658203 0.495117 0.0976562 0.00183392
2 0.624512 0.32373 0.0986328 0.0830078 0.00195694
3 0.589355 0.644531 0.46582 0.257812 0.0019989
11 0.301758 0.211914 0.0625 0.0488281 0.00204468
0 0.638184 0.328613 0.0712891 0.0830078 0.00220871
13 0.858398 0.635254 0.0742188 0.0400391 0.00264931
3 0.61377 0.341797 0.12207 0.117188 0.00268173
9 0.377441 0.585938 0.0888672 0.0429688 0.00280952
8 0.872559 0.56543 0.0283203 0.0214844 0.00298691
9 0.524414 0.404785 0.203125 0.256836 0.00324249
13 0.778809 0.609863 0.163086 0.0947266 0.00324631
0 0.533691 0.416992 0.258789 0.212891 0.00339699
13 0.323242 0.448242 0.126953 0.0410156 0.00346184
9 0.248047 0.652344 0.335938 0.107422 0.00359726
9 0.781738 0.608398 0.176758 0.0976562 0.00426102
11 0.704102 0.195801 0.121094 0.0263672 0.00428391
11 0.679688 0.191406 0.0742188 0.0195312 0.00551987
7 0.781738 0.608398 0.176758 0.0976562 0.00666428
0 0.572266 0.358398 0.199219 0.169922 0.00704575
11 0.408691 0.177246 0.112305 0.0263672 0.0108566
13 0.377441 0.585449 0.0888672 0.0400391 0.0157471
3 0.597168 0.617676 0.477539 0.100586 0.4021
0 0.612793 0.340332 0.120117 0.110352 0.584473
