2 0.6875 0.490234 0.0117188 0.0117188 0.000100613
7 0.445801 0.35791 0.114258 0.334961 0.000100791
9 0.386719 0.52832 0.0605469 0.125 0.000101209
7 0.376953 0.176758 0.142578 0.0371094 0.00010252
2 0.472168 0.42627 0.151367 0.547852 0.00010252
10 0.878418 0.868164 0.0654297 0.0722656 0.000102878
8 0.349609 0.658691 0.0449219 0.0302734 0.000103354
8 0.443359 0.978516 0.0507812 0.0410156 0.000103831
3 0.959961 0.931641 0.0800781 0.117188 0.000106096
11 0.674805 0.194336 0.0488281 0.0136719 0.000106812
9 0.380371 0.10791 0.0146484 0.0107422 0.000107408
3 0.5625 0.966309 0.480469 0.0673828 0.000108004
11 0.73584 0.217773 0.0517578 0.0410156 0.000108242
1 0.376953 0.174316 0.140625 0.0361328 0.000108361
9 0.488281 0.890625 0.199219 0.214844 0.000108719
5 0.265137 0.440918 0.200195 0.209961 0.000108778
13 0.599121 0.386719 0.0146484 0.0117188 0.000109076
9 0.513184 0.495605 0.166992 0.370117 0.000110447
9 0.484375 0.75 0.0332031 0.03125 0.000112116
3 0.924805 0.830078 0.150391 0.244141 0.000113368
12 0.629395 0.199707 0.110352 0.0283203 0.000113726
9 0.465332 0.507812 0.139648 0.199219 0.000115156
13 0.706543 0.458984 0.12207 0.0722656 0.000115514
11 0.413086 0.20166 0.0996094 0.106445 0.000115633
9 0.629395 0.199707 0.110352 0.0283203 0.000115931
8 0.646973 0.580566 0.0478516 0.0439453 0.000115931
9 0.512695 0.0839844 0.0722656 0.0449219 0.000116527
7 0.677734 0.788574 0.046875 0.0361328 0.000116944
8 0.618164 0.0336914 0.0800781 0.0673828 0.000118256
9 0.926758 0.914551 0.144531 0.161133 0.000119686
7 0.491699 0.216309 0.168945 0.401367 0.000120103
5 0.77832 0.549805 0.183594 0.388672 0.000121474
13 0.304199 0.334473 0.118164 0.180664 0.000121891
8 0.484375 0.75 0.0332031 0.03125 0.000122309
8 0.599121 0.386719 0.0146484 0.0117188 0.000122428
11 0.994629 0.169922 0.0107422 0.0253906 0.000122547
13 0.75293 0.56543 0.0820312 0.0371094 0.000122786
8 0.648438 0.274902 0.0136719 0.0126953 0.000124335
9 0.267578 0.859863 0.408203 0.241211 0.000126839
11 0.382812 0.191895 0.115234 0.0517578 0.000128269
9 0.449707 0.315918 0.0908203 0.166992 0.000128508
11 0.608398 0.0107422 0.0917969 0.0214844 0.000131249
13 0.271973 0.33252 0.0771484 0.0791016 0.000132799
11 0.602539 0.196289 0.109375 0.046875 0.000133276
11 0.413574 0.160645 0.0791016 0.0244141 0.000136018
8 0.572754 0.459961 0.0341797 0.0253906 0.000136495
9 0.597168 0.12793 0.303711 0.255859 0.00013721
10 0.472168 0.42627 0.151367 0.547852 0.000137448
0 0.520508 0.399902 0.152344 0.266602 0.000139832
8 0.372559 0.410645 0.0244141 0.0185547 0.000140309
2 0.599121 0.386719 0.0146484 0.0117188 0.000145912
5 0.279297 0.368652 0.109375 0.139648 0.000146389
9 0.899414 0.202148 0.0605469 0.046875 0.000147223
8 0.388184 0.648438 0.0205078 0.015625 0.000149727
5 0.221191 0.64209 0.297852 0.418945 0.00015223
11 0.396973 0.164062 0.12207 0.0449219 0.000152826
2 0.568848 0.465332 0.0439453 0.0400391 0.000153303
9 0.499023 0.145508 0.0332031 0.0273438 0.000153422
2 0.604492 0.0458984 0.0351562 0.03125 0.000154972
8 0.84082 0.772949 0.00976562 0.0107422 0.000155449
13 0.262695 0.353516 0.0644531 0.0605469 0.000155568
3 0.48584 0.491211 0.192383 0.5625 0.000156283
11 0.636719 0.184082 0.0585938 0.0146484 0.000157118
9 0.226074 0.785156 0.293945 0.117188 0.00015831
9 0.253906 0.493164 0.296875 0.458984 0.000159264
5 0.191406 0.593262 0.154297 0.161133 0.000161767
8 0.571777 0.520508 0.0341797 0.0273438 0.000164032
8 0.272461 0.603516 0.00976562 0.0078125 0.000164986
9 0.222168 0.553711 0.176758 0.210938 0.000165462
9 0.592773 0.0341797 0.0878906 0.0683594 0.000168681
13 0.621094 0.202148 0.107422 0.0292969 0.000169396
11 0.600098 0.234375 0.110352 0.115234 0.000172496
12 0.491699 0.411621 0.194336 0.53418 0.00017345
7 0.388184 0.545898 0.0439453 0.0332031 0.000174642
11 0.878418 0.868164 0.0654297 0.0722656 0.000175953
7 0.472168 0.42627 0.151367 0.547852 0.000176311
8 0.366699 0.70459 0.0302734 0.0244141 0.000177383
13 0.308105 0.400391 0.110352 0.0957031 0.000180125
8 0.574707 0.463867 0.0498047 0.0429688 0.000185609
8 0.820312 0.730469 0.0117188 0.00976562 0.000186443
9 0.779785 0.566895 0.0244141 0.0166016 0.000193477
9 0.577148 0.0200195 0.148438 0.0400391 0.00019598
13 0.310059 0.428711 0.120117 0.0585938 0.000196576
0 0.682129 0.00830078 0.114258 0.0166016 0.000197291
1 0.629395 0.199707 0.110352 0.0283203 0.000199199
8 0.693359 0.611328 0.015625 0.0136719 0.000199556
8 0.626953 0.655762 0.0234375 0.0205078 0.000200033
9 0.604492 0.0458984 0.0351562 0.03125 0.000202298
11 0.626465 0.211426 0.0751953 0.0361328 0.000202537
11 0.655762 0.0556641 0.168945 0.103516 0.000206709
11 0.413574 0.168945 0.0517578 0.0234375 0.000207424
13 0.26416 0.415527 0.12207 0.0537109 0.000210643
7 0.629395 0.199707 0.110352 0.0283203 0.000214577
7 0.779785 0.566895 0.0244141 0.0166016 0.00021708
0 0.683105 0.0180664 0.118164 0.0361328 0.000218749
8 0.402832 0.540527 0.0126953 0.00878906 0.000219703
11 0.632812 0.0151367 0.0742188 0.0302734 0.000223041
8 0.728027 0.619141 0.0185547 0.0175781 0.000223756
9 0.571777 0.465332 0.0478516 0.0419922 0.00024581
11 0.630371 0.192383 0.0595703 0.0175781 0.000247478
13 0.723633 0.473145 0.0566406 0.0341797 0.000247717
9 0.515625 0.222168 0.146484 0.311523 0.000248432
8 0.736816 0.39209 0.0126953 0.00878906 0.000249624
9 0.47998 0.270508 0.12207 0.263672 0.000252962
9 0.442383 0.230957 0.105469 0.256836 0.000256538
8 0.401367 0.615234 0.0371094 0.03125 0.00025773
11 0.421875 0.190918 0.0722656 0.0634766 0.000260115
13 0.286133 0.383301 0.167969 0.227539 0.000260592
0 0.0556641 0.931641 0.105469 0.136719 0.000283003
8 0.344727 0.67627 0.0078125 0.00878906 0.000289202
8 0.67334 0.540039 0.0126953 0.00976562 0.000289679
11 0.647461 0.199219 0.142578 0.0605469 0.000291586
13 0.351562 0.445312 0.0664062 0.0664062 0.000294924
8 0.31543 0.52832 0.015625 0.0136719 0.000296354
2 0.677734 0.788574 0.046875 0.0361328 0.000298023
5 0.253906 0.493164 0.296875 0.458984 0.000311613
2 0.487793 0.811035 0.0380859 0.0419922 0.000314951
11 0.394531 0.172363 0.0761719 0.0244141 0.000317097
8 0.549805 0.979004 0.0527344 0.0380859 0.000326633
8 0.347168 0.674316 0.0126953 0.0107422 0.000329018
8 0.346191 0.714844 0.0107422 0.00976562 0.000329971
9 0.514648 0.365723 0.160156 0.27832 0.00034523
13 0.742676 0.46875 0.0712891 0.0273438 0.00034833
0 0.476562 0.453613 0.175781 0.540039 0.000361443
9 0.676758 0.786621 0.0996094 0.0556641 0.000369072
11 0.304688 0.183105 0.0800781 0.0439453 0.000372171
5 0.484375 0.45166 0.181641 0.551758 0.000373602
9 0.529297 0.134766 0.0859375 0.107422 0.000376463
0 0.662598 0.0307617 0.147461 0.0576172 0.000377417
8 0.765625 0.653809 0.00976562 0.00878906 0.000406027
13 0.618164 0.0336914 0.0800781 0.0673828 0.000406027
9 0.437988 0.438477 0.133789 0.384766 0.000415087
11 0.383301 0.165527 0.118164 0.0244141 0.000420094
11 0.34375 0.172363 0.0605469 0.0224609 0.000432968
9 0.488281 0.409668 0.28125 0.668945 0.00043416
13 0.693359 0.636719 0.0488281 0.015625 0.000469923
13 0.281738 0.324707 0.0419922 0.0576172 0.000485182
9 0.542969 0.0307617 0.130859 0.0595703 0.000487089
2 0.388672 0.544434 0.046875 0.0361328 0.000504971
9 0.541016 0.382812 0.134766 0.103516 0.00051403
8 0.67334 0.711426 0.0126953 0.0107422 0.000525951
13 0.371582 0.458008 0.0615234 0.046875 0.000542164
13 0.166992 0.487793 0.0625 0.0380859 0.000549793
11 0.65625 0.182617 0.0976562 0.03125 0.000560284
11 0.369629 0.172363 0.0751953 0.0205078 0.000572205
13 0.722656 0.471191 0.103516 0.0419922 0.000579357
13 0.768066 0.567383 0.0576172 0.0253906 0.000592709
13 0.777832 0.568359 0.0283203 0.0175781 0.000638962
7 0.487793 0.811035 0.0380859 0.0419922 0.000640392
13 0.338379 0.426758 0.0478516 0.046875 0.000679016
8 0.696777 0.613281 0.0205078 0.0234375 0.000713825
13 0.291016 0.420898 0.0957031 0.0351562 0.000719547
9 0.520996 0.150391 0.106445 0.232422 0.000732422
9 0.666992 0.0698242 0.150391 0.131836 0.000752449
11 0.668457 0.194336 0.0908203 0.0175781 0.000770569
11 0.352051 0.180176 0.188477 0.0498047 0.000804424
11 0.621094 0.0336914 0.0761719 0.0673828 0.00084734
13 0.276855 0.368652 0.12793 0.129883 0.000849724
9 0.388672 0.544434 0.046875 0.0361328 0.000874996
11 0.599609 0.203125 0.0761719 0.0214844 0.000882626
9 0.481934 0.604004 0.174805 0.463867 0.000926495
9 0.623535 0.0336914 0.0732422 0.0673828 0.000934124
11 0.0859375 0.848145 0.0390625 0.0498047 0.00107956
10 0.0859375 0.848145 0.0390625 0.0498047 0.00110626
0 0.959961 0.931641 0.0800781 0.117188 0.00112534
2 0.619629 0.0356445 0.0751953 0.0712891 0.0011673
13 0.29248 0.348633 0.0576172 0.0996094 0.00124836
5 0.22168 0.546387 0.1875 0.229492 0.00134182
8 0.6875 0.490234 0.0136719 0.0117188 0.00138855
11 0.334961 0.176758 0.115234 0.03125 0.00144768
8 0.678223 0.788574 0.0458984 0.0322266 0.00145721
11 0.668945 0.205078 0.146484 0.0332031 0.00157928
9 0.55957 0.0517578 0.181641 0.0976562 0.00180626
11 0.623535 0.202148 0.0615234 0.0214844 0.00194645
11 0.410156 0.17334 0.0820312 0.0400391 0.00196648
10 0.87793 0.865234 0.0390625 0.0488281 0.0019722
9 0.458496 0.339844 0.118164 0.291016 0.00197983
11 0.288574 0.191406 0.0556641 0.0410156 0.00199318
8 0.77832 0.565918 0.0273438 0.0185547 0.00205803
11 0.87793 0.865234 0.0390625 0.0488281 0.00211143
8 0.388184 0.545898 0.0439453 0.0332031 0.00247574
11 0.631836 0.188477 0.115234 0.03125 0.00270653
9 0.676758 0.788574 0.046875 0.0361328 0.00297546
11 0.660645 0.195312 0.12207 0.03125 0.00340652
9 0.487305 0.811035 0.0390625 0.0380859 0.00473785
11 0.615234 0.212402 0.121094 0.0537109 0.00517273
9 0.544922 0.102539 0.169922 0.205078 0.00574875
9 0.48877 0.257324 0.168945 0.514648 0.0102844
0 0.669922 0.0693359 0.154297 0.128906 0.011116
8 0.486816 0.811035 0.0400391 0.0400391 0.0112915
0 0.553223 0.384766 0.102539 0.0820312 0.0136337
11 0.376953 0.174316 0.136719 0.0302734 0.0294189
9 0.472168 0.42627 0.151367 0.547852 0.0594788
11 0.626465 0.200684 0.112305 0.0283203 0.0777588
