13 0.162109 0.570801 0.101562 0.0439453 0.000186324
13 0.691406 0.195801 0.0351562 0.0380859 0.00018692
6 0.57373 0.352539 0.12207 0.113281 0.000187635
13 0.269531 0.468262 0.0898438 0.0712891 0.000187874
13 0.101562 0.630371 0.078125 0.110352 0.000188231
13 0.179199 0.689941 0.245117 0.194336 0.000188947
7 0.215332 0.40918 0.0283203 0.0195312 0.000189185
9 0.413086 0.188965 0.0449219 0.0458984 0.000190139
7 0.302246 0.52002 0.192383 0.124023 0.000190616
5 0.504883 0.37207 0.257812 0.154297 0.000191092
9 0.258789 0.490723 0.0800781 0.0654297 0.000193477
13 0.15625 0.366699 0.03125 0.0322266 0.000193715
13 0.348145 0.472168 0.165039 0.161133 0.000194073
8 0.247559 0.489746 0.145508 0.0849609 0.000195503
7 0.145508 0.374512 0.0546875 0.0517578 0.000195622
10 0.244141 0.980469 0.337891 0.0390625 0.000202298
9 0.34668 0.466309 0.181641 0.260742 0.000205994
13 0.504883 0.37207 0.257812 0.154297 0.00020659
8 0.308105 0.287598 0.0166016 0.0166016 0.000209212
11 0.88916 0.718262 0.149414 0.141602 0.000210524
12 0.167969 0.660645 0.214844 0.176758 0.000211954
2 0.11377 0.663574 0.112305 0.161133 0.000213146
7 0.683594 0.5625 0.113281 0.0996094 0.0002141
10 0.867676 0.669434 0.106445 0.0537109 0.000214458
11 0.419922 0.160645 0.078125 0.0498047 0.000214458
12 0.504883 0.37207 0.257812 0.154297 0.000214934
10 0.106445 0.629395 0.0644531 0.0908203 0.000216842
1 0.504883 0.37207 0.257812 0.154297 0.00023222
9 0.827637 0.755371 0.254883 0.198242 0.000233293
9 0.496582 0.590332 0.34082 0.293945 0.000234127
9 0.245605 0.529785 0.0791016 0.0556641 0.000234842
4 0.11377 0.663574 0.112305 0.161133 0.000235915
0 0.453125 0.31543 0.169922 0.248047 0.000236273
7 0.251953 0.522949 0.0839844 0.0576172 0.000239491
10 0.134277 0.643555 0.124023 0.126953 0.000239849
11 0.504883 0.37207 0.257812 0.154297 0.000240684
8 0.185059 0.503418 0.0341797 0.0283203 0.00024724
8 0.180176 0.529297 0.0205078 0.015625 0.000252485
2 0.256836 0.47998 0.046875 0.0341797 0.000254393
9 0.669434 0.675781 0.43457 0.105469 0.000255585
8 0.158691 0.360352 0.0224609 0.0195312 0.000257492
3 0.577148 0.567871 0.447266 0.264648 0.000258684
11 0.367676 0.144043 0.0712891 0.0185547 0.000258923
12 0.252441 0.483887 0.295898 0.323242 0.000260353
11 0.924316 0.702148 0.0712891 0.0996094 0.000261784
11 0.276367 0.174805 0.0859375 0.0488281 0.000263453
7 0.843262 0.664551 0.102539 0.0498047 0.000264406
9 0.225586 0.750488 0.335938 0.227539 0.000265837
5 0.251465 0.484863 0.0849609 0.0576172 0.000266314
13 0.681152 0.562988 0.102539 0.0732422 0.000266314
7 0.504883 0.37207 0.257812 0.154297 0.000269175
2 0.189941 0.585938 0.22168 0.160156 0.00026989
13 0.868652 0.669922 0.108398 0.0488281 0.000271082
12 0.824707 0.693848 0.239258 0.104492 0.000273466
3 0.590332 0.723145 0.518555 0.196289 0.000275135
5 0.245117 0.45459 0.267578 0.206055 0.000278711
4 0.57373 0.352539 0.12207 0.113281 0.000279427
8 0.341797 0.283203 0.0175781 0.015625 0.000281096
11 0.278809 0.628906 0.37207 0.240234 0.000281811
7 0.25293 0.589844 0.183594 0.117188 0.00028491
7 0.150879 0.567383 0.147461 0.101562 0.00028801
4 0.270996 0.466309 0.180664 0.133789 0.000288248
7 0.57373 0.352539 0.12207 0.113281 0.000299692
13 0.334473 0.469238 0.0712891 0.0458984 0.000306845
13 0.11377 0.663574 0.112305 0.161133 0.00030756
8 0.730957 0.504883 0.0322266 0.0253906 0.000308037
7 0.262695 0.46875 0.0761719 0.0566406 0.000313282
0 0.615234 0.442871 0.113281 0.104492 0.000315666
4 0.172363 0.685547 0.227539 0.152344 0.000317335
6 0.124023 0.60791 0.121094 0.188477 0.000319004
3 0.106934 0.67627 0.0947266 0.133789 0.000319004
9 0.181152 0.600586 0.21582 0.15625 0.000324965
4 0.257324 0.492188 0.104492 0.0761719 0.000326633
12 0.57373 0.352539 0.12207 0.113281 0.000327826
1 0.268555 0.492188 0.292969 0.21875 0.000333548
10 0.505371 0.376953 0.254883 0.158203 0.000338793
8 0.639648 0.370605 0.0136719 0.0126953 0.000340223
11 0.722168 0.169434 0.0517578 0.0322266 0.000340939
5 0.246582 0.49707 0.192383 0.140625 0.000342607
9 0.681641 0.558105 0.115234 0.100586 0.000347614
7 0.411133 0.189941 0.0351562 0.0322266 0.000348091
13 0.810547 0.668945 0.232422 0.0664062 0.00034833
1 0.256836 0.47998 0.0507812 0.0361328 0.000351429
9 0.40625 0.640137 0.171875 0.204102 0.000355244
9 0.571289 0.629883 0.486328 0.164062 0.000357151
13 0.277832 0.469727 0.15332 0.107422 0.000357389
8 0.268555 0.492676 0.265625 0.217773 0.000357866
8 0.240723 0.533691 0.0615234 0.0439453 0.000361919
13 0.57373 0.352539 0.12207 0.113281 0.000364304
11 0.335938 0.00878906 0.0488281 0.0175781 0.000366926
5 0.57373 0.352539 0.12207 0.113281 0.000370026
13 0.24707 0.53125 0.0507812 0.0410156 0.000375748
1 0.185547 0.583984 0.214844 0.146484 0.000377893
2 0.504883 0.37207 0.257812 0.154297 0.000385523
13 0.256348 0.539551 0.116211 0.0478516 0.000395536
9 0.157715 0.364258 0.0283203 0.0253906 0.000397682
1 0.57373 0.352539 0.12207 0.113281 0.000414371
10 0.9375 0.723633 0.0390625 0.0566406 0.000432253
1 0.881348 0.696289 0.133789 0.103516 0.000432491
5 0.214844 0.580566 0.277344 0.149414 0.000435591
7 0.194336 0.475098 0.212891 0.21582 0.000436783
9 0.254883 0.536133 0.0390625 0.03125 0.000444174
6 0.884766 0.697266 0.132812 0.107422 0.000448942
0 0.596191 0.385254 0.250977 0.204102 0.000450611
7 0.15625 0.366699 0.03125 0.0322266 0.000452042
11 0.850586 0.689941 0.197266 0.0947266 0.000453711
8 0.504883 0.37207 0.257812 0.154297 0.000453949
12 0.876465 0.683105 0.125977 0.0810547 0.000454664
9 0.327637 0.117188 0.0126953 0.0136719 0.000456572
9 0.249023 0.53418 0.152344 0.0878906 0.000464678
9 0.358887 0.555664 0.174805 0.216797 0.00046587
7 0.0966797 0.634766 0.0742188 0.117188 0.000473499
12 0.242676 0.691406 0.368164 0.207031 0.000474215
9 0.270996 0.466309 0.180664 0.133789 0.000477552
7 0.246094 0.718262 0.363281 0.178711 0.000479221
9 0.127441 0.112305 0.0673828 0.0449219 0.000479937
9 0.300293 0.697754 0.323242 0.133789 0.000482082
4 0.251465 0.539062 0.0732422 0.03125 0.000484467
11 0.697754 0.163086 0.0771484 0.0253906 0.000492096
8 0.411133 0.189941 0.0332031 0.0263672 0.000494003
7 0.829102 0.696777 0.251953 0.125977 0.000502586
11 0.687988 0.182617 0.0654297 0.0390625 0.000506878
9 0.433594 0.230469 0.0839844 0.1875 0.000510693
11 0.57373 0.352539 0.12207 0.113281 0.000515461
13 0.124023 0.60791 0.121094 0.188477 0.000517368
9 0.322266 0.0654297 0.046875 0.123047 0.000518322
7 0.334473 0.516113 0.209961 0.256836 0.00052166
9 0.769531 0.70459 0.392578 0.163086 0.000525951
4 0.124023 0.60791 0.121094 0.188477 0.000527382
11 0.0927734 0.54541 0.0527344 0.143555 0.00053072
6 0.24707 0.53125 0.0507812 0.0410156 0.000533581
10 0.0932617 0.567871 0.0595703 0.139648 0.000536919
10 0.239746 0.748047 0.360352 0.09375 0.000543118
10 0.156738 0.671875 0.307617 0.298828 0.000552177
9 0.90625 0.699219 0.103516 0.101562 0.000553131
8 0.15625 0.366699 0.03125 0.0322266 0.000561237
13 0.32666 0.229004 0.0537109 0.0380859 0.000564098
13 0.355469 0.328125 0.0507812 0.0742188 0.000564575
9 0.15332 0.37207 0.0371094 0.0332031 0.000565529
6 0.256348 0.539551 0.116211 0.0478516 0.00056982
9 0.880859 0.674316 0.0761719 0.0576172 0.000573158
4 0.881348 0.696289 0.133789 0.103516 0.000573635
11 0.9375 0.723633 0.0390625 0.0566406 0.000575542
9 0.76416 0.652344 0.327148 0.136719 0.000581741
11 0.85498 0.663574 0.0927734 0.0400391 0.000587463
2 0.880859 0.680176 0.121094 0.0732422 0.000597477
7 0.233398 0.498535 0.201172 0.118164 0.000604153
11 0.0786133 0.635742 0.0615234 0.107422 0.000617981
10 0.262695 0.960938 0.361328 0.078125 0.000631332
9 0.411621 0.54248 0.155273 0.288086 0.000632286
8 0.57373 0.352539 0.12207 0.113281 0.000638962
2 0.231934 0.637695 0.342773 0.265625 0.0006423
8 0.625488 0.438965 0.0966797 0.0927734 0.000645638
5 0.256836 0.480469 0.0527344 0.0390625 0.000650406
13 0.150879 0.568848 0.139648 0.0888672 0.000653744
0 0.595215 0.383301 0.118164 0.170898 0.000670433
7 0.84375 0.65918 0.181641 0.109375 0.000671864
9 0.124023 0.60791 0.121094 0.188477 0.000674725
0 0.493164 0.455078 0.240234 0.355469 0.000678539
13 0.883301 0.697754 0.133789 0.108398 0.000682354
1 0.124023 0.60791 0.121094 0.188477 0.000689983
9 0.11377 0.663574 0.112305 0.161133 0.000720024
9 0.767578 0.674316 0.1875 0.0615234 0.000730515
2 0.57373 0.352539 0.12207 0.113281 0.00074625
8 0.258789 0.490723 0.0800781 0.0654297 0.000749111
11 0.347656 0.144531 0.0507812 0.015625 0.000749111
10 0.57373 0.352539 0.12207 0.113281 0.000763893
7 0.102051 0.567871 0.0673828 0.139648 0.0007658
1 0.166016 0.687988 0.212891 0.165039 0.000785351
11 0.369141 0.155762 0.154297 0.0576172 0.000805378
8 0.875 0.678711 0.119141 0.0703125 0.000808239
9 0.411133 0.189941 0.0332031 0.0263672 0.000822544
11 0.938965 0.686035 0.0380859 0.110352 0.00083828
8 0.390137 0.601074 0.0205078 0.0205078 0.000855923
7 0.41748 0.243164 0.100586 0.212891 0.000861168
8 0.231934 0.637695 0.342773 0.265625 0.000863075
8 0.185059 0.585938 0.219727 0.164062 0.000872135
8 0.215332 0.40918 0.0283203 0.0195312 0.000880718
6 0.270508 0.466797 0.162109 0.132812 0.000887871
10 0.0830078 0.626953 0.0605469 0.115234 0.000889301
4 0.256348 0.539551 0.116211 0.0478516 0.00090456
9 0.428223 0.449707 0.12207 0.31543 0.000906467
11 0.386719 0.148926 0.0761719 0.0166016 0.000910282
1 0.11377 0.663574 0.112305 0.161133 0.000925541
10 0.0991211 0.688477 0.198242 0.207031 0.000942707
13 0.257324 0.492188 0.104492 0.0761719 0.000948906
8 0.208984 0.532227 0.0273438 0.0175781 0.000952721
11 0.0849609 0.690918 0.0742188 0.12207 0.000980377
3 0.504883 0.37207 0.257812 0.154297 0.000982285
0 0.224609 0.690918 0.335938 0.202148 0.000988007
0 0.594727 0.337402 0.0742188 0.0771484 0.000998497
13 0.260254 0.480957 0.290039 0.256836 0.00111389
8 0.258301 0.597168 0.254883 0.129883 0.00112629
4 0.181641 0.600098 0.214844 0.15918 0.00117302
9 0.57373 0.352539 0.12207 0.113281 0.00117683
10 0.250977 0.752441 0.369141 0.227539 0.00119305
10 0.282227 0.521484 0.306641 0.275391 0.00120068
7 0.625977 0.439453 0.0976562 0.09375 0.00126076
6 0.230957 0.641602 0.338867 0.238281 0.00127125
6 0.246094 0.508301 0.183594 0.106445 0.00128937
10 0.15332 0.712891 0.197266 0.142578 0.001297
9 0.84375 0.65918 0.181641 0.109375 0.00129986
9 0.332031 0.121582 0.0195312 0.0224609 0.00132465
5 0.251953 0.629395 0.363281 0.268555 0.00135136
9 0.172363 0.685547 0.227539 0.152344 0.00136662
11 0.185059 0.585938 0.219727 0.164062 0.00137424
13 0.231934 0.637695 0.342773 0.265625 0.00140285
0 0.253906 0.57666 0.326172 0.188477 0.0014143
10 0.883301 0.697754 0.133789 0.108398 0.00141621
7 0.11377 0.663574 0.112305 0.161133 0.0014534
6 0.257324 0.492188 0.104492 0.0761719 0.00148106
7 0.327637 0.228027 0.0556641 0.0419922 0.00149345
7 0.172363 0.685547 0.227539 0.152344 0.00157547
3 0.57373 0.352539 0.12207 0.113281 0.00160122
3 0.224609 0.690918 0.335938 0.202148 0.00161266
11 0.709961 0.171387 0.132812 0.0634766 0.00161743
9 0.254395 0.48291 0.282227 0.30957 0.00162983
13 0.259766 0.508789 0.195312 0.134766 0.00163555
4 0.25 0.541016 0.193359 0.117188 0.00165462
6 0.185059 0.58252 0.217773 0.143555 0.00166035
8 0.177734 0.505859 0.0234375 0.0175781 0.00166321
11 0.400391 0.155273 0.0996094 0.0273438 0.00169754
13 0.185059 0.585938 0.219727 0.164062 0.00170135
9 0.255371 0.479492 0.0458984 0.0371094 0.0017786
9 0.327637 0.228027 0.0556641 0.0419922 0.00181198
1 0.22998 0.640137 0.338867 0.241211 0.00190544
9 0.416016 0.354492 0.0859375 0.216797 0.00193977
7 0.416504 0.328613 0.0849609 0.245117 0.00194263
4 0.255371 0.649902 0.379883 0.192383 0.00197601
7 0.257324 0.492188 0.104492 0.0761719 0.00203133
10 0.0849609 0.690918 0.0742188 0.12207 0.0021286
11 0.394531 0.141602 0.111328 0.03125 0.00216103
9 0.625977 0.439453 0.0976562 0.09375 0.00217819
4 0.251953 0.495117 0.308594 0.279297 0.00218964
7 0.24707 0.53125 0.0507812 0.0410156 0.00222778
11 0.741211 0.179688 0.0839844 0.0527344 0.00223541
9 0.504883 0.37207 0.257812 0.154297 0.00239944
2 0.257324 0.549316 0.342773 0.21582 0.0025444
12 0.253906 0.57666 0.326172 0.188477 0.00274849
7 0.270996 0.466309 0.180664 0.133789 0.0027504
11 0.61084 0.158203 0.0947266 0.0292969 0.00282669
6 0.268555 0.492676 0.265625 0.217773 0.00285149
7 0.256348 0.539551 0.116211 0.0478516 0.00317001
3 0.253906 0.57666 0.326172 0.188477 0.00332451
9 0.878418 0.708496 0.15918 0.155273 0.00345802
11 0.875 0.678711 0.119141 0.0703125 0.00367546
11 0.124023 0.60791 0.121094 0.188477 0.00373077
9 0.255371 0.649902 0.379883 0.192383 0.00382042
11 0.257324 0.549316 0.342773 0.21582 0.00389481
9 0.439941 0.274414 0.135742 0.271484 0.00391006
7 0.873047 0.671875 0.111328 0.0585938 0.00392532
11 0.212402 0.679688 0.305664 0.171875 0.00397873
11 0.0932617 0.59375 0.0673828 0.164062 0.00424576
10 0.282715 0.640625 0.354492 0.207031 0.0043335
4 0.256836 0.47998 0.0507812 0.0361328 0.00455093
11 0.659668 0.155762 0.174805 0.0283203 0.00472641
13 0.256836 0.47998 0.0507812 0.0361328 0.00478745
7 0.124023 0.60791 0.121094 0.188477 0.00502396
7 0.181641 0.600098 0.214844 0.15918 0.00517654
11 0.295898 0.165527 0.0859375 0.0419922 0.00529861
7 0.25 0.541016 0.193359 0.117188 0.00532532
9 0.480957 0.489258 0.209961 0.417969 0.00573349
9 0.254883 0.57373 0.326172 0.176758 0.00603485
8 0.256348 0.539551 0.116211 0.0478516 0.00629044
9 0.854004 0.665527 0.0830078 0.0478516 0.00632858
6 0.256836 0.47998 0.0507812 0.0361328 0.00684738
10 0.10498 0.610352 0.0849609 0.175781 0.00801849
3 0.549805 0.623047 0.457031 0.125 0.00819397
8 0.24707 0.538086 0.179688 0.0917969 0.00822449
8 0.327148 0.228027 0.0566406 0.0400391 0.00892639
1 0.262207 0.563965 0.342773 0.192383 0.0101395
7 0.25293 0.483398 0.285156 0.304688 0.010643
5 0.258789 0.525391 0.339844 0.279297 0.0106659
9 0.814941 0.689941 0.276367 0.0966797 0.0114136
11 0.119141 0.679688 0.123047 0.134766 0.0115967
10 0.154297 0.634277 0.177734 0.208008 0.011734
8 0.258301 0.557129 0.348633 0.196289 0.0127335
8 0.254883 0.536133 0.0390625 0.03125 0.0133362
7 0.880859 0.695801 0.134766 0.104492 0.013443
11 0.685059 0.165039 0.143555 0.0371094 0.013443
7 0.255371 0.649902 0.379883 0.192383 0.0152283
3 0.583496 0.666016 0.491211 0.109375 0.016571
7 0.256836 0.479492 0.0507812 0.0371094 0.0200348
11 0.325195 0.158691 0.103516 0.0380859 0.0203552
8 0.255371 0.479492 0.0458984 0.0371094 0.0215759
10 0.238281 0.586426 0.324219 0.166992 0.0245819
11 0.375488 0.149414 0.12207 0.0253906 0.0257263
10 0.0961914 0.65625 0.0791016 0.105469 0.0262756
13 0.258301 0.557617 0.34082 0.197266 0.0279236
11 0.0981445 0.652832 0.0810547 0.110352 0.0297852
11 0.72168 0.169922 0.0917969 0.0410156 0.032135
11 0.34082 0.149414 0.0742188 0.0214844 0.0323792
9 0.876465 0.683105 0.125977 0.0810547 0.0515442
6 0.258301 0.564453 0.333008 0.191406 0.0632324
10 0.115723 0.681641 0.116211 0.15625 0.0722046
4 0.26123 0.577637 0.34082 0.174805 0.083313
0 0.504883 0.37207 0.257812 0.154297 0.0927734
10 0.223145 0.689453 0.329102 0.164062 0.203735
7 0.26123 0.577637 0.34082 0.174805 0.22168
0 0.573242 0.350098 0.119141 0.108398 0.382812
