7 0.604492 0.381836 0.0957031 0.119141 0.000112176
5 0.59082 0.49707 0.402344 0.416016 0.000112832
8 0.685547 0.451172 0.267578 0.458984 0.000113666
5 0.57666 0.312012 0.0986328 0.118164 0.000114918
10 0.806641 0.699219 0.0546875 0.0742188 0.000115871
8 0.32959 0.459473 0.223633 0.397461 0.000117362
2 0.605469 0.296875 0.0722656 0.0898438 0.000117421
2 0.496094 0.334961 0.0761719 0.103516 0.000117838
2 0.67334 0.416016 0.270508 0.484375 0.000118434
5 0.601562 0.391113 0.0742188 0.0634766 0.00011903
8 0.749512 0.501953 0.0166016 0.0136719 0.00011915
0 0.479004 0.274414 0.0732422 0.154297 0.000120997
7 0.374023 0.553711 0.0507812 0.0527344 0.000121355
9 0.300293 0.384277 0.114258 0.157227 0.000121474
8 0.620605 0.341309 0.200195 0.192383 0.000121891
8 0.687012 0.385254 0.0224609 0.0205078 0.000121951
11 0.786621 0.0922852 0.426758 0.172852 0.000122011
11 0.672363 0.179688 0.0576172 0.0390625 0.000123143
5 0.308594 0.623535 0.216797 0.237305 0.000123262
2 0.475098 0.29248 0.0322266 0.0341797 0.000124454
10 0.333984 0.453613 0.232422 0.40332 0.0001266
11 0.206055 0.711914 0.078125 0.0722656 0.000127196
2 0.724609 0.984375 0.0410156 0.0234375 0.000127196
11 0.615723 0.324707 0.186523 0.151367 0.00012815
11 0.590332 0.366211 0.106445 0.146484 0.000128627
9 0.291016 0.535156 0.15625 0.322266 0.000129104
8 0.632324 0.435059 0.0556641 0.0517578 0.0001297
2 0.32959 0.459473 0.223633 0.397461 0.000130415
9 0.475586 0.251465 0.101562 0.198242 0.000131011
0 0.763184 0.363281 0.0224609 0.0175781 0.000131249
2 0.473633 0.240723 0.0390625 0.0478516 0.000131369
11 0.650391 0.16748 0.0546875 0.0263672 0.00013268
9 0.570312 0.199707 0.0644531 0.114258 0.000132799
9 0.253906 0.166504 0.507812 0.291992 0.000133038
11 0.379883 0.166992 0.0585938 0.0273438 0.000133991
8 0.430176 0.551758 0.0107422 0.0117188 0.000134945
5 0.640137 0.34668 0.27832 0.226562 0.000136256
0 0.522461 0.294922 0.0957031 0.078125 0.000136733
9 0.282715 0.64502 0.0498047 0.0537109 0.000137925
7 0.314941 0.636719 0.135742 0.0585938 0.000138402
3 0.838379 0.80127 0.323242 0.397461 0.00013876
8 0.692871 0.272461 0.0146484 0.0117188 0.000140071
9 0.408203 0.958496 0.269531 0.0830078 0.000141382
13 0.605469 0.155762 0.0703125 0.0205078 0.000142455
10 0.196289 0.719727 0.0625 0.0839844 0.000143647
9 0.507324 0.112305 0.299805 0.212891 0.00014472
8 0.606445 0.408691 0.125 0.229492 0.000145435
11 0.625488 0.17041 0.0771484 0.0400391 0.000145555
8 0.375977 0.542969 0.0351562 0.0332031 0.000146031
9 0.494629 0.691406 0.178711 0.332031 0.000148296
11 0.443359 0.160645 0.0488281 0.0205078 0.000148296
9 0.265625 0.651855 0.0585938 0.0595703 0.000153661
3 0.182617 0.550293 0.365234 0.438477 0.000154138
9 0.379395 0.333496 0.186523 0.219727 0.000155091
7 0.432617 0.156738 0.0722656 0.0244141 0.00015521
3 0.805176 0.613281 0.389648 0.6875 0.000155449
3 0.604004 0.391113 0.0751953 0.0654297 0.000156879
9 0.425781 0.158691 0.0703125 0.0244141 0.000158668
8 0.792969 0.498047 0.0175781 0.0136719 0.000159144
5 0.374512 0.35498 0.264648 0.299805 0.000159502
7 0.58252 0.337402 0.108398 0.170898 0.000159621
9 0.259766 0.112793 0.0371094 0.0341797 0.00015974
11 0.46582 0.154785 0.0410156 0.0224609 0.000160694
7 0.725586 0.985352 0.0429688 0.0253906 0.000161052
9 0.464355 0.197266 0.192383 0.263672 0.000161767
8 0.463867 0.228516 0.0605469 0.164062 0.000161886
7 0.686035 0.446289 0.243164 0.46875 0.000162482
8 0.264648 0.44043 0.0175781 0.0136719 0.000164747
3 0.723145 0.466309 0.176758 0.413086 0.000164866
7 0.763184 0.362793 0.0244141 0.0185547 0.000166774
13 0.523438 0.345215 0.287109 0.250977 0.000169039
5 0.735352 0.451172 0.125 0.1875 0.000170469
8 0.529785 0.98877 0.0400391 0.0185547 0.000170708
8 0.585938 0.245117 0.00976562 0.0078125 0.000173092
8 0.474609 0.238281 0.0273438 0.0371094 0.00017333
0 0.567871 0.396973 0.125977 0.0791016 0.000173569
6 0.328613 0.383789 0.143555 0.234375 0.000173807
9 0.605469 0.155762 0.0703125 0.0205078 0.000175476
2 0.494629 0.341309 0.0283203 0.0439453 0.000175834
11 0.382812 0.186523 0.130859 0.0742188 0.000176311
0 0.32959 0.459473 0.223633 0.397461 0.000176549
2 0.463867 0.231445 0.0566406 0.166016 0.000178218
12 0.604004 0.391113 0.0751953 0.0654297 0.000180364
5 0.336914 0.444824 0.199219 0.165039 0.000181556
2 0.487305 0.293457 0.0566406 0.0654297 0.000182629
13 0.333008 0.380371 0.140625 0.233398 0.000182986
8 0.697266 0.274414 0.0117188 0.00976562 0.000184059
11 0.45459 0.149414 0.0400391 0.0136719 0.000184655
9 0.452637 0.199219 0.116211 0.169922 0.000188708
11 0.354004 0.193848 0.0751953 0.0517578 0.000189304
1 0.604004 0.390625 0.0771484 0.0683594 0.000190973
7 0.580078 0.197754 0.0683594 0.108398 0.000193357
9 0.543945 0.803711 0.515625 0.392578 0.000193954
11 0.575684 0.163086 0.0458984 0.0390625 0.000193954
7 0.642578 0.62793 0.0273438 0.0234375 0.000198007
7 0.310547 0.672852 0.230469 0.201172 0.000199318
9 0.681152 0.683594 0.227539 0.0703125 0.000199795
9 0.75293 0.518555 0.121094 0.302734 0.000200391
9 0.468262 0.270508 0.0400391 0.0917969 0.000201702
13 0.640137 0.34668 0.27832 0.226562 0.000204921
12 0.32959 0.459473 0.223633 0.397461 0.000207901
8 0.36377 0.333496 0.0478516 0.0380859 0.000209451
13 0.689453 0.439453 0.25 0.451172 0.000211954
8 0.290039 0.374023 0.00976562 0.00976562 0.000212908
11 0.583008 0.150879 0.0410156 0.0146484 0.000213623
3 0.253906 0.166504 0.507812 0.291992 0.000214577
8 0.292969 0.290527 0.015625 0.0166016 0.000216126
13 0.463867 0.228516 0.0605469 0.164062 0.000219345
0 0.619141 0.394531 0.0917969 0.0957031 0.000221014
7 0.452148 0.195801 0.0644531 0.100586 0.000221968
12 0.672852 0.453613 0.291016 0.485352 0.000222802
2 0.592285 0.272461 0.0341797 0.0273438 0.000222921
8 0.749512 0.330566 0.0146484 0.0126953 0.000224233
0 0.299316 0.66748 0.194336 0.114258 0.000226498
2 0.624512 0.410156 0.124023 0.154297 0.000228405
8 0.629883 0.641602 0.0410156 0.0351562 0.000228882
11 0.818848 0.98877 0.0283203 0.0185547 0.000231385
0 0.604004 0.316406 0.108398 0.142578 0.000232577
2 0.590332 0.28125 0.0576172 0.0507812 0.000234246
11 0.576172 0.310059 0.0976562 0.114258 0.000238419
5 0.71875 0.365723 0.148438 0.270508 0.000239015
4 0.599121 0.393066 0.0791016 0.0634766 0.000240922
8 0.453613 0.562988 0.0166016 0.0146484 0.000242472
11 0.436035 0.177246 0.100586 0.0693359 0.000246286
11 0.580078 0.197754 0.0683594 0.108398 0.000246763
6 0.572754 0.600586 0.334961 0.160156 0.000247002
9 0.764648 0.362305 0.0371094 0.0253906 0.000249386
2 0.626953 0.419922 0.0839844 0.0898438 0.000249624
7 0.571289 0.601562 0.337891 0.162109 0.000252485
2 0.540039 0.348145 0.130859 0.0888672 0.000252724
3 0.526367 0.35791 0.291016 0.262695 0.000253201
9 0.458496 0.226074 0.0302734 0.0283203 0.000253677
11 0.603516 0.161133 0.0429688 0.0214844 0.000254154
9 0.449707 0.19873 0.0595703 0.0888672 0.000257969
13 0.619629 0.410156 0.0888672 0.0996094 0.000263691
0 0.659668 0.412598 0.301758 0.37207 0.000264168
8 0.436035 0.5 0.0244141 0.0195312 0.000264406
7 0.602539 0.156738 0.0722656 0.0205078 0.00027132
8 0.639648 0.638672 0.0253906 0.0292969 0.000277281
13 0.468262 0.275879 0.0458984 0.12793 0.000282764
0 0.544922 0.443359 0.359375 0.484375 0.000289917
3 0.786621 0.0922852 0.426758 0.172852 0.000290632
5 0.757324 0.590332 0.114258 0.19043 0.000291586
4 0.572754 0.600586 0.334961 0.160156 0.000296831
1 0.571289 0.601562 0.337891 0.162109 0.00029707
13 0.589844 0.371582 0.0976562 0.112305 0.00029707
3 0.896484 0.750977 0.207031 0.300781 0.000297546
13 0.571289 0.601562 0.337891 0.162109 0.0002985
11 0.571289 0.601562 0.337891 0.162109 0.0002985
13 0.294922 0.656738 0.173828 0.0986328 0.000300884
8 0.572754 0.600586 0.334961 0.160156 0.000301361
2 0.471191 0.286133 0.0419922 0.0878906 0.000303268
13 0.644043 0.631836 0.0166016 0.0136719 0.000304222
7 0.329102 0.433594 0.201172 0.378906 0.000305414
9 0.615723 0.324707 0.186523 0.151367 0.000310183
13 0.638672 0.208984 0.0429688 0.0878906 0.000310421
13 0.77832 0.361328 0.03125 0.0214844 0.000312805
7 0.46875 0.268555 0.0429688 0.130859 0.000317097
8 0.688477 0.26416 0.0136719 0.0126953 0.000318766
2 0.571289 0.601562 0.337891 0.162109 0.000334024
9 0.819336 0.987305 0.0253906 0.0214844 0.000337362
8 0.57666 0.312012 0.0986328 0.118164 0.000337601
2 0.475586 0.271484 0.0644531 0.132812 0.000342131
12 0.571289 0.601562 0.337891 0.162109 0.000343323
3 0.293457 0.662598 0.178711 0.102539 0.000343561
9 0.405273 0.82373 0.400391 0.34082 0.000346422
8 0.279297 0.646484 0.101562 0.0722656 0.000360966
6 0.300781 0.662598 0.191406 0.108398 0.000363111
9 0.641113 0.625 0.0302734 0.03125 0.000368834
2 0.577148 0.394531 0.0820312 0.0644531 0.000370026
8 0.642578 0.629883 0.0429688 0.0371094 0.000374079
13 0.615723 0.324707 0.186523 0.151367 0.000386238
8 0.246582 0.45459 0.0224609 0.0185547 0.000396252
9 0.458984 0.232422 0.0371094 0.0722656 0.000398874
1 0.294922 0.662109 0.179688 0.101562 0.000400305
3 0.134766 0.697754 0.269531 0.344727 0.000412703
9 0.368652 0.831543 0.131836 0.209961 0.000419855
8 0.618164 0.414062 0.0839844 0.101562 0.000431061
0 0.541992 0.385742 0.177734 0.138672 0.000441074
6 0.686035 0.446289 0.243164 0.46875 0.000448465
9 0.640137 0.34668 0.27832 0.226562 0.000448465
12 0.291016 0.661133 0.175781 0.105469 0.000451565
2 0.643555 0.631348 0.0175781 0.0126953 0.00045228
9 0.538574 0.368164 0.225586 0.244141 0.000454903
8 0.372559 0.553223 0.0478516 0.0498047 0.000459909
10 0.537109 0.331543 0.197266 0.176758 0.000461102
2 0.619629 0.385254 0.0361328 0.0380859 0.000464916
10 0.291016 0.654785 0.167969 0.0947266 0.000468016
8 0.619141 0.549316 0.00976562 0.0126953 0.00047183
11 0.632812 0.164551 0.0546875 0.0224609 0.000475645
5 0.30127 0.652832 0.19043 0.0986328 0.000485182
11 0.604004 0.150879 0.0400391 0.0107422 0.000489235
9 0.610352 0.411133 0.0957031 0.146484 0.000493526
11 0.423828 0.163574 0.0820312 0.0400391 0.000494957
5 0.291016 0.535156 0.15625 0.322266 0.000498772
2 0.293457 0.662598 0.178711 0.102539 0.00050354
9 0.576172 0.310059 0.0976562 0.114258 0.000504971
8 0.643555 0.64502 0.0390625 0.0458984 0.000518322
13 0.330078 0.440918 0.210938 0.364258 0.000520706
11 0.463867 0.228516 0.0605469 0.164062 0.000534058
11 0.377441 0.181641 0.0771484 0.0449219 0.000537395
12 0.537109 0.318359 0.177734 0.142578 0.000542641
0 0.571289 0.608887 0.337891 0.129883 0.000547409
9 0.518555 0.157227 0.0273438 0.0273438 0.00056839
11 0.291016 0.654785 0.167969 0.0947266 0.000573158
10 0.572754 0.600586 0.334961 0.160156 0.000594616
5 0.572754 0.600586 0.334961 0.160156 0.000597
5 0.300293 0.383789 0.116211 0.160156 0.000602722
3 0.32959 0.459473 0.223633 0.397461 0.000635147
11 0.402344 0.171387 0.09375 0.0361328 0.000639439
8 0.300293 0.334961 0.0361328 0.03125 0.000640869
7 0.537109 0.318359 0.177734 0.142578 0.000659943
9 0.546875 0.441895 0.349609 0.479492 0.000676155
11 0.595215 0.182617 0.0771484 0.0664062 0.000679016
3 0.772461 0.151367 0.455078 0.302734 0.000717163
9 0.644043 0.631836 0.0166016 0.0136719 0.000721931
3 0.572266 0.321289 0.111328 0.134766 0.000725746
7 0.644043 0.631836 0.0166016 0.0136719 0.000730038
8 0.749023 0.29248 0.0136719 0.0126953 0.000770569
9 0.333008 0.380371 0.140625 0.233398 0.000778675
2 0.587402 0.353027 0.114258 0.200195 0.000796318
4 0.537109 0.318359 0.177734 0.142578 0.000798702
9 0.307129 0.67627 0.233398 0.202148 0.000842571
2 0.766113 0.363281 0.0400391 0.0253906 0.000856876
8 0.373535 0.539062 0.0244141 0.0214844 0.000856876
8 0.42627 0.355469 0.0126953 0.0117188 0.000858784
6 0.329102 0.433594 0.201172 0.378906 0.000869751
5 0.54248 0.320801 0.174805 0.149414 0.000911713
13 0.57666 0.312012 0.0986328 0.118164 0.000923157
9 0.475586 0.271484 0.0644531 0.132812 0.000923157
6 0.54248 0.320801 0.174805 0.149414 0.000926018
13 0.766113 0.363281 0.0400391 0.0253906 0.000934124
7 0.600098 0.390625 0.0732422 0.0683594 0.00095892
9 0.473145 0.241699 0.0263672 0.0537109 0.000982285
9 0.764648 0.362305 0.0234375 0.0175781 0.00100899
11 0.588379 0.156738 0.0595703 0.0244141 0.00111103
8 0.635742 0.619629 0.03125 0.0380859 0.00113201
8 0.601074 0.384766 0.0986328 0.117188 0.00115299
11 0.81543 0.717285 0.0449219 0.0673828 0.00117779
0 0.500977 0.30127 0.169922 0.15332 0.00120163
9 0.572266 0.606934 0.335938 0.133789 0.00121784
11 0.604004 0.391113 0.0751953 0.0654297 0.00123596
13 0.763672 0.362305 0.0214844 0.0175781 0.00125313
8 0.367676 0.566895 0.0361328 0.0263672 0.00126266
1 0.537109 0.318359 0.177734 0.142578 0.00130939
8 0.764648 0.362305 0.0371094 0.0253906 0.0014019
10 0.81543 0.717285 0.0449219 0.0673828 0.0014658
11 0.450195 0.158203 0.078125 0.0292969 0.00150204
9 0.725586 0.985352 0.0429688 0.0253906 0.00154591
2 0.574707 0.307617 0.0927734 0.109375 0.00154877
7 0.280762 0.646973 0.102539 0.0751953 0.00155258
9 0.316406 0.633301 0.138672 0.0556641 0.00159645
9 0.254395 0.663086 0.108398 0.0800781 0.00160885
11 0.406738 0.166016 0.0498047 0.0234375 0.00168991
2 0.762695 0.362793 0.0214844 0.0185547 0.00178051
11 0.60791 0.161133 0.0849609 0.0332031 0.00179958
11 0.537109 0.318359 0.177734 0.142578 0.00185871
4 0.293457 0.662598 0.178711 0.102539 0.00203705
0 0.620605 0.341309 0.200195 0.192383 0.00217819
9 0.711914 0.451172 0.193359 0.433594 0.00224113
8 0.555664 0.330078 0.158203 0.166016 0.00233269
9 0.590332 0.366211 0.106445 0.146484 0.00238037
3 0.536133 0.329102 0.193359 0.171875 0.0024662
13 0.604004 0.391113 0.0751953 0.0654297 0.0024929
7 0.463867 0.228516 0.0605469 0.164062 0.00251579
9 0.541504 0.324219 0.170898 0.144531 0.00269508
0 0.601562 0.391113 0.0742188 0.0634766 0.00281906
0 0.526367 0.35791 0.291016 0.262695 0.0029068
3 0.631348 0.453125 0.383789 0.441406 0.00302696
11 0.41748 0.160645 0.0595703 0.0244141 0.0034771
11 0.202637 0.713867 0.0380859 0.0507812 0.00349236
13 0.54248 0.320801 0.174805 0.149414 0.00362015
2 0.602051 0.398438 0.0966797 0.0976562 0.00362778
8 0.724609 0.984375 0.0410156 0.0234375 0.00363922
9 0.330566 0.441895 0.209961 0.360352 0.00367355
8 0.642578 0.62793 0.0273438 0.0234375 0.00371552
5 0.736816 0.523926 0.151367 0.291992 0.00438309
10 0.204102 0.713867 0.0410156 0.0507812 0.00493622
2 0.541016 0.316895 0.171875 0.135742 0.00526428
0 0.590332 0.366211 0.106445 0.146484 0.00537491
11 0.450684 0.15332 0.0576172 0.015625 0.0057373
8 0.764648 0.362305 0.0234375 0.0175781 0.00586319
9 0.463867 0.231445 0.0566406 0.166016 0.00642776
5 0.330566 0.380371 0.141602 0.235352 0.00769043
8 0.294922 0.662109 0.179688 0.101562 0.00814819
9 0.280762 0.646973 0.102539 0.0751953 0.00861359
9 0.604004 0.390625 0.0771484 0.0683594 0.0123749
11 0.621094 0.158203 0.0507812 0.0195312 0.0128403
8 0.599609 0.392578 0.078125 0.0644531 0.0128708
11 0.432617 0.155762 0.0585938 0.0205078 0.0131454
11 0.602539 0.153809 0.0605469 0.0166016 0.0192108
8 0.644043 0.631836 0.0166016 0.0136719 0.0232697
7 0.293457 0.662598 0.178711 0.102539 0.0263519
2 0.605469 0.391113 0.0644531 0.0595703 0.0270691
0 0.575195 0.307617 0.09375 0.109375 0.0274658
5 0.69873 0.445801 0.225586 0.461914 0.0295715
5 0.330078 0.440918 0.210938 0.364258 0.0698242
9 0.293457 0.662598 0.178711 0.102539 0.129517
3 0.572266 0.608887 0.335938 0.131836 0.267578
0 0.549805 0.32373 0.160156 0.149414 0.422852
