9 0.801758 0.583008 0.0253906 0.0253906 0.0001719
6 0.285645 0.732422 0.34668 0.175781 0.000174046
9 0.292969 0.649414 0.275391 0.0585938 0.000177979
9 0.858398 0.685547 0.0683594 0.0234375 0.000178099
8 0.760254 0.490234 0.0419922 0.0234375 0.00017941
1 0.832031 0.137207 0.335938 0.245117 0.000180483
1 0.285645 0.732422 0.34668 0.175781 0.00018096
13 0.813477 0.644531 0.0859375 0.0742188 0.000183702
6 0.868164 0.650391 0.0664062 0.078125 0.000184178
13 0.798828 0.58252 0.150391 0.139648 0.000187039
11 0.424316 0.276855 0.0576172 0.0126953 0.000189185
6 0.771484 0.625488 0.15625 0.124023 0.000189304
9 0.866211 0.685547 0.105469 0.150391 0.000190258
10 0.119141 0.794922 0.0507812 0.0859375 0.000191331
7 0.876465 0.715332 0.0615234 0.0283203 0.000191927
7 0.896484 0.751465 0.0488281 0.0791016 0.000194788
7 0.891113 0.689453 0.0341797 0.0429688 0.000194907
2 0.395508 0.613281 0.0917969 0.0761719 0.000195742
10 0.807129 0.729492 0.225586 0.173828 0.000198126
11 0.863281 0.673828 0.0859375 0.0585938 0.000199795
8 0.800781 0.583008 0.0273438 0.0253906 0.000200033
9 0.412598 0.57373 0.102539 0.143555 0.000203252
13 0.84668 0.629883 0.0214844 0.0234375 0.000203252
9 0.248535 0.788574 0.288086 0.151367 0.000207782
13 0.855469 0.697266 0.0507812 0.0273438 0.000207901
0 0.034668 0.90625 0.0693359 0.162109 0.000208735
13 0.75 0.496582 0.0625 0.0341797 0.000209689
2 0.291992 0.740234 0.351562 0.166016 0.000209808
11 0.908203 0.724609 0.0390625 0.109375 0.000210524
9 0.79541 0.609863 0.217773 0.21582 0.000211835
11 0.650391 0.311035 0.046875 0.0361328 0.000212431
9 0.786621 0.603027 0.0791016 0.0556641 0.00021565
2 0.760254 0.490723 0.0380859 0.0224609 0.000216007
6 0.628906 0.446777 0.105469 0.108398 0.000218391
9 0.0649414 0.421875 0.129883 0.21875 0.000219107
10 0.90625 0.774902 0.0410156 0.0654297 0.00022006
13 0.786621 0.464355 0.0322266 0.0498047 0.000220299
13 0.412109 0.601074 0.0742188 0.0576172 0.000220537
11 0.773438 0.486328 0.0117188 0.00976562 0.00022459
9 0.339355 0.633301 0.18457 0.0634766 0.000225544
7 0.85791 0.637207 0.0498047 0.0498047 0.000225902
9 0.839844 0.685547 0.121094 0.0351562 0.000226498
0 0.773438 0.487305 0.0117188 0.00976562 0.000231624
7 0.397949 0.60498 0.108398 0.0927734 0.0002352
12 0.791504 0.503418 0.245117 0.356445 0.000235438
9 0.360352 0.770508 0.275391 0.169922 0.000237942
8 0.832031 0.137207 0.335938 0.245117 0.000238538
4 0.249512 0.90625 0.291992 0.173828 0.000241876
9 0.523438 0.411621 0.105469 0.237305 0.000248671
13 0.79541 0.579102 0.0400391 0.0390625 0.000249147
11 0.272949 0.729004 0.301758 0.172852 0.000249624
11 0.115234 0.799805 0.0449219 0.078125 0.000249863
13 0.239258 0.170898 0.0371094 0.0644531 0.000252008
13 0.29834 0.467773 0.0791016 0.0605469 0.000253439
12 0.873535 0.695312 0.0673828 0.046875 0.000253439
2 0.865723 0.689941 0.0712891 0.0283203 0.000253677
13 0.786621 0.490234 0.0419922 0.0195312 0.000255346
9 0.51123 0.625977 0.172852 0.316406 0.000257015
13 0.234375 0.15332 0.46875 0.275391 0.000258207
7 0.859375 0.631836 0.0332031 0.03125 0.000259876
8 0.78418 0.457031 0.0253906 0.0195312 0.000266075
11 0.832031 0.137207 0.335938 0.245117 0.000267506
7 0.628906 0.446777 0.105469 0.108398 0.000269413
11 0.485352 0.307129 0.0625 0.0634766 0.000270844
13 0.857422 0.64502 0.0507812 0.0634766 0.00027442
9 0.859375 0.631348 0.0332031 0.0302734 0.000274897
11 0.820801 0.698242 0.151367 0.0527344 0.000276089
6 0.785156 0.589355 0.0585938 0.0400391 0.000276327
11 0.786133 0.588379 0.0566406 0.0380859 0.000276804
11 0.867676 0.742676 0.0908203 0.0732422 0.000279188
13 0.771484 0.486328 0.0195312 0.0136719 0.000279903
9 0.290527 0.667969 0.344727 0.107422 0.000282049
7 0.865723 0.61377 0.0791016 0.143555 0.000284433
2 0.786133 0.588379 0.0566406 0.0380859 0.000288963
12 0.628906 0.446777 0.105469 0.108398 0.000291348
8 0.850586 0.720215 0.119141 0.0908203 0.000291586
2 0.660156 0.449219 0.0390625 0.0585938 0.00029707
4 0.628906 0.446777 0.105469 0.108398 0.000298262
1 0.249512 0.90625 0.291992 0.173828 0.000301838
0 0.285645 0.732422 0.34668 0.175781 0.00030303
10 0.868164 0.650391 0.0664062 0.078125 0.000307322
13 0.858887 0.675781 0.0595703 0.0332031 0.00031662
6 0.395996 0.613281 0.0908203 0.0800781 0.000319481
13 0.860352 0.658691 0.0859375 0.0869141 0.000328541
2 0.851074 0.71582 0.118164 0.0898438 0.000335455
10 0.197754 0.89209 0.225586 0.194336 0.000337362
1 0.885254 0.696289 0.0517578 0.0644531 0.000338078
9 0.781738 0.736328 0.258789 0.0625 0.000338554
7 0.849609 0.628418 0.03125 0.0224609 0.000338554
4 0.283691 0.735352 0.344727 0.169922 0.000339508
9 0.395996 0.613281 0.0908203 0.0800781 0.000339746
9 0.759766 0.597168 0.117188 0.0712891 0.000342846
9 0.833984 0.687988 0.130859 0.0751953 0.000347614
2 0.845215 0.624512 0.0166016 0.0126953 0.000349522
11 0.400879 0.289062 0.149414 0.0449219 0.000351429
8 0.774902 0.396973 0.0224609 0.0185547 0.000353813
5 0.293457 0.739746 0.352539 0.163086 0.00036025
13 0.786621 0.47998 0.0458984 0.0341797 0.000369072
8 0.6875 0.464355 0.0234375 0.0205078 0.000372887
9 0.787109 0.453125 0.015625 0.0117188 0.000375986
2 0.6875 0.464355 0.0234375 0.0205078 0.000378847
10 0.882324 0.666504 0.0595703 0.0791016 0.000381231
5 0.628906 0.446777 0.105469 0.108398 0.0003829
13 0.768555 0.582031 0.03125 0.0273438 0.000385046
11 0.880859 0.713867 0.0585938 0.0332031 0.000385523
2 0.659668 0.449707 0.0244141 0.0302734 0.000386238
9 0.773926 0.48584 0.0283203 0.0185547 0.000391006
11 0.657715 0.300293 0.0634766 0.0322266 0.000395536
13 0.800781 0.583008 0.0273438 0.0253906 0.000395775
13 0.628906 0.446777 0.105469 0.108398 0.000398159
8 0.852539 0.696777 0.105469 0.0419922 0.000401258
9 0.851562 0.626465 0.0253906 0.0205078 0.000401974
11 0.349121 0.296387 0.0576172 0.0400391 0.000407457
11 0.74707 0.304199 0.0566406 0.0302734 0.000407934
7 0.867676 0.677734 0.0869141 0.109375 0.000411034
9 0.85791 0.637207 0.0498047 0.0498047 0.000411987
0 0.261719 0.879883 0.378906 0.205078 0.000412464
10 0.872559 0.713867 0.0712891 0.0449219 0.000421286
2 0.832031 0.137207 0.335938 0.245117 0.000422239
2 0.249512 0.90625 0.291992 0.173828 0.000432253
13 0.883789 0.731934 0.0664062 0.0888672 0.000435114
13 0.886719 0.719238 0.0488281 0.0439453 0.000451326
9 0.687988 0.464355 0.0107422 0.0146484 0.000454664
10 0.807129 0.719727 0.202148 0.0859375 0.000457048
8 0.729004 0.404297 0.0185547 0.0175781 0.000457287
8 0.237305 0.541016 0.0117188 0.0117188 0.00046134
13 0.786621 0.603027 0.0791016 0.0556641 0.000461817
13 0.804199 0.490234 0.0537109 0.015625 0.000468969
13 0.849609 0.685059 0.125 0.12207 0.000471592
9 0.330078 0.780273 0.392578 0.292969 0.000477314
1 0.628906 0.446777 0.105469 0.108398 0.000480175
7 0.858398 0.685547 0.0683594 0.0234375 0.000483036
13 0.359375 0.59668 0.166016 0.105469 0.000486612
6 0.833008 0.130371 0.304688 0.213867 0.000494957
0 0.655273 0.456055 0.119141 0.130859 0.000498772
8 0.628906 0.446777 0.105469 0.108398 0.000498772
9 0.868164 0.650391 0.0664062 0.078125 0.000501156
7 0.835449 0.651855 0.143555 0.155273 0.000501633
11 0.901855 0.773926 0.0419922 0.0654297 0.000507355
12 0.293457 0.739746 0.352539 0.163086 0.000514984
8 0.293457 0.739746 0.352539 0.163086 0.000514984
11 0.225586 0.903809 0.265625 0.192383 0.000515461
9 0.804688 0.633789 0.111328 0.0917969 0.000515461
8 0.225586 0.903809 0.265625 0.192383 0.00052309
10 0.859863 0.687988 0.0712891 0.0244141 0.000528336
10 0.755371 0.945801 0.323242 0.106445 0.000536919
10 0.866699 0.682617 0.0966797 0.119141 0.000554085
13 0.822266 0.663086 0.0644531 0.0488281 0.000556946
9 0.84082 0.557617 0.132812 0.259766 0.00055933
0 0.623535 0.432617 0.0634766 0.0683594 0.000562191
9 0.885254 0.696289 0.0517578 0.0644531 0.000562668
8 0.765625 0.469727 0.00976562 0.0117188 0.00056839
8 0.849609 0.628418 0.03125 0.0224609 0.000582218
11 0.626953 0.438477 0.105469 0.0917969 0.000585556
10 0.296875 0.727539 0.345703 0.173828 0.000588417
9 0.576172 0.458008 0.205078 0.162109 0.000588894
8 0.716309 0.49707 0.0107422 0.0136719 0.000596046
8 0.801758 0.57959 0.0175781 0.0166016 0.000598907
11 0.680664 0.287598 0.0605469 0.0146484 0.00060606
7 0.786621 0.589355 0.0556641 0.0380859 0.000620842
13 0.800781 0.646973 0.173828 0.120117 0.000633717
3 0.624512 0.606445 0.444336 0.166016 0.000664234
7 0.805176 0.697754 0.198242 0.114258 0.000714302
7 0.839355 0.554199 0.137695 0.254883 0.00072813
12 0.850098 0.70459 0.110352 0.0576172 0.000728607
9 0.455566 0.512695 0.0185547 0.015625 0.000731945
13 0.774414 0.486816 0.0292969 0.0205078 0.000734806
6 0.850586 0.693848 0.111328 0.0693359 0.000749588
7 0.634766 0.657227 0.435547 0.158203 0.000767708
8 0.76709 0.581543 0.0283203 0.0283203 0.000770569
9 0.265625 0.741211 0.0742188 0.0898438 0.000781536
11 0.732422 0.297363 0.0839844 0.0322266 0.00078392
0 0.56543 0.499023 0.203125 0.267578 0.000784874
13 0.760254 0.490723 0.0380859 0.0224609 0.000786781
9 0.872559 0.713867 0.0712891 0.0449219 0.000788689
8 0.782715 0.587402 0.0576172 0.0400391 0.000793934
10 0.890625 0.73584 0.0664062 0.110352 0.000804901
13 0.832031 0.137207 0.335938 0.245117 0.000805378
13 0.843262 0.688965 0.0771484 0.0224609 0.000806808
2 0.773926 0.48584 0.0283203 0.0185547 0.000817299
11 0.449219 0.288574 0.105469 0.0400391 0.000821114
12 0.634766 0.657227 0.435547 0.158203 0.000829697
9 0.787109 0.585938 0.0546875 0.0410156 0.000834465
11 0.671875 0.290527 0.0898438 0.0224609 0.000849247
13 0.77002 0.598145 0.0732422 0.0341797 0.000863552
11 0.899902 0.703125 0.0400391 0.0703125 0.00086689
11 0.634766 0.657227 0.435547 0.158203 0.000879765
10 0.628906 0.446777 0.105469 0.108398 0.000894547
9 0.875 0.687988 0.0585938 0.0361328 0.000895977
6 0.634766 0.657227 0.435547 0.158203 0.000897408
1 0.634766 0.657227 0.435547 0.158203 0.000897408
7 0.844727 0.625 0.0175781 0.0117188 0.000910282
2 0.666992 0.448242 0.0214844 0.0214844 0.000914574
8 0.634766 0.657227 0.435547 0.158203 0.000943661
9 0.628906 0.446777 0.105469 0.108398 0.000952721
13 0.634766 0.657227 0.435547 0.158203 0.000954628
13 0.769531 0.617676 0.138672 0.106445 0.000965118
2 0.62793 0.439453 0.105469 0.0917969 0.000967979
5 0.832031 0.137207 0.335938 0.245117 0.000969887
11 0.701172 0.284668 0.0703125 0.0146484 0.000984192
2 0.634766 0.657227 0.435547 0.158203 0.0010004
4 0.634766 0.657227 0.435547 0.158203 0.00101566
7 0.773926 0.486816 0.0126953 0.0107422 0.0010376
4 0.862793 0.715332 0.104492 0.0830078 0.00104046
2 0.455566 0.512695 0.0185547 0.015625 0.00104427
9 0.500488 0.35791 0.0732422 0.149414 0.00104523
11 0.636719 0.302734 0.0527344 0.0410156 0.00111103
10 0.856445 0.724609 0.126953 0.126953 0.00116158
13 0.387207 0.620117 0.0634766 0.0527344 0.00116253
13 0.845215 0.624023 0.0166016 0.0136719 0.0011797
13 0.816895 0.669434 0.106445 0.0654297 0.00118065
4 0.861816 0.697266 0.0888672 0.0429688 0.00118923
9 0.824707 0.723633 0.196289 0.111328 0.00119591
11 0.856445 0.724609 0.126953 0.126953 0.0012188
7 0.833984 0.693848 0.142578 0.0595703 0.00126266
11 0.887207 0.687012 0.0595703 0.0927734 0.00126648
6 0.859863 0.720703 0.104492 0.0917969 0.00126839
9 0.799316 0.507324 0.22168 0.338867 0.00127125
11 0.474609 0.293945 0.0566406 0.0410156 0.00129986
3 0.293457 0.739746 0.352539 0.163086 0.00132275
13 0.878906 0.680664 0.0605469 0.0390625 0.00132561
11 0.709473 0.291504 0.0908203 0.0205078 0.00132561
5 0.634766 0.657227 0.435547 0.158203 0.00135517
9 0.260742 0.865234 0.330078 0.240234 0.00139236
11 0.373047 0.288086 0.0800781 0.0351562 0.00140667
7 0.500488 0.35791 0.0732422 0.149414 0.00143909
6 0.862305 0.692383 0.0859375 0.0371094 0.00148106
9 0.771484 0.628906 0.154297 0.125 0.00151539
11 0.422363 0.275391 0.0966797 0.0214844 0.00153828
11 0.76123 0.311035 0.0595703 0.0380859 0.00155163
7 0.883789 0.72168 0.0703125 0.103516 0.00159073
7 0.885254 0.696289 0.0517578 0.0644531 0.00167179
1 0.851562 0.714844 0.113281 0.0820312 0.00171375
2 0.852539 0.697266 0.105469 0.0429688 0.00173187
0 0.634766 0.657227 0.435547 0.158203 0.0017643
10 0.898926 0.757812 0.0439453 0.0625 0.0017643
8 0.762695 0.57666 0.0175781 0.0166016 0.00185966
7 0.771484 0.625488 0.158203 0.12793 0.00187397
10 0.634766 0.657227 0.435547 0.158203 0.00192165
9 0.54541 0.540527 0.15918 0.34082 0.00195885
9 0.634766 0.657227 0.435547 0.158203 0.00198936
7 0.875 0.687988 0.0585938 0.0361328 0.00199127
10 0.845215 0.701172 0.131836 0.0566406 0.00205231
3 0.193359 0.895996 0.203125 0.192383 0.0020752
11 0.895996 0.680664 0.0361328 0.0527344 0.0020771
2 0.687988 0.463867 0.0126953 0.015625 0.00208664
8 0.773926 0.48584 0.0283203 0.0185547 0.00210953
3 0.635742 0.713867 0.455078 0.138672 0.00219727
13 0.884766 0.693848 0.0507812 0.0439453 0.00224495
9 0.875 0.72998 0.0839844 0.0908203 0.00226021
9 0.844238 0.625 0.0166016 0.0117188 0.00227165
10 0.899902 0.698242 0.0400391 0.0683594 0.00233841
3 0.627441 0.437012 0.106445 0.0888672 0.00235367
13 0.773438 0.487305 0.0117188 0.00976562 0.0024147
0 0.604492 0.470215 0.15625 0.15918 0.00246239
0 0.651367 0.433594 0.0566406 0.0742188 0.00247574
7 0.87207 0.714844 0.078125 0.0546875 0.00253105
13 0.412598 0.57373 0.102539 0.143555 0.00253868
13 0.868652 0.682129 0.0537109 0.0244141 0.00261497
13 0.882324 0.71582 0.0439453 0.0195312 0.00265694
9 0.288086 0.75 0.166016 0.140625 0.00268173
7 0.868164 0.650391 0.0664062 0.078125 0.00275993
11 0.64209 0.29248 0.0439453 0.0263672 0.00289726
1 0.861816 0.697266 0.0888672 0.0429688 0.00295448
8 0.787109 0.453125 0.015625 0.0117188 0.00312805
11 0.401855 0.28125 0.116211 0.0253906 0.00332451
7 0.283691 0.726562 0.319336 0.167969 0.00332832
11 0.459961 0.28418 0.0722656 0.0253906 0.00336075
11 0.896484 0.751465 0.0488281 0.0791016 0.0035038
13 0.348633 0.625977 0.167969 0.0625 0.00366402
10 0.87207 0.716797 0.0859375 0.0839844 0.00371552
0 0.188965 0.895508 0.194336 0.181641 0.00378799
11 0.883789 0.72168 0.0703125 0.103516 0.00384521
9 0.773438 0.487305 0.0117188 0.00976562 0.00421906
8 0.687988 0.463867 0.0126953 0.015625 0.0045166
11 0.871094 0.688965 0.0664062 0.0322266 0.00503159
13 0.845215 0.681152 0.116211 0.0439453 0.00520706
11 0.439941 0.280273 0.0830078 0.0175781 0.00553894
8 0.456055 0.512695 0.0195312 0.015625 0.00559235
13 0.819336 0.70459 0.177734 0.0654297 0.00819397
8 0.844238 0.625 0.0166016 0.0117188 0.00860596
10 0.872559 0.691406 0.0673828 0.0429688 0.0100937
2 0.773438 0.487305 0.0117188 0.00976562 0.0107193
11 0.860352 0.703125 0.0957031 0.0664062 0.0133209
10 0.891113 0.689453 0.0341797 0.0429688 0.014679
7 0.861816 0.697266 0.0888672 0.0429688 0.0147247
9 0.861816 0.697266 0.0888672 0.0429688 0.015358
13 0.871582 0.710938 0.0712891 0.0390625 0.0158691
13 0.786621 0.588379 0.0556641 0.0380859 0.0198517
11 0.88916 0.693848 0.0419922 0.0498047 0.0205383
13 0.391113 0.614746 0.0986328 0.0771484 0.0218811
7 0.850586 0.720215 0.119141 0.0908203 0.0219727
13 0.862305 0.717773 0.0957031 0.078125 0.0228729
9 0.850098 0.712402 0.12207 0.0751953 0.0295258
13 0.865723 0.689941 0.0712891 0.0283203 0.0378113
8 0.773438 0.486328 0.0117188 0.00976562 0.0443726
9 0.279785 0.733887 0.31543 0.166992 0.0610352
13 0.852539 0.696289 0.103516 0.0429688 0.135742
0 0.627441 0.438965 0.104492 0.0908203 0.590332
3 0.632812 0.662598 0.4375 0.129883 0.726074
