11 0.141602 0.752441 0.0527344 0.0361328 0.000316143
9 0.151855 0.365723 0.0791016 0.178711 0.000317574
12 0.168457 0.278809 0.0263672 0.0263672 0.00032258
7 0.811035 0.776367 0.0478516 0.0625 0.000325441
9 0.300781 0.147461 0.09375 0.0449219 0.000326157
13 0.591309 0.300293 0.0576172 0.104492 0.000327587
13 0.342285 0.181152 0.0693359 0.0673828 0.00033021
13 0.584473 0.248535 0.0302734 0.0400391 0.000330448
12 0.555664 0.304199 0.105469 0.118164 0.00033164
11 0.254395 0.212891 0.0693359 0.0410156 0.000332355
6 0.290527 0.35498 0.209961 0.135742 0.000333786
11 0.170898 0.729004 0.136719 0.0888672 0.000334501
6 0.597168 0.650391 0.106445 0.09375 0.000335455
0 0.228516 0.322754 0.148438 0.108398 0.000335455
11 0.341797 0.14502 0.0722656 0.0205078 0.000337839
12 0.14502 0.452637 0.133789 0.385742 0.000338793
4 0.168945 0.277832 0.0410156 0.0341797 0.000349998
9 0.589844 0.298828 0.0390625 0.0449219 0.000351667
7 0.208496 0.388672 0.145508 0.208984 0.000352621
7 0.415039 0.225098 0.0917969 0.202148 0.000355244
11 0.147949 0.375 0.0673828 0.160156 0.000355959
4 0.207031 0.308594 0.0996094 0.0800781 0.000356197
11 0.236816 0.320801 0.114258 0.0966797 0.000356674
13 0.257812 0.341797 0.0722656 0.046875 0.000357628
13 0.352051 0.206055 0.0517578 0.0605469 0.000358343
2 0.57666 0.262695 0.0595703 0.078125 0.000359535
9 0.51709 0.60791 0.30957 0.225586 0.000359535
0 0.811523 0.774902 0.0507812 0.0654297 0.000363588
12 0.270996 0.226562 0.239258 0.179688 0.000364542
5 0.234375 0.337402 0.146484 0.143555 0.000364542
13 0.615723 0.373535 0.0517578 0.0380859 0.000367641
9 0.290039 0.40332 0.121094 0.0410156 0.000371218
13 0.210938 0.386719 0.119141 0.0507812 0.000371218
11 0.648438 0.140137 0.125 0.0380859 0.000373602
11 0.263184 0.40918 0.0517578 0.0214844 0.00037694
1 0.266602 0.339355 0.205078 0.135742 0.000388861
10 0.185059 0.281738 0.0693359 0.0419922 0.000389576
13 0.722656 0.372559 0.0996094 0.0380859 0.000391245
1 0.198242 0.29541 0.0820312 0.0517578 0.000393629
7 0.256348 0.459473 0.319336 0.413086 0.000399828
11 0.592773 0.135254 0.0742188 0.0263672 0.000400066
13 0.335938 0.282227 0.0351562 0.0722656 0.000400543
8 0.333496 0.591309 0.0380859 0.0380859 0.000405312
13 0.642578 0.195801 0.046875 0.0576172 0.000407219
13 0.26123 0.386719 0.102539 0.0800781 0.000408649
13 0.288086 0.422852 0.111328 0.0644531 0.000412226
13 0.304688 0.170898 0.144531 0.0800781 0.000414371
2 0.270508 0.402832 0.125 0.0693359 0.000414848
9 0.602539 0.648926 0.164062 0.135742 0.000415325
3 0.8125 0.775879 0.046875 0.0615234 0.000415802
6 0.378906 0.196777 0.105469 0.118164 0.000416517
12 0.154785 0.382812 0.0947266 0.201172 0.000417471
2 0.15625 0.743652 0.0839844 0.0478516 0.000422478
13 0.173828 0.303223 0.0644531 0.0673828 0.000428915
13 0.365234 0.247559 0.0976562 0.161133 0.000432253
8 0.581543 0.296875 0.0537109 0.0761719 0.000434637
9 0.785645 0.348145 0.0478516 0.0400391 0.000435114
3 0.565918 0.649902 0.209961 0.108398 0.000442743
9 0.634277 0.70752 0.12793 0.108398 0.00044632
0 0.57959 0.303223 0.0595703 0.0634766 0.000449896
8 0.577637 0.251465 0.0283203 0.0322266 0.000454426
8 0.235352 0.331055 0.0527344 0.0371094 0.000460863
1 0.34082 0.141602 0.158203 0.0390625 0.000460863
13 0.325684 0.269531 0.0478516 0.0683594 0.000461817
1 0.557129 0.30127 0.112305 0.12207 0.000463486
10 0.800293 0.762207 0.0537109 0.0595703 0.000463724
2 0.585938 0.24707 0.0351562 0.0507812 0.000469208
5 0.213379 0.312012 0.116211 0.0849609 0.000470638
13 0.367188 0.183105 0.0585938 0.0712891 0.000472069
9 0.343262 0.145508 0.161133 0.0371094 0.000475168
13 0.158691 0.312988 0.0283203 0.0302734 0.000486612
9 0.128418 0.755371 0.0966797 0.0771484 0.000488758
4 0.42627 0.281738 0.0751953 0.143555 0.000489235
9 0.226074 0.691895 0.151367 0.0732422 0.000504017
13 0.227539 0.339355 0.0585938 0.0712891 0.000511646
13 0.196289 0.61084 0.119141 0.0302734 0.000514507
11 0.167969 0.296875 0.0664062 0.0820312 0.000514984
2 0.235352 0.331055 0.0527344 0.0371094 0.000516415
13 0.197754 0.275879 0.0947266 0.0810547 0.000517368
13 0.269043 0.398438 0.0654297 0.0351562 0.000519753
6 0.197266 0.294434 0.0800781 0.0478516 0.000522137
0 0.495117 0.369141 0.236328 0.314453 0.000524044
2 0.269043 0.45166 0.0126953 0.0126953 0.000526428
10 0.297363 0.147461 0.0791016 0.0390625 0.000535488
11 0.600098 0.214844 0.100586 0.152344 0.000536442
4 0.596191 0.648438 0.110352 0.0976562 0.000540257
11 0.378906 0.196777 0.105469 0.118164 0.000540257
2 0.271484 0.37793 0.183594 0.150391 0.000543118
11 0.791016 0.795898 0.0800781 0.0996094 0.000544071
9 0.577637 0.251465 0.0283203 0.0322266 0.000544071
11 0.166992 0.25 0.0410156 0.078125 0.000546455
9 0.206055 0.432617 0.152344 0.234375 0.000546932
11 0.641113 0.138184 0.0712891 0.0205078 0.000551224
13 0.214844 0.393555 0.107422 0.0234375 0.000560284
13 0.587891 0.303711 0.0371094 0.0566406 0.000561714
9 0.269043 0.411133 0.0712891 0.0292969 0.000562668
13 0.150879 0.748535 0.0244141 0.0244141 0.00056982
13 0.354004 0.205566 0.0810547 0.0869141 0.000578403
7 0.345215 0.162109 0.155273 0.0546875 0.00057888
9 0.16748 0.27832 0.0400391 0.0507812 0.000603676
10 0.114258 0.758301 0.0800781 0.0673828 0.000604153
13 0.733887 0.360352 0.135742 0.0429688 0.000610828
2 0.482422 0.282715 0.015625 0.0244141 0.000610828
9 0.247559 0.215332 0.0341797 0.0302734 0.00061655
11 0.56543 0.179688 0.0664062 0.107422 0.00063324
7 0.1875 0.283203 0.0800781 0.0644531 0.000639439
4 0.555176 0.306641 0.110352 0.125 0.00064373
9 0.278809 0.28418 0.237305 0.210938 0.000647545
7 0.348633 0.144531 0.166016 0.0371094 0.000653744
9 0.269043 0.45166 0.0126953 0.0126953 0.000657082
2 0.16748 0.27832 0.0400391 0.0507812 0.000660896
12 0.300781 0.147461 0.09375 0.0449219 0.000662804
7 0.183105 0.282227 0.0576172 0.0371094 0.000667095
11 0.803223 0.76123 0.0537109 0.0595703 0.000678062
8 0.314941 0.465332 0.0244141 0.0185547 0.000686169
8 0.294922 0.187988 0.0117188 0.00878906 0.000694752
11 0.616699 0.174316 0.118164 0.0732422 0.000715256
8 0.28418 0.464355 0.0234375 0.0185547 0.000720501
9 0.195801 0.710938 0.114258 0.0722656 0.000721455
7 0.254395 0.404297 0.0380859 0.0234375 0.000727654
2 0.577637 0.258301 0.0419922 0.0478516 0.000729084
13 0.603027 0.27002 0.0673828 0.137695 0.000729561
9 0.275879 0.36084 0.15332 0.116211 0.000734806
0 0.0585938 0.911621 0.117188 0.170898 0.000748634
2 0.269043 0.411133 0.0712891 0.0292969 0.000750542
10 0.557129 0.30127 0.112305 0.12207 0.000760555
7 0.164551 0.270996 0.0419922 0.0693359 0.000762463
13 0.248535 0.413086 0.0693359 0.0371094 0.000762939
12 0.217285 0.380859 0.186523 0.234375 0.00080204
13 0.314453 0.382324 0.144531 0.0556641 0.000804901
2 0.305176 0.143555 0.0908203 0.0429688 0.000810146
13 0.633301 0.253418 0.0185547 0.0537109 0.000812054
13 0.8125 0.507812 0.0488281 0.0253906 0.000833511
13 0.601074 0.26123 0.131836 0.182617 0.000837326
0 0.437012 0.289062 0.0908203 0.142578 0.000844479
9 0.236816 0.320801 0.114258 0.0966797 0.000844955
13 0.23877 0.289551 0.174805 0.116211 0.000852585
9 0.137207 0.745605 0.0673828 0.0439453 0.0008564
4 0.168945 0.279297 0.0253906 0.0234375 0.000861645
7 0.23291 0.325195 0.135742 0.107422 0.000905037
7 0.628906 0.662109 0.0371094 0.0429688 0.000911713
11 0.120605 0.763672 0.0869141 0.0703125 0.000915527
10 0.821289 0.787109 0.0390625 0.0546875 0.000930309
13 0.641602 0.200195 0.0683594 0.09375 0.000946045
2 0.196777 0.286621 0.0888672 0.0478516 0.000950813
11 0.322754 0.149414 0.0712891 0.0253906 0.000968933
13 0.785156 0.347168 0.0507812 0.0478516 0.000986099
9 0.626953 0.664062 0.0371094 0.0429688 0.000994682
8 0.582031 0.249512 0.015625 0.0244141 0.00101089
13 0.330566 0.291016 0.100586 0.121094 0.00101185
11 0.314453 0.135254 0.078125 0.0380859 0.00103283
9 0.280273 0.672363 0.0566406 0.0458984 0.00107384
8 0.207031 0.308594 0.0996094 0.0800781 0.00109005
13 0.266113 0.405273 0.196289 0.144531 0.00110626
9 0.444824 0.268555 0.147461 0.181641 0.00115871
13 0.368164 0.549316 0.0605469 0.0361328 0.0011797
11 0.283691 0.152344 0.0517578 0.0332031 0.00122261
11 0.397949 0.129883 0.0693359 0.0195312 0.00122356
7 0.168457 0.728516 0.125977 0.0859375 0.00123882
1 0.167969 0.279297 0.0273438 0.0273438 0.00124645
8 0.288086 0.590332 0.0117188 0.0107422 0.00125027
13 0.164062 0.304199 0.0332031 0.0537109 0.0012579
13 0.636719 0.246094 0.03125 0.0742188 0.00128746
8 0.216309 0.481445 0.0302734 0.0253906 0.00129604
13 0.211426 0.306152 0.0517578 0.0615234 0.00130463
11 0.262695 0.277832 0.21875 0.170898 0.00130749
9 0.404785 0.203613 0.0751953 0.135742 0.00132179
13 0.161621 0.316895 0.0380859 0.110352 0.0013237
13 0.292969 0.209473 0.234375 0.151367 0.00132561
9 0.501953 0.300781 0.21875 0.136719 0.00135231
13 0.23584 0.397461 0.104492 0.0527344 0.00136185
13 0.589355 0.223633 0.0498047 0.119141 0.00136852
13 0.555664 0.302734 0.111328 0.125 0.00137043
9 0.47998 0.284668 0.0166016 0.0263672 0.00137424
11 0.58252 0.164551 0.0810547 0.0673828 0.00138664
13 0.301758 0.155273 0.0957031 0.0488281 0.00139809
13 0.344238 0.188477 0.12793 0.0898438 0.00140667
8 0.616699 0.65918 0.0615234 0.0644531 0.00142288
13 0.624023 0.214844 0.113281 0.146484 0.0014267
13 0.616699 0.368164 0.0810547 0.0605469 0.00143814
13 0.332031 0.222656 0.09375 0.140625 0.00145817
10 0.168945 0.277832 0.0292969 0.0283203 0.00146103
9 0.581543 0.296875 0.0537109 0.0761719 0.00148678
11 0.55957 0.299805 0.105469 0.107422 0.00153065
11 0.665039 0.15332 0.111328 0.0429688 0.00155354
9 0.259766 0.680664 0.09375 0.0527344 0.00156307
3 0.557129 0.30127 0.112305 0.12207 0.00158691
13 0.822266 0.511719 0.0332031 0.0175781 0.00161076
11 0.20166 0.345215 0.12793 0.15918 0.00161648
7 0.30127 0.146973 0.0927734 0.0439453 0.00163364
13 0.317871 0.174316 0.0830078 0.0556641 0.00164318
13 0.269531 0.418945 0.0703125 0.0410156 0.00167465
6 0.168945 0.279297 0.0253906 0.0253906 0.00168133
6 0.234375 0.337402 0.146484 0.143555 0.00173283
11 0.1875 0.283203 0.0800781 0.0644531 0.0017519
10 0.807129 0.77832 0.0595703 0.109375 0.00177956
9 0.255859 0.406738 0.0390625 0.0205078 0.00178337
11 0.59082 0.146484 0.0625 0.0390625 0.001791
2 0.24707 0.323242 0.0957031 0.0761719 0.00185108
0 0.53418 0.333008 0.154297 0.173828 0.00187874
13 0.222168 0.395508 0.139648 0.107422 0.00188923
13 0.640625 0.242676 0.0625 0.116211 0.00195885
2 0.256348 0.406738 0.0400391 0.0205078 0.00198364
11 0.292969 0.209473 0.234375 0.151367 0.00199509
13 0.32666 0.260742 0.174805 0.208984 0.00202942
1 0.215332 0.312012 0.116211 0.0830078 0.00206375
8 0.151855 0.745605 0.0205078 0.0205078 0.00208473
9 0.580566 0.250488 0.0146484 0.0263672 0.00211334
8 0.257812 0.406738 0.0449219 0.0263672 0.0022831
7 0.556641 0.306641 0.111328 0.126953 0.00233459
11 0.6875 0.15918 0.0644531 0.0351562 0.00234413
13 0.340332 0.144531 0.163086 0.0390625 0.00234985
1 0.30127 0.146973 0.0927734 0.0439453 0.00239944
9 0.194336 0.725586 0.222656 0.128906 0.00252724
11 0.266602 0.339355 0.205078 0.135742 0.00253677
8 0.427246 0.290527 0.0732422 0.12793 0.00255013
13 0.291504 0.400391 0.135742 0.0605469 0.00258827
13 0.166504 0.284668 0.0439453 0.0517578 0.00261307
8 0.555664 0.304199 0.105469 0.118164 0.00261879
13 0.245605 0.213379 0.0302734 0.0283203 0.00268936
13 0.221191 0.296875 0.0537109 0.0332031 0.00269508
9 0.227051 0.362305 0.155273 0.1875 0.00282288
11 0.366211 0.132812 0.126953 0.0234375 0.00284767
2 0.244141 0.337402 0.154297 0.12793 0.00296783
11 0.809082 0.777832 0.0791016 0.0791016 0.0030098
13 0.272949 0.331543 0.256836 0.22168 0.00304794
8 0.67041 0.433594 0.0126953 0.0117188 0.00316048
13 0.26416 0.334961 0.112305 0.0722656 0.0032196
9 0.20459 0.305176 0.0869141 0.0712891 0.00322723
2 0.149414 0.748535 0.0234375 0.0224609 0.00322914
13 0.331543 0.386719 0.0791016 0.0292969 0.00323868
11 0.166504 0.284668 0.0439453 0.0517578 0.00324631
6 0.210449 0.310059 0.108398 0.0849609 0.00343704
2 0.580566 0.297852 0.0576172 0.0644531 0.00348473
9 0.149414 0.748535 0.0234375 0.0224609 0.00350761
3 0.535645 0.646973 0.358398 0.143555 0.00356102
2 0.167969 0.27832 0.0273438 0.0273438 0.00365639
7 0.394043 0.199707 0.0830078 0.124023 0.00381088
2 0.578125 0.252441 0.0273438 0.0322266 0.00381279
7 0.20459 0.306152 0.0888672 0.0712891 0.00383186
11 0.206055 0.308594 0.0957031 0.0820312 0.00391388
13 0.23584 0.399902 0.0791016 0.0283203 0.0042305
9 0.567383 0.29541 0.0878906 0.106445 0.00462723
13 0.345215 0.162109 0.155273 0.0546875 0.00469589
13 0.272949 0.405273 0.112305 0.0332031 0.0051384
9 0.597168 0.646973 0.102539 0.0966797 0.00514984
8 0.287598 0.511719 0.0146484 0.0117188 0.0052681
10 0.09375 0.776367 0.0527344 0.0742188 0.0054512
13 0.229004 0.330566 0.0517578 0.0302734 0.00552368
8 0.269043 0.45166 0.0126953 0.0126953 0.00572968
11 0.09375 0.776367 0.0527344 0.0742188 0.00576019
13 0.603516 0.381836 0.046875 0.0273438 0.00584793
7 0.597168 0.646973 0.102539 0.0966797 0.005867
9 0.256348 0.458984 0.321289 0.416016 0.00600433
13 0.378906 0.196777 0.105469 0.118164 0.00616837
13 0.228516 0.3125 0.0488281 0.0605469 0.00632858
11 0.29834 0.163086 0.124023 0.0722656 0.00636673
11 0.337891 0.166992 0.164062 0.0957031 0.0064621
7 0.423828 0.27832 0.0742188 0.150391 0.00684357
13 0.339844 0.267578 0.0625 0.0957031 0.0071373
11 0.60791 0.150879 0.108398 0.0517578 0.00735855
13 0.209961 0.346191 0.121094 0.174805 0.00737
11 0.175781 0.280762 0.0449219 0.0322266 0.00737381
13 0.183105 0.282227 0.0576172 0.0371094 0.00738144
2 0.580566 0.250488 0.0146484 0.0263672 0.00805664
8 0.599121 0.645508 0.0986328 0.0878906 0.00811005
9 0.168457 0.728516 0.125977 0.0859375 0.0083313
2 0.566895 0.29541 0.0927734 0.0908203 0.00836945
9 0.479004 0.467773 0.157227 0.496094 0.00902557
12 0.255859 0.478027 0.347656 0.479492 0.00908661
2 0.588379 0.298828 0.0361328 0.046875 0.0091629
8 0.626465 0.659668 0.0380859 0.0439453 0.00944519
11 0.299805 0.145508 0.0507812 0.0292969 0.0107803
13 0.285645 0.361816 0.151367 0.108398 0.0109024
13 0.250977 0.404297 0.0449219 0.0214844 0.0111237
9 0.427246 0.290527 0.0732422 0.12793 0.0114899
9 0.167969 0.278809 0.0273438 0.0263672 0.0118332
11 0.166016 0.27002 0.0332031 0.0498047 0.0123215
8 0.168457 0.279297 0.0263672 0.0253906 0.0128632
2 0.207031 0.307617 0.0957031 0.0800781 0.0134888
11 0.33252 0.15918 0.143555 0.0488281 0.0138168
11 0.279785 0.157227 0.0927734 0.0449219 0.0220032
13 0.241699 0.331543 0.0693359 0.0458984 0.0222473
7 0.168457 0.27832 0.0263672 0.0253906 0.0227356
0 0.5 0.29248 0.224609 0.133789 0.024826
13 0.169434 0.278809 0.0283203 0.0263672 0.0290985
13 0.263184 0.40918 0.0517578 0.0214844 0.0349426
11 0.617676 0.140137 0.106445 0.0263672 0.0360718
10 0.0922852 0.769531 0.0361328 0.0429688 0.0382996
11 0.0922852 0.77002 0.0361328 0.0439453 0.0428772
13 0.234375 0.321777 0.111328 0.0751953 0.0447693
13 0.195801 0.291504 0.0791016 0.0439453 0.0532837
10 0.811035 0.775879 0.0478516 0.0615234 0.0563965
11 0.168945 0.276855 0.0253906 0.0283203 0.0657349
13 0.253418 0.334961 0.155273 0.123047 0.0673828
11 0.811035 0.777832 0.0458984 0.0576172 0.0755615
11 0.345215 0.143066 0.15918 0.0380859 0.0771484
11 0.30127 0.146973 0.0927734 0.0439453 0.284668
0 0.556641 0.299805 0.111328 0.115234 0.301514
13 0.206543 0.308105 0.0986328 0.0810547 0.344727
