13 0.235352 0.357422 0.0253906 0.0195312 0.000407934
13 0.330078 0.528809 0.0703125 0.0244141 0.000408411
7 0.213867 0.489746 0.285156 0.47168 0.000409365
13 0.258301 0.32666 0.141602 0.0830078 0.000409603
7 0.541992 0.34668 0.125 0.125 0.000410557
7 0.337891 0.314941 0.113281 0.165039 0.000411272
6 0.614746 0.212402 0.0849609 0.0673828 0.00041461
6 0.625977 0.243652 0.0644531 0.118164 0.000415564
9 0.469238 0.0102539 0.106445 0.0185547 0.00042057
11 0.225098 0.277832 0.0283203 0.0341797 0.000420809
13 0.182617 0.594238 0.201172 0.264648 0.000421286
4 0.541992 0.34668 0.125 0.125 0.000426769
2 0.348145 0.241699 0.0361328 0.0283203 0.0004282
11 0.174316 0.255859 0.0673828 0.0859375 0.000433207
12 0.213867 0.489746 0.285156 0.47168 0.000433922
13 0.776367 0.391113 0.0625 0.100586 0.00043869
5 0.768066 0.602051 0.104492 0.151367 0.000440121
2 0.216309 0.428711 0.0322266 0.0234375 0.000443935
2 0.258301 0.337891 0.241211 0.214844 0.000445127
11 0.262695 0.216797 0.199219 0.105469 0.000448942
9 0.175293 0.306641 0.0576172 0.0429688 0.000449181
8 0.277344 0.324707 0.0332031 0.0126953 0.000452042
12 0.544922 0.344727 0.121094 0.119141 0.000457048
11 0.363281 0.196777 0.0742188 0.0400391 0.000457287
8 0.705078 0.269043 0.0175781 0.0126953 0.000460386
7 0.216309 0.64502 0.15918 0.133789 0.000463009
2 0.614746 0.212402 0.0849609 0.0673828 0.0004673
10 0.631836 0.214844 0.0371094 0.0585938 0.000468254
5 0.631836 0.21582 0.0371094 0.0585938 0.000471115
11 0.472168 0.375488 0.258789 0.165039 0.00047183
9 0.771484 0.366699 0.0449219 0.0634766 0.000473261
8 0.929688 0.918457 0.130859 0.147461 0.000473976
12 0.25293 0.348145 0.220703 0.192383 0.000474215
2 0.583496 0.206543 0.0302734 0.0517578 0.00047636
5 0.541992 0.34668 0.125 0.125 0.000478268
11 0.555176 0.184082 0.0576172 0.0322266 0.000486135
13 0.78125 0.376465 0.0371094 0.0498047 0.000489235
13 0.193359 0.28418 0.0917969 0.0898438 0.000499249
1 0.190918 0.374512 0.0224609 0.0224609 0.000499249
2 0.775879 0.358887 0.0302734 0.0380859 0.000500202
13 0.209473 0.265625 0.0595703 0.0585938 0.000518799
7 0.388672 0.317871 0.078125 0.209961 0.000519276
5 0.146484 0.523438 0.132812 0.332031 0.000526428
2 0.587891 0.218262 0.046875 0.0732422 0.000528812
13 0.185059 0.432129 0.0869141 0.0361328 0.00053072
11 0.593262 0.174316 0.0576172 0.0146484 0.000533104
4 0.224121 0.348633 0.0478516 0.0390625 0.000546932
6 0.580566 0.20752 0.0244141 0.0498047 0.000549316
8 0.306641 0.334961 0.0527344 0.0332031 0.00055933
9 0.581543 0.200684 0.0244141 0.0458984 0.000569344
7 0.72168 0.706543 0.0351562 0.0419922 0.000569344
9 0.190918 0.319336 0.0908203 0.0800781 0.000571251
13 0.650879 0.391602 0.0888672 0.0839844 0.000571251
11 0.349609 0.238281 0.0332031 0.0292969 0.000575066
6 0.167969 0.122559 0.335938 0.245117 0.000576496
8 0.631836 0.214355 0.0371094 0.0615234 0.000578403
13 0.765625 0.346191 0.0761719 0.0947266 0.00058794
6 0.171387 0.303223 0.0498047 0.0361328 0.000588417
13 0.21875 0.429199 0.0195312 0.0166016 0.000592232
11 0.197754 0.331055 0.0986328 0.101562 0.000595093
7 0.384766 0.431152 0.0859375 0.157227 0.000597
13 0.224121 0.277832 0.0205078 0.0185547 0.000597477
2 0.175293 0.306641 0.0576172 0.0429688 0.000600338
12 0.200195 0.359375 0.103516 0.158203 0.000610828
1 0.541992 0.34668 0.125 0.125 0.000611782
11 0.297363 0.189453 0.0751953 0.0234375 0.000615597
5 0.141113 0.66748 0.12207 0.118164 0.000621796
13 0.647949 0.225098 0.0615234 0.0810547 0.00063467
13 0.540039 0.349609 0.125 0.130859 0.000639439
13 0.303223 0.288086 0.0966797 0.119141 0.000640869
11 0.544922 0.344727 0.121094 0.119141 0.000641346
9 0.227539 0.349609 0.0449219 0.0371094 0.000648499
13 0.711426 0.399902 0.15918 0.147461 0.000658035
12 0.317871 0.321289 0.0732422 0.0566406 0.00066328
13 0.272461 0.353027 0.128906 0.0673828 0.000673294
4 0.189941 0.371094 0.0498047 0.0605469 0.000677586
13 0.236328 0.263672 0.0703125 0.0585938 0.000679016
11 0.258301 0.337891 0.241211 0.214844 0.000679016
8 0.187012 0.380371 0.0185547 0.0146484 0.000682354
9 0.337891 0.314941 0.113281 0.165039 0.000695229
8 0.698242 0.338379 0.0253906 0.0185547 0.000697613
3 0.248535 0.357422 0.21582 0.1875 0.000698566
7 0.327637 0.308105 0.0869141 0.0908203 0.000703812
13 0.349121 0.239746 0.0322266 0.0283203 0.000736713
11 0.347656 0.175781 0.103516 0.0253906 0.00073719
3 0.182617 0.594238 0.201172 0.264648 0.000738621
8 0.206055 0.420898 0.0566406 0.0332031 0.000739098
1 0.188965 0.370117 0.0556641 0.0839844 0.000741005
3 0.213867 0.489746 0.285156 0.47168 0.000745296
5 0.759766 0.404785 0.113281 0.147461 0.000745296
5 0.318848 0.324707 0.0732422 0.0478516 0.000749588
8 0.57666 0.694824 0.0537109 0.0400391 0.00075531
3 0.743164 0.541992 0.240234 0.412109 0.0007658
3 0.472168 0.375488 0.258789 0.165039 0.000767231
13 0.63916 0.303711 0.131836 0.220703 0.000768661
8 0.284668 0.499512 0.0283203 0.0205078 0.000770092
8 0.144043 0.335449 0.0302734 0.0283203 0.000776291
13 0.609375 0.191895 0.0820312 0.0263672 0.000780582
0 0.351562 0.0102539 0.117188 0.0205078 0.000784874
11 0.27002 0.196289 0.0712891 0.0292969 0.000789165
8 0.272461 0.353027 0.128906 0.0673828 0.000791073
0 0.929688 0.918457 0.130859 0.147461 0.0008111
10 0.059082 0.828125 0.0439453 0.0683594 0.000822544
13 0.156738 0.294434 0.0322266 0.0224609 0.000828266
2 0.625977 0.243652 0.0644531 0.118164 0.000829697
11 0.328613 0.181641 0.0576172 0.015625 0.000841141
11 0.33252 0.187988 0.12207 0.0283203 0.000842571
7 0.19873 0.369629 0.0576172 0.0400391 0.000853539
11 0.551758 0.208984 0.0761719 0.0722656 0.000867844
6 0.774902 0.361816 0.0302734 0.0439453 0.000870228
9 0.465332 0.486816 0.274414 0.452148 0.000873566
8 0.239258 0.359375 0.0175781 0.0117188 0.00089407
11 0.653809 0.191406 0.116211 0.0664062 0.000897408
8 0.756836 0.312988 0.0136719 0.0126953 0.000908375
11 0.059082 0.828125 0.0439453 0.0683594 0.000909328
13 0.218262 0.480469 0.299805 0.464844 0.000914097
11 0.618652 0.213379 0.0751953 0.0673828 0.000926495
3 0.791992 0.0737305 0.400391 0.120117 0.00093174
7 0.171387 0.303223 0.0498047 0.0361328 0.000934601
7 0.580566 0.20752 0.0244141 0.0498047 0.000948429
6 0.190918 0.319336 0.0908203 0.0800781 0.000949383
8 0.20166 0.369629 0.0498047 0.0458984 0.000950336
13 0.167969 0.122559 0.335938 0.245117 0.000968456
3 0.199219 0.358398 0.109375 0.160156 0.00097847
8 0.380371 0.608887 0.0302734 0.0185547 0.000987053
8 0.544922 0.344727 0.121094 0.119141 0.00098896
8 0.725586 0.383301 0.0136719 0.0126953 0.000999451
13 0.259766 0.297852 0.205078 0.158203 0.00101089
11 0.600098 0.182129 0.0751953 0.0283203 0.00102806
9 0.175293 0.650391 0.133789 0.128906 0.00105476
8 0.294434 0.42334 0.0263672 0.0205078 0.00106525
13 0.660645 0.480957 0.0654297 0.0244141 0.00107479
9 0.188965 0.370117 0.0556641 0.0839844 0.00108814
0 0.21582 0.355469 0.138672 0.164062 0.00109577
13 0.740723 0.390137 0.106445 0.102539 0.00109768
9 0.77832 0.604492 0.152344 0.275391 0.00111198
8 0.276367 0.324707 0.0078125 0.00878906 0.00111961
6 0.193848 0.642578 0.161133 0.140625 0.0011301
13 0.17334 0.626953 0.149414 0.160156 0.00114536
9 0.312012 0.331543 0.0947266 0.100586 0.00114822
8 0.21582 0.344727 0.0664062 0.0488281 0.00114918
7 0.229492 0.351562 0.101562 0.0976562 0.00115013
11 0.651855 0.180176 0.110352 0.0302734 0.00115299
9 0.349121 0.239746 0.0322266 0.0283203 0.0011549
7 0.190918 0.319336 0.0908203 0.0800781 0.00115681
5 0.770508 0.462402 0.142578 0.272461 0.00115967
1 0.631348 0.217285 0.0419922 0.0615234 0.00115967
4 0.251465 0.347168 0.208008 0.174805 0.00116348
10 0.538086 0.351074 0.132812 0.131836 0.00116825
11 0.653809 0.189453 0.0576172 0.0273438 0.00118351
13 0.291992 0.230957 0.0703125 0.0498047 0.00121689
9 0.225098 0.277832 0.0283203 0.0341797 0.00121975
3 0.315918 0.32373 0.0751953 0.0478516 0.00122356
2 0.540039 0.349609 0.125 0.130859 0.00122547
11 0.23584 0.209961 0.120117 0.0664062 0.00123882
7 0.308105 0.329102 0.0947266 0.0898438 0.00127029
13 0.206055 0.420898 0.0566406 0.0332031 0.00127316
6 0.197754 0.600098 0.208008 0.243164 0.00128746
13 0.194336 0.347656 0.0839844 0.0917969 0.00132561
13 0.569824 0.218262 0.0498047 0.0791016 0.00132656
13 0.23291 0.267578 0.0400391 0.0390625 0.00136089
6 0.19873 0.369629 0.0576172 0.0400391 0.00139141
5 0.755371 0.382324 0.0732422 0.0888672 0.00143051
6 0.213867 0.489746 0.285156 0.47168 0.00145721
9 0.541992 0.34668 0.125 0.125 0.00146389
13 0.175781 0.403809 0.0488281 0.0224609 0.00147152
9 0.388672 0.317871 0.078125 0.209961 0.00148392
8 0.251465 0.347168 0.208008 0.174805 0.00148964
11 0.669922 0.210449 0.177734 0.0869141 0.00149918
7 0.774902 0.361816 0.0302734 0.0439453 0.0015173
13 0.185059 0.40918 0.0693359 0.0371094 0.00152493
11 0.775391 0.36084 0.03125 0.0361328 0.0015316
9 0.475586 0.383301 0.267578 0.204102 0.00153637
1 0.252441 0.348633 0.206055 0.173828 0.00153637
11 0.599121 0.192871 0.0498047 0.0244141 0.00155926
13 0.643555 0.221191 0.167969 0.0966797 0.00156879
11 0.578125 0.186035 0.0644531 0.0361328 0.00157833
13 0.650391 0.200684 0.0742188 0.0537109 0.0015955
7 0.349121 0.239746 0.0322266 0.0283203 0.00160027
8 0.28418 0.35791 0.0371094 0.0205078 0.00165939
2 0.197266 0.331543 0.0996094 0.102539 0.00169563
6 0.214355 0.349121 0.0693359 0.0458984 0.00170326
9 0.251465 0.347168 0.208008 0.174805 0.00179958
9 0.633789 0.214844 0.0390625 0.0722656 0.00180531
11 0.572754 0.208008 0.0419922 0.0605469 0.00191307
10 0.859375 0.836426 0.03125 0.0478516 0.00193024
1 0.31543 0.324219 0.0761719 0.0507812 0.00193691
13 0.215332 0.426758 0.0322266 0.0195312 0.00195122
9 0.775391 0.36084 0.03125 0.0361328 0.00196648
11 0.618164 0.17627 0.0917969 0.0185547 0.00200844
0 0.56543 0.32959 0.0761719 0.0849609 0.00201035
9 0.73877 0.518555 0.262695 0.462891 0.00205612
11 0.859375 0.836426 0.0332031 0.0478516 0.00210762
8 0.231445 0.414062 0.0117188 0.00976562 0.00214767
13 0.780762 0.354492 0.0576172 0.0546875 0.00216293
11 0.725098 0.206543 0.0654297 0.0498047 0.00219345
2 0.29248 0.34375 0.147461 0.121094 0.00220299
13 0.23584 0.29541 0.114258 0.106445 0.00222778
11 0.631836 0.214844 0.0371094 0.0585938 0.00228691
4 0.189453 0.373535 0.0253906 0.0224609 0.00229836
11 0.317871 0.321289 0.0732422 0.0566406 0.00237846
13 0.592773 0.23877 0.0800781 0.104492 0.00242996
7 0.224121 0.348633 0.0478516 0.0390625 0.00244331
9 0.218262 0.429688 0.0205078 0.015625 0.00245476
0 0.317871 0.32373 0.0732422 0.0576172 0.00253296
3 0.541992 0.34668 0.125 0.125 0.0026741
9 0.388672 0.400879 0.109375 0.229492 0.00269508
7 0.218262 0.429688 0.0205078 0.015625 0.00273132
11 0.197266 0.233887 0.0703125 0.0693359 0.00302124
9 0.213867 0.489746 0.285156 0.47168 0.00304222
13 0.219238 0.288574 0.0751953 0.0712891 0.00307846
8 0.229492 0.351562 0.101562 0.0976562 0.00315666
2 0.188965 0.370117 0.0556641 0.0839844 0.00317574
8 0.722168 0.706055 0.0361328 0.0390625 0.00330353
7 0.254395 0.347656 0.211914 0.169922 0.00332451
7 0.631836 0.214844 0.0371094 0.0585938 0.00334358
6 0.190918 0.374512 0.0224609 0.0224609 0.00335121
13 0.29248 0.34375 0.147461 0.121094 0.00339699
7 0.188965 0.370117 0.0556641 0.0839844 0.00344086
1 0.200195 0.35791 0.103516 0.161133 0.00346184
5 0.244629 0.351562 0.202148 0.175781 0.00356483
9 0.17627 0.59668 0.176758 0.25 0.00357246
11 0.21582 0.355469 0.138672 0.164062 0.00364113
5 0.223145 0.617188 0.145508 0.195312 0.00364113
13 0.212402 0.272949 0.0419922 0.0361328 0.00372887
6 0.632324 0.216797 0.0419922 0.0644531 0.00374603
2 0.218262 0.429688 0.0205078 0.015625 0.00387573
6 0.188965 0.370117 0.0556641 0.0839844 0.00394058
11 0.633789 0.199219 0.0546875 0.0527344 0.00403976
6 0.229492 0.351562 0.101562 0.0976562 0.00416946
2 0.631348 0.21875 0.0400391 0.0664062 0.0042305
3 0.507324 0.660156 0.401367 0.150391 0.00440216
13 0.228516 0.35498 0.046875 0.0322266 0.00445175
9 0.19043 0.373535 0.0253906 0.0244141 0.0044632
11 0.585449 0.200684 0.0322266 0.0439453 0.00450897
11 0.326172 0.180664 0.0859375 0.0234375 0.00460815
4 0.200195 0.359375 0.103516 0.158203 0.00465393
6 0.315918 0.324707 0.0712891 0.0498047 0.00469589
13 0.193359 0.391602 0.0800781 0.0859375 0.00476837
9 0.200684 0.359863 0.102539 0.15332 0.00478363
13 0.19873 0.369629 0.0576172 0.0400391 0.00479126
8 0.235352 0.357422 0.0253906 0.0195312 0.00482178
13 0.591797 0.198242 0.0566406 0.0527344 0.00487137
11 0.696777 0.201172 0.118164 0.0527344 0.00490189
2 0.189941 0.375 0.0244141 0.0214844 0.00496292
11 0.258301 0.200195 0.114258 0.0410156 0.00609589
13 0.621582 0.244629 0.0966797 0.131836 0.00673294
8 0.216309 0.428711 0.0322266 0.0234375 0.00681686
8 0.308105 0.329102 0.0947266 0.0898438 0.00703812
5 0.203613 0.364258 0.104492 0.152344 0.00751495
13 0.166992 0.299805 0.0410156 0.0253906 0.00792694
8 0.289062 0.358398 0.015625 0.0136719 0.00799561
13 0.22168 0.283691 0.0449219 0.0498047 0.0082016
13 0.214355 0.349121 0.0693359 0.0458984 0.00822449
11 0.601074 0.197754 0.0673828 0.0439453 0.00919342
6 0.24707 0.352051 0.197266 0.174805 0.00987244
7 0.189941 0.373535 0.0244141 0.0224609 0.00995636
13 0.317871 0.321289 0.0732422 0.0566406 0.0104294
13 0.780273 0.352539 0.03125 0.0429688 0.0109253
11 0.293945 0.189453 0.138672 0.0351562 0.0113678
8 0.189941 0.37793 0.0380859 0.0410156 0.0118179
2 0.21582 0.355469 0.138672 0.164062 0.0119247
13 0.624023 0.195801 0.0898438 0.0439453 0.0122833
11 0.67041 0.191406 0.100586 0.0390625 0.0124817
13 0.229492 0.351562 0.101562 0.0976562 0.0124893
8 0.199219 0.361328 0.105469 0.146484 0.0125351
8 0.227539 0.352539 0.0429688 0.0332031 0.0138321
13 0.190918 0.374512 0.0224609 0.0224609 0.0152969
4 0.317871 0.325684 0.0732422 0.0478516 0.0157471
7 0.200195 0.359375 0.103516 0.158203 0.0162964
5 0.175293 0.646484 0.139648 0.138672 0.0178223
13 0.225098 0.277832 0.0283203 0.0341797 0.0180206
13 0.609375 0.209961 0.078125 0.0644531 0.0193939
5 0.776855 0.614746 0.145508 0.254883 0.021286
2 0.317871 0.321289 0.0732422 0.0566406 0.0222931
13 0.765625 0.370605 0.0527344 0.0654297 0.0241394
13 0.188965 0.370117 0.0556641 0.0839844 0.0244598
8 0.348145 0.238281 0.0341797 0.0292969 0.0245361
9 0.317871 0.321289 0.0732422 0.0566406 0.0248566
13 0.587891 0.218262 0.046875 0.0732422 0.028656
11 0.624512 0.186523 0.104492 0.03125 0.0289917
0 0.469727 0.383301 0.259766 0.196289 0.0342102
8 0.188965 0.370117 0.0556641 0.0839844 0.0367126
5 0.751953 0.542969 0.205078 0.414062 0.0404968
6 0.200195 0.359375 0.0976562 0.152344 0.0470581
13 0.248535 0.357422 0.21582 0.1875 0.0504456
7 0.317871 0.325195 0.0732422 0.0488281 0.0516357
5 0.211914 0.491211 0.28125 0.470703 0.0520325
13 0.175293 0.306641 0.0576172 0.0429688 0.0553894
13 0.625488 0.233887 0.0556641 0.0947266 0.0706787
13 0.580566 0.20752 0.0244141 0.0498047 0.0841675
5 0.17627 0.59668 0.176758 0.25 0.0873413
13 0.774414 0.362793 0.03125 0.0458984 0.0968628
8 0.218262 0.429688 0.0205078 0.015625 0.100769
13 0.188965 0.317871 0.0888672 0.0771484 0.121948
8 0.189453 0.373535 0.0253906 0.0224609 0.256348
13 0.205566 0.358398 0.112305 0.158203 0.343994
13 0.634277 0.211914 0.0400391 0.0683594 0.485107
0 0.538574 0.347656 0.131836 0.125 0.516602
8 0.316406 0.324219 0.0742188 0.046875 0.540527
