11 0.15918 0.444336 0.0683594 0.0214844 0.000102341
6 0.258789 0.572754 0.160156 0.166992 0.00010246
9 0.842285 0.676758 0.0263672 0.0214844 0.000103474
8 0.596191 0.196289 0.00878906 0.00976562 0.000103652
5 0.222168 0.503906 0.0771484 0.0488281 0.00010401
2 0.778809 0.411133 0.329102 0.511719 0.000104547
11 0.964355 0.939941 0.0693359 0.120117 0.000105143
10 0.932129 0.65918 0.0712891 0.154297 0.000105262
13 0.775391 0.520996 0.0957031 0.0830078 0.000106812
8 0.578613 0.320801 0.186523 0.178711 0.000106812
13 0.26123 0.537598 0.106445 0.108398 0.000107646
5 0.778809 0.252441 0.0654297 0.129883 0.000109017
9 0.407715 0.0498047 0.110352 0.0996094 0.000109553
10 0.081543 0.745117 0.112305 0.177734 0.000109613
13 0.76123 0.276855 0.0634766 0.125977 0.000111282
3 0.581543 0.861816 0.836914 0.276367 0.000111818
7 0.814941 0.583984 0.12793 0.130859 0.000112176
7 0.819336 0.642578 0.222656 0.0878906 0.000112355
0 0.580566 0.645996 0.428711 0.116211 0.000112832
11 0.221191 0.19043 0.0712891 0.0742188 0.000113487
9 0.660156 0.391602 0.0664062 0.0683594 0.000113904
8 0.659668 0.245117 0.0439453 0.0332031 0.000115275
13 0.811035 0.520996 0.0771484 0.0283203 0.000116289
8 0.248047 0.381348 0.0175781 0.0146484 0.000116408
7 0.15332 0.445801 0.0585938 0.0166016 0.00011754
11 0.266113 0.444824 0.327148 0.510742 0.000118077
7 0.908691 0.658691 0.0615234 0.102539 0.000118673
9 0.577148 0.394043 0.164062 0.366211 0.00011909
9 0.332031 0.590332 0.0332031 0.0185547 0.000119388
13 0.850098 0.633301 0.0712891 0.0322266 0.000119448
5 0.803711 0.522461 0.119141 0.121094 0.000119567
9 0.875977 0.685547 0.162109 0.0976562 0.000119746
9 0.492676 0.405762 0.143555 0.331055 0.000120103
11 0.385254 0.116699 0.0712891 0.0166016 0.000120819
13 0.631348 0.398438 0.0810547 0.0351562 0.000120819
0 0.496094 0.368652 0.160156 0.225586 0.000124812
10 0.913574 0.709473 0.133789 0.178711 0.000125051
9 0.193848 0.504883 0.186523 0.357422 0.000125289
9 0.574219 0.557617 0.373047 0.3125 0.000126123
10 0.96875 0.958008 0.0625 0.0839844 0.000126481
10 0.583984 0.661133 0.439453 0.164062 0.000128388
11 0.60791 0.148438 0.0576172 0.0664062 0.000128388
8 0.609863 0.576172 0.0205078 0.0234375 0.000128746
13 0.291992 0.578125 0.181641 0.15625 0.000129342
5 0.581055 0.644531 0.433594 0.162109 0.000129461
7 0.898438 0.62793 0.0742188 0.115234 0.000130534
7 0.918457 0.684082 0.0517578 0.0908203 0.000131011
13 0.189453 0.293945 0.0390625 0.0449219 0.000131249
3 0.744629 0.0327148 0.510742 0.0615234 0.000131249
9 0.918457 0.684082 0.0517578 0.0908203 0.000131369
3 0.945312 0.673828 0.0820312 0.169922 0.000133276
10 0.934082 0.927246 0.131836 0.145508 0.000133872
5 0.782715 0.291504 0.118164 0.21582 0.000134706
11 0.330078 0.124512 0.0625 0.0263672 0.000135422
6 0.252441 0.544922 0.250977 0.294922 0.000135541
3 0.53418 0.323242 0.244141 0.177734 0.00013566
11 0.348633 0.114746 0.113281 0.0185547 0.000135899
13 0.163086 0.518555 0.046875 0.0195312 0.000136256
2 0.612305 0.232422 0.015625 0.0195312 0.000136495
2 0.20459 0.387207 0.0224609 0.0205078 0.000137806
3 0.640137 0.69043 0.520508 0.130859 0.000138164
8 0.209473 0.551758 0.0107422 0.00976562 0.000138283
0 0.791992 0.429688 0.263672 0.466797 0.000139713
8 0.445801 0.602539 0.0166016 0.0175781 0.000141978
5 0.742188 0.495117 0.220703 0.316406 0.000142217
8 0.84375 0.679199 0.0214844 0.0166016 0.000142932
13 0.303711 0.576172 0.101562 0.0585938 0.000143528
9 0.597656 0.788574 0.529297 0.393555 0.000146508
13 0.803711 0.522461 0.119141 0.121094 0.000147462
13 0.830566 0.58252 0.15332 0.141602 0.0001477
13 0.682129 0.184082 0.0615234 0.0888672 0.000147939
6 0.814453 0.583984 0.132812 0.132812 0.000148416
13 0.706543 0.407715 0.27832 0.493164 0.000149727
13 0.357422 0.278809 0.0917969 0.12207 0.000151038
0 0.0273438 0.422363 0.0546875 0.307617 0.000152588
8 0.81543 0.629883 0.0195312 0.0175781 0.000152707
13 0.23291 0.505859 0.209961 0.339844 0.000154972
8 0.328125 0.586426 0.046875 0.0224609 0.000155091
9 0.760254 0.709473 0.422852 0.196289 0.000156045
9 0.147949 0.723633 0.143555 0.166016 0.000156283
2 0.778809 0.252441 0.0654297 0.129883 0.000156283
10 0.990234 0.88916 0.0195312 0.0576172 0.000156283
0 0.606445 0.324219 0.0625 0.0761719 0.000156999
5 0.817871 0.621582 0.0380859 0.0322266 0.000157952
4 0.817871 0.62207 0.0322266 0.03125 0.000159264
2 0.551758 0.324219 0.208984 0.175781 0.00015974
9 0.828613 0.62207 0.0771484 0.0449219 0.000162363
9 0.15918 0.444336 0.0683594 0.0214844 0.000162601
4 0.266113 0.444824 0.327148 0.510742 0.000163794
7 0.33252 0.590332 0.0302734 0.0185547 0.000164509
7 0.791992 0.429688 0.263672 0.466797 0.000165701
10 0.852051 0.695312 0.243164 0.121094 0.000167608
10 0.980957 0.924805 0.0380859 0.111328 0.000167608
9 0.0537109 0.496094 0.107422 0.511719 0.000169039
13 0.210449 0.495605 0.0751953 0.0439453 0.00017035
3 0.700684 0.959473 0.594727 0.0791016 0.000170708
10 0.223633 0.962402 0.375 0.0751953 0.000172734
1 0.266113 0.444824 0.327148 0.510742 0.000174403
9 0.835938 0.557617 0.162109 0.208984 0.000174642
8 0.657227 0.530762 0.0175781 0.0185547 0.000175118
11 0.30957 0.145996 0.214844 0.0888672 0.000176191
13 0.202148 0.385254 0.0117188 0.0107422 0.000178576
6 0.83252 0.62207 0.0947266 0.0546875 0.000181437
3 0.252441 0.544922 0.250977 0.294922 0.00018239
5 0.750977 0.331055 0.238281 0.349609 0.000182748
8 0.242188 0.353516 0.0175781 0.0136719 0.000183582
11 0.77832 0.148926 0.0878906 0.0654297 0.000187159
13 0.981934 0.92334 0.0361328 0.137695 0.000188112
5 0.848145 0.622559 0.141602 0.0830078 0.000189662
7 0.828125 0.549316 0.181641 0.223633 0.000191927
8 0.337402 0.583496 0.0537109 0.0380859 0.000193357
5 0.216797 0.422363 0.197266 0.354492 0.000199318
13 0.762207 0.23291 0.12207 0.170898 0.000201106
8 0.795898 0.555176 0.0117188 0.0126953 0.000202298
0 0.609375 0.355469 0.109375 0.216797 0.000203967
10 0.266113 0.444824 0.327148 0.510742 0.000204563
11 0.990234 0.88916 0.0195312 0.0576172 0.000208259
5 0.858398 0.513184 0.142578 0.288086 0.000210404
11 0.0878906 0.787598 0.0625 0.108398 0.000211835
10 0.0878906 0.787598 0.0625 0.108398 0.000212431
10 0.104004 0.730469 0.0439453 0.0800781 0.000214338
5 0.235352 0.505859 0.126953 0.111328 0.00021863
5 0.53418 0.449219 0.220703 0.511719 0.000220537
13 0.787598 0.223145 0.0712891 0.104492 0.000221372
8 0.266113 0.444824 0.327148 0.510742 0.000222087
0 0.584961 0.289551 0.0800781 0.0888672 0.000228643
13 0.33252 0.590332 0.0302734 0.0185547 0.000228882
2 0.266113 0.444824 0.327148 0.510742 0.000229001
5 0.79541 0.466309 0.180664 0.204102 0.000231028
9 0.773926 0.657227 0.272461 0.0605469 0.000232697
8 0.661133 0.527832 0.00976562 0.0126953 0.000234485
11 0.980469 0.923828 0.0390625 0.113281 0.000236154
5 0.26709 0.621094 0.299805 0.279297 0.000237226
5 0.77832 0.560059 0.103516 0.129883 0.000240088
3 0.574219 0.557617 0.373047 0.3125 0.000244617
0 0.587891 0.376465 0.179688 0.305664 0.000250101
11 0.805176 0.166504 0.0966797 0.0693359 0.000251532
13 0.811523 0.526367 0.1875 0.25 0.000253916
8 0.324707 0.421875 0.0126953 0.0117188 0.000257254
2 0.646484 0.396973 0.0859375 0.0673828 0.000257492
8 0.742676 0.250488 0.0146484 0.0146484 0.000264645
13 0.770996 0.265137 0.0341797 0.0693359 0.000265837
9 0.259766 0.562012 0.154297 0.161133 0.000267744
9 0.221191 0.691406 0.260742 0.117188 0.000268221
13 0.817871 0.621582 0.0380859 0.0322266 0.00027132
13 0.194336 0.325195 0.0234375 0.0976562 0.000273705
8 0.834961 0.551758 0.0117188 0.00976562 0.00027442
12 0.778809 0.411133 0.329102 0.511719 0.000274897
13 0.767578 0.565918 0.0722656 0.0498047 0.000279903
3 0.803223 0.492676 0.227539 0.331055 0.00028038
13 0.67627 0.379395 0.0615234 0.0634766 0.000281572
11 0.650879 0.0981445 0.108398 0.0166016 0.00028491
0 0.266113 0.444824 0.327148 0.510742 0.000285864
13 0.828613 0.62207 0.0771484 0.0449219 0.000288248
9 0.461426 0.352539 0.0341797 0.03125 0.000295401
13 0.172363 0.424316 0.0888672 0.0771484 0.000303507
11 0.401855 0.141113 0.0966797 0.0654297 0.000304699
11 0.104004 0.730469 0.0439453 0.0800781 0.000305653
13 0.247559 0.520508 0.0771484 0.0664062 0.000311613
10 0.925293 0.711426 0.0712891 0.112305 0.000313044
8 0.324707 0.518555 0.0244141 0.0195312 0.000316858
5 0.804688 0.560059 0.287109 0.291992 0.00031805
13 0.61377 0.23291 0.0244141 0.0263672 0.000323772
13 0.163086 0.520996 0.0332031 0.0126953 0.000327587
6 0.589355 0.307617 0.12793 0.134766 0.000330925
9 0.84375 0.615723 0.150391 0.102539 0.000339985
8 0.723633 0.535645 0.015625 0.0126953 0.000340462
9 0.838379 0.663086 0.194336 0.0996094 0.000343561
9 0.776855 0.254883 0.0615234 0.119141 0.000344276
13 0.848145 0.622559 0.137695 0.0810547 0.000353575
3 0.701172 0.864258 0.572266 0.271484 0.000354052
6 0.828125 0.549316 0.181641 0.223633 0.000360489
9 0.203125 0.385742 0.0117188 0.0117188 0.000370264
8 0.407715 0.358398 0.0244141 0.0175781 0.000370502
13 0.205078 0.489258 0.125 0.0820312 0.00038743
13 0.647461 0.399414 0.134766 0.273438 0.000389338
8 0.819824 0.619629 0.0556641 0.0419922 0.00039196
7 0.590332 0.308105 0.125977 0.139648 0.000392675
13 0.22998 0.503906 0.0576172 0.0371094 0.000396729
13 0.199707 0.481445 0.147461 0.197266 0.000404596
4 0.589355 0.307617 0.12793 0.134766 0.000405312
8 0.371094 0.62207 0.0117188 0.00976562 0.000412941
6 0.817871 0.621582 0.0380859 0.0322266 0.000415087
11 0.652832 0.11084 0.12207 0.0244141 0.000417471
11 0.908691 0.658691 0.0615234 0.102539 0.000423193
12 0.590332 0.308105 0.125977 0.139648 0.000442982
9 0.816895 0.62207 0.0322266 0.03125 0.000446081
9 0.127441 0.145508 0.0673828 0.0566406 0.000457048
13 0.266113 0.444824 0.327148 0.510742 0.000458956
7 0.266113 0.444824 0.327148 0.510742 0.000460863
8 0.816895 0.328125 0.0126953 0.0136719 0.000472307
7 0.83252 0.62207 0.0947266 0.0546875 0.000475883
6 0.84375 0.615234 0.152344 0.0996094 0.000480652
11 0.925293 0.711426 0.0712891 0.112305 0.000481606
11 0.611816 0.113281 0.0673828 0.0351562 0.000493526
11 0.23584 0.175293 0.0693359 0.0595703 0.000496864
6 0.791992 0.429688 0.263672 0.466797 0.000510693
5 0.199707 0.481445 0.147461 0.197266 0.000543118
13 0.76123 0.254395 0.0341797 0.0927734 0.000553131
8 0.343262 0.464844 0.0244141 0.0195312 0.000567913
5 0.590332 0.308105 0.125977 0.139648 0.000588894
10 0.0981445 0.755859 0.0498047 0.0976562 0.000593185
12 0.266113 0.444824 0.327148 0.510742 0.000595093
9 0.494629 0.587402 0.168945 0.336914 0.000600815
11 0.984863 0.886719 0.0302734 0.0800781 0.000603199
13 0.658691 0.39502 0.0791016 0.12793 0.000604153
9 0.251953 0.547363 0.220703 0.268555 0.000608444
9 0.529785 0.341309 0.233398 0.208008 0.000628948
8 0.203125 0.386719 0.0253906 0.0195312 0.000630379
8 0.461426 0.353027 0.0322266 0.0302734 0.000630856
5 0.196777 0.589355 0.166992 0.227539 0.000643253
1 0.589355 0.307617 0.12793 0.134766 0.000649929
10 0.984863 0.886719 0.0302734 0.0800781 0.000654697
10 0.908691 0.658691 0.0615234 0.102539 0.000662327
9 0.582031 0.644531 0.433594 0.132812 0.000662327
5 0.811035 0.598633 0.112305 0.0957031 0.000669956
2 0.203613 0.38623 0.0126953 0.0126953 0.000717163
11 0.589355 0.307617 0.12793 0.134766 0.00071907
13 0.184082 0.466309 0.12207 0.0751953 0.000725269
11 0.593262 0.124512 0.0673828 0.0537109 0.000728607
11 0.591309 0.152832 0.0673828 0.0947266 0.000739574
2 0.461914 0.354004 0.0332031 0.0302734 0.000751972
3 0.778809 0.411133 0.329102 0.511719 0.000761032
11 0.374512 0.131348 0.141602 0.0400391 0.00077343
13 0.588867 0.307617 0.121094 0.134766 0.000778675
0 0.61377 0.286133 0.0751953 0.0898438 0.000812054
8 0.592773 0.300293 0.119141 0.120117 0.000831127
3 0.961914 0.614258 0.0761719 0.214844 0.000870228
11 0.0981445 0.755859 0.0498047 0.0976562 0.000881195
7 0.817871 0.621582 0.0380859 0.0322266 0.000883102
5 0.831543 0.603027 0.194336 0.141602 0.000930786
11 0.42041 0.135742 0.0576172 0.0449219 0.00100803
3 0.266113 0.444824 0.327148 0.510742 0.00104904
3 0.585938 0.659668 0.451172 0.256836 0.0010891
9 0.811523 0.479004 0.207031 0.352539 0.00110245
10 0.589355 0.307617 0.12793 0.134766 0.0011301
7 0.84375 0.615723 0.150391 0.102539 0.00120926
13 0.182129 0.283203 0.0419922 0.0332031 0.00123119
2 0.588867 0.307617 0.121094 0.134766 0.00130177
6 0.266113 0.444824 0.327148 0.510742 0.00133324
11 0.359863 0.118164 0.0712891 0.015625 0.00143719
9 0.590332 0.303711 0.124023 0.128906 0.00148201
8 0.248535 0.387207 0.0185547 0.0166016 0.00152874
11 0.632812 0.10498 0.0878906 0.0263672 0.00154591
11 0.256348 0.159668 0.0869141 0.0693359 0.00156975
13 0.155273 0.44873 0.0859375 0.0458984 0.00160694
9 0.771484 0.686523 0.34375 0.0976562 0.00170231
0 0.532715 0.40625 0.231445 0.414062 0.00170612
11 0.306641 0.13623 0.138672 0.0595703 0.00186443
13 0.647949 0.398438 0.0830078 0.0703125 0.00198555
13 0.148926 0.451172 0.0576172 0.0214844 0.00209236
11 0.918457 0.684082 0.0517578 0.0908203 0.00221252
10 0.918457 0.684082 0.0517578 0.0908203 0.00226402
9 0.778809 0.411133 0.329102 0.511719 0.00227356
11 0.397949 0.125 0.0888672 0.03125 0.00231171
3 0.590332 0.303711 0.124023 0.128906 0.00299644
5 0.259766 0.562012 0.154297 0.161133 0.00348854
11 0.329102 0.126953 0.123047 0.0351562 0.0036087
9 0.266113 0.444824 0.327148 0.510742 0.00379944
8 0.33252 0.590332 0.0302734 0.0185547 0.00391388
13 0.179199 0.440918 0.106445 0.0341797 0.00460434
5 0.813477 0.541016 0.169922 0.216797 0.0064888
8 0.20166 0.385254 0.0126953 0.0107422 0.00680161
13 0.776855 0.254883 0.0615234 0.119141 0.00682068
9 0.52832 0.450195 0.21875 0.525391 0.00688553
13 0.662598 0.39209 0.0537109 0.0498047 0.0108109
11 0.361328 0.121094 0.126953 0.0234375 0.0108185
8 0.816895 0.621582 0.0322266 0.0302734 0.0112
5 0.251953 0.547363 0.220703 0.268555 0.0121384
0 0.534668 0.3125 0.237305 0.152344 0.013916
5 0.768555 0.407715 0.34375 0.543945 0.0155029
13 0.15918 0.444336 0.0683594 0.0214844 0.0251312
5 0.81543 0.462402 0.208984 0.397461 0.0527344
5 0.266113 0.444824 0.327148 0.510742 0.0533752
3 0.579102 0.646973 0.419922 0.114258 0.113403
0 0.59082 0.305664 0.125 0.128906 0.536621
