10 0.880371 0.868652 0.118164 0.165039 0.00010103
10 0.0507812 0.84668 0.0800781 0.0839844 0.000101209
11 0.725586 0.169922 0.220703 0.101562 0.000102282
8 0.852539 0.672852 0.0234375 0.0195312 0.000102401
7 0.850098 0.700195 0.0849609 0.111328 0.000102997
13 0.322266 0.702637 0.09375 0.0400391 0.000103116
9 0.839355 0.877441 0.147461 0.172852 0.000105023
6 0.85791 0.697266 0.0498047 0.0625 0.000105143
7 0.453613 0.375977 0.0380859 0.0351562 0.000105739
9 0.787598 0.0424805 0.424805 0.0849609 0.000105798
8 0.588867 0.691895 0.0234375 0.0224609 0.000106871
9 0.669434 0.737305 0.166992 0.0566406 0.000107229
12 0.793457 0.803223 0.21582 0.112305 0.000107586
8 0.352051 0.709473 0.0341797 0.0224609 0.000107944
9 0.464355 0.353516 0.108398 0.144531 0.000109911
9 0.89209 0.841309 0.0576172 0.0732422 0.000111461
9 0.382324 0.452637 0.0302734 0.0283203 0.00011158
13 0.0214844 0.148438 0.0429688 0.0449219 0.000112176
0 0.598145 0.321777 0.0439453 0.0400391 0.000112414
9 0.174316 0.731445 0.0419922 0.0351562 0.000112593
9 0.0737305 0.846191 0.0498047 0.0732422 0.000112712
9 0.239746 0.156738 0.0478516 0.0458984 0.000112772
13 0.745605 0.254883 0.0771484 0.105469 0.00011313
8 0.687012 0.653809 0.0205078 0.0146484 0.000113606
11 0.405762 0.12793 0.0771484 0.03125 0.000115514
9 0.404785 0.776855 0.186523 0.231445 0.000115514
13 0.37207 0.509277 0.0546875 0.0263672 0.000116348
8 0.353027 0.717285 0.0146484 0.0107422 0.000116348
9 0.602051 0.322754 0.0380859 0.0322266 0.000116825
13 0.35791 0.508789 0.0224609 0.0234375 0.000118673
3 0.417969 0.967773 0.517578 0.0625 0.000119686
8 0.148926 0.456543 0.0146484 0.0107422 0.000120401
13 0.32666 0.244141 0.100586 0.0996094 0.000120997
13 0.174316 0.731445 0.0419922 0.0351562 0.000120997
3 0.229492 0.782715 0.349609 0.188477 0.000121176
11 0.300293 0.697754 0.0791016 0.0400391 0.000121653
0 0.716309 0.58252 0.0322266 0.0283203 0.000121832
11 0.598633 0.183105 0.0996094 0.0810547 0.000121832
7 0.773926 0.17334 0.0732422 0.0537109 0.00012219
11 0.690918 0.742188 0.0751953 0.0371094 0.000124574
5 0.750488 0.46582 0.358398 0.583984 0.00012517
9 0.765137 0.240723 0.0361328 0.0732422 0.000125766
8 0.459473 0.317871 0.0283203 0.0341797 0.000126004
8 0.421387 0.610352 0.0537109 0.0488281 0.000126243
11 0.784668 0.15625 0.114258 0.0996094 0.000126243
13 0.69873 0.219238 0.0693359 0.0322266 0.000126243
8 0.628906 0.325195 0.0175781 0.0175781 0.000126362
3 0.451172 0.375488 0.0371094 0.0400391 0.000129461
10 0.0639648 0.864746 0.0439453 0.0615234 0.000129461
8 0.393555 0.661621 0.0527344 0.0458984 0.000129819
8 0.318848 0.541992 0.0126953 0.0136719 0.000129819
13 0.411621 0.580078 0.0322266 0.0214844 0.000130177
12 0.450684 0.361816 0.0458984 0.0673828 0.00013113
13 0.779297 0.30957 0.0625 0.0410156 0.000131488
13 0.174805 0.490723 0.125 0.0458984 0.000132561
9 0.212402 0.311523 0.0439453 0.0449219 0.00013423
9 0.775879 0.173828 0.0712891 0.0527344 0.000134468
8 0.333496 0.677734 0.0322266 0.0292969 0.000134945
9 0.33252 0.698242 0.0966797 0.0488281 0.000137329
11 0.861328 0.983398 0.0703125 0.0332031 0.000137687
8 0.229492 0.475098 0.0585938 0.0302734 0.000139475
13 0.717773 0.583496 0.0292969 0.0263672 0.00014019
11 0.630859 0.155273 0.117188 0.046875 0.000143051
11 0.875 0.847168 0.0976562 0.0966797 0.000144362
2 0.790527 0.800781 0.208008 0.109375 0.000144482
9 0.768066 0.785156 0.141602 0.078125 0.000145674
9 0.343262 0.77832 0.219727 0.167969 0.000145912
11 0.359375 0.125 0.117188 0.0214844 0.000146389
13 0.446777 0.539551 0.0595703 0.0869141 0.000146627
8 0.201172 0.621094 0.0292969 0.0214844 0.000149012
11 0.72998 0.750488 0.0400391 0.0263672 0.000149608
11 0.635742 0.130371 0.109375 0.0244141 0.000150442
0 0.45166 0.35498 0.0634766 0.0888672 0.000150561
13 0.452637 0.378418 0.0361328 0.0361328 0.000150919
9 0.393555 0.661621 0.0527344 0.0458984 0.000154018
13 0.422363 0.610352 0.0341797 0.0273438 0.000155091
13 0.0673828 0.101074 0.134766 0.202148 0.000155091
8 0.658691 0.459961 0.0361328 0.0234375 0.000156045
13 0.776855 0.27002 0.0654297 0.143555 0.000156641
11 0.63623 0.144531 0.0712891 0.0234375 0.00015676
9 0.742676 0.308105 0.348633 0.27832 0.000158191
8 0.671387 0.694824 0.0693359 0.0419922 0.000162363
8 0.658203 0.478516 0.0371094 0.0332031 0.00016582
9 0.0366211 0.0869141 0.0732422 0.173828 0.00016582
9 0.223633 0.240234 0.0371094 0.0546875 0.000166297
9 0.835449 0.494141 0.0673828 0.0410156 0.000168443
8 0.71582 0.584961 0.0449219 0.0449219 0.0001719
9 0.374023 0.479004 0.0625 0.0830078 0.0001719
2 0.456543 0.384766 0.0283203 0.0292969 0.000172257
13 0.688965 0.221191 0.106445 0.0478516 0.000172496
8 0.356934 0.508789 0.0263672 0.0234375 0.000172734
10 0.861816 0.986816 0.0634766 0.0263672 0.000173092
11 0.572266 0.315918 0.0996094 0.0732422 0.000173807
13 0.183105 0.714844 0.0615234 0.0410156 0.000174046
11 0.0908203 0.866211 0.0839844 0.0898438 0.000174165
1 0.450684 0.361816 0.0458984 0.0673828 0.00017488
7 0.242676 0.75 0.223633 0.132812 0.000175476
11 0.236328 0.157227 0.0507812 0.0488281 0.000176072
5 0.268555 0.445801 0.384766 0.65332 0.000178695
11 0.0673828 0.869629 0.046875 0.0712891 0.000181794
9 0.189941 0.481445 0.110352 0.0507812 0.000187755
8 0.696777 0.217773 0.0439453 0.0292969 0.000188828
9 0.411133 0.57959 0.0332031 0.0244141 0.000191808
8 0.407715 0.584473 0.0537109 0.0322266 0.000192404
13 0.15625 0.48877 0.0742188 0.0302734 0.000194788
9 0.316895 0.708984 0.0986328 0.0332031 0.000198483
9 0.413574 0.0488281 0.22168 0.09375 0.00019896
11 0.71582 0.748535 0.0898438 0.0361328 0.000201225
8 0.722168 0.511719 0.0244141 0.0195312 0.000204921
11 0.358887 0.134766 0.0712891 0.0195312 0.00020647
2 0.574219 0.293945 0.0488281 0.0273438 0.000207186
2 0.411621 0.580078 0.0322266 0.0214844 0.000208735
12 0.244629 0.775879 0.350586 0.165039 0.000208735
13 0.730469 0.230957 0.113281 0.0849609 0.000209093
8 0.643555 0.354004 0.0390625 0.0302734 0.000213981
9 0.256348 0.104492 0.512695 0.208984 0.000216603
7 0.322266 0.216797 0.0390625 0.0292969 0.000217199
2 0.446777 0.375 0.0634766 0.0644531 0.000218034
9 0.700684 0.217285 0.0537109 0.0322266 0.00022006
2 0.717773 0.583496 0.0292969 0.0263672 0.00022316
7 0.268555 0.408203 0.376953 0.605469 0.000229239
10 0.0800781 0.876465 0.0703125 0.0947266 0.000229836
4 0.717773 0.583496 0.0292969 0.0263672 0.000230193
11 0.72168 0.151367 0.134766 0.0566406 0.000234365
9 0.25 0.851074 0.396484 0.213867 0.0002352
9 0.512695 0.396484 0.207031 0.271484 0.000235558
0 0.512695 0.396484 0.207031 0.271484 0.000236273
11 0.591309 0.129883 0.0654297 0.0234375 0.000243783
2 0.322754 0.21582 0.0419922 0.03125 0.000245333
11 0.313965 0.140137 0.125977 0.0439453 0.000252962
11 0.803223 0.80127 0.188477 0.114258 0.000252962
8 0.279785 0.685547 0.0166016 0.015625 0.000253677
11 0.86084 0.991211 0.0556641 0.0175781 0.000255823
8 0.19873 0.990723 0.0263672 0.0166016 0.000260115
2 0.422363 0.610352 0.0341797 0.0273438 0.00026083
11 0.663574 0.132812 0.0634766 0.015625 0.000262737
8 0.84375 0.669434 0.0195312 0.0126953 0.000262976
9 0.701172 0.739258 0.0878906 0.0449219 0.000263929
11 0.413574 0.169922 0.0791016 0.0957031 0.000267744
7 0.450684 0.361816 0.0458984 0.0673828 0.000267982
8 0.664062 0.339844 0.00976562 0.00976562 0.000269175
10 0.0986328 0.865234 0.138672 0.15625 0.000273705
11 0.322754 0.216309 0.0400391 0.0283203 0.000280142
8 0.419434 0.597168 0.0361328 0.0380859 0.00028348
9 0.521484 0.344238 0.199219 0.125977 0.000288248
9 0.496582 0.534668 0.188477 0.514648 0.000288248
8 0.65918 0.399902 0.0292969 0.0224609 0.000288963
9 0.759766 0.82666 0.300781 0.19043 0.00029254
9 0.458984 0.317871 0.0292969 0.0380859 0.000300884
2 0.374023 0.479004 0.0625 0.0830078 0.000305176
7 0.421875 0.609863 0.0351562 0.0263672 0.000309229
11 0.274902 0.142578 0.0751953 0.0527344 0.000309467
12 0.271484 0.266602 0.351562 0.277344 0.000309706
8 0.341797 0.674316 0.046875 0.0439453 0.000313759
9 0.174316 0.79248 0.206055 0.133789 0.000313759
8 0.212402 0.311523 0.0439453 0.0449219 0.000315189
9 0.299805 0.698242 0.0761719 0.0371094 0.000321388
13 0.598145 0.321777 0.0439453 0.0400391 0.000330925
13 0.374023 0.479004 0.0625 0.0830078 0.000333071
13 0.57373 0.319336 0.100586 0.0820312 0.000335217
9 0.271484 0.266602 0.351562 0.277344 0.000344753
8 0.35498 0.713379 0.0224609 0.0185547 0.000350475
8 0.821289 0.549316 0.0214844 0.0166016 0.000353575
7 0.244141 0.776855 0.357422 0.163086 0.000354767
9 0.812012 0.79834 0.12793 0.0810547 0.000356674
11 0.450684 0.355957 0.0458984 0.0771484 0.000365734
9 0.0214844 0.147949 0.0429688 0.0439453 0.00037384
7 0.796875 0.806641 0.207031 0.113281 0.000377417
11 0.599609 0.154785 0.0957031 0.0673828 0.00038147
9 0.855469 0.705566 0.0449219 0.0400391 0.000385761
8 0.634766 0.601074 0.03125 0.0244141 0.000390053
11 0.689941 0.143555 0.157227 0.03125 0.000390768
11 0.420898 0.159668 0.0605469 0.0419922 0.000410795
12 0.749512 0.455566 0.383789 0.598633 0.000426531
9 0.262207 0.724121 0.15918 0.0869141 0.000435591
9 0.0673828 0.101074 0.134766 0.202148 0.000442266
9 0.72998 0.779785 0.334961 0.0908203 0.000453234
10 0.229004 0.801758 0.350586 0.199219 0.000456095
8 0.851074 0.666992 0.0107422 0.0078125 0.000460863
8 0.855469 0.700684 0.0390625 0.0302734 0.000479937
13 0.194336 0.700684 0.0820312 0.0517578 0.000482559
9 0.71582 0.58252 0.0332031 0.0263672 0.000485659
2 0.602051 0.322754 0.0380859 0.0322266 0.000513554
2 0.35791 0.508789 0.0224609 0.0234375 0.000516415
8 0.656738 0.6875 0.0380859 0.0351562 0.000520229
9 0.749512 0.455566 0.383789 0.598633 0.000525951
9 0.576172 0.314453 0.0917969 0.0703125 0.000548363
8 0.58252 0.313477 0.0791016 0.0683594 0.000563622
9 0.734375 0.891602 0.357422 0.193359 0.000567913
8 0.666016 0.607422 0.0332031 0.03125 0.000569344
13 0.322266 0.21582 0.0410156 0.0273438 0.000579834
10 0.898926 0.862305 0.0498047 0.0683594 0.000608921
8 0.59668 0.316895 0.046875 0.0458984 0.000613689
9 0.420898 0.61084 0.0390625 0.0283203 0.000614643
8 0.380371 0.453613 0.0302734 0.0283203 0.000619888
13 0.756348 0.234375 0.0537109 0.078125 0.000626087
8 0.651855 0.607422 0.0517578 0.0371094 0.000641346
2 0.382324 0.452637 0.0302734 0.0263672 0.000677586
9 0.322754 0.21582 0.0400391 0.0292969 0.000706673
2 0.0214844 0.148438 0.0429688 0.0429688 0.000718594
9 0.487305 0.744629 0.169922 0.430664 0.000736713
7 0.716797 0.58252 0.03125 0.0263672 0.000754356
10 0.268555 0.408203 0.376953 0.605469 0.000760555
8 0.30957 0.277344 0.0136719 0.0117188 0.000765324
11 0.589355 0.158203 0.0693359 0.0390625 0.000773907
11 0.898926 0.862305 0.0498047 0.0683594 0.000778198
13 0.194336 0.479492 0.113281 0.0429688 0.000781536
11 0.669922 0.138184 0.0839844 0.0205078 0.000800133
9 0.592773 0.318848 0.0546875 0.0517578 0.000816822
11 0.451172 0.375488 0.0371094 0.0400391 0.000856876
11 0.326172 0.135254 0.0703125 0.0205078 0.000902176
8 0.17334 0.732422 0.0419922 0.0371094 0.000909805
7 0.85791 0.694824 0.0498047 0.0615234 0.000921726
11 0.753906 0.164551 0.107422 0.0693359 0.00103378
9 0.858887 0.688477 0.0478516 0.0488281 0.00106525
11 0.376953 0.13623 0.119141 0.0400391 0.00115108
2 0.577148 0.318848 0.0898438 0.0751953 0.00116158
11 0.291992 0.135742 0.0761719 0.0332031 0.00124836
8 0.658691 0.486328 0.0224609 0.0175781 0.00127411
2 0.572266 0.288086 0.0332031 0.0175781 0.00137997
9 0.287598 0.70752 0.116211 0.0537109 0.00139236
8 0.322266 0.216797 0.0390625 0.0292969 0.00144672
2 0.458984 0.317871 0.0292969 0.0380859 0.00156975
8 0.858887 0.688965 0.0478516 0.0498047 0.0015955
0 0.521484 0.344238 0.199219 0.125977 0.00165558
11 0.64502 0.140625 0.135742 0.0292969 0.00175667
0 0.450684 0.369629 0.0419922 0.0537109 0.00176907
8 0.45166 0.36084 0.0439453 0.0712891 0.00187969
8 0.725098 0.513184 0.0146484 0.0146484 0.00201225
9 0.268555 0.408203 0.376953 0.605469 0.00240135
9 0.450684 0.355957 0.0458984 0.0771484 0.00245094
8 0.411621 0.580078 0.0322266 0.0214844 0.00268555
9 0.244629 0.750977 0.231445 0.138672 0.00281906
12 0.268555 0.408203 0.376953 0.605469 0.0029068
8 0.452637 0.375977 0.0400391 0.0351562 0.00469589
11 0.608887 0.144531 0.0986328 0.0332031 0.00475693
10 0.0722656 0.845703 0.0507812 0.0742188 0.00482941
11 0.345215 0.135254 0.135742 0.0263672 0.00485611
10 0.89209 0.841309 0.0576172 0.0732422 0.00487518
11 0.0722656 0.845703 0.0507812 0.0742188 0.00512695
0 0.586914 0.312988 0.0683594 0.0595703 0.00526047
13 0.450684 0.361816 0.0458984 0.0673828 0.00542831
11 0.396973 0.136719 0.0693359 0.0273438 0.00608063
11 0.89209 0.841309 0.0576172 0.0732422 0.00621796
11 0.40625 0.147949 0.0820312 0.0458984 0.00629425
9 0.45166 0.375488 0.0380859 0.0400391 0.00789642
9 0.79248 0.804199 0.217773 0.110352 0.0099411
2 0.450684 0.355957 0.0458984 0.0771484 0.0103912
8 0.421875 0.609863 0.0351562 0.0263672 0.0112381
2 0.592773 0.318848 0.0546875 0.0517578 0.011673
9 0.226562 0.783691 0.351562 0.176758 0.0143433
0 0.569336 0.321289 0.107422 0.0878906 0.0166321
11 0.775879 0.173828 0.0712891 0.0527344 0.0192413
8 0.717773 0.583496 0.0292969 0.0263672 0.0197449
2 0.451172 0.375488 0.0371094 0.0400391 0.0615234
