9 0.836914 0.455566 0.0839844 0.155273 0.000146508
8 0.650879 0.507324 0.268555 0.168945 0.000146627
9 0.106445 0.379395 0.0585938 0.0986328 0.000147104
1 0.682617 0.5625 0.212891 0.158203 0.000150442
12 0.65332 0.383301 0.09375 0.180664 0.000151753
8 0.293945 0.585449 0.0371094 0.0400391 0.00015223
9 0.301758 0.59668 0.179688 0.283203 0.000156403
2 0.383301 0.027832 0.0185547 0.0302734 0.000156879
6 0.621094 0.433105 0.15625 0.161133 0.000158072
11 0.626465 0.27832 0.0751953 0.0351562 0.000158668
9 0.127441 0.407715 0.0478516 0.0615234 0.00015986
7 0.675293 0.438477 0.196289 0.109375 0.000161648
0 0.391602 0.631836 0.351562 0.208984 0.000161648
11 0.737793 0.513184 0.116211 0.147461 0.000163317
10 0.519043 0.619629 0.0966797 0.231445 0.000163674
9 0.456055 0.794434 0.203125 0.411133 0.00016427
7 0.595703 0.275879 0.101562 0.0341797 0.00016439
9 0.509277 0.229004 0.0263672 0.0244141 0.000165224
6 0.219727 0.599121 0.226562 0.317383 0.000166297
9 0.77002 0.489258 0.0419922 0.0664062 0.000167489
1 0.731445 0.385254 0.107422 0.194336 0.000167608
9 0.454102 0.334961 0.148438 0.318359 0.000167847
8 0.716797 0.399902 0.121094 0.166992 0.000168324
8 0.563965 0.0219727 0.00878906 0.00878906 0.000169873
9 0.644043 0.291504 0.272461 0.276367 0.000170112
13 0.630371 0.366699 0.0185547 0.0166016 0.000170112
11 0.724121 0.495605 0.12793 0.0498047 0.000170231
10 0.716797 0.662598 0.179688 0.313477 0.000171423
9 0.700195 0.494141 0.162109 0.0195312 0.000172257
0 0.104492 0.908691 0.208984 0.182617 0.000173807
9 0.716797 0.447754 0.09375 0.0771484 0.000177145
10 0.391602 0.631836 0.351562 0.208984 0.000178099
11 0.37793 0.23877 0.0625 0.0146484 0.000179052
11 0.595703 0.275391 0.0625 0.0214844 0.000179291
10 0.681641 0.487305 0.191406 0.0253906 0.000180602
12 0.563965 0.327637 0.114258 0.157227 0.000181437
8 0.361328 0.00683594 0.015625 0.00976562 0.000182867
9 0.505859 0.034668 0.296875 0.0673828 0.000183463
10 0.905273 0.591309 0.189453 0.545898 0.000183821
13 0.626465 0.370117 0.102539 0.0820312 0.000186086
11 0.575684 0.419434 0.0341797 0.0341797 0.000187635
9 0.723145 0.475098 0.106445 0.0400391 0.000188231
12 0.478516 0.379395 0.175781 0.258789 0.00018847
2 0.621094 0.433105 0.15625 0.161133 0.000188828
10 0.759277 0.599609 0.15332 0.232422 0.00019145
9 0.756836 0.371582 0.158203 0.25293 0.000192404
11 0.57373 0.015625 0.256836 0.03125 0.000193119
9 0.53418 0.350586 0.121094 0.224609 0.000193119
12 0.595215 0.293945 0.102539 0.0761719 0.000194192
9 0.663086 0.365234 0.154297 0.150391 0.000197053
9 0.563965 0.327637 0.114258 0.157227 0.000198245
3 0.521484 0.618652 0.273438 0.21582 0.000199914
9 0.623047 0.448242 0.0625 0.0703125 0.000202179
9 0.618164 0.479004 0.148438 0.0478516 0.000202775
9 0.277832 0.723145 0.147461 0.0439453 0.000204682
9 0.717773 0.486816 0.117188 0.0205078 0.000204921
10 0.612305 0.753906 0.402344 0.492188 0.00020647
0 0.418945 0.454102 0.107422 0.0976562 0.000208259
12 0.694336 0.330078 0.148438 0.154297 0.000209808
9 0.59668 0.423828 0.199219 0.355469 0.000211239
0 0.630371 0.441895 0.196289 0.174805 0.000215173
2 0.421875 0.0161133 0.0664062 0.0322266 0.000216603
9 0.533203 0.842773 0.363281 0.283203 0.000216603
7 0.367676 0.473633 0.114258 0.154297 0.000218153
3 0.234375 0.212402 0.46875 0.424805 0.00022018
11 0.432617 0.23291 0.0585938 0.0224609 0.000222325
9 0.648926 0.482422 0.208008 0.09375 0.000223875
12 0.383301 0.630371 0.331055 0.213867 0.000224352
3 0.77002 0.489258 0.0419922 0.0664062 0.000225306
7 0.769531 0.491699 0.0390625 0.0556641 0.000226617
12 0.669434 0.498535 0.21582 0.0341797 0.000229597
10 0.763672 0.255371 0.457031 0.510742 0.000231981
8 0.588867 0.45459 0.0742188 0.0654297 0.000233412
4 0.575684 0.463379 0.0556641 0.0537109 0.000235438
9 0.630371 0.366699 0.0185547 0.0166016 0.000237226
11 0.394531 0.239258 0.0820312 0.0234375 0.000239134
10 0.564941 0.54541 0.375977 0.456055 0.000239372
2 0.364746 0.00927734 0.0380859 0.0185547 0.000239968
12 0.684082 0.469727 0.213867 0.126953 0.000243664
13 0.612305 0.276855 0.138672 0.0537109 0.000243664
11 0.391602 0.25293 0.130859 0.0390625 0.000244617
10 0.779785 0.47998 0.0439453 0.0712891 0.000245333
5 0.621094 0.416016 0.158203 0.169922 0.000245571
9 0.606934 0.273438 0.120117 0.0371094 0.000246286
11 0.359375 0.0551758 0.0683594 0.104492 0.000246286
3 0.219727 0.599121 0.226562 0.317383 0.000247002
11 0.424316 0.243164 0.0771484 0.0332031 0.000247002
8 0.272949 0.660645 0.114258 0.131836 0.000251532
9 0.61377 0.378418 0.0927734 0.112305 0.000254631
9 0.364746 0.0307617 0.0771484 0.0595703 0.000255108
7 0.762695 0.25293 0.457031 0.505859 0.00025773
9 0.626953 0.376465 0.09375 0.0458984 0.000257969
11 0.603516 0.407715 0.0722656 0.0224609 0.000259161
10 0.491699 0.019043 0.245117 0.0361328 0.000261784
11 0.422852 0.262695 0.0800781 0.0644531 0.000262499
9 0.39209 0.449707 0.0810547 0.0927734 0.000263453
9 0.354004 0.751953 0.102539 0.0917969 0.000264168
2 0.716797 0.399902 0.121094 0.166992 0.000266075
10 0.683105 0.473633 0.211914 0.115234 0.00026679
11 0.743652 0.491699 0.0732422 0.0322266 0.000267506
9 0.693848 0.550781 0.202148 0.142578 0.00026989
12 0.660645 0.554199 0.250977 0.131836 0.00026989
9 0.585938 0.0478516 0.0898438 0.078125 0.000271559
7 0.68457 0.558105 0.208984 0.15332 0.000276804
9 0.302246 0.746582 0.223633 0.0908203 0.000276804
7 0.731445 0.392578 0.103516 0.185547 0.00028348
0 0.355469 0.0537109 0.0742188 0.101562 0.00028944
7 0.661621 0.497559 0.233398 0.0419922 0.000289917
9 0.248047 0.043457 0.478516 0.0869141 0.000292063
10 0.731445 0.47998 0.0957031 0.0244141 0.000292301
11 0.669434 0.498047 0.225586 0.0371094 0.000293732
3 0.355957 0.0556641 0.0693359 0.0996094 0.000297785
13 0.616211 0.37793 0.0332031 0.0214844 0.000300169
11 0.702637 0.5625 0.178711 0.167969 0.000300884
9 0.612305 0.753906 0.402344 0.492188 0.000300884
11 0.407715 0.247559 0.0478516 0.0166016 0.000302076
12 0.663574 0.291992 0.0810547 0.0605469 0.000307798
2 0.407715 0.0195312 0.12793 0.0390625 0.000308037
10 0.70752 0.490723 0.12207 0.0166016 0.000311613
10 0.65332 0.57959 0.177734 0.15918 0.000319004
11 0.620117 0.415527 0.185547 0.149414 0.000324488
7 0.618164 0.450684 0.0761719 0.0654297 0.000330448
12 0.700684 0.245605 0.239258 0.397461 0.000333071
11 0.588379 0.311035 0.0986328 0.116211 0.000334263
12 0.601562 0.412109 0.0683594 0.0253906 0.000340939
11 0.593262 0.417969 0.0966797 0.0390625 0.000340939
9 0.324707 0.0454102 0.182617 0.0849609 0.000341654
12 0.625 0.411621 0.115234 0.0380859 0.000344276
9 0.280273 0.649414 0.132812 0.160156 0.000350714
9 0.466797 0.933594 0.201172 0.132812 0.000350952
5 0.248047 0.68457 0.273438 0.15625 0.000354528
11 0.370117 0.244141 0.0898438 0.0253906 0.00035882
11 0.675293 0.438477 0.196289 0.109375 0.000365257
11 0.687012 0.311035 0.124023 0.0986328 0.000372648
11 0.694336 0.279297 0.318359 0.416016 0.000377655
13 0.763672 0.137207 0.425781 0.266602 0.000384331
9 0.613281 0.376953 0.0488281 0.0234375 0.000388622
0 0.772461 0.485352 0.0410156 0.0644531 0.000397921
0 0.650879 0.507324 0.268555 0.168945 0.000400305
7 0.280273 0.649414 0.132812 0.160156 0.000401735
13 0.270996 0.398926 0.0380859 0.0439453 0.000404119
2 0.359375 0.00732422 0.0117188 0.00878906 0.000409842
4 0.650879 0.507324 0.268555 0.168945 0.000411272
10 0.500977 0.490234 0.154297 0.443359 0.000411749
9 0.421875 0.0195312 0.115234 0.0371094 0.000414133
10 0.591797 0.63623 0.195312 0.180664 0.000424147
1 0.650879 0.507324 0.268555 0.168945 0.000427485
5 0.195801 0.698242 0.151367 0.115234 0.000427723
9 0.183594 0.250488 0.0195312 0.0126953 0.000439405
1 0.613281 0.276855 0.142578 0.0576172 0.000442982
12 0.741211 0.433105 0.0957031 0.120117 0.000453711
9 0.305664 0.0205078 0.169922 0.0410156 0.000476599
9 0.650879 0.322754 0.206055 0.12793 0.000477076
7 0.317871 0.614258 0.22168 0.246094 0.000489712
9 0.435059 0.0249023 0.264648 0.0498047 0.000495434
9 0.629395 0.368652 0.0341797 0.0244141 0.000497818
11 0.772949 0.490234 0.0556641 0.0976562 0.000498295
12 0.531738 0.367676 0.143555 0.22168 0.000511646
0 0.434082 0.0214844 0.145508 0.0429688 0.000537395
9 0.367676 0.473633 0.114258 0.154297 0.000537395
9 0.186035 0.254395 0.0302734 0.0283203 0.000557423
1 0.621094 0.433105 0.15625 0.161133 0.000560284
11 0.661621 0.28418 0.0654297 0.0488281 0.000573635
5 0.257324 0.633789 0.188477 0.205078 0.000579834
7 0.663574 0.519531 0.245117 0.0703125 0.000588417
9 0.225098 0.22168 0.0517578 0.0410156 0.000603676
9 0.53418 0.416504 0.0839844 0.161133 0.000610828
11 0.688477 0.310547 0.167969 0.205078 0.000624657
2 0.373047 0.0200195 0.0546875 0.0400391 0.000635147
9 0.661621 0.497559 0.233398 0.0419922 0.000640869
2 0.363281 0.00732422 0.0195312 0.0107422 0.000648022
8 0.145508 0.0805664 0.0253906 0.0166016 0.000648499
5 0.321289 0.597168 0.246094 0.291992 0.000649929
12 0.67041 0.304688 0.137695 0.0878906 0.000656128
9 0.269531 0.722168 0.277344 0.0751953 0.000659943
11 0.66748 0.529297 0.231445 0.0839844 0.000695705
11 0.606934 0.256836 0.116211 0.03125 0.000701427
9 0.612793 0.447266 0.18457 0.173828 0.000702858
9 0.17627 0.650879 0.143555 0.211914 0.000710011
13 0.611328 0.380371 0.0546875 0.0302734 0.000710011
11 0.57959 0.290039 0.0771484 0.0625 0.000724792
10 0.771973 0.506348 0.0576172 0.102539 0.00073719
9 0.247559 0.554199 0.290039 0.40332 0.000752926
12 0.669922 0.291016 0.244141 0.208984 0.000780106
10 0.0917969 0.819824 0.0234375 0.0302734 0.000793457
10 0.690918 0.498535 0.166992 0.0302734 0.000803947
12 0.64209 0.490234 0.274414 0.228516 0.000808239
12 0.595215 0.414551 0.120117 0.0556641 0.000830173
12 0.730469 0.462402 0.0996094 0.0712891 0.000833035
9 0.611816 0.409668 0.12793 0.0966797 0.000833988
3 0.650879 0.507324 0.268555 0.168945 0.000844955
9 0.674316 0.439453 0.18457 0.0996094 0.000853062
9 0.555176 0.536621 0.157227 0.370117 0.000855446
8 0.351562 0.677734 0.0332031 0.0292969 0.000869274
12 0.595703 0.358398 0.101562 0.181641 0.000903606
11 0.0922852 0.819824 0.0224609 0.0302734 0.000916004
12 0.761719 0.482422 0.0546875 0.0703125 0.000929356
9 0.465332 0.470703 0.192383 0.464844 0.000939846
10 0.73877 0.489746 0.0908203 0.0302734 0.000998497
8 0.618164 0.450684 0.0761719 0.0654297 0.0010004
9 0.663574 0.519531 0.245117 0.0703125 0.00100899
10 0.555176 0.536621 0.157227 0.370117 0.00102997
2 0.641113 0.612305 0.295898 0.25 0.00110149
11 0.650879 0.507324 0.268555 0.168945 0.00111008
7 0.577148 0.462402 0.0625 0.0595703 0.00111485
9 0.725586 0.492188 0.121094 0.0410156 0.0011549
5 0.622559 0.44873 0.12207 0.0810547 0.00117111
10 0.737793 0.513184 0.116211 0.147461 0.0011816
13 0.641113 0.612305 0.295898 0.25 0.00119019
6 0.669434 0.364746 0.241211 0.254883 0.00125694
9 0.373047 0.570312 0.341797 0.339844 0.00129128
9 0.61084 0.390625 0.149414 0.191406 0.00130749
12 0.897461 0.404297 0.205078 0.556641 0.00132275
7 0.613281 0.276855 0.142578 0.0576172 0.00133419
9 0.756836 0.266602 0.371094 0.496094 0.00135326
12 0.756836 0.371582 0.158203 0.25293 0.00138569
9 0.57373 0.46875 0.0498047 0.0488281 0.00139809
9 0.721191 0.416504 0.118164 0.135742 0.00140858
5 0.641113 0.612305 0.295898 0.25 0.00141907
8 0.359863 0.0512695 0.0673828 0.102539 0.00142384
9 0.603516 0.407715 0.0722656 0.0224609 0.00143337
11 0.754395 0.497559 0.0751953 0.0693359 0.00146198
10 0.660156 0.487793 0.230469 0.0458984 0.0014782
11 0.731445 0.385254 0.107422 0.194336 0.00148582
8 0.333008 0.5625 0.03125 0.0214844 0.00150871
12 0.689941 0.44043 0.155273 0.0898438 0.00151825
4 0.621094 0.433105 0.15625 0.161133 0.00152111
7 0.650879 0.507324 0.268555 0.168945 0.00160027
8 0.641602 0.620117 0.294922 0.273438 0.00160503
9 0.650879 0.507324 0.268555 0.168945 0.00162125
13 0.359863 0.0512695 0.0673828 0.102539 0.00162506
10 0.723145 0.495605 0.131836 0.0517578 0.0016737
9 0.603027 0.413086 0.0966797 0.0429688 0.00171661
9 0.492188 0.856445 0.1875 0.244141 0.00183201
6 0.641113 0.612305 0.295898 0.25 0.00185585
12 0.611328 0.40918 0.166016 0.216797 0.00197792
12 0.641113 0.612305 0.295898 0.25 0.00227165
11 0.640625 0.289551 0.197266 0.108398 0.00230789
11 0.402344 0.248047 0.0878906 0.0253906 0.00239372
7 0.621094 0.433105 0.15625 0.161133 0.00248909
9 0.899902 0.449707 0.196289 0.62207 0.00257683
9 0.125 0.406738 0.0253906 0.0517578 0.00263596
13 0.668457 0.373535 0.235352 0.25293 0.00271225
11 0.641113 0.612305 0.295898 0.25 0.00273895
8 0.621094 0.433105 0.15625 0.161133 0.00281334
11 0.64502 0.287598 0.125977 0.0615234 0.00313759
5 0.669434 0.364746 0.241211 0.254883 0.00325775
4 0.641113 0.620117 0.291992 0.255859 0.00333214
1 0.641113 0.612305 0.295898 0.25 0.0033493
5 0.255859 0.515625 0.320312 0.521484 0.00336456
12 0.62207 0.324219 0.175781 0.152344 0.00351906
10 0.612305 0.460938 0.173828 0.103516 0.00355339
10 0.716797 0.553223 0.148438 0.163086 0.00356102
8 0.576172 0.468262 0.0527344 0.0517578 0.00356865
13 0.622559 0.44873 0.124023 0.0810547 0.00356865
10 0.663574 0.373535 0.239258 0.227539 0.00366402
2 0.664551 0.375977 0.231445 0.234375 0.00445938
0 0.641602 0.620117 0.294922 0.273438 0.00450516
0 0.623047 0.448242 0.136719 0.0839844 0.00452423
2 0.622559 0.44873 0.12207 0.0810547 0.00476837
6 0.622559 0.44873 0.12207 0.0810547 0.00501251
3 0.617188 0.444336 0.150391 0.0839844 0.00518799
11 0.423828 0.255371 0.0703125 0.0322266 0.00554276
12 0.627441 0.282715 0.135742 0.0576172 0.00557327
9 0.641113 0.612305 0.295898 0.25 0.00636673
11 0.596191 0.275879 0.100586 0.0322266 0.00643539
10 0.754395 0.497559 0.0751953 0.0693359 0.00650024
3 0.641602 0.620117 0.294922 0.273438 0.00745773
1 0.622559 0.44873 0.124023 0.0810547 0.00832367
5 0.214355 0.601074 0.219727 0.31543 0.00847626
5 0.17627 0.650879 0.143555 0.211914 0.00879669
11 0.619141 0.449219 0.140625 0.0839844 0.00886536
2 0.359863 0.0512695 0.0673828 0.102539 0.00937653
9 0.492188 0.39209 0.15625 0.219727 0.00963593
10 0.649902 0.518066 0.264648 0.209961 0.00987244
8 0.66748 0.373535 0.237305 0.231445 0.00996399
0 0.666504 0.373535 0.239258 0.237305 0.0102768
9 0.354492 0.0537109 0.0800781 0.101562 0.0104828
7 0.641113 0.620117 0.291992 0.255859 0.0106888
12 0.762695 0.25293 0.457031 0.505859 0.0106964
7 0.665039 0.372559 0.242188 0.225586 0.0117798
12 0.716797 0.399902 0.121094 0.166992 0.0118408
4 0.668457 0.373535 0.235352 0.25293 0.0134659
3 0.662598 0.375 0.237305 0.222656 0.0144501
1 0.667969 0.375 0.226562 0.253906 0.0165558
10 0.668945 0.509766 0.236328 0.0566406 0.023407
11 0.662598 0.379395 0.233398 0.254883 0.0249786
3 0.392578 0.635254 0.355469 0.206055 0.0261688
11 0.769531 0.491699 0.0390625 0.0556641 0.0263824
9 0.62207 0.447266 0.134766 0.078125 0.0279236
11 0.612305 0.276855 0.138672 0.0537109 0.0318298
9 0.666016 0.37793 0.234375 0.251953 0.0319519
10 0.769531 0.491699 0.0390625 0.0556641 0.0470581
12 0.629883 0.429199 0.15625 0.116211 0.0549622
4 0.623535 0.449219 0.131836 0.0839844 0.0594788
10 0.662109 0.539062 0.246094 0.103516 0.0748901
7 0.623535 0.449219 0.131836 0.0839844 0.159668
8 0.623047 0.44873 0.134766 0.0830078 0.376709
10 0.642578 0.619629 0.289062 0.268555 0.641113
12 0.666992 0.377441 0.234375 0.235352 0.835938
