11 0.755859 0.364746 0.152344 0.0947266 0.000237107
7 0.29248 0.575684 0.0283203 0.0166016 0.000237465
7 0.773926 0.341309 0.131836 0.0556641 0.000237942
8 0.140625 0.583496 0.0175781 0.0146484 0.000238419
6 0.602051 0.271973 0.106445 0.114258 0.00023973
8 0.746582 0.543945 0.147461 0.183594 0.000245333
7 0.254395 0.267578 0.0439453 0.0605469 0.000246286
12 0.229492 0.449219 0.279297 0.322266 0.000247002
11 0.305176 0.185547 0.114258 0.0332031 0.000247717
2 0.141113 0.581055 0.0107422 0.00976562 0.000249624
13 0.78418 0.350586 0.121094 0.0527344 0.000250816
9 0.796875 0.528809 0.103516 0.176758 0.000252962
2 0.243164 0.274902 0.0625 0.0751953 0.000253439
2 0.665039 0.401855 0.0585938 0.0498047 0.000254154
8 0.811035 0.478516 0.0322266 0.0234375 0.00026083
13 0.238281 0.29541 0.0683594 0.0888672 0.000262737
13 0.354004 0.163574 0.114258 0.0283203 0.000263453
9 0.249023 0.274414 0.0644531 0.0722656 0.000263453
9 0.60791 0.265625 0.147461 0.167969 0.000263691
13 0.22168 0.244141 0.09375 0.078125 0.000263929
10 0.597168 0.57959 0.420898 0.12793 0.000264406
13 0.32666 0.208496 0.0810547 0.0908203 0.000265121
13 0.22168 0.243652 0.0585938 0.0419922 0.000265837
8 0.82373 0.561523 0.0185547 0.0175781 0.000266552
7 0.785645 0.366699 0.151367 0.161133 0.000267982
11 0.168457 0.254395 0.0517578 0.0419922 0.000268936
13 0.761719 0.583496 0.0976562 0.0986328 0.00026989
5 0.595703 0.57959 0.414062 0.118164 0.000270367
13 0.272949 0.462402 0.18457 0.0654297 0.000274181
8 0.69873 0.437012 0.0185547 0.0185547 0.000274897
11 0.391113 0.182617 0.0712891 0.0566406 0.000282526
1 0.739746 0.239746 0.233398 0.161133 0.000283957
11 0.852051 0.665039 0.0595703 0.0585938 0.000288486
7 0.790527 0.627441 0.0810547 0.0380859 0.000289917
13 0.737305 0.352051 0.109375 0.0576172 0.000290155
13 0.263184 0.480469 0.0771484 0.0214844 0.000291109
8 0.120605 0.584961 0.0166016 0.0136719 0.000291109
9 0.187012 0.520508 0.118164 0.0800781 0.000292063
11 0.270508 0.209473 0.201172 0.137695 0.000292301
13 0.191895 0.561523 0.135742 0.0351562 0.000293255
13 0.270996 0.470215 0.116211 0.0380859 0.000295877
8 0.751953 0.390137 0.0703125 0.0498047 0.000296354
13 0.615234 0.247559 0.0625 0.0419922 0.000298262
9 0.34668 0.163086 0.109375 0.0273438 0.0002985
6 0.720215 0.396973 0.165039 0.0615234 0.000298738
8 0.659668 0.412109 0.0439453 0.03125 0.000299454
4 0.635742 0.263184 0.222656 0.186523 0.000299692
7 0.783691 0.615234 0.0419922 0.0410156 0.000300646
8 0.280273 0.358887 0.0175781 0.0126953 0.000308514
13 0.204102 0.510742 0.173828 0.123047 0.00031352
13 0.241211 0.341309 0.201172 0.290039 0.00031662
13 0.687988 0.384766 0.135742 0.0742188 0.00032258
5 0.755371 0.367676 0.155273 0.100586 0.000323057
6 0.177734 0.504395 0.136719 0.110352 0.000324965
9 0.768555 0.617676 0.101562 0.0712891 0.000328541
8 0.286621 0.511719 0.0185547 0.0175781 0.000329018
8 0.741211 0.253906 0.183594 0.154297 0.000332832
9 0.773926 0.595215 0.0791016 0.0751953 0.000337124
8 0.351074 0.247559 0.0185547 0.0126953 0.000338793
13 0.214844 0.546875 0.0761719 0.0351562 0.000344753
9 0.331543 0.182129 0.0302734 0.0439453 0.00034523
2 0.292969 0.574707 0.03125 0.0185547 0.000345707
5 0.242188 0.486328 0.160156 0.0429688 0.000346184
8 0.816895 0.472656 0.0185547 0.015625 0.000346899
3 0.595703 0.538574 0.429688 0.250977 0.000350475
9 0.981934 0.0131836 0.0146484 0.0205078 0.000355005
13 0.234863 0.570801 0.198242 0.0361328 0.000355482
6 0.703613 0.395996 0.22168 0.108398 0.00036025
4 0.22168 0.450684 0.265625 0.317383 0.00036478
11 0.325195 0.186523 0.0605469 0.0488281 0.000365496
13 0.271973 0.235352 0.102539 0.0800781 0.000368834
13 0.796387 0.621094 0.0517578 0.0351562 0.000370502
9 0.756836 0.369629 0.197266 0.180664 0.00037241
9 0.554688 0.3125 0.117188 0.121094 0.000376225
5 0.296875 0.509766 0.171875 0.125 0.000376701
13 0.632812 0.272461 0.1875 0.15625 0.000388861
7 0.720215 0.396973 0.165039 0.0615234 0.000389338
11 0.789551 0.25293 0.129883 0.146484 0.00039053
12 0.299316 0.185059 0.204102 0.0830078 0.000393867
2 0.737305 0.440918 0.240234 0.364258 0.000396729
13 0.32666 0.178223 0.165039 0.0537109 0.000400305
11 0.335938 0.152832 0.107422 0.0361328 0.000404119
9 0.977051 0.274902 0.0458984 0.270508 0.000408173
10 0.730469 0.245605 0.224609 0.149414 0.000410795
13 0.564941 0.29541 0.108398 0.104492 0.00041151
13 0.758301 0.615723 0.0986328 0.0478516 0.000411749
8 0.364746 0.578125 0.0322266 0.0214844 0.000414133
11 0.349121 0.180664 0.135742 0.078125 0.000414848
13 0.253418 0.24707 0.0556641 0.0722656 0.000415087
6 0.242188 0.486328 0.160156 0.0429688 0.000417233
1 0.302734 0.18457 0.201172 0.0800781 0.0004251
9 0.258789 0.538574 0.210938 0.100586 0.000432491
8 0.6875 0.404297 0.134766 0.0625 0.000434399
13 0.768555 0.532715 0.132812 0.176758 0.000435829
8 0.838867 0.466797 0.0195312 0.0175781 0.000436544
10 0.753418 0.334473 0.176758 0.151367 0.000442266
6 0.323242 0.526855 0.140625 0.12793 0.000443935
9 0.800293 0.621094 0.12207 0.0957031 0.000447035
1 0.339355 0.16748 0.133789 0.0380859 0.000453711
4 0.739258 0.348633 0.0644531 0.0429688 0.000463486
7 0.242188 0.486328 0.160156 0.0429688 0.000474215
13 0.254395 0.563965 0.0751953 0.0244141 0.000481606
7 0.367188 0.564453 0.078125 0.078125 0.000481844
9 0.334473 0.197266 0.0419922 0.0722656 0.000484467
0 0.586914 0.278809 0.0957031 0.0986328 0.000506401
9 0.696289 0.623047 0.208984 0.0390625 0.000506878
13 0.67041 0.398926 0.0634766 0.0537109 0.000507832
1 0.57666 0.278809 0.102539 0.104492 0.000508785
8 0.740234 0.441895 0.238281 0.354492 0.000519753
13 0.300781 0.566895 0.0625 0.0400391 0.000528812
9 0.759766 0.279785 0.1875 0.166992 0.000541687
3 0.60498 0.622559 0.422852 0.0869141 0.000542641
13 0.333496 0.484863 0.0966797 0.0380859 0.000545979
9 0.597168 0.57959 0.420898 0.12793 0.000547409
6 0.672363 0.214844 0.258789 0.123047 0.00055027
8 0.344727 0.377441 0.0253906 0.0224609 0.000552177
10 0.85791 0.657227 0.0341797 0.0488281 0.000557899
7 0.322266 0.527344 0.140625 0.126953 0.000557899
13 0.21582 0.273926 0.0996094 0.0869141 0.000565529
13 0.689941 0.384766 0.217773 0.142578 0.00056839
11 0.342773 0.165039 0.0625 0.0195312 0.000571728
6 0.737305 0.352051 0.109375 0.0576172 0.000575066
11 0.772949 0.625488 0.0517578 0.0244141 0.000579834
9 0.672363 0.214844 0.258789 0.123047 0.00058794
13 0.23584 0.327148 0.108398 0.144531 0.000589848
13 0.231445 0.467773 0.251953 0.337891 0.000590801
9 0.203125 0.510742 0.175781 0.126953 0.000601768
11 0.163086 0.25293 0.0742188 0.0683594 0.000610828
13 0.323242 0.526855 0.140625 0.12793 0.000613213
9 0.242188 0.486328 0.160156 0.0429688 0.000613689
11 0.858887 0.657227 0.0341797 0.0488281 0.000626087
13 0.602051 0.271973 0.106445 0.114258 0.000628471
0 0.525391 0.310547 0.216797 0.15625 0.000630379
7 0.187012 0.520508 0.118164 0.0800781 0.000631332
10 0.672363 0.214844 0.258789 0.123047 0.000645161
8 0.292969 0.57373 0.046875 0.0224609 0.000653267
1 0.753418 0.334473 0.176758 0.151367 0.000667572
7 0.34668 0.163086 0.109375 0.0273438 0.000671864
4 0.564941 0.29541 0.108398 0.104492 0.000673294
8 0.352051 0.583008 0.0361328 0.0253906 0.000676632
4 0.766113 0.481934 0.176758 0.299805 0.000686646
9 0.292969 0.575195 0.0273438 0.015625 0.000690937
6 0.67041 0.399414 0.0595703 0.0546875 0.000703335
7 0.703613 0.395996 0.22168 0.108398 0.000705242
2 0.564941 0.29541 0.108398 0.104492 0.000705719
13 0.226562 0.37793 0.0976562 0.0742188 0.000706673
13 0.237793 0.478027 0.141602 0.0341797 0.000730991
8 0.343262 0.590332 0.0185547 0.0126953 0.000733376
9 0.253906 0.269531 0.0351562 0.0546875 0.000733852
9 0.57666 0.278809 0.102539 0.104492 0.000756264
13 0.209961 0.540039 0.0546875 0.0234375 0.000761986
9 0.755371 0.367676 0.155273 0.100586 0.000761986
7 0.333008 0.174316 0.0917969 0.0439453 0.0007658
11 0.256348 0.272461 0.0478516 0.0605469 0.000770569
9 0.141113 0.580566 0.0107422 0.00878906 0.000786304
7 0.796875 0.528809 0.103516 0.176758 0.000791073
9 0.768555 0.561523 0.130859 0.154297 0.000792503
13 0.782715 0.61084 0.0380859 0.0341797 0.000813961
9 0.664551 0.400879 0.0576172 0.0517578 0.000818729
13 0.762695 0.339355 0.1875 0.211914 0.000821114
11 0.613281 0.228027 0.167969 0.149414 0.000830173
8 0.672363 0.214844 0.258789 0.123047 0.000832081
11 0.729492 0.40332 0.261719 0.449219 0.000832558
7 0.331543 0.182129 0.0302734 0.0439453 0.000837326
9 0.253906 0.560059 0.134766 0.0439453 0.000844002
8 0.600098 0.270996 0.108398 0.112305 0.000849724
2 0.672363 0.214844 0.258789 0.123047 0.000852108
12 0.729492 0.40332 0.261719 0.449219 0.000858307
9 0.176758 0.472168 0.160156 0.225586 0.000891209
5 0.243164 0.553711 0.144531 0.0546875 0.000929832
7 0.73877 0.348145 0.0634766 0.0419922 0.00095129
7 0.242188 0.552246 0.148438 0.0615234 0.000961304
4 0.665039 0.401855 0.0585938 0.0498047 0.000988007
11 0.790527 0.627441 0.0810547 0.0380859 0.00104237
11 0.57666 0.278809 0.102539 0.104492 0.00104809
4 0.602051 0.271973 0.106445 0.114258 0.00106239
7 0.258789 0.538574 0.210938 0.100586 0.00108528
13 0.299805 0.226562 0.128906 0.115234 0.00110531
8 0.805664 0.487793 0.0332031 0.0283203 0.0011158
1 0.731445 0.405273 0.259766 0.423828 0.00112152
5 0.204102 0.510742 0.173828 0.123047 0.0011301
5 0.206055 0.422852 0.224609 0.326172 0.00114346
7 0.259766 0.506348 0.271484 0.174805 0.00117779
6 0.242188 0.552246 0.148438 0.0615234 0.0012064
4 0.74707 0.258789 0.193359 0.150391 0.00120735
8 0.292969 0.575195 0.0273438 0.015625 0.00121498
11 0.32959 0.181152 0.0322266 0.0419922 0.00122929
11 0.746582 0.229004 0.19043 0.125977 0.00123692
6 0.760742 0.335938 0.181641 0.208984 0.00123882
8 0.755859 0.364746 0.152344 0.0947266 0.00127125
11 0.371582 0.171875 0.118164 0.0449219 0.00128174
9 0.816406 0.635254 0.09375 0.0556641 0.0012989
4 0.672363 0.214844 0.258789 0.123047 0.00133324
9 0.259766 0.506348 0.271484 0.174805 0.00133896
13 0.283203 0.268555 0.111328 0.115234 0.00134659
13 0.288574 0.483398 0.0751953 0.0253906 0.00138664
7 0.60791 0.265625 0.147461 0.167969 0.00143623
11 0.602051 0.167969 0.125977 0.0351562 0.0014801
13 0.316895 0.491211 0.125977 0.0683594 0.00148582
2 0.782715 0.615723 0.0498047 0.0380859 0.00149059
11 0.321777 0.166992 0.0595703 0.0292969 0.00150967
9 0.750977 0.623047 0.117188 0.0351562 0.00151443
12 0.672363 0.214844 0.258789 0.123047 0.00156212
9 0.787598 0.609863 0.0341797 0.0361328 0.00156403
6 0.702637 0.373535 0.264648 0.211914 0.00159931
11 0.787598 0.609863 0.0341797 0.0361328 0.0017128
7 0.737305 0.352051 0.109375 0.0576172 0.00175285
11 0.213379 0.217285 0.0810547 0.0634766 0.00178242
13 0.257324 0.487305 0.188477 0.0625 0.00184917
13 0.276367 0.573242 0.0996094 0.0253906 0.00189686
4 0.750488 0.352539 0.139648 0.0683594 0.00190926
13 0.209473 0.543945 0.129883 0.0488281 0.00193119
10 0.729492 0.40332 0.261719 0.449219 0.00195694
7 0.746582 0.543457 0.15332 0.18457 0.00196838
9 0.487793 0.450195 0.172852 0.421875 0.0019722
7 0.702637 0.373535 0.264648 0.211914 0.00199699
9 0.779785 0.493652 0.155273 0.274414 0.00202942
11 0.75 0.306152 0.199219 0.211914 0.00207329
9 0.731445 0.405273 0.259766 0.423828 0.00213814
13 0.334473 0.197266 0.0419922 0.0722656 0.00214386
11 0.383301 0.163574 0.0810547 0.0302734 0.0021534
6 0.768555 0.532715 0.132812 0.176758 0.00216866
13 0.29248 0.575684 0.0283203 0.0166016 0.00218391
4 0.731445 0.405273 0.259766 0.423828 0.00222588
8 0.564941 0.29541 0.108398 0.104492 0.00223732
13 0.236328 0.258301 0.0546875 0.0595703 0.00230217
13 0.755859 0.364746 0.152344 0.0947266 0.0023613
7 0.74707 0.258789 0.193359 0.150391 0.00237274
7 0.204102 0.510742 0.173828 0.123047 0.00242996
11 0.228516 0.211914 0.144531 0.0957031 0.00246239
5 0.768555 0.532715 0.132812 0.176758 0.00280952
13 0.333008 0.172363 0.0917969 0.0400391 0.00289345
10 0.862793 0.669922 0.0283203 0.0390625 0.00292778
6 0.23291 0.47168 0.282227 0.263672 0.00293159
11 0.634277 0.183105 0.198242 0.0673828 0.00297356
13 0.269043 0.262207 0.0712891 0.0751953 0.00305176
7 0.665039 0.400391 0.0566406 0.0527344 0.00306511
13 0.259766 0.506348 0.271484 0.174805 0.00307274
8 0.73877 0.348145 0.0634766 0.0419922 0.00310516
13 0.672363 0.214844 0.258789 0.123047 0.00312805
5 0.241211 0.537598 0.197266 0.0966797 0.00329018
6 0.237305 0.520508 0.228516 0.119141 0.00337219
8 0.737305 0.352051 0.109375 0.0576172 0.00341797
11 0.862793 0.669922 0.0283203 0.0390625 0.00362015
7 0.57666 0.278809 0.102539 0.104492 0.00363159
1 0.672363 0.214844 0.258789 0.123047 0.00385666
5 0.694824 0.29248 0.291992 0.249023 0.00466919
8 0.746094 0.313965 0.179688 0.163086 0.00472641
13 0.292969 0.57373 0.046875 0.0224609 0.00505066
13 0.258789 0.538574 0.210938 0.100586 0.00508118
11 0.348633 0.157715 0.0761719 0.0185547 0.00519943
7 0.672363 0.214844 0.258789 0.123047 0.00524902
13 0.766113 0.481934 0.176758 0.299805 0.00526047
6 0.755371 0.367676 0.155273 0.100586 0.00528336
11 0.342285 0.177734 0.0771484 0.0449219 0.00539017
9 0.709473 0.277832 0.280273 0.24707 0.00564957
13 0.277344 0.483398 0.152344 0.0351562 0.00565338
13 0.26123 0.296387 0.0869141 0.114258 0.005867
11 0.231934 0.203125 0.0927734 0.0585938 0.00591278
4 0.753418 0.334473 0.176758 0.151367 0.00606155
9 0.78125 0.619141 0.0527344 0.0371094 0.0061264
7 0.205078 0.458496 0.226562 0.276367 0.00661087
11 0.19873 0.233887 0.12207 0.0947266 0.00680923
5 0.729492 0.40332 0.261719 0.449219 0.00697327
0 0.710938 0.294922 0.283203 0.244141 0.00702286
3 0.70166 0.29541 0.288086 0.250977 0.00756073
9 0.22168 0.450684 0.265625 0.317383 0.00758743
7 0.755371 0.32373 0.19043 0.198242 0.00793457
11 0.784668 0.617676 0.0517578 0.0361328 0.00809479
13 0.332031 0.183105 0.0273438 0.0419922 0.008255
9 0.790527 0.627441 0.0810547 0.0380859 0.00868988
7 0.779785 0.493652 0.155273 0.274414 0.00868988
8 0.141602 0.580566 0.0117188 0.0107422 0.00918579
11 0.280762 0.187012 0.166992 0.0732422 0.00926208
5 0.24707 0.50293 0.28125 0.185547 0.00944519
2 0.710938 0.296875 0.271484 0.242188 0.0100861
12 0.709473 0.27832 0.293945 0.251953 0.0103912
6 0.766113 0.481934 0.176758 0.299805 0.0150375
11 0.318848 0.171875 0.155273 0.046875 0.0151367
13 0.731445 0.405273 0.259766 0.423828 0.0159149
6 0.731445 0.405273 0.259766 0.423828 0.0164032
10 0.699219 0.283203 0.289062 0.261719 0.01651
7 0.731445 0.405273 0.259766 0.423828 0.0166931
7 0.755859 0.364746 0.152344 0.0947266 0.0175018
13 0.249023 0.274414 0.0644531 0.0722656 0.0176239
5 0.766113 0.481934 0.176758 0.299805 0.0185852
13 0.253418 0.269531 0.0361328 0.0527344 0.0187683
8 0.664551 0.400879 0.0576172 0.0517578 0.025116
13 0.253906 0.560059 0.134766 0.0439453 0.0305023
11 0.682129 0.206543 0.245117 0.0966797 0.0315552
1 0.69873 0.290039 0.293945 0.246094 0.0322266
6 0.699707 0.286621 0.28418 0.250977 0.0581665
8 0.710938 0.296875 0.271484 0.242188 0.0722656
13 0.704102 0.293457 0.28125 0.256836 0.0725708
0 0.557617 0.299316 0.121094 0.110352 0.0777588
11 0.69873 0.247559 0.280273 0.188477 0.078186
4 0.703125 0.29248 0.279297 0.249023 0.0860596
11 0.347168 0.163086 0.108398 0.0273438 0.0879517
3 0.597656 0.583496 0.419922 0.114258 0.160889
7 0.705078 0.278809 0.28125 0.235352 0.164795
