13 0.358887 0.500977 0.0341797 0.0292969 0.000100791
8 0.769531 0.517578 0.0273438 0.0234375 0.000101149
8 0.317383 0.527344 0.0371094 0.0253906 0.000101566
13 0.563965 0.275391 0.106445 0.0917969 0.000101745
9 0.526367 0.365234 0.0273438 0.0253906 0.000102282
12 0.563965 0.275391 0.106445 0.0917969 0.000102937
7 0.169434 0.537598 0.0146484 0.0126953 0.000103772
3 0.748047 0.0727539 0.503906 0.135742 0.000103891
11 0.358398 0.106934 0.0996094 0.0205078 0.000104547
2 0.375977 0.279297 0.015625 0.015625 0.000105143
8 0.682129 0.498047 0.0205078 0.0175781 0.000105202
13 0.721191 0.53125 0.135742 0.109375 0.00010699
11 0.416992 0.129883 0.0625 0.0449219 0.000107825
9 0.197266 0.585938 0.0214844 0.015625 0.000107884
8 0.179688 0.544922 0.0117188 0.0117188 0.000108361
9 0.243164 0.365723 0.09375 0.0732422 0.00010848
8 0.735352 0.488281 0.00976562 0.00976562 0.00010854
3 0.214355 0.0649414 0.428711 0.129883 0.000108659
8 0.661621 0.346191 0.0146484 0.0107422 0.000109732
8 0.258301 0.335449 0.0283203 0.0205078 0.000111043
8 0.743652 0.558105 0.0478516 0.0263672 0.000111639
11 0.73877 0.126953 0.0341797 0.0234375 0.000113428
0 0.526855 0.365234 0.0283203 0.0273438 0.000113487
8 0.197266 0.585938 0.0214844 0.015625 0.000113547
10 0.101562 0.674805 0.0332031 0.0527344 0.000113547
13 0.142578 0.467285 0.0351562 0.0146484 0.000114918
9 0.34668 0.251953 0.0390625 0.0292969 0.000118792
11 0.670898 0.104492 0.0742188 0.0214844 0.000118792
10 0.254883 0.647461 0.349609 0.0917969 0.000119627
7 0.243652 0.366699 0.0966797 0.0751953 0.00012058
11 0.101562 0.675781 0.0332031 0.0546875 0.000121653
8 0.342773 0.285645 0.0253906 0.0205078 0.000122547
6 0.734375 0.379395 0.183594 0.276367 0.000123978
11 0.574219 0.123535 0.0488281 0.0341797 0.000124216
8 0.746094 0.556152 0.0273438 0.0205078 0.000125885
13 0.417969 0.324707 0.0546875 0.0615234 0.000126123
13 0.744629 0.561523 0.0947266 0.0449219 0.0001266
5 0.25293 0.370117 0.09375 0.0761719 0.000127912
8 0.723633 0.55957 0.03125 0.0253906 0.000129819
8 0.36377 0.290527 0.0302734 0.0205078 0.000130177
13 0.270996 0.537598 0.124023 0.0810547 0.000132084
13 0.155762 0.458984 0.0498047 0.0253906 0.000132442
11 0.989258 0.128418 0.0195312 0.0869141 0.000132561
9 0.358887 0.500977 0.0341797 0.0292969 0.00013268
8 0.281738 0.392578 0.0595703 0.0390625 0.00013268
11 0.367188 0.118652 0.078125 0.0244141 0.000133991
7 0.358887 0.500977 0.0341797 0.0292969 0.000134587
8 0.175293 0.542969 0.0126953 0.0136719 0.000135541
11 0.618652 0.116211 0.0791016 0.0234375 0.000139236
8 0.166504 0.535645 0.0166016 0.0126953 0.00014019
8 0.306641 0.394043 0.0214844 0.0244141 0.000140905
5 0.563965 0.275391 0.106445 0.0917969 0.000141263
8 0.320312 0.510742 0.0449219 0.0371094 0.000143647
5 0.258301 0.410156 0.202148 0.371094 0.000143647
13 0.720703 0.279785 0.0527344 0.0341797 0.000144005
8 0.384766 0.289551 0.0585938 0.0419922 0.000144362
8 0.27832 0.0839844 0.0351562 0.0214844 0.000145078
8 0.526367 0.365234 0.0273438 0.0253906 0.000146866
9 0.330566 0.580566 0.0986328 0.0439453 0.000147939
11 0.650391 0.113281 0.152344 0.0429688 0.000151396
9 0.244629 0.578125 0.137695 0.03125 0.000151992
9 0.272949 0.391602 0.0322266 0.0253906 0.000152111
8 0.277344 0.396484 0.0234375 0.0175781 0.000153065
11 0.647949 0.0932617 0.0986328 0.0205078 0.00015378
13 0.733398 0.311035 0.0859375 0.137695 0.000156879
13 0.733887 0.279297 0.0673828 0.0605469 0.000157237
2 0.449219 0.36377 0.0351562 0.0341797 0.000158548
2 0.361816 0.29834 0.0166016 0.0166016 0.000160217
8 0.450684 0.366211 0.0341797 0.0332031 0.000162482
9 0.242188 0.601562 0.193359 0.0722656 0.000165582
13 0.236328 0.350586 0.09375 0.0683594 0.000166059
8 0.828613 0.526855 0.0283203 0.0244141 0.000167131
8 0.345703 0.257812 0.0136719 0.015625 0.000168562
11 0.73877 0.137207 0.0712891 0.0576172 0.000171542
8 0.360352 0.295898 0.0449219 0.0292969 0.000171661
13 0.272949 0.391113 0.0322266 0.0224609 0.000175476
11 0.405273 0.112793 0.0683594 0.0302734 0.000175834
13 0.245605 0.562988 0.106445 0.0380859 0.00017643
10 0.563477 0.286133 0.107422 0.119141 0.000177383
13 0.405273 0.307617 0.0644531 0.0371094 0.000178456
8 0.329102 0.342773 0.0214844 0.015625 0.000179887
2 0.344238 0.253906 0.0302734 0.0234375 0.000180006
13 0.17334 0.590332 0.0439453 0.0302734 0.000185251
7 0.734375 0.379395 0.183594 0.276367 0.000185728
11 0.563965 0.275391 0.106445 0.0917969 0.000187874
9 0.298828 0.410645 0.0195312 0.0166016 0.000189185
7 0.272949 0.391602 0.0322266 0.0253906 0.000193
8 0.725098 0.475098 0.0283203 0.0244141 0.000194311
8 0.686035 0.335449 0.0380859 0.0263672 0.000195146
8 0.355469 0.393555 0.0195312 0.015625 0.000195861
8 0.32959 0.520996 0.0400391 0.0361328 0.00019598
7 0.164551 0.453125 0.0361328 0.0253906 0.000199914
11 0.640625 0.0927734 0.0585938 0.0136719 0.000203252
8 0.66748 0.284668 0.0283203 0.0224609 0.000205278
8 0.364746 0.340332 0.0283203 0.0205078 0.000207424
6 0.725098 0.327148 0.124023 0.154297 0.000208378
9 0.164551 0.453125 0.0361328 0.0253906 0.000210524
6 0.579102 0.5625 0.421875 0.130859 0.000218153
4 0.579102 0.5625 0.421875 0.130859 0.00022161
9 0.519043 0.305664 0.19043 0.148438 0.000222206
7 0.299805 0.410645 0.0195312 0.0166016 0.000222564
9 0.365723 0.0581055 0.0185547 0.0126953 0.000225544
7 0.579102 0.558105 0.419922 0.135742 0.000227451
13 0.712402 0.37793 0.0869141 0.0273438 0.000227571
8 0.30127 0.40332 0.0302734 0.0273438 0.000229716
8 0.312988 0.5 0.0341797 0.0273438 0.000236392
10 0.882812 0.681152 0.0253906 0.0458984 0.000237346
8 0.34668 0.251953 0.0390625 0.0292969 0.000240564
11 0.57959 0.560547 0.422852 0.136719 0.000246525
11 0.378418 0.111816 0.0849609 0.0205078 0.000249147
0 0.509277 0.358887 0.194336 0.27832 0.000252724
11 0.687012 0.110352 0.0908203 0.0332031 0.000254154
8 0.369141 0.307617 0.015625 0.0136719 0.000254631
1 0.579102 0.5625 0.421875 0.130859 0.000258923
9 0.276367 0.566406 0.134766 0.0351562 0.000259638
8 0.199219 0.366699 0.015625 0.0126953 0.00026083
11 0.882812 0.681152 0.0253906 0.0458984 0.000262022
9 0.724609 0.328125 0.121094 0.152344 0.000265121
8 0.379395 0.220215 0.0166016 0.0126953 0.000267744
8 0.579102 0.558105 0.419922 0.135742 0.000267982
2 0.564941 0.276367 0.100586 0.09375 0.000271082
12 0.579102 0.5625 0.421875 0.130859 0.000272512
13 0.72168 0.542969 0.115234 0.046875 0.000276089
7 0.711426 0.327148 0.12793 0.146484 0.000276804
9 0.734375 0.379395 0.183594 0.276367 0.000277281
13 0.579102 0.5625 0.421875 0.130859 0.000279903
8 0.338379 0.282227 0.0166016 0.015625 0.000283003
8 0.792969 0.562988 0.0273438 0.0263672 0.000284433
11 0.623047 0.0981445 0.0761719 0.0185547 0.000284433
13 0.299805 0.564453 0.103516 0.0371094 0.000288486
13 0.758301 0.548828 0.0537109 0.0234375 0.000290871
9 0.450684 0.366211 0.0341797 0.0332031 0.000296593
9 0.169922 0.537598 0.0117188 0.0107422 0.000301123
9 0.35791 0.293945 0.0185547 0.0136719 0.00031352
13 0.414062 0.308594 0.0507812 0.0195312 0.000314713
8 0.324707 0.34668 0.0185547 0.015625 0.000315189
8 0.357422 0.29541 0.0292969 0.0185547 0.000318289
8 0.431641 0.275879 0.0175781 0.0126953 0.00032711
13 0.746582 0.544434 0.0849609 0.0322266 0.000329733
2 0.579102 0.5625 0.421875 0.130859 0.000329971
8 0.293457 0.295898 0.0126953 0.0117188 0.000331163
11 0.410156 0.126465 0.0546875 0.0244141 0.000332117
8 0.288086 0.245117 0.0117188 0.00976562 0.000339746
8 0.335938 0.250488 0.0195312 0.0205078 0.000341415
9 0.502441 0.399414 0.186523 0.380859 0.000350952
11 0.635742 0.11084 0.0664062 0.0166016 0.000352859
7 0.572266 0.275879 0.0878906 0.0927734 0.000357389
8 0.819336 0.150391 0.0371094 0.0332031 0.000362873
11 0.389648 0.12207 0.0800781 0.0234375 0.000375509
8 0.349609 0.255859 0.0234375 0.0214844 0.000407219
8 0.160156 0.541016 0.03125 0.0214844 0.000417709
13 0.255371 0.549316 0.0791016 0.0400391 0.000428677
2 0.368164 0.308594 0.0117188 0.00976562 0.000428677
8 0.335449 0.530273 0.0224609 0.0195312 0.000435829
11 0.587402 0.117188 0.0556641 0.03125 0.000460625
10 0.579102 0.5625 0.421875 0.130859 0.000464916
8 0.378906 0.282227 0.0273438 0.0214844 0.000467539
8 0.361816 0.29834 0.0166016 0.0166016 0.000504971
5 0.579102 0.558105 0.419922 0.135742 0.000507832
11 0.345703 0.113281 0.142578 0.0292969 0.000507832
8 0.378418 0.563477 0.0107422 0.00976562 0.000511169
8 0.572266 0.275879 0.0878906 0.0927734 0.000513077
8 0.163574 0.453613 0.0361328 0.0244141 0.00056839
8 0.338867 0.533203 0.0136719 0.0136719 0.000576973
11 0.739258 0.129883 0.0488281 0.0371094 0.000587463
13 0.270996 0.556152 0.0654297 0.0185547 0.000620842
3 0.563965 0.275391 0.106445 0.0917969 0.00065136
11 0.26123 0.131348 0.0634766 0.0458984 0.000664234
11 0.617676 0.106445 0.0908203 0.0273438 0.000690937
0 0.579102 0.558105 0.419922 0.135742 0.000704765
2 0.358398 0.293945 0.015625 0.0117188 0.000740051
9 0.582031 0.561523 0.423828 0.130859 0.00093174
11 0.306641 0.120605 0.101562 0.0302734 0.000936508
9 0.564941 0.276367 0.100586 0.09375 0.00100136
3 0.17334 0.0493164 0.34668 0.0869141 0.0010519
5 0.725098 0.327148 0.131836 0.166016 0.00105572
5 0.734375 0.379395 0.183594 0.276367 0.00109863
13 0.73291 0.553223 0.0830078 0.0244141 0.00112438
9 0.233887 0.625488 0.27832 0.110352 0.00117111
3 0.588379 0.602051 0.420898 0.0849609 0.00151634
11 0.690918 0.108887 0.0634766 0.0205078 0.00154972
8 0.671875 0.520508 0.0136719 0.0117188 0.00155449
8 0.375977 0.279297 0.015625 0.015625 0.00169086
8 0.369141 0.308105 0.00976562 0.00878906 0.00186348
8 0.266602 0.270996 0.0136719 0.0107422 0.00189114
8 0.684082 0.334473 0.0185547 0.0146484 0.00193119
11 0.654785 0.110352 0.129883 0.0214844 0.00209999
0 0.535156 0.31543 0.167969 0.162109 0.0021286
8 0.306152 0.39209 0.0126953 0.0126953 0.00213242
8 0.357422 0.501953 0.0390625 0.03125 0.00217056
8 0.318359 0.522949 0.0214844 0.0166016 0.00234985
8 0.273438 0.39209 0.0332031 0.0244141 0.00255203
13 0.277344 0.556641 0.109375 0.0332031 0.00338173
8 0.169922 0.537598 0.0117188 0.0107422 0.00463104
11 0.723145 0.120605 0.0693359 0.0419922 0.00555801
8 0.299805 0.410645 0.0195312 0.0166016 0.0063591
8 0.357422 0.293945 0.015625 0.0136719 0.00902557
11 0.710938 0.112305 0.046875 0.0253906 0.00933838
11 0.277832 0.123535 0.0537109 0.0322266 0.0233612
0 0.563965 0.275391 0.106445 0.0917969 0.189331
3 0.579102 0.5625 0.421875 0.130859 0.41626
