8 0.30957 0.250977 0.0214844 0.015625 0.000100374
0 0.0429688 0.833008 0.0859375 0.169922 0.000101268
13 0.274902 0.28125 0.0986328 0.0585938 0.000101924
8 0.248047 0.386719 0.0429688 0.0175781 0.000105739
2 0.597656 0.384277 0.078125 0.114258 0.00010711
9 0.74707 0.449707 0.230469 0.374023 0.0001086
8 0.376465 0.347656 0.0400391 0.0292969 0.000108957
8 0.145996 0.570312 0.00878906 0.00585938 0.000109494
9 0.277832 0.311035 0.12793 0.0869141 0.000110745
13 0.714355 0.400391 0.0283203 0.015625 0.000111401
13 0.205566 0.420898 0.0830078 0.0351562 0.000112712
8 0.772461 0.526855 0.0195312 0.0146484 0.000113308
11 0.623535 0.13623 0.106445 0.0205078 0.000113547
8 0.751465 0.266113 0.0341797 0.0283203 0.000115216
8 0.751953 0.554199 0.0117188 0.0107422 0.000115514
13 0.691406 0.373047 0.189453 0.265625 0.000118136
8 0.242188 0.432617 0.0527344 0.0175781 0.000118434
5 0.732422 0.446289 0.269531 0.402344 0.000119269
0 0.907227 0.840332 0.185547 0.235352 0.000119328
13 0.692871 0.343262 0.0478516 0.0458984 0.000120163
13 0.662598 0.328125 0.102539 0.0683594 0.000120461
9 0.855957 0.552246 0.0341797 0.125977 0.000121593
10 0.861816 0.691406 0.0322266 0.0605469 0.000123262
13 0.775391 0.53418 0.0390625 0.0195312 0.000123382
0 0.505859 0.381348 0.234375 0.196289 0.000123739
13 0.309082 0.369629 0.0283203 0.0224609 0.000124335
8 0.386719 0.348145 0.0332031 0.0224609 0.000124335
9 0.795898 0.543457 0.144531 0.25293 0.000125766
13 0.741699 0.337891 0.125977 0.03125 0.000127792
11 0.613281 0.148926 0.105469 0.0302734 0.000128746
11 0.683594 0.145996 0.0644531 0.0244141 0.000128865
11 0.148926 0.23291 0.0517578 0.0693359 0.00012958
13 0.211426 0.27832 0.0712891 0.0527344 0.0001297
11 0.861816 0.691895 0.0322266 0.0595703 0.000129819
13 0.228027 0.429199 0.0283203 0.0126953 0.000130653
13 0.310547 0.344727 0.0703125 0.0351562 0.000131488
7 0.762207 0.512695 0.200195 0.289062 0.000131607
9 0.755371 0.633789 0.118164 0.0605469 0.000134468
8 0.250488 0.422363 0.0693359 0.0400391 0.000136971
8 0.238281 0.384277 0.0175781 0.0126953 0.000138998
13 0.355469 0.450684 0.0488281 0.0263672 0.000139236
13 0.166504 0.35498 0.0224609 0.0146484 0.000140548
10 0.859375 0.684082 0.0507812 0.0888672 0.000140548
8 0.240723 0.212402 0.0185547 0.0146484 0.000143051
13 0.312988 0.344727 0.0126953 0.0117188 0.000144005
8 0.322754 0.339844 0.0595703 0.0332031 0.000145078
8 0.272461 0.378418 0.0332031 0.0263672 0.000146151
9 0.380371 0.348633 0.0185547 0.0175781 0.000148892
13 0.711426 0.248535 0.0419922 0.0244141 0.000149608
9 0.852051 0.958008 0.0224609 0.0253906 0.000150204
13 0.597656 0.384277 0.078125 0.114258 0.000151634
13 0.235352 0.421387 0.0410156 0.0283203 0.000151634
9 0.22168 0.443359 0.345703 0.441406 0.000151992
11 0.654297 0.145508 0.117188 0.0175781 0.000153661
8 0.237793 0.392578 0.0263672 0.0273438 0.00015533
13 0.68457 0.367676 0.0820312 0.0771484 0.000157475
13 0.712402 0.304199 0.112305 0.106445 0.000157952
3 0.820801 0.0527344 0.342773 0.0820312 0.00015974
11 0.294922 0.130371 0.101562 0.0322266 0.000160098
8 0.331543 0.539551 0.0458984 0.0537109 0.00016284
8 0.253418 0.355469 0.0595703 0.0488281 0.000162959
13 0.910645 0.139648 0.0751953 0.0371094 0.000170827
8 0.23877 0.408691 0.0537109 0.0517578 0.000173211
11 0.703613 0.149414 0.0693359 0.0273438 0.000173807
8 0.250977 0.344238 0.0410156 0.0322266 0.000174522
8 0.273438 0.385742 0.0273438 0.0136719 0.000175476
9 0.592285 0.363281 0.0556641 0.0683594 0.000177264
0 0.0571289 0.933105 0.0947266 0.133789 0.000178576
13 0.172363 0.352539 0.0380859 0.0234375 0.00018096
9 0.241699 0.387207 0.0126953 0.0107422 0.000183582
2 0.309082 0.369629 0.0283203 0.0224609 0.000184178
11 0.358887 0.12793 0.0751953 0.0175781 0.000185132
11 0.583496 0.139648 0.0517578 0.0253906 0.000187278
8 0.229492 0.472168 0.0175781 0.0166016 0.000188708
8 0.167969 0.354492 0.0195312 0.0136719 0.000189781
7 0.307617 0.368164 0.0273438 0.0195312 0.000190854
0 0.0288086 0.800781 0.0576172 0.134766 0.000192285
11 0.223145 0.160645 0.0888672 0.0634766 0.000192404
13 0.271484 0.341309 0.0820312 0.0283203 0.00019455
13 0.242676 0.292969 0.116211 0.0664062 0.000199556
8 0.620117 0.300293 0.0136719 0.0126953 0.000205159
13 0.629883 0.250977 0.0585938 0.123047 0.000207901
5 0.866211 0.0742188 0.263672 0.128906 0.00020802
5 0.785156 0.499023 0.15625 0.314453 0.000210285
8 0.708984 0.248535 0.0351562 0.0244141 0.000210404
8 0.309082 0.369629 0.0361328 0.0380859 0.000211358
7 0.802246 0.594238 0.114258 0.161133 0.000212073
13 0.329102 0.558594 0.0429688 0.0429688 0.000213146
13 0.223633 0.427734 0.0136719 0.00976562 0.000219226
9 0.802246 0.620117 0.124023 0.138672 0.000219822
13 0.825195 0.574707 0.0410156 0.0302734 0.000220895
8 0.257812 0.265625 0.0195312 0.0136719 0.000223041
2 0.380371 0.347656 0.0185547 0.0175781 0.000229001
13 0.92627 0.105469 0.147461 0.205078 0.000230193
9 0.23584 0.425781 0.0419922 0.0273438 0.000231862
8 0.229492 0.477539 0.0234375 0.0234375 0.000238419
11 0.269043 0.139648 0.293945 0.0839844 0.000243306
0 0.543945 0.345215 0.125 0.165039 0.000254631
9 0.308594 0.369141 0.0292969 0.0234375 0.000259399
9 0.681152 0.352051 0.0400391 0.0419922 0.000261068
8 0.775391 0.398926 0.015625 0.0126953 0.000265837
9 0.546875 0.555176 0.400391 0.166992 0.000268936
11 0.859375 0.684082 0.0507812 0.0888672 0.000269651
8 0.701172 0.446777 0.0292969 0.0205078 0.000273943
2 0.24707 0.346191 0.0253906 0.0205078 0.000274897
8 0.308105 0.357422 0.0322266 0.0273438 0.000275373
8 0.583984 0.506836 0.0351562 0.0273438 0.000276089
9 0.312988 0.344727 0.0126953 0.0117188 0.000283241
9 0.224609 0.427734 0.0136719 0.00976562 0.000287056
5 0.822754 0.0429688 0.354492 0.0820312 0.000290632
13 0.29248 0.336426 0.0830078 0.0400391 0.000297308
13 0.658203 0.275879 0.138672 0.182617 0.000304461
9 0.565918 0.394043 0.114258 0.139648 0.000305176
8 0.243164 0.38916 0.0234375 0.0166016 0.000305653
8 0.245117 0.385254 0.015625 0.00878906 0.000323296
11 0.341797 0.118164 0.132812 0.0253906 0.000330687
13 0.262207 0.32959 0.0908203 0.0517578 0.000338078
7 0.246582 0.346191 0.0244141 0.0224609 0.000339031
13 0.248047 0.345215 0.0332031 0.0224609 0.000345707
2 0.23584 0.425293 0.0419922 0.0263672 0.00035429
8 0.819336 0.488281 0.0175781 0.0136719 0.000365734
8 0.992676 0.155762 0.0126953 0.0302734 0.000366211
8 0.246582 0.340332 0.0185547 0.0126953 0.000368357
13 0.646973 0.322754 0.0341797 0.0263672 0.000392199
8 0.312012 0.344727 0.0244141 0.0175781 0.000406027
11 0.330078 0.125488 0.0605469 0.0185547 0.000406265
13 0.945312 0.138672 0.0996094 0.0390625 0.000410318
8 0.32373 0.591797 0.0126953 0.00976562 0.000412226
2 0.228027 0.427734 0.0224609 0.0117188 0.000422716
9 0.766113 0.646973 0.19043 0.102539 0.000426769
2 0.312988 0.344727 0.0126953 0.0117188 0.000436783
13 0.85498 0.208008 0.0361328 0.0371094 0.000460625
8 0.337891 0.369141 0.0136719 0.015625 0.000466108
13 0.23584 0.430176 0.0419922 0.0185547 0.000489712
11 0.397461 0.132324 0.0644531 0.0283203 0.000490189
2 0.223633 0.428711 0.00976562 0.0078125 0.000494957
9 0.48877 0.434082 0.192383 0.416992 0.000508308
0 0.575195 0.376953 0.121094 0.125 0.000524044
8 0.321777 0.227539 0.0302734 0.0214844 0.000539303
8 0.311035 0.438477 0.0224609 0.0136719 0.000545979
9 0.24707 0.346191 0.0253906 0.0205078 0.000554562
8 0.34082 0.328613 0.0214844 0.0166016 0.000570297
8 0.597656 0.384277 0.078125 0.114258 0.000596523
11 0.575195 0.148438 0.0566406 0.0332031 0.000612736
11 0.565918 0.15918 0.0576172 0.0410156 0.000625134
8 0.384766 0.30957 0.0234375 0.0234375 0.000632286
13 0.665527 0.358398 0.0673828 0.0566406 0.000671387
11 0.342285 0.135254 0.163086 0.0556641 0.000672817
8 0.712891 0.399414 0.0214844 0.0136719 0.000784874
13 0.689941 0.344727 0.141602 0.134766 0.000785351
10 0.0786133 0.696289 0.0361328 0.0625 0.000802517
11 0.85498 0.54248 0.0361328 0.131836 0.0008564
13 0.369141 0.458008 0.0644531 0.03125 0.00094223
13 0.910645 0.139648 0.133789 0.0507812 0.000987053
13 0.277832 0.311035 0.12793 0.0869141 0.00111103
11 0.0795898 0.692383 0.0400391 0.0703125 0.00112152
13 0.640625 0.329102 0.0625 0.0507812 0.00112724
13 0.256836 0.432617 0.0898438 0.0253906 0.00114155
3 0.5625 0.608887 0.410156 0.0693359 0.00117779
13 0.376465 0.46582 0.0478516 0.0253906 0.00120068
8 0.314941 0.227539 0.0146484 0.0136719 0.00120163
8 0.23584 0.425781 0.0419922 0.0273438 0.00126076
11 0.260254 0.148926 0.131836 0.0595703 0.00126457
11 0.411133 0.145508 0.0605469 0.046875 0.00128937
7 0.597656 0.384277 0.078125 0.114258 0.00129128
13 0.715332 0.339844 0.106445 0.0507812 0.00142765
11 0.371582 0.132812 0.125977 0.0332031 0.00154018
8 0.228027 0.427734 0.0224609 0.0117188 0.00169945
8 0.380371 0.348633 0.0185547 0.0175781 0.00263023
8 0.241699 0.387207 0.0126953 0.0107422 0.00274849
13 0.68457 0.34375 0.111328 0.0683594 0.0041008
8 0.223633 0.428711 0.00976562 0.0078125 0.00570297
8 0.307617 0.368164 0.0273438 0.0195312 0.0057869
13 0.681641 0.352051 0.0449219 0.0419922 0.00643539
9 0.597656 0.384277 0.0800781 0.118164 0.00688171
0 0.535156 0.303223 0.101562 0.0947266 0.0093689
8 0.312988 0.344727 0.0126953 0.0117188 0.00956726
11 0.293945 0.138184 0.15625 0.0439453 0.0100174
8 0.24707 0.346191 0.0253906 0.0205078 0.0112534
11 0.338867 0.127441 0.128906 0.0263672 0.0172577
3 0.550781 0.564941 0.410156 0.15332 0.0302124
