9 0.768066 0.227051 0.0322266 0.0322266 0.000121772
12 0.870117 0.618652 0.0507812 0.178711 0.000123978
7 0.328125 0.58252 0.105469 0.0947266 0.000124216
13 0.755371 0.376465 0.0302734 0.0205078 0.000124216
8 0.337891 0.557617 0.0273438 0.0410156 0.000124812
2 0.460938 0.456543 0.0292969 0.0146484 0.000125766
7 0.388184 0.407715 0.0205078 0.0146484 0.000126362
13 0.452148 0.47168 0.078125 0.046875 0.000126839
8 0.704102 0.626465 0.0429688 0.0732422 0.000127554
13 0.939453 0.155273 0.117188 0.0410156 0.000127792
11 0.188965 0.759766 0.0283203 0.0429688 0.000128388
2 0.352539 0.595215 0.0449219 0.0341797 0.000128865
12 0.339844 0.281738 0.257812 0.241211 0.000129104
9 0.242188 0.391602 0.0527344 0.0253906 0.00012958
8 0.23877 0.436035 0.0263672 0.0224609 0.000130177
9 0.757324 0.611328 0.0537109 0.03125 0.000130296
11 0.742676 0.683105 0.0947266 0.0283203 0.000130534
9 0.875 0.762695 0.0292969 0.0390625 0.000131249
13 0.32373 0.364258 0.116211 0.0429688 0.000131845
13 0.947266 0.927734 0.0917969 0.130859 0.000132203
2 0.375977 0.614746 0.0136719 0.0107422 0.000132442
5 0.203125 0.078125 0.40625 0.144531 0.000132561
8 0.380371 0.450195 0.0419922 0.0292969 0.000132561
9 0.366211 0.664062 0.0976562 0.03125 0.000132799
6 0.42627 0.545898 0.0751953 0.169922 0.000133157
9 0.415527 0.183105 0.120117 0.0263672 0.000133514
11 0.697754 0.210938 0.0986328 0.0703125 0.000134349
9 0.773926 0.346191 0.116211 0.0537109 0.000135183
13 0.400391 0.188477 0.105469 0.0292969 0.000136018
10 0.402832 0.186523 0.102539 0.0273438 0.000136137
9 0.742188 0.625488 0.0253906 0.0146484 0.000136614
7 0.770996 0.234863 0.0244141 0.0244141 0.00013721
10 0.707031 0.185547 0.113281 0.0292969 0.000138521
8 0.479492 0.610352 0.0292969 0.0253906 0.000140309
8 0.339844 0.594238 0.0664062 0.0693359 0.000141144
7 0.339355 0.628418 0.0439453 0.0439453 0.000141382
9 0.687988 0.183105 0.137695 0.0263672 0.000141859
9 0.760742 0.212402 0.136719 0.0732422 0.000142217
13 0.796875 0.696777 0.0878906 0.0283203 0.000142932
13 0.440918 0.266602 0.0595703 0.105469 0.000144243
13 0.846191 0.398926 0.0537109 0.0283203 0.000146151
8 0.330078 0.525391 0.0117188 0.0117188 0.000146866
13 0.237793 0.612305 0.0693359 0.0976562 0.000147462
1 0.664551 0.583008 0.129883 0.177734 0.000148296
3 0.210449 0.0947266 0.416992 0.189453 0.000149488
13 0.875 0.762695 0.0273438 0.0390625 0.0001508
7 0.71582 0.597656 0.132812 0.171875 0.000151277
9 0.436523 0.502441 0.0859375 0.139648 0.000152111
13 0.739258 0.19873 0.134766 0.0576172 0.000152111
7 0.400879 0.185059 0.106445 0.0302734 0.000152826
8 0.229492 0.219238 0.0371094 0.0322266 0.000152946
12 0.327637 0.42627 0.325195 0.49707 0.000153065
9 0.70459 0.626465 0.0439453 0.0712891 0.000153422
6 0.664551 0.583008 0.129883 0.177734 0.000156522
13 0.473145 0.376465 0.0537109 0.0322266 0.000157714
8 0.314453 0.627441 0.0136719 0.0146484 0.000159144
10 0.878906 0.773926 0.0234375 0.0419922 0.000162125
7 0.734863 0.535645 0.22168 0.286133 0.000162244
13 0.827148 0.0883789 0.345703 0.143555 0.000162363
9 0.915527 0.525879 0.0166016 0.0380859 0.000162601
9 0.20166 0.117676 0.40332 0.223633 0.000163555
9 0.540039 0.426758 0.1875 0.232422 0.000164032
9 0.340332 0.626465 0.0498047 0.0439453 0.000165224
9 0.77002 0.240723 0.0302734 0.0498047 0.000166893
7 0.875 0.762695 0.0273438 0.0390625 0.000167489
13 0.356934 0.591309 0.0595703 0.0478516 0.00017035
11 0.401855 0.173828 0.110352 0.0429688 0.000171423
13 0.761719 0.327637 0.113281 0.0654297 0.0001719
3 0.875 0.762207 0.0292969 0.0400391 0.000172377
9 0.296875 0.621094 0.101562 0.0527344 0.000172734
8 0.355957 0.260254 0.0224609 0.0166016 0.000172734
7 0.358398 0.57959 0.0644531 0.0712891 0.000173926
2 0.454102 0.458008 0.0117188 0.00976562 0.000175357
9 0.919434 0.506836 0.0166016 0.0351562 0.00017786
9 0.666504 0.570801 0.245117 0.223633 0.000179172
9 0.716797 0.609863 0.115234 0.131836 0.000179768
13 0.135254 0.176758 0.270508 0.105469 0.000179768
8 0.394531 0.637207 0.0273438 0.0283203 0.000179887
7 0.688965 0.554688 0.0673828 0.183594 0.000183105
6 0.305176 0.583496 0.161133 0.151367 0.00018537
13 0.771973 0.374023 0.165039 0.0898438 0.00018692
7 0.333496 0.668457 0.125977 0.0322266 0.000187278
8 0.336914 0.602051 0.0546875 0.0361328 0.000187755
0 0.664062 0.597168 0.128906 0.15332 0.000188231
11 0.681641 0.185547 0.0605469 0.0175781 0.000188708
12 0.757324 0.20752 0.149414 0.0791016 0.000189304
4 0.42627 0.545898 0.0751953 0.169922 0.000189304
8 0.293457 0.628418 0.0556641 0.0380859 0.000190735
8 0.38623 0.607422 0.0400391 0.0253906 0.000192046
2 0.38916 0.407715 0.0205078 0.0146484 0.000192642
11 0.367676 0.192383 0.0595703 0.0351562 0.000194073
11 0.34082 0.595215 0.0273438 0.0224609 0.000194192
8 0.388184 0.40918 0.0380859 0.0253906 0.000194907
13 0.803223 0.690918 0.141602 0.0302734 0.000197768
9 0.342285 0.669922 0.0732422 0.0234375 0.000199437
13 0.916992 0.106445 0.15625 0.203125 0.000199437
13 0.21875 0.201172 0.4375 0.402344 0.000200152
8 0.83252 0.40625 0.00683594 0.00976562 0.000200748
9 0.744629 0.266113 0.245117 0.178711 0.000201583
7 0.864746 0.629395 0.0458984 0.186523 0.000202298
8 0.333496 0.560547 0.0244141 0.0234375 0.000202537
2 0.311035 0.628906 0.00878906 0.0117188 0.000202775
9 0.904785 0.541992 0.0166016 0.0214844 0.000202894
0 0.497559 0.00537109 0.118164 0.0107422 0.00020504
9 0.87793 0.211914 0.0410156 0.0332031 0.000206113
13 0.682617 0.242676 0.0410156 0.0966797 0.000206232
11 0.37207 0.671875 0.232422 0.0429688 0.000206828
9 0.737793 0.626953 0.0126953 0.0117188 0.000207186
13 0.299805 0.353516 0.0878906 0.0371094 0.000209093
2 0.664062 0.597168 0.128906 0.15332 0.000209689
1 0.402832 0.186523 0.102539 0.0273438 0.000210881
13 0.77002 0.246094 0.0244141 0.0507812 0.0002141
5 0.839355 0.081543 0.311523 0.135742 0.000216842
13 0.262695 0.629883 0.119141 0.0996094 0.000219703
8 0.374023 0.60498 0.0332031 0.0244141 0.000219703
11 0.664551 0.583008 0.129883 0.177734 0.000221968
9 0.334961 0.647461 0.265625 0.181641 0.000222087
9 0.864746 0.603027 0.0263672 0.116211 0.000222802
7 0.707031 0.185547 0.113281 0.0292969 0.000225544
8 0.681641 0.63916 0.0820312 0.0634766 0.000226617
9 0.381836 0.553223 0.128906 0.165039 0.000227928
13 0.46582 0.976074 0.0332031 0.0439453 0.000228882
8 0.739746 0.411621 0.0126953 0.0107422 0.000229001
11 0.697754 0.171387 0.125977 0.0380859 0.000234246
8 0.71582 0.527832 0.0273438 0.0244141 0.000234246
8 0.381348 0.614746 0.0283203 0.0166016 0.000234485
8 0.357422 0.582031 0.0585938 0.0644531 0.000235677
9 0.22998 0.217773 0.0341797 0.0332031 0.000236988
8 0.674805 0.324707 0.0136719 0.0107422 0.000237584
7 0.222656 0.5 0.03125 0.0292969 0.000241637
11 0.878906 0.773926 0.0234375 0.0419922 0.000244617
9 0.751465 0.62793 0.0751953 0.0683594 0.000256777
9 0.489746 0.616699 0.176758 0.231445 0.000258684
12 0.755371 0.461426 0.280273 0.446289 0.000260353
7 0.790039 0.65332 0.0292969 0.0253906 0.000264406
11 0.344238 0.207031 0.0693359 0.0527344 0.000267744
9 0.387695 0.407715 0.0195312 0.0146484 0.000268698
9 0.336426 0.635254 0.0322266 0.0302734 0.000270128
8 0.769531 0.230469 0.0195312 0.015625 0.000276089
13 0.228516 0.123047 0.417969 0.240234 0.000277758
8 0.430176 0.54541 0.0771484 0.163086 0.000280619
8 0.750977 0.377441 0.0214844 0.0166016 0.000281811
8 0.383789 0.598633 0.0644531 0.0429688 0.000288248
7 0.323242 0.462402 0.279297 0.43457 0.000298262
1 0.707031 0.185547 0.113281 0.0292969 0.0002985
9 0.90332 0.555664 0.0117188 0.0351562 0.000298738
13 0.163086 0.17334 0.167969 0.0478516 0.000301361
8 0.453613 0.458984 0.00878906 0.0078125 0.00030303
11 0.429688 0.185547 0.0546875 0.0175781 0.000303984
9 0.305176 0.655273 0.18457 0.107422 0.000307322
13 0.339844 0.59668 0.0253906 0.0195312 0.000312567
13 0.814453 0.339844 0.0175781 0.0136719 0.000314474
7 0.46582 0.976074 0.0332031 0.0439453 0.000314951
9 0.552246 0.48877 0.245117 0.393555 0.000321627
11 0.654297 0.195312 0.105469 0.0449219 0.00032258
13 0.770996 0.234375 0.0205078 0.0214844 0.000323296
9 0.899414 0.571777 0.0175781 0.0693359 0.000325203
9 0.759766 0.689941 0.105469 0.0322266 0.000325441
9 0.790039 0.652344 0.0292969 0.0253906 0.000325441
11 0.714844 0.193848 0.0742188 0.0322266 0.000327826
7 0.352539 0.595215 0.0449219 0.0341797 0.000332355
9 0.322266 0.582031 0.152344 0.142578 0.000333309
13 0.808594 0.32959 0.0390625 0.0380859 0.000337124
2 0.375488 0.446777 0.0205078 0.0146484 0.000339031
13 0.821289 0.688477 0.0625 0.0292969 0.000342131
2 0.325195 0.667969 0.123047 0.0332031 0.000347376
9 0.804199 0.109375 0.391602 0.208984 0.000350237
11 0.880859 0.583984 0.0527344 0.134766 0.000355721
7 0.381836 0.553223 0.128906 0.165039 0.000362873
8 0.806641 0.678223 0.0195312 0.0185547 0.000369072
13 0.862793 0.645996 0.0419922 0.170898 0.000378847
9 0.893555 0.583008 0.0332031 0.0976562 0.000379086
8 0.379883 0.275879 0.015625 0.0126953 0.000379324
8 0.805176 0.589355 0.0126953 0.0126953 0.000393152
7 0.450195 0.575684 0.0996094 0.182617 0.000398874
0 0.562988 0.590332 0.333008 0.170898 0.000402927
3 0.0932617 0.688965 0.186523 0.416992 0.000405073
9 0.357422 0.582031 0.0585938 0.0644531 0.000409603
9 0.770996 0.234863 0.0244141 0.0244141 0.000414133
9 0.375488 0.446289 0.0185547 0.0136719 0.000418425
9 0.222656 0.5 0.03125 0.0292969 0.000424862
7 0.313965 0.577148 0.155273 0.144531 0.000428915
8 0.816406 0.535645 0.0292969 0.0205078 0.000431538
9 0.67627 0.807617 0.0224609 0.0488281 0.000431538
12 0.664062 0.597168 0.128906 0.15332 0.000437498
8 0.814453 0.339844 0.0175781 0.0136719 0.00044322
9 0.271484 0.62793 0.125 0.111328 0.000445366
9 0.755371 0.461426 0.280273 0.446289 0.000445843
13 0.299805 0.366699 0.0722656 0.0322266 0.000452042
8 0.484375 0.29541 0.0390625 0.0341797 0.000454187
8 0.693359 0.612305 0.0644531 0.121094 0.000462532
0 0.046875 0.94043 0.09375 0.117188 0.000463009
12 0.746582 0.270508 0.237305 0.1875 0.000469446
13 0.707031 0.185547 0.113281 0.0292969 0.000473022
9 0.291992 0.658691 0.107422 0.0419922 0.000481606
8 0.339844 0.627441 0.0488281 0.0458984 0.000483751
9 0.880859 0.583984 0.0527344 0.134766 0.000514507
8 0.381836 0.447754 0.0273438 0.0166016 0.000514984
8 0.397949 0.604492 0.0263672 0.0273438 0.000521183
13 0.811035 0.339355 0.0283203 0.0224609 0.000528812
8 0.333008 0.558594 0.015625 0.0175781 0.000529289
13 0.792969 0.333984 0.0898438 0.0429688 0.000537395
9 0.865234 0.628906 0.046875 0.185547 0.000537872
9 0.678711 0.140137 0.0175781 0.0146484 0.000537872
8 0.357422 0.605957 0.0625 0.0439453 0.000540733
8 0.678711 0.140137 0.0175781 0.0146484 0.000570774
13 0.724609 0.348145 0.158203 0.0732422 0.000574112
9 0.901855 0.546875 0.0126953 0.015625 0.000576496
3 0.65918 0.603516 0.138672 0.140625 0.000585556
9 0.916992 0.516602 0.0253906 0.0527344 0.000588894
9 0.327148 0.458008 0.291016 0.445312 0.000605106
9 0.563965 0.59082 0.334961 0.166016 0.000608921
9 0.31543 0.548828 0.21875 0.236328 0.000610828
13 0.865234 0.612305 0.0292969 0.107422 0.000615597
11 0.876465 0.763184 0.0400391 0.0615234 0.000617504
9 0.787109 0.695801 0.150391 0.0478516 0.000621319
9 0.42334 0.543945 0.0654297 0.171875 0.000622272
11 0.776367 0.693359 0.132812 0.0371094 0.000639439
8 0.371582 0.61084 0.0244141 0.0185547 0.000640869
9 0.688965 0.554688 0.0673828 0.183594 0.000641823
8 0.652344 0.553223 0.0195312 0.0146484 0.000644207
11 0.341797 0.667969 0.125 0.03125 0.000654221
3 0.5625 0.640625 0.324219 0.09375 0.000672817
13 0.316895 0.66748 0.151367 0.0341797 0.000682354
9 0.317871 0.689453 0.233398 0.0917969 0.00069809
13 0.803223 0.345703 0.0537109 0.0351562 0.000698566
8 0.419434 0.340332 0.0107422 0.00878906 0.000699043
10 0.194336 0.747559 0.046875 0.0458984 0.000720024
13 0.217285 0.59082 0.0302734 0.0683594 0.000726223
7 0.679688 0.621094 0.0917969 0.105469 0.000726223
11 0.633301 0.193848 0.0517578 0.0380859 0.000726223
0 0.547363 0.406738 0.192383 0.165039 0.000728607
9 0.661133 0.666016 0.115234 0.0332031 0.000733852
10 0.876465 0.763184 0.0400391 0.0615234 0.000734329
11 0.723145 0.18457 0.0615234 0.0195312 0.000778198
11 0.194336 0.747559 0.046875 0.0458984 0.00078392
4 0.664062 0.597168 0.128906 0.15332 0.000792027
11 0.870117 0.618652 0.0507812 0.178711 0.000796318
11 0.479004 0.194336 0.0458984 0.0292969 0.00082159
8 0.642578 0.35498 0.0292969 0.0322266 0.000840187
9 0.311523 0.628418 0.0078125 0.0107422 0.00084877
11 0.457031 0.191406 0.0859375 0.0292969 0.000849247
11 0.695801 0.182129 0.0615234 0.0146484 0.000861645
8 0.336426 0.635254 0.0322266 0.0302734 0.000880718
9 0.760254 0.626465 0.0576172 0.0302734 0.000888824
13 0.793945 0.355469 0.105469 0.0390625 0.000907421
0 0.495117 0.00878906 0.1875 0.0175781 0.000930309
9 0.347656 0.59668 0.0429688 0.0332031 0.000964165
11 0.400879 0.1875 0.0615234 0.0195312 0.000964165
13 0.17334 0.177734 0.34668 0.28125 0.00103188
8 0.311035 0.628906 0.00878906 0.0117188 0.00103951
8 0.223145 0.499512 0.0322266 0.0283203 0.00108242
7 0.31543 0.548828 0.21875 0.236328 0.00110912
13 0.760742 0.336914 0.0683594 0.0410156 0.00110912
11 0.773926 0.208984 0.0947266 0.0644531 0.00118637
9 0.679688 0.621094 0.0917969 0.105469 0.00122166
9 0.328613 0.677246 0.172852 0.0439453 0.00122929
2 0.342285 0.595215 0.0302734 0.0244141 0.00124264
13 0.34668 0.591797 0.0371094 0.03125 0.00128078
11 0.730957 0.204102 0.18457 0.0800781 0.00131607
9 0.453125 0.568848 0.121094 0.211914 0.00142956
9 0.466309 0.976074 0.0380859 0.0439453 0.00151062
8 0.798828 0.618652 0.0175781 0.0126953 0.00164509
9 0.29248 0.626465 0.0556641 0.0361328 0.00168514
7 0.34082 0.595215 0.0273438 0.0224609 0.00172234
11 0.86377 0.591797 0.0263672 0.134766 0.00172615
11 0.740234 0.19043 0.0683594 0.0332031 0.0020752
0 0.588867 0.347656 0.0878906 0.0664062 0.00209427
9 0.903809 0.544434 0.0107422 0.0107422 0.00217438
11 0.37207 0.197754 0.117188 0.0517578 0.00221252
8 0.352539 0.595215 0.0449219 0.0341797 0.00223541
7 0.42627 0.545898 0.0751953 0.169922 0.00232315
8 0.73584 0.625977 0.0107422 0.00976562 0.00234985
11 0.669434 0.18457 0.110352 0.0234375 0.00237274
11 0.414062 0.182617 0.0605469 0.015625 0.00244713
9 0.789062 0.696289 0.105469 0.0292969 0.00249863
8 0.376465 0.614746 0.0126953 0.0107422 0.00284195
11 0.692871 0.188965 0.155273 0.0498047 0.0030899
7 0.664551 0.583008 0.129883 0.177734 0.00354004
8 0.664062 0.597168 0.128906 0.15332 0.00368881
8 0.790527 0.654297 0.0283203 0.0253906 0.0042572
11 0.411133 0.188965 0.142578 0.0478516 0.00479889
9 0.661621 0.58252 0.137695 0.168945 0.00481033
9 0.34082 0.595215 0.0273438 0.0224609 0.00579071
11 0.688477 0.178223 0.101562 0.0205078 0.00667191
8 0.374512 0.446289 0.0185547 0.0136719 0.00668716
8 0.387695 0.407715 0.0195312 0.0146484 0.00711823
13 0.774414 0.345215 0.113281 0.0478516 0.00768661
10 0.194336 0.749023 0.0273438 0.0351562 0.00794983
11 0.431641 0.185547 0.111328 0.0214844 0.00954437
11 0.194336 0.749023 0.0273438 0.0351562 0.0115738
9 0.333496 0.668457 0.125977 0.0322266 0.0148315
8 0.34082 0.595215 0.0273438 0.0224609 0.0173645
11 0.73877 0.197266 0.125977 0.0507812 0.0176392
11 0.412598 0.179688 0.106445 0.0214844 0.0224304
10 0.875 0.762695 0.0273438 0.0390625 0.02565
11 0.875 0.762695 0.0273438 0.0390625 0.032959
3 0.563965 0.59082 0.334961 0.166016 0.0492859
11 0.400391 0.188477 0.105469 0.0292969 0.115417
11 0.707031 0.185547 0.113281 0.0292969 0.140381
