7 0.897461 0.914062 0.101562 0.136719 0.000434399
10 0.109863 0.944336 0.0712891 0.09375 0.000434875
9 0.453125 0.829102 0.53125 0.216797 0.000435114
7 0.979004 0.469238 0.0419922 0.18457 0.000436068
8 0.312988 0.331055 0.0283203 0.0273438 0.000440836
13 0.75 0.42334 0.0800781 0.0947266 0.000441313
2 0.626953 0.375977 0.0273438 0.0253906 0.000443935
8 0.723145 0.297852 0.0380859 0.0234375 0.000444174
9 0.849121 0.911621 0.19043 0.110352 0.000447035
13 0.248047 0.306641 0.0449219 0.0332031 0.000448704
5 0.253418 0.637207 0.155273 0.245117 0.000450373
0 0.97998 0.490234 0.0400391 0.164062 0.00045085
3 0.903809 0.913574 0.0576172 0.0634766 0.000454664
6 0.700684 0.29541 0.110352 0.147461 0.000456095
10 0.887695 0.93457 0.0722656 0.0859375 0.000457525
9 0.179688 0.883301 0.207031 0.168945 0.000458956
10 0.904785 0.913086 0.19043 0.173828 0.000459194
4 0.853516 0.75293 0.0625 0.0585938 0.000459194
9 0.71582 0.90625 0.335938 0.107422 0.000460625
1 0.275879 0.507812 0.348633 0.652344 0.000463009
7 0.179688 0.883301 0.207031 0.168945 0.000463724
13 0.110352 0.916992 0.0605469 0.0683594 0.000464916
13 0.374512 0.34668 0.116211 0.173828 0.000470877
0 0.275879 0.507812 0.348633 0.652344 0.000472307
13 0.783691 0.870117 0.297852 0.125 0.000475168
8 0.597656 0.365234 0.123047 0.115234 0.000478983
10 0.275879 0.507812 0.348633 0.652344 0.000479698
8 0.275879 0.507812 0.348633 0.652344 0.000479698
1 0.657715 0.220703 0.149414 0.134766 0.000481606
11 0.76709 0.541992 0.34082 0.689453 0.000482559
11 0.770996 0.211914 0.100586 0.0722656 0.000483036
13 0.89209 0.797852 0.0595703 0.117188 0.000488281
13 0.62207 0.381836 0.0253906 0.0253906 0.000493526
9 0.397949 0.142578 0.151367 0.046875 0.000497341
6 0.388672 0.298828 0.125 0.199219 0.000497818
8 0.335449 0.302734 0.18457 0.228516 0.000501156
5 0.812012 0.451172 0.129883 0.117188 0.000501156
5 0.187012 0.596191 0.135742 0.208008 0.000501633
2 0.258789 0.849609 0.322266 0.185547 0.000510693
9 0.897461 0.914062 0.101562 0.136719 0.000511169
5 0.243164 0.452637 0.208984 0.397461 0.0005126
11 0.179688 0.883301 0.207031 0.168945 0.000516415
2 0.275879 0.507812 0.348633 0.652344 0.000518322
1 0.897461 0.914062 0.101562 0.136719 0.000520706
9 0.65332 0.164551 0.121094 0.0576172 0.00052166
9 0.380371 0.236816 0.192383 0.163086 0.000526428
5 0.85791 0.619141 0.200195 0.554688 0.000527382
8 0.865723 0.608398 0.0341797 0.0292969 0.000531197
3 0.505859 0.840332 0.478516 0.178711 0.000531197
13 0.369141 0.269043 0.298828 0.30957 0.000535011
9 0.986816 0.183105 0.0263672 0.108398 0.000538349
9 0.285156 0.73291 0.318359 0.413086 0.000544071
9 0.783203 0.251465 0.0449219 0.0400391 0.000547409
10 0.168945 0.90918 0.214844 0.181641 0.000549316
3 0.108887 0.915039 0.0615234 0.0683594 0.000555992
2 0.290527 0.439453 0.0380859 0.0273438 0.000564575
8 0.806641 0.0380859 0.0214844 0.0195312 0.000566483
11 0.283203 0.197266 0.0566406 0.0488281 0.000583172
9 0.871094 0.597168 0.160156 0.573242 0.000592709
6 0.691895 0.265137 0.198242 0.18457 0.000597
3 0.900391 0.915039 0.0742188 0.111328 0.000600338
5 0.813965 0.69873 0.168945 0.137695 0.000603676
11 0.875488 0.877441 0.114258 0.114258 0.000609875
5 0.205566 0.744629 0.139648 0.131836 0.000610352
11 0.359863 0.160645 0.155273 0.0439453 0.000611305
13 0.866211 0.847656 0.0917969 0.0898438 0.000611305
2 0.428223 0.211426 0.145508 0.161133 0.000618458
13 0.814453 0.616211 0.201172 0.382812 0.000628471
6 0.839355 0.83252 0.129883 0.0654297 0.000629902
9 0.551758 0.248535 0.289062 0.200195 0.000629902
11 0.649902 0.147461 0.100586 0.0214844 0.000638485
13 0.256836 0.858398 0.324219 0.193359 0.0006423
4 0.335449 0.302734 0.18457 0.228516 0.000673294
9 0.36084 0.867188 0.331055 0.130859 0.000674248
5 0.229004 0.77002 0.256836 0.272461 0.000675201
9 0.396484 0.176758 0.195312 0.111328 0.000685215
5 0.825195 0.826172 0.158203 0.09375 0.000686646
6 0.758789 0.827148 0.3125 0.15625 0.000700474
6 0.858887 0.760254 0.120117 0.204102 0.000704765
8 0.825195 0.72998 0.015625 0.0146484 0.000711918
1 0.374512 0.286621 0.141602 0.194336 0.000714779
13 0.279297 0.446289 0.078125 0.0390625 0.000714779
13 0.786621 0.805176 0.120117 0.110352 0.000726223
5 0.264648 0.857422 0.314453 0.173828 0.000727177
8 0.789062 0.697266 0.255859 0.369141 0.000737667
11 0.835449 0.849609 0.163086 0.113281 0.000738144
4 0.76709 0.541992 0.34082 0.689453 0.00075531
13 0.77832 0.37207 0.251953 0.302734 0.000762463
8 0.378418 0.435059 0.0244141 0.0166016 0.000762939
9 0.677246 0.183594 0.186523 0.0976562 0.000763893
11 0.783691 0.870117 0.297852 0.125 0.000766277
9 0.793945 0.82959 0.242188 0.131836 0.00077486
9 0.691895 0.265137 0.198242 0.18457 0.00077486
4 0.644043 0.231934 0.131836 0.135742 0.000800133
5 0.274414 0.35498 0.173828 0.241211 0.000803471
1 0.76709 0.541992 0.34082 0.689453 0.000813007
3 0.257324 0.84668 0.319336 0.193359 0.000813484
13 0.872559 0.834961 0.0634766 0.0527344 0.000815868
5 0.723633 0.32959 0.15625 0.196289 0.000824451
11 0.301758 0.1875 0.0820312 0.0625 0.000829697
13 0.290039 0.723633 0.318359 0.357422 0.000837326
0 0.90332 0.91748 0.0722656 0.0810547 0.000841141
13 0.416992 0.245117 0.128906 0.166016 0.000852585
0 0.257324 0.84668 0.319336 0.193359 0.000865936
13 0.396484 0.176758 0.195312 0.111328 0.000890732
13 0.195312 0.766113 0.0585938 0.0361328 0.000897408
8 0.871094 0.652344 0.0488281 0.0371094 0.000898361
11 0.433105 0.159668 0.125977 0.0712891 0.00090313
10 0.875488 0.877441 0.114258 0.114258 0.000908852
12 0.837891 0.0429688 0.324219 0.0820312 0.000912189
6 0.256836 0.858398 0.324219 0.193359 0.000914097
9 0.37207 0.854004 0.148438 0.135742 0.000916004
7 0.111328 0.914551 0.0664062 0.0693359 0.000922203
7 0.281738 0.816895 0.182617 0.100586 0.000932693
10 0.0976562 0.895996 0.0703125 0.0888672 0.000935078
0 0.802734 0.728516 0.238281 0.328125 0.000938892
2 0.76709 0.541992 0.34082 0.689453 0.000939369
3 0.59668 0.361328 0.121094 0.0996094 0.000946522
9 0.526855 0.529785 0.231445 0.561523 0.000957012
10 0.76709 0.541992 0.34082 0.689453 0.000965118
8 0.623047 0.380859 0.0175781 0.0195312 0.000966549
7 0.691895 0.265137 0.198242 0.18457 0.000968456
8 0.76709 0.541992 0.34082 0.689453 0.000972748
7 0.825195 0.826172 0.158203 0.09375 0.000993729
1 0.428223 0.211426 0.145508 0.161133 0.00100327
9 0.977539 0.55127 0.0449219 0.358398 0.00101566
0 0.70459 0.0102539 0.196289 0.0205078 0.00103378
7 0.677246 0.183594 0.186523 0.0976562 0.00103855
0 0.61084 0.382324 0.0556641 0.0439453 0.00104713
9 0.597656 0.365234 0.123047 0.115234 0.00104904
9 0.373047 0.279785 0.128906 0.170898 0.0010519
10 0.803711 0.748047 0.232422 0.287109 0.00105286
8 0.74707 0.362793 0.0351562 0.0283203 0.00105476
7 0.275879 0.507812 0.348633 0.652344 0.00107479
12 0.802734 0.728516 0.238281 0.328125 0.00107574
13 0.264648 0.313477 0.0664062 0.0527344 0.00108624
11 0.0976562 0.895996 0.0703125 0.0888672 0.00108719
9 0.62207 0.381836 0.0253906 0.0253906 0.00109386
9 0.834961 0.750488 0.166016 0.239258 0.00109863
7 0.900879 0.91748 0.0732422 0.0810547 0.0011034
0 0.111328 0.916016 0.0664062 0.0761719 0.0011034
11 0.802734 0.728516 0.238281 0.328125 0.00110531
11 0.374512 0.286621 0.141602 0.194336 0.00110722
1 0.250488 0.864746 0.325195 0.178711 0.00111103
9 0.329102 0.0634766 0.0292969 0.0253906 0.00112534
7 0.835938 0.875 0.210938 0.128906 0.00113583
13 0.858887 0.798828 0.116211 0.142578 0.00114346
9 0.959473 0.489258 0.0810547 0.300781 0.00117779
8 0.723145 0.296875 0.0126953 0.0117188 0.00118065
13 0.317871 0.446289 0.110352 0.0429688 0.00118542
7 0.396484 0.176758 0.195312 0.111328 0.00119495
0 0.77832 0.552734 0.3125 0.673828 0.00127316
10 0.921875 0.900879 0.078125 0.100586 0.00128269
2 0.374512 0.286621 0.141602 0.194336 0.00128365
13 0.86377 0.84668 0.137695 0.152344 0.0012846
13 0.821289 0.837402 0.0605469 0.0341797 0.001297
6 0.358398 0.256836 0.130859 0.134766 0.001297
8 0.45166 0.21875 0.114258 0.154297 0.0012989
11 0.672852 0.181641 0.134766 0.0351562 0.00132656
1 0.806641 0.74707 0.214844 0.275391 0.00132751
8 0.623535 0.382812 0.0361328 0.0273438 0.00132847
10 0.132812 0.924805 0.0898438 0.078125 0.00132847
13 0.45459 0.228027 0.106445 0.15332 0.00133228
8 0.635742 0.23584 0.113281 0.133789 0.00136089
13 0.599609 0.367676 0.115234 0.133789 0.0013752
13 0.375 0.279297 0.101562 0.117188 0.0013895
11 0.921875 0.900879 0.078125 0.100586 0.00139141
5 0.762207 0.835449 0.303711 0.133789 0.00140572
1 0.111328 0.916016 0.0664062 0.0761719 0.00142574
0 0.536133 0.409668 0.255859 0.258789 0.00144196
4 0.433594 0.22168 0.128906 0.158203 0.00144482
10 0.751953 0.90625 0.34375 0.0800781 0.00144768
2 0.802734 0.728516 0.238281 0.328125 0.00145054
5 0.734863 0.752441 0.25293 0.291992 0.0014658
11 0.716309 0.199219 0.194336 0.0703125 0.00152969
8 0.782715 0.251465 0.0458984 0.0419922 0.00153446
9 0.987305 0.460938 0.0214844 0.0976562 0.00153732
7 0.855469 0.75 0.105469 0.123047 0.00156021
3 0.272461 0.535645 0.333984 0.624023 0.00156975
0 0.619141 0.382324 0.03125 0.0302734 0.00157166
3 0.789062 0.697266 0.255859 0.369141 0.00157738
6 0.422363 0.222656 0.147461 0.160156 0.00162125
7 0.358887 0.256348 0.129883 0.131836 0.00163937
5 0.834961 0.704102 0.158203 0.253906 0.00167084
8 0.84082 0.756348 0.0917969 0.0966797 0.00168037
9 0.286133 0.901855 0.373047 0.131836 0.00169277
8 0.290527 0.439941 0.0400391 0.0302734 0.00173187
8 0.258789 0.849609 0.322266 0.185547 0.00173569
8 0.17627 0.604492 0.0302734 0.0273438 0.00174999
8 0.839355 0.756836 0.174805 0.220703 0.00176525
11 0.256348 0.86084 0.329102 0.182617 0.00177288
9 0.460938 0.235352 0.0878906 0.144531 0.00178146
7 0.853516 0.75293 0.0625 0.0585938 0.00178719
1 0.900879 0.91748 0.0732422 0.0810547 0.00178814
11 0.662109 0.165039 0.130859 0.0546875 0.00185204
11 0.373535 0.226074 0.180664 0.172852 0.0019083
9 0.84375 0.0576172 0.3125 0.115234 0.00191212
13 0.663574 0.232422 0.166992 0.166016 0.00193977
11 0.853516 0.904785 0.175781 0.100586 0.00194263
9 0.336914 0.81543 0.212891 0.185547 0.00195312
4 0.257324 0.861816 0.321289 0.18457 0.00198746
9 0.294922 0.813477 0.136719 0.0703125 0.00200653
7 0.76709 0.541992 0.34082 0.689453 0.00201797
11 0.766602 0.206055 0.0703125 0.0429688 0.00201797
5 0.824219 0.438477 0.158203 0.289062 0.00203323
9 0.75 0.346191 0.248047 0.272461 0.00208855
12 0.275879 0.507812 0.348633 0.652344 0.0021019
9 0.757812 0.87207 0.337891 0.121094 0.00220108
13 0.280762 0.327637 0.0908203 0.0888672 0.00221634
9 0.334961 0.30957 0.169922 0.201172 0.00224686
13 0.289062 0.336426 0.130859 0.155273 0.00226784
8 0.806641 0.63916 0.0195312 0.0185547 0.00226784
7 0.314453 0.826172 0.214844 0.166016 0.00229836
12 0.76709 0.541992 0.34082 0.689453 0.00236702
13 0.233398 0.649414 0.224609 0.273438 0.00241089
11 0.140625 0.919922 0.121094 0.0820312 0.00241089
7 0.762207 0.835449 0.303711 0.133789 0.00243187
7 0.222656 0.652832 0.212891 0.266602 0.00243378
13 0.293945 0.452637 0.330078 0.520508 0.00255394
11 0.329102 0.171387 0.126953 0.0693359 0.00260544
9 0.974609 0.420898 0.0488281 0.265625 0.0027771
6 0.275879 0.507812 0.348633 0.652344 0.00282669
11 0.92334 0.9375 0.0849609 0.0898438 0.002882
13 0.701172 0.29541 0.111328 0.143555 0.00288391
4 0.810059 0.748047 0.21582 0.28125 0.00291634
13 0.763184 0.42627 0.0322266 0.0556641 0.00292397
0 0.565918 0.371582 0.204102 0.135742 0.00312233
9 0.236816 0.640625 0.231445 0.291016 0.00314522
13 0.787109 0.822266 0.0683594 0.0625 0.00323677
13 0.785645 0.576172 0.290039 0.648438 0.0032444
5 0.373535 0.300293 0.125977 0.196289 0.0032959
13 0.779785 0.822754 0.256836 0.135742 0.00331497
7 0.460938 0.235352 0.0878906 0.144531 0.00346565
11 0.296387 0.188965 0.0498047 0.0458984 0.00347328
5 0.20459 0.677246 0.176758 0.233398 0.0035038
9 0.432617 0.211426 0.130859 0.155273 0.00361061
10 0.226074 0.910645 0.28418 0.12207 0.00361443
10 0.92334 0.937012 0.0888672 0.0908203 0.003685
10 0.156738 0.921387 0.174805 0.104492 0.00392532
11 0.673828 0.211426 0.199219 0.135742 0.00400162
11 0.116211 0.907715 0.0761719 0.131836 0.00413895
6 0.828125 0.826172 0.164062 0.119141 0.00421524
3 0.77832 0.552734 0.3125 0.673828 0.00435638
6 0.233398 0.649414 0.224609 0.273438 0.00447464
11 0.388184 0.147949 0.170898 0.0517578 0.00450134
6 0.73877 0.321777 0.243164 0.260742 0.00450897
11 0.397949 0.13623 0.114258 0.0361328 0.00469208
10 0.116211 0.907715 0.0761719 0.131836 0.00489044
9 0.635254 0.231445 0.124023 0.140625 0.0049324
12 0.262695 0.852539 0.298828 0.162109 0.00493622
10 0.783691 0.870117 0.297852 0.125 0.00505829
7 0.335449 0.302734 0.18457 0.228516 0.00513458
7 0.769531 0.344727 0.25 0.273438 0.00519943
13 0.289551 0.439453 0.0458984 0.0292969 0.00529861
13 0.372559 0.218262 0.198242 0.157227 0.00553131
2 0.618652 0.382812 0.0537109 0.046875 0.00593948
11 0.75 0.194336 0.0976562 0.0605469 0.0059967
5 0.82373 0.785156 0.186523 0.212891 0.00625992
11 0.428223 0.211426 0.145508 0.161133 0.00640106
9 0.275879 0.507812 0.348633 0.652344 0.00644684
9 0.984375 0.433594 0.0292969 0.175781 0.00656128
8 0.853516 0.75293 0.0546875 0.0527344 0.00696182
9 0.799805 0.698242 0.238281 0.375 0.00708771
7 0.644531 0.227539 0.138672 0.140625 0.00754547
13 0.34082 0.251953 0.130859 0.123047 0.00772858
6 0.785645 0.576172 0.290039 0.648438 0.00790405
11 0.897461 0.914062 0.101562 0.136719 0.00815582
13 0.839844 0.838867 0.111328 0.0507812 0.00932312
10 0.849121 0.911621 0.19043 0.110352 0.0094223
13 0.714355 0.313965 0.204102 0.229492 0.00984192
11 0.692871 0.179688 0.18457 0.0625 0.010376
9 0.77832 0.552734 0.3125 0.673828 0.0103836
9 0.277832 0.812988 0.217773 0.112305 0.010704
11 0.378906 0.166504 0.207031 0.0986328 0.0111008
2 0.601074 0.375 0.118164 0.125 0.011673
6 0.335449 0.302734 0.18457 0.228516 0.0131836
7 0.42334 0.222168 0.147461 0.15918 0.0149002
7 0.810059 0.748047 0.21582 0.28125 0.0153198
5 0.333496 0.334961 0.18457 0.246094 0.0158234
7 0.257324 0.861816 0.321289 0.18457 0.0167236
5 0.752441 0.358398 0.249023 0.277344 0.0194855
10 0.256836 0.858398 0.324219 0.193359 0.0200195
10 0.897461 0.914062 0.101562 0.136719 0.0212555
13 0.825195 0.826172 0.158203 0.09375 0.0216522
13 0.333008 0.322754 0.177734 0.22168 0.0305634
2 0.62207 0.381836 0.0253906 0.0253906 0.0325928
5 0.249023 0.649414 0.259766 0.359375 0.0496216
13 0.810059 0.748047 0.21582 0.28125 0.0651855
6 0.810059 0.748047 0.21582 0.28125 0.0780029
5 0.275879 0.507812 0.348633 0.652344 0.0805054
9 0.97998 0.484375 0.0400391 0.158203 0.0839844
13 0.374512 0.286621 0.141602 0.194336 0.085144
9 0.26123 0.848145 0.30957 0.18457 0.110596
10 0.90332 0.91748 0.0664062 0.0791016 0.145508
5 0.799805 0.697266 0.234375 0.378906 0.146484
10 0.110352 0.914551 0.0625 0.0693359 0.147461
11 0.90332 0.91748 0.0664062 0.0791016 0.173584
11 0.11084 0.914062 0.0615234 0.0683594 0.178711
0 0.598145 0.36084 0.118164 0.100586 0.223877
5 0.780762 0.550293 0.291992 0.686523 0.273682
