7 0.756836 0.199219 0.0253906 0.0253906 0.000120223
3 0.262695 0.0581055 0.525391 0.116211 0.000120401
12 0.209961 0.631836 0.0625 0.0449219 0.000120759
7 0.762695 0.195801 0.0507812 0.0341797 0.000121176
8 0.676758 0.337891 0.0214844 0.0175781 0.00012207
3 0.611816 0.941406 0.692383 0.117188 0.000122666
0 0.601074 0.341309 0.120117 0.192383 0.000123501
3 0.209961 0.631836 0.0625 0.0449219 0.000124097
13 0.110352 0.603516 0.0488281 0.0273438 0.000124812
8 0.288574 0.618164 0.0205078 0.0175781 0.000125289
9 0.802246 0.439453 0.270508 0.541016 0.000126839
13 0.459961 0.611816 0.0449219 0.0322266 0.000127435
11 0.667969 0.129883 0.0605469 0.0136719 0.000128746
11 0.366211 0.129883 0.0957031 0.0195312 0.000128984
2 0.953125 0.791016 0.0273438 0.0371094 0.000129104
13 0.726074 0.202637 0.0556641 0.0302734 0.00012958
7 0.125488 0.600098 0.0478516 0.0322266 0.000129819
9 0.28418 0.607422 0.0429688 0.03125 0.000130057
6 0.75 0.203613 0.0234375 0.0263672 0.000130296
13 0.744141 0.443359 0.0390625 0.0273438 0.000131011
13 0.731934 0.223633 0.223633 0.207031 0.000131488
13 0.388184 0.341309 0.0888672 0.0283203 0.00013268
9 0.692871 0.706543 0.168945 0.0302734 0.000134349
9 0.44043 0.179688 0.0683594 0.0996094 0.000135303
9 0.172363 0.585938 0.161133 0.134766 0.000135422
11 0.992676 0.126465 0.0126953 0.0595703 0.000135899
13 0.205078 0.614258 0.0683594 0.0625 0.000136137
0 0.62207 0.317871 0.078125 0.0966797 0.000136375
7 0.28418 0.607422 0.0429688 0.03125 0.00013721
9 0.270508 0.816895 0.408203 0.262695 0.00013721
10 0.0942383 0.771484 0.0615234 0.0722656 0.000138164
8 0.413574 0.345215 0.0478516 0.0263672 0.000141501
12 0.260742 0.734863 0.376953 0.133789 0.000142574
11 0.787598 0.160645 0.0908203 0.0556641 0.000142694
11 0.40918 0.130859 0.0566406 0.0117188 0.000142694
9 0.978516 0.208984 0.0429688 0.146484 0.000145078
11 0.730469 0.179688 0.166016 0.0996094 0.000146031
7 0.749512 0.203125 0.0419922 0.0429688 0.000146389
7 0.39209 0.648438 0.0537109 0.0351562 0.000146627
8 0.139648 0.583008 0.0078125 0.0078125 0.000146866
5 0.208008 0.62793 0.0605469 0.0527344 0.000147939
2 0.108887 0.87207 0.217773 0.255859 0.000148416
13 0.772461 0.191895 0.105469 0.143555 0.000148654
0 0.539062 0.378418 0.193359 0.329102 0.000149965
11 0.750977 0.191406 0.0390625 0.046875 0.000151396
13 0.980469 0.162598 0.0371094 0.135742 0.000152349
3 0.614746 0.851074 0.739258 0.297852 0.000155807
6 0.752441 0.188477 0.0556641 0.0605469 0.000156164
9 0.200195 0.620117 0.0644531 0.0625 0.000157833
9 0.742676 0.20459 0.0439453 0.0361328 0.000157952
8 0.763672 0.195312 0.0566406 0.0390625 0.000158548
13 0.108887 0.594727 0.0595703 0.0292969 0.000161409
2 0.0820312 0.78125 0.0527344 0.0664062 0.000163555
7 0.212891 0.600098 0.0390625 0.0244141 0.000165582
6 0.170898 0.631836 0.1875 0.179688 0.000167012
11 0.398926 0.137695 0.137695 0.0351562 0.00016737
6 0.60791 0.299805 0.112305 0.109375 0.00016737
13 0.322266 0.151367 0.09375 0.0566406 0.000167966
7 0.44043 0.179688 0.0683594 0.0996094 0.00016892
12 0.0805664 0.779297 0.0439453 0.0546875 0.000172019
3 0.0761719 0.893066 0.152344 0.213867 0.000172138
2 0.404297 0.341309 0.0253906 0.0146484 0.000173092
9 0.166504 0.761719 0.202148 0.142578 0.00017333
0 0.214844 0.632812 0.0527344 0.0429688 0.000173569
11 0.614258 0.127441 0.0664062 0.0341797 0.00017488
7 0.953125 0.791016 0.0273438 0.0371094 0.000177026
3 0.626953 0.629395 0.408203 0.19043 0.000177264
8 0.382324 0.216797 0.0556641 0.0429688 0.000177741
8 0.243652 0.583008 0.0166016 0.0136719 0.000179648
13 0.692383 0.202148 0.134766 0.0839844 0.000182033
11 0.691895 0.14502 0.194336 0.0888672 0.00018549
13 0.443359 0.628418 0.0546875 0.0927734 0.000186443
13 0.156738 0.616699 0.0615234 0.0419922 0.000186682
11 0.0761719 0.893066 0.152344 0.213867 0.000189543
8 0.414062 0.532227 0.0136719 0.0136719 0.000191927
11 0.336914 0.146973 0.0625 0.0341797 0.000192761
9 0.262695 0.655762 0.375 0.176758 0.000193
8 0.0761719 0.893066 0.152344 0.213867 0.000194669
8 0.20459 0.296875 0.0166016 0.0117188 0.000196218
13 0.953125 0.791016 0.0273438 0.0371094 0.000197411
9 0.78418 0.205566 0.078125 0.0322266 0.000201106
13 0.14502 0.598633 0.0478516 0.015625 0.000202537
1 0.207031 0.626465 0.0683594 0.0556641 0.000203967
13 0.17627 0.617676 0.0751953 0.0537109 0.000207067
8 0.788086 0.648438 0.0390625 0.0351562 0.000208259
8 0.76709 0.675781 0.0322266 0.0273438 0.000209093
11 0.358398 0.138184 0.0585938 0.0205078 0.000213265
8 0.804688 0.688477 0.0429688 0.0332031 0.000217795
13 0.135742 0.633789 0.0449219 0.0234375 0.000218153
9 0.39209 0.648438 0.0537109 0.0351562 0.000219345
8 0.387695 0.633789 0.0683594 0.0683594 0.000220299
9 0.756836 0.199219 0.0253906 0.0253906 0.000221014
10 0.948242 0.793945 0.0566406 0.0527344 0.000222564
11 0.43457 0.143555 0.0664062 0.0273438 0.000224948
13 0.79834 0.214844 0.0791016 0.0429688 0.000224948
13 0.758789 0.224121 0.0449219 0.0673828 0.000226617
9 0.169434 0.688965 0.18457 0.135742 0.000226736
7 0.60791 0.299805 0.112305 0.109375 0.000226974
4 0.60791 0.299805 0.112305 0.109375 0.000228643
8 0.263184 0.607422 0.0341797 0.0253906 0.000234723
2 0.0703125 0.89209 0.140625 0.206055 0.00023663
11 0.673828 0.12207 0.166016 0.0292969 0.000237703
12 0.60791 0.299805 0.112305 0.109375 0.00023973
8 0.399414 0.601074 0.0332031 0.0263672 0.000239968
13 0.121094 0.610352 0.0410156 0.0292969 0.000241876
11 0.283691 0.17334 0.0595703 0.0478516 0.000248671
9 0.753906 0.187988 0.0664062 0.0615234 0.000249386
7 0.808105 0.210449 0.0185547 0.0166016 0.000252485
13 0.170898 0.631836 0.1875 0.179688 0.000253201
9 0.130859 0.601074 0.0527344 0.0263672 0.000255823
13 0.403809 0.34082 0.0341797 0.015625 0.000258446
8 0.130859 0.601074 0.0527344 0.0263672 0.000264406
11 0.634766 0.121582 0.0878906 0.0244141 0.000269651
11 0.712402 0.130859 0.0751953 0.0214844 0.000270844
3 0.766602 0.0424805 0.466797 0.0849609 0.000277758
6 0.124512 0.600098 0.0341797 0.0166016 0.000277996
3 0.654297 0.867676 0.560547 0.254883 0.000279188
0 0.108887 0.87207 0.217773 0.255859 0.000281096
5 0.27832 0.45752 0.386719 0.500977 0.000283241
2 0.174805 0.616211 0.150391 0.121094 0.00028491
9 0.272949 0.443848 0.381836 0.516602 0.000285864
7 0.1875 0.619629 0.0644531 0.0595703 0.000285864
8 0.253418 0.606934 0.0146484 0.0146484 0.000286818
11 0.615234 0.145508 0.0664062 0.0507812 0.000288486
2 0.75 0.195801 0.0839844 0.0654297 0.000293016
13 0.0795898 0.77832 0.0419922 0.0527344 0.000298023
11 0.125 0.601074 0.0390625 0.0166016 0.000299215
2 0.409668 0.343262 0.0419922 0.0263672 0.000300884
11 0.21582 0.632324 0.0546875 0.0458984 0.000301123
8 0.694824 0.646484 0.0400391 0.0351562 0.0003016
10 0.0717773 0.76416 0.0400391 0.0673828 0.000304699
11 0.733887 0.133789 0.0732422 0.0351562 0.000313282
5 0.60791 0.299805 0.112305 0.109375 0.000313759
13 0.721191 0.260742 0.118164 0.121094 0.000321627
7 0.744629 0.443848 0.0380859 0.0283203 0.000325203
6 0.753418 0.203125 0.0146484 0.0175781 0.000328779
11 0.430664 0.133301 0.0761719 0.0244141 0.000330687
7 0.0800781 0.77832 0.0488281 0.0585938 0.000334263
8 0.743652 0.19873 0.0439453 0.0498047 0.000334501
13 0.60791 0.299805 0.112305 0.109375 0.000335217
8 0.186523 0.398926 0.0214844 0.0146484 0.00033927
7 0.75 0.203613 0.0234375 0.0263672 0.000339746
9 0.165527 0.603027 0.124023 0.0380859 0.000340939
13 0.796875 0.210449 0.0527344 0.0263672 0.000342369
8 0.416992 0.218262 0.015625 0.0126953 0.000344992
13 0.730469 0.179688 0.166016 0.0996094 0.000349522
11 0.196777 0.623047 0.0791016 0.0664062 0.000353575
13 0.753906 0.143555 0.0820312 0.0566406 0.00035429
8 0.741699 0.21582 0.0185547 0.0136719 0.00035429
1 0.0805664 0.777344 0.0517578 0.0664062 0.000357151
11 0.358887 0.149902 0.166992 0.0654297 0.000357866
1 0.60791 0.299805 0.112305 0.109375 0.000359535
11 0.646973 0.141113 0.133789 0.0498047 0.000363827
8 0.758789 0.199219 0.0371094 0.0253906 0.000370026
8 0.619629 0.143066 0.0380859 0.0244141 0.000374794
9 0.0805664 0.777344 0.0517578 0.0664062 0.000375748
13 0.138184 0.624512 0.0693359 0.0478516 0.000381231
13 0.741699 0.21582 0.0185547 0.0136719 0.000385284
11 0.385742 0.135254 0.0722656 0.0126953 0.000385761
9 0.808105 0.210449 0.0185547 0.0166016 0.00038743
9 0.744629 0.444336 0.0380859 0.0273438 0.000388145
8 0.60791 0.299805 0.112305 0.109375 0.00039506
8 0.220703 0.429199 0.0253906 0.0205078 0.000404835
2 0.758301 0.200684 0.0322266 0.0224609 0.000405788
11 0.623047 0.11377 0.0722656 0.0224609 0.000409842
7 0.752441 0.188477 0.0556641 0.0605469 0.000421762
8 0.383301 0.615723 0.0478516 0.0439453 0.000422478
11 0.607422 0.291016 0.109375 0.09375 0.00042367
13 0.806152 0.209473 0.0283203 0.0224609 0.00043273
8 0.408203 0.300293 0.015625 0.0205078 0.000433207
8 0.411621 0.549805 0.0146484 0.0136719 0.00043869
5 0.816406 0.488281 0.248047 0.451172 0.000438929
11 0.750977 0.147949 0.113281 0.0634766 0.000442028
9 0.531738 0.443848 0.178711 0.495117 0.000450134
13 0.166992 0.591797 0.140625 0.0351562 0.000455141
0 0.0703125 0.89209 0.140625 0.206055 0.000455618
9 0.750977 0.191895 0.0390625 0.0478516 0.000455856
2 0.746094 0.204102 0.046875 0.0332031 0.00046587
7 0.615723 0.143555 0.0498047 0.0273438 0.000475883
7 0.165527 0.603027 0.124023 0.0380859 0.000478983
9 0.523926 0.731445 0.161133 0.384766 0.00048089
2 0.756836 0.194824 0.0585938 0.0400391 0.000499725
8 0.742188 0.210449 0.03125 0.0263672 0.00050354
9 0.619629 0.143066 0.0380859 0.0244141 0.000504017
6 0.209473 0.627441 0.0615234 0.0556641 0.00053072
9 0.75 0.203613 0.0234375 0.0263672 0.000531197
8 0.403809 0.341309 0.0322266 0.0166016 0.00053978
8 0.401367 0.646484 0.03125 0.0253906 0.000541687
2 0.750977 0.198242 0.0253906 0.0371094 0.000563622
8 0.442871 0.588867 0.0302734 0.0214844 0.000569344
7 0.171875 0.617188 0.158203 0.136719 0.000576496
13 0.73584 0.233398 0.0576172 0.0664062 0.000579834
9 0.19873 0.627441 0.223633 0.108398 0.000582218
2 0.60791 0.29248 0.110352 0.0947266 0.000589371
9 0.175293 0.203613 0.0498047 0.0380859 0.000589848
0 0.0805664 0.777344 0.0517578 0.0664062 0.000595093
10 0.60791 0.299805 0.112305 0.109375 0.000597
3 0.0800781 0.77832 0.046875 0.0585938 0.000605583
11 0.421875 0.126953 0.0742188 0.0175781 0.000626564
11 0.0732422 0.76123 0.0507812 0.0751953 0.000674725
8 0.72168 0.577637 0.015625 0.0126953 0.000677586
0 0.62207 0.275879 0.0722656 0.0634766 0.000687599
8 0.383789 0.206543 0.0351562 0.0263672 0.000719547
7 0.220215 0.630371 0.0439453 0.0400391 0.000750542
8 0.341309 0.633789 0.0263672 0.0234375 0.000755787
9 0.513184 0.59375 0.163086 0.425781 0.000762939
11 0.0869141 0.79834 0.0488281 0.0634766 0.000774384
8 0.67334 0.225586 0.0244141 0.015625 0.0008111
11 0.408691 0.131836 0.0986328 0.015625 0.000849247
9 0.60791 0.299805 0.112305 0.109375 0.000860691
4 0.174805 0.616211 0.150391 0.121094 0.000869751
2 0.122559 0.602051 0.0341797 0.0185547 0.000878811
13 0.768555 0.193848 0.0605469 0.0380859 0.00088644
13 0.209961 0.631836 0.0625 0.0449219 0.000911236
13 0.779297 0.235352 0.09375 0.0976562 0.00091362
8 0.749512 0.534668 0.0478516 0.0341797 0.00093174
13 0.13623 0.608887 0.0869141 0.0576172 0.000954151
0 0.571289 0.305176 0.201172 0.129883 0.000954628
8 0.217773 0.59668 0.0234375 0.0175781 0.000956059
8 0.243164 0.583008 0.0117188 0.0078125 0.000989914
8 0.180664 0.617188 0.134766 0.128906 0.0010128
10 0.0898438 0.793457 0.0488281 0.0654297 0.00105572
7 0.75293 0.202637 0.0136719 0.0146484 0.00105953
8 0.207031 0.608398 0.0644531 0.0527344 0.00106716
2 0.211914 0.62793 0.0605469 0.0527344 0.00108528
8 0.251953 0.634277 0.0175781 0.0166016 0.0010891
13 0.745605 0.21582 0.0263672 0.0292969 0.00109386
12 0.177734 0.619629 0.128906 0.0712891 0.00109768
5 0.180664 0.619629 0.121094 0.0693359 0.00110722
10 0.94873 0.780273 0.0400391 0.0488281 0.00117779
13 0.711914 0.225098 0.107422 0.0869141 0.00122643
7 0.125 0.601074 0.0390625 0.0166016 0.00125599
11 0.75293 0.180176 0.0605469 0.0693359 0.00126553
8 0.39209 0.648438 0.0537109 0.0351562 0.00132084
13 0.754395 0.175781 0.0830078 0.0800781 0.00133896
3 0.60791 0.299805 0.112305 0.109375 0.00139236
10 0.185059 0.620605 0.114258 0.0673828 0.00147629
13 0.413574 0.345215 0.0478516 0.0263672 0.00153065
8 0.193848 0.621094 0.0517578 0.0546875 0.00156689
11 0.773438 0.150391 0.0683594 0.0371094 0.00160694
8 0.214355 0.598633 0.0419922 0.0253906 0.0016098
9 0.124512 0.600098 0.0341797 0.0166016 0.00171757
2 0.75293 0.202637 0.0136719 0.0146484 0.00174332
13 0.734863 0.220703 0.12207 0.138672 0.00178242
8 0.808105 0.210449 0.0185547 0.0166016 0.00180531
11 0.649902 0.128418 0.106445 0.0244141 0.00187302
9 0.214844 0.631836 0.0546875 0.0449219 0.00194931
11 0.950684 0.788086 0.0400391 0.0625 0.00197411
8 0.28418 0.607422 0.0429688 0.03125 0.00200272
8 0.755859 0.202637 0.0234375 0.0185547 0.00201416
13 0.744629 0.215332 0.0517578 0.0517578 0.00208664
9 0.75293 0.202637 0.0136719 0.0146484 0.00218773
8 0.124512 0.600098 0.0341797 0.0166016 0.00231171
0 0.191895 0.620117 0.0966797 0.0703125 0.00239944
4 0.209961 0.631836 0.0625 0.0449219 0.00261688
13 0.741699 0.194824 0.0498047 0.0380859 0.00265694
13 0.125488 0.600098 0.0478516 0.0322266 0.00288963
11 0.681152 0.129395 0.102539 0.0185547 0.00299835
11 0.615723 0.143555 0.0498047 0.0273438 0.00304031
8 0.75 0.203613 0.0234375 0.0263672 0.00319672
3 0.183594 0.620117 0.113281 0.0683594 0.00338936
11 0.17334 0.616699 0.143555 0.0810547 0.00359726
10 0.0805664 0.777832 0.0595703 0.110352 0.00377655
9 0.260742 0.734863 0.376953 0.133789 0.00389099
11 0.297852 0.163086 0.0722656 0.0449219 0.00390244
13 0.747559 0.220215 0.0927734 0.0771484 0.00406265
11 0.714844 0.137207 0.152344 0.0478516 0.00428391
13 0.758789 0.199707 0.0332031 0.0244141 0.00431061
11 0.0864258 0.782715 0.0791016 0.0810547 0.00434875
11 0.346191 0.14209 0.112305 0.0361328 0.0043602
11 0.635254 0.137695 0.0947266 0.03125 0.00477982
13 0.73291 0.201172 0.0888672 0.0664062 0.00561142
2 0.191895 0.620117 0.0966797 0.0703125 0.00567245
11 0.377441 0.136719 0.116211 0.0195312 0.00571442
13 0.768555 0.20166 0.0917969 0.0673828 0.00579071
7 0.207031 0.626465 0.0664062 0.0595703 0.00584793
1 0.181641 0.619141 0.123047 0.0703125 0.00585556
13 0.779785 0.20459 0.0810547 0.0380859 0.00630569
8 0.744629 0.444336 0.0380859 0.0273438 0.00707245
13 0.148438 0.599609 0.0878906 0.0253906 0.00911713
13 0.749512 0.203613 0.0361328 0.0361328 0.0139236
9 0.175781 0.621582 0.132812 0.0673828 0.0148239
13 0.753906 0.188477 0.0507812 0.0566406 0.0158691
13 0.753418 0.203125 0.0146484 0.0175781 0.0171967
10 0.953125 0.791016 0.0273438 0.0390625 0.0187683
8 0.75293 0.202637 0.0136719 0.0146484 0.0225372
11 0.953125 0.790039 0.0273438 0.0390625 0.0239868
13 0.169434 0.620117 0.145508 0.0722656 0.0252991
13 0.125 0.601074 0.0390625 0.0166016 0.0273438
6 0.180664 0.619629 0.121094 0.0693359 0.0285339
11 0.320312 0.152832 0.0976562 0.0478516 0.0316772
11 0.755371 0.14209 0.0732422 0.0419922 0.0354919
11 0.685059 0.133789 0.172852 0.0292969 0.0419006
8 0.213379 0.632324 0.0537109 0.0419922 0.0664062
4 0.185059 0.620605 0.114258 0.0673828 0.069519
10 0.0805664 0.779297 0.0439453 0.0546875 0.0842896
11 0.0805664 0.779297 0.0439453 0.0546875 0.103821
7 0.180664 0.619629 0.121094 0.0693359 0.119629
8 0.188965 0.620117 0.104492 0.0683594 0.308594
0 0.60791 0.29248 0.110352 0.0947266 0.422363
