13 0.872559 0.59668 0.0283203 0.0195312 0.000105619
9 0.328125 0.817871 0.396484 0.272461 0.000106156
9 0.348145 0.516113 0.180664 0.245117 0.000106752
13 0.275879 0.37793 0.0830078 0.0527344 0.000106812
9 0.445312 0.305176 0.0683594 0.125977 0.000106931
0 0.618164 0.645508 0.416016 0.140625 0.00010699
8 0.751953 0.269531 0.00976562 0.0117188 0.000107408
5 0.197754 0.708008 0.0908203 0.103516 0.000107884
7 0.470703 0.623535 0.107422 0.174805 0.000108004
0 0.980469 0.893555 0.0390625 0.212891 0.000108957
6 0.228027 0.651855 0.0673828 0.0361328 0.000109553
9 0.234863 0.646484 0.0673828 0.0351562 0.000109732
9 0.612305 0.23291 0.0878906 0.149414 0.000109732
11 0.706055 0.214355 0.0742188 0.0205078 0.000109792
6 0.182129 0.624512 0.0341797 0.0263672 0.000111282
8 0.731445 0.637207 0.0292969 0.0185547 0.000112057
9 0.19043 0.694336 0.0488281 0.0449219 0.000112474
8 0.355469 0.541992 0.0664062 0.0449219 0.000112474
8 0.432617 0.703125 0.136719 0.109375 0.000112534
13 0.70459 0.351562 0.0673828 0.0507812 0.000112593
5 0.211914 0.592285 0.117188 0.293945 0.000112832
13 0.945312 0.73877 0.0507812 0.0380859 0.00011313
1 0.759277 0.226074 0.0810547 0.0478516 0.000113547
11 0.358398 0.223145 0.111328 0.0419922 0.000113547
8 0.231934 0.599121 0.0556641 0.0517578 0.000114262
10 0.276367 0.655762 0.289062 0.274414 0.000114322
9 0.80957 0.673828 0.0878906 0.0566406 0.000115037
12 0.618164 0.645508 0.416016 0.140625 0.00011611
13 0.231934 0.596191 0.0146484 0.0107422 0.000116706
9 0.204102 0.60791 0.121094 0.243164 0.0001176
13 0.759277 0.226074 0.0810547 0.0478516 0.000118911
7 0.432617 0.277832 0.103516 0.12793 0.000119984
9 0.444336 0.227051 0.107422 0.151367 0.000120044
9 0.00537109 0.294434 0.0107422 0.0478516 0.000120759
5 0.873047 0.598145 0.0234375 0.0185547 0.000120938
8 0.416016 0.459961 0.015625 0.0136719 0.000121117
9 0.379883 0.235352 0.144531 0.0351562 0.000121474
8 0.807129 0.383301 0.0302734 0.0263672 0.000121832
11 0.376953 0.228516 0.0703125 0.0214844 0.000121951
3 0.630859 0.721191 0.441406 0.303711 0.00012207
6 0.181641 0.701172 0.0371094 0.0371094 0.000122666
13 0.373535 0.29248 0.0869141 0.0537109 0.000123262
9 0.386719 0.666504 0.0742188 0.0322266 0.000124097
7 0.608398 0.198242 0.0585938 0.0820312 0.000124812
5 0.317383 0.583984 0.246094 0.234375 0.000126004
10 0.618164 0.645508 0.416016 0.140625 0.000126481
5 0.618164 0.645508 0.416016 0.140625 0.000128031
10 0.562988 0.415039 0.239258 0.164062 0.000128508
0 0.595215 0.430664 0.0322266 0.0292969 0.000128627
7 0.388672 0.591309 0.0722656 0.0517578 0.000129938
10 0.149414 0.785156 0.0332031 0.0488281 0.000130415
13 0.369629 0.598633 0.12207 0.103516 0.000131488
11 0.149414 0.785156 0.0332031 0.0488281 0.000131607
0 0.577148 0.368164 0.197266 0.107422 0.000133038
6 0.402344 0.603516 0.0351562 0.03125 0.000133276
9 0.802734 0.459961 0.339844 0.476562 0.000133634
7 0.205078 0.731445 0.111328 0.103516 0.000136614
4 0.204102 0.697754 0.113281 0.141602 0.000136733
6 0.243164 0.637207 0.140625 0.12793 0.000138402
13 0.367676 0.305176 0.165039 0.161133 0.000140905
4 0.179688 0.696289 0.03125 0.0253906 0.000141859
13 0.436523 0.549805 0.0449219 0.03125 0.000142336
13 0.234863 0.646484 0.0673828 0.0351562 0.000143528
11 0.703613 0.20166 0.110352 0.0244141 0.000143766
8 0.599609 0.430176 0.0195312 0.0185547 0.000143886
9 0.183105 0.706055 0.0341797 0.0390625 0.000144243
8 0.87207 0.597656 0.0351562 0.0292969 0.00014472
6 0.310059 0.618164 0.176758 0.111328 0.000145078
3 0.228516 0.682617 0.154297 0.162109 0.000145197
7 0.418457 0.64209 0.178711 0.200195 0.000145197
12 0.312012 0.650879 0.34668 0.223633 0.00014627
9 0.469727 0.672852 0.111328 0.136719 0.000149846
8 0.253418 0.41748 0.0126953 0.00878906 0.000149965
7 0.234863 0.646484 0.0673828 0.0351562 0.000153065
10 0.314941 0.714355 0.34082 0.116211 0.000153065
3 0.597656 0.527344 0.361328 0.306641 0.00015521
11 0.673828 0.201172 0.078125 0.0195312 0.00015533
3 0.561035 0.419434 0.243164 0.180664 0.000158429
8 0.481934 0.97998 0.0478516 0.0322266 0.000162244
9 0.631836 0.210449 0.105469 0.0888672 0.000162601
8 0.207031 0.580078 0.015625 0.015625 0.000163078
7 0.191406 0.688477 0.0976562 0.113281 0.000163317
3 0.197754 0.250977 0.395508 0.501953 0.000163555
4 0.402344 0.603516 0.0351562 0.03125 0.000164032
13 0.89209 0.630859 0.0869141 0.03125 0.000165582
13 0.25 0.719238 0.193359 0.108398 0.000166178
7 0.379883 0.235352 0.144531 0.0351562 0.000166297
9 0.185547 0.713867 0.0605469 0.0761719 0.000176787
13 0.706543 0.322754 0.0498047 0.0751953 0.000177979
13 0.830566 0.613281 0.108398 0.0449219 0.000178337
9 0.824707 0.680664 0.0537109 0.0390625 0.00017941
9 0.857422 0.55127 0.167969 0.235352 0.00017941
9 0.481445 0.490723 0.113281 0.383789 0.000180483
11 0.414062 0.224121 0.0507812 0.0107422 0.000180721
13 0.82373 0.628906 0.0810547 0.0449219 0.000182033
8 0.388672 0.591309 0.0722656 0.0517578 0.000182271
5 0.213379 0.133301 0.426758 0.243164 0.000182509
13 0.385254 0.229492 0.151367 0.0292969 0.000185251
9 0.493164 0.276367 0.0234375 0.0351562 0.000186086
9 0.336914 0.596191 0.216797 0.186523 0.000187397
0 0.623047 0.376465 0.0625 0.0810547 0.000187993
7 0.231445 0.594727 0.0175781 0.0136719 0.000200868
13 0.402832 0.297852 0.0537109 0.046875 0.000203252
5 0.823242 0.489746 0.25 0.375977 0.000205278
8 0.188965 0.699219 0.0576172 0.078125 0.000206113
11 0.308105 0.258301 0.100586 0.0673828 0.000207186
8 0.255371 0.65918 0.233398 0.214844 0.000207186
13 0.387207 0.243652 0.129883 0.0458984 0.000208259
0 0.494141 0.401855 0.115234 0.18457 0.000213146
2 0.405762 0.310059 0.0205078 0.0224609 0.000213385
9 0.855957 0.728516 0.270508 0.109375 0.000214934
4 0.468262 0.358887 0.0771484 0.192383 0.00021553
8 0.390137 0.38623 0.00878906 0.00878906 0.000217676
7 0.300781 0.571777 0.263672 0.336914 0.000218034
13 0.721191 0.335938 0.0869141 0.134766 0.000219226
11 0.413574 0.213379 0.0830078 0.0166016 0.000220418
10 0.468262 0.358887 0.0771484 0.192383 0.000220895
9 0.262695 0.747559 0.240234 0.120117 0.000222564
11 0.419434 0.230957 0.110352 0.0439453 0.000223398
7 0.336914 0.596191 0.216797 0.186523 0.000224471
13 0.199219 0.626465 0.09375 0.116211 0.000224948
9 0.231934 0.595215 0.0166016 0.0126953 0.000227332
13 0.351562 0.296875 0.0449219 0.03125 0.000227809
13 0.918945 0.62793 0.0488281 0.0195312 0.000227928
9 0.0112305 0.288086 0.0224609 0.0527344 0.000230074
8 0.186035 0.693359 0.0458984 0.0390625 0.0002321
9 0.950195 0.737793 0.0332031 0.0283203 0.000234365
13 0.708984 0.530762 0.0585938 0.0185547 0.000234604
13 0.260742 0.368164 0.0683594 0.0371094 0.000237346
13 0.416992 0.299316 0.113281 0.149414 0.000241756
8 0.346191 0.561523 0.0615234 0.0605469 0.000243068
9 0.40625 0.311035 0.0195312 0.0224609 0.000244856
7 0.180664 0.70752 0.0390625 0.0439453 0.000247955
13 0.390137 0.605469 0.0634766 0.0332031 0.000251532
13 0.693359 0.350586 0.0429688 0.0136719 0.00025177
7 0.19043 0.694336 0.0488281 0.0449219 0.000260353
9 0.198242 0.695801 0.09375 0.120117 0.000262737
6 0.625488 0.387695 0.125977 0.117188 0.000264645
7 0.365234 0.663574 0.015625 0.0126953 0.000265121
2 0.227539 0.684082 0.15625 0.165039 0.00026679
13 0.189941 0.630859 0.0478516 0.0371094 0.000269175
9 0.0966797 0.706055 0.0136719 0.03125 0.00026989
9 0.418457 0.64209 0.178711 0.200195 0.000274181
5 0.316406 0.677734 0.349609 0.167969 0.000279188
13 0.302246 0.556152 0.0556641 0.0224609 0.000282764
9 0.515137 0.206055 0.172852 0.177734 0.000285625
9 0.367188 0.664551 0.0390625 0.0205078 0.000289917
8 0.735352 0.646484 0.0390625 0.0390625 0.000292063
6 0.375977 0.544922 0.121094 0.128906 0.000293732
11 0.430664 0.227051 0.0917969 0.0224609 0.00029397
13 0.233887 0.651855 0.108398 0.0595703 0.000294924
13 0.691895 0.30127 0.0419922 0.0498047 0.000300169
8 0.231445 0.59375 0.0253906 0.0214844 0.000314951
9 0.873047 0.598145 0.0234375 0.0185547 0.000315428
13 0.402832 0.310547 0.0322266 0.0234375 0.000317574
11 0.987305 0.77832 0.0214844 0.0390625 0.000318766
13 0.364746 0.664062 0.0146484 0.0117188 0.000319242
8 0.738281 0.314453 0.0136719 0.0136719 0.000324488
8 0.779785 0.538574 0.0166016 0.0185547 0.000333309
13 0.326172 0.617676 0.09375 0.0439453 0.000334501
9 0.226562 0.651855 0.117188 0.0751953 0.000338316
11 0.665039 0.21875 0.119141 0.0507812 0.000342846
11 0.239258 0.668945 0.173828 0.183594 0.000343323
8 0.76416 0.560059 0.00878906 0.00683594 0.000347376
13 0.700195 0.280273 0.0429688 0.0703125 0.000349522
0 0.646973 0.424805 0.0849609 0.189453 0.00034976
9 0.288086 0.711426 0.216797 0.0810547 0.000350714
11 0.727051 0.225586 0.178711 0.0742188 0.000356913
7 0.330078 0.695801 0.361328 0.137695 0.000363827
9 0.47168 0.22168 0.0976562 0.228516 0.000366449
9 0.618164 0.645508 0.416016 0.140625 0.000371933
13 0.391113 0.250977 0.0576172 0.0449219 0.000371933
10 0.987305 0.77832 0.0214844 0.0390625 0.000373363
9 0.54248 0.731934 0.223633 0.327148 0.000374079
12 0.239258 0.668945 0.173828 0.183594 0.00039053
13 0.310059 0.618164 0.176758 0.111328 0.000391245
13 0.723145 0.534668 0.0654297 0.0263672 0.000396967
7 0.87207 0.595703 0.0234375 0.0175781 0.000398874
7 0.625488 0.387695 0.125977 0.117188 0.00041008
6 0.233887 0.651855 0.108398 0.0595703 0.000418901
9 0.208496 0.730957 0.120117 0.102539 0.000420809
4 0.625488 0.387695 0.125977 0.117188 0.00042963
7 0.479492 0.414062 0.0820312 0.228516 0.000429869
11 0.75293 0.221191 0.0625 0.0341797 0.000443935
8 0.365234 0.665527 0.0234375 0.0224609 0.000445604
8 0.849121 0.368164 0.0166016 0.0136719 0.000447035
5 0.226562 0.651855 0.117188 0.0751953 0.000468016
3 0.262695 0.150391 0.525391 0.263672 0.000483036
10 0.147949 0.792969 0.0244141 0.0292969 0.000488281
1 0.227539 0.684082 0.15625 0.165039 0.000494003
12 0.625488 0.387695 0.125977 0.117188 0.000496387
9 0.274902 0.558105 0.272461 0.393555 0.000499725
7 0.426758 0.701172 0.142578 0.109375 0.000510216
13 0.625488 0.387695 0.125977 0.117188 0.000512123
9 0.402344 0.603516 0.0351562 0.03125 0.000513554
5 0.625488 0.387695 0.125977 0.117188 0.000520229
0 0.554199 0.493164 0.249023 0.398438 0.000520706
13 0.86377 0.625488 0.124023 0.0380859 0.00052309
7 0.185547 0.713867 0.0605469 0.0761719 0.000524998
9 0.579102 0.313477 0.154297 0.273438 0.000529766
11 0.147949 0.792969 0.0244141 0.0292969 0.000534058
10 0.227539 0.684082 0.15625 0.165039 0.000534058
10 0.370605 0.556641 0.0966797 0.078125 0.000547886
7 0.454102 0.308105 0.0722656 0.170898 0.00057888
1 0.625488 0.387695 0.125977 0.117188 0.000607967
2 0.365723 0.663574 0.0146484 0.0126953 0.000611782
11 0.626465 0.385742 0.124023 0.113281 0.000640869
13 0.36377 0.610352 0.0947266 0.0410156 0.000672817
8 0.183105 0.625977 0.0283203 0.0253906 0.000691414
11 0.785645 0.239746 0.0693359 0.0537109 0.000714302
9 0.365723 0.663574 0.0146484 0.0126953 0.000719547
3 0.631836 0.693359 0.416016 0.121094 0.000720978
8 0.372559 0.556152 0.116211 0.170898 0.000751972
7 0.271973 0.720703 0.243164 0.0996094 0.000799656
9 0.376953 0.556152 0.126953 0.147461 0.000803947
5 0.368652 0.555176 0.0947266 0.0732422 0.000808239
8 0.625488 0.387695 0.125977 0.117188 0.000817776
13 0.404785 0.269531 0.0732422 0.0820312 0.000841618
13 0.290527 0.646484 0.264648 0.228516 0.000846863
8 0.183105 0.706055 0.0341797 0.0390625 0.000854969
7 0.182617 0.625977 0.0292969 0.0273438 0.000859737
7 0.226562 0.651855 0.117188 0.0751953 0.000873566
9 0.567383 0.219238 0.107422 0.0966797 0.00088644
9 0.179688 0.696289 0.03125 0.0253906 0.000887394
12 0.368652 0.555176 0.0947266 0.0751953 0.000890255
9 0.48584 0.637207 0.137695 0.24707 0.0009408
9 0.182617 0.625977 0.0292969 0.0273438 0.000959396
11 0.678711 0.208008 0.0703125 0.015625 0.000980377
2 0.625488 0.387695 0.125977 0.117188 0.000997543
9 0.562988 0.415039 0.239258 0.164062 0.00100517
8 0.773926 0.597656 0.0107422 0.0078125 0.00105858
13 0.949219 0.736328 0.03125 0.0273438 0.00106621
9 0.479492 0.414062 0.0820312 0.228516 0.00111866
7 0.179688 0.696289 0.03125 0.0253906 0.00112152
4 0.375977 0.544922 0.121094 0.128906 0.00112534
10 0.625488 0.387695 0.125977 0.117188 0.00118446
8 0.91748 0.685547 0.00878906 0.0078125 0.00119209
5 0.857422 0.55127 0.167969 0.235352 0.00124836
9 0.467773 0.181152 0.078125 0.125977 0.00126457
8 0.739258 0.314941 0.00976562 0.00878906 0.00132561
7 0.402344 0.603516 0.0351562 0.03125 0.00137234
9 0.5 0.311035 0.128906 0.288086 0.001441
9 0.625488 0.387695 0.125977 0.117188 0.00148487
9 0.54248 0.52832 0.231445 0.478516 0.00148869
11 0.35791 0.230957 0.0732422 0.0322266 0.0015173
8 0.405762 0.310059 0.0205078 0.0224609 0.00154591
8 0.229004 0.689941 0.151367 0.141602 0.00162125
9 0.55127 0.257324 0.137695 0.192383 0.00162601
11 0.368652 0.555176 0.0947266 0.0751953 0.00162983
11 0.36377 0.238281 0.141602 0.0566406 0.00163174
8 0.372559 0.555664 0.0517578 0.0644531 0.00170898
9 0.464355 0.340332 0.0751953 0.170898 0.00177956
11 0.408203 0.226074 0.0898438 0.0146484 0.0018301
9 0.428711 0.699707 0.152344 0.133789 0.0019083
9 0.558594 0.206543 0.0605469 0.0517578 0.00204468
11 0.651367 0.214844 0.0839844 0.03125 0.00207329
7 0.375977 0.544922 0.121094 0.128906 0.0021553
9 0.260254 0.63916 0.208008 0.227539 0.00220871
3 0.625488 0.387695 0.125977 0.117188 0.00259972
0 0.647949 0.372559 0.0732422 0.0849609 0.0027523
1 0.368652 0.555176 0.0947266 0.0751953 0.00319481
4 0.239258 0.668945 0.173828 0.183594 0.00325394
9 0.609863 0.198242 0.0576172 0.0800781 0.00339508
13 0.367676 0.558594 0.0966797 0.0820312 0.003685
7 0.466797 0.35791 0.0761719 0.172852 0.00375557
11 0.319336 0.246094 0.0703125 0.0429688 0.00393677
13 0.228516 0.670898 0.144531 0.169922 0.00402832
3 0.370117 0.556152 0.0976562 0.0771484 0.00425339
5 0.271484 0.5625 0.240234 0.380859 0.00429153
6 0.259277 0.637695 0.208008 0.230469 0.00434494
2 0.370605 0.556641 0.0966797 0.078125 0.00440598
0 0.370117 0.556152 0.0976562 0.0771484 0.00449371
8 0.402344 0.603516 0.0351562 0.03125 0.00510788
7 0.259277 0.637695 0.208008 0.230469 0.00513077
13 0.185059 0.625488 0.0283203 0.0244141 0.00548553
11 0.415527 0.220703 0.0908203 0.0195312 0.00580215
11 0.686035 0.208984 0.112305 0.0234375 0.00588226
9 0.314941 0.714355 0.34082 0.116211 0.00675964
6 0.368652 0.555176 0.0947266 0.0732422 0.00689697
8 0.231934 0.595215 0.0166016 0.0126953 0.00760651
9 0.227539 0.684082 0.15625 0.165039 0.00779343
11 0.389648 0.226562 0.138672 0.0273438 0.00854492
11 0.744629 0.222168 0.108398 0.0458984 0.00924683
5 0.225098 0.6875 0.141602 0.134766 0.00928497
8 0.87207 0.595703 0.0234375 0.0175781 0.0106964
8 0.179688 0.696289 0.03125 0.0253906 0.0114975
8 0.365234 0.664062 0.0136719 0.0117188 0.0127182
9 0.369141 0.557617 0.0957031 0.0800781 0.0157471
11 0.706543 0.217773 0.161133 0.0332031 0.0180511
0 0.562988 0.415039 0.239258 0.164062 0.022049
6 0.224121 0.684082 0.139648 0.157227 0.0273438
11 0.34082 0.239258 0.0839844 0.0410156 0.0301971
11 0.770996 0.229004 0.0693359 0.0439453 0.0310059
5 0.244629 0.649902 0.186523 0.229492 0.0375977
7 0.225586 0.6875 0.142578 0.146484 0.038269
4 0.368652 0.555176 0.0947266 0.0732422 0.0476074
3 0.618164 0.645508 0.416016 0.140625 0.0720215
7 0.368652 0.555176 0.0947266 0.0732422 0.0905762
8 0.370117 0.556641 0.101562 0.0761719 0.521973
0 0.625977 0.385254 0.123047 0.114258 0.59082
