3 0.51709 0.554688 0.424805 0.322266 0.000148654
9 0.396973 0.154785 0.0693359 0.0712891 0.000149131
9 0.425293 0.263184 0.0498047 0.139648 0.000149965
8 0.599121 0.289062 0.0400391 0.0488281 0.000150084
11 0.0698242 0.702148 0.0361328 0.0761719 0.000151396
9 0.243164 0.416504 0.078125 0.0693359 0.000151634
2 0.22168 0.426758 0.0253906 0.0175781 0.000151873
9 0.388184 0.254883 0.0537109 0.0625 0.000151992
13 0.235352 0.431152 0.0527344 0.0400391 0.000154376
8 0.220703 0.27002 0.0136719 0.0107422 0.000154376
0 0.556641 0.321289 0.0761719 0.0976562 0.000154495
11 0.856445 0.739258 0.0527344 0.0898438 0.000154614
11 0.59375 0.154785 0.0585938 0.0166016 0.000154614
7 0.488281 0.344238 0.275391 0.18457 0.000156283
2 0.355469 0.40625 0.0234375 0.0195312 0.000156522
1 0.291992 0.598633 0.0429688 0.0527344 0.000157833
13 0.342285 0.363281 0.0361328 0.0351562 0.000159383
1 0.488281 0.344238 0.275391 0.18457 0.000159979
12 0.330078 0.224609 0.183594 0.171875 0.000162601
13 0.259766 0.981445 0.0703125 0.0351562 0.00016284
7 0.355957 0.455566 0.0966797 0.155273 0.000163913
13 0.333496 0.352539 0.0517578 0.0566406 0.000166178
8 0.265625 0.535156 0.0722656 0.0410156 0.000167131
3 0.395996 0.272461 0.0771484 0.25 0.00016737
11 0.00488281 0.228516 0.00976562 0.0371094 0.000167608
7 0.73584 0.604004 0.0302734 0.0283203 0.000167966
8 0.259277 0.393066 0.0205078 0.0107422 0.000169516
7 0.258789 0.536133 0.03125 0.0253906 0.000170112
11 0.394531 0.164062 0.0644531 0.0585938 0.000171661
13 0.235352 0.597168 0.09375 0.0576172 0.000172377
4 0.391602 0.211914 0.0625 0.111328 0.000174403
7 0.210449 0.58252 0.0341797 0.0341797 0.000175595
8 0.595215 0.455078 0.0439453 0.0390625 0.000175714
8 0.831543 0.555176 0.0146484 0.0107422 0.000176787
11 0.642578 0.170898 0.126953 0.0292969 0.000177979
9 0.418457 0.183105 0.0283203 0.0302734 0.000178456
13 0.792969 0.705566 0.0898438 0.0537109 0.000178576
13 0.27832 0.567871 0.0996094 0.114258 0.000178695
11 0.547852 0.186523 0.0527344 0.0351562 0.000179172
8 0.260742 0.396973 0.0332031 0.0146484 0.000180364
8 0.228516 0.430664 0.0449219 0.0234375 0.000181675
13 0.304688 0.592773 0.0996094 0.140625 0.000182033
8 0.239746 0.428223 0.0654297 0.0576172 0.000184774
8 0.35498 0.40332 0.0205078 0.0214844 0.00018537
8 0.388672 0.279785 0.015625 0.0126953 0.00018537
7 0.242676 0.422363 0.37207 0.571289 0.000186443
13 0.257812 0.395508 0.0117188 0.00976562 0.000186563
2 0.23584 0.414551 0.362305 0.583008 0.000188947
13 0.22168 0.42627 0.0292969 0.0185547 0.00019002
12 0.71582 0.396484 0.365234 0.472656 0.000190616
11 0.362305 0.157227 0.0957031 0.0449219 0.000190854
2 0.388672 0.306641 0.113281 0.349609 0.000191808
9 0.428223 0.262695 0.0341797 0.0429688 0.000194073
13 0.347168 0.160156 0.0458984 0.0429688 0.000198007
8 0.30127 0.510254 0.0595703 0.0361328 0.000198364
11 0.379883 0.153809 0.105469 0.0732422 0.000199437
3 0.794434 0.0898438 0.401367 0.173828 0.000204802
8 0.591309 0.280273 0.0263672 0.0292969 0.000208378
8 0.18457 0.570312 0.015625 0.0117188 0.000208616
0 0.564453 0.376953 0.113281 0.21875 0.00020957
9 0.383789 0.342773 0.0878906 0.210938 0.000210047
13 0.0136719 0.365234 0.0273438 0.378906 0.000210285
6 0.386719 0.324707 0.105469 0.37207 0.000210643
7 0.218262 0.248047 0.0244141 0.0214844 0.000211477
9 0.266113 0.274902 0.317383 0.28418 0.000212193
13 0.62207 0.512695 0.0820312 0.03125 0.000214696
9 0.593262 0.44873 0.0439453 0.0458984 0.00021553
13 0.129883 0.478516 0.0488281 0.0234375 0.000215888
8 0.488281 0.344238 0.275391 0.18457 0.00021863
11 0.650391 0.163574 0.078125 0.0302734 0.00022161
2 0.258789 0.535645 0.0449219 0.0263672 0.000221968
9 0.805664 0.721191 0.119141 0.0830078 0.000223637
9 0.592773 0.281738 0.0273438 0.0283203 0.000226259
13 0.237793 0.506348 0.15918 0.0595703 0.000226498
13 0.297363 0.466309 0.0810547 0.0322266 0.000227451
11 0.561523 0.186523 0.0507812 0.0253906 0.000227809
13 0.607422 0.446777 0.0859375 0.0849609 0.000230074
12 0.488281 0.344238 0.275391 0.18457 0.000232577
9 0.258789 0.394531 0.0117188 0.00976562 0.000233293
13 0.588867 0.301758 0.0761719 0.09375 0.0002352
9 0.370117 0.402832 0.207031 0.37207 0.00024116
13 0.23291 0.518066 0.0849609 0.0517578 0.000242829
2 0.319336 0.493164 0.0703125 0.0664062 0.000243545
13 0.599121 0.283691 0.0419922 0.0380859 0.000244021
4 0.536133 0.633789 0.423828 0.126953 0.000245094
13 0.309082 0.599121 0.0654297 0.0712891 0.000246763
2 0.488281 0.344238 0.275391 0.18457 0.000247478
0 0.0415039 0.912109 0.0830078 0.162109 0.000247478
8 0.416992 0.485352 0.0292969 0.0175781 0.000251293
6 0.536133 0.633789 0.423828 0.126953 0.000254631
9 0.385254 0.272461 0.0263672 0.0644531 0.000255823
9 0.234375 0.410645 0.257812 0.25293 0.000256062
11 0.635254 0.157715 0.0634766 0.0244141 0.000256062
10 0.0795898 0.716309 0.0654297 0.0673828 0.000257015
9 0.218262 0.248047 0.0244141 0.0214844 0.000258684
11 0.0883789 0.708496 0.0498047 0.0517578 0.000260353
13 0.638672 0.456055 0.0664062 0.0820312 0.000261307
2 0.583496 0.277344 0.0380859 0.0351562 0.000261545
13 0.744629 0.516602 0.0888672 0.0234375 0.000261784
8 0.169922 0.373047 0.0253906 0.0253906 0.000262976
11 0.394531 0.186523 0.0644531 0.140625 0.000263214
12 0.742188 0.258789 0.515625 0.517578 0.000265121
2 0.251953 0.416992 0.0878906 0.0683594 0.00026679
7 0.39209 0.313965 0.0849609 0.168945 0.000267267
7 0.369629 0.228027 0.0732422 0.198242 0.000267506
8 0.536133 0.633789 0.423828 0.126953 0.000268936
13 0.695801 0.506348 0.0673828 0.0283203 0.000269175
8 0.196777 0.490234 0.0302734 0.0136719 0.00027132
5 0.395996 0.272461 0.0771484 0.25 0.000271559
9 0.335449 0.452637 0.100586 0.166992 0.000271797
2 0.583496 0.277344 0.0205078 0.0214844 0.000277758
8 0.209961 0.579102 0.0234375 0.0214844 0.000280142
13 0.0805664 0.10791 0.161133 0.213867 0.000282288
1 0.386719 0.32373 0.107422 0.366211 0.000282526
8 0.587402 0.433594 0.0595703 0.0820312 0.000287056
9 0.385254 0.275391 0.0166016 0.0175781 0.00028801
0 0.378418 0.351562 0.12207 0.378906 0.00028801
9 0.362793 0.260742 0.208008 0.275391 0.000288486
7 0.536133 0.633789 0.423828 0.126953 0.000288725
11 0.347168 0.160156 0.0458984 0.0429688 0.000290871
13 0.759766 0.387207 0.0839844 0.0283203 0.000292063
13 0.216797 0.493164 0.140625 0.03125 0.000293016
0 0.592773 0.280762 0.046875 0.0380859 0.000297785
13 0.191895 0.102051 0.383789 0.202148 0.0002985
11 0.488281 0.344238 0.275391 0.18457 0.000301838
13 0.944336 0.172363 0.111328 0.217773 0.000303507
13 0.371094 0.227539 0.0742188 0.201172 0.000312328
10 0.488281 0.344238 0.275391 0.18457 0.000315189
11 0.0712891 0.722656 0.0664062 0.0703125 0.000316143
2 0.297363 0.570801 0.0654297 0.112305 0.000317574
0 0.428223 0.29541 0.143555 0.307617 0.000319004
1 0.536133 0.633789 0.423828 0.126953 0.000319481
11 0.563965 0.157715 0.0712891 0.0341797 0.000320911
13 0.875488 0.175781 0.249023 0.298828 0.000321388
8 0.625488 0.419434 0.0166016 0.0146484 0.000323772
9 0.286133 0.516602 0.0195312 0.015625 0.000330687
2 0.38623 0.278809 0.0107422 0.0107422 0.000332355
12 0.266113 0.274902 0.317383 0.28418 0.00033474
8 0.737305 0.572754 0.0117188 0.0107422 0.000336409
2 0.590332 0.433105 0.0576172 0.0771484 0.000340462
13 0.722168 0.51709 0.0439453 0.0283203 0.000340939
2 0.284668 0.519531 0.0458984 0.0273438 0.000345469
13 0.220215 0.425781 0.0146484 0.00976562 0.000348091
13 0.275879 0.458496 0.118164 0.0380859 0.000354767
12 0.536133 0.633789 0.423828 0.126953 0.000356197
11 0.608887 0.175293 0.129883 0.0458984 0.000359058
11 0.388672 0.306641 0.113281 0.349609 0.000359297
11 0.307617 0.154297 0.109375 0.0273438 0.000360489
13 0.343262 0.171875 0.0283203 0.0566406 0.000360727
13 0.536133 0.633789 0.423828 0.126953 0.000361919
9 0.737305 0.604492 0.0273438 0.0273438 0.000362158
9 0.71582 0.396484 0.365234 0.472656 0.000366449
13 0.286133 0.51709 0.0195312 0.0166016 0.000370502
0 0.395996 0.272461 0.0771484 0.25 0.000385523
2 0.581055 0.286621 0.0644531 0.0537109 0.000392914
13 0.39502 0.200195 0.0654297 0.132812 0.00039506
2 0.536133 0.633789 0.423828 0.126953 0.000397444
9 0.411133 0.211426 0.0957031 0.219727 0.000402689
13 0.334961 0.183594 0.0371094 0.0722656 0.000408411
3 0.488281 0.344238 0.275391 0.18457 0.000420332
9 0.910156 0.587891 0.0117188 0.046875 0.000423193
10 0.862305 0.756348 0.0351562 0.0615234 0.000426769
8 0.385254 0.272461 0.0263672 0.0644531 0.000427723
6 0.560059 0.320801 0.135742 0.133789 0.000432491
11 0.536133 0.633789 0.423828 0.126953 0.000446796
13 0.157227 0.483887 0.113281 0.0517578 0.000459194
13 0.186035 0.490234 0.0458984 0.0214844 0.000460625
13 0.613281 0.448242 0.0546875 0.0449219 0.000467539
13 0.284668 0.519531 0.0458984 0.0273438 0.000471354
5 0.536133 0.633789 0.423828 0.126953 0.000479221
8 0.728027 0.597656 0.0458984 0.0429688 0.00047946
13 0.185547 0.496094 0.103516 0.0507812 0.000483274
13 0.349609 0.221191 0.0566406 0.151367 0.000494003
7 0.402832 0.181152 0.0693359 0.0869141 0.000500202
8 0.370117 0.411133 0.113281 0.292969 0.000500202
8 0.71875 0.519043 0.015625 0.0166016 0.000502586
9 0.325684 0.476562 0.0810547 0.09375 0.000507832
7 0.55957 0.316895 0.134766 0.125977 0.000520706
2 0.258789 0.394531 0.0117188 0.00976562 0.00052309
11 0.862305 0.756348 0.0351562 0.0634766 0.000524044
7 0.291504 0.599121 0.0400391 0.0517578 0.000524521
10 0.533691 0.636719 0.422852 0.128906 0.000533581
11 0.290039 0.601562 0.0410156 0.0527344 0.000535011
8 0.217773 0.591309 0.0507812 0.0419922 0.000551224
9 0.467285 0.439941 0.286133 0.450195 0.000552654
13 0.283691 0.612305 0.0380859 0.0527344 0.000553131
2 0.291504 0.599121 0.0458984 0.0634766 0.000558853
8 0.662598 0.614258 0.0146484 0.0117188 0.000558853
6 0.291504 0.599121 0.0458984 0.0634766 0.000563145
7 0.586426 0.427734 0.0615234 0.0878906 0.000569344
11 0.575684 0.147949 0.0732422 0.0263672 0.000570297
9 0.388672 0.260742 0.0644531 0.128906 0.000577927
9 0.290039 0.601562 0.0410156 0.0527344 0.000580788
13 0.250488 0.415039 0.0869141 0.0683594 0.00060463
11 0.00878906 0.224609 0.0175781 0.0507812 0.00061655
0 0.464355 0.4375 0.268555 0.265625 0.000618935
4 0.55957 0.316895 0.134766 0.125977 0.000632763
3 0.167969 0.0893555 0.335938 0.176758 0.000638962
13 0.258789 0.535645 0.0449219 0.0263672 0.000640869
2 0.593262 0.44873 0.0439453 0.0458984 0.000644684
9 0.415527 0.313965 0.254883 0.420898 0.00065279
12 0.55957 0.316895 0.134766 0.125977 0.000673294
5 0.560059 0.320801 0.135742 0.133789 0.000701427
13 0.395996 0.258301 0.0908203 0.225586 0.000710487
11 0.342773 0.151855 0.0449219 0.0205078 0.000724792
9 0.219727 0.42627 0.0136719 0.0107422 0.000730991
13 0.149902 0.476562 0.0849609 0.0292969 0.000741959
8 0.603027 0.453613 0.0244141 0.0283203 0.000747204
4 0.386719 0.32373 0.107422 0.366211 0.000752449
11 0.580566 0.160645 0.0595703 0.0224609 0.00076437
11 0.0693359 0.728516 0.0351562 0.0527344 0.000766277
2 0.395996 0.249512 0.0732422 0.217773 0.000790119
12 0.386719 0.32373 0.107422 0.366211 0.000809193
8 0.22168 0.426758 0.0253906 0.0175781 0.000811577
8 0.283203 0.556641 0.0136719 0.0136719 0.000814915
0 0.586914 0.295898 0.0527344 0.0605469 0.000815868
0 0.53418 0.641113 0.421875 0.12793 0.00082016
8 0.384766 0.274414 0.0136719 0.0117188 0.000833511
6 0.395996 0.249512 0.0732422 0.217773 0.000840187
7 0.370117 0.411133 0.113281 0.292969 0.000846386
8 0.677734 0.450684 0.0117188 0.0107422 0.000864029
1 0.55957 0.316895 0.134766 0.125977 0.000891685
9 0.38623 0.278809 0.0107422 0.0107422 0.000891685
11 0.560547 0.312988 0.132812 0.118164 0.000898361
10 0.0698242 0.727539 0.0341797 0.0527344 0.000914574
11 0.37207 0.141113 0.0566406 0.0126953 0.000937939
13 0.564941 0.316406 0.125977 0.126953 0.00095892
9 0.372559 0.244629 0.0751953 0.223633 0.000975132
13 0.705078 0.530273 0.0507812 0.0449219 0.000992775
10 0.386719 0.32373 0.107422 0.366211 0.000993729
8 0.391113 0.206543 0.0654297 0.15918 0.00100231
8 0.19873 0.489746 0.0107422 0.0107422 0.00107861
11 0.349121 0.146973 0.0791016 0.0322266 0.00109005
9 0.536621 0.635742 0.420898 0.130859 0.00110149
2 0.220215 0.425781 0.0146484 0.00976562 0.00111198
8 0.566895 0.316406 0.12207 0.123047 0.00116062
8 0.349121 0.983887 0.0537109 0.0283203 0.00121498
8 0.284668 0.519531 0.0458984 0.0273438 0.00128746
2 0.560547 0.320312 0.132812 0.132812 0.00130749
10 0.395996 0.249512 0.0732422 0.217773 0.00132751
13 0.267578 0.599609 0.0800781 0.0625 0.00137806
7 0.391602 0.211914 0.0625 0.111328 0.00141048
12 0.395996 0.249512 0.0732422 0.217773 0.00143433
9 0.55957 0.316895 0.134766 0.125977 0.00144672
13 0.334473 0.203613 0.0537109 0.102539 0.00145531
2 0.601562 0.288574 0.0273438 0.0283203 0.00146103
8 0.386719 0.27832 0.00976562 0.0078125 0.00148392
1 0.394531 0.248535 0.0742188 0.21582 0.00150585
8 0.259766 0.527344 0.015625 0.0117188 0.00157833
11 0.392578 0.147949 0.0644531 0.0244141 0.00161076
10 0.560059 0.320801 0.135742 0.133789 0.00162792
8 0.210449 0.58252 0.0341797 0.0341797 0.00166035
9 0.383789 0.494629 0.126953 0.438477 0.00167179
11 0.326172 0.147949 0.0839844 0.0224609 0.00174141
9 0.603516 0.455078 0.0253906 0.0273438 0.00181675
8 0.211914 0.529785 0.0175781 0.0126953 0.00183487
9 0.488281 0.344238 0.275391 0.18457 0.00191116
11 0.615723 0.161133 0.12793 0.0292969 0.00198364
9 0.586426 0.428223 0.0634766 0.0869141 0.00198364
2 0.287109 0.516113 0.0214844 0.0185547 0.00212097
2 0.604004 0.454102 0.0244141 0.0292969 0.0021534
0 0.556641 0.327148 0.228516 0.167969 0.00215721
12 0.237305 0.424316 0.357422 0.536133 0.00253105
9 0.429688 0.296875 0.140625 0.306641 0.0026474
8 0.395996 0.272461 0.0771484 0.25 0.00283432
8 0.73584 0.604004 0.0302734 0.0283203 0.00284576
9 0.366699 0.437988 0.112305 0.237305 0.002882
4 0.395996 0.249512 0.0732422 0.217773 0.0030365
13 0.600586 0.45459 0.0351562 0.0400391 0.00304604
13 0.290527 0.588867 0.0634766 0.0976562 0.00323105
11 0.564941 0.177734 0.0712891 0.0390625 0.0032711
11 0.395996 0.249512 0.0732422 0.217773 0.00334167
3 0.563477 0.32373 0.128906 0.139648 0.00384903
8 0.258789 0.536133 0.03125 0.0253906 0.00398636
8 0.217773 0.248535 0.0234375 0.0185547 0.00399017
11 0.372559 0.143555 0.0869141 0.0195312 0.00428391
9 0.237305 0.424316 0.357422 0.536133 0.00437546
11 0.589844 0.155273 0.0917969 0.0273438 0.00458145
2 0.599121 0.289062 0.0400391 0.0488281 0.00494766
13 0.172363 0.484863 0.0751953 0.0322266 0.00511551
8 0.258789 0.394531 0.0117188 0.00976562 0.00592804
13 0.604492 0.454102 0.0214844 0.0292969 0.00614548
7 0.394043 0.319824 0.0986328 0.336914 0.00737762
8 0.286133 0.516602 0.0195312 0.015625 0.00818634
9 0.384766 0.341309 0.113281 0.381836 0.00846863
2 0.58252 0.297852 0.0888672 0.0878906 0.00956726
2 0.592773 0.281738 0.0273438 0.0283203 0.00965118
11 0.34375 0.144531 0.0546875 0.0175781 0.0104218
11 0.579102 0.16748 0.09375 0.0380859 0.0122757
0 0.578613 0.294434 0.0908203 0.0810547 0.0126419
8 0.219727 0.42627 0.0136719 0.0107422 0.012886
9 0.39502 0.200195 0.0654297 0.132812 0.013237
10 0.0776367 0.716797 0.0361328 0.0449219 0.014267
11 0.0771484 0.716797 0.0371094 0.046875 0.0157318
7 0.394531 0.248535 0.0742188 0.21582 0.0304108
9 0.395996 0.272461 0.0771484 0.25 0.0486755
0 0.480469 0.351074 0.289062 0.213867 0.0739746
13 0.291504 0.599121 0.0400391 0.0517578 0.0883789
3 0.533203 0.637207 0.421875 0.12793 0.35083
0 0.55957 0.316895 0.134766 0.125977 0.714355
