5 0.306641 0.65918 0.208984 0.177734 0.00022459
8 0.400879 0.341797 0.0419922 0.0351562 0.00022614
2 0.248535 0.650391 0.0849609 0.123047 0.000227094
11 0.881836 0.526855 0.0761719 0.364258 0.00022769
2 0.681641 0.39502 0.0625 0.0634766 0.000232339
11 0.271973 0.498047 0.0517578 0.0742188 0.000234127
1 0.240234 0.60791 0.0605469 0.100586 0.000235081
3 0.592285 0.533203 0.375977 0.28125 0.000236392
10 0.29541 0.341309 0.0927734 0.112305 0.00023675
7 0.227051 0.550781 0.0615234 0.220703 0.000238657
11 0.765625 0.239258 0.115234 0.0644531 0.00024128
2 0.242188 0.48291 0.0898438 0.260742 0.000250578
9 0.411133 0.510742 0.0644531 0.0664062 0.000250578
13 0.379883 0.291504 0.189453 0.118164 0.000251055
7 0.432129 0.291016 0.208008 0.199219 0.000253677
8 0.316895 0.481934 0.18457 0.166992 0.000255108
11 0.317383 0.59375 0.191406 0.136719 0.000255823
2 0.4375 0.475098 0.0351562 0.0283203 0.0002563
8 0.42627 0.421387 0.0283203 0.0185547 0.000256777
11 0.42627 0.306152 0.0869141 0.0966797 0.000257254
7 0.399902 0.333008 0.0751953 0.0664062 0.00025773
2 0.678223 0.397949 0.0927734 0.116211 0.000258207
11 0.93457 0.659668 0.0507812 0.157227 0.000258923
8 0.34375 0.475586 0.0527344 0.0585938 0.000259876
7 0.414062 0.512207 0.0703125 0.0751953 0.000261307
11 0.696289 0.22168 0.115234 0.0273438 0.000264645
8 0.687012 0.393555 0.0126953 0.015625 0.000266075
8 0.402832 0.46582 0.0283203 0.0214844 0.000266314
2 0.425293 0.470215 0.0361328 0.0224609 0.000274658
0 0.248535 0.650391 0.0849609 0.123047 0.000275135
8 0.311035 0.484375 0.0380859 0.046875 0.000276566
9 0.23291 0.524414 0.0615234 0.244141 0.000277042
11 0.651855 0.215332 0.0693359 0.0283203 0.000277519
13 0.295898 0.558105 0.107422 0.0888672 0.000278473
9 0.86377 0.583008 0.135742 0.275391 0.000282288
13 0.359863 0.350586 0.0810547 0.0546875 0.000285149
6 0.825195 0.626953 0.126953 0.171875 0.000285625
13 0.227051 0.550781 0.0615234 0.220703 0.000285625
13 0.321777 0.416992 0.0986328 0.103516 0.000288248
11 0.416016 0.280273 0.171875 0.181641 0.000288486
13 0.319824 0.52832 0.0908203 0.046875 0.000288963
9 0.385742 0.858398 0.447266 0.283203 0.000290155
8 0.4375 0.475098 0.0351562 0.0283203 0.000297785
0 0.681641 0.393555 0.0566406 0.0605469 0.0002985
13 0.344238 0.470703 0.21582 0.160156 0.000306129
8 0.278809 0.48291 0.0498047 0.0556641 0.00030756
7 0.272949 0.560059 0.12793 0.211914 0.000311375
9 0.46875 0.202637 0.0664062 0.0576172 0.000312328
2 0.227051 0.550781 0.0615234 0.220703 0.00031352
4 0.248535 0.646973 0.0849609 0.106445 0.000313759
13 0.322266 0.45752 0.119141 0.124023 0.000319481
8 0.364746 0.503418 0.0302734 0.0263672 0.000328302
2 0.300293 0.652344 0.188477 0.134766 0.00033164
9 0.307617 0.340332 0.119141 0.151367 0.000333548
9 0.499512 0.437012 0.157227 0.28418 0.000334024
8 0.300293 0.652344 0.188477 0.134766 0.000335217
0 0.69043 0.433105 0.0839844 0.166992 0.000335455
8 0.38916 0.359863 0.0361328 0.0263672 0.000342846
2 0.443359 0.465332 0.0117188 0.0126953 0.000344515
6 0.437012 0.271973 0.106445 0.0869141 0.00034523
2 0.681641 0.39502 0.03125 0.0205078 0.000354528
10 0.937012 0.708984 0.0576172 0.103516 0.000355721
13 0.242188 0.48291 0.0898438 0.260742 0.000361681
10 0.251953 0.621582 0.0507812 0.0595703 0.000361919
9 0.288086 0.356934 0.078125 0.0908203 0.000364542
7 0.270996 0.620605 0.118164 0.106445 0.000366211
13 0.300293 0.652344 0.188477 0.134766 0.000368357
1 0.331055 0.356445 0.148438 0.132812 0.000368595
13 0.268555 0.547363 0.113281 0.22168 0.000370264
9 0.987305 0.277832 0.0214844 0.100586 0.000371695
9 0.880371 0.492188 0.0712891 0.324219 0.000380516
10 0.913086 0.590332 0.0625 0.264648 0.000385284
4 0.317383 0.59375 0.191406 0.136719 0.000385523
13 0.425293 0.27002 0.124023 0.0830078 0.000386
9 0.577637 0.439453 0.272461 0.208984 0.000386238
1 0.391113 0.27832 0.163086 0.0917969 0.000386238
6 0.35498 0.509277 0.168945 0.15918 0.000386238
7 0.92041 0.652344 0.0654297 0.166016 0.000397682
8 0.253906 0.534668 0.0292969 0.0224609 0.000399113
7 0.89502 0.547852 0.0810547 0.345703 0.000400543
8 0.371094 0.581543 0.0390625 0.0380859 0.000411272
4 0.418945 0.264648 0.128906 0.0761719 0.000412941
3 0.247559 0.635742 0.0771484 0.119141 0.000414371
7 0.237793 0.61377 0.0634766 0.116211 0.000416279
5 0.835449 0.090332 0.311523 0.151367 0.000422478
12 0.454102 0.321777 0.115234 0.188477 0.000422955
13 0.34375 0.522461 0.0585938 0.0332031 0.000427008
12 0.3125 0.438965 0.130859 0.25293 0.000428438
10 0.396973 0.31543 0.227539 0.197266 0.000434875
9 0.825195 0.626953 0.126953 0.171875 0.00045681
11 0.288086 0.370605 0.0507812 0.0537109 0.000462294
6 0.374512 0.334961 0.125977 0.101562 0.000465393
9 0.279785 0.48291 0.0498047 0.0595703 0.000467777
9 0.658203 0.251465 0.113281 0.0927734 0.00047183
7 0.659668 0.255371 0.112305 0.106445 0.000481606
11 0.231445 0.600098 0.0449219 0.0830078 0.000486135
6 0.300293 0.652344 0.188477 0.134766 0.000489712
8 0.411621 0.513672 0.0673828 0.0683594 0.000489712
12 0.300293 0.652344 0.188477 0.134766 0.000491619
8 0.443848 0.465332 0.0107422 0.0126953 0.000495911
6 0.320801 0.42627 0.170898 0.200195 0.000501156
10 0.322266 0.961426 0.314453 0.0771484 0.000502586
9 0.344238 0.44873 0.282227 0.368164 0.000510216
8 0.432617 0.422852 0.015625 0.0136719 0.000512123
6 0.803223 0.550781 0.182617 0.335938 0.000522614
8 0.365723 0.315918 0.213867 0.15918 0.000531673
11 0.218262 0.616211 0.0556641 0.121094 0.000535488
4 0.370605 0.313965 0.219727 0.15332 0.000551224
2 0.344238 0.44873 0.282227 0.368164 0.000557899
6 0.357422 0.32959 0.210938 0.166992 0.000565529
8 0.827148 0.519531 0.0234375 0.0175781 0.000568867
7 0.477051 0.37793 0.0693359 0.197266 0.000586033
9 0.650391 0.223633 0.0898438 0.0449219 0.000592232
0 0.616699 0.381836 0.133789 0.103516 0.000602245
7 0.343262 0.523438 0.129883 0.0898438 0.000604153
11 0.28125 0.474609 0.0566406 0.0859375 0.00060606
13 0.364746 0.34668 0.106445 0.0976562 0.000608921
2 0.686523 0.393555 0.0136719 0.0136719 0.000610352
11 0.793945 0.249512 0.0527344 0.0341797 0.000613689
10 0.429199 0.275391 0.112305 0.0878906 0.000615597
2 0.300293 0.431641 0.125977 0.162109 0.00062561
9 0.470703 0.250977 0.115234 0.169922 0.000627041
10 0.226074 0.583008 0.0498047 0.166016 0.000629902
6 0.343262 0.523438 0.129883 0.0898438 0.000630856
7 0.334961 0.365234 0.175781 0.166016 0.000631809
1 0.344238 0.44873 0.282227 0.368164 0.000638485
13 0.357422 0.52002 0.117188 0.0458984 0.000639915
7 0.328613 0.631836 0.25293 0.228516 0.000640869
9 0.248535 0.646973 0.0849609 0.106445 0.000644684
10 0.277832 0.541992 0.131836 0.236328 0.000645161
8 0.818848 0.694336 0.0283203 0.0234375 0.00065136
9 0.416016 0.280273 0.171875 0.181641 0.000660419
9 0.541016 0.365234 0.242188 0.214844 0.000670433
0 0.317383 0.65332 0.228516 0.144531 0.000675201
2 0.273438 0.483887 0.0410156 0.0517578 0.000680447
7 0.639648 0.413574 0.177734 0.163086 0.000708103
8 0.396484 0.431152 0.0410156 0.0380859 0.000715733
7 0.664062 0.229004 0.0996094 0.0478516 0.000729561
8 0.311035 0.48291 0.0263672 0.0224609 0.000729561
9 0.817871 0.527832 0.186523 0.37793 0.000747681
13 0.282715 0.48584 0.0849609 0.198242 0.000752449
11 0.937012 0.708984 0.0576172 0.103516 0.000773907
7 0.606934 0.652344 0.446289 0.162109 0.000782013
7 0.290527 0.567871 0.116211 0.112305 0.000782967
3 0.355469 0.653809 0.285156 0.139648 0.000783443
1 0.293457 0.351074 0.0888672 0.112305 0.000795841
11 0.277832 0.541992 0.131836 0.236328 0.000809193
8 0.428711 0.274902 0.111328 0.0869141 0.000818729
9 0.282715 0.48584 0.0849609 0.198242 0.000839233
11 0.660645 0.24707 0.0947266 0.0761719 0.000850677
9 0.91748 0.625977 0.0673828 0.224609 0.000852108
1 0.437012 0.271973 0.106445 0.0849609 0.000867367
12 0.643555 0.412598 0.169922 0.157227 0.000874996
8 0.307129 0.426758 0.12793 0.220703 0.000881672
12 0.606934 0.652344 0.446289 0.162109 0.000889301
4 0.313477 0.501953 0.144531 0.228516 0.000890255
9 0.303223 0.632812 0.182617 0.119141 0.000902653
10 0.258301 0.586426 0.0888672 0.12207 0.000907421
12 0.44043 0.278809 0.101562 0.0947266 0.000908375
11 0.606934 0.652344 0.446289 0.162109 0.000917435
6 0.606934 0.652344 0.446289 0.162109 0.000921249
1 0.248535 0.646973 0.0849609 0.106445 0.000944138
1 0.606934 0.652344 0.446289 0.162109 0.000950336
11 0.314941 0.430664 0.12793 0.160156 0.000952244
8 0.606934 0.652344 0.446289 0.162109 0.00100327
13 0.606934 0.652344 0.446289 0.162109 0.00100708
11 0.236816 0.622559 0.0458984 0.0634766 0.00101948
6 0.639648 0.413574 0.177734 0.163086 0.00103569
2 0.606934 0.652344 0.446289 0.162109 0.00105953
4 0.606934 0.652344 0.446289 0.162109 0.00106812
2 0.293457 0.351074 0.0888672 0.112305 0.00107956
11 0.707031 0.232422 0.179688 0.0371094 0.00107956
13 0.343262 0.384277 0.155273 0.18457 0.00108337
11 0.91748 0.625977 0.0673828 0.224609 0.00109577
9 0.365723 0.315918 0.213867 0.15918 0.00110054
11 0.350586 0.355957 0.158203 0.143555 0.0011158
5 0.328125 0.517578 0.167969 0.205078 0.00114918
1 0.639648 0.413574 0.177734 0.163086 0.00115395
12 0.370605 0.313965 0.219727 0.15332 0.00117397
0 0.919922 0.879395 0.160156 0.206055 0.00121212
11 0.281738 0.474121 0.0830078 0.198242 0.0012207
5 0.639648 0.413574 0.177734 0.163086 0.00122833
10 0.337891 0.582031 0.242188 0.308594 0.00123119
11 0.639648 0.413574 0.177734 0.163086 0.00123882
4 0.458984 0.333496 0.109375 0.202148 0.00123882
7 0.288086 0.356934 0.078125 0.0908203 0.00124931
11 0.751465 0.228516 0.0849609 0.03125 0.00125408
4 0.639648 0.413574 0.177734 0.163086 0.00127125
3 0.60791 0.708984 0.475586 0.148438 0.00127316
8 0.424316 0.46875 0.0322266 0.0195312 0.00128365
4 0.300293 0.652344 0.188477 0.134766 0.00133705
9 0.268066 0.665039 0.137695 0.148438 0.00134373
10 0.227539 0.675293 0.078125 0.133789 0.00134945
11 0.344238 0.44873 0.282227 0.368164 0.00140381
7 0.374512 0.334961 0.125977 0.101562 0.0014925
9 0.486328 0.379883 0.0800781 0.210938 0.00150967
5 0.606934 0.652344 0.446289 0.162109 0.00152111
1 0.296875 0.65625 0.183594 0.150391 0.00157261
7 0.81543 0.556152 0.171875 0.325195 0.00161171
9 0.529297 0.226074 0.0800781 0.170898 0.0016489
11 0.271484 0.612793 0.117188 0.106445 0.00164986
11 0.225098 0.511719 0.0498047 0.214844 0.00165844
11 0.352051 0.29248 0.110352 0.100586 0.00166225
13 0.639648 0.413574 0.177734 0.163086 0.00168037
11 0.421875 0.245117 0.0839844 0.03125 0.001688
10 0.223145 0.643066 0.0556641 0.102539 0.00172424
7 0.307129 0.426758 0.12793 0.220703 0.00173187
10 0.447266 0.314453 0.113281 0.162109 0.00173855
2 0.643066 0.408691 0.168945 0.157227 0.00174618
6 0.433105 0.309082 0.133789 0.151367 0.00174809
10 0.606934 0.652344 0.446289 0.162109 0.00176334
2 0.280273 0.483398 0.0664062 0.0878906 0.00185108
0 0.606934 0.652344 0.446289 0.162109 0.00189114
7 0.248535 0.646973 0.0849609 0.106445 0.00193977
9 0.435547 0.248535 0.103516 0.0458984 0.00195217
10 0.272949 0.621094 0.19043 0.150391 0.00200462
10 0.236816 0.633789 0.0478516 0.0683594 0.00201225
7 0.435547 0.248535 0.103516 0.0458984 0.00201797
13 0.293457 0.351074 0.0888672 0.112305 0.00211334
11 0.242188 0.48291 0.0898438 0.260742 0.00214577
10 0.950195 0.739258 0.0429688 0.0585938 0.00216103
8 0.639648 0.413574 0.177734 0.163086 0.00218391
8 0.384766 0.575684 0.0527344 0.0400391 0.00223541
9 0.606934 0.652344 0.446289 0.162109 0.00225067
7 0.825195 0.626953 0.126953 0.171875 0.00226974
11 0.950195 0.73877 0.0429688 0.0595703 0.00230408
10 0.333984 0.707031 0.300781 0.113281 0.00241661
2 0.365723 0.315918 0.213867 0.15918 0.00248337
7 0.378418 0.300781 0.223633 0.136719 0.00248528
9 0.639648 0.413574 0.177734 0.163086 0.00256538
8 0.364746 0.504395 0.0146484 0.0146484 0.0025959
11 0.903809 0.564453 0.0673828 0.3125 0.00264359
1 0.365723 0.315918 0.213867 0.15918 0.00265694
10 0.639648 0.413574 0.177734 0.163086 0.00273514
11 0.22998 0.651367 0.0576172 0.107422 0.0027504
8 0.447266 0.314453 0.113281 0.162109 0.0027504
2 0.433105 0.309082 0.133789 0.151367 0.0028038
7 0.319336 0.594727 0.183594 0.132812 0.00286865
0 0.333496 0.460449 0.223633 0.331055 0.0029335
2 0.282715 0.48584 0.0849609 0.198242 0.00325966
11 0.419922 0.251953 0.123047 0.046875 0.00335312
11 0.314941 0.652344 0.223633 0.15625 0.00340843
9 0.898926 0.554688 0.0751953 0.34375 0.00344467
3 0.333496 0.460449 0.223633 0.331055 0.0034523
7 0.313965 0.51709 0.149414 0.209961 0.00361061
5 0.803223 0.550781 0.182617 0.335938 0.00377464
11 0.28125 0.416504 0.119141 0.219727 0.00389099
12 0.333496 0.460449 0.223633 0.331055 0.0039711
11 0.661133 0.225098 0.09375 0.0400391 0.00397873
9 0.357422 0.665039 0.298828 0.146484 0.00435257
4 0.442383 0.291992 0.105469 0.117188 0.00443268
11 0.775391 0.240234 0.0800781 0.0390625 0.00480652
1 0.433105 0.309082 0.133789 0.151367 0.00490952
13 0.344727 0.532227 0.0878906 0.0351562 0.00513077
13 0.343262 0.523438 0.129883 0.0898438 0.00514221
10 0.274902 0.687988 0.165039 0.170898 0.00523758
0 0.576172 0.433105 0.292969 0.196289 0.00592422
3 0.639648 0.413574 0.177734 0.163086 0.00635147
11 0.454102 0.322754 0.117188 0.19043 0.00653076
10 0.342773 0.678711 0.302734 0.253906 0.00684738
8 0.331543 0.461426 0.223633 0.327148 0.00691986
7 0.419922 0.265137 0.140625 0.0830078 0.00692749
11 0.233887 0.572754 0.0556641 0.161133 0.00700378
9 0.510254 0.306641 0.139648 0.255859 0.00710678
10 0.335449 0.459473 0.227539 0.336914 0.0071373
0 0.671387 0.393555 0.0986328 0.109375 0.0074234
6 0.312988 0.501465 0.145508 0.237305 0.00742722
7 0.300293 0.652344 0.188477 0.134766 0.00783539
10 0.317383 0.59375 0.191406 0.136719 0.00821686
7 0.458984 0.333496 0.109375 0.202148 0.00891876
13 0.314941 0.51709 0.147461 0.202148 0.0101242
11 0.391113 0.27832 0.163086 0.0917969 0.0102005
13 0.352539 0.331055 0.201172 0.171875 0.0103455
11 0.280762 0.374023 0.0732422 0.0820312 0.0111771
9 0.313965 0.463379 0.151367 0.307617 0.0112991
13 0.433105 0.309082 0.133789 0.151367 0.0117645
9 0.458496 0.317871 0.104492 0.176758 0.0121536
9 0.4375 0.276855 0.115234 0.0986328 0.0134125
1 0.312012 0.459961 0.15332 0.302734 0.0147705
11 0.317871 0.329102 0.124023 0.130859 0.0152435
11 0.44043 0.278809 0.101562 0.0947266 0.0163727
10 0.269531 0.620605 0.119141 0.104492 0.0164185
11 0.257324 0.648926 0.112305 0.124023 0.0168304
4 0.337402 0.458496 0.225586 0.334961 0.0202026
13 0.308594 0.427734 0.130859 0.232422 0.0294189
10 0.240234 0.60791 0.0605469 0.100586 0.0305176
7 0.442383 0.291992 0.105469 0.117188 0.033783
5 0.337891 0.462402 0.230469 0.342773 0.0351257
2 0.312012 0.459961 0.15332 0.302734 0.0431519
11 0.313965 0.463379 0.151367 0.307617 0.0450745
11 0.370605 0.313965 0.219727 0.15332 0.0453796
11 0.241211 0.622559 0.0644531 0.102539 0.0460205
11 0.29248 0.348633 0.0810547 0.0976562 0.0587463
10 0.248535 0.646973 0.0849609 0.106445 0.101196
7 0.336914 0.458008 0.21875 0.330078 0.102173
6 0.338379 0.462891 0.229492 0.337891 0.148682
13 0.331543 0.461426 0.223633 0.327148 0.194092
10 0.317383 0.65332 0.228516 0.144531 0.207764
3 0.60791 0.653809 0.456055 0.139648 0.650879
0 0.64502 0.410156 0.15918 0.154297 0.799805
