9 0.325195 0.316406 0.152344 0.318359 0.000100255
2 0.858887 0.143555 0.0888672 0.0683594 0.000100553
2 0.54248 0.496582 0.0341797 0.0283203 0.000101805
0 0.501953 0.247559 0.0664062 0.0712891 0.000102758
8 0.282227 0.368652 0.046875 0.0244141 0.000104904
11 0.635254 0.569824 0.270508 0.0771484 0.000106215
11 0.84082 0.98877 0.0839844 0.0185547 0.000106514
9 0.484863 0.960938 0.15918 0.0742188 0.000111222
11 0.363281 0.100586 0.132812 0.0488281 0.000112474
3 0.812988 0.170898 0.374023 0.248047 0.000112891
11 0.831543 0.705078 0.336914 0.492188 0.000113487
9 0.253418 0.518066 0.0556641 0.0576172 0.000114441
8 0.268066 0.330078 0.0244141 0.0214844 0.000115216
11 0.0488281 0.991699 0.0800781 0.0166016 0.000115395
8 0.325195 0.53125 0.0449219 0.0449219 0.000115514
11 0.547363 0.512695 0.0537109 0.0625 0.000117004
3 0.647949 0.58252 0.254883 0.110352 0.000118434
10 0.0405273 0.977051 0.0712891 0.0458984 0.000119209
11 0.0126953 0.989746 0.0234375 0.0205078 0.000119567
2 0.831543 0.705078 0.336914 0.492188 0.000119925
4 0.550781 0.513672 0.0566406 0.0664062 0.000120163
13 0.528809 0.146484 0.0634766 0.138672 0.00012207
13 0.260254 0.523926 0.0869141 0.102539 0.00012219
0 0.831543 0.705078 0.336914 0.492188 0.000122309
7 0.41748 0.53125 0.0341797 0.0273438 0.000122428
8 0.552246 0.466797 0.0302734 0.0253906 0.000122547
9 0.647949 0.556641 0.243164 0.0527344 0.000123978
13 0.307617 0.23584 0.113281 0.118164 0.000124216
11 0.465332 0.992676 0.0947266 0.0126953 0.000124931
9 0.530273 0.521484 0.0332031 0.03125 0.000126243
8 0.628418 0.367676 0.0341797 0.0244141 0.000128269
9 0.706543 0.434082 0.0263672 0.0224609 0.00012958
8 0.609863 0.354004 0.0146484 0.0166016 0.000130296
9 0.569824 0.518066 0.0673828 0.0673828 0.000130773
13 0.55957 0.561035 0.0976562 0.0595703 0.000132561
7 0.663574 0.10498 0.0615234 0.0380859 0.000135064
13 0.693848 0.311523 0.0380859 0.0351562 0.000137091
8 0.606934 0.462891 0.0322266 0.0273438 0.000138521
8 0.21582 0.584473 0.0273438 0.0283203 0.000138879
9 0.467285 0.363281 0.161133 0.425781 0.000139117
11 0.413086 0.0869141 0.0488281 0.0273438 0.000140786
13 0.655762 0.103027 0.0654297 0.0361328 0.000141382
4 0.540039 0.495117 0.0332031 0.0273438 0.000142336
8 0.641602 0.367676 0.0175781 0.0205078 0.000145435
10 0.0239258 0.987793 0.0458984 0.0244141 0.000146031
8 0.414062 0.19043 0.0332031 0.0253906 0.000146031
9 0.470703 0.926758 0.164062 0.138672 0.000150084
8 0.336426 0.500977 0.0185547 0.015625 0.000154495
9 0.643555 0.364746 0.015625 0.0146484 0.000155807
8 0.229004 0.578125 0.0439453 0.0371094 0.000157475
8 0.231445 0.448242 0.0253906 0.015625 0.000161052
5 0.272461 0.507812 0.111328 0.140625 0.000166535
8 0.605469 0.354492 0.0234375 0.0234375 0.000167012
9 0.349121 0.947754 0.321289 0.104492 0.000167012
8 0.327637 0.542969 0.0361328 0.03125 0.000167251
9 0.447266 0.260742 0.015625 0.0234375 0.000167251
0 0.88916 0.693359 0.22168 0.392578 0.000169873
2 0.878418 0.128906 0.0419922 0.0332031 0.000170112
8 0.573242 0.51416 0.0585938 0.0654297 0.000174284
8 0.391113 0.480957 0.0263672 0.0205078 0.000175595
9 0.15918 0.120605 0.0273438 0.0283203 0.000176907
11 0.494629 0.990234 0.110352 0.0175781 0.00017786
11 0.59375 0.097168 0.103516 0.0244141 0.000178456
9 0.648438 0.130371 0.0234375 0.0146484 0.000178576
3 0.206543 0.019043 0.413086 0.0380859 0.000183582
8 0.400879 0.512695 0.0478516 0.0429688 0.000184894
3 0.754883 0.0913086 0.490234 0.182617 0.000185132
9 0.334961 0.229004 0.128906 0.186523 0.000187159
10 0.157227 0.819824 0.314453 0.325195 0.000187159
8 0.293457 0.495117 0.0185547 0.0175781 0.000187278
3 0.800781 0.0415039 0.398438 0.0830078 0.000190973
13 0.230957 0.310547 0.0419922 0.0332031 0.000194192
7 0.264648 0.526367 0.0996094 0.111328 0.000194907
11 0.551758 0.116699 0.0703125 0.0634766 0.000198007
9 0.640137 0.347656 0.264648 0.421875 0.000198603
13 0.396484 0.374023 0.0605469 0.0371094 0.000202775
11 0.408203 0.117188 0.0644531 0.0703125 0.000204563
13 0.282227 0.482422 0.126953 0.177734 0.000206232
10 0.623535 0.568359 0.272461 0.0683594 0.000211716
3 0.88916 0.693359 0.22168 0.392578 0.000214577
8 0.62207 0.410645 0.0273438 0.0244141 0.000218272
8 0.555176 0.237305 0.0185547 0.015625 0.000219226
6 0.273926 0.484375 0.131836 0.191406 0.000227094
13 0.425781 0.265625 0.0332031 0.0410156 0.000228643
8 0.405762 0.458496 0.0341797 0.0263672 0.000231743
9 0.260254 0.523926 0.0869141 0.102539 0.000235677
8 0.310547 0.535645 0.0488281 0.0478516 0.00023818
9 0.417969 0.531738 0.0332031 0.0283203 0.000239849
11 0.679688 0.117188 0.0820312 0.0566406 0.000240922
8 0.446777 0.26123 0.0166016 0.0224609 0.000242472
8 0.623535 0.483887 0.0263672 0.0302734 0.000243187
3 0.134766 0.811035 0.269531 0.27832 0.00024724
11 0.0239258 0.987793 0.0458984 0.0244141 0.00025034
11 0.638184 0.0996094 0.0771484 0.0351562 0.000252247
9 0.412109 0.967773 0.322266 0.0625 0.000255108
13 0.325195 0.316406 0.152344 0.318359 0.000255346
11 0.380371 0.078125 0.0927734 0.015625 0.000256062
11 0.533203 0.116699 0.0546875 0.0517578 0.000264168
2 0.241211 0.306152 0.03125 0.0263672 0.000264406
9 0.22168 0.946289 0.357422 0.105469 0.000271797
11 0.0292969 0.973633 0.0585938 0.0507812 0.00028491
11 0.297852 0.104004 0.0839844 0.0400391 0.000286818
11 0.651855 0.12207 0.0498047 0.03125 0.000289202
8 0.367676 0.354004 0.0263672 0.0244141 0.000291109
12 0.643555 0.572754 0.265625 0.0869141 0.000300646
2 0.447266 0.260742 0.015625 0.0234375 0.000306368
11 0.59082 0.0771484 0.0742188 0.0195312 0.000309706
13 0.362793 0.216797 0.0751953 0.158203 0.000322342
9 0.288574 0.387695 0.250977 0.439453 0.000328064
8 0.601074 0.460938 0.0166016 0.0195312 0.000340939
11 0.535156 0.121582 0.0742188 0.106445 0.000353336
8 0.648438 0.130371 0.0234375 0.0146484 0.000355721
8 0.265137 0.372559 0.0458984 0.0244141 0.000356197
8 0.598633 0.316406 0.0136719 0.0117188 0.000359058
10 0.0439453 0.984375 0.0449219 0.0292969 0.000359774
13 0.32666 0.452148 0.0634766 0.158203 0.00036931
8 0.630371 0.474609 0.0341797 0.0351562 0.000380039
7 0.312988 0.540039 0.0341797 0.0332031 0.000394583
8 0.652344 0.342285 0.0117188 0.0107422 0.000406742
9 0.237793 0.305664 0.0322266 0.0273438 0.00041151
13 0.701172 0.306152 0.0234375 0.0244141 0.000420809
9 0.274902 0.484375 0.125977 0.1875 0.000430822
9 0.3125 0.539551 0.0351562 0.0322266 0.000437737
7 0.643066 0.572266 0.262695 0.0820312 0.00044322
11 0.398926 0.0820312 0.0615234 0.0214844 0.000447273
11 0.0439453 0.984375 0.0449219 0.0292969 0.000464916
5 0.268066 0.394043 0.208008 0.420898 0.000481606
8 0.390625 0.481934 0.015625 0.0146484 0.000510693
11 0.543945 0.0834961 0.0566406 0.0283203 0.000512123
8 0.251953 0.374512 0.0273438 0.0205078 0.000514507
11 0.330078 0.0991211 0.105469 0.0322266 0.000517368
11 0.364746 0.0869141 0.118164 0.0253906 0.000521183
7 0.274902 0.484375 0.125977 0.1875 0.000582695
8 0.62207 0.464355 0.0214844 0.0224609 0.000590801
8 0.581055 0.501953 0.0351562 0.0351562 0.00059557
11 0.606445 0.104004 0.185547 0.0810547 0.000629425
7 0.540527 0.49707 0.0341797 0.0273438 0.000636101
8 0.242188 0.307129 0.03125 0.0263672 0.000638962
11 0.330566 0.0917969 0.0732422 0.0273438 0.000647068
8 0.411621 0.524902 0.0517578 0.0498047 0.000676632
8 0.626953 0.469727 0.0234375 0.0214844 0.000688076
8 0.64502 0.36377 0.0126953 0.0126953 0.000706196
11 0.753906 0.685059 0.0488281 0.0595703 0.000720024
11 0.599121 0.081543 0.118164 0.0283203 0.000720501
8 0.378418 0.467285 0.0244141 0.0224609 0.000725746
11 0.267578 0.117188 0.0644531 0.0429688 0.000747204
13 0.328125 0.465332 0.0429688 0.0810547 0.000770092
11 0.404297 0.0961914 0.0566406 0.0439453 0.000777721
5 0.274414 0.466797 0.167969 0.234375 0.000812054
9 0.547363 0.515137 0.0576172 0.0673828 0.000867367
7 0.547852 0.515137 0.0605469 0.0693359 0.000915527
8 0.335449 0.499023 0.0107422 0.00976562 0.000956059
13 0.242188 0.307129 0.03125 0.0263672 0.000968456
8 0.530273 0.520996 0.03125 0.0283203 0.00104809
11 0.660156 0.105957 0.0859375 0.0634766 0.00110245
9 0.54248 0.496582 0.0341797 0.0283203 0.0011816
8 0.410645 0.506348 0.0283203 0.0244141 0.00123215
10 0.753906 0.685059 0.0488281 0.0595703 0.00128746
9 0.59082 0.570312 0.154297 0.0761719 0.00136566
13 0.342773 0.275879 0.0820312 0.110352 0.00139809
8 0.707031 0.434082 0.0292969 0.0224609 0.00144958
13 0.334961 0.23877 0.126953 0.182617 0.00219917
8 0.600586 0.441406 0.015625 0.0136719 0.00226593
8 0.41748 0.53125 0.0341797 0.0273438 0.00238228
11 0.570801 0.0751953 0.0478516 0.0136719 0.00251579
11 0.558594 0.0893555 0.0878906 0.0419922 0.00254822
11 0.611816 0.0991211 0.15332 0.0419922 0.00343704
11 0.541016 0.101074 0.0625 0.0556641 0.00406647
8 0.314941 0.541016 0.0322266 0.03125 0.00536346
11 0.565918 0.0791016 0.0771484 0.0195312 0.00666046
8 0.547363 0.512695 0.0537109 0.0625 0.0069809
8 0.540039 0.495117 0.0332031 0.0273438 0.0134811
9 0.644043 0.580078 0.260742 0.111328 0.0154343
11 0.660645 0.103027 0.0595703 0.0361328 0.0270844
