13 0.324707 0.15625 0.0947266 0.0429688 0.000143886
7 0.393555 0.124023 0.0742188 0.046875 0.000146866
9 0.777832 0.587891 0.223633 0.396484 0.000147223
11 0.358398 0.144043 0.0703125 0.0302734 0.000148296
6 0.227051 0.456055 0.307617 0.576172 0.000150919
11 0.596191 0.158691 0.0576172 0.0263672 0.000153184
9 0.509277 0.434082 0.0283203 0.0341797 0.000154257
6 0.105957 0.410645 0.0419922 0.0263672 0.000157118
13 0.222168 0.256348 0.0576172 0.0498047 0.000157595
8 0.265137 0.184082 0.0224609 0.0205078 0.000158429
8 0.625977 0.619141 0.0214844 0.0273438 0.000159025
13 0.385742 0.210449 0.0976562 0.213867 0.000159621
5 0.755371 0.601562 0.260742 0.480469 0.00015986
10 0.081543 0.799805 0.0400391 0.0527344 0.000160098
9 0.230957 0.687988 0.202148 0.102539 0.000160456
8 0.603516 0.12793 0.119141 0.0488281 0.000160813
9 0.268066 0.187012 0.0166016 0.0126953 0.000161171
1 0.202148 0.716797 0.207031 0.119141 0.00016284
7 0.630859 0.147949 0.173828 0.0537109 0.00016284
0 0.960449 0.952148 0.0791016 0.0957031 0.000163198
13 0.412598 0.574219 0.0537109 0.0253906 0.000163198
8 0.704102 0.670898 0.0449219 0.0371094 0.000163436
8 0.213379 0.416992 0.0126953 0.00976562 0.000163674
3 0.90332 0.887695 0.193359 0.224609 0.000163794
5 0.852539 0.44873 0.294922 0.78418 0.000163913
2 0.613281 0.157227 0.160156 0.128906 0.000164866
11 0.350098 0.109863 0.143555 0.0517578 0.000164986
13 0.325195 0.168945 0.0585938 0.0605469 0.000166178
9 0.768066 0.41748 0.196289 0.366211 0.000166297
5 0.205078 0.511719 0.140625 0.136719 0.000166535
8 0.507812 0.433594 0.0273438 0.0332031 0.000167251
7 0.347168 0.145996 0.108398 0.0400391 0.0001688
13 0.758789 0.467285 0.0976562 0.0517578 0.000169277
9 0.651855 0.967285 0.401367 0.0634766 0.000169873
8 0.57373 0.590332 0.0380859 0.0322266 0.0001719
4 0.348145 0.131836 0.135742 0.0527344 0.000172496
9 0.158203 0.584473 0.128906 0.258789 0.000172853
8 0.287598 0.585938 0.0126953 0.0117188 0.000173569
11 0.34375 0.194336 0.132812 0.171875 0.000174046
7 0.128906 0.980469 0.0507812 0.0390625 0.000174284
9 0.445801 0.635254 0.172852 0.290039 0.000175118
9 0.660645 0.215332 0.0107422 0.0107422 0.000177145
9 0.294434 0.831543 0.461914 0.323242 0.000177264
2 0.318848 0.126953 0.0810547 0.0429688 0.000177741
11 0.638672 0.150391 0.101562 0.0410156 0.000178218
11 0.32373 0.144043 0.0478516 0.0205078 0.000178218
11 0.344238 0.117188 0.151367 0.117188 0.000178814
13 0.652344 0.208496 0.0390625 0.0244141 0.000179052
9 0.40332 0.643066 0.113281 0.217773 0.000180125
11 0.230957 0.169434 0.0615234 0.0498047 0.000180244
9 0.459473 0.825195 0.364258 0.349609 0.000181079
13 0.518555 0.980469 0.322266 0.0390625 0.000181198
13 0.170898 0.453125 0.123047 0.0566406 0.000183821
12 0.234863 0.447754 0.334961 0.583008 0.00018394
10 0.933594 0.90332 0.132812 0.185547 0.00018537
13 0.693359 0.190918 0.0566406 0.0478516 0.000186324
11 0.364746 0.109375 0.110352 0.0195312 0.000187159
3 0.219727 0.491699 0.279297 0.557617 0.000188231
8 0.629883 0.625488 0.0410156 0.0361328 0.000192761
2 0.508301 0.436035 0.0283203 0.0341797 0.000192761
1 0.625 0.157715 0.173828 0.12793 0.000193834
6 0.348145 0.131836 0.135742 0.0527344 0.000193954
9 0.629395 0.145996 0.186523 0.0986328 0.000194669
9 0.152832 0.753906 0.100586 0.0507812 0.000196338
11 0.117188 0.968262 0.0390625 0.0634766 0.000197053
13 0.706543 0.288086 0.0439453 0.0488281 0.000198364
11 0.933594 0.90332 0.132812 0.185547 0.000198364
8 0.223633 0.373535 0.03125 0.0185547 0.000210047
13 0.629395 0.239746 0.0947266 0.137695 0.000211477
9 0.213379 0.684082 0.243164 0.22168 0.000211835
8 0.430176 0.305664 0.0283203 0.0292969 0.000211954
0 0.952148 0.0166016 0.0957031 0.0332031 0.000213623
9 0.257812 0.296387 0.0976562 0.0986328 0.000213861
13 0.20166 0.52002 0.0830078 0.0341797 0.000216842
6 0.608398 0.132812 0.138672 0.0546875 0.000217319
13 0.217285 0.512695 0.133789 0.0957031 0.000217319
13 0.117188 0.393555 0.0585938 0.046875 0.000218034
8 0.671875 0.655762 0.0371094 0.0419922 0.000221133
13 0.80127 0.347656 0.0791016 0.0292969 0.000221133
13 0.393066 0.475586 0.0458984 0.0351562 0.000225067
13 0.376465 0.147949 0.106445 0.0927734 0.000225544
0 0.202637 0.720215 0.200195 0.118164 0.000225782
12 0.629395 0.145996 0.186523 0.0986328 0.00022912
11 0.291504 0.131348 0.0693359 0.0283203 0.000230074
8 0.617676 0.656738 0.0419922 0.0478516 0.000234723
9 0.348145 0.131836 0.135742 0.0527344 0.000235438
0 0.0561523 0.903809 0.112305 0.165039 0.000236511
11 0.294434 0.121094 0.137695 0.0566406 0.000237107
9 0.129883 0.436035 0.0859375 0.0791016 0.000237465
11 0.202148 0.716797 0.207031 0.119141 0.000237703
13 0.789551 0.469727 0.100586 0.0644531 0.000242591
13 0.723145 0.278809 0.0576172 0.0400391 0.000244021
11 0.599609 0.145508 0.0742188 0.0292969 0.000249624
2 0.201172 0.719727 0.201172 0.121094 0.000255585
7 0.105957 0.410645 0.0419922 0.0263672 0.000256062
3 0.0561523 0.903809 0.112305 0.165039 0.000257492
12 0.341309 0.126953 0.12793 0.0449219 0.000259399
11 0.171387 0.980957 0.15332 0.0380859 0.000261068
11 0.666992 0.169434 0.126953 0.0869141 0.000261307
7 0.247559 0.192383 0.0673828 0.0742188 0.000262499
9 0.108887 0.409668 0.0458984 0.0263672 0.000264645
11 0.336426 0.137695 0.0576172 0.0371094 0.000264883
5 0.217285 0.537598 0.202148 0.211914 0.000266314
9 0.254395 0.75293 0.342773 0.185547 0.000266314
11 0.89209 0.822266 0.0498047 0.0761719 0.000266552
11 0.318359 0.132812 0.0507812 0.0253906 0.000266552
13 0.316406 0.129883 0.0878906 0.0390625 0.000268698
11 0.642578 0.13623 0.0742188 0.0361328 0.000272989
13 0.223633 0.373535 0.03125 0.0185547 0.000274658
7 0.316406 0.129883 0.0878906 0.0390625 0.000276327
13 0.610352 0.20166 0.0917969 0.114258 0.000279665
13 0.125977 0.403809 0.0839844 0.0986328 0.000279903
10 0.318848 0.126953 0.0810547 0.0429688 0.000281334
1 0.316406 0.129883 0.0878906 0.0390625 0.000282764
13 0.68457 0.205078 0.0644531 0.03125 0.000285387
13 0.234863 0.375977 0.0712891 0.0234375 0.00028801
9 0.128906 0.980469 0.0507812 0.0390625 0.000288725
9 0.791504 0.509277 0.145508 0.27832 0.000290394
11 0.133301 0.993652 0.0439453 0.0126953 0.000292301
8 0.663574 0.212402 0.0205078 0.0166016 0.000294924
2 0.942383 0.917969 0.115234 0.152344 0.00029707
13 0.324219 0.190918 0.0410156 0.0849609 0.000300169
3 0.772461 0.0517578 0.455078 0.103516 0.0003016
11 0.275391 0.132812 0.265625 0.09375 0.000302553
3 0.210449 0.708496 0.209961 0.118164 0.000303745
5 0.160645 0.566895 0.112305 0.139648 0.000303984
8 0.245605 0.19873 0.0576172 0.0517578 0.000304461
9 0.481934 0.0556641 0.0361328 0.0390625 0.000304699
3 0.605957 0.864746 0.543945 0.270508 0.000306606
8 0.942383 0.917969 0.115234 0.152344 0.000316858
10 0.203613 0.719238 0.206055 0.116211 0.000318766
9 0.728516 0.478516 0.28125 0.621094 0.000326872
8 0.64502 0.30127 0.0146484 0.0126953 0.000329256
13 0.660645 0.215332 0.0107422 0.0107422 0.000332355
8 0.624512 0.540527 0.0107422 0.0107422 0.000333071
13 0.0595703 0.23877 0.119141 0.27832 0.000338793
7 0.347656 0.160156 0.0859375 0.0839844 0.000341654
11 0.655273 0.164551 0.1875 0.135742 0.000341654
13 0.210449 0.708496 0.209961 0.118164 0.000347853
0 0.547363 0.331543 0.0771484 0.102539 0.000361919
13 0.130859 0.333008 0.0527344 0.0214844 0.000372171
11 0.688965 0.153809 0.0810547 0.0498047 0.000384569
9 0.241211 0.206543 0.046875 0.0361328 0.000387907
6 0.549316 0.337891 0.129883 0.140625 0.00039196
13 0.834961 0.424805 0.0488281 0.0214844 0.00039506
13 0.328125 0.475586 0.0722656 0.0957031 0.000396252
8 0.616699 0.138672 0.165039 0.0820312 0.000397921
13 0.664551 0.211914 0.0224609 0.0175781 0.000400543
13 0.629883 0.152832 0.1875 0.100586 0.000406504
11 0.330078 0.17627 0.0820312 0.0908203 0.00042057
5 0.141602 0.611816 0.105469 0.188477 0.000422001
13 0.311035 0.236816 0.133789 0.180664 0.000427008
13 0.325195 0.147461 0.171875 0.0898438 0.00043726
13 0.262207 0.258789 0.112305 0.123047 0.000457525
9 0.464844 0.928223 0.292969 0.143555 0.000460863
5 0.16748 0.420898 0.172852 0.378906 0.000461817
13 0.685059 0.256836 0.149414 0.175781 0.000462294
13 0.625488 0.624023 0.0185547 0.015625 0.000464678
7 0.146973 0.730957 0.0986328 0.0849609 0.000469446
12 0.203613 0.719238 0.206055 0.116211 0.000470638
4 0.55127 0.335449 0.12793 0.137695 0.000472546
11 0.703125 0.165039 0.0566406 0.0527344 0.000474453
7 0.55127 0.335449 0.12793 0.137695 0.000487804
11 0.666992 0.141602 0.134766 0.0546875 0.000491142
13 0.347168 0.145996 0.108398 0.0400391 0.000501633
9 0.12793 0.742676 0.0742188 0.0673828 0.000507355
9 0.487305 0.358398 0.242188 0.189453 0.000509739
7 0.510254 0.965332 0.350586 0.0693359 0.000510216
5 0.80957 0.588379 0.154297 0.331055 0.00052309
8 0.64502 0.616699 0.0498047 0.0439453 0.000524044
13 0.0976562 0.41748 0.0546875 0.0302734 0.000524521
8 0.634766 0.594238 0.0351562 0.0302734 0.000524521
10 0.119629 0.974121 0.0478516 0.0517578 0.000526905
13 0.149414 0.445312 0.119141 0.101562 0.000530243
13 0.613281 0.280273 0.0488281 0.0292969 0.000531197
3 0.933594 0.90332 0.132812 0.185547 0.000531197
7 0.374512 0.146973 0.110352 0.0908203 0.000537395
13 0.204102 0.525391 0.214844 0.302734 0.000538826
9 0.479004 0.104492 0.0361328 0.0371094 0.000540733
10 0.158203 0.988281 0.105469 0.0234375 0.000551701
4 0.60791 0.133301 0.137695 0.0556641 0.000555038
13 0.974609 0.108398 0.0410156 0.0253906 0.000564575
0 0.933594 0.90332 0.132812 0.185547 0.000569344
8 0.15918 0.407227 0.0117188 0.00976562 0.000570297
13 0.387207 0.581543 0.0556641 0.0224609 0.000572205
4 0.201172 0.719727 0.201172 0.121094 0.000574112
9 0.494141 0.981445 0.220703 0.0371094 0.000582695
11 0.37207 0.15918 0.115234 0.103516 0.00059557
11 0.270996 0.145996 0.149414 0.0419922 0.000596523
13 0.630371 0.19873 0.155273 0.161133 0.000603676
5 0.155273 0.458496 0.138672 0.196289 0.000603676
12 0.55127 0.335449 0.12793 0.137695 0.000606537
11 0.278809 0.160645 0.141602 0.0947266 0.000626564
10 0.195801 0.972656 0.239258 0.0546875 0.000635147
5 0.702637 0.470703 0.354492 0.607422 0.00065136
11 0.568848 0.150879 0.0751953 0.0986328 0.000662804
9 0.17627 0.500488 0.176758 0.370117 0.000667572
11 0.617188 0.12793 0.0742188 0.0332031 0.000668049
5 0.55127 0.335449 0.12793 0.137695 0.000676632
13 0.317383 0.22168 0.0566406 0.140625 0.000686646
7 0.625488 0.624023 0.0185547 0.015625 0.000693321
13 0.828613 0.337402 0.0361328 0.0205078 0.000695229
13 0.34375 0.194336 0.132812 0.171875 0.00070715
3 0.624023 0.141113 0.171875 0.0830078 0.000713348
1 0.549316 0.337891 0.129883 0.140625 0.000714779
11 0.236816 0.147461 0.0751953 0.0253906 0.000722408
6 0.185059 0.716797 0.174805 0.113281 0.000732899
11 0.549316 0.337891 0.129883 0.140625 0.000766754
11 0.351074 0.126465 0.0732422 0.0283203 0.000770092
2 0.625488 0.624023 0.0185547 0.015625 0.000772476
0 0.482422 0.447754 0.230469 0.46582 0.000780582
13 0.12207 0.42627 0.0644531 0.0322266 0.000845432
13 0.549316 0.337891 0.129883 0.140625 0.000872135
10 0.622559 0.139648 0.170898 0.0820312 0.00089407
13 0.714355 0.28125 0.0810547 0.0664062 0.000992775
1 0.348145 0.131836 0.135742 0.0527344 0.000993729
8 0.55127 0.330566 0.125977 0.12793 0.00102425
13 0.669922 0.20752 0.0410156 0.0244141 0.00103569
7 0.242188 0.206543 0.0488281 0.0400391 0.00104904
10 0.182617 0.98291 0.171875 0.0341797 0.00105953
11 0.145508 0.987305 0.0722656 0.0253906 0.0010643
11 0.582031 0.160156 0.0839844 0.0390625 0.00108051
9 0.227051 0.456055 0.307617 0.576172 0.00116539
10 0.549316 0.337891 0.129883 0.140625 0.0011816
13 0.23291 0.274414 0.0908203 0.0742188 0.00121021
2 0.614258 0.129883 0.142578 0.0546875 0.00121307
9 0.592773 0.944824 0.564453 0.106445 0.00124359
8 0.238281 0.209961 0.0390625 0.03125 0.00125599
2 0.55127 0.330566 0.125977 0.12793 0.00131512
5 0.141113 0.44043 0.102539 0.0878906 0.00133801
5 0.781738 0.467285 0.100586 0.0751953 0.00135708
10 0.128418 0.989746 0.0380859 0.0205078 0.00140095
9 0.625 0.625 0.0195312 0.015625 0.00143528
9 0.55127 0.335449 0.12793 0.137695 0.0015955
13 0.818359 0.342773 0.0566406 0.0253906 0.0016098
13 0.347656 0.160156 0.0839844 0.0820312 0.00165176
9 0.60791 0.867676 0.551758 0.264648 0.00166702
11 0.388672 0.113281 0.0585938 0.0214844 0.00167656
8 0.625488 0.626953 0.0263672 0.0234375 0.00171185
11 0.123535 0.990234 0.0341797 0.0195312 0.00184059
13 0.614258 0.130371 0.142578 0.0556641 0.00186634
8 0.341309 0.629883 0.0341797 0.0371094 0.00187492
11 0.400879 0.145508 0.0712891 0.0917969 0.00196075
12 0.61377 0.129883 0.143555 0.0546875 0.00197029
11 0.351074 0.15625 0.108398 0.0625 0.00199318
13 0.271484 0.316895 0.138672 0.165039 0.00201225
9 0.46582 0.492676 0.191406 0.499023 0.00208092
13 0.399902 0.577637 0.0380859 0.0244141 0.00208092
7 0.348145 0.131836 0.135742 0.0527344 0.00217819
0 0.616699 0.138672 0.165039 0.0820312 0.00218964
10 0.145996 0.972656 0.102539 0.0546875 0.00229645
0 0.569824 0.313965 0.0869141 0.0908203 0.00230598
5 0.797852 0.47998 0.136719 0.235352 0.00231361
9 0.487793 0.964844 0.334961 0.0703125 0.00234604
13 0.126465 0.405273 0.0771484 0.0234375 0.00235748
11 0.133301 0.972656 0.0810547 0.0546875 0.00235748
8 0.268066 0.187012 0.0166016 0.0126953 0.00236702
3 0.547363 0.652832 0.40332 0.143555 0.00241852
5 0.178223 0.648438 0.180664 0.267578 0.00248146
13 0.235352 0.26709 0.0625 0.0458984 0.0025959
13 0.12207 0.43457 0.0722656 0.0722656 0.00264549
9 0.606934 0.12793 0.129883 0.0527344 0.0026474
13 0.348145 0.131836 0.135742 0.0527344 0.00264931
13 0.112305 0.414551 0.0703125 0.0478516 0.00266266
13 0.340332 0.199707 0.0751953 0.12207 0.00266647
3 0.55127 0.330566 0.125977 0.12793 0.00269127
8 0.660645 0.215332 0.0107422 0.0107422 0.00270653
11 0.323242 0.123047 0.0605469 0.0371094 0.00276566
11 0.609375 0.161621 0.140625 0.100586 0.00278854
11 0.895508 0.827148 0.0371094 0.0449219 0.00296402
10 0.89502 0.82666 0.0380859 0.0498047 0.0030098
11 0.314453 0.142578 0.144531 0.0800781 0.00310326
5 0.773926 0.459961 0.198242 0.4375 0.00315094
11 0.597656 0.121582 0.119141 0.0419922 0.00319862
5 0.234863 0.447754 0.334961 0.583008 0.00328636
8 0.203125 0.719727 0.203125 0.121094 0.00367546
1 0.615234 0.134277 0.154297 0.0634766 0.00407028
5 0.160645 0.54248 0.135742 0.266602 0.00491714
9 0.158691 0.731934 0.116211 0.0869141 0.00543594
10 0.134277 0.980469 0.0576172 0.0390625 0.00562668
11 0.364258 0.119141 0.107422 0.0292969 0.00645828
11 0.393066 0.121094 0.0693359 0.0410156 0.00692749
13 0.257812 0.296387 0.0976562 0.0986328 0.00718689
11 0.12793 0.982422 0.046875 0.0351562 0.00848389
11 0.598145 0.148438 0.118164 0.0410156 0.00856018
7 0.203613 0.71582 0.200195 0.119141 0.00900269
7 0.608398 0.132812 0.138672 0.0546875 0.0101471
5 0.210449 0.708496 0.209961 0.118164 0.0103455
11 0.297363 0.137695 0.12207 0.0371094 0.0104752
0 0.487305 0.349609 0.240234 0.169922 0.0110703
5 0.201172 0.54541 0.21875 0.422852 0.0114975
11 0.330078 0.144043 0.111328 0.0419922 0.0143204
11 0.358398 0.132812 0.136719 0.0566406 0.0166931
11 0.632812 0.156738 0.175781 0.0517578 0.0170288
8 0.624512 0.624512 0.0166016 0.0146484 0.0221405
13 0.108887 0.409668 0.0458984 0.0263672 0.026947
9 0.203613 0.719238 0.206055 0.116211 0.0683594
11 0.32666 0.128418 0.106445 0.0400391 0.110413
11 0.621582 0.134277 0.15918 0.0634766 0.144897
0 0.55127 0.335449 0.12793 0.137695 0.585938
