8 0.678711 0.662109 0.0859375 0.0976562 0.000100136
8 0.643555 0.424316 0.0351562 0.0224609 0.000100374
8 0.693359 0.437988 0.03125 0.0283203 0.000101268
9 0.360352 0.319824 0.00976562 0.00878906 0.000102162
8 0.758789 0.705566 0.0195312 0.0166016 0.00010252
2 0.561035 0.380371 0.120117 0.116211 0.000102937
5 0.0688477 0.11084 0.137695 0.22168 0.000103056
13 0.287109 0.52832 0.152344 0.134766 0.000105023
0 0.90332 0.891113 0.193359 0.217773 0.000106156
10 0.141602 0.773926 0.0410156 0.0517578 0.000107467
10 0.864746 0.726074 0.0380859 0.0595703 0.000107884
8 0.234863 0.437012 0.0361328 0.0244141 0.000108242
7 0.773926 0.408691 0.0615234 0.0458984 0.00011009
8 0.693359 0.431152 0.0488281 0.0224609 0.000113547
9 0.0483398 0.0825195 0.0966797 0.161133 0.00011462
8 0.336426 0.522461 0.0185547 0.0136719 0.000114858
9 0.521484 0.930664 0.191406 0.136719 0.000115275
13 0.56543 0.977539 0.0410156 0.0410156 0.000117064
9 0.570801 0.662598 0.0146484 0.00878906 0.0001176
11 0.365234 0.205566 0.0527344 0.0224609 0.000118613
9 0.419922 0.319824 0.0234375 0.0185547 0.000118971
11 0.567383 0.208984 0.0566406 0.0605469 0.000119627
11 0.865723 0.734375 0.0400391 0.0664062 0.000119925
5 0.285645 0.536133 0.124023 0.0625 0.000121295
11 0.141602 0.773926 0.0410156 0.0517578 0.00012207
9 0.769043 0.409668 0.0654297 0.0498047 0.000122905
8 0.321777 0.327637 0.0107422 0.0107422 0.000125527
10 0.123535 0.792969 0.0498047 0.0371094 0.000126123
11 0.552734 0.00976562 0.197266 0.0195312 0.000126243
8 0.367676 0.346191 0.0107422 0.0166016 0.000127912
13 0.253906 0.347168 0.046875 0.0634766 0.000130653
11 0.383789 0.201172 0.0878906 0.0292969 0.000131011
3 0.193359 0.0942383 0.369141 0.137695 0.000131011
13 0.240723 0.434082 0.0478516 0.0263672 0.000131369
8 0.69043 0.268555 0.0136719 0.0136719 0.000135064
9 0.154785 0.118164 0.297852 0.230469 0.000136375
9 0.691406 0.429199 0.0253906 0.0185547 0.000140429
7 0.691406 0.429199 0.0253906 0.0185547 0.000141144
9 0.779785 0.597168 0.161133 0.282227 0.000149131
11 0.277832 0.232422 0.0517578 0.0429688 0.000149965
13 0.916016 0.175781 0.167969 0.285156 0.000155568
13 0.756348 0.419922 0.0830078 0.0507812 0.000157833
8 0.491211 0.720215 0.0136719 0.0107422 0.000160456
8 0.770508 0.405273 0.0527344 0.0332031 0.000171065
11 0.123535 0.792969 0.0498047 0.0371094 0.000172734
8 0.36377 0.379395 0.0107422 0.00878906 0.000172973
11 0.640137 0.188965 0.104492 0.0380859 0.000179172
13 0.271973 0.537598 0.116211 0.0556641 0.000188112
13 0.074707 0.189941 0.149414 0.151367 0.00019455
8 0.591797 0.30957 0.0175781 0.0175781 0.000204682
9 0.228027 0.595703 0.143555 0.185547 0.000213265
13 0.910645 0.174316 0.12207 0.0439453 0.000213981
8 0.630859 0.490723 0.0351562 0.0224609 0.000214338
13 0.246094 0.530762 0.0957031 0.0322266 0.000214458
11 0.619629 0.198242 0.131836 0.0332031 0.000218034
3 0.561035 0.380371 0.120117 0.116211 0.000220656
8 0.734863 0.696777 0.0263672 0.0283203 0.000222445
8 0.633789 0.312988 0.0175781 0.0146484 0.000223875
8 0.985352 0.375 0.0292969 0.0292969 0.000226259
8 0.373535 0.622559 0.0400391 0.0322266 0.000228643
8 0.70752 0.443359 0.00878906 0.0078125 0.000252724
9 0.518555 0.408203 0.197266 0.177734 0.000258684
5 0.788574 0.470703 0.37793 0.589844 0.000258923
8 0.584961 0.605957 0.0390625 0.0302734 0.000272989
8 0.37207 0.584961 0.0234375 0.0195312 0.000276327
9 0.381836 0.00634766 0.0136719 0.0107422 0.000280142
10 0.966309 0.957031 0.0673828 0.0859375 0.000286579
11 0.668945 0.201172 0.115234 0.0644531 0.000286579
5 0.260742 0.55127 0.123047 0.110352 0.000314713
10 0.113281 0.790527 0.0566406 0.0224609 0.000324249
8 0.632324 0.470703 0.0498047 0.046875 0.000324488
9 0.750488 0.503906 0.239258 0.492188 0.000341654
11 0.714355 0.221191 0.0693359 0.0498047 0.000350475
8 0.570312 0.662598 0.0136719 0.00878906 0.000353575
9 0.277832 0.502441 0.272461 0.426758 0.000357389
8 0.314453 0.49707 0.00976562 0.00976562 0.000394106
5 0.274902 0.513672 0.301758 0.494141 0.000401497
8 0.319824 0.377441 0.00878906 0.00683594 0.000406504
9 0.561035 0.380371 0.118164 0.118164 0.000408649
11 0.113281 0.790527 0.0566406 0.0224609 0.000416756
11 0.875 0.814453 0.0292969 0.0429688 0.000424862
8 0.645996 0.420898 0.0185547 0.0175781 0.000427723
8 0.71875 0.313477 0.0117188 0.0117188 0.000431299
8 0.731934 0.264648 0.0283203 0.0292969 0.000439644
10 0.875 0.814453 0.0292969 0.0429688 0.000447035
8 0.321289 0.328125 0.0078125 0.00585938 0.000501633
8 0.367676 0.630371 0.0283203 0.0263672 0.000525951
5 0.782715 0.615723 0.145508 0.241211 0.000533104
11 0.123535 0.779785 0.0615234 0.0498047 0.000557899
13 0.0952148 0.789062 0.0458984 0.0195312 0.000563145
10 0.123535 0.779785 0.0615234 0.0498047 0.000565529
13 0.0830078 0.753418 0.0273438 0.0166016 0.000597
3 0.553711 0.681641 0.333984 0.09375 0.000611782
11 0.421875 0.213867 0.0585938 0.0410156 0.000647545
5 0.154785 0.118164 0.297852 0.230469 0.000655174
3 0.779297 0.120605 0.441406 0.231445 0.00067997
11 0.363281 0.208496 0.0996094 0.0302734 0.000714302
3 0.262207 0.146973 0.524414 0.264648 0.000722408
5 0.257812 0.550781 0.212891 0.310547 0.000868797
11 0.653809 0.194336 0.0673828 0.0253906 0.000915051
8 0.660645 0.433594 0.0146484 0.0136719 0.000934124
8 0.722168 0.568848 0.0224609 0.0205078 0.00097084
13 0.269531 0.536621 0.0957031 0.0302734 0.00107765
5 0.228027 0.595703 0.143555 0.185547 0.00154495
11 0.401367 0.208984 0.0839844 0.0332031 0.00171947
5 0.760742 0.544922 0.207031 0.396484 0.00198746
8 0.419922 0.319824 0.0234375 0.0185547 0.00213814
10 0.135742 0.786621 0.0332031 0.0419922 0.00242424
11 0.135742 0.786133 0.0351562 0.0429688 0.00262642
8 0.360352 0.319824 0.00976562 0.00878906 0.00313759
9 0.502441 0.86084 0.163086 0.264648 0.00373459
11 0.671875 0.200195 0.0898438 0.0351562 0.00422668
0 0.52002 0.402344 0.200195 0.164062 0.0044136
8 0.31543 0.571777 0.0117188 0.0107422 0.00464249
8 0.691406 0.429199 0.0253906 0.0185547 0.0053978
11 0.698242 0.208984 0.0722656 0.0429688 0.00863647
0 0.560547 0.378418 0.117188 0.112305 0.0427551
