5 0.21582 0.111816 0.365234 0.219727 0.000102282
11 0.749023 0.225586 0.0625 0.0488281 0.00010246
9 0.186035 0.409668 0.37207 0.405273 0.00010401
11 0.735352 0.989746 0.228516 0.0205078 0.00010407
2 0.570801 0.290039 0.0224609 0.015625 0.000105977
9 0.405273 0.15332 0.0195312 0.0273438 0.000106812
11 0.669922 0.193848 0.0703125 0.0205078 0.000107765
9 0.515625 0.63623 0.0859375 0.202148 0.00010854
2 0.392578 0.144531 0.0390625 0.046875 0.000111043
9 0.97998 0.369629 0.0400391 0.0537109 0.000111699
13 0.414551 0.502441 0.0478516 0.0224609 0.000112653
7 0.310059 0.462891 0.233398 0.294922 0.000113249
11 0.620605 0.193359 0.106445 0.0332031 0.000114143
4 0.533691 0.349121 0.209961 0.137695 0.000116825
0 0.574707 0.319824 0.0615234 0.0673828 0.000117421
9 0.546387 0.883789 0.745117 0.232422 0.000118196
2 0.770508 0.328125 0.0683594 0.0410156 0.000118434
7 0.533691 0.349121 0.209961 0.137695 0.000119567
8 0.67041 0.36084 0.00878906 0.00878906 0.000119805
2 0.614258 0.324219 0.03125 0.0390625 0.000120044
7 0.777344 0.327148 0.0703125 0.0390625 0.000120103
11 0.191406 0.119629 0.382812 0.239258 0.000120401
6 0.342773 0.530273 0.103516 0.0742188 0.000120938
9 0.530273 0.808105 0.388672 0.336914 0.000123024
11 0.331543 0.222168 0.0595703 0.0400391 0.000124454
5 0.277344 0.374023 0.257812 0.332031 0.00012517
11 0.418945 0.227539 0.0742188 0.0449219 0.000127077
13 0.80957 0.31543 0.0195312 0.0117188 0.000127554
4 0.797363 0.514648 0.15332 0.158203 0.000127554
13 0.750488 0.296875 0.0458984 0.0429688 0.000127673
9 0.543945 0.426758 0.265625 0.314453 0.000130892
13 0.252441 0.479004 0.0537109 0.0244141 0.000133991
8 0.345703 0.352051 0.015625 0.0126953 0.00013411
9 0.776855 0.251465 0.446289 0.49707 0.000135541
3 0.759277 0.445312 0.241211 0.314453 0.000135541
13 0.90332 0.133789 0.193359 0.267578 0.000136137
9 0.342773 0.530762 0.0996094 0.0634766 0.000136256
11 0.588867 0.183594 0.0664062 0.0351562 0.000137091
3 0.279785 0.152832 0.55957 0.305664 0.000138879
5 0.342773 0.530762 0.0996094 0.0634766 0.000139832
8 0.299316 0.303223 0.0107422 0.00878906 0.000140309
5 0.254395 0.541992 0.118164 0.138672 0.000140429
8 0.306641 0.398438 0.0117188 0.0117188 0.000141621
13 0.358398 0.520996 0.119141 0.0947266 0.000142574
8 0.228027 0.435547 0.0107422 0.0078125 0.000142813
9 0.588379 0.69043 0.30957 0.347656 0.000144005
2 0.581055 0.307617 0.09375 0.0546875 0.00014782
7 0.287598 0.509277 0.172852 0.174805 0.000148654
11 0.450195 0.210938 0.0527344 0.0292969 0.000150084
3 0.697754 0.813477 0.543945 0.373047 0.000151873
0 0.122559 0.977539 0.112305 0.0410156 0.00015223
3 0.17627 0.297852 0.352539 0.533203 0.00015533
12 0.533691 0.349121 0.209961 0.137695 0.000157118
13 0.70459 0.4375 0.0537109 0.0253906 0.000159502
3 0.790527 0.0908203 0.418945 0.175781 0.000160217
8 0.520996 0.987305 0.104492 0.0214844 0.00016427
2 0.191406 0.119629 0.382812 0.239258 0.000165582
9 0.425293 0.200684 0.0810547 0.0244141 0.000166655
10 0.94043 0.805664 0.0917969 0.0878906 0.000170588
7 0.832031 0.548828 0.117188 0.148438 0.000171065
1 0.533691 0.349121 0.209961 0.137695 0.000172615
5 0.770996 0.255859 0.458008 0.511719 0.000173569
11 0.777344 0.327148 0.0664062 0.0332031 0.000179648
7 0.342773 0.538086 0.105469 0.0664062 0.000179768
11 0.651855 0.199707 0.174805 0.0458984 0.00018394
13 0.533691 0.349121 0.209961 0.137695 0.000185013
9 0.392578 0.144531 0.0390625 0.046875 0.000186205
8 0.416504 0.234375 0.0302734 0.0234375 0.000187397
9 0.759766 0.327637 0.0917969 0.0634766 0.000190139
11 0.533691 0.349121 0.209961 0.137695 0.000190973
13 0.742188 0.336914 0.09375 0.078125 0.00019145
9 0.272461 0.492676 0.078125 0.0576172 0.000191808
9 0.0742188 0.0942383 0.148438 0.182617 0.000193
11 0.63623 0.185059 0.114258 0.0224609 0.000195861
13 0.797363 0.514648 0.15332 0.158203 0.000196815
9 0.251953 0.502441 0.132812 0.180664 0.000199437
9 0.777344 0.327148 0.0664062 0.0332031 0.000202537
5 0.77002 0.359375 0.104492 0.101562 0.000203013
13 0.143555 0.116699 0.261719 0.233398 0.00020349
13 0.326172 0.543945 0.0742188 0.0527344 0.000203848
5 0.706055 0.390137 0.273438 0.272461 0.000209451
6 0.27832 0.516113 0.101562 0.114258 0.000212312
6 0.759766 0.328125 0.0898438 0.0585938 0.000217676
6 0.776855 0.447754 0.202148 0.31543 0.000218034
2 0.614746 0.309082 0.0302734 0.0380859 0.000218153
2 0.608887 0.298828 0.0283203 0.0234375 0.000218868
9 0.40625 0.146973 0.0117188 0.0205078 0.00022471
8 0.40918 0.472168 0.0429688 0.0361328 0.000226855
8 0.214844 0.505371 0.0273438 0.0263672 0.000228405
3 0.596191 0.45752 0.399414 0.327148 0.000236154
13 0.259277 0.472656 0.0947266 0.126953 0.000238538
11 0.429688 0.188477 0.0683594 0.0234375 0.000238657
10 0.533691 0.349121 0.209961 0.137695 0.00024116
9 0.515137 0.920898 0.44043 0.158203 0.000243306
13 0.425781 0.498047 0.0507812 0.0214844 0.000248194
13 0.280273 0.473145 0.169922 0.231445 0.000248909
8 0.444336 0.53125 0.0078125 0.00585938 0.000251532
5 0.533691 0.349121 0.209961 0.137695 0.000252962
13 0.802734 0.317871 0.0332031 0.0185547 0.000254154
13 0.359863 0.555176 0.120117 0.0751953 0.000254393
8 0.708984 0.228027 0.0078125 0.00878906 0.000254393
3 0.3125 0.518555 0.193359 0.158203 0.000262499
11 0.406738 0.196777 0.0654297 0.0166016 0.00027895
8 0.533691 0.349121 0.209961 0.137695 0.000279665
11 0.396484 0.201172 0.0703125 0.015625 0.000285387
2 0.646484 0.384766 0.015625 0.0136719 0.000293255
9 0.595215 0.950684 0.276367 0.0908203 0.000295639
11 0.364746 0.217285 0.118164 0.0498047 0.000306606
6 0.359375 0.55127 0.121094 0.0830078 0.000307798
8 0.40332 0.559082 0.015625 0.0126953 0.000312567
7 0.607422 0.567383 0.390625 0.103516 0.000314951
6 0.605469 0.565918 0.392578 0.0986328 0.000317097
8 0.605469 0.565918 0.392578 0.0986328 0.000321865
4 0.605469 0.565918 0.392578 0.0986328 0.000325918
2 0.533691 0.349121 0.209961 0.137695 0.000329494
6 0.310059 0.462891 0.233398 0.294922 0.000334024
13 0.750488 0.30957 0.0673828 0.0507812 0.000337601
3 0.310059 0.462891 0.233398 0.294922 0.0003438
2 0.579102 0.289062 0.0273438 0.0136719 0.000344992
11 0.6875 0.199219 0.0839844 0.0292969 0.000347853
1 0.605469 0.565918 0.392578 0.0986328 0.000360489
12 0.606445 0.564453 0.390625 0.103516 0.00036788
6 0.584473 0.337402 0.106445 0.110352 0.000375748
0 0.966309 0.945801 0.0673828 0.102539 0.000379562
13 0.605469 0.565918 0.392578 0.0986328 0.000382423
0 0.58252 0.37793 0.139648 0.197266 0.000388622
8 0.598633 0.259277 0.015625 0.0166016 0.000415087
9 0.344238 0.54541 0.145508 0.100586 0.000422001
2 0.605469 0.565918 0.392578 0.0986328 0.000428438
13 0.288086 0.493652 0.121094 0.116211 0.000436544
4 0.584473 0.337402 0.106445 0.110352 0.000449419
5 0.279785 0.569336 0.206055 0.191406 0.000453711
11 0.433105 0.214844 0.0849609 0.0488281 0.000464439
7 0.584473 0.337402 0.106445 0.110352 0.000470877
7 0.367676 0.554199 0.102539 0.0771484 0.000471592
11 0.605469 0.562012 0.386719 0.114258 0.000487089
12 0.584473 0.337402 0.106445 0.110352 0.000489712
5 0.268555 0.459473 0.134766 0.225586 0.000496864
0 0.507812 0.396484 0.167969 0.158203 0.000500679
0 0.532227 0.401855 0.263672 0.25293 0.000506878
13 0.842285 0.187012 0.0537109 0.116211 0.000509262
9 0.656738 0.783203 0.458008 0.429688 0.000518799
8 0.362793 0.484863 0.0244141 0.0185547 0.000537872
11 0.708008 0.20752 0.0820312 0.0458984 0.000556469
9 0.505371 0.637207 0.163086 0.260742 0.000576973
9 0.279785 0.51709 0.104492 0.112305 0.000594139
8 0.242188 0.414551 0.0117188 0.0126953 0.000597477
5 0.271973 0.492676 0.0791016 0.0576172 0.000600338
5 0.584473 0.337402 0.106445 0.110352 0.00060463
3 0.213867 0.251465 0.427734 0.231445 0.000607967
5 0.605957 0.564453 0.393555 0.101562 0.000614643
3 0.625977 0.600098 0.417969 0.100586 0.00061655
2 0.604004 0.316406 0.0537109 0.0605469 0.000626564
13 0.366211 0.521484 0.0898438 0.0351562 0.000629425
5 0.755371 0.35791 0.137695 0.176758 0.000648022
13 0.262695 0.483398 0.0683594 0.0410156 0.000656128
11 0.555176 0.0151367 0.239258 0.0283203 0.000673771
1 0.583984 0.336914 0.105469 0.109375 0.000684261
10 0.605469 0.565918 0.392578 0.0986328 0.000691891
8 0.646484 0.384766 0.0175781 0.0136719 0.000697613
8 0.584473 0.337402 0.106445 0.110352 0.000729084
11 0.583984 0.336914 0.105469 0.109375 0.000812054
11 0.41748 0.227539 0.0458984 0.03125 0.000849724
9 0.776855 0.447754 0.202148 0.31543 0.000916004
13 0.30127 0.527832 0.174805 0.129883 0.000921726
9 0.606445 0.563477 0.394531 0.123047 0.000923634
13 0.584473 0.337402 0.106445 0.110352 0.000936031
9 0.800293 0.510742 0.151367 0.160156 0.00095129
11 0.652832 0.191895 0.133789 0.0224609 0.000961304
9 0.584473 0.888184 0.194336 0.213867 0.00100327
9 0.533691 0.349121 0.209961 0.137695 0.00102806
10 0.584473 0.337402 0.106445 0.110352 0.0010891
9 0.55957 0.781738 0.203125 0.436523 0.00112057
0 0.606445 0.567383 0.384766 0.0996094 0.00112629
11 0.401367 0.20166 0.113281 0.0263672 0.00113869
2 0.583984 0.336914 0.105469 0.109375 0.00118542
9 0.3125 0.518555 0.193359 0.158203 0.00121593
9 0.310059 0.462891 0.233398 0.294922 0.00123501
3 0.218262 0.122559 0.397461 0.239258 0.00127411
5 0.756836 0.332031 0.0859375 0.0605469 0.00128365
7 0.337402 0.535156 0.155273 0.115234 0.00140572
9 0.584473 0.337402 0.106445 0.110352 0.00146961
3 0.60498 0.581543 0.405273 0.268555 0.00147343
6 0.797363 0.514648 0.15332 0.158203 0.00151348
5 0.342773 0.540527 0.142578 0.100586 0.00155449
13 0.774414 0.32959 0.0917969 0.0771484 0.00159836
3 0.527832 0.365723 0.217773 0.15918 0.00159931
11 0.435059 0.198242 0.0791016 0.0292969 0.00168037
13 0.791504 0.321289 0.0537109 0.0253906 0.00204277
11 0.429688 0.207031 0.0722656 0.0214844 0.00228691
6 0.328125 0.535645 0.173828 0.120117 0.00230026
13 0.342773 0.53125 0.0742188 0.0488281 0.00232887
13 0.27832 0.494629 0.0878906 0.0576172 0.00235367
7 0.797363 0.514648 0.15332 0.158203 0.00238228
3 0.583984 0.336914 0.105469 0.109375 0.00270081
11 0.347168 0.216309 0.0634766 0.0283203 0.00366211
0 0.597656 0.313965 0.0703125 0.0615234 0.00469208
5 0.27832 0.516113 0.101562 0.114258 0.0056572
13 0.759766 0.333984 0.0761719 0.0449219 0.00595474
11 0.387207 0.210938 0.12207 0.0292969 0.00702286
13 0.330566 0.539062 0.125977 0.0820312 0.00849915
11 0.731934 0.217285 0.0673828 0.0498047 0.00926971
11 0.422852 0.200684 0.0683594 0.0166016 0.00931549
5 0.310059 0.462891 0.233398 0.294922 0.0146103
5 0.799805 0.508789 0.144531 0.169922 0.0183411
5 0.3125 0.518555 0.193359 0.158203 0.0304871
5 0.776855 0.447754 0.202148 0.31543 0.0305176
13 0.777344 0.327148 0.0664062 0.0332031 0.0404663
0 0.533691 0.349121 0.209961 0.137695 0.10553
0 0.584473 0.330078 0.102539 0.0976562 0.575684
3 0.60498 0.564453 0.389648 0.0976562 0.587402
