7 0.34375 0.196777 0.0605469 0.0791016 0.000100493
8 0.692871 0.562012 0.0458984 0.0419922 0.000101149
11 0.316406 0.225586 0.0566406 0.0234375 0.000101388
12 0.334961 0.197266 0.105469 0.0800781 0.000101507
11 0.631836 0.0986328 0.0546875 0.0136719 0.000101566
13 0.300781 0.5625 0.0585938 0.0546875 0.000101984
8 0.27832 0.554688 0.0449219 0.0273438 0.000102699
8 0.644043 0.504883 0.0126953 0.0136719 0.000103474
8 0.606934 0.280762 0.0263672 0.0263672 0.00010407
11 0.616211 0.101562 0.0507812 0.0117188 0.000104249
13 0.629395 0.338867 0.0185547 0.0234375 0.000104368
9 0.371094 0.404297 0.0371094 0.0292969 0.000104606
13 0.293457 0.211914 0.0302734 0.0332031 0.00010699
8 0.696777 0.363281 0.0224609 0.0175781 0.000107944
1 0.268066 0.370117 0.358398 0.53125 0.000108421
7 0.588379 0.120605 0.0107422 0.0126953 0.000109375
13 0.261719 0.525391 0.0488281 0.0390625 0.00011009
13 0.266602 0.38916 0.349609 0.581055 0.000110447
9 0.828125 0.708008 0.171875 0.222656 0.000111997
8 0.481445 0.932129 0.0390625 0.0419922 0.000111997
2 0.0366211 0.129883 0.0673828 0.03125 0.000112414
8 0.769531 0.530273 0.0703125 0.046875 0.000113606
13 0.796875 0.507324 0.0371094 0.0166016 0.000113606
9 0.288574 0.208496 0.0419922 0.0439453 0.000114322
8 0.650879 0.478027 0.0302734 0.0283203 0.000114501
9 0.520508 0.808594 0.238281 0.382812 0.000115037
9 0.304199 0.315918 0.12793 0.0341797 0.000115097
11 0.28125 0.250977 0.337891 0.28125 0.000116885
13 0.657227 0.436523 0.0507812 0.0390625 0.000117123
13 0.258301 0.388672 0.0771484 0.0234375 0.000118256
9 0.253418 0.287109 0.0439453 0.0253906 0.000119627
11 0.587891 0.117188 0.046875 0.0273438 0.000120223
11 0.588867 0.101562 0.0527344 0.015625 0.000120342
12 0.323242 0.22168 0.0703125 0.0371094 0.000121474
2 0.658691 0.430664 0.0537109 0.0410156 0.000122905
9 0.557617 0.855957 0.0566406 0.0595703 0.000123382
13 0.255859 0.0209961 0.0859375 0.0400391 0.000123858
8 0.70459 0.168457 0.0458984 0.0302734 0.000124693
9 0.286133 0.394043 0.078125 0.0498047 0.000124812
8 0.497559 0.63623 0.0263672 0.0263672 0.00012517
9 0.674805 0.448242 0.0820312 0.0703125 0.000125647
4 0.291504 0.548828 0.0380859 0.03125 0.000125885
9 0.430664 0.520996 0.0390625 0.0361328 0.000126123
11 0.333008 0.222168 0.0429688 0.0263672 0.000126719
8 0.634766 0.296387 0.0253906 0.0166016 0.000129223
7 0.41748 0.27832 0.0302734 0.0292969 0.000132322
9 0.306152 0.225586 0.0537109 0.0371094 0.00013423
8 0.765625 0.576172 0.0410156 0.0371094 0.000134945
8 0.698242 0.405273 0.0410156 0.0273438 0.000135541
2 0.634766 0.29541 0.0136719 0.0107422 0.000137806
2 0.415039 0.336426 0.0292969 0.0322266 0.000139952
12 0.739258 0.333008 0.386719 0.466797 0.000141382
9 0.703613 0.214844 0.31543 0.240234 0.00014174
9 0.500977 0.356445 0.158203 0.458984 0.000143886
7 0.756348 0.535156 0.0400391 0.0332031 0.000144839
2 0.333008 0.223633 0.03125 0.0175781 0.000146508
2 0.516113 0.864746 0.131836 0.227539 0.000148535
8 0.339844 0.225586 0.0175781 0.0136719 0.000149608
2 0.291016 0.548828 0.0390625 0.0292969 0.000150919
7 0.284668 0.544922 0.0654297 0.046875 0.000151157
13 0.588379 0.120605 0.0107422 0.0126953 0.000153184
2 0.588379 0.120605 0.0107422 0.0126953 0.000153184
8 0.249023 0.555664 0.0175781 0.0136719 0.000153303
7 0.290527 0.241699 0.31543 0.254883 0.000156879
8 0.267578 0.561523 0.0351562 0.0136719 0.000158548
9 0.724609 0.177734 0.046875 0.0351562 0.000161171
8 0.728516 0.380859 0.0136719 0.0117188 0.000163555
11 0.579102 0.10791 0.0742188 0.0302734 0.000164747
6 0.291016 0.548828 0.0390625 0.0292969 0.000164866
8 0.354492 0.427246 0.03125 0.0263672 0.000165224
9 0.305664 0.61084 0.197266 0.0537109 0.000167131
2 0.660645 0.209961 0.0283203 0.0195312 0.000168562
8 0.75293 0.281738 0.0507812 0.0283203 0.000169635
2 0.237305 0.0444336 0.119141 0.0888672 0.000169873
11 0.717285 0.132324 0.0537109 0.0322266 0.0001719
8 0.571777 0.526367 0.0263672 0.0234375 0.000172853
7 0.717773 0.172852 0.0527344 0.0332031 0.000174761
13 0.265137 0.315918 0.0791016 0.0341797 0.000175476
9 0.233398 0.628418 0.117188 0.0751953 0.000180244
11 0.60791 0.106445 0.0712891 0.0175781 0.00018084
2 0.323242 0.224121 0.0605469 0.0263672 0.000181556
9 0.356445 0.200684 0.0234375 0.0224609 0.000182509
12 0.351562 0.316895 0.193359 0.381836 0.000183344
8 0.681152 0.330566 0.0224609 0.0205078 0.000188231
8 0.291992 0.227539 0.0351562 0.0273438 0.000188708
8 0.378906 0.487305 0.0351562 0.0253906 0.000192523
8 0.349121 0.20459 0.0400391 0.0361328 0.000193119
9 0.709961 0.171387 0.0527344 0.0263672 0.000193238
8 0.250977 0.287598 0.0410156 0.0244141 0.000193477
13 0.333008 0.223633 0.03125 0.0175781 0.000196218
8 0.416016 0.270996 0.0214844 0.0166016 0.000197887
13 0.285156 0.20459 0.0429688 0.0439453 0.000197887
8 0.32959 0.394043 0.0146484 0.0126953 0.000198603
8 0.295898 0.220703 0.0253906 0.0234375 0.000200152
11 0.345215 0.11377 0.0419922 0.0166016 0.000205278
9 0.270508 0.30957 0.09375 0.0449219 0.000208974
9 0.416016 0.277832 0.0292969 0.0283203 0.000209332
8 0.268555 0.374512 0.0117188 0.00878906 0.000211358
11 0.646973 0.433594 0.0283203 0.03125 0.000213265
7 0.217773 0.651367 0.164062 0.105469 0.000213861
8 0.404785 0.438477 0.0224609 0.0214844 0.000216603
2 0.303711 0.226562 0.0351562 0.0253906 0.000216961
8 0.725586 0.175293 0.0371094 0.0244141 0.000222564
3 0.046875 0.9375 0.09375 0.115234 0.000223994
7 0.341309 0.216309 0.0458984 0.0322266 0.000225306
8 0.62207 0.9375 0.0488281 0.0292969 0.000226974
9 0.301758 0.21582 0.107422 0.0488281 0.000229597
3 0.8125 0.0366211 0.375 0.0732422 0.000229955
8 0.668945 0.40332 0.03125 0.0273438 0.000232339
13 0.323242 0.224121 0.0605469 0.0263672 0.000234604
8 0.26709 0.0166016 0.0673828 0.03125 0.00023675
9 0.700195 0.171387 0.0273438 0.0205078 0.000239372
9 0.254883 0.0180664 0.0917969 0.0322266 0.000243306
7 0.323242 0.224121 0.0605469 0.0263672 0.000244379
13 0.206543 0.578125 0.0556641 0.0507812 0.000245333
13 0.286133 0.394043 0.078125 0.0498047 0.000247478
13 0.516113 0.868164 0.135742 0.244141 0.000248194
10 0.902832 0.685547 0.0458984 0.0527344 0.00025177
7 0.82959 0.652832 0.15332 0.112305 0.000253677
2 0.632812 0.336426 0.015625 0.0146484 0.000255585
8 0.245605 0.557617 0.0263672 0.0253906 0.000259399
0 0.938965 0.0405273 0.106445 0.0810547 0.000263929
8 0.263672 0.524902 0.0625 0.0517578 0.000270844
11 0.90332 0.682617 0.0429688 0.0703125 0.000271082
13 0.0922852 0.11084 0.0888672 0.0302734 0.000272512
12 0.687988 0.204102 0.286133 0.210938 0.000277996
8 0.413086 0.331543 0.0253906 0.0244141 0.000280142
8 0.255371 0.1875 0.0380859 0.0292969 0.000289202
9 0.41748 0.337402 0.0400391 0.0302734 0.000290155
8 0.246582 0.0292969 0.110352 0.0585938 0.00029254
11 0.601562 0.126465 0.0976562 0.0400391 0.000297308
11 0.266113 0.148438 0.0576172 0.0429688 0.000300407
9 0.322266 0.209473 0.148438 0.0927734 0.000300646
8 0.416016 0.404297 0.0332031 0.0234375 0.000300646
7 0.333008 0.22168 0.0332031 0.0214844 0.000313282
11 0.636719 0.11084 0.119141 0.0263672 0.000316381
8 0.698242 0.168457 0.0253906 0.0224609 0.000319958
11 0.604004 0.0991211 0.0478516 0.0107422 0.000326157
13 0.250977 0.289062 0.0410156 0.0253906 0.000326395
9 0.756348 0.535156 0.0400391 0.0332031 0.000328302
7 0.268066 0.370117 0.358398 0.53125 0.000329494
11 0.625488 0.119141 0.114258 0.0214844 0.000331163
9 0.739258 0.333008 0.386719 0.466797 0.000331402
5 0.266602 0.38916 0.349609 0.581055 0.000332594
11 0.250488 0.0273438 0.104492 0.0546875 0.000336409
8 0.284668 0.544922 0.0654297 0.046875 0.000341892
13 0.303711 0.226562 0.0351562 0.0253906 0.000343323
8 0.297363 0.230469 0.0810547 0.0292969 0.000347614
8 0.27002 0.185059 0.0205078 0.0166016 0.000349998
11 0.609863 0.0947266 0.0595703 0.0136719 0.000352621
7 0.656738 0.434082 0.0517578 0.0361328 0.000356197
11 0.355469 0.112793 0.0859375 0.0205078 0.00036931
13 0.303711 0.320312 0.128906 0.0292969 0.000375271
13 0.23877 0.0390625 0.125977 0.078125 0.000403643
7 0.301758 0.226074 0.0332031 0.0244141 0.000408888
8 0.632812 0.336426 0.015625 0.0146484 0.000419855
11 0.389648 0.115723 0.109375 0.0361328 0.000436068
13 0.0366211 0.129883 0.0673828 0.03125 0.000436783
11 0.606445 0.104492 0.107422 0.0351562 0.000440121
8 0.269531 0.561035 0.0136719 0.0126953 0.000441074
8 0.658691 0.434082 0.0517578 0.0419922 0.000442028
7 0.261719 0.525391 0.0488281 0.0390625 0.000452518
11 0.419922 0.119629 0.0625 0.0400391 0.000458241
13 0.270996 0.301758 0.0810547 0.03125 0.000460863
9 0.258301 0.62207 0.0634766 0.0449219 0.000480652
8 0.634277 0.295898 0.0146484 0.0117188 0.000490189
7 0.660156 0.209473 0.0292969 0.0185547 0.000499725
12 0.322266 0.210449 0.216797 0.145508 0.000508308
9 0.34375 0.196777 0.0605469 0.0791016 0.000513077
8 0.431152 0.52002 0.0380859 0.0341797 0.00051403
9 0.348633 0.205078 0.0390625 0.0351562 0.000518322
2 0.26709 0.0166016 0.0673828 0.03125 0.000520229
9 0.322266 0.210449 0.216797 0.145508 0.000548363
10 0.12207 0.713379 0.0546875 0.0751953 0.000566006
13 0.293457 0.550781 0.0341797 0.0292969 0.00057888
9 0.588379 0.120605 0.0107422 0.0126953 0.000638008
9 0.268555 0.664551 0.306641 0.131836 0.000645161
11 0.12207 0.713379 0.0546875 0.0751953 0.00065279
11 0.387207 0.109863 0.0576172 0.0107422 0.000682354
8 0.315918 0.427734 0.0185547 0.015625 0.00068903
9 0.333984 0.221191 0.03125 0.0224609 0.000716209
11 0.367676 0.106934 0.0830078 0.0146484 0.000727177
10 0.268066 0.370117 0.358398 0.53125 0.00075531
9 0.286621 0.241211 0.311523 0.259766 0.000775814
11 0.631836 0.103516 0.0957031 0.0214844 0.000791073
9 0.291016 0.548828 0.0390625 0.0292969 0.000792027
10 0.904297 0.692871 0.03125 0.0341797 0.000813961
9 0.663086 0.433105 0.0566406 0.0380859 0.000814438
8 0.341309 0.216309 0.0458984 0.0322266 0.000843525
13 0.646973 0.433594 0.0283203 0.03125 0.000853539
9 0.243164 0.0302734 0.111328 0.0507812 0.000862598
0 0.046875 0.9375 0.09375 0.115234 0.000940323
9 0.280762 0.0185547 0.0341797 0.0273438 0.00100231
9 0.82959 0.652832 0.15332 0.112305 0.00100327
11 0.903809 0.692383 0.0302734 0.0351562 0.00100899
9 0.26123 0.524414 0.0498047 0.0390625 0.00111294
8 0.323242 0.224121 0.0605469 0.0263672 0.00112724
7 0.291504 0.548828 0.0380859 0.03125 0.00113392
2 0.280762 0.0195312 0.0302734 0.0273438 0.00114441
8 0.280273 0.0185547 0.0332031 0.0273438 0.00116444
8 0.8125 0.469727 0.00976562 0.00976562 0.0012579
8 0.375 0.284668 0.0351562 0.0302734 0.00142765
9 0.303711 0.226562 0.0351562 0.0253906 0.00143909
8 0.258789 0.525879 0.0449219 0.0322266 0.00144863
9 0.217773 0.651367 0.164062 0.105469 0.00166321
8 0.371094 0.404297 0.0371094 0.0292969 0.00170612
11 0.407227 0.114258 0.0683594 0.0253906 0.00185966
9 0.65918 0.209473 0.0292969 0.0185547 0.00187397
8 0.41748 0.337402 0.0400391 0.0302734 0.00201225
9 0.338867 0.216309 0.0546875 0.0322266 0.00201797
8 0.41748 0.27832 0.0302734 0.0292969 0.00217247
9 0.513184 0.835938 0.135742 0.298828 0.0023365
9 0.323242 0.224121 0.0605469 0.0263672 0.00243759
8 0.756348 0.535156 0.0400391 0.0332031 0.00257492
8 0.588379 0.120605 0.0107422 0.0126953 0.00273132
2 0.249512 0.0249023 0.0986328 0.0478516 0.00277519
9 0.269531 0.390137 0.371094 0.551758 0.00325584
11 0.608398 0.0986328 0.0878906 0.0195312 0.00418472
8 0.303223 0.226074 0.0302734 0.0224609 0.00421524
8 0.645508 0.433105 0.0351562 0.0283203 0.00460434
12 0.277344 0.391113 0.382812 0.553711 0.00561142
11 0.385742 0.111328 0.09375 0.015625 0.0058136
12 0.290527 0.241699 0.31543 0.254883 0.00605011
9 0.646484 0.434082 0.0292969 0.0322266 0.00626755
10 0.121094 0.71582 0.0390625 0.0449219 0.00695419
8 0.65918 0.209473 0.0292969 0.0185547 0.00717163
2 0.646484 0.434082 0.0292969 0.0322266 0.00791168
11 0.121582 0.71582 0.0380859 0.0429688 0.00814056
8 0.333008 0.22168 0.0332031 0.0214844 0.00841522
8 0.291504 0.548828 0.0380859 0.03125 0.0122604
