8 0.324707 0.480469 0.0810547 0.0703125 0.00055027
4 0.34668 0.176758 0.107422 0.132812 0.000555038
8 0.369141 0.489746 0.115234 0.176758 0.000555992
11 0.712891 0.190918 0.046875 0.0380859 0.000556946
0 0.478027 0.276367 0.0498047 0.0546875 0.00056076
9 0.469727 0.168945 0.0976562 0.166016 0.000561237
7 0.359863 0.571289 0.0732422 0.0703125 0.000561237
9 0.424316 0.694336 0.178711 0.195312 0.000563622
7 0.96582 0.498047 0.0546875 0.171875 0.000565529
8 0.374512 0.575684 0.102539 0.0888672 0.000567913
9 0.884766 0.235352 0.0253906 0.0214844 0.000568867
7 0.728027 0.543945 0.290039 0.232422 0.000569344
8 0.399414 0.589355 0.179688 0.262695 0.000571728
9 0.472656 0.262207 0.257812 0.168945 0.000578403
8 0.617676 0.234375 0.0830078 0.0800781 0.000583649
11 0.367188 0.388672 0.0683594 0.0625 0.000593185
2 0.716309 0.330566 0.266602 0.317383 0.000593662
3 0.385254 0.939941 0.674805 0.120117 0.000601292
6 0.272461 0.460449 0.105469 0.104492 0.00060606
13 0.811035 0.519043 0.118164 0.0732422 0.000608444
2 0.0805664 0.216309 0.0380859 0.0302734 0.000608444
13 0.194824 0.40918 0.0810547 0.0429688 0.000617504
7 0.270996 0.470215 0.178711 0.139648 0.000620365
2 0.288574 0.425781 0.0830078 0.0566406 0.000623703
9 0.394531 0.921875 0.431641 0.15625 0.000624657
11 0.364258 0.416992 0.0820312 0.125 0.000624657
11 0.342773 0.127441 0.0957031 0.0498047 0.000626564
8 0.739258 0.269531 0.015625 0.0117188 0.000628471
13 0.788574 0.494141 0.0751953 0.03125 0.000632763
0 0.369141 0.381348 0.0527344 0.0556641 0.000635147
13 0.468262 0.301758 0.258789 0.148438 0.0006423
11 0.696289 0.398438 0.322266 0.441406 0.000646591
2 0.561523 0.256348 0.0566406 0.0439453 0.000650406
0 0.365723 0.442871 0.0771484 0.0712891 0.000653744
1 0.60498 0.254395 0.198242 0.15332 0.000653744
3 0.523438 0.285156 0.136719 0.144531 0.000657082
1 0.468262 0.301758 0.258789 0.148438 0.000662327
7 0.358398 0.370117 0.0957031 0.167969 0.000672817
2 0.583984 0.300293 0.232422 0.202148 0.000683308
5 0.65332 0.233398 0.152344 0.173828 0.000688076
13 0.595703 0.260742 0.234375 0.210938 0.000698566
4 0.144043 0.336426 0.0224609 0.0224609 0.000700951
8 0.286133 0.25293 0.0390625 0.0273438 0.00070858
7 0.391602 0.370605 0.138672 0.249023 0.000722408
12 0.213867 0.354004 0.285156 0.348633 0.000724316
13 0.286621 0.225098 0.0966797 0.157227 0.000728607
9 0.37207 0.708008 0.0683594 0.0566406 0.000730515
9 0.557617 0.269043 0.0898438 0.104492 0.000733376
11 0.839355 0.504883 0.0498047 0.046875 0.00073576
2 0.468262 0.301758 0.258789 0.148438 0.000738621
7 0.73291 0.352051 0.237305 0.213867 0.000743866
9 0.420898 0.130371 0.197266 0.225586 0.000755787
9 0.368652 0.635742 0.0576172 0.0410156 0.000760555
13 0.142578 0.334961 0.0390625 0.0332031 0.000767231
8 0.23584 0.352051 0.264648 0.362305 0.000769615
5 0.299805 0.315918 0.162109 0.342773 0.000772476
2 0.374512 0.367676 0.0712891 0.108398 0.000772476
7 0.84375 0.541992 0.0742188 0.121094 0.000776768
0 0.438965 0.61084 0.213867 0.532227 0.000781536
13 0.197754 0.401855 0.198242 0.170898 0.000793457
9 0.952148 0.555176 0.0703125 0.301758 0.000793934
13 0.166992 0.469727 0.0605469 0.03125 0.00080061
5 0.42334 0.486816 0.200195 0.557617 0.000811577
13 0.756348 0.491211 0.194336 0.0898438 0.000812531
9 0.721191 0.463379 0.280273 0.387695 0.000814438
10 0.821289 0.522461 0.111328 0.15625 0.000816345
13 0.367188 0.388672 0.0683594 0.0625 0.000819206
1 0.70459 0.39209 0.301758 0.428711 0.000825405
2 0.353516 0.381836 0.0703125 0.0878906 0.000831604
9 0.182617 0.560059 0.337891 0.129883 0.000833988
9 0.374512 0.44873 0.229492 0.288086 0.000834942
7 0.369629 0.379395 0.0634766 0.0693359 0.00083828
9 0.327637 0.444824 0.108398 0.0830078 0.000850677
9 0.399902 0.26123 0.102539 0.204102 0.000855446
7 0.634766 0.234863 0.0957031 0.0849609 0.00085783
8 0.626953 0.42627 0.505859 0.495117 0.000875473
5 0.439941 0.65625 0.217773 0.458984 0.000883579
6 0.274902 0.431152 0.0458984 0.0400391 0.000895977
8 0.304688 0.454102 0.154297 0.140625 0.000909328
11 0.316895 0.139648 0.141602 0.0566406 0.000912189
10 0.833496 0.499512 0.0693359 0.0888672 0.000925541
12 0.716309 0.330566 0.266602 0.317383 0.000933647
3 0.424316 0.54248 0.204102 0.495117 0.000943661
5 0.234375 0.456543 0.183594 0.106445 0.000943661
2 0.555664 0.264648 0.0839844 0.0878906 0.000954151
11 0.605957 0.134277 0.135742 0.0478516 0.00095892
13 0.361328 0.46875 0.0859375 0.146484 0.000962257
9 0.96875 0.499023 0.0410156 0.105469 0.00097847
10 0.322266 0.206543 0.136719 0.170898 0.000980377
9 0.142578 0.334961 0.0390625 0.0332031 0.000981331
9 0.288574 0.425781 0.0830078 0.0566406 0.000993729
8 0.31543 0.483887 0.0273438 0.0244141 0.000997543
6 0.183105 0.436035 0.237305 0.174805 0.0010004
9 0.354492 0.39502 0.0820312 0.112305 0.00100899
10 0.808105 0.568359 0.15918 0.177734 0.00101852
7 0.285156 0.435547 0.0820312 0.0644531 0.00103664
9 0.961426 0.432129 0.0244141 0.0458984 0.00104046
7 0.161133 0.473145 0.0527344 0.0361328 0.00104141
8 0.522949 0.289551 0.139648 0.157227 0.00104904
0 0.275391 0.429199 0.0488281 0.0439453 0.00105095
13 0.76709 0.31543 0.0439453 0.0332031 0.00105572
7 0.416504 0.561035 0.196289 0.301758 0.00107861
8 0.583984 0.300293 0.232422 0.202148 0.00108814
9 0.323242 0.554688 0.146484 0.152344 0.00110531
9 0.377441 0.311523 0.0986328 0.222656 0.00111485
2 0.618652 0.256348 0.170898 0.163086 0.00111866
7 0.279785 0.240234 0.131836 0.181641 0.00112343
9 0.606934 0.226562 0.217773 0.197266 0.00112915
9 0.335938 0.145996 0.125 0.135742 0.00116253
10 0.213867 0.354004 0.285156 0.348633 0.00116253
8 0.222168 0.351562 0.0380859 0.0292969 0.00118256
11 0.60498 0.185547 0.19043 0.132812 0.00118828
7 0.293945 0.231934 0.0859375 0.106445 0.00122261
9 0.379395 0.384766 0.0771484 0.0761719 0.00123978
9 0.335938 0.563965 0.0976562 0.0908203 0.00124073
7 0.36084 0.475586 0.0830078 0.117188 0.00124264
11 0.60498 0.254395 0.198242 0.15332 0.00124454
8 0.142578 0.334961 0.0390625 0.0332031 0.00125313
13 0.575684 0.536133 0.526367 0.205078 0.00125885
9 0.974121 0.52002 0.0419922 0.22168 0.00126839
9 0.526855 0.689941 0.368164 0.416992 0.00126934
2 0.334961 0.441406 0.115234 0.0800781 0.00128365
7 0.595703 0.260742 0.234375 0.210938 0.00128841
13 0.640625 0.241699 0.115234 0.131836 0.00130272
11 0.580566 0.532227 0.549805 0.224609 0.00130653
13 0.275391 0.431641 0.046875 0.0390625 0.00133133
9 0.467773 0.946777 0.271484 0.106445 0.00138474
9 0.469727 0.649414 0.189453 0.289062 0.00140953
8 0.273438 0.443359 0.0878906 0.0859375 0.00141621
3 0.555664 0.598633 0.486328 0.179688 0.00142384
13 0.634277 0.431641 0.46582 0.4375 0.00143909
6 0.213379 0.45459 0.178711 0.102539 0.00145149
0 0.474609 0.287109 0.121094 0.0917969 0.00146103
9 0.446289 0.496582 0.324219 0.213867 0.00148106
9 0.386719 0.631836 0.113281 0.0878906 0.00148582
6 0.640625 0.236328 0.128906 0.140625 0.00151062
1 0.580566 0.532227 0.549805 0.224609 0.00152588
7 0.337402 0.219238 0.145508 0.229492 0.00154209
9 0.478516 0.876465 0.216797 0.243164 0.001544
8 0.074707 0.225586 0.0693359 0.0703125 0.00154591
2 0.385742 0.416016 0.119141 0.195312 0.00156784
4 0.679199 0.282227 0.209961 0.240234 0.00157833
2 0.580566 0.532227 0.549805 0.224609 0.00159264
3 0.503906 0.595703 0.398438 0.371094 0.00161171
4 0.215332 0.354004 0.28418 0.350586 0.00162888
8 0.367676 0.407227 0.108398 0.242188 0.00162983
11 0.833008 0.506836 0.0683594 0.0800781 0.00165844
7 0.367676 0.30127 0.116211 0.288086 0.00165939
13 0.775879 0.495117 0.131836 0.0449219 0.0016613
9 0.0556641 0.205078 0.111328 0.183594 0.0016613
7 0.354492 0.507324 0.0585938 0.0556641 0.00168991
4 0.319824 0.307617 0.141602 0.320312 0.00169659
2 0.074707 0.225586 0.0693359 0.0703125 0.00170708
9 0.345215 0.737305 0.401367 0.453125 0.00170898
6 0.580566 0.532227 0.549805 0.224609 0.00173473
8 0.718262 0.328125 0.260742 0.318359 0.00175762
9 0.963867 0.450195 0.0371094 0.0859375 0.00176811
5 0.187012 0.439453 0.100586 0.0878906 0.00178623
6 0.187012 0.439453 0.100586 0.0878906 0.00179768
1 0.318848 0.19873 0.124023 0.139648 0.00179958
8 0.319824 0.307617 0.141602 0.320312 0.00184345
0 0.599121 0.356445 0.387695 0.320312 0.00185585
5 0.18457 0.442871 0.246094 0.15918 0.00185966
8 0.364258 0.416992 0.0820312 0.125 0.0018692
13 0.215332 0.354004 0.28418 0.350586 0.00190449
0 0.618652 0.256348 0.170898 0.163086 0.00190926
8 0.580566 0.532227 0.549805 0.224609 0.00192738
3 0.468262 0.301758 0.258789 0.148438 0.00193214
7 0.214844 0.449219 0.236328 0.136719 0.00193882
7 0.787598 0.552246 0.172852 0.165039 0.0019474
11 0.583008 0.125 0.0722656 0.0195312 0.00195122
13 0.287109 0.260254 0.148438 0.217773 0.00198746
13 0.194336 0.407715 0.0605469 0.0244141 0.00199509
13 0.523438 0.285156 0.136719 0.144531 0.00203514
8 0.306152 0.483398 0.0439453 0.0332031 0.00206566
9 0.304688 0.454102 0.154297 0.140625 0.00221825
10 0.578613 0.533203 0.541992 0.210938 0.00222206
7 0.187988 0.44043 0.104492 0.0898438 0.00231743
4 0.580566 0.532227 0.549805 0.224609 0.00232124
13 0.190918 0.46875 0.12793 0.0527344 0.00232887
5 0.578613 0.533203 0.541992 0.210938 0.00234795
7 0.580566 0.532227 0.549805 0.224609 0.00238609
2 0.481445 0.279297 0.0683594 0.0800781 0.00241852
6 0.299805 0.315918 0.162109 0.342773 0.00247765
12 0.581055 0.45166 0.542969 0.393555 0.00249863
11 0.532227 0.171875 0.0898438 0.101562 0.00252151
2 0.353516 0.57373 0.0683594 0.0615234 0.00252914
9 0.193359 0.655273 0.378906 0.271484 0.00253487
0 0.424316 0.333496 0.231445 0.342773 0.00257301
11 0.468262 0.301758 0.258789 0.148438 0.00271225
13 0.229492 0.464844 0.191406 0.0996094 0.00274467
9 0.969238 0.42041 0.0595703 0.37207 0.00276184
11 0.536621 0.28125 0.133789 0.140625 0.00278091
7 0.272461 0.460449 0.105469 0.104492 0.00285149
6 0.626953 0.42627 0.505859 0.495117 0.00286484
2 0.345703 0.453125 0.046875 0.0410156 0.00287628
13 0.360352 0.445801 0.0742188 0.0634766 0.00292015
0 0.490234 0.258789 0.224609 0.121094 0.00293541
0 0.586426 0.513672 0.536133 0.226562 0.00293732
9 0.383789 0.489746 0.175781 0.163086 0.00297165
10 0.84668 0.548828 0.0742188 0.132812 0.00297546
2 0.356445 0.505859 0.0605469 0.0546875 0.00305748
2 0.478027 0.281738 0.0439453 0.0478516 0.0030632
9 0.406738 0.630859 0.157227 0.183594 0.00321007
11 0.319336 0.199219 0.123047 0.138672 0.00321007
11 0.19873 0.166504 0.0693359 0.0478516 0.00328827
7 0.359863 0.450684 0.0712891 0.0517578 0.00331306
6 0.321289 0.239258 0.134766 0.220703 0.00333786
13 0.318359 0.195801 0.130859 0.143555 0.00339699
2 0.361328 0.474609 0.078125 0.113281 0.00347328
11 0.561523 0.14502 0.121094 0.0615234 0.00349617
10 0.699707 0.413086 0.321289 0.478516 0.00354767
9 0.435059 0.21582 0.135742 0.216797 0.00358582
9 0.373047 0.564941 0.109375 0.12207 0.0036068
9 0.526855 0.291992 0.141602 0.154297 0.00372124
11 0.36084 0.447754 0.0693359 0.0576172 0.00388336
2 0.275391 0.431152 0.046875 0.0380859 0.00392532
13 0.710938 0.328125 0.269531 0.328125 0.00396729
4 0.702148 0.393066 0.298828 0.426758 0.00402832
9 0.215332 0.354004 0.28418 0.350586 0.00405121
4 0.275391 0.431641 0.046875 0.0390625 0.00411224
8 0.357422 0.577148 0.0703125 0.0566406 0.00411606
13 0.144043 0.336426 0.0224609 0.0244141 0.00416565
9 0.321289 0.239258 0.134766 0.220703 0.00418472
8 0.344238 0.451172 0.0380859 0.0410156 0.00418854
11 0.350586 0.163574 0.0976562 0.116211 0.00423431
6 0.679199 0.282227 0.209961 0.240234 0.0042572
8 0.288574 0.425781 0.0830078 0.0566406 0.00432968
4 0.641602 0.241699 0.125 0.141602 0.00448608
9 0.35498 0.507324 0.0595703 0.0556641 0.00450516
9 0.305176 0.206543 0.102539 0.12793 0.00494766
2 0.364258 0.416992 0.0820312 0.125 0.00500488
9 0.383789 0.391113 0.103516 0.166992 0.00512314
8 0.160645 0.475098 0.0517578 0.0380859 0.00514984
2 0.523926 0.281738 0.135742 0.131836 0.00520706
6 0.306152 0.203613 0.102539 0.125977 0.0053215
8 0.314453 0.20459 0.117188 0.135742 0.00537872
8 0.361328 0.474609 0.078125 0.113281 0.00546265
13 0.803223 0.502441 0.0947266 0.0361328 0.00567627
7 0.34668 0.176758 0.107422 0.132812 0.00577164
9 0.361816 0.208984 0.151367 0.197266 0.00606918
10 0.847168 0.520508 0.0517578 0.0820312 0.00635529
9 0.595703 0.352051 0.361328 0.295898 0.00643158
9 0.947754 0.488281 0.104492 0.255859 0.00671768
7 0.144531 0.336426 0.0214844 0.0224609 0.00700378
7 0.626953 0.42627 0.505859 0.495117 0.00731659
11 0.84668 0.525879 0.0605469 0.0986328 0.00789642
9 0.275879 0.431152 0.0458984 0.0400391 0.0080719
8 0.639648 0.23584 0.119141 0.124023 0.00809479
9 0.718262 0.328125 0.260742 0.318359 0.00856781
9 0.354492 0.575195 0.0683594 0.0625 0.00861359
8 0.369629 0.379395 0.0634766 0.0693359 0.00865173
6 0.215332 0.354004 0.28418 0.350586 0.00872803
5 0.213867 0.354004 0.285156 0.348633 0.00939178
5 0.634277 0.431641 0.46582 0.4375 0.00940704
9 0.583984 0.300293 0.232422 0.202148 0.010025
0 0.583496 0.300293 0.241211 0.206055 0.0103607
2 0.144043 0.336426 0.0224609 0.0224609 0.0104599
5 0.718262 0.328125 0.260742 0.318359 0.010643
9 0.40332 0.26709 0.205078 0.268555 0.0107498
9 0.458008 0.347168 0.257812 0.262695 0.0112839
9 0.389648 0.353027 0.148438 0.334961 0.0113678
9 0.355957 0.479492 0.0791016 0.111328 0.0127029
9 0.0766602 0.226074 0.0654297 0.0732422 0.0127335
11 0.577148 0.131348 0.105469 0.0302734 0.0137939
4 0.314453 0.20459 0.117188 0.135742 0.014061
7 0.679199 0.282227 0.209961 0.240234 0.0142059
9 0.640625 0.236328 0.128906 0.140625 0.014534
7 0.319824 0.307617 0.141602 0.320312 0.0146942
7 0.275391 0.431641 0.046875 0.0410156 0.0147324
9 0.88623 0.224609 0.0302734 0.0253906 0.0154648
6 0.707031 0.365723 0.292969 0.399414 0.0164337
7 0.215332 0.354004 0.28418 0.350586 0.0174255
9 0.330078 0.347168 0.146484 0.336914 0.0181885
9 0.415527 0.54248 0.200195 0.22168 0.0190125
3 0.544434 0.436523 0.510742 0.425781 0.0190125
9 0.363281 0.429688 0.078125 0.0976562 0.0220184
9 0.364746 0.449707 0.106445 0.202148 0.0226593
8 0.356445 0.505859 0.0605469 0.0546875 0.0241852
9 0.144531 0.335938 0.0214844 0.0214844 0.0245056
7 0.640625 0.236328 0.128906 0.140625 0.0245972
2 0.367188 0.384277 0.0527344 0.0498047 0.0275726
9 0.0805664 0.216309 0.0380859 0.0302734 0.0312805
9 0.530273 0.544922 0.458984 0.230469 0.0325623
9 0.448242 0.771484 0.208984 0.457031 0.0339355
9 0.367188 0.384277 0.0527344 0.0498047 0.0341187
7 0.707031 0.365723 0.292969 0.399414 0.0360107
8 0.36084 0.449707 0.0732422 0.0537109 0.036377
0 0.474121 0.308105 0.249023 0.172852 0.0370789
9 0.589355 0.432129 0.530273 0.446289 0.0386047
2 0.36084 0.447754 0.0693359 0.0576172 0.0498047
9 0.355957 0.449707 0.0654297 0.0517578 0.0567322
7 0.314453 0.20459 0.117188 0.135742 0.0582581
9 0.425293 0.428223 0.18457 0.514648 0.11676
8 0.144531 0.336426 0.0214844 0.0224609 0.122131
9 0.429199 0.620117 0.206055 0.449219 0.127808
0 0.526367 0.289551 0.138672 0.145508 0.132568
9 0.959961 0.494141 0.0546875 0.166016 0.16687
8 0.275879 0.431152 0.0458984 0.0400391 0.224365
3 0.587402 0.535156 0.553711 0.199219 0.646973
