11 0.22998 0.206055 0.0751953 0.111328 0.000163913
11 0.102539 0.744141 0.0410156 0.0566406 0.000164747
2 0.390625 0.447754 0.0273438 0.0224609 0.000165462
13 0.418945 0.337402 0.0820312 0.12793 0.000166297
8 0.20166 0.561035 0.00683594 0.00683594 0.000167727
9 0.583496 0.0820312 0.104492 0.144531 0.000168204
9 0.728027 0.161621 0.0771484 0.0439453 0.00016892
6 0.300293 0.57373 0.0361328 0.0263672 0.000169754
3 0.119141 0.770996 0.0605469 0.0791016 0.000170231
7 0.728027 0.161621 0.0771484 0.0439453 0.00017035
11 0.697266 0.144531 0.0957031 0.0253906 0.000170469
13 0.361328 0.546875 0.0839844 0.134766 0.000170827
13 0.401367 0.306641 0.0683594 0.146484 0.000171542
6 0.842285 0.629883 0.0771484 0.0742188 0.000171661
8 0.828613 0.536621 0.0537109 0.0869141 0.000171781
13 0.383789 0.651367 0.0644531 0.046875 0.000172973
2 0.358887 0.499023 0.0576172 0.0839844 0.000173092
13 0.241211 0.200684 0.0761719 0.0654297 0.000175238
12 0.727539 0.161621 0.0761719 0.0439453 0.000175714
6 0.825684 0.652832 0.110352 0.131836 0.000178695
8 0.602539 0.254883 0.0332031 0.0195312 0.000181437
9 0.360352 0.546875 0.0800781 0.140625 0.000181675
13 0.223145 0.357422 0.0439453 0.0273438 0.000184655
9 0.907715 0.897461 0.180664 0.205078 0.000185251
13 0.280762 0.199707 0.0439453 0.0244141 0.000186682
8 0.79834 0.606445 0.0107422 0.00976562 0.00018692
2 0.294434 0.245605 0.100586 0.0888672 0.000187397
11 0.137695 0.761719 0.078125 0.0859375 0.000187516
11 0.841309 0.625488 0.0595703 0.0419922 0.00018847
13 0.617188 0.418945 0.0566406 0.03125 0.000190139
9 0.345215 0.37207 0.151367 0.314453 0.000191689
4 0.859863 0.632324 0.0283203 0.0224609 0.000191689
11 0.60498 0.196777 0.0712891 0.0986328 0.000192404
11 0.720703 0.170898 0.125 0.0878906 0.000194311
8 0.286133 0.429199 0.0117188 0.0107422 0.000194788
3 0.566406 0.98291 0.416016 0.0341797 0.000194907
2 0.727539 0.161621 0.0761719 0.0439453 0.000195861
4 0.571289 0.337891 0.107422 0.113281 0.000196576
9 0.665039 0.751465 0.179688 0.0537109 0.000197053
8 0.391113 0.404785 0.0224609 0.0185547 0.000198007
13 0.209473 0.501953 0.0478516 0.015625 0.00019896
12 0.733887 0.461426 0.329102 0.555664 0.000199556
11 0.300781 0.57373 0.0351562 0.0283203 0.000199676
13 0.367188 0.521973 0.115234 0.241211 0.00020051
4 0.865234 0.633789 0.0214844 0.015625 0.000204325
9 0.73584 0.756836 0.331055 0.0742188 0.000205755
9 0.260742 0.235352 0.0820312 0.078125 0.000207424
2 0.401855 0.654785 0.0322266 0.0302734 0.000207901
11 0.884766 0.78418 0.0507812 0.0917969 0.00020802
11 0.374512 0.130859 0.110352 0.0234375 0.000210643
8 0.625 0.576172 0.0273438 0.0292969 0.00021112
7 0.571289 0.337891 0.107422 0.113281 0.00021255
13 0.782227 0.290039 0.0117188 0.0175781 0.000212789
8 0.174805 0.592773 0.0449219 0.0371094 0.000214458
7 0.364746 0.487305 0.0810547 0.150391 0.000215411
13 0.350586 0.330078 0.117188 0.142578 0.00021553
9 0.35791 0.536133 0.0615234 0.0605469 0.000218272
10 0.137695 0.760742 0.0761719 0.0800781 0.000222445
11 0.624023 0.160156 0.0605469 0.0273438 0.000223041
8 0.85791 0.632812 0.0595703 0.0449219 0.000223398
11 0.334473 0.135742 0.102539 0.0273438 0.000225544
8 0.640625 0.459473 0.0195312 0.0166016 0.00022912
11 0.280762 0.226074 0.163086 0.112305 0.000229716
9 0.652344 0.730957 0.158203 0.0341797 0.000229955
13 0.23877 0.544434 0.0263672 0.0146484 0.000231743
9 0.825195 0.653809 0.111328 0.131836 0.0002321
9 0.629395 0.545898 0.0166016 0.0253906 0.000235915
1 0.842285 0.625 0.0615234 0.0429688 0.00023675
2 0.11084 0.487793 0.00488281 0.00683594 0.00023675
13 0.273438 0.225586 0.0507812 0.0449219 0.000238061
11 0.332031 0.276855 0.150391 0.170898 0.000238419
6 0.337402 0.284668 0.147461 0.165039 0.000239015
13 0.224121 0.215332 0.0400391 0.0380859 0.000239849
13 0.288086 0.187988 0.111328 0.0966797 0.000241876
9 0.650391 0.147949 0.0976562 0.0244141 0.000242352
11 0.629395 0.149902 0.0751953 0.0205078 0.000243187
8 0.150391 0.661621 0.03125 0.0224609 0.000243902
8 0.360352 0.546875 0.0800781 0.140625 0.00024581
7 0.289062 0.229004 0.0898438 0.0791016 0.00024724
11 0.340332 0.151367 0.151367 0.0644531 0.000249147
11 0.431152 0.167969 0.0693359 0.0488281 0.000252008
1 0.123535 0.780762 0.0576172 0.0849609 0.000252485
8 0.827637 0.632812 0.0419922 0.0410156 0.000260353
9 0.557617 0.00878906 0.09375 0.0175781 0.000261307
11 0.878418 0.827148 0.0341797 0.0546875 0.000262737
12 0.571289 0.337891 0.107422 0.113281 0.000263453
8 0.240723 0.40625 0.0126953 0.00976562 0.000263929
2 0.367188 0.521973 0.115234 0.241211 0.000270128
7 0.776367 0.59668 0.0371094 0.0351562 0.000272751
9 0.831543 0.530762 0.0341797 0.0322266 0.000274181
8 0.645508 0.553711 0.0527344 0.0527344 0.00027442
13 0.773926 0.276855 0.0732422 0.0615234 0.000278234
13 0.353027 0.533691 0.0595703 0.0576172 0.000278711
7 0.831543 0.532227 0.0341797 0.0332031 0.000279665
8 0.402832 0.654785 0.0302734 0.0283203 0.000280619
6 0.294434 0.245605 0.100586 0.0888672 0.000283718
8 0.342285 0.61084 0.0166016 0.0224609 0.000285387
2 0.602539 0.0473633 0.0371094 0.0361328 0.000287771
13 0.230957 0.365723 0.0673828 0.0341797 0.000291109
13 0.638672 0.302246 0.0664062 0.0966797 0.000291824
1 0.571289 0.337891 0.107422 0.113281 0.000297308
8 0.23584 0.544434 0.0224609 0.0126953 0.000301123
0 0.521973 0.411133 0.196289 0.287109 0.000302076
13 0.248047 0.236328 0.0625 0.0625 0.000306368
9 0.374512 0.555664 0.0166016 0.0175781 0.000308752
13 0.803223 0.271484 0.0283203 0.0292969 0.00031209
1 0.727539 0.161621 0.0761719 0.0439453 0.000312567
11 0.260742 0.234863 0.0878906 0.0791016 0.000319481
8 0.20166 0.538086 0.0166016 0.00976562 0.00032115
13 0.275879 0.594727 0.0771484 0.0546875 0.000322104
13 0.571289 0.337891 0.107422 0.113281 0.00032258
8 0.173828 0.6875 0.0117188 0.0117188 0.000323772
2 0.629395 0.545898 0.0166016 0.0253906 0.000329018
2 0.37207 0.540039 0.0683594 0.0605469 0.000344515
8 0.842285 0.629883 0.0771484 0.0742188 0.00034523
9 0.26123 0.491211 0.321289 0.453125 0.000346899
8 0.339355 0.520508 0.0302734 0.0253906 0.000349045
13 0.26416 0.24707 0.0478516 0.0507812 0.00035429
8 0.367188 0.521973 0.115234 0.241211 0.000355959
13 0.369629 0.643066 0.0341797 0.0458984 0.000359535
8 0.629395 0.545898 0.0166016 0.0253906 0.000360966
13 0.759277 0.315918 0.0380859 0.0283203 0.000360966
11 0.441895 0.149902 0.0517578 0.0224609 0.000364542
8 0.783691 0.291016 0.0107422 0.0136719 0.000365496
5 0.571289 0.337891 0.107422 0.113281 0.000367165
13 0.348633 0.614258 0.0488281 0.113281 0.000371456
8 0.303223 0.57373 0.0595703 0.0439453 0.00037241
9 0.521973 0.411133 0.196289 0.287109 0.000377655
11 0.415527 0.150879 0.102539 0.0439453 0.000377893
9 0.543945 0.0297852 0.126953 0.0576172 0.000379562
13 0.293457 0.26416 0.0498047 0.0302734 0.000380278
9 0.257324 0.737305 0.313477 0.0996094 0.000386477
5 0.259766 0.504883 0.318359 0.466797 0.000387907
2 0.840332 0.625977 0.0595703 0.0449219 0.000388145
9 0.332031 0.276855 0.150391 0.170898 0.000390291
11 0.568848 0.331055 0.106445 0.0996094 0.000396729
9 0.123047 0.78125 0.0585938 0.0800781 0.00040102
7 0.825684 0.652832 0.110352 0.131836 0.000406027
11 0.302246 0.179688 0.176758 0.105469 0.000406981
5 0.763672 0.488281 0.257812 0.515625 0.000413895
6 0.859863 0.632324 0.0283203 0.0224609 0.000417471
8 0.571289 0.337891 0.107422 0.113281 0.000423908
9 0.248535 0.710449 0.235352 0.0576172 0.000431299
8 0.338379 0.574707 0.0224609 0.0244141 0.000431538
8 0.281738 0.263672 0.0341797 0.0214844 0.000440598
9 0.803711 0.557617 0.164062 0.349609 0.000449181
13 0.633301 0.552734 0.0283203 0.0351562 0.000450373
0 0.365234 0.485352 0.0800781 0.154297 0.000452995
13 0.399414 0.214844 0.0722656 0.121094 0.000453949
13 0.79248 0.277344 0.0517578 0.046875 0.000457048
9 0.821289 0.755371 0.117188 0.0478516 0.000458956
8 0.11084 0.487305 0.00878906 0.00976562 0.00046134
9 0.419922 0.548828 0.03125 0.0273438 0.000463486
13 0.260254 0.258789 0.0947266 0.0878906 0.000464916
2 0.375977 0.554199 0.0253906 0.0283203 0.000473261
13 0.634277 0.34668 0.12793 0.15625 0.000489712
8 0.226562 0.645508 0.0117188 0.00976562 0.000492573
13 0.807129 0.27002 0.0166016 0.0205078 0.000492573
13 0.677246 0.315918 0.133789 0.15332 0.00049305
2 0.360352 0.546875 0.0800781 0.140625 0.000505447
9 0.401367 0.654785 0.0332031 0.0322266 0.0005126
5 0.820801 0.651855 0.129883 0.180664 0.000532627
9 0.294434 0.246094 0.100586 0.0898438 0.000535965
10 0.571289 0.337891 0.107422 0.113281 0.000542164
7 0.123535 0.780762 0.0576172 0.0849609 0.000542164
13 0.239258 0.220703 0.0605469 0.0410156 0.000543594
9 0.555176 0.0161133 0.112305 0.0322266 0.000545025
8 0.441895 0.22168 0.0126953 0.0117188 0.000579357
9 0.602051 0.0473633 0.0361328 0.0361328 0.000583172
4 0.300293 0.57373 0.0380859 0.0283203 0.000586033
9 0.632812 0.551758 0.0273438 0.0371094 0.000586033
2 0.332031 0.276855 0.150391 0.170898 0.000589848
13 0.453613 0.351562 0.0556641 0.126953 0.000602722
9 0.842285 0.629883 0.0771484 0.0742188 0.000666618
2 0.571777 0.328125 0.106445 0.09375 0.000668526
2 0.419922 0.548828 0.03125 0.0273438 0.00067091
2 0.367676 0.550781 0.0458984 0.0390625 0.00067997
8 0.632324 0.55127 0.0263672 0.0400391 0.0006814
9 0.733887 0.461426 0.329102 0.555664 0.000682831
11 0.332031 0.143555 0.0703125 0.0273438 0.000683784
11 0.289551 0.166992 0.106445 0.0761719 0.000686646
2 0.865234 0.634766 0.0195312 0.015625 0.000690937
11 0.213379 0.221191 0.0322266 0.0361328 0.000704765
11 0.365234 0.485352 0.0800781 0.154297 0.000706673
2 0.645996 0.553711 0.0556641 0.0507812 0.000711918
3 0.56543 0.666992 0.365234 0.146484 0.000721455
13 0.301758 0.576172 0.0410156 0.0371094 0.000736713
5 0.841309 0.625488 0.0595703 0.0419922 0.000741482
2 0.300293 0.57373 0.0361328 0.0263672 0.000747204
9 0.581543 0.0424805 0.0927734 0.0830078 0.000747204
8 0.357422 0.535645 0.0605469 0.0595703 0.000749111
9 0.367188 0.521973 0.115234 0.241211 0.00079155
13 0.855469 0.633789 0.0449219 0.0234375 0.000793934
10 0.880859 0.802246 0.0566406 0.104492 0.000797749
13 0.345215 0.37207 0.151367 0.314453 0.000798702
11 0.586426 0.176758 0.0654297 0.0605469 0.000802994
9 0.27832 0.695312 0.150391 0.0332031 0.000812531
8 0.680176 0.467285 0.0283203 0.0224609 0.000813961
8 0.369629 0.555176 0.0263672 0.0263672 0.000851631
13 0.402344 0.653809 0.0332031 0.0322266 0.000859261
9 0.859863 0.632324 0.0283203 0.0224609 0.000864029
9 0.569824 0.336914 0.110352 0.115234 0.00087738
8 0.367676 0.550781 0.0458984 0.0390625 0.000885963
13 0.325195 0.274902 0.246094 0.233398 0.000905037
13 0.381836 0.249023 0.0800781 0.160156 0.000905514
11 0.634766 0.16748 0.136719 0.0732422 0.00093317
13 0.274902 0.227539 0.12793 0.136719 0.000936985
0 0.580566 0.318848 0.0654297 0.0712891 0.000939846
8 0.206543 0.536621 0.0244141 0.0146484 0.000961304
13 0.281738 0.263672 0.0361328 0.0214844 0.000961304
11 0.6875 0.151855 0.0761719 0.0205078 0.00100136
11 0.637695 0.144043 0.111328 0.0322266 0.00101852
11 0.745117 0.171875 0.0878906 0.0566406 0.00102615
7 0.841797 0.629883 0.0761719 0.0800781 0.00103378
8 0.110352 0.487305 0.00585938 0.00585938 0.00103951
13 0.272461 0.262695 0.0488281 0.0332031 0.00105667
8 0.193359 0.458496 0.015625 0.0126953 0.00106907
8 0.722168 0.560059 0.0126953 0.00878906 0.00107384
11 0.116211 0.8125 0.0292969 0.0390625 0.00112247
2 0.341309 0.520508 0.0263672 0.0253906 0.00115871
11 0.419922 0.140137 0.0566406 0.0146484 0.00119495
13 0.865234 0.634277 0.0214844 0.0166016 0.00120544
13 0.303223 0.227539 0.0712891 0.0761719 0.0012455
10 0.116211 0.8125 0.0292969 0.0390625 0.00127316
9 0.543457 0.0522461 0.182617 0.102539 0.00131702
13 0.301758 0.262695 0.0703125 0.0488281 0.00138378
13 0.629883 0.410645 0.0683594 0.0400391 0.00141716
3 0.571289 0.337891 0.107422 0.113281 0.00142765
8 0.382324 0.555664 0.0361328 0.03125 0.00144958
8 0.368164 0.498535 0.0859375 0.133789 0.00170898
9 0.649902 0.554199 0.0615234 0.0556641 0.0017252
9 0.300781 0.57373 0.0351562 0.0283203 0.00176811
13 0.35791 0.639648 0.0419922 0.0722656 0.00178719
10 0.112305 0.756836 0.0605469 0.0859375 0.00188828
11 0.112305 0.757324 0.0585938 0.0869141 0.00189686
11 0.677734 0.144531 0.0703125 0.015625 0.00193405
8 0.210449 0.583008 0.0185547 0.0136719 0.00201797
2 0.374512 0.555664 0.0166016 0.0175781 0.00203323
9 0.11084 0.487793 0.00488281 0.00683594 0.00208664
7 0.859863 0.632324 0.0283203 0.0224609 0.00224876
11 0.369629 0.13623 0.0693359 0.0126953 0.00225449
11 0.390625 0.140137 0.111328 0.0341797 0.00226402
11 0.395996 0.138672 0.0498047 0.0117188 0.00226402
10 0.118652 0.800781 0.0419922 0.0625 0.00230026
8 0.419922 0.548828 0.03125 0.0273438 0.00231743
13 0.365234 0.496582 0.078125 0.135742 0.00238037
11 0.29541 0.158203 0.0751953 0.046875 0.00238037
11 0.255859 0.188965 0.0996094 0.0810547 0.00240326
11 0.118652 0.800781 0.0419922 0.0605469 0.00241089
2 0.351562 0.52832 0.0546875 0.0527344 0.00247002
11 0.695312 0.156738 0.130859 0.0322266 0.00247574
13 0.315918 0.230957 0.124023 0.102539 0.00255585
4 0.841309 0.625488 0.0595703 0.0419922 0.00258255
11 0.418945 0.14502 0.0839844 0.0224609 0.0025959
7 0.865234 0.634277 0.0195312 0.0146484 0.00268173
13 0.84375 0.625977 0.0585938 0.0410156 0.00281906
8 0.206055 0.527832 0.0332031 0.0283203 0.00284767
11 0.716797 0.151367 0.0644531 0.0332031 0.00286674
2 0.632324 0.55127 0.0263672 0.0400391 0.00302887
9 0.865234 0.634766 0.0195312 0.015625 0.00306511
0 0.545898 0.361328 0.160156 0.162109 0.00311279
11 0.351074 0.144043 0.143555 0.0322266 0.00332832
5 0.803711 0.557617 0.164062 0.349609 0.00334358
11 0.59375 0.169434 0.0449219 0.0380859 0.0033493
10 0.879395 0.814453 0.0419922 0.0625 0.00364304
8 0.374512 0.555664 0.0166016 0.0175781 0.00370026
13 0.275879 0.215332 0.0830078 0.0517578 0.00372887
6 0.841309 0.625488 0.0595703 0.0419922 0.00374413
13 0.374023 0.305176 0.0800781 0.118164 0.00375557
7 0.300293 0.57373 0.0380859 0.0283203 0.00396347
8 0.829102 0.532715 0.0332031 0.0302734 0.00435257
11 0.234375 0.20166 0.0605469 0.0595703 0.0045166
8 0.774902 0.597168 0.0380859 0.0322266 0.00471115
9 0.365234 0.496582 0.078125 0.135742 0.00518417
11 0.879395 0.808594 0.0439453 0.0703125 0.00521851
11 0.679688 0.161133 0.175781 0.0546875 0.00590134
13 0.281738 0.253418 0.0712891 0.0517578 0.00611115
13 0.304688 0.26416 0.111328 0.106445 0.00647736
11 0.607422 0.165039 0.0839844 0.0449219 0.00768661
13 0.359863 0.641113 0.0205078 0.0654297 0.00832367
9 0.841309 0.625488 0.0595703 0.0419922 0.00875854
2 0.365234 0.496582 0.078125 0.135742 0.0107422
8 0.859863 0.632324 0.0283203 0.0224609 0.0114594
11 0.359375 0.138184 0.111328 0.0166016 0.0125275
11 0.22168 0.213867 0.0390625 0.0410156 0.0152512
11 0.3125 0.148438 0.0722656 0.0371094 0.0187073
13 0.332031 0.276855 0.150391 0.170898 0.0201721
7 0.842285 0.625 0.0615234 0.0429688 0.0214386
8 0.841309 0.625488 0.0595703 0.0419922 0.0215912
11 0.654785 0.145996 0.0693359 0.0185547 0.0219727
13 0.27832 0.238281 0.0996094 0.0722656 0.0269165
11 0.123535 0.780762 0.0576172 0.0849609 0.0357666
8 0.865234 0.634766 0.0195312 0.015625 0.0397339
11 0.396484 0.139648 0.0859375 0.0175781 0.0438538
10 0.123535 0.780762 0.0576172 0.0849609 0.0451355
11 0.634766 0.156738 0.117188 0.0361328 0.0566711
11 0.728027 0.161621 0.0771484 0.0439453 0.0777588
8 0.300293 0.57373 0.0380859 0.0283203 0.0825195
11 0.669922 0.149414 0.130859 0.0273438 0.0855103
0 0.568848 0.331055 0.106445 0.0996094 0.497314
