8 0.708008 0.314941 0.00976562 0.00683594 0.000100553
2 0.886719 0.78125 0.226562 0.4375 0.000100911
8 0.0625 0.138184 0.101562 0.0791016 0.00010103
10 0.893555 0.820312 0.212891 0.359375 0.000103593
11 0.248047 0.186523 0.0351562 0.0292969 0.00010556
13 0.664062 0.290527 0.0742188 0.0283203 0.000106752
13 0.650391 0.327148 0.0566406 0.0488281 0.00010699
2 0.416992 0.416504 0.0292969 0.0205078 0.000108063
13 0.418945 0.325684 0.078125 0.0458984 0.00010854
13 0.375488 0.22168 0.0205078 0.03125 0.000109375
8 0.645996 0.286621 0.0380859 0.0244141 0.000109553
0 0.103027 0.618652 0.0458984 0.0634766 0.000110686
9 0.30127 0.205566 0.0244141 0.0185547 0.000111043
11 0.624023 0.128906 0.0566406 0.0175781 0.000112474
2 0.774414 0.518555 0.0195312 0.0175781 0.000112712
5 0.292969 0.492188 0.189453 0.0996094 0.00011611
8 0.60498 0.413086 0.0205078 0.0195312 0.000117481
11 0.732422 0.139648 0.0683594 0.0332031 0.000117779
11 0.651855 0.112793 0.0498047 0.0126953 0.000120401
5 0.17041 0.0483398 0.34082 0.0810547 0.000120521
10 0.932129 0.840332 0.135742 0.303711 0.000121593
6 0.251465 0.467285 0.182617 0.145508 0.000123024
8 0.745117 0.430664 0.0371094 0.0214844 0.000124693
8 0.375 0.231934 0.0136719 0.0107422 0.000124931
0 0.886719 0.78125 0.226562 0.4375 0.00012517
9 0.237793 0.414062 0.213867 0.273438 0.000126004
8 0.102051 0.616211 0.0322266 0.0390625 0.000126243
13 0.736328 0.278809 0.128906 0.0478516 0.000126839
11 0.425293 0.129395 0.0498047 0.0166016 0.000128031
13 0.0595703 0.912109 0.117188 0.154297 0.000129104
8 0.364258 0.241211 0.0214844 0.0253906 0.000131011
11 0.913574 0.788086 0.172852 0.357422 0.000131249
11 0.342773 0.13623 0.0488281 0.0205078 0.000133634
13 0.376465 0.259277 0.0166016 0.0205078 0.000134826
9 0.73584 0.57959 0.180664 0.0322266 0.000134945
11 0.622559 0.123047 0.0458984 0.0136719 0.000136256
5 0.770996 0.35791 0.274414 0.452148 0.000143528
11 0.368652 0.127441 0.0634766 0.0146484 0.000143647
9 0.318359 0.519043 0.0214844 0.0244141 0.000144362
11 0.416504 0.143555 0.0966797 0.0371094 0.000145078
11 0.0976562 0.599609 0.0429688 0.078125 0.000151634
9 0.376465 0.259277 0.0166016 0.0205078 0.000151873
8 0.376953 0.519043 0.0234375 0.0263672 0.000153184
13 0.662598 0.213379 0.0380859 0.0361328 0.000153542
0 0.0463867 0.936523 0.0927734 0.123047 0.000154018
8 0.382812 0.263184 0.0234375 0.0185547 0.000154138
13 0.0405273 0.154785 0.0810547 0.22168 0.000154376
6 0.273926 0.34668 0.336914 0.433594 0.000155807
11 0.914062 0.628418 0.03125 0.0419922 0.000159979
10 0.914062 0.628418 0.03125 0.0419922 0.000162125
8 0.241699 0.30957 0.0283203 0.0214844 0.000163555
11 0.449219 0.143555 0.0449219 0.03125 0.000163555
13 0.759277 0.51709 0.0498047 0.0302734 0.000168562
11 0.407715 0.128418 0.0498047 0.0107422 0.000169158
12 0.101562 0.617676 0.0371094 0.0419922 0.000170469
8 0.846191 0.466797 0.0263672 0.0234375 0.000174999
9 0.638184 0.046875 0.0966797 0.0898438 0.000175595
8 0.68457 0.171875 0.0253906 0.0195312 0.000176072
11 0.646973 0.12207 0.0595703 0.0117188 0.000177383
13 0.0507812 0.140625 0.0410156 0.0234375 0.000180602
9 0.643066 0.285156 0.0205078 0.0136719 0.00018084
8 0.334961 0.245605 0.0351562 0.0224609 0.000181079
8 0.377441 0.19873 0.0166016 0.0146484 0.000181556
11 0.592285 0.141602 0.0517578 0.0390625 0.00018239
13 0.621094 0.384277 0.0507812 0.0224609 0.000183225
2 0.102051 0.616211 0.0322266 0.0390625 0.000183582
9 0.322754 0.179688 0.0185547 0.0136719 0.000184298
5 0.27832 0.424316 0.185547 0.307617 0.000184894
9 0.775391 0.518066 0.0195312 0.0166016 0.000185013
12 0.748047 0.333496 0.330078 0.436523 0.000188708
0 0.927734 0.787598 0.144531 0.34668 0.000189066
8 0.371094 0.376465 0.0117188 0.0107422 0.000192642
13 0.0634766 0.164551 0.126953 0.0966797 0.000193477
8 0.37793 0.253418 0.0117188 0.0107422 0.000194311
8 0.665527 0.341309 0.0185547 0.0126953 0.00019455
3 0.790527 0.0766602 0.418945 0.15332 0.000196099
8 0.270508 0.400879 0.0136719 0.0126953 0.000204444
8 0.340332 0.405762 0.0244141 0.0166016 0.000207305
2 0.0356445 0.152832 0.0673828 0.0419922 0.000211716
7 0.274902 0.349121 0.344727 0.446289 0.000211954
8 0.612305 0.288086 0.03125 0.0273438 0.000216484
7 0.775391 0.518066 0.0195312 0.0166016 0.000218749
9 0.811523 0.59375 0.185547 0.0625 0.000218868
8 0.337402 0.442383 0.0107422 0.00976562 0.000220895
9 0.73291 0.211426 0.313477 0.204102 0.000222445
11 0.616211 0.136719 0.115234 0.0507812 0.00022316
13 0.586426 0.209473 0.0419922 0.0458984 0.000224352
11 0.308105 0.151367 0.0634766 0.0332031 0.000230193
13 0.108887 0.138184 0.0908203 0.0341797 0.000233531
2 0.0859375 0.144531 0.166016 0.0390625 0.000234842
0 0.555176 0.290039 0.0927734 0.0859375 0.000237107
8 0.361816 0.241699 0.0166016 0.0146484 0.000237226
8 0.380859 0.254883 0.0195312 0.0136719 0.000237346
11 0.393066 0.129883 0.114258 0.0332031 0.000240684
9 0.0498047 0.14209 0.0332031 0.0224609 0.00024271
5 0.255859 0.341309 0.136719 0.155273 0.000245094
13 0.643066 0.286133 0.0224609 0.0136719 0.000249624
5 0.230957 0.5 0.145508 0.103516 0.000252008
9 0.756836 0.516602 0.0507812 0.03125 0.000253201
13 0.944824 0.103027 0.108398 0.0380859 0.000253916
11 0.122559 0.635254 0.0849609 0.0732422 0.000263929
13 0.0976562 0.154297 0.195312 0.265625 0.00026536
8 0.313477 0.519531 0.0410156 0.03125 0.000267267
8 0.676758 0.388184 0.0429688 0.0263672 0.000268936
0 0.102539 0.614258 0.0332031 0.0390625 0.000273228
8 0.746582 0.522461 0.0166016 0.0136719 0.000276327
10 0.109375 0.604004 0.0410156 0.0576172 0.000277519
8 0.288086 0.501953 0.0195312 0.0175781 0.00027895
11 0.0942383 0.631836 0.0419922 0.0605469 0.000279188
2 0.050293 0.14209 0.0341797 0.0224609 0.000279427
9 0.101562 0.617676 0.0371094 0.0419922 0.000284195
11 0.648926 0.111328 0.0849609 0.0214844 0.000286102
8 0.0424805 0.14209 0.0576172 0.0283203 0.000302553
8 0.765625 0.246582 0.0234375 0.0185547 0.000302553
5 0.777344 0.464844 0.160156 0.1875 0.000303268
9 0.614258 0.0751953 0.0117188 0.0117188 0.000335932
1 0.101562 0.617676 0.0371094 0.0419922 0.000337362
10 0.122559 0.635254 0.0849609 0.0732422 0.000346422
13 0.102051 0.616211 0.0322266 0.0390625 0.000355005
2 0.376465 0.259277 0.0166016 0.0205078 0.000355721
9 0.234375 0.458984 0.154297 0.164062 0.000360012
8 0.754395 0.431152 0.0146484 0.0146484 0.000368834
9 0.748047 0.333496 0.330078 0.436523 0.000369072
7 0.376465 0.257324 0.0126953 0.0107422 0.000379324
7 0.102539 0.616699 0.0371094 0.0439453 0.000382423
8 0.641602 0.470215 0.0195312 0.0205078 0.000395536
2 0.643066 0.286133 0.0224609 0.0136719 0.000397205
11 0.712891 0.133301 0.09375 0.0419922 0.000397682
7 0.760742 0.518066 0.0488281 0.0302734 0.000399113
11 0.375 0.143555 0.146484 0.0410156 0.000406742
10 0.0961914 0.630371 0.0380859 0.0576172 0.000426769
11 0.385742 0.131836 0.0566406 0.0117188 0.000431538
13 0.376465 0.257324 0.0126953 0.0107422 0.000434399
8 0.34375 0.402344 0.0136719 0.00976562 0.000441551
13 0.0766602 0.130371 0.15332 0.106445 0.000448227
8 0.605957 0.479492 0.0263672 0.0195312 0.000456095
8 0.306641 0.431641 0.00976562 0.00976562 0.000497818
9 0.749512 0.581055 0.291992 0.0527344 0.00050211
13 0.0424805 0.160156 0.0810547 0.0683594 0.000507832
11 0.692871 0.124512 0.0498047 0.0166016 0.000511646
12 0.276367 0.347168 0.34375 0.448242 0.000531197
11 0.432129 0.137695 0.0634766 0.0253906 0.000614166
3 0.102539 0.616699 0.0371094 0.0439453 0.00061512
8 0.243164 0.433105 0.015625 0.0146484 0.000647068
12 0.731445 0.217773 0.320312 0.205078 0.000669003
9 0.275879 0.350098 0.317383 0.428711 0.000706196
3 0.80957 0.0458984 0.380859 0.0917969 0.000708103
9 0.225586 0.588379 0.275391 0.106445 0.000708103
8 0.322754 0.179688 0.0185547 0.0136719 0.000712872
8 0.323242 0.246094 0.0253906 0.0214844 0.000783443
11 0.110352 0.608398 0.0410156 0.0488281 0.000788212
11 0.39502 0.125 0.0908203 0.015625 0.000840187
8 0.0498047 0.14209 0.0332031 0.0224609 0.000851631
9 0.0595703 0.460938 0.0195312 0.0351562 0.000935078
13 0.0410156 0.14502 0.0703125 0.0302734 0.000954151
8 0.318359 0.519043 0.0214844 0.0244141 0.000971317
11 0.674316 0.120605 0.0595703 0.0146484 0.00098896
8 0.298828 0.205566 0.0253906 0.0166016 0.00100422
11 0.62793 0.122559 0.0859375 0.0185547 0.00101471
8 0.373047 0.166016 0.0175781 0.0136719 0.00102234
8 0.379395 0.259277 0.0146484 0.0166016 0.00106525
8 0.741211 0.518066 0.0253906 0.0205078 0.00106716
11 0.367676 0.133789 0.0712891 0.015625 0.00125217
3 0.17041 0.0483398 0.34082 0.0810547 0.00127029
13 0.637207 0.337891 0.0458984 0.0351562 0.00132942
9 0.375977 0.257324 0.0117188 0.0107422 0.00135231
13 0.420898 0.318359 0.0605469 0.0214844 0.00136566
8 0.416992 0.415039 0.0253906 0.0214844 0.00159931
13 0.0859375 0.144531 0.166016 0.0390625 0.00177288
11 0.606934 0.131836 0.0712891 0.03125 0.00177956
11 0.412598 0.132812 0.0908203 0.0195312 0.0018034
2 0.375977 0.257324 0.0117188 0.0107422 0.00198555
11 0.665039 0.128418 0.140625 0.0419922 0.00204849
11 0.653809 0.117676 0.0673828 0.0146484 0.00214195
11 0.708984 0.130371 0.0703125 0.0244141 0.00243187
8 0.768555 0.517578 0.03125 0.0234375 0.00270653
11 0.327148 0.143066 0.0761719 0.0302734 0.00349045
10 0.105957 0.618652 0.0654297 0.0654297 0.00375557
8 0.643066 0.285156 0.0205078 0.0136719 0.00386047
5 0.249512 0.457031 0.170898 0.171875 0.00458145
5 0.275879 0.350098 0.317383 0.428711 0.00461197
11 0.105957 0.618652 0.0654297 0.0654297 0.00475693
8 0.756836 0.516602 0.0507812 0.03125 0.00554276
8 0.775391 0.518066 0.0195312 0.0166016 0.00618744
11 0.384766 0.130371 0.0996094 0.0166016 0.00737762
11 0.638184 0.126465 0.131836 0.0263672 0.00863647
11 0.361816 0.136719 0.106445 0.0253906 0.0134811
8 0.375977 0.256836 0.0117188 0.00976562 0.0151443
11 0.687012 0.124512 0.0888672 0.0205078 0.0152435
11 0.662109 0.121094 0.101562 0.0195312 0.0458069
10 0.102539 0.616699 0.0371094 0.0439453 0.0831299
11 0.102051 0.617676 0.0361328 0.0419922 0.0948486
