13 0.166992 0.432129 0.0703125 0.0283203 0.000101209
11 0.40625 0.168457 0.0859375 0.0302734 0.000101566
11 0.126953 0.163574 0.253906 0.182617 0.000101864
11 0.358398 0.185059 0.0761719 0.0166016 0.000102043
11 0.619629 0.177246 0.110352 0.0244141 0.000102937
12 0.148438 0.901855 0.296875 0.196289 0.000102937
11 0.357422 0.219727 0.121094 0.0859375 0.000104964
11 0.698242 0.192383 0.0507812 0.015625 0.000105202
11 0.812012 0.541992 0.0771484 0.0175781 0.000105321
8 0.762695 0.592773 0.0332031 0.0292969 0.000106215
13 0.314941 0.296875 0.178711 0.162109 0.000106514
8 0.350098 0.354492 0.0126953 0.00976562 0.000106871
8 0.252441 0.621582 0.0263672 0.0166016 0.000107408
8 0.429199 0.0214844 0.0322266 0.03125 0.000109136
13 0.183105 0.54248 0.0693359 0.0302734 0.000109494
8 0.771484 0.450195 0.0136719 0.0117188 0.000110567
9 0.457031 0.642578 0.158203 0.265625 0.000110686
13 0.92041 0.15332 0.133789 0.0507812 0.000111103
3 0.633789 0.963379 0.546875 0.0732422 0.000111282
8 0.351562 0.651367 0.0214844 0.0234375 0.000112116
0 0.384277 0.0078125 0.102539 0.015625 0.000112534
7 0.22168 0.681152 0.0566406 0.0498047 0.00011313
13 0.832031 0.532227 0.09375 0.0410156 0.00011313
2 0.151855 0.708496 0.0517578 0.0283203 0.000113487
13 0.150879 0.695312 0.108398 0.0703125 0.000115395
11 0.335938 0.184082 0.0507812 0.0126953 0.000115991
11 0.0297852 0.183105 0.0595703 0.0693359 0.000117362
2 0.591309 0.339844 0.0244141 0.0273438 0.000118554
13 0.212402 0.527832 0.0732422 0.0185547 0.000119627
11 0.127441 0.910156 0.254883 0.179688 0.000119984
13 0.648438 0.243652 0.0507812 0.0556641 0.00012064
8 0.70166 0.396973 0.00878906 0.00878906 0.00012064
13 0.10791 0.685059 0.0439453 0.0126953 0.000122666
13 0.666016 0.254883 0.0761719 0.046875 0.000124454
7 0.6875 0.264648 0.0195312 0.0136719 0.000125885
9 0.537598 0.33252 0.192383 0.15918 0.000127196
1 0.664062 0.19043 0.126953 0.0234375 0.000127554
9 0.795898 0.104492 0.408203 0.201172 0.000129938
11 0.0927734 0.796387 0.0429688 0.0673828 0.000130296
11 0.59375 0.183594 0.0820312 0.0371094 0.00013113
9 0.268066 0.886719 0.385742 0.185547 0.00013423
11 0.88916 0.791016 0.0478516 0.0820312 0.000135064
8 0.637207 0.364258 0.0146484 0.0117188 0.00013566
8 0.148438 0.901855 0.296875 0.196289 0.000136018
0 0.0419922 0.933594 0.0839844 0.132812 0.000136852
3 0.805664 0.0620117 0.388672 0.106445 0.000139236
11 0.305176 0.700684 0.0263672 0.0302734 0.000142455
10 0.0927734 0.82666 0.0273438 0.0341797 0.000142574
13 0.750488 0.254395 0.0205078 0.0439453 0.000146866
13 0.687012 0.264648 0.0205078 0.0136719 0.000147223
5 0.780762 0.463379 0.213867 0.450195 0.000151038
8 0.250488 0.289062 0.0146484 0.0117188 0.000151277
2 0.148438 0.901855 0.296875 0.196289 0.000151277
8 0.688477 0.259277 0.0253906 0.0224609 0.000152111
8 0.131348 0.580078 0.0185547 0.015625 0.000152349
13 0.246094 0.305664 0.0800781 0.0527344 0.000152588
9 0.331543 0.688965 0.0791016 0.0654297 0.000154257
3 0.578613 0.726074 0.452148 0.151367 0.000156879
13 0.857422 0.537598 0.0429688 0.0185547 0.000156999
10 0.0961914 0.806641 0.0654297 0.0664062 0.000156999
8 0.276855 0.350098 0.0107422 0.0107422 0.000157118
9 0.925293 0.476562 0.149414 0.740234 0.000157833
11 0.0927734 0.82666 0.0273438 0.0341797 0.000158668
9 0.148926 0.708008 0.0517578 0.0273438 0.000159383
9 0.1875 0.742676 0.150391 0.0810547 0.000171304
3 0.61084 0.869141 0.618164 0.251953 0.000179887
13 0.800293 0.0927734 0.389648 0.166016 0.000180364
8 0.314941 0.427246 0.00683594 0.00683594 0.000184178
5 0.169922 0.0791016 0.339844 0.146484 0.000185132
13 0.819824 0.523926 0.114258 0.0732422 0.000186443
9 0.187988 0.435059 0.100586 0.0419922 0.000187635
3 0.806641 0.542969 0.119141 0.0253906 0.000189662
0 0.213379 0.902832 0.290039 0.165039 0.000190258
11 0.384277 0.175293 0.108398 0.0283203 0.000191689
3 0.584473 0.608398 0.428711 0.193359 0.000191689
8 0.813965 0.606934 0.00878906 0.00878906 0.000192165
9 0.178223 0.0922852 0.356445 0.182617 0.000198245
11 0.396973 0.192871 0.0810547 0.0517578 0.000204325
5 0.812988 0.541504 0.116211 0.0693359 0.000204444
9 0.839355 0.76123 0.0908203 0.0830078 0.000206709
11 0.115723 0.169434 0.116211 0.0439453 0.000206709
13 0.830566 0.540039 0.0517578 0.0136719 0.000210762
9 0.505859 0.394043 0.201172 0.243164 0.000211358
9 0.429199 0.0214844 0.0322266 0.03125 0.000212669
8 0.384277 0.399902 0.0107422 0.0107422 0.000213265
13 0.208008 0.445801 0.121094 0.0419922 0.0002141
8 0.808105 0.539062 0.106445 0.0273438 0.000214219
7 0.808105 0.5 0.15332 0.296875 0.000214219
11 0.102051 0.17041 0.19043 0.0654297 0.000214458
11 0.652832 0.187012 0.0498047 0.0107422 0.000214577
9 0.246094 0.723633 0.195312 0.0488281 0.000219345
13 0.36084 0.247559 0.139648 0.143555 0.000221848
0 0.559082 0.312012 0.0634766 0.0732422 0.000230312
9 0.395996 0.205078 0.0888672 0.0917969 0.0002352
8 0.772949 0.449707 0.00878906 0.00683594 0.000246763
9 0.806641 0.539551 0.126953 0.0517578 0.000249624
13 0.164062 0.513672 0.078125 0.0664062 0.00025034
7 0.398926 0.22168 0.0791016 0.107422 0.00025773
12 0.80957 0.54248 0.119141 0.0283203 0.000259638
13 0.790527 0.543945 0.0615234 0.015625 0.00026536
6 0.563965 0.32666 0.110352 0.110352 0.00026536
11 0.589355 0.209473 0.0673828 0.0517578 0.000267744
11 0.719238 0.203125 0.112305 0.0429688 0.000270367
8 0.769531 0.296875 0.015625 0.0117188 0.000273466
13 0.806641 0.543457 0.140625 0.135742 0.000274897
13 0.119629 0.687012 0.0693359 0.0302734 0.000282526
13 0.780762 0.537598 0.0771484 0.0224609 0.000285149
7 0.812988 0.550781 0.120117 0.0585938 0.000288486
8 0.640625 0.493652 0.0449219 0.0419922 0.000293493
13 0.155273 0.0751953 0.310547 0.148438 0.000294447
13 0.15918 0.44043 0.078125 0.0585938 0.000294685
11 0.573242 0.226562 0.0722656 0.0839844 0.000297308
13 0.335449 0.248047 0.0810547 0.0546875 0.000310421
13 0.206543 0.425293 0.0986328 0.0400391 0.000311613
13 0.153809 0.492676 0.0478516 0.0322266 0.000317574
13 0.170898 0.70752 0.0683594 0.0341797 0.000322819
8 0.226562 0.680664 0.0488281 0.0410156 0.000331879
7 0.563965 0.32666 0.110352 0.110352 0.000348568
11 0.0219727 0.17334 0.0439453 0.0400391 0.000353336
6 0.812988 0.550781 0.120117 0.0585938 0.000353575
0 0.962891 0.952148 0.0742188 0.0957031 0.000357389
12 0.563965 0.32666 0.110352 0.110352 0.000368118
13 0.174805 0.45459 0.111328 0.0556641 0.000378132
13 0.8125 0.520508 0.115234 0.0351562 0.000391483
4 0.809082 0.54248 0.118164 0.0244141 0.000396729
5 0.805664 0.0766602 0.375 0.129883 0.000402689
5 0.563965 0.32666 0.110352 0.110352 0.000404358
4 0.563965 0.32666 0.110352 0.110352 0.000407457
8 0.175781 0.654297 0.0195312 0.015625 0.000408649
8 0.116211 0.754395 0.0078125 0.00878906 0.000411272
8 0.304688 0.682617 0.0117188 0.00976562 0.000439167
8 0.284668 0.634277 0.0185547 0.0185547 0.00045085
11 0.370605 0.194824 0.12207 0.0341797 0.000455141
5 0.81543 0.541016 0.103516 0.0273438 0.000458241
9 0.808105 0.5 0.15332 0.296875 0.000475168
9 0.6875 0.264648 0.0195312 0.0136719 0.000496864
2 0.807129 0.541992 0.12207 0.0253906 0.000502586
11 0.608398 0.193359 0.0898438 0.0390625 0.000504971
8 0.267578 0.54541 0.0410156 0.0322266 0.000514984
13 0.563965 0.32666 0.110352 0.110352 0.000531197
13 0.17041 0.532715 0.0498047 0.0244141 0.000537872
11 0.317383 0.183105 0.0703125 0.0224609 0.000550747
0 0.505859 0.394043 0.201172 0.243164 0.000558376
13 0.181641 0.703125 0.119141 0.0449219 0.000564098
7 0.583008 0.65918 0.429688 0.15625 0.000572205
11 0.254395 0.203125 0.0673828 0.046875 0.00058794
13 0.35498 0.243164 0.0908203 0.0839844 0.000597477
9 0.222656 0.760254 0.277344 0.104492 0.000598907
1 0.563965 0.32666 0.110352 0.110352 0.000604153
11 0.688477 0.186523 0.0605469 0.0195312 0.000623703
13 0.150391 0.710449 0.0644531 0.0517578 0.000628948
3 0.127441 0.910156 0.254883 0.179688 0.000635624
11 0.563965 0.32666 0.110352 0.110352 0.000645638
6 0.583008 0.65918 0.429688 0.15625 0.000653267
12 0.583008 0.65918 0.429688 0.15625 0.000655651
1 0.583008 0.65918 0.429688 0.15625 0.000666142
11 0.583008 0.65918 0.429688 0.15625 0.000668526
8 0.563965 0.32666 0.110352 0.110352 0.00069809
13 0.583008 0.65918 0.429688 0.15625 0.000703335
8 0.583008 0.65918 0.429688 0.15625 0.000714302
11 0.325195 0.195312 0.199219 0.0664062 0.000727654
11 0.308594 0.186035 0.132812 0.0380859 0.000734806
4 0.583008 0.65918 0.429688 0.15625 0.000745296
2 0.583008 0.65918 0.429688 0.15625 0.000771999
5 0.810059 0.500488 0.145508 0.27832 0.000801086
12 0.23877 0.486816 0.362305 0.573242 0.000826836
13 0.187012 0.533203 0.0869141 0.03125 0.000827789
10 0.807129 0.541992 0.12207 0.0253906 0.000870705
2 0.563965 0.32666 0.110352 0.110352 0.00092411
8 0.67334 0.249512 0.0107422 0.0107422 0.000925064
11 0.669434 0.180664 0.100586 0.0214844 0.000967979
0 0.127441 0.910156 0.254883 0.179688 0.000967979
13 0.796875 0.532227 0.119141 0.0332031 0.000976562
13 0.766602 0.541016 0.134766 0.0332031 0.0010128
10 0.563965 0.32666 0.110352 0.110352 0.00111866
11 0.604492 0.196777 0.0566406 0.0244141 0.00113201
9 0.480957 0.493652 0.155273 0.495117 0.00114822
9 0.563965 0.32666 0.110352 0.110352 0.00115013
5 0.583008 0.65918 0.429688 0.15625 0.00115681
13 0.634766 0.250977 0.046875 0.0878906 0.00123692
11 0.652344 0.200195 0.138672 0.0351562 0.00127029
9 0.243652 0.486328 0.368164 0.585938 0.00128841
10 0.583008 0.65918 0.429688 0.15625 0.00134563
11 0.342773 0.180176 0.0722656 0.0146484 0.00145531
13 0.787598 0.550293 0.118164 0.0361328 0.00146866
11 0.640137 0.186035 0.155273 0.0400391 0.00151825
0 0.582031 0.670898 0.431641 0.128906 0.00156116
6 0.809082 0.54248 0.118164 0.0244141 0.00158691
13 0.804688 0.547852 0.0742188 0.0195312 0.0016489
9 0.583008 0.65918 0.429688 0.15625 0.00168514
1 0.809082 0.54248 0.118164 0.0244141 0.00170898
13 0.13623 0.699707 0.0615234 0.0400391 0.00176525
11 0.685547 0.193848 0.119141 0.0400391 0.00225258
11 0.698242 0.192871 0.09375 0.0224609 0.00234413
3 0.563965 0.32666 0.110352 0.110352 0.00237846
0 0.546875 0.351074 0.146484 0.161133 0.00248718
0 0.587891 0.310547 0.0644531 0.078125 0.00256157
13 0.833496 0.546875 0.0927734 0.0234375 0.00277901
11 0.333984 0.177246 0.111328 0.0224609 0.0031929
11 0.280273 0.194336 0.105469 0.0449219 0.00324631
10 0.889648 0.800781 0.03125 0.0488281 0.00346184
13 0.149902 0.487793 0.0322266 0.0205078 0.0035553
11 0.889648 0.800781 0.03125 0.0507812 0.00369453
11 0.628418 0.193359 0.104492 0.0234375 0.00373268
11 0.358398 0.183105 0.146484 0.0419922 0.00394058
13 0.187988 0.435059 0.100586 0.0419922 0.00422668
11 0.807129 0.541992 0.12207 0.0253906 0.0045166
9 0.809082 0.54248 0.118164 0.0244141 0.00471115
13 0.836426 0.539062 0.0791016 0.0214844 0.0047493
11 0.639648 0.184082 0.107422 0.0244141 0.00498962
10 0.0927734 0.81543 0.0371094 0.046875 0.00515747
11 0.0927734 0.81543 0.0371094 0.046875 0.00525665
7 0.809082 0.54248 0.118164 0.0244141 0.00563431
8 0.6875 0.264648 0.0195312 0.0136719 0.00583267
13 0.808594 0.552734 0.119141 0.0605469 0.00610733
13 0.148926 0.708008 0.0517578 0.0273438 0.0119019
13 0.812012 0.541992 0.0771484 0.0175781 0.0122604
11 0.662109 0.187988 0.0742188 0.0166016 0.0134964
11 0.341309 0.184082 0.151367 0.0224609 0.0410461
11 0.664062 0.19043 0.126953 0.0234375 0.0848999
13 0.807129 0.541992 0.12207 0.0253906 0.291992
0 0.564453 0.321289 0.107422 0.0996094 0.569336
3 0.582031 0.670898 0.431641 0.128906 0.595215
