8 0.639648 0.563965 0.0214844 0.0224609 0.000100374
9 0.656738 0.448242 0.0830078 0.0605469 0.000100732
9 0.224121 0.273438 0.37793 0.292969 0.000101149
7 0.691406 0.346191 0.0253906 0.0185547 0.000101388
3 0.768066 0.0678711 0.463867 0.118164 0.000101864
8 0.671875 0.538086 0.0488281 0.0507812 0.000101924
9 0.594238 0.733398 0.481445 0.421875 0.000103414
13 0.772949 0.625977 0.0615234 0.0449219 0.000103593
10 0.212402 0.681152 0.395508 0.125977 0.00010407
9 0.773926 0.647949 0.102539 0.0673828 0.000104189
11 0.659668 0.114746 0.0576172 0.0166016 0.000104725
13 0.67627 0.462402 0.124023 0.0595703 0.000104964
9 0.35498 0.0493164 0.262695 0.0927734 0.000105798
11 0.678711 0.121094 0.0859375 0.0234375 0.000106692
8 0.28418 0.459473 0.015625 0.0146484 0.00010854
8 0.71875 0.623535 0.0195312 0.0166016 0.000112534
5 0.181152 0.545898 0.245117 0.341797 0.000112891
9 0.961426 0.162109 0.0771484 0.115234 0.000112891
9 0.248535 0.629883 0.0322266 0.015625 0.000114322
5 0.204102 0.383301 0.238281 0.274414 0.000114918
9 0.723145 0.668457 0.182617 0.0673828 0.000116169
9 0.102051 0.684082 0.155273 0.0810547 0.000117302
8 0.636719 0.580566 0.0566406 0.0361328 0.000117421
9 0.0205078 0.483398 0.0410156 0.0351562 0.0001176
9 0.866211 0.0869141 0.0839844 0.0761719 0.000118911
10 0.222168 0.858398 0.44043 0.273438 0.000118971
13 0.63623 0.577148 0.0205078 0.0175781 0.00011915
9 0.20459 0.331543 0.182617 0.182617 0.000119388
2 0.656738 0.448242 0.0830078 0.0605469 0.000121474
8 0.346191 0.598633 0.0166016 0.0136719 0.000121891
3 0.114258 0.110352 0.228516 0.220703 0.000130057
9 0.773926 0.625488 0.0380859 0.0224609 0.000130892
2 0.64209 0.32959 0.0107422 0.00878906 0.000132322
11 0.631348 0.108887 0.0849609 0.0205078 0.00013423
9 0.692871 0.516602 0.204102 0.292969 0.000135183
11 0.577637 0.172852 0.0634766 0.115234 0.000137806
4 0.20752 0.102051 0.0888672 0.0556641 0.000143766
9 0.597656 0.0498047 0.183594 0.0957031 0.000144482
13 0.330078 0.605957 0.0703125 0.0205078 0.000145674
9 0.221191 0.637207 0.145508 0.0419922 0.000147939
11 0.332031 0.143555 0.138672 0.0351562 0.000150442
8 0.703125 0.293457 0.0214844 0.0146484 0.000154495
10 0.169434 0.962891 0.336914 0.0742188 0.000157475
11 0.274902 0.147461 0.155273 0.0371094 0.000158906
9 0.213867 0.758789 0.425781 0.257812 0.000159979
11 0.780762 0.155273 0.0751953 0.0683594 0.000166535
9 0.491699 0.692871 0.223633 0.407227 0.000167608
11 0.69873 0.12793 0.0869141 0.0234375 0.000173807
7 0.212402 0.681152 0.395508 0.125977 0.000174165
12 0.229004 0.680664 0.401367 0.126953 0.000175714
8 0.750488 0.483887 0.0263672 0.0166016 0.000187993
13 0.786621 0.628906 0.0380859 0.015625 0.000193238
3 0.563965 0.516602 0.491211 0.341797 0.000196457
9 0.896973 0.0825195 0.19043 0.165039 0.000201225
8 0.66748 0.265137 0.0107422 0.00878906 0.000205278
11 0.626465 0.136719 0.129883 0.0585938 0.000210047
9 0.0288086 0.97168 0.0576172 0.046875 0.000219584
3 0.575684 0.601562 0.235352 0.134766 0.000219941
11 0.660156 0.124023 0.123047 0.0390625 0.000221729
8 0.716309 0.6875 0.0302734 0.0214844 0.000222325
11 0.72168 0.132812 0.160156 0.0273438 0.000228643
9 0.79834 0.688965 0.307617 0.100586 0.000233054
9 0.80957 0.669922 0.203125 0.0683594 0.000234962
9 0.643066 0.452637 0.0615234 0.0341797 0.000240922
11 0.375 0.14502 0.115234 0.0478516 0.000245571
9 0.233398 0.647949 0.3125 0.0576172 0.00024581
8 0.691895 0.589355 0.0126953 0.0126953 0.000267744
11 0.19043 0.179688 0.0605469 0.0410156 0.000271082
9 0.707031 0.573242 0.0292969 0.0253906 0.000279665
2 0.551758 0.330566 0.03125 0.0322266 0.000282526
11 0.29248 0.141602 0.0908203 0.0253906 0.000285864
8 0.639648 0.451172 0.0546875 0.03125 0.000288248
8 0.702148 0.570801 0.0507812 0.0361328 0.00029397
7 0.707031 0.573242 0.0292969 0.0253906 0.000294447
11 0.617188 0.113281 0.0546875 0.015625 0.000299454
9 0.121582 0.708008 0.223633 0.142578 0.0003016
8 0.675293 0.194824 0.0107422 0.0107422 0.000310421
13 0.783691 0.629395 0.0166016 0.0126953 0.000311613
11 0.34375 0.128906 0.0585938 0.0136719 0.000322342
9 0.507324 0.547852 0.323242 0.310547 0.000359774
9 0.245117 0.449707 0.375 0.518555 0.000378847
7 0.63623 0.577148 0.0205078 0.0175781 0.000385761
8 0.63623 0.575195 0.0283203 0.03125 0.00039196
8 0.586914 0.627441 0.0234375 0.0244141 0.000404358
8 0.686035 0.345703 0.0439453 0.03125 0.000406504
5 0.20166 0.333984 0.157227 0.164062 0.000411034
8 0.110352 0.562012 0.0253906 0.0244141 0.000421286
8 0.805176 0.585938 0.0126953 0.0117188 0.000423431
11 0.401855 0.135742 0.0634766 0.0371094 0.000431538
7 0.573242 0.585938 0.466797 0.193359 0.000440836
2 0.78418 0.629395 0.0136719 0.0107422 0.000447035
11 0.323242 0.129883 0.0566406 0.0175781 0.000451565
9 0.476562 0.114258 0.0351562 0.0371094 0.000459909
6 0.573242 0.585938 0.466797 0.193359 0.000469446
11 0.57373 0.580566 0.47168 0.186523 0.000489235
1 0.573242 0.585938 0.466797 0.193359 0.000515461
9 0.155762 0.665527 0.237305 0.0927734 0.000517368
13 0.573242 0.585938 0.466797 0.193359 0.00052166
11 0.223633 0.15918 0.0878906 0.0488281 0.000525951
3 0.575684 0.644043 0.461914 0.12207 0.000538826
12 0.57373 0.580566 0.47168 0.186523 0.000545502
8 0.573242 0.585938 0.466797 0.193359 0.000565529
4 0.573242 0.585938 0.466797 0.193359 0.000565529
9 0.0351562 0.967285 0.03125 0.0263672 0.000573158
8 0.785645 0.629883 0.0126953 0.00976562 0.000576496
2 0.57373 0.580566 0.47168 0.186523 0.000585079
11 0.65918 0.113281 0.0996094 0.0214844 0.000621796
2 0.773926 0.625488 0.0380859 0.0224609 0.000630379
10 0.0292969 0.715332 0.0429688 0.0673828 0.000637531
9 0.0205078 0.130371 0.0410156 0.0537109 0.000638485
11 0.753418 0.134277 0.0673828 0.0361328 0.0006423
2 0.63623 0.577148 0.0205078 0.0175781 0.000666142
11 0.587402 0.148926 0.0654297 0.0595703 0.000696659
11 0.350586 0.133301 0.123047 0.0341797 0.000712395
8 0.772461 0.624512 0.0449219 0.0244141 0.000715733
5 0.231934 0.483887 0.358398 0.545898 0.000716686
11 0.0307617 0.713867 0.0439453 0.0683594 0.000743866
11 0.358398 0.125977 0.0585938 0.0136719 0.000790596
11 0.634277 0.115723 0.0595703 0.0146484 0.000793934
8 0.70752 0.577637 0.0205078 0.0166016 0.000812054
8 0.685547 0.327637 0.0175781 0.0126953 0.000816345
2 0.643066 0.452637 0.0615234 0.0341797 0.000835896
11 0.61377 0.124512 0.0927734 0.0361328 0.000842094
8 0.771973 0.454102 0.0146484 0.0117188 0.00087595
8 0.642578 0.329102 0.00976562 0.00976562 0.000898361
8 0.767578 0.525391 0.0117188 0.0078125 0.000914097
5 0.57373 0.585938 0.47168 0.164062 0.000934124
7 0.20752 0.102051 0.0888672 0.0556641 0.000940323
10 0.573242 0.585938 0.466797 0.193359 0.000974655
9 0.63623 0.577148 0.0205078 0.0175781 0.000993729
9 0.20752 0.102051 0.0888672 0.0556641 0.00106049
3 0.78125 0.0400391 0.4375 0.0800781 0.00111198
0 0.573242 0.586914 0.474609 0.154297 0.00154018
11 0.321777 0.131348 0.0966797 0.0224609 0.00155926
9 0.573242 0.587891 0.46875 0.164062 0.00157547
13 0.773926 0.624512 0.0439453 0.0263672 0.00168705
10 0.0292969 0.712891 0.0292969 0.0410156 0.00188446
11 0.0292969 0.712891 0.0292969 0.0410156 0.00219345
9 0.484375 0.444336 0.173828 0.458984 0.00231743
11 0.632324 0.116699 0.0966797 0.0224609 0.00253105
8 0.20752 0.102051 0.0888672 0.0556641 0.00258827
8 0.693848 0.34668 0.0224609 0.0175781 0.00282669
11 0.379395 0.129395 0.0849609 0.0263672 0.00286674
8 0.707031 0.573242 0.0292969 0.0253906 0.00537491
9 0.212402 0.681152 0.395508 0.125977 0.0063324
11 0.769531 0.141602 0.0644531 0.0410156 0.00666428
11 0.352539 0.128418 0.101562 0.0185547 0.00991058
8 0.63623 0.577148 0.0205078 0.0175781 0.0114594
11 0.204102 0.169922 0.0703125 0.046875 0.0266876
3 0.57373 0.590332 0.467773 0.15918 0.515625
