8 0.3125 0.586426 0.0585938 0.0556641 0.000101089
13 0.796387 0.509277 0.0341797 0.0341797 0.000101447
11 0.503418 0.00439453 0.0732422 0.00878906 0.000102043
2 0.219238 0.651855 0.0263672 0.0166016 0.000102222
9 0.668945 0.283691 0.0136719 0.0107422 0.000102937
8 0.227051 0.648438 0.0400391 0.0273438 0.000102997
13 0.197266 0.243164 0.0429688 0.0800781 0.00010401
7 0.984863 0.722168 0.0283203 0.0654297 0.000105798
11 0.65918 0.0551758 0.0664062 0.0400391 0.0001086
9 0.984863 0.722168 0.0283203 0.0654297 0.000109255
13 0.32959 0.364258 0.0693359 0.0175781 0.000109315
8 0.211914 0.655762 0.0253906 0.0166016 0.00011003
11 0.397461 0.0429688 0.0664062 0.0214844 0.000110447
3 0.200195 0.0820312 0.400391 0.164062 0.000110626
10 0.132324 0.824707 0.0380859 0.0595703 0.000110984
8 0.731445 0.451172 0.0507812 0.0410156 0.000112057
9 0.59082 0.947266 0.234375 0.105469 0.000114143
8 0.65332 0.390625 0.0117188 0.0117188 0.000114441
8 0.319336 0.610352 0.0136719 0.00976562 0.000114441
10 0.910645 0.775391 0.0595703 0.0957031 0.000115395
13 0.804199 0.492676 0.0341797 0.0458984 0.000115573
11 0.981934 0.749512 0.0322266 0.0947266 0.000117004
13 0.668945 0.283691 0.0253906 0.0166016 0.000117183
7 0.26709 0.413086 0.368164 0.628906 0.000118256
9 0.760742 0.677734 0.0371094 0.0390625 0.000119328
8 0.422363 0.490234 0.0166016 0.0136719 0.000119388
13 0.81543 0.199707 0.0664062 0.0341797 0.000119388
8 0.241699 0.651367 0.0751953 0.0488281 0.000119686
9 0.786621 0.457031 0.0556641 0.0605469 0.000120342
13 0.815918 0.512695 0.0654297 0.0625 0.000120759
9 0.768555 0.461914 0.0214844 0.0214844 0.000120997
0 0.104004 0.948242 0.208008 0.0878906 0.000121176
9 0.31543 0.587402 0.0390625 0.0380859 0.000121832
8 0.763184 0.450195 0.0595703 0.0488281 0.000122786
13 0.73877 0.18457 0.0634766 0.0898438 0.000123382
11 0.402344 0.0678711 0.0566406 0.0244141 0.000123382
9 0.665039 0.422363 0.0585938 0.0693359 0.000125289
8 0.349121 0.307129 0.0146484 0.0146484 0.000126004
8 0.753906 0.243652 0.00976562 0.00878906 0.000128388
7 0.589355 0.0449219 0.0654297 0.0449219 0.000128508
9 0.875488 0.668945 0.0224609 0.0214844 0.000128508
7 0.984375 0.687012 0.0292969 0.145508 0.000128984
3 0.205078 0.0200195 0.410156 0.0400391 0.000130177
11 0.244629 0.108887 0.0673828 0.0634766 0.000130296
7 0.989258 0.748535 0.0195312 0.0869141 0.000131249
8 0.993164 0.608398 0.00976562 0.0546875 0.000131249
8 0.83252 0.619629 0.0185547 0.0185547 0.000132799
11 0.657227 0.0644531 0.121094 0.0371094 0.000134587
8 0.630371 0.185547 0.0302734 0.0273438 0.000134945
3 0.604492 0.681152 0.419922 0.180664 0.000136614
9 0.59375 0.0444336 0.0664062 0.0439453 0.000137568
8 0.257812 0.618652 0.0214844 0.0166016 0.000137687
10 0.141602 0.797852 0.0761719 0.128906 0.000137806
8 0.397461 0.167969 0.0292969 0.0351562 0.000138164
8 0.22998 0.281738 0.0341797 0.0322266 0.000138283
3 0.651367 0.785645 0.494141 0.393555 0.000138879
7 0.808594 0.455078 0.0859375 0.0742188 0.000140429
2 0.668945 0.284668 0.0136719 0.0126953 0.000140667
9 0.351562 0.86377 0.457031 0.231445 0.000142097
3 0.265625 0.436523 0.359375 0.601562 0.000142097
8 0.754395 0.644043 0.00878906 0.00683594 0.000142932
8 0.786133 0.464844 0.0371094 0.03125 0.000142932
10 0.00732422 0.657227 0.0146484 0.0527344 0.000143886
8 0.875488 0.668945 0.0224609 0.0214844 0.000144124
11 0.00683594 0.657227 0.0136719 0.0527344 0.000144482
8 0.287109 0.583496 0.0195312 0.0185547 0.000144601
11 0.765625 0.680176 0.0390625 0.0380859 0.000145435
9 0.191406 0.713867 0.0371094 0.0253906 0.000145674
6 0.587891 0.277832 0.126953 0.116211 0.000146747
11 0.206055 0.146484 0.0605469 0.0449219 0.000146866
8 0.79248 0.641113 0.0419922 0.0576172 0.000147104
8 0.524902 0.663086 0.0166016 0.0136719 0.000149131
10 0.933105 0.763184 0.0869141 0.104492 0.000149488
13 0.653809 0.339844 0.0439453 0.0214844 0.000150442
11 0.0141602 0.662598 0.0283203 0.0615234 0.000150919
8 0.780273 0.482422 0.0820312 0.0703125 0.000152469
11 0.933105 0.763184 0.0869141 0.104492 0.000152588
3 0.69873 0.959473 0.506836 0.0791016 0.000153303
13 0.788574 0.283203 0.0517578 0.046875 0.000153899
9 0.833496 0.531738 0.118164 0.266602 0.000158548
9 0.65918 0.336426 0.0332031 0.0205078 0.000159383
9 0.651367 0.785645 0.494141 0.393555 0.000159621
7 0.31543 0.587402 0.0390625 0.0380859 0.000161171
9 0.221191 0.650879 0.0166016 0.0126953 0.000161409
13 0.875 0.0986328 0.25 0.191406 0.000163317
13 0.678711 0.17334 0.0683594 0.104492 0.000163436
8 0.30127 0.57959 0.0439453 0.0302734 0.000166535
9 0.481445 0.333496 0.0957031 0.391602 0.000167608
13 0.222168 0.149902 0.0302734 0.0302734 0.000169277
8 0.778809 0.472168 0.0361328 0.0322266 0.000169516
9 0.494629 0.652832 0.112305 0.202148 0.000171304
7 0.850586 0.650879 0.0722656 0.108398 0.000173688
8 0.726074 0.395996 0.0205078 0.0166016 0.000174165
13 0.79541 0.151855 0.0263672 0.0244141 0.000174403
9 0.821777 0.441895 0.0654297 0.0693359 0.000176311
13 0.385254 0.30957 0.0322266 0.0332031 0.000177503
9 0.532715 0.305664 0.204102 0.210938 0.000178218
13 0.793945 0.470703 0.0800781 0.09375 0.000178337
9 0.780273 0.651367 0.0683594 0.0878906 0.000182033
9 0.812988 0.483887 0.0595703 0.0830078 0.000184894
8 0.756836 0.15332 0.0273438 0.0273438 0.000185609
8 0.704102 0.362305 0.0253906 0.0175781 0.000185728
7 0.833496 0.531738 0.118164 0.266602 0.000185847
9 0.989258 0.748535 0.0195312 0.0869141 0.000186086
9 0.748047 0.359375 0.328125 0.488281 0.000186682
13 0.83252 0.491699 0.0908203 0.15332 0.000187755
9 0.449219 0.605469 0.150391 0.214844 0.000194788
6 0.811035 0.501465 0.0380859 0.0400391 0.000196934
9 0.303223 0.775879 0.366211 0.114258 0.000199676
13 0.666504 0.181641 0.0341797 0.0429688 0.000200033
2 0.221191 0.650879 0.0166016 0.0126953 0.000200629
8 0.32373 0.598145 0.0439453 0.0498047 0.000202417
11 0.649414 0.0439453 0.0546875 0.0214844 0.000204921
11 0.198242 0.175293 0.078125 0.0810547 0.000205517
10 0.0610352 0.92041 0.110352 0.15918 0.000206351
13 0.863281 0.669922 0.0488281 0.0429688 0.000210166
11 0.593262 0.0678711 0.0498047 0.0517578 0.000210404
11 0.134766 0.823242 0.0410156 0.0625 0.000212908
9 0.568359 0.675781 0.365234 0.371094 0.000215888
8 0.789062 0.283691 0.0507812 0.0458984 0.000218511
8 0.160156 0.449219 0.015625 0.015625 0.00022018
8 0.994141 0.484375 0.00976562 0.046875 0.000220418
7 0.26123 0.771484 0.0537109 0.0449219 0.000223756
7 0.780273 0.651367 0.0683594 0.0878906 0.000224471
13 0.773926 0.465332 0.0283203 0.0244141 0.00022471
9 0.980957 0.752441 0.0341797 0.100586 0.000225067
11 0.373047 0.0688477 0.117188 0.0283203 0.000226378
8 0.716797 0.401855 0.0449219 0.0283203 0.000227332
4 0.587891 0.277832 0.126953 0.116211 0.000236273
8 0.220703 0.657715 0.0488281 0.0322266 0.000239968
9 0.789551 0.282715 0.0537109 0.0517578 0.000243664
12 0.587891 0.277832 0.126953 0.116211 0.000245571
13 0.329102 0.44873 0.078125 0.0224609 0.000253677
7 0.587891 0.277832 0.126953 0.116211 0.000255346
13 0.597168 0.205078 0.0185547 0.0332031 0.0002563
8 0.306152 0.444336 0.0185547 0.0136719 0.000258207
8 0.370605 0.219727 0.0146484 0.0136719 0.000258207
8 0.364746 0.408691 0.0205078 0.0166016 0.000260115
3 0.589844 0.633789 0.230469 0.154297 0.000260353
13 0.790039 0.250977 0.0625 0.115234 0.000264168
11 0.414062 0.0361328 0.0625 0.0234375 0.000266075
0 0.0610352 0.92041 0.110352 0.15918 0.000267029
7 0.980957 0.752441 0.0341797 0.100586 0.00026989
8 0.759277 0.665039 0.0380859 0.0507812 0.00026989
3 0.106445 0.909668 0.212891 0.180664 0.000273943
7 0.98877 0.721191 0.0205078 0.0361328 0.000282288
13 0.587891 0.277832 0.126953 0.116211 0.000282764
5 0.587891 0.277832 0.126953 0.116211 0.00028491
8 0.675293 0.388672 0.0283203 0.0214844 0.000290394
13 0.987305 0.725586 0.0253906 0.0917969 0.000292778
8 0.779785 0.46582 0.0537109 0.0488281 0.000296116
13 0.660645 0.175293 0.0380859 0.0830078 0.0002985
8 0.98877 0.720703 0.0185547 0.0351562 0.000300884
11 0.806152 0.125488 0.0537109 0.0439453 0.000302076
11 0.396484 0.0507812 0.0722656 0.0214844 0.000310421
8 0.828125 0.46875 0.0898438 0.113281 0.000313759
9 0.98877 0.717285 0.0185547 0.0322266 0.000315428
11 0.630371 0.0458984 0.110352 0.0273438 0.00031662
1 0.587891 0.277832 0.126953 0.116211 0.000317812
8 0.705566 0.416992 0.0244141 0.0214844 0.000319958
8 0.826172 0.512207 0.0390625 0.0185547 0.000326157
8 0.314453 0.483398 0.03125 0.0253906 0.000326633
5 0.83252 0.467773 0.0869141 0.111328 0.000327826
4 0.832031 0.467285 0.0878906 0.112305 0.000329256
0 0.61377 0.256836 0.0908203 0.0957031 0.00033021
13 0.692383 0.219238 0.109375 0.139648 0.000335217
8 0.705566 0.366699 0.0166016 0.0146484 0.000340462
7 0.767578 0.461426 0.0136719 0.0107422 0.000355721
8 0.371094 0.510742 0.03125 0.0214844 0.000356913
8 0.778809 0.650879 0.0673828 0.0791016 0.000358105
11 0.587891 0.277832 0.126953 0.116211 0.000367165
8 0.766113 0.460938 0.0205078 0.015625 0.000368118
9 0.541992 0.491211 0.277344 0.541016 0.000368357
9 0.793457 0.456055 0.0908203 0.0839844 0.000368595
13 0.836426 0.516602 0.0556641 0.0175781 0.000370264
11 0.76709 0.686523 0.0244141 0.0234375 0.00037241
2 0.821289 0.508301 0.0488281 0.0302734 0.000372887
9 0.775391 0.466309 0.0292969 0.0263672 0.000377417
9 0.735352 0.691406 0.115234 0.0273438 0.000386953
7 0.788574 0.283203 0.0537109 0.0546875 0.00038743
11 0.8125 0.501953 0.0390625 0.0390625 0.000393629
9 0.826172 0.503418 0.0625 0.0517578 0.000396013
8 0.668945 0.283691 0.0253906 0.0166016 0.00039959
2 0.775391 0.466309 0.0292969 0.0263672 0.000409603
2 0.811035 0.498047 0.0380859 0.046875 0.000440121
2 0.768555 0.461914 0.0214844 0.0214844 0.000440836
13 0.767578 0.461426 0.0136719 0.0107422 0.000464916
11 0.417969 0.0893555 0.0644531 0.0439453 0.000466824
8 0.811035 0.501465 0.0380859 0.0400391 0.000467062
8 0.587891 0.277832 0.126953 0.116211 0.000484228
9 0.662598 0.335449 0.0185547 0.0166016 0.000488758
5 0.241699 0.519531 0.239258 0.335938 0.000500679
9 0.496582 0.0410156 0.0322266 0.0332031 0.000504017
13 0.98877 0.717285 0.0185547 0.0322266 0.000507355
10 0.587891 0.277832 0.126953 0.116211 0.000519753
13 0.421387 0.305664 0.0224609 0.0351562 0.000524521
9 0.260742 0.772461 0.0566406 0.0449219 0.00053072
3 0.593262 0.524414 0.448242 0.373047 0.000540733
13 0.351562 0.448242 0.0625 0.0175781 0.000549316
2 0.587891 0.277832 0.126953 0.116211 0.000570774
13 0.79834 0.212891 0.0576172 0.0449219 0.000595093
9 0.562988 0.853027 0.166992 0.264648 0.000597477
3 0.0610352 0.92041 0.110352 0.15918 0.00060463
8 0.320312 0.591309 0.0253906 0.0244141 0.000612736
11 0.380371 0.0585938 0.0966797 0.0234375 0.000614643
9 0.826172 0.512207 0.0390625 0.0185547 0.00065136
2 0.65918 0.336426 0.0332031 0.0205078 0.000654221
11 0.647949 0.0649414 0.0673828 0.0283203 0.000666142
11 0.910156 0.773926 0.0449219 0.0673828 0.000680923
10 0.911621 0.777344 0.0380859 0.0644531 0.000685215
8 0.211426 0.338379 0.0146484 0.0146484 0.000698566
13 0.826172 0.508301 0.0566406 0.0380859 0.000699043
8 0.216797 0.339355 0.0273438 0.0185547 0.000716686
8 0.191406 0.713867 0.0371094 0.0253906 0.000731945
9 0.218262 0.149902 0.0380859 0.0302734 0.00076437
11 0.59082 0.0756836 0.0644531 0.0927734 0.000815868
13 0.856445 0.678223 0.0546875 0.0224609 0.000823021
12 0.28125 0.408691 0.371094 0.616211 0.000870705
13 0.168945 0.740234 0.0273438 0.0390625 0.00087595
11 0.62207 0.0644531 0.103516 0.0507812 0.000903606
8 0.219238 0.651855 0.0263672 0.0166016 0.00096941
8 0.198242 0.682129 0.015625 0.0146484 0.000989914
11 0.413086 0.0483398 0.0742188 0.0322266 0.00100994
7 0.595215 0.607422 0.438477 0.195312 0.00103283
7 0.811035 0.501465 0.0380859 0.0400391 0.00104332
6 0.83252 0.467773 0.0869141 0.111328 0.00109291
8 0.757324 0.150391 0.0205078 0.015625 0.00109291
9 0.587891 0.277832 0.126953 0.116211 0.00110626
8 0.65918 0.336426 0.0332031 0.0205078 0.00112343
12 0.595215 0.607422 0.438477 0.195312 0.00112915
11 0.595215 0.607422 0.438477 0.195312 0.00112915
1 0.595215 0.605957 0.438477 0.194336 0.00115204
0 0.529785 0.330078 0.188477 0.304688 0.00116158
9 0.26709 0.413086 0.368164 0.628906 0.00117302
6 0.595215 0.607422 0.438477 0.195312 0.00118828
13 0.595215 0.607422 0.438477 0.195312 0.00121593
13 0.804688 0.486328 0.0507812 0.0742188 0.00123978
11 0.405273 0.0776367 0.0800781 0.0439453 0.00124931
2 0.595215 0.607422 0.438477 0.195312 0.00126457
13 0.660645 0.335938 0.0283203 0.0195312 0.00127125
8 0.595215 0.607422 0.438477 0.195312 0.00131416
9 0.493652 0.601562 0.235352 0.324219 0.00133133
13 0.825684 0.486328 0.0673828 0.0800781 0.00134277
3 0.587891 0.277832 0.126953 0.116211 0.00134277
4 0.595215 0.607422 0.438477 0.195312 0.00136662
8 0.696777 0.632812 0.0322266 0.0273438 0.00138855
9 0.767578 0.461426 0.0136719 0.0107422 0.00141144
8 0.31543 0.588379 0.0371094 0.0380859 0.00165367
11 0.259277 0.0947266 0.0771484 0.0488281 0.00178242
13 0.666992 0.20166 0.0566406 0.114258 0.00188541
11 0.401367 0.0620117 0.0839844 0.0361328 0.0019474
8 0.221191 0.650879 0.0166016 0.0126953 0.00201797
5 0.596191 0.61084 0.43457 0.18457 0.00214767
9 0.811035 0.501465 0.0380859 0.0400391 0.00217056
11 0.589355 0.0488281 0.0634766 0.0507812 0.00221252
10 0.595215 0.605957 0.438477 0.194336 0.00222969
0 0.597168 0.613281 0.43457 0.177734 0.00248528
0 0.578125 0.293945 0.1875 0.167969 0.00284195
9 0.538086 0.743652 0.193359 0.442383 0.0028801
8 0.28125 0.60498 0.00976562 0.00878906 0.00292587
13 0.826172 0.512207 0.0390625 0.0185547 0.00305939
2 0.662598 0.335449 0.0185547 0.0166016 0.00314331
8 0.773926 0.465332 0.0283203 0.0244141 0.0033226
8 0.668457 0.283691 0.0146484 0.0107422 0.00333214
9 0.832031 0.467773 0.0898438 0.113281 0.0033493
2 0.767578 0.461426 0.0136719 0.0107422 0.003582
8 0.26123 0.771484 0.0537109 0.046875 0.00362015
10 0.13623 0.809082 0.0556641 0.0712891 0.00368309
5 0.265625 0.436523 0.359375 0.601562 0.00376701
9 0.59082 0.627441 0.435547 0.176758 0.00379562
11 0.138184 0.807129 0.0595703 0.0791016 0.00379753
8 0.662598 0.335449 0.0185547 0.0166016 0.00430679
7 0.83252 0.467773 0.0869141 0.111328 0.00770187
9 0.505371 0.42041 0.147461 0.512695 0.0086441
13 0.8125 0.501953 0.0390625 0.0390625 0.0115051
8 0.767578 0.461426 0.0136719 0.0107422 0.0158386
0 0.586426 0.275879 0.12793 0.110352 0.349854
3 0.595215 0.614746 0.430664 0.174805 0.691406
