8 0.641602 0.37207 0.25 0.179688 0.000100374
13 0.515625 0.381836 0.0410156 0.046875 0.00010258
9 0.288574 0.220215 0.0947266 0.0556641 0.000102937
1 0.853027 0.107422 0.293945 0.212891 0.000104845
2 0.728027 0.397461 0.0263672 0.0234375 0.000106215
11 0.710449 0.322266 0.0537109 0.0527344 0.000107944
8 0.853027 0.107422 0.293945 0.212891 0.000108659
3 0.623535 0.987793 0.256836 0.0224609 0.000108719
13 0.709961 0.324219 0.0449219 0.0507812 0.000109076
0 0.73584 0.36377 0.118164 0.145508 0.000109613
11 0.741699 0.163086 0.0517578 0.0136719 0.000109851
9 0.646484 0.447754 0.322266 0.303711 0.000110209
11 0.533691 0.182129 0.0556641 0.0419922 0.000111639
3 0.0927734 0.537109 0.175781 0.324219 0.000111759
11 0.154297 0.80127 0.308594 0.397461 0.000111818
11 0.785645 0.20752 0.198242 0.102539 0.000113904
11 0.389648 0.231445 0.0703125 0.0351562 0.000115156
10 0.339844 0.983398 0.197266 0.03125 0.000115514
13 0.494629 0.342773 0.0751953 0.111328 0.000118554
9 0.89209 0.498535 0.0556641 0.0361328 0.000118732
13 0.89502 0.516113 0.0439453 0.0517578 0.00011903
12 0.154297 0.80127 0.308594 0.397461 0.000119805
9 0.180664 0.254395 0.136719 0.102539 0.000121236
9 0.372559 0.42334 0.161133 0.258789 0.000121951
10 0.641602 0.37207 0.25 0.179688 0.00012219
13 0.447754 0.274902 0.0361328 0.0302734 0.000122786
3 0.101562 0.32666 0.203125 0.522461 0.000124454
11 0.865234 0.262695 0.0527344 0.0292969 0.000125527
5 0.894043 0.498535 0.0419922 0.0185547 0.0001266
8 0.713867 0.33252 0.078125 0.0849609 0.0001266
11 0.714844 0.332031 0.0820312 0.0878906 0.000129342
13 0.782715 0.421387 0.0810547 0.0224609 0.000130415
13 0.653809 0.371094 0.235352 0.179688 0.00013113
3 0.195312 0.592285 0.390625 0.43457 0.000131726
6 0.539062 0.260742 0.0664062 0.189453 0.00013411
11 0.69873 0.208496 0.0908203 0.0947266 0.000135541
9 0.57373 0.29834 0.116211 0.196289 0.000136733
2 0.853027 0.107422 0.293945 0.212891 0.000136852
11 0.393555 0.212891 0.078125 0.0605469 0.000136971
10 0.374023 0.97168 0.291016 0.0546875 0.000138998
11 0.401367 0.237793 0.0546875 0.0185547 0.000141978
3 0.853027 0.107422 0.293945 0.212891 0.000142455
3 0.156738 0.899414 0.313477 0.201172 0.00014782
11 0.719238 0.31543 0.0205078 0.0214844 0.000149846
8 0.448242 0.272461 0.0351562 0.0253906 0.000151515
3 0.729004 0.981934 0.43457 0.0341797 0.000151634
12 0.853027 0.107422 0.293945 0.212891 0.000152349
9 0.870605 0.561523 0.0986328 0.15625 0.000157118
0 0.657715 0.324707 0.110352 0.0810547 0.000157356
3 0.154297 0.80127 0.308594 0.397461 0.000158072
7 0.89209 0.498535 0.0556641 0.0361328 0.00016129
11 0.503418 0.154785 0.0517578 0.0166016 0.000162125
13 0.714844 0.332031 0.0820312 0.0878906 0.000165939
7 0.549805 0.301758 0.0605469 0.173828 0.000170708
13 0.536133 0.29541 0.0683594 0.15332 0.000171423
9 0.714844 0.332031 0.0820312 0.0878906 0.000171423
13 0.257324 0.138184 0.514648 0.276367 0.000173092
13 0.434082 0.259766 0.0751953 0.0566406 0.00017345
9 0.726074 0.395996 0.0146484 0.0146484 0.000175834
5 0.255371 0.130371 0.446289 0.260742 0.00017643
11 0.72168 0.158691 0.103516 0.0205078 0.000177145
3 1 0.512695 0 0.339844 0.000179887
11 0.537598 0.22998 0.0673828 0.178711 0.000181437
6 0.255371 0.130371 0.446289 0.260742 0.000185966
11 0.853027 0.107422 0.293945 0.212891 0.00019145
0 0.712891 0.385254 0.208984 0.192383 0.000197768
13 0.852539 0.0976562 0.294922 0.189453 0.000208855
13 0.402344 0.238281 0.0527344 0.015625 0.000210643
3 0.672363 0.606445 0.34082 0.130859 0.000218868
11 0.521484 0.171875 0.0859375 0.0449219 0.000220776
12 0.218262 0.156738 0.436523 0.305664 0.00022316
7 0.455078 0.261719 0.046875 0.0527344 0.00022471
10 0.895996 0.497559 0.0400391 0.0205078 0.000226378
13 0.344727 0.40332 0.046875 0.0390625 0.000226498
9 0.713867 0.325684 0.0488281 0.0595703 0.00022912
8 0.719238 0.31543 0.0205078 0.0214844 0.000229716
13 0.509277 0.321289 0.0419922 0.0625 0.000232935
8 0.710449 0.322266 0.0537109 0.0527344 0.000241876
0 0.146973 0.824219 0.293945 0.349609 0.000243187
13 0.87207 0.513672 0.0917969 0.0859375 0.000246286
3 0.632812 0.470703 0.300781 0.220703 0.000247002
13 0.501953 0.368652 0.0390625 0.0361328 0.000249386
7 0.38623 0.4375 0.206055 0.220703 0.000252485
11 0.842773 0.224609 0.09375 0.101562 0.000261545
3 0.653809 0.371094 0.235352 0.179688 0.000272274
8 0.894043 0.498535 0.0419922 0.0185547 0.000282764
9 0.583496 0.575195 0.188477 0.177734 0.00028801
9 0.23584 0.856934 0.0185547 0.0302734 0.000303507
11 0.413086 0.19873 0.0703125 0.0556641 0.000309706
3 0.243164 0.146973 0.486328 0.293945 0.000323296
1 0.89502 0.497559 0.0400391 0.0185547 0.000325918
7 0.870605 0.561523 0.0986328 0.15625 0.000336409
13 0.841309 0.527344 0.0478516 0.0253906 0.000338554
9 0.618652 0.0415039 0.0126953 0.0302734 0.000344992
13 0.476074 0.290527 0.0849609 0.0947266 0.000348568
10 0.0947266 0.819824 0.189453 0.291992 0.000352383
3 0.605957 0.942871 0.40918 0.110352 0.000375509
13 0.852539 0.519531 0.0703125 0.0292969 0.000385284
2 0.680664 0.358887 0.177734 0.15332 0.000391245
2 0.894043 0.498535 0.0419922 0.0185547 0.000404835
8 0.451172 0.260742 0.0429688 0.046875 0.000407934
3 0.0947266 0.819824 0.189453 0.291992 0.000412226
5 0.865723 0.558105 0.110352 0.161133 0.000427723
2 0.726074 0.395996 0.0146484 0.0146484 0.000437737
9 0.228027 0.174805 0.456055 0.316406 0.000438213
13 0.904785 0.494141 0.0341797 0.0195312 0.000470161
9 0.630371 0.363281 0.245117 0.166016 0.000495911
11 0.821289 0.203613 0.0996094 0.0810547 0.000497341
0 0.682129 0.349121 0.0791016 0.102539 0.0005126
3 0.56543 0.981934 0.439453 0.0361328 0.000545502
11 0.866699 0.249023 0.0615234 0.0605469 0.000553131
13 0.887207 0.489746 0.0791016 0.0498047 0.000556469
11 0.693848 0.19043 0.0771484 0.0507812 0.000566483
9 0.45166 0.260742 0.0478516 0.0488281 0.000603676
11 0.75293 0.182617 0.154297 0.0644531 0.000603676
7 0.684082 0.350098 0.141602 0.12793 0.000694752
4 0.684082 0.350098 0.141602 0.12793 0.000699997
13 0.716309 0.319336 0.0302734 0.03125 0.000714779
6 0.681641 0.352539 0.152344 0.134766 0.000714779
0 0.641113 0.323242 0.21582 0.09375 0.000723839
11 0.759277 0.169922 0.0712891 0.0175781 0.000749588
7 0.657715 0.546875 0.360352 0.150391 0.000756264
0 0.961426 0.774902 0.0751953 0.147461 0.000763416
6 0.895996 0.497559 0.0400391 0.0205078 0.000775337
11 0.657715 0.546875 0.360352 0.150391 0.000779629
6 0.657715 0.546875 0.360352 0.150391 0.000792503
11 0.716797 0.317383 0.03125 0.0371094 0.000796318
1 0.657715 0.546875 0.360352 0.150391 0.000846386
12 0.684082 0.354492 0.143555 0.138672 0.000858307
5 0.681641 0.352539 0.152344 0.134766 0.000875473
2 0.657715 0.546875 0.360352 0.150391 0.000907898
4 0.657715 0.546875 0.360352 0.150391 0.00093317
8 0.657715 0.555664 0.360352 0.132812 0.000936031
13 0.866699 0.506836 0.0908203 0.0390625 0.000941277
9 0.895996 0.497559 0.0400391 0.0205078 0.000975609
11 0.505859 0.157227 0.0820312 0.0234375 0.000981331
12 0.657715 0.546875 0.360352 0.150391 0.000985146
1 0.686523 0.349609 0.138672 0.125 0.00099659
13 0.658691 0.545898 0.360352 0.150391 0.00102043
11 0.894043 0.498047 0.0419922 0.0195312 0.00103474
9 0.544434 0.263184 0.0712891 0.196289 0.00111675
11 0.686523 0.349609 0.138672 0.125 0.00111961
5 0.657715 0.546875 0.360352 0.150391 0.00113297
7 0.89502 0.497559 0.0400391 0.0185547 0.00115108
11 0.808594 0.19043 0.0703125 0.0507812 0.00122166
13 0.45459 0.261719 0.0458984 0.0507812 0.0012579
8 0.726074 0.395508 0.0146484 0.0136719 0.00126743
8 0.716309 0.318848 0.0322266 0.0322266 0.00136757
10 0.658691 0.545898 0.360352 0.150391 0.00147533
10 0.685547 0.354004 0.142578 0.137695 0.00157928
0 0.710449 0.322266 0.0537109 0.0527344 0.00158119
13 0.896973 0.48877 0.0458984 0.0302734 0.00163651
7 0.538574 0.248047 0.0673828 0.185547 0.00182056
11 0.721191 0.183105 0.116211 0.0439453 0.00184631
9 0.656738 0.553711 0.360352 0.136719 0.00195312
9 0.684082 0.350098 0.141602 0.12793 0.00202179
13 0.496582 0.311035 0.0595703 0.0888672 0.0020504
13 0.686523 0.349609 0.138672 0.125 0.00207329
9 0.716309 0.319336 0.0302734 0.03125 0.00207901
0 0.657715 0.555176 0.364258 0.139648 0.00210953
0 0.716309 0.318848 0.0322266 0.0322266 0.00229263
8 0.69043 0.358887 0.136719 0.145508 0.00233841
11 0.741211 0.163574 0.0859375 0.0185547 0.00249672
0 0.70166 0.328125 0.0927734 0.078125 0.0034771
13 0.878418 0.494141 0.0712891 0.0234375 0.00363159
2 0.713867 0.32666 0.0683594 0.0751953 0.00395584
3 0.648926 0.970703 0.467773 0.0566406 0.00400543
3 0.68457 0.348145 0.146484 0.124023 0.0043602
2 0.693848 0.338379 0.116211 0.104492 0.00603104
11 0.745117 0.168457 0.121094 0.0244141 0.00670624
11 0.766602 0.175781 0.105469 0.03125 0.0113144
0 0.638184 0.369629 0.237305 0.172852 0.0118637
11 0.791992 0.181641 0.0761719 0.0390625 0.0125732
2 0.71582 0.320801 0.0410156 0.0439453 0.0131378
13 0.89209 0.501465 0.0498047 0.0341797 0.0148163
2 0.717773 0.317871 0.0253906 0.0322266 0.0545349
13 0.89502 0.497559 0.0400391 0.0185547 0.199341
0 0.684082 0.350098 0.141602 0.12793 0.701172
3 0.657227 0.554199 0.359375 0.135742 0.726074
