9 0.630859 0.209961 0.0527344 0.0429688 0.000100374
11 0.5625 0.178223 0.0625 0.0185547 0.000101089
2 0.632324 0.210938 0.0537109 0.0429688 0.000101328
11 0.580078 0.19873 0.0625 0.0185547 0.000101745
13 0.388184 0.258789 0.0830078 0.171875 0.000103116
3 0.306641 0.199219 0.0625 0.0449219 0.000103474
13 0.70459 0.61377 0.0849609 0.0615234 0.000103712
7 0.291992 0.458984 0.181641 0.404297 0.000103831
9 0.310547 0.560059 0.142578 0.245117 0.000104189
10 0.337402 0.193359 0.112305 0.0507812 0.000106037
13 0.597656 0.287109 0.0664062 0.0566406 0.00010705
9 0.612793 0.459473 0.28418 0.413086 0.000107825
12 0.630371 0.209961 0.0537109 0.0429688 0.000109255
7 0.0537109 0.952637 0.078125 0.0947266 0.000109792
2 0.3125 0.651367 0.0410156 0.0917969 0.000111043
9 0.344727 0.196289 0.146484 0.0878906 0.00011301
9 0.38916 0.15918 0.0927734 0.236328 0.000113547
9 0.732422 0.174805 0.347656 0.347656 0.000113845
10 0.138672 0.719727 0.277344 0.271484 0.000114799
9 0.435547 0.390137 0.148438 0.196289 0.000115573
9 0.82959 0.26416 0.112305 0.124023 0.000115991
5 0.322266 0.613281 0.0566406 0.132812 0.000116706
4 0.303711 0.19873 0.0566406 0.0419922 0.000116706
13 0.364258 0.368164 0.0292969 0.0292969 0.000117958
7 0.196289 0.151367 0.392578 0.302734 0.000118911
3 0.518066 0.981445 0.385742 0.0371094 0.000121117
3 0.780762 0.387207 0.438477 0.672852 0.000121355
12 0.153809 0.382812 0.307617 0.765625 0.000125289
7 0.632812 0.210938 0.0527344 0.0429688 0.000131249
1 0.337402 0.193359 0.112305 0.0507812 0.000132918
5 0.676758 0.506348 0.15625 0.303711 0.000133395
8 0.306641 0.200195 0.0605469 0.0449219 0.000138402
7 0.71582 0.625488 0.0839844 0.0849609 0.000138879
11 0.984863 0.802734 0.0302734 0.0546875 0.000140548
13 0.180176 0.129883 0.360352 0.259766 0.000143409
9 0.401855 0.145508 0.0517578 0.132812 0.000143528
8 0.64209 0.472168 0.0126953 0.0107422 0.000145555
2 0.529297 0.320312 0.0761719 0.078125 0.000146151
8 0.562012 0.383789 0.0302734 0.0253906 0.000148177
13 0.362793 0.318359 0.0478516 0.132812 0.000149846
2 0.600586 0.383301 0.0253906 0.0244141 0.000149846
10 0.800293 0.177246 0.37207 0.354492 0.000150084
8 0.800293 0.177246 0.37207 0.354492 0.000159621
13 0.35791 0.5625 0.0419922 0.115234 0.000164151
9 0.729004 0.62207 0.0849609 0.113281 0.00016427
2 0.562012 0.383789 0.0302734 0.0253906 0.000164866
9 0.369629 0.0498047 0.116211 0.0996094 0.000166655
11 0.358887 0.1875 0.0595703 0.0214844 0.000167012
6 0.483398 0.354492 0.197266 0.152344 0.000167489
5 0.300293 0.45752 0.229492 0.448242 0.000170112
13 0.344727 0.568359 0.0878906 0.181641 0.000170469
12 0.726074 0.618652 0.0341797 0.0283203 0.000170827
1 0.800293 0.177246 0.37207 0.354492 0.00017643
8 0.734863 0.624512 0.0244141 0.0263672 0.000178695
9 0.333008 0.620117 0.111328 0.173828 0.000181079
9 0.585938 0.677246 0.167969 0.0712891 0.000186801
11 0.946289 0.803711 0.107422 0.0664062 0.000194907
13 0.341309 0.361816 0.0673828 0.0517578 0.000195026
7 0.483398 0.354492 0.197266 0.152344 0.000197411
2 0.436523 0.346191 0.0390625 0.0439453 0.000197649
2 0.725098 0.620117 0.0458984 0.0488281 0.000200629
7 0.39209 0.265137 0.0869141 0.19043 0.000201941
5 0.726074 0.619141 0.0322266 0.0273438 0.000204682
4 0.800293 0.177246 0.37207 0.354492 0.00021112
5 0.632812 0.464355 0.259766 0.418945 0.000216126
8 0.253418 0.63916 0.0283203 0.0244141 0.000216603
11 0.394531 0.229492 0.0742188 0.125 0.000216842
4 0.48291 0.362793 0.198242 0.163086 0.000232935
1 0.630859 0.209961 0.0527344 0.0429688 0.000234604
7 0.322266 0.613281 0.0566406 0.132812 0.000240445
12 0.181641 0.131836 0.363281 0.244141 0.000243068
13 0.36084 0.34668 0.0791016 0.0878906 0.000245333
13 0.369629 0.360352 0.0419922 0.0800781 0.000246286
11 0.534668 0.185547 0.0458984 0.0390625 0.000246525
7 0.726074 0.619141 0.0478516 0.046875 0.00024724
11 0.780273 0.17627 0.439453 0.352539 0.000249624
10 0.632812 0.210938 0.0527344 0.0429688 0.000257492
11 0.397461 0.185059 0.0488281 0.0283203 0.000257969
8 0.603027 0.381348 0.0205078 0.0224609 0.000259161
13 0.314941 0.621582 0.0361328 0.0654297 0.000261784
12 0.779785 0.165527 0.327148 0.331055 0.000267506
6 0.282227 0.54834 0.154297 0.241211 0.000273943
2 0.780273 0.17627 0.439453 0.352539 0.000275373
9 0.314453 0.644043 0.0488281 0.114258 0.00027585
9 0.0415039 0.970215 0.0458984 0.0537109 0.000281096
2 0.181641 0.131836 0.363281 0.244141 0.000282049
0 0.447754 0.340332 0.125977 0.100586 0.000287771
0 0.312988 0.198242 0.0673828 0.0449219 0.000288725
1 0.725586 0.619141 0.0332031 0.0273438 0.000293255
3 0.5 0.498535 0.3125 0.375977 0.000295639
0 0.181641 0.131836 0.363281 0.244141 0.000298738
4 0.181641 0.131836 0.363281 0.244141 0.000302076
11 0.389648 0.183105 0.0488281 0.0146484 0.000308037
9 0.369629 0.173828 0.0439453 0.0175781 0.000311613
9 0.306152 0.199219 0.0615234 0.0449219 0.000326633
0 0.726074 0.619141 0.0341797 0.0292969 0.000337124
6 0.510254 0.601074 0.334961 0.157227 0.000339508
6 0.322266 0.613281 0.0566406 0.132812 0.000348806
3 0.878906 0.65332 0.242188 0.285156 0.000350952
8 0.324707 0.321777 0.00878906 0.00683594 0.000355005
7 0.800293 0.177246 0.37207 0.354492 0.000356674
8 0.48291 0.362793 0.198242 0.163086 0.000359058
13 0.701172 0.629395 0.0605469 0.0400391 0.000362635
1 0.483398 0.354492 0.197266 0.152344 0.000365496
7 0.510254 0.601074 0.334961 0.157227 0.000367165
8 0.181641 0.131836 0.363281 0.244141 0.000367641
13 0.67334 0.60791 0.0458984 0.0673828 0.00036788
0 0.523438 0.340332 0.0625 0.0830078 0.000371218
1 0.181641 0.131836 0.363281 0.244141 0.000376463
12 0.483398 0.354492 0.197266 0.152344 0.000379801
5 0.47998 0.35791 0.200195 0.157227 0.000380516
11 0.510254 0.601074 0.334961 0.157227 0.000384569
8 0.350098 0.992188 0.0322266 0.015625 0.000388145
13 0.644043 0.616699 0.0986328 0.12207 0.00039506
3 0.179688 0.246094 0.359375 0.298828 0.000395298
9 0.400391 0.102051 0.164062 0.192383 0.000397682
11 0.556152 0.192871 0.0947266 0.0498047 0.00040102
9 0.725098 0.620117 0.0458984 0.0488281 0.000406981
4 0.510254 0.601074 0.334961 0.157227 0.000412703
1 0.510254 0.601074 0.334961 0.157227 0.000412703
3 0.76709 0.291016 0.46582 0.234375 0.000418186
5 0.796387 0.178223 0.401367 0.356445 0.000419617
13 0.510254 0.601074 0.334961 0.157227 0.000427008
8 0.510254 0.601074 0.334961 0.157227 0.000435591
2 0.556152 0.378906 0.0166016 0.0136719 0.000436306
13 0.293457 0.574707 0.151367 0.231445 0.00043869
9 0.266602 0.527832 0.154297 0.24707 0.000439882
0 0.435547 0.390137 0.148438 0.196289 0.000442743
3 0.726074 0.619141 0.0322266 0.0273438 0.000445127
2 0.557129 0.375488 0.0107422 0.0107422 0.000453949
13 0.306641 0.199219 0.0625 0.0449219 0.000459433
2 0.510254 0.601074 0.334961 0.157227 0.000459909
13 0.483398 0.354492 0.197266 0.152344 0.000461817
6 0.525879 0.345703 0.104492 0.121094 0.000472307
11 0.181641 0.131836 0.363281 0.244141 0.000473738
9 0.469238 0.435059 0.208008 0.331055 0.000474215
11 0.37207 0.180176 0.046875 0.0166016 0.000488758
11 0.529785 0.206055 0.0595703 0.0605469 0.000490665
10 0.726562 0.619141 0.0351562 0.0292969 0.000497341
12 0.510254 0.601074 0.334961 0.157227 0.000499249
6 0.726074 0.619141 0.0322266 0.0273438 0.000504017
13 0.66748 0.649414 0.0439453 0.0859375 0.000509262
0 0.524414 0.39502 0.126953 0.213867 0.000516415
11 0.564453 0.185059 0.0742188 0.0224609 0.000526428
3 0.938477 0.575684 0.123047 0.204102 0.000532627
2 0.320801 0.619141 0.0576172 0.138672 0.000535488
10 0.483398 0.354492 0.197266 0.152344 0.000539303
4 0.525879 0.345703 0.104492 0.119141 0.000545025
2 0.43457 0.342285 0.0253906 0.0302734 0.000566959
2 0.483398 0.354492 0.197266 0.152344 0.00057888
8 0.558105 0.380371 0.0185547 0.0166016 0.000581741
3 0.514648 0.65332 0.304688 0.134766 0.000585079
8 0.557129 0.375488 0.0107422 0.0107422 0.000589371
7 0.525879 0.345703 0.104492 0.121094 0.000601292
12 0.306641 0.199219 0.0625 0.0449219 0.000637531
11 0.477539 0.352051 0.199219 0.139648 0.000660419
10 0.510254 0.601074 0.334961 0.157227 0.000667572
2 0.306641 0.199219 0.0625 0.0449219 0.000668049
6 0.796387 0.178223 0.401367 0.356445 0.000688553
11 0.322754 0.193359 0.0517578 0.0351562 0.000696182
11 0.333984 0.191406 0.152344 0.0878906 0.000696659
12 0.525879 0.345703 0.104492 0.121094 0.000703335
11 0.638672 0.213867 0.078125 0.0703125 0.000731945
11 0.386719 0.193848 0.0664062 0.0419922 0.000743866
5 0.510254 0.601074 0.334961 0.157227 0.00074482
5 0.525879 0.345703 0.104492 0.121094 0.000760555
1 0.525879 0.345703 0.104492 0.119141 0.000792503
9 0.327637 0.600586 0.0634766 0.134766 0.000809669
11 0.604492 0.206055 0.107422 0.0449219 0.00083065
3 0.476562 0.357422 0.216797 0.162109 0.000892639
13 0.349121 0.565918 0.0419922 0.0673828 0.000924587
11 0.525879 0.345703 0.104492 0.119141 0.000933647
13 0.299316 0.650391 0.0517578 0.125 0.000957012
10 0.306641 0.199219 0.0625 0.0449219 0.000969887
7 0.26123 0.543945 0.174805 0.25 0.000979424
11 0.726074 0.618652 0.0341797 0.0283203 0.00101185
7 0.306152 0.199219 0.0615234 0.0449219 0.00102711
0 0.501953 0.445801 0.238281 0.331055 0.00106716
10 0.525879 0.345703 0.104492 0.121094 0.00109291
4 0.726074 0.618652 0.0341797 0.0283203 0.00111389
13 0.675781 0.626953 0.0722656 0.0957031 0.00112915
0 0.510742 0.594238 0.333984 0.147461 0.00117493
13 0.799316 0.176758 0.391602 0.337891 0.00119781
5 0.266602 0.527832 0.154297 0.24707 0.00124264
13 0.525879 0.345703 0.104492 0.119141 0.0012455
13 0.726074 0.619141 0.0322266 0.0273438 0.00125313
13 0.341797 0.572266 0.0566406 0.126953 0.00126743
9 0.0498047 0.959473 0.0683594 0.0810547 0.00131321
0 0.537598 0.322754 0.0732422 0.0732422 0.00133705
11 0.574707 0.200195 0.114258 0.0292969 0.00143623
13 0.361816 0.342285 0.0361328 0.0732422 0.00154686
8 0.523438 0.349609 0.109375 0.130859 0.00157452
1 0.306152 0.199219 0.0615234 0.0449219 0.00157547
13 0.312988 0.620117 0.0947266 0.154297 0.00161552
9 0.509766 0.605469 0.335938 0.140625 0.00175667
11 0.369629 0.173828 0.0439453 0.0175781 0.0017662
9 0.483398 0.354492 0.197266 0.152344 0.00179195
11 0.536621 0.19873 0.0517578 0.0341797 0.00192833
2 0.525391 0.345703 0.105469 0.121094 0.00201225
9 0.525879 0.345703 0.104492 0.121094 0.00209427
8 0.725098 0.620117 0.0458984 0.0488281 0.0022831
11 0.358887 0.180664 0.0751953 0.0253906 0.00260735
13 0.308594 0.640625 0.0332031 0.0742188 0.00268936
11 0.306641 0.203613 0.0820312 0.0751953 0.00276375
3 0.525879 0.345703 0.104492 0.119141 0.00291061
13 0.334473 0.583008 0.0419922 0.0703125 0.00345802
13 0.683105 0.622559 0.0537109 0.0458984 0.00358772
2 0.726074 0.619141 0.0322266 0.0273438 0.00392151
11 0.356934 0.189941 0.110352 0.0302734 0.00470734
11 0.558105 0.194336 0.0751953 0.0234375 0.00527954
11 0.378906 0.187012 0.0566406 0.0244141 0.00538254
7 0.726074 0.618652 0.0341797 0.0283203 0.00731659
13 0.317383 0.637207 0.0449219 0.120117 0.0112457
9 0.726074 0.618652 0.0341797 0.0283203 0.0126724
11 0.337402 0.193359 0.112305 0.0507812 0.0250397
13 0.325684 0.600098 0.0556641 0.110352 0.0283051
11 0.629883 0.210938 0.0527344 0.0449219 0.0632935
0 0.483398 0.354492 0.197266 0.152344 0.17041
8 0.726074 0.618652 0.0341797 0.0283203 0.218872
11 0.306152 0.199219 0.0615234 0.0449219 0.258545
3 0.509766 0.606934 0.335938 0.131836 0.376953
0 0.525879 0.345703 0.104492 0.119141 0.557129
