8 0.989746 0.297363 0.00878906 0.0419922 0.000101388
0 0.922363 0.274414 0.155273 0.542969 0.000101745
1 0.205566 0.115234 0.411133 0.230469 0.000102878
3 0.871582 0.347168 0.256836 0.338867 0.000103176
11 0.616211 0.133301 0.0722656 0.0244141 0.000104845
8 0.481445 0.430664 0.0214844 0.0234375 0.000107348
8 0.271484 0.462402 0.0273438 0.0224609 0.000108421
0 0.428711 0.996094 0.0527344 0.0078125 0.000109434
12 0.205566 0.115234 0.411133 0.230469 0.000111103
3 0.0751953 0.739746 0.150391 0.260742 0.00011152
8 0.205566 0.115234 0.411133 0.230469 0.000114441
12 0.893066 0.682617 0.213867 0.634766 0.00011915
7 0.962891 0.430176 0.0742188 0.104492 0.000119388
7 0.936035 0.25 0.116211 0.113281 0.000121176
11 0.588379 0.10498 0.0458984 0.0341797 0.00012219
0 0.947266 0.27832 0.0917969 0.0605469 0.000122309
12 0.898926 0.830566 0.202148 0.317383 0.000122905
3 0.744629 0.976074 0.133789 0.0263672 0.000131845
2 0.205566 0.115234 0.411133 0.230469 0.000137091
13 0.963867 0.461914 0.0683594 0.0957031 0.00013864
0 0.183594 0.884766 0.246094 0.230469 0.000138998
11 0.973145 0.450684 0.0498047 0.0517578 0.000139832
11 0.397949 0.0957031 0.0576172 0.0136719 0.000140667
11 0.205566 0.115234 0.411133 0.230469 0.000141144
0 0.522461 0.996094 0.0546875 0.0078125 0.000142694
3 0.121582 0.529785 0.243164 0.495117 0.000142694
11 0.374023 0.101074 0.0527344 0.0302734 0.000143409
9 0.259277 0.109375 0.0458984 0.0410156 0.000146151
13 0.399902 0.17334 0.0654297 0.0771484 0.000146508
4 0.205566 0.115234 0.411133 0.230469 0.000148773
2 0.626953 0.291016 0.0429688 0.0507812 0.00014925
13 0.38623 0.158691 0.0517578 0.0498047 0.000157475
9 0.16748 0.0605469 0.0576172 0.0390625 0.000158548
6 0.973633 0.450684 0.0488281 0.0498047 0.000161886
9 0.254883 0.813477 0.0175781 0.0253906 0.000167012
0 0.916504 0.692871 0.166992 0.614258 0.000168443
3 0.910645 0.700195 0.178711 0.470703 0.0001688
11 0.435547 0.0947266 0.09375 0.0292969 0.000172138
0 0.552246 0.99707 0.0439453 0.00585938 0.000174284
13 0.374512 0.399902 0.0341797 0.0283203 0.000182748
0 0.592773 0.994629 0.0546875 0.00878906 0.000184894
10 0.842285 0.549805 0.0302734 0.0566406 0.000185609
11 0.842285 0.549805 0.0302734 0.0566406 0.000193834
5 0.312988 0.383301 0.165039 0.208008 0.000200152
0 0.909668 0.813477 0.147461 0.138672 0.000203609
9 0.532715 0.263184 0.133789 0.147461 0.00021112
11 0.647461 0.104492 0.130859 0.0371094 0.000228763
0 0.59375 0.976562 0.046875 0.0371094 0.000229597
13 0.415039 0.185547 0.0351562 0.046875 0.000237226
3 0.907227 0.86084 0.185547 0.27832 0.000252485
11 0.475098 0.104004 0.0439453 0.0244141 0.000260592
0 0.57959 0.996094 0.0498047 0.0078125 0.000264645
13 0.94043 0.694824 0.119141 0.610352 0.000265837
3 0.203125 0.0952148 0.40625 0.19043 0.000279427
8 0.936035 0.250977 0.114258 0.115234 0.000282526
10 0.19873 0.538574 0.0244141 0.0400391 0.000319481
11 0.414551 0.100098 0.102539 0.0205078 0.000330925
0 0.542969 0.995605 0.0546875 0.00878906 0.000344992
8 0.503418 0.273926 0.0146484 0.0166016 0.000350237
0 0.898926 0.830566 0.202148 0.317383 0.000362873
0 0.537109 0.26709 0.140625 0.15332 0.000363111
8 0.973633 0.450684 0.0488281 0.0498047 0.000388145
9 0.304688 0.381836 0.15625 0.189453 0.000398874
11 0.45752 0.0991211 0.0634766 0.0185547 0.000406742
11 0.629395 0.0947266 0.0595703 0.015625 0.000458956
9 0.962891 0.430176 0.0742188 0.104492 0.000501633
0 0.564453 0.994629 0.0546875 0.0107422 0.000507355
8 0.273438 0.460938 0.0175781 0.015625 0.000510216
11 0.197754 0.541992 0.0224609 0.0371094 0.000523567
2 0.973633 0.450195 0.0507812 0.0507812 0.00061655
7 0.973145 0.450684 0.0498047 0.0517578 0.000647068
7 0.304688 0.381836 0.15625 0.189453 0.000861168
11 0.359375 0.108398 0.0527344 0.0390625 0.000952721
11 0.416016 0.09375 0.0664062 0.0136719 0.00109386
13 0.957031 0.430176 0.0859375 0.110352 0.00111866
11 0.67041 0.0961914 0.0810547 0.0263672 0.00122166
11 0.606934 0.0991211 0.0791016 0.0302734 0.00135231
3 0.576172 0.465332 0.28125 0.0927734 0.00161839
11 0.643555 0.0908203 0.0703125 0.015625 0.00179386
13 0.630859 0.288574 0.0429688 0.0517578 0.00179863
0 0.936035 0.25 0.116211 0.113281 0.00193501
0 0.566895 0.225098 0.0810547 0.0693359 0.00270844
11 0.438965 0.09375 0.0751953 0.015625 0.00283432
11 0.693848 0.102051 0.0498047 0.0322266 0.00290108
9 0.973145 0.450684 0.0498047 0.0517578 0.00762939
11 0.635254 0.0957031 0.104492 0.0214844 0.0101624
13 0.973145 0.450684 0.0498047 0.0517578 0.011795
