9 0.183594 0.931641 0.113281 0.130859 0.000100493
9 0.504883 0.198242 0.0996094 0.0664062 0.000100493
9 0.590332 0.15918 0.149414 0.109375 0.000100613
5 0.294434 0.533203 0.291992 0.246094 0.000100851
11 0.00927734 0.994629 0.0166016 0.0107422 0.000101089
10 0.117676 0.558105 0.174805 0.12207 0.000102043
10 0.720215 0.576172 0.368164 0.117188 0.000102222
10 0.86084 0.661621 0.27832 0.262695 0.000102878
12 0.21582 0.546387 0.408203 0.469727 0.000102937
1 0.749512 0.492188 0.352539 0.251953 0.000103056
10 0.90918 0.555176 0.0585938 0.0771484 0.000104725
9 0.652344 0.412109 0.121094 0.115234 0.000105321
11 0.859375 0.575684 0.222656 0.198242 0.00010556
9 0.115723 0.355957 0.231445 0.65918 0.000106812
2 0.123535 0.369629 0.0361328 0.0361328 0.000107646
2 0.749512 0.492188 0.352539 0.251953 0.00010848
9 0.915527 0.963867 0.0283203 0.0371094 0.00010854
9 0.719238 0.522461 0.245117 0.150391 0.000108719
11 0.630859 0.146973 0.115234 0.0400391 0.000109136
8 0.365234 0.435547 0.03125 0.0273438 0.000109732
8 0.364258 0.388184 0.0273438 0.0205078 0.000110805
3 0.505859 0.263184 0.244141 0.194336 0.000111163
3 0.961426 0.491699 0.0751953 0.237305 0.000111341
9 0.170898 0.96582 0.130859 0.0683594 0.000112295
2 0.601074 0.155762 0.0576172 0.0400391 0.000114441
9 0.41748 0.967773 0.415039 0.0644531 0.000115633
3 0.216309 0.442871 0.331055 0.286133 0.00011605
0 0.596191 0.260742 0.250977 0.234375 0.000117779
8 0.638184 0.300293 0.0283203 0.0224609 0.000118554
10 0.0571289 0.591309 0.0576172 0.0712891 0.000118911
0 0.0898438 0.967285 0.0195312 0.0400391 0.000119627
5 0.226562 0.378906 0.15625 0.308594 0.000120878
8 0.271484 0.507812 0.0195312 0.015625 0.000121772
7 0.866699 0.50293 0.213867 0.201172 0.000121832
2 0.496094 0.208496 0.287109 0.145508 0.000121832
10 0.878906 0.958984 0.212891 0.0820312 0.000122547
11 0.0898438 0.96582 0.0214844 0.0410156 0.000123024
10 0.807129 0.216309 0.383789 0.301758 0.000123501
9 0.874023 0.412109 0.244141 0.369141 0.000124454
9 0.875 0.112305 0.234375 0.203125 0.000125647
8 0.706543 0.354004 0.0185547 0.0166016 0.000127077
3 0.862793 0.500488 0.147461 0.155273 0.000127435
11 0.0078125 0.987793 0.015625 0.0244141 0.000127792
7 0.728027 0.505859 0.358398 0.269531 0.000129104
3 0.442871 0.956055 0.446289 0.0839844 0.000129223
3 0.869141 0.467773 0.230469 0.242188 0.000129819
10 0.143066 0.589844 0.286133 0.216797 0.000129938
5 0.161621 0.509277 0.131836 0.0693359 0.000130057
13 0.674316 0.271484 0.118164 0.154297 0.000131249
8 0.862305 0.383789 0.0390625 0.0371094 0.000133157
8 0.65332 0.398438 0.0800781 0.0644531 0.00013411
1 0.865234 0.522461 0.152344 0.138672 0.00013423
10 0.226562 0.225098 0.449219 0.21582 0.000135422
9 0.150391 0.977051 0.0195312 0.0185547 0.000136971
9 0.644531 0.553711 0.425781 0.193359 0.000137091
4 0.749512 0.492188 0.352539 0.251953 0.000138521
9 0.449219 0.493652 0.279297 0.329102 0.000140429
7 0.762695 0.587891 0.382812 0.167969 0.000140667
9 0.307617 0.485352 0.195312 0.271484 0.000141025
11 0.330566 0.13623 0.116211 0.0244141 0.000142455
13 0.225098 0.507812 0.383789 0.396484 0.000143409
7 0.887695 0.545898 0.121094 0.119141 0.000144601
6 0.702148 0.253906 0.224609 0.212891 0.000144839
11 0.719238 0.147461 0.233398 0.0488281 0.000149131
9 0.159668 0.977051 0.0576172 0.0400391 0.000150204
9 0.486328 0.337891 0.291016 0.261719 0.000150681
8 0.771484 0.403809 0.0195312 0.0146484 0.000150919
6 0.224609 0.484863 0.257812 0.108398 0.000154257
5 0.75 0.11084 0.5 0.198242 0.000155091
9 0.931641 0.550781 0.126953 0.232422 0.000155926
11 0.0668945 0.580078 0.0908203 0.101562 0.000159383
9 0.0761719 0.888672 0.113281 0.21875 0.000160336
9 0.885742 0.539551 0.130859 0.102539 0.000160575
8 0.714355 0.467773 0.237305 0.189453 0.000161886
13 0.664062 0.245605 0.078125 0.0830078 0.000162125
10 0.102539 0.534668 0.183594 0.28418 0.000162363
6 0.843262 0.504395 0.180664 0.166992 0.000162482
6 0.725098 0.453613 0.21582 0.176758 0.000162601
8 0.0898438 0.96582 0.0214844 0.0410156 0.000169873
6 0.224121 0.507812 0.385742 0.390625 0.000171304
9 0.596191 0.260742 0.250977 0.234375 0.0001719
6 0.316895 0.451172 0.174805 0.265625 0.000172496
5 0.0688477 0.368652 0.137695 0.489258 0.000174284
9 0.0703125 0.599609 0.134766 0.269531 0.000174522
9 0.776855 0.939941 0.336914 0.120117 0.000175714
10 0.821777 0.494141 0.206055 0.166016 0.000177503
9 0.700684 0.116699 0.438477 0.170898 0.000178337
9 0.699707 0.0654297 0.53418 0.126953 0.000178933
13 0.316895 0.451172 0.174805 0.265625 0.000179529
9 0.206543 0.878906 0.0439453 0.0390625 0.000181675
11 0.70166 0.138184 0.118164 0.0244141 0.000183344
13 0.26123 0.457031 0.15918 0.0390625 0.000193715
3 0.517578 0.019043 0.460938 0.0380859 0.000197649
5 0.299805 0.17627 0.316406 0.106445 0.000199795
5 0.773438 0.251953 0.257812 0.166016 0.000199914
10 0.905762 0.612793 0.172852 0.22168 0.000204444
13 0.75 0.228027 0.347656 0.202148 0.000204682
10 0.917969 0.577637 0.0898438 0.129883 0.000207424
5 0.158691 0.501953 0.178711 0.130859 0.000213623
2 0.498047 0.197754 0.167969 0.0849609 0.000216484
3 0.421387 0.97998 0.418945 0.0380859 0.000216603
2 0.49707 0.197754 0.0761719 0.0576172 0.000222564
13 0.291504 0.512207 0.0654297 0.0498047 0.000223279
9 0.0141602 0.906738 0.0244141 0.15918 0.000226378
9 0.595215 0.316406 0.393555 0.367188 0.000231743
6 0.238281 0.472168 0.316406 0.196289 0.000231981
9 0.231934 0.480469 0.237305 0.128906 0.000233173
9 0.396484 0.180176 0.265625 0.135742 0.000233769
5 0.673828 0.231445 0.134766 0.148438 0.0002352
8 0.274902 0.436035 0.0126953 0.0107422 0.000235558
7 0.299316 0.475098 0.141602 0.12793 0.000237226
11 0.0576172 0.130859 0.115234 0.0429688 0.000239968
5 0.348633 0.253906 0.199219 0.236328 0.000241637
9 0.864746 0.708984 0.219727 0.351562 0.000242114
9 0.17041 0.959961 0.0224609 0.0234375 0.000243425
9 0.98584 0.216797 0.0283203 0.0585938 0.00024581
0 0.548828 0.359863 0.480469 0.350586 0.000246286
5 0.274902 0.439941 0.196289 0.178711 0.000247955
3 0.916504 0.507812 0.151367 0.199219 0.000248194
9 0.781738 0.181152 0.436523 0.290039 0.000249147
9 0.411133 0.110352 0.363281 0.175781 0.000249147
9 0.931641 0.352539 0.136719 0.501953 0.000249386
9 0.649414 0.183105 0.242188 0.157227 0.000255823
9 0.299316 0.475098 0.141602 0.12793 0.000259876
9 0.19873 0.907715 0.0673828 0.131836 0.000261307
9 0.0380859 0.180176 0.0761719 0.0791016 0.000264168
9 0.608398 0.160156 0.105469 0.0683594 0.000270605
9 0.502441 0.19873 0.0458984 0.0380859 0.000272989
9 0.0854492 0.967285 0.0419922 0.0478516 0.000281572
9 0.859375 0.575684 0.222656 0.198242 0.000284433
11 0.224609 0.364746 0.445312 0.499023 0.000285387
9 0.822754 0.886719 0.291992 0.212891 0.000289202
10 0.0688477 0.572754 0.0927734 0.108398 0.000292063
11 0.755371 0.351562 0.34668 0.457031 0.000294924
9 0.171387 0.963867 0.0419922 0.0371094 0.000295877
6 0.300781 0.474609 0.138672 0.125 0.000299215
9 0.258301 0.225098 0.405273 0.206055 0.000309229
9 0.224609 0.486816 0.345703 0.364258 0.000316858
8 0.402832 0.426758 0.0458984 0.0351562 0.00032258
13 0.701172 0.266602 0.195312 0.208984 0.000338554
3 0.567383 0.571777 0.517578 0.204102 0.000339746
9 0.505859 0.198242 0.214844 0.101562 0.000339985
5 0.212402 0.600586 0.391602 0.326172 0.000340223
13 0.312988 0.460449 0.129883 0.151367 0.000342607
13 0.749512 0.492188 0.352539 0.251953 0.0003438
13 0.238281 0.472168 0.316406 0.196289 0.000346899
10 0.949219 0.543945 0.0976562 0.240234 0.000351429
9 0.0522461 0.401855 0.100586 0.540039 0.000351429
9 0.601074 0.157715 0.0576172 0.0419922 0.000354528
9 0.505371 0.0234375 0.483398 0.0449219 0.000354767
11 0.901855 0.554688 0.0693359 0.0820312 0.000355005
9 0.50293 0.193359 0.302734 0.173828 0.000356674
4 0.224609 0.364746 0.445312 0.499023 0.000361919
9 0.065918 0.876465 0.0224609 0.0244141 0.000376463
9 0.114746 0.833008 0.165039 0.330078 0.00037837
5 0.209961 0.346191 0.337891 0.217773 0.000385523
5 0.695312 0.184082 0.287109 0.168945 0.000387907
9 0.344238 0.406738 0.182617 0.342773 0.00039196
1 0.224609 0.364746 0.445312 0.499023 0.000394344
9 0.702148 0.253906 0.224609 0.212891 0.000394583
11 0.280273 0.149414 0.199219 0.0507812 0.000402927
3 0.580078 0.397949 0.492188 0.338867 0.000403643
1 0.755371 0.351562 0.34668 0.457031 0.000409126
4 0.755371 0.351562 0.34668 0.457031 0.000433683
5 0.381348 0.452637 0.213867 0.307617 0.000439167
10 0.0522461 0.401855 0.100586 0.540039 0.000451565
8 0.224609 0.364746 0.445312 0.499023 0.000453949
9 0.547363 0.104004 0.366211 0.202148 0.000454426
11 0.208984 0.182617 0.144531 0.09375 0.00048089
9 0.149902 0.974609 0.00878906 0.00976562 0.000482559
5 0.125488 0.453613 0.245117 0.489258 0.000487328
0 0.526367 0.210938 0.283203 0.142578 0.000491619
7 0.788086 0.532715 0.308594 0.166992 0.000497341
2 0.755371 0.351562 0.34668 0.457031 0.000504971
9 0.11377 0.682617 0.19043 0.287109 0.000514507
2 0.224609 0.364746 0.445312 0.499023 0.000518322
9 0.760254 0.632812 0.40332 0.212891 0.00052309
10 0.212402 0.600586 0.391602 0.326172 0.000526905
11 0.577148 0.499023 0.519531 0.177734 0.000531673
9 0.910156 0.649902 0.160156 0.303711 0.000543594
8 0.755371 0.351562 0.34668 0.457031 0.000545502
9 0.299805 0.17627 0.316406 0.106445 0.000555515
7 0.580566 0.500977 0.516602 0.173828 0.000571251
6 0.580566 0.500977 0.516602 0.173828 0.000574112
4 0.577148 0.499023 0.519531 0.177734 0.000574589
8 0.703125 0.334473 0.0195312 0.0166016 0.000578403
8 0.580566 0.500977 0.516602 0.173828 0.000580311
1 0.580566 0.500977 0.516602 0.173828 0.000580311
10 0.822754 0.886719 0.291992 0.212891 0.000593662
5 0.847656 0.495605 0.158203 0.151367 0.000609875
0 0.231934 0.35791 0.432617 0.493164 0.00061512
11 0.850586 0.51709 0.177734 0.147461 0.000629902
9 0.976562 0.43457 0.046875 0.0605469 0.000633717
3 0.540039 0.0322266 0.617188 0.0644531 0.000660896
10 0.210938 0.823242 0.324219 0.34375 0.000666142
10 0.755371 0.97998 0.366211 0.0400391 0.000667572
2 0.580566 0.500977 0.516602 0.173828 0.000670433
10 0.16748 0.903809 0.182617 0.19043 0.000670433
6 0.749512 0.492188 0.352539 0.251953 0.00068903
11 0.251953 0.164062 0.289062 0.0820312 0.000695229
11 0.328125 0.138672 0.177734 0.0351562 0.000696182
3 0.810059 0.524414 0.27832 0.15625 0.000696659
13 0.580566 0.500977 0.516602 0.173828 0.000702858
5 0.782227 0.224609 0.435547 0.292969 0.000717163
12 0.580566 0.500977 0.516602 0.173828 0.000721931
9 0.658691 0.398438 0.0849609 0.0664062 0.000725746
3 0.711426 0.460449 0.286133 0.208008 0.00073719
5 0.876465 0.352539 0.243164 0.503906 0.000745296
5 0.182129 0.510254 0.325195 0.239258 0.00075531
8 0.125977 0.369629 0.0292969 0.0322266 0.000755787
9 0.200195 0.92041 0.212891 0.157227 0.000792027
0 0.505859 0.319336 0.316406 0.183594 0.000792503
9 0.503906 0.409668 0.429688 0.405273 0.000797272
9 0.843262 0.504395 0.180664 0.166992 0.000807285
9 0.211426 0.782715 0.364258 0.416992 0.000813484
10 0.771484 0.502441 0.339844 0.291992 0.000830173
10 0.224609 0.364746 0.445312 0.499023 0.000833035
9 0.778809 0.78418 0.37207 0.431641 0.000851631
9 0.508301 0.26416 0.233398 0.174805 0.000859261
9 0.661133 0.405762 0.291016 0.350586 0.000880241
0 0.755371 0.351562 0.34668 0.457031 0.000908375
9 0.684082 0.402832 0.155273 0.176758 0.000917435
10 0.740723 0.95752 0.381836 0.0830078 0.00092268
0 0.577148 0.499023 0.519531 0.177734 0.00092411
7 0.224609 0.364746 0.445312 0.499023 0.000925541
7 0.86377 0.515625 0.139648 0.125 0.0009408
10 0.753418 0.352539 0.34668 0.451172 0.00095129
12 0.751465 0.357422 0.344727 0.472656 0.000952244
13 0.262207 0.483887 0.19043 0.114258 0.000976562
5 0.260254 0.268066 0.350586 0.272461 0.000991821
11 0.665527 0.140137 0.172852 0.0322266 0.00101852
10 0.577148 0.499023 0.519531 0.177734 0.00102234
7 0.755371 0.351562 0.34668 0.457031 0.00102425
5 0.659668 0.320312 0.262695 0.378906 0.00105572
3 0.583008 0.967285 0.527344 0.0634766 0.00110435
9 0.524414 0.0454102 0.572266 0.0888672 0.00123405
8 0.233398 0.506348 0.015625 0.0185547 0.00125122
13 0.297852 0.500488 0.0996094 0.0771484 0.00129414
5 0.802734 0.518066 0.294922 0.15332 0.00132847
7 0.725098 0.462891 0.235352 0.183594 0.00133514
12 0.224609 0.364746 0.445312 0.499023 0.00140095
13 0.231934 0.35791 0.432617 0.493164 0.00143337
9 0.195801 0.890625 0.0498047 0.0527344 0.00145817
5 0.817871 0.446289 0.208008 0.263672 0.00158119
9 0.211426 0.632812 0.379883 0.25 0.00158596
5 0.578125 0.48291 0.521484 0.19043 0.00159073
10 0.909668 0.541992 0.15332 0.167969 0.00160027
5 0.75293 0.329102 0.265625 0.238281 0.00163364
2 0.0898438 0.96582 0.0214844 0.0410156 0.00173855
13 0.755371 0.351562 0.34668 0.457031 0.00177574
10 0.785645 0.611328 0.383789 0.203125 0.00189018
11 0.890137 0.544922 0.110352 0.121094 0.00189495
9 0.75 0.491699 0.345703 0.245117 0.0019455
5 0.300781 0.474609 0.138672 0.125 0.00195122
9 0.780762 0.57373 0.34082 0.135742 0.00226974
10 0.778809 0.78418 0.37207 0.431641 0.00228691
10 0.891602 0.553223 0.113281 0.0908203 0.00250816
9 0.577148 0.499023 0.519531 0.177734 0.00251007
5 0.719238 0.421387 0.241211 0.260742 0.00278854
6 0.231934 0.35791 0.432617 0.493164 0.0032444
3 0.755371 0.351562 0.34668 0.457031 0.00337601
9 0.755371 0.352051 0.338867 0.446289 0.00375938
6 0.755371 0.352051 0.338867 0.446289 0.00401306
9 0.224609 0.364746 0.445312 0.499023 0.0040741
5 0.702148 0.253906 0.224609 0.212891 0.00410843
10 0.812988 0.55127 0.290039 0.165039 0.00416565
5 0.34082 0.362793 0.230469 0.444336 0.00432968
5 0.331055 0.442383 0.154297 0.230469 0.00487137
8 0.361328 0.435059 0.0214844 0.0166016 0.00610352
9 0.714844 0.451172 0.216797 0.185547 0.0063591
5 0.231934 0.480469 0.237305 0.128906 0.00755692
9 0.0898438 0.96582 0.0214844 0.0410156 0.00802612
3 0.224609 0.364746 0.445312 0.499023 0.00833893
5 0.749512 0.492188 0.352539 0.251953 0.00992584
5 0.234375 0.441406 0.337891 0.277344 0.0135345
0 0.508301 0.26416 0.233398 0.174805 0.0179138
10 0.865234 0.522461 0.152344 0.138672 0.0248718
5 0.224609 0.364746 0.445312 0.499023 0.156128
5 0.755371 0.352051 0.338867 0.446289 0.234375
3 0.577637 0.501465 0.520508 0.174805 0.302002
