11 0.554199 0.37793 0.129883 0.142578 0.00069046
8 0.106445 0.519043 0.0332031 0.0439453 0.000691891
8 0.0629883 0.13623 0.0126953 0.0107422 0.000692368
9 0.101074 0.493164 0.0322266 0.0703125 0.00069809
7 0.117676 0.632324 0.0146484 0.0126953 0.000699043
2 0.127441 0.463379 0.0517578 0.0693359 0.000704288
9 0.105957 0.738281 0.0322266 0.0253906 0.0007267
11 0.48877 0.382812 0.264648 0.15625 0.000731468
8 0.331543 0.389648 0.0244141 0.0214844 0.000736237
13 0.771973 0.472656 0.0224609 0.0175781 0.000736713
8 0.163574 0.552734 0.0244141 0.015625 0.000739574
7 0.159668 0.438477 0.133789 0.230469 0.000741959
6 0.180176 0.588379 0.178711 0.354492 0.00075388
2 0.201172 0.419922 0.193359 0.21875 0.000755787
8 0.260254 0.437012 0.0458984 0.0302734 0.000761986
8 0.125977 0.638672 0.0273438 0.0234375 0.000761986
8 0.336426 0.438477 0.0146484 0.00976562 0.000762939
9 0.869141 0.110352 0.015625 0.00976562 0.000768185
0 0.143555 0.321777 0.0175781 0.0166016 0.000769615
13 0.183594 0.603027 0.015625 0.0146484 0.000770569
9 0.429688 0.296387 0.134766 0.223633 0.000771999
8 0.354492 0.501953 0.0253906 0.0234375 0.000772953
13 0.184082 0.450195 0.141602 0.117188 0.000777721
2 0.354492 0.501953 0.0253906 0.0234375 0.000777721
2 0.65918 0.399902 0.0175781 0.0126953 0.00078249
13 0.78125 0.533691 0.0175781 0.0166016 0.000786304
13 0.117188 0.48584 0.0507812 0.0849609 0.000790596
0 0.571289 0.414062 0.0351562 0.0625 0.000796795
5 0.554199 0.379395 0.129883 0.147461 0.000807285
0 0.539551 0.686035 0.438477 0.161133 0.000808716
8 0.769531 0.699219 0.0292969 0.0273438 0.000809193
9 0.120117 0.632324 0.0292969 0.0224609 0.000815392
2 0.186035 0.595215 0.0986328 0.15918 0.000822544
1 0.159668 0.438477 0.133789 0.230469 0.000834465
11 0.324219 0.157227 0.107422 0.0234375 0.000837803
13 0.108398 0.51416 0.0136719 0.0126953 0.000855923
2 0.187988 0.42627 0.0712891 0.120117 0.000870705
7 0.181641 0.417969 0.0175781 0.015625 0.000871181
8 0.328613 0.303711 0.0283203 0.0292969 0.000874519
0 0.487305 0.33252 0.246094 0.151367 0.000896931
8 0.207031 0.549805 0.0410156 0.0371094 0.000898838
5 0.791992 0.700195 0.283203 0.242188 0.000940323
2 0.373535 0.579102 0.0341797 0.03125 0.000946522
13 0.169922 0.327148 0.0742188 0.0449219 0.000946999
2 0.374512 0.583008 0.0244141 0.015625 0.000965118
9 0.345703 0.548828 0.015625 0.015625 0.000973225
8 0.171387 0.603027 0.0283203 0.0205078 0.000976562
8 0.18457 0.450195 0.142578 0.113281 0.000980377
13 0.554688 0.376465 0.132812 0.141602 0.000981331
9 0.175781 0.525391 0.0136719 0.00976562 0.000983238
0 0.571777 0.408691 0.0791016 0.131836 0.000988007
8 0.178223 0.466309 0.0146484 0.0146484 0.000989914
11 0.209961 0.499512 0.236328 0.44043 0.00100994
9 0.125488 0.483887 0.0732422 0.0869141 0.00100994
2 0.15918 0.555176 0.0136719 0.0126953 0.00102711
11 0.114258 0.487793 0.0390625 0.0712891 0.00103188
8 0.137207 0.429199 0.0126953 0.0107422 0.00103951
13 0.146484 0.322266 0.0351562 0.0273438 0.00105572
2 0.555176 0.422852 0.0673828 0.111328 0.00106239
9 0.772461 0.472656 0.0292969 0.0234375 0.00107288
13 0.105957 0.736816 0.0166016 0.0166016 0.0010767
11 0.143555 0.321289 0.0234375 0.0214844 0.00108337
9 0.821777 0.602539 0.157227 0.291016 0.00108528
7 0.26123 0.438477 0.0166016 0.0117188 0.00111008
2 0.590332 0.387207 0.0166016 0.0166016 0.00111103
10 0.554199 0.379395 0.129883 0.147461 0.00111198
2 0.32959 0.304199 0.0263672 0.0244141 0.00111294
9 0.26123 0.438477 0.0166016 0.0117188 0.00111485
2 0.206543 0.545898 0.0380859 0.0332031 0.00112343
2 0.633301 0.47168 0.0634766 0.0878906 0.00112438
5 0.820801 0.555664 0.139648 0.205078 0.00112534
2 0.771973 0.697754 0.0283203 0.0302734 0.00113106
11 0.633301 0.15918 0.0791016 0.0332031 0.00113201
2 0.364746 0.564941 0.0791016 0.116211 0.00113392
2 0.318359 0.724121 0.015625 0.0146484 0.00114155
9 0.571289 0.417969 0.0195312 0.0175781 0.00114155
8 0.675293 0.433105 0.0126953 0.0107422 0.00115585
2 0.15625 0.396973 0.101562 0.18457 0.00115776
9 0.164551 0.415039 0.133789 0.236328 0.00116825
0 0.151367 0.473145 0.115234 0.143555 0.00116825
2 0.109863 0.507324 0.0224609 0.0380859 0.0011692
2 0.364746 0.506348 0.0458984 0.0283203 0.00117016
8 0.138672 0.39502 0.015625 0.0107422 0.00117111
8 0.162109 0.570312 0.015625 0.0117188 0.00118446
8 0.15918 0.559082 0.0214844 0.0146484 0.00119019
9 0.183105 0.487793 0.15332 0.206055 0.00119591
7 0.10791 0.514648 0.0146484 0.0117188 0.0012207
9 0.620605 0.477051 0.0185547 0.0126953 0.00123215
8 0.10498 0.519531 0.0244141 0.0214844 0.00124645
9 0.157227 0.325195 0.0527344 0.0371094 0.00125599
7 0.11377 0.489258 0.0361328 0.0683594 0.00126171
9 0.791992 0.700195 0.283203 0.242188 0.00127602
8 0.110352 0.414062 0.015625 0.015625 0.00129604
2 0.182129 0.464844 0.0126953 0.0117188 0.00130177
8 0.628906 0.512695 0.0117188 0.00976562 0.00130749
8 0.202148 0.541992 0.0253906 0.03125 0.00132179
13 0.117188 0.631836 0.0136719 0.0136719 0.00133228
9 0.79248 0.734375 0.293945 0.0898438 0.00135612
8 0.18457 0.465332 0.0820312 0.0654297 0.00135803
12 0.231445 0.521484 0.28125 0.523438 0.0013628
2 0.781738 0.535645 0.0400391 0.0302734 0.00137711
9 0.0957031 0.473633 0.015625 0.015625 0.00137901
2 0.623535 0.474609 0.0419922 0.0605469 0.00139523
8 0.345703 0.334473 0.0117188 0.0107422 0.00141239
9 0.205566 0.546875 0.0185547 0.0195312 0.00144386
13 0.210449 0.405762 0.202148 0.260742 0.00147247
9 0.768066 0.697266 0.0361328 0.0273438 0.00148296
8 0.157227 0.325195 0.0527344 0.0371094 0.00148773
8 0.376465 0.583008 0.0205078 0.015625 0.00149632
8 0.659668 0.792969 0.0166016 0.0136719 0.00150681
2 0.1875 0.421875 0.0253906 0.0273438 0.00151348
11 0.314941 0.192383 0.22168 0.107422 0.00154877
8 0.556152 0.386719 0.129883 0.167969 0.0015583
8 0.208008 0.547852 0.0429688 0.0175781 0.00157166
8 0.304199 0.441895 0.0166016 0.0126953 0.00157642
9 0.109863 0.507324 0.0224609 0.0380859 0.00161076
2 0.17334 0.421875 0.0419922 0.0488281 0.00162697
8 0.191406 0.539551 0.0683594 0.0439453 0.00162697
8 0.115234 0.480957 0.0527344 0.112305 0.00163078
9 0.846191 0.111816 0.0146484 0.0126953 0.0016346
8 0.131348 0.465332 0.0380859 0.0478516 0.00163651
11 0.59375 0.181641 0.115234 0.0800781 0.00165081
5 0.225586 0.694824 0.384766 0.495117 0.00167274
2 0.175781 0.525391 0.0136719 0.0117188 0.00167465
7 0.211914 0.525391 0.242188 0.445312 0.00167847
11 0.390137 0.22168 0.0869141 0.191406 0.00169563
8 0.189941 0.760742 0.0166016 0.0136719 0.00171089
8 0.186035 0.595215 0.0986328 0.15918 0.00175095
9 0.540527 0.674805 0.44043 0.162109 0.00175095
8 0.173828 0.522949 0.0136719 0.0107422 0.00175285
9 0.104004 0.730957 0.0205078 0.0302734 0.00175381
13 0.402344 0.262207 0.0683594 0.19043 0.00176334
8 0.10791 0.502441 0.0283203 0.0517578 0.00176811
7 0.183105 0.603027 0.0146484 0.0146484 0.00177956
2 0.746582 0.78418 0.0185547 0.0175781 0.00178051
8 0.113281 0.628418 0.0351562 0.0322266 0.00178528
13 0.183594 0.437988 0.0488281 0.0615234 0.00179195
9 0.768066 0.515625 0.276367 0.433594 0.00180149
11 0.368164 0.201172 0.109375 0.0996094 0.00181484
2 0.26123 0.438965 0.0166016 0.0126953 0.00184917
2 0.532227 0.299805 0.0253906 0.0195312 0.00190163
8 0.181641 0.463867 0.03125 0.0175781 0.00190735
7 0.10498 0.736328 0.0166016 0.0136719 0.00191307
7 0.144531 0.322266 0.0175781 0.015625 0.00196266
8 0.161621 0.565918 0.0166016 0.0146484 0.00200462
9 0.492676 0.398438 0.260742 0.191406 0.00205231
2 0.560547 0.428223 0.0488281 0.0498047 0.00206947
8 0.568848 0.42041 0.0263672 0.0244141 0.00208282
2 0.338379 0.712402 0.0126953 0.0126953 0.00208664
9 0.442383 0.413574 0.0507812 0.0576172 0.00212288
9 0.554688 0.376465 0.132812 0.141602 0.00213814
9 0.78125 0.533203 0.0195312 0.015625 0.00217628
8 0.120117 0.375977 0.0078125 0.0078125 0.00217628
2 0.126465 0.46582 0.0205078 0.0253906 0.00220299
2 0.18457 0.450195 0.142578 0.113281 0.00220871
3 0.488281 0.405762 0.271484 0.202148 0.00228119
9 0.183594 0.601562 0.015625 0.015625 0.00232124
2 0.190918 0.539062 0.0771484 0.0449219 0.00233841
8 0.771973 0.5625 0.0146484 0.0117188 0.00235939
2 0.106445 0.494141 0.03125 0.0625 0.00237083
11 0.151367 0.473145 0.115234 0.143555 0.00237274
8 0.780762 0.534668 0.0341797 0.0302734 0.00238609
8 0.10498 0.738281 0.0361328 0.0332031 0.00240517
8 0.338379 0.712402 0.0126953 0.0126953 0.00240707
8 0.590332 0.387207 0.0166016 0.0166016 0.00242996
0 0.450684 0.42334 0.0712891 0.0751953 0.00252533
9 0.77002 0.697266 0.0166016 0.0175781 0.00254631
3 0.228027 0.515137 0.297852 0.477539 0.00255775
9 0.772461 0.472656 0.0175781 0.0136719 0.00256538
9 0.168457 0.443848 0.0888672 0.0771484 0.00261307
8 0.179688 0.49707 0.166016 0.214844 0.00266647
11 0.67627 0.174316 0.155273 0.0576172 0.00268555
9 0.15918 0.563965 0.144531 0.334961 0.00268936
2 0.106445 0.734863 0.0234375 0.0263672 0.00272942
8 0.0952148 0.540527 0.0107422 0.00878906 0.0028553
9 0.757812 0.862305 0.291016 0.255859 0.0028553
2 0.35498 0.501465 0.0166016 0.0126953 0.00296402
8 0.115723 0.491211 0.0380859 0.0683594 0.00297546
11 0.341309 0.184082 0.137695 0.0615234 0.00299454
2 0.184082 0.601074 0.0166016 0.0166016 0.00304222
2 0.571289 0.414062 0.0351562 0.0625 0.00309944
3 0.554199 0.37793 0.129883 0.142578 0.00316238
8 0.180176 0.419922 0.0400391 0.0390625 0.00317764
0 0.563965 0.351074 0.100586 0.0869141 0.00329208
13 0.182129 0.418457 0.0205078 0.0185547 0.00330734
2 0.183105 0.440918 0.0556641 0.0673828 0.00334358
8 0.354492 0.500488 0.015625 0.0107422 0.00336838
9 0.394043 0.299805 0.0751953 0.181641 0.00337982
5 0.833496 0.638184 0.147461 0.250977 0.00339699
2 0.345703 0.548828 0.015625 0.015625 0.00345039
2 0.36377 0.560547 0.0595703 0.0625 0.00349045
9 0.125977 0.46582 0.015625 0.015625 0.00349426
11 0.22998 0.20166 0.0869141 0.0673828 0.00351906
2 0.0957031 0.473633 0.015625 0.015625 0.00364876
2 0.120605 0.631348 0.0283203 0.0224609 0.00378609
0 0.582031 0.422363 0.169922 0.229492 0.0037899
2 0.157227 0.325195 0.0527344 0.0371094 0.00382423
9 0.32666 0.302246 0.0166016 0.0166016 0.00391769
8 0.126465 0.46582 0.0205078 0.0253906 0.00392151
8 0.143066 0.398926 0.00878906 0.00878906 0.00392532
9 0.182129 0.417969 0.0166016 0.015625 0.00398254
11 0.716309 0.181152 0.0888672 0.0634766 0.00399399
8 0.182617 0.601562 0.0234375 0.0253906 0.00400925
13 0.144531 0.321289 0.0214844 0.0195312 0.00401306
13 0.180664 0.499512 0.167969 0.227539 0.00408173
8 0.318359 0.724121 0.015625 0.0146484 0.0042038
8 0.746582 0.78418 0.0185547 0.0175781 0.00423813
6 0.227051 0.54834 0.28418 0.524414 0.00423813
8 0.183594 0.437988 0.0488281 0.0615234 0.00426483
8 0.334961 0.38916 0.015625 0.0146484 0.00440216
7 0.394043 0.299805 0.0751953 0.181641 0.00462723
8 0.142578 0.703613 0.0136719 0.0126953 0.00463104
2 0.108398 0.51416 0.0136719 0.0126953 0.00466156
2 0.117188 0.48584 0.0507812 0.0849609 0.00487137
13 0.162109 0.41748 0.117188 0.21582 0.00490189
9 0.144531 0.321289 0.03125 0.0253906 0.00494003
8 0.543945 0.467285 0.0175781 0.0166016 0.00505066
13 0.16748 0.443359 0.0908203 0.0742188 0.00508118
8 0.65918 0.398926 0.0175781 0.0126953 0.00510406
2 0.769531 0.473145 0.0332031 0.0263672 0.00519562
8 0.141113 0.396973 0.0107422 0.00878906 0.00524139
9 0.746582 0.78418 0.0185547 0.0175781 0.00535202
2 0.620117 0.477539 0.0175781 0.0136719 0.00535965
8 0.291992 0.791504 0.0195312 0.0166016 0.00558853
8 0.182129 0.418457 0.0263672 0.0244141 0.00576782
8 0.286621 0.353027 0.0166016 0.0146484 0.00578308
2 0.105957 0.736816 0.0166016 0.0166016 0.00590897
8 0.209961 0.491699 0.251953 0.395508 0.00592804
2 0.560059 0.401367 0.129883 0.189453 0.00592804
11 0.319824 0.169922 0.135742 0.0371094 0.00595474
2 0.205566 0.546387 0.0185547 0.0185547 0.00596237
2 0.77002 0.697266 0.0166016 0.0175781 0.00606537
11 0.263184 0.19043 0.139648 0.0722656 0.00609207
8 0.109375 0.513672 0.0234375 0.0273438 0.00641632
9 0.150879 0.472168 0.112305 0.133789 0.00662613
8 0.769531 0.473145 0.0332031 0.0263672 0.00684738
9 0.117676 0.631348 0.0146484 0.0126953 0.00688934
8 0.685059 0.655273 0.0185547 0.015625 0.00715637
11 0.648438 0.165039 0.144531 0.0351562 0.0073967
8 0.262695 0.438965 0.0253906 0.0224609 0.00743103
13 0.231445 0.521484 0.28125 0.523438 0.00759888
2 0.442383 0.413574 0.0507812 0.0556641 0.00763702
8 0.184082 0.603027 0.0400391 0.0341797 0.00765991
9 0.114746 0.488281 0.0380859 0.0703125 0.0079422
5 0.15918 0.629395 0.126953 0.21582 0.00798035
8 0.120605 0.631348 0.0283203 0.0224609 0.00799561
2 0.32666 0.302246 0.0166016 0.0166016 0.00802612
8 0.16748 0.443359 0.0908203 0.0742188 0.00816345
2 0.179688 0.49707 0.166016 0.214844 0.00871277
9 0.10791 0.514648 0.0146484 0.0117188 0.00885773
2 0.78125 0.533691 0.0175781 0.0166016 0.0089798
8 0.621094 0.476562 0.0175781 0.015625 0.00898743
2 0.566895 0.423828 0.0302734 0.0351562 0.0092392
8 0.15918 0.555664 0.0117188 0.00976562 0.00928497
8 0.231445 0.606445 0.015625 0.0117188 0.00931549
2 0.125977 0.463379 0.015625 0.0146484 0.00952911
9 0.105469 0.736816 0.0175781 0.0166016 0.00984955
2 0.160156 0.443359 0.0800781 0.0761719 0.010025
8 0.105469 0.73584 0.0234375 0.0224609 0.0101089
8 0.144531 0.322266 0.0332031 0.0292969 0.0108109
8 0.749023 0.506348 0.015625 0.0146484 0.0111694
2 0.144531 0.321289 0.03125 0.0253906 0.0113525
8 0.0957031 0.473633 0.015625 0.015625 0.0116272
8 0.77002 0.697266 0.0166016 0.0175781 0.0116959
2 0.117188 0.631836 0.0136719 0.0136719 0.0122757
8 0.183105 0.464844 0.0146484 0.0117188 0.0129089
5 0.752441 0.510742 0.31543 0.494141 0.0129395
11 0.606934 0.165527 0.110352 0.0419922 0.0133667
13 0.148438 0.469727 0.105469 0.130859 0.0133972
2 0.772461 0.472656 0.0175781 0.0136719 0.0138702
8 0.571777 0.416504 0.0185547 0.0166016 0.014183
2 0.182129 0.418457 0.0205078 0.0185547 0.0151825
2 0.571289 0.417969 0.0195312 0.0175781 0.0184021
2 0.209961 0.491699 0.251953 0.395508 0.0184631
8 0.327148 0.302246 0.0175781 0.0166016 0.0194244
8 0.205566 0.546875 0.0185547 0.0195312 0.0210114
8 0.150879 0.472168 0.112305 0.133789 0.0221558
9 0.143555 0.320801 0.0175781 0.0166016 0.0221863
9 0.782715 0.79541 0.299805 0.15332 0.0225067
5 0.180176 0.588379 0.178711 0.354492 0.0229645
8 0.175781 0.525391 0.0136719 0.00976562 0.0235291
9 0.211914 0.525391 0.242188 0.445312 0.0303955
8 0.125977 0.463379 0.015625 0.0146484 0.0378723
8 0.345703 0.548828 0.015625 0.015625 0.0382385
5 0.80957 0.555664 0.183594 0.378906 0.0393372
8 0.771484 0.473145 0.0214844 0.0166016 0.0413818
8 0.78125 0.532715 0.0175781 0.0166016 0.0565491
2 0.150391 0.472656 0.113281 0.132812 0.0576477
8 0.116211 0.630859 0.0136719 0.0136719 0.0706787
2 0.144531 0.321289 0.0175781 0.015625 0.0709229
8 0.181641 0.417969 0.0175781 0.015625 0.0928955
8 0.26123 0.438477 0.0166016 0.0117188 0.0933838
5 0.227051 0.54834 0.28418 0.524414 0.0948486
8 0.10791 0.514648 0.0146484 0.0117188 0.106018
8 0.10498 0.736328 0.0166016 0.0136719 0.134644
8 0.183105 0.603027 0.0146484 0.0146484 0.149292
8 0.143555 0.321777 0.0175781 0.0166016 0.187012
0 0.492676 0.398438 0.260742 0.191406 0.246094
3 0.541504 0.680664 0.438477 0.144531 0.423828
0 0.553711 0.379395 0.132812 0.149414 0.578613
