9 0.552734 0.626465 0.341797 0.243164 0.000100315
11 0.197754 0.205078 0.395508 0.410156 0.000100553
6 0.265137 0.596191 0.217773 0.31543 0.000101209
3 0.0952148 0.875488 0.19043 0.227539 0.000101626
10 0.806641 0.211426 0.386719 0.422852 0.000102401
2 0.197754 0.205078 0.395508 0.410156 0.000103354
11 0.555664 0.294434 0.0585938 0.0146484 0.000103772
11 0.580078 0.310547 0.0605469 0.0195312 0.000104666
9 0.289062 0.0175781 0.0488281 0.03125 0.000107706
11 0.447754 0.015625 0.18457 0.03125 0.000109613
11 0.348633 0.322754 0.146484 0.0517578 0.000110149
4 0.181641 0.193848 0.335938 0.368164 0.000110686
9 0.364746 0.0126953 0.0673828 0.0253906 0.000112057
13 0.608887 0.333008 0.0244141 0.0371094 0.000112295
11 0.991211 0.362305 0.0175781 0.0703125 0.000112474
11 0.537598 0.00683594 0.12207 0.0136719 0.000112772
11 0.369141 0.294434 0.0644531 0.0146484 0.000116348
5 0.275879 0.563477 0.229492 0.335938 0.000118434
8 0.65918 0.553223 0.0566406 0.0224609 0.00012058
7 0.181641 0.193848 0.335938 0.368164 0.000121474
11 0.602051 0.320312 0.114258 0.0449219 0.000123262
13 0.26416 0.192383 0.374023 0.376953 0.000124216
2 0.982422 0.0112305 0.0195312 0.0185547 0.000124454
13 0.325195 0.492676 0.0839844 0.0634766 0.000128627
0 0.882324 0.543457 0.235352 0.407227 0.000129223
0 0.126465 0.929688 0.172852 0.136719 0.0001297
0 0.378906 0.0253906 0.0527344 0.0507812 0.0001297
8 0.446289 0.0527344 0.195312 0.0976562 0.000129938
8 0.674316 0.551758 0.0244141 0.0253906 0.000130296
0 0.537598 0.51709 0.0869141 0.0791016 0.000130892
7 0.233887 0.577148 0.0712891 0.0390625 0.000131845
11 0.989746 0.412109 0.0205078 0.123047 0.000132561
11 0.245605 0.437012 0.0380859 0.0400391 0.000133276
13 0.244629 0.48584 0.0654297 0.0361328 0.000133753
11 0.252441 0.347168 0.0576172 0.0458984 0.000134349
9 0.585938 0.306641 0.0761719 0.0234375 0.000136256
10 0.0488281 0.854492 0.0976562 0.291016 0.000139356
13 0.34082 0.530273 0.046875 0.0546875 0.000139832
10 0.181641 0.193848 0.335938 0.368164 0.000140667
13 0.24707 0.529785 0.125 0.116211 0.000146151
1 0.262695 0.666992 0.214844 0.193359 0.000147343
7 0.674316 0.549805 0.0146484 0.0117188 0.00014925
0 0.504395 0.468262 0.0986328 0.0791016 0.000150323
13 0.286133 0.501953 0.205078 0.175781 0.000152111
7 0.879395 0.544922 0.241211 0.482422 0.000153303
9 0.500977 0.00976562 0.0683594 0.0195312 0.000153422
11 0.576172 0.325195 0.0996094 0.0664062 0.000156403
13 0.362793 0.587402 0.0771484 0.0693359 0.00015676
2 0.879395 0.544922 0.241211 0.482422 0.000160933
7 0.249512 0.573242 0.200195 0.320312 0.000165224
9 0.312012 0.637207 0.15918 0.161133 0.000165462
9 0.245605 0.437012 0.0380859 0.0400391 0.000166774
2 0.444336 0.0356445 0.1875 0.0712891 0.0001688
13 0.604492 0.450684 0.0527344 0.0908203 0.000170588
9 0.48291 0.49707 0.198242 0.140625 0.000173569
9 0.401367 0.0317383 0.0976562 0.0615234 0.000175476
9 0.987793 0.012207 0.0224609 0.0244141 0.000180125
6 0.247559 0.583496 0.0986328 0.0517578 0.000183344
10 0.368164 0.019043 0.0722656 0.0361328 0.000188112
7 0.89209 0.888184 0.206055 0.223633 0.000192642
10 0.265137 0.666992 0.217773 0.193359 0.000193
3 0.574219 0.739746 0.355469 0.120117 0.000195503
9 0.247559 0.583496 0.0986328 0.0517578 0.000195742
13 0.245117 0.567383 0.177734 0.265625 0.000199556
13 0.248047 0.538574 0.109375 0.0537109 0.000201583
9 0.525879 0.0395508 0.231445 0.0791016 0.000205398
7 0.447754 0.015625 0.18457 0.03125 0.000207782
8 0.476074 0.238281 0.0302734 0.0292969 0.000213981
9 0.461426 0.0131836 0.0458984 0.0263672 0.000215054
11 0.395996 0.364746 0.0673828 0.129883 0.000216603
9 0.488281 0.203125 0.0273438 0.0273438 0.000216722
11 0.322754 0.318359 0.12793 0.03125 0.000222087
11 0.882324 0.543457 0.235352 0.407227 0.000226736
13 0.22998 0.561523 0.0712891 0.0527344 0.000227928
8 0.262695 0.666992 0.214844 0.193359 0.000228167
10 0.882324 0.543457 0.235352 0.407227 0.000239611
13 0.355957 0.541504 0.0556641 0.0478516 0.000244856
8 0.882324 0.543457 0.235352 0.407227 0.000245333
7 0.587402 0.313965 0.0732422 0.0322266 0.000245571
9 0.377441 0.0454102 0.0654297 0.0908203 0.00025177
11 0.396973 0.32959 0.0771484 0.0615234 0.000257015
7 0.312012 0.665527 0.143555 0.124023 0.000257254
1 0.882324 0.543457 0.235352 0.407227 0.000257492
4 0.882324 0.543457 0.235352 0.407227 0.000257969
13 0.243164 0.257812 0.046875 0.0566406 0.000258684
13 0.277832 0.524414 0.161133 0.0703125 0.000259161
13 0.260254 0.504395 0.0947266 0.0634766 0.000259876
4 0.89209 0.888184 0.206055 0.223633 0.000267267
11 0.532715 0.0112305 0.196289 0.0224609 0.000267982
6 0.255371 0.603516 0.141602 0.115234 0.000268698
13 0.674316 0.549805 0.0146484 0.0117188 0.000268936
0 0.552246 0.514648 0.0986328 0.146484 0.000277519
6 0.533203 0.486328 0.121094 0.111328 0.000278234
3 0.89209 0.915039 0.186523 0.164062 0.00028038
9 0.59375 0.322266 0.0527344 0.0332031 0.000284672
13 0.239746 0.57666 0.0517578 0.0283203 0.000287771
13 0.600586 0.323242 0.0429688 0.0371094 0.000288248
7 0.603516 0.320312 0.0371094 0.0351562 0.000290632
9 0.255859 0.603516 0.152344 0.115234 0.00029397
0 0.529785 0.482422 0.0615234 0.0820312 0.000295401
2 0.447754 0.015625 0.18457 0.03125 0.000296116
13 0.356445 0.505859 0.03125 0.03125 0.000305414
13 0.587402 0.313965 0.0732422 0.0322266 0.000314474
2 0.89209 0.896973 0.200195 0.204102 0.000324011
2 0.568848 0.171387 0.0244141 0.0224609 0.000325918
2 0.378418 0.019043 0.0556641 0.0380859 0.000326872
7 0.455078 0.050293 0.203125 0.100586 0.000332117
13 0.233398 0.431641 0.0292969 0.0390625 0.000334978
8 0.69043 0.613281 0.015625 0.0117188 0.000335455
1 0.890625 0.896484 0.203125 0.205078 0.000336647
9 0.526367 0.0117188 0.166016 0.0234375 0.000342607
7 0.253906 0.585449 0.103516 0.0439453 0.000353098
13 0.244141 0.427734 0.0585938 0.0605469 0.000358343
11 0.591797 0.322754 0.0566406 0.0380859 0.000360012
4 0.533203 0.486328 0.121094 0.111328 0.000365496
11 0.370605 0.0205078 0.0712891 0.0410156 0.000378132
3 0.882324 0.543457 0.235352 0.407227 0.000381708
11 0.293945 0.320801 0.0625 0.0361328 0.000382662
13 0.348145 0.521484 0.0810547 0.0703125 0.000385761
13 0.288574 0.476562 0.102539 0.0625 0.000398636
9 0.270996 0.571777 0.229492 0.311523 0.000399113
12 0.89209 0.888184 0.206055 0.223633 0.000402451
8 0.89209 0.896973 0.200195 0.204102 0.000407457
7 0.533203 0.486328 0.121094 0.111328 0.000407696
9 0.982422 0.0112305 0.0195312 0.0185547 0.000411987
13 0.313965 0.505859 0.141602 0.09375 0.000413418
13 0.650391 0.555664 0.0585938 0.0234375 0.000437021
13 0.244141 0.416016 0.0332031 0.0625 0.00044179
3 0.552734 0.626465 0.341797 0.243164 0.000452995
11 0.26709 0.335938 0.0712891 0.0507812 0.00048089
9 0.476074 0.238281 0.0302734 0.0292969 0.000484943
11 0.34375 0.311035 0.0585938 0.0107422 0.000485182
7 0.606934 0.324219 0.0205078 0.0234375 0.000488758
11 0.617676 0.313477 0.0712891 0.03125 0.000494957
12 0.882324 0.543457 0.235352 0.407227 0.000504494
11 0.890625 0.896484 0.203125 0.205078 0.00052309
11 0.609863 0.313965 0.0419922 0.0224609 0.000524521
13 0.298828 0.485352 0.0605469 0.03125 0.000536442
5 0.533203 0.486328 0.121094 0.111328 0.000537872
13 0.533203 0.486328 0.121094 0.111328 0.000540257
5 0.265137 0.666992 0.217773 0.193359 0.000543118
12 0.533203 0.486328 0.121094 0.111328 0.000544071
8 0.606445 0.323242 0.0214844 0.0234375 0.00055027
13 0.26709 0.48877 0.0673828 0.0419922 0.000552654
1 0.533203 0.486328 0.121094 0.111328 0.000570297
7 0.290527 0.615234 0.186523 0.179688 0.000571251
13 0.376953 0.588379 0.0488281 0.0341797 0.000603676
2 0.674316 0.549805 0.0146484 0.0117188 0.000605583
7 0.557617 0.687988 0.369141 0.151367 0.000613689
6 0.557617 0.687988 0.369141 0.151367 0.000615597
11 0.368652 0.30127 0.0712891 0.0185547 0.000653267
13 0.274902 0.626953 0.186523 0.185547 0.000665188
8 0.533203 0.486328 0.121094 0.111328 0.000698566
4 0.557617 0.687988 0.369141 0.151367 0.000708103
11 0.572754 0.30127 0.0810547 0.0224609 0.000712395
1 0.555664 0.692871 0.371094 0.12793 0.000712395
4 0.262695 0.666992 0.214844 0.193359 0.000749111
12 0.557617 0.687988 0.369141 0.151367 0.000750542
9 0.397461 0.363281 0.0683594 0.130859 0.000751495
11 0.533203 0.486328 0.121094 0.111328 0.000758171
8 0.555664 0.692871 0.371094 0.12793 0.00079155
2 0.555664 0.692871 0.371094 0.12793 0.000807285
13 0.252441 0.448242 0.0302734 0.0351562 0.000808716
2 0.533203 0.486328 0.121094 0.111328 0.000822544
11 0.556641 0.695312 0.373047 0.125 0.000823498
13 0.556641 0.687988 0.371094 0.151367 0.000823498
11 0.376465 0.316406 0.0908203 0.0351562 0.00083065
11 0.279785 0.328125 0.0517578 0.0332031 0.000841141
11 0.55127 0.345215 0.0927734 0.0947266 0.000870228
5 0.557617 0.687988 0.369141 0.151367 0.000873566
13 0.241699 0.239746 0.0595703 0.114258 0.000873566
9 0.430664 0.0131836 0.144531 0.0263672 0.000946045
0 0.544434 0.463379 0.0810547 0.0634766 0.00097847
7 0.255371 0.603516 0.141602 0.115234 0.00102234
0 0.869141 0.897949 0.205078 0.202148 0.00105858
7 0.397461 0.363281 0.0683594 0.130859 0.00112343
10 0.533203 0.486328 0.121094 0.111328 0.00114059
10 0.556641 0.687988 0.371094 0.151367 0.0011549
9 0.674316 0.549805 0.0146484 0.0117188 0.00117302
9 0.605469 0.323242 0.0253906 0.0273438 0.0011797
13 0.267578 0.59082 0.142578 0.0976562 0.00126648
9 0.499023 0.027832 0.126953 0.0556641 0.00130177
3 0.804199 0.577148 0.391602 0.529297 0.00132465
13 0.368164 0.51709 0.0546875 0.0537109 0.0015955
0 0.555664 0.692871 0.371094 0.12793 0.00160217
8 0.569336 0.171387 0.0234375 0.0224609 0.00161171
9 0.533203 0.486328 0.121094 0.111328 0.00163174
9 0.556641 0.694824 0.371094 0.12793 0.00164032
11 0.603516 0.320801 0.03125 0.0283203 0.00166035
13 0.26416 0.461914 0.0830078 0.107422 0.00167179
11 0.539062 0.336914 0.0625 0.0625 0.00169849
11 0.59668 0.306641 0.0605469 0.0234375 0.00175571
13 0.605469 0.323242 0.0253906 0.0273438 0.00190735
6 0.286133 0.645508 0.189453 0.162109 0.00206375
9 0.265137 0.666992 0.217773 0.193359 0.00208664
9 0.569336 0.170898 0.0234375 0.0214844 0.00224113
13 0.26416 0.587891 0.124023 0.0488281 0.00231743
11 0.554199 0.322754 0.0693359 0.0458984 0.00242996
3 0.53125 0.48584 0.123047 0.110352 0.00257492
11 0.363281 0.306641 0.0996094 0.0234375 0.00268745
0 0.50293 0.499023 0.181641 0.152344 0.00289726
13 0.259766 0.491211 0.0449219 0.0273438 0.00302505
9 0.378418 0.0214844 0.0556641 0.0429688 0.00435257
11 0.574219 0.310547 0.0957031 0.03125 0.00447464
11 0.344727 0.311523 0.0996094 0.015625 0.00458145
9 0.453613 0.0483398 0.200195 0.0966797 0.0048027
13 0.253418 0.449219 0.0517578 0.0644531 0.00505447
9 0.483887 0.0146484 0.112305 0.0273438 0.00548935
13 0.223633 0.570801 0.0546875 0.0263672 0.00623322
8 0.674316 0.549805 0.0146484 0.0117188 0.00800323
3 0.556641 0.712402 0.380859 0.24707 0.00960541
7 0.262695 0.666992 0.214844 0.193359 0.0109482
13 0.245605 0.437012 0.0380859 0.0400391 0.0142365
13 0.240234 0.579102 0.0839844 0.0390625 0.0156708
9 0.446777 0.0234375 0.19043 0.0449219 0.0184174
0 0.533691 0.481445 0.118164 0.0996094 0.569824
3 0.555664 0.694824 0.371094 0.112305 0.726562
