11 0.21875 0.606445 0.0878906 0.0605469 0.000128865
8 0.557617 0.636719 0.388672 0.103516 0.000129819
8 0.292969 0.435059 0.314453 0.438477 0.000131845
8 0.794922 0.104004 0.410156 0.208008 0.000131845
9 0.480957 0.371094 0.31543 0.314453 0.000132442
7 0.557617 0.636719 0.388672 0.103516 0.000132442
4 0.794922 0.104004 0.410156 0.208008 0.000133634
9 0.611816 0.32666 0.0263672 0.0224609 0.00013423
11 0.427246 0.242188 0.0693359 0.0429688 0.000134826
11 0.26416 0.610352 0.180664 0.0605469 0.000134826
13 0.22168 0.584961 0.148438 0.179688 0.000135899
12 0.347168 0.243652 0.18457 0.0458984 0.000136614
7 0.271484 0.543457 0.222656 0.27832 0.000136852
9 0.348633 0.396484 0.216797 0.296875 0.000136971
9 0.700684 0.578613 0.135742 0.0517578 0.00013876
6 0.215332 0.604004 0.0556641 0.0400391 0.000139117
7 0.76709 0.531738 0.118164 0.0712891 0.000139236
13 0.361328 0.581543 0.0996094 0.0966797 0.000139356
6 0.559082 0.385254 0.114258 0.114258 0.000140071
2 0.41748 0.472168 0.0966797 0.172852 0.000140309
4 0.292969 0.435059 0.314453 0.438477 0.000140786
12 0.365234 0.232422 0.125 0.0253906 0.000142455
3 0.528809 0.981934 0.424805 0.0341797 0.000142455
0 0.111328 0.195801 0.222656 0.391602 0.000142813
1 0.200195 0.595703 0.0546875 0.0371094 0.000145197
9 0.225098 0.57666 0.124023 0.100586 0.000147343
1 0.75293 0.682129 0.351562 0.0927734 0.000147343
1 0.557617 0.636719 0.388672 0.103516 0.000148296
1 0.377441 0.23291 0.110352 0.0224609 0.000148296
9 0.726562 0.614258 0.224609 0.0859375 0.000149965
9 0.769043 0.533691 0.172852 0.110352 0.000150084
1 0.794922 0.104004 0.410156 0.208008 0.000151277
2 0.693848 0.56543 0.137695 0.0703125 0.000151873
2 0.20752 0.604492 0.0771484 0.0644531 0.000153303
7 0.318359 0.268066 0.226562 0.106445 0.000154138
9 0.254395 0.830566 0.34082 0.311523 0.000154734
10 0.739746 0.881348 0.354492 0.21582 0.000154853
13 0.794922 0.104004 0.410156 0.208008 0.000154853
7 0.225098 0.57666 0.124023 0.100586 0.000155091
9 0.322754 0.950684 0.114258 0.0888672 0.00015533
9 0.818848 0.659668 0.211914 0.0751953 0.000155568
10 0.745605 0.977539 0.209961 0.0410156 0.000158072
13 0.347168 0.241211 0.178711 0.0410156 0.00015831
11 0.3125 0.246582 0.0898438 0.0498047 0.000159621
1 0.292969 0.435059 0.314453 0.438477 0.000160575
9 0.246094 0.686523 0.261719 0.146484 0.000160933
0 0.404785 0.487793 0.0712891 0.125977 0.000165462
8 0.200195 0.595703 0.0546875 0.0371094 0.000167131
7 0.72168 0.563477 0.166016 0.111328 0.000167489
10 0.112305 0.720703 0.0292969 0.046875 0.000169277
1 0.725586 0.59668 0.126953 0.0742188 0.00017035
7 0.40625 0.450195 0.0683594 0.0996094 0.000170946
13 0.818359 0.253906 0.363281 0.507812 0.000172019
13 0.557617 0.636719 0.388672 0.103516 0.000172019
13 0.217773 0.581543 0.09375 0.0556641 0.000172973
13 0.744141 0.592773 0.0625 0.0351562 0.000174046
2 0.795898 0.124023 0.408203 0.248047 0.000174761
6 0.210938 0.602539 0.0371094 0.0253906 0.000176787
5 0.416992 0.463379 0.0957031 0.176758 0.000177383
10 0.739746 0.93457 0.323242 0.130859 0.000178933
4 0.559082 0.385254 0.114258 0.114258 0.000179887
11 0.382324 0.250488 0.137695 0.0537109 0.000180244
13 0.347168 0.602539 0.0517578 0.0507812 0.000181675
11 0.557129 0.629883 0.375977 0.103516 0.000183463
7 0.65918 0.669434 0.253906 0.0849609 0.000183582
2 0.557617 0.636719 0.388672 0.103516 0.000184417
3 0.20752 0.146973 0.415039 0.217773 0.000186563
13 0.188477 0.539062 0.0332031 0.0351562 0.000188112
9 0.366699 0.231445 0.108398 0.0253906 0.000188112
8 0.76416 0.685547 0.333008 0.0957031 0.000188828
13 0.384277 0.560547 0.0771484 0.115234 0.000190377
0 0.552246 0.368652 0.0634766 0.0712891 0.000191927
13 0.751465 0.626465 0.293945 0.15332 0.000192404
11 0.192871 0.587891 0.0400391 0.0214844 0.000197172
3 0.550781 0.572266 0.384766 0.246094 0.00019896
2 0.754395 0.681641 0.344727 0.0917969 0.000200629
13 0.755859 0.630371 0.148438 0.0810547 0.000201106
7 0.839844 0.674316 0.189453 0.0830078 0.000204563
9 0.740234 0.959961 0.300781 0.0800781 0.00020504
10 0.416992 0.463379 0.0957031 0.176758 0.000205755
7 0.321289 0.247559 0.181641 0.0595703 0.000206351
11 0.112305 0.720703 0.0292969 0.046875 0.00020957
12 0.557617 0.636719 0.388672 0.103516 0.000210643
9 0.412109 0.477051 0.242188 0.260742 0.000212431
11 0.291016 0.438965 0.308594 0.438477 0.000214338
8 0.208008 0.610352 0.0742188 0.0664062 0.000215411
11 0.795898 0.124023 0.408203 0.248047 0.000216126
12 0.241699 0.343262 0.241211 0.217773 0.000217319
11 0.772949 0.524414 0.120117 0.0644531 0.000218272
13 0.822754 0.495605 0.0556641 0.0341797 0.00022018
12 0.733398 0.437988 0.324219 0.446289 0.000220299
11 0.687988 0.214355 0.0712891 0.0185547 0.000223994
13 0.416992 0.463379 0.0957031 0.176758 0.000224113
5 0.276367 0.46875 0.289062 0.515625 0.000228643
5 0.212891 0.60791 0.0820312 0.0654297 0.000231624
11 0.587402 0.231934 0.0595703 0.0517578 0.000235558
7 0.559082 0.385254 0.114258 0.114258 0.000236273
12 0.418457 0.472656 0.106445 0.181641 0.000237942
9 0.738281 0.546875 0.103516 0.0800781 0.000245333
10 0.850586 0.983398 0.0957031 0.0332031 0.000248909
13 0.256348 0.554688 0.0849609 0.0488281 0.000249386
5 0.493652 0.432129 0.237305 0.204102 0.000249386
9 0.195801 0.588379 0.0556641 0.0322266 0.000251293
6 0.759277 0.536621 0.147461 0.0947266 0.000253439
13 0.187012 0.573242 0.0478516 0.0332031 0.000253916
9 0.263672 0.610352 0.177734 0.0546875 0.000255108
12 0.396973 0.296875 0.12793 0.148438 0.000260353
1 0.419434 0.462402 0.106445 0.182617 0.000262976
13 0.365234 0.232422 0.125 0.0253906 0.000262976
5 0.557617 0.636719 0.388672 0.103516 0.000266314
11 0.76416 0.685547 0.333008 0.0957031 0.000267029
3 0.825684 0.132324 0.348633 0.25293 0.000267744
0 0.76416 0.685547 0.333008 0.0957031 0.000269175
13 0.236816 0.563965 0.124023 0.0830078 0.00026989
13 0.711426 0.558594 0.12207 0.0742188 0.000270128
9 0.40625 0.458496 0.0683594 0.100586 0.000273943
9 0.697266 0.703125 0.203125 0.0742188 0.000274181
13 0.785645 0.520996 0.0771484 0.0439453 0.000281334
9 0.429199 0.313965 0.116211 0.186523 0.000283003
11 0.608398 0.234863 0.0957031 0.0712891 0.000286341
6 0.304688 0.316406 0.269531 0.191406 0.000287771
11 0.652344 0.210938 0.0507812 0.0136719 0.000294209
11 0.419434 0.462402 0.106445 0.182617 0.000296354
11 0.668457 0.204102 0.112305 0.0214844 0.000296354
11 0.385742 0.225098 0.123047 0.0205078 0.00029707
13 0.559082 0.385254 0.114258 0.114258 0.0002985
11 0.48291 0.0166016 0.272461 0.0332031 0.000300169
9 0.729492 0.361328 0.275391 0.257812 0.0003016
13 0.360352 0.632324 0.0605469 0.0986328 0.000302076
9 0.756348 0.700195 0.370117 0.197266 0.000304461
12 0.559082 0.385254 0.114258 0.114258 0.000304461
1 0.558105 0.384766 0.114258 0.111328 0.000305414
6 0.724609 0.564941 0.152344 0.125977 0.000306368
2 0.203125 0.595703 0.0546875 0.0371094 0.000306845
7 0.191406 0.589355 0.0625 0.0380859 0.000308037
8 0.611816 0.32666 0.0263672 0.0224609 0.000309706
7 0.210938 0.602539 0.0351562 0.0234375 0.000309706
13 0.498535 0.438477 0.237305 0.208984 0.000310898
9 0.210938 0.602539 0.0371094 0.0253906 0.000317812
13 0.669922 0.579102 0.148438 0.0761719 0.000333071
13 0.35498 0.59082 0.0498047 0.0371094 0.00033474
11 0.378906 0.229004 0.0585938 0.0166016 0.000336409
10 0.766113 0.987793 0.196289 0.0224609 0.000337124
11 0.266602 0.26416 0.0566406 0.0498047 0.000338078
13 0.820801 0.499023 0.0908203 0.0449219 0.000341415
10 0.825195 0.699707 0.222656 0.0986328 0.000341654
8 0.559082 0.385254 0.114258 0.114258 0.000346422
13 0.702148 0.578613 0.0605469 0.0322266 0.000346899
10 0.818359 0.958984 0.150391 0.078125 0.000352859
6 0.498535 0.438477 0.237305 0.208984 0.000357389
5 0.559082 0.385254 0.114258 0.114258 0.000357389
10 0.558105 0.635254 0.379883 0.112305 0.000357628
2 0.776367 0.52832 0.140625 0.0859375 0.000358105
5 0.76416 0.685547 0.333008 0.0957031 0.000359297
0 0.559082 0.642578 0.383789 0.109375 0.000360966
13 0.29541 0.604004 0.188477 0.0986328 0.00037694
7 0.366699 0.231445 0.108398 0.0253906 0.000379562
13 0.730469 0.553223 0.0605469 0.0556641 0.000380278
11 0.380371 0.242676 0.0927734 0.0205078 0.000389099
13 0.750488 0.584473 0.12207 0.0478516 0.000396013
9 0.76709 0.531738 0.118164 0.0712891 0.000400543
11 0.351562 0.227539 0.0585938 0.0136719 0.000403881
2 0.559082 0.385254 0.114258 0.114258 0.000408173
8 0.363281 0.428223 0.015625 0.0126953 0.000416279
11 0.200684 0.59375 0.0673828 0.0429688 0.000425339
13 0.775391 0.601074 0.175781 0.0771484 0.000427485
11 0.559082 0.385254 0.114258 0.114258 0.000430822
10 0.757324 0.744141 0.364258 0.125 0.000433922
12 0.330566 0.265625 0.233398 0.09375 0.000439167
9 0.819824 0.716797 0.225586 0.0898438 0.000447273
13 0.177734 0.581543 0.046875 0.0185547 0.000455141
12 0.76416 0.685547 0.333008 0.0957031 0.000461102
9 0.465332 0.375488 0.170898 0.233398 0.000463724
10 0.276367 0.46875 0.289062 0.515625 0.000476122
13 0.378906 0.566406 0.0625 0.0585938 0.000491619
3 0.574707 0.66748 0.416992 0.0888672 0.000497341
2 0.492188 0.436523 0.234375 0.208984 0.000498295
9 0.771484 0.637695 0.291016 0.0996094 0.000507832
13 0.330566 0.629883 0.0791016 0.0761719 0.000517845
11 0.712402 0.586914 0.139648 0.0566406 0.000521183
6 0.416992 0.463379 0.0957031 0.176758 0.000526428
8 0.322754 0.950684 0.114258 0.0888672 0.00053978
11 0.498535 0.438477 0.237305 0.208984 0.00053978
0 0.539062 0.384766 0.1875 0.15625 0.00053978
7 0.725586 0.59668 0.126953 0.0742188 0.000540257
13 0.189453 0.569824 0.0644531 0.0830078 0.000543118
13 0.314453 0.309082 0.275391 0.174805 0.000544548
6 0.725586 0.59668 0.126953 0.0742188 0.000548363
9 0.726562 0.569336 0.171875 0.125 0.000556946
2 0.731445 0.550293 0.126953 0.0888672 0.000562191
5 0.304688 0.316406 0.269531 0.191406 0.000564575
11 0.72168 0.563477 0.166016 0.111328 0.000566006
9 0.397461 0.49707 0.0566406 0.117188 0.000572205
13 0.774414 0.521484 0.142578 0.123047 0.00059557
13 0.343262 0.648438 0.0322266 0.0332031 0.000598907
9 0.212891 0.60791 0.0820312 0.0654297 0.00060606
13 0.794922 0.505859 0.130859 0.0703125 0.000627518
2 0.309082 0.312012 0.262695 0.168945 0.000635624
7 0.413574 0.416992 0.137695 0.261719 0.000638962
12 0.498535 0.438477 0.237305 0.208984 0.000641823
7 0.401855 0.304688 0.106445 0.152344 0.000645161
10 0.303223 0.325195 0.268555 0.193359 0.000653744
10 0.559082 0.385254 0.114258 0.114258 0.000666618
9 0.557617 0.636719 0.388672 0.103516 0.000668049
7 0.276367 0.46875 0.289062 0.515625 0.000669003
7 0.263672 0.610352 0.177734 0.0546875 0.00067091
10 0.498535 0.438477 0.237305 0.208984 0.00069809
10 0.837891 0.742188 0.205078 0.0527344 0.000706196
1 0.496094 0.435547 0.242188 0.208984 0.000714302
6 0.199707 0.595703 0.0537109 0.0371094 0.000725269
11 0.744629 0.233887 0.0732422 0.0478516 0.000740051
10 0.754395 0.681641 0.344727 0.0917969 0.000740528
9 0.376465 0.301758 0.155273 0.148438 0.000750065
6 0.212891 0.60791 0.0820312 0.0654297 0.000762939
11 0.661133 0.225586 0.203125 0.0644531 0.000774384
10 0.816406 0.990234 0.121094 0.0175781 0.000786304
9 0.734375 0.654297 0.316406 0.0527344 0.000803471
0 0.303223 0.325195 0.268555 0.193359 0.000804424
4 0.306641 0.315918 0.265625 0.188477 0.00082159
7 0.397949 0.484863 0.0595703 0.120117 0.000826836
9 0.722656 0.71582 0.322266 0.105469 0.000867367
10 0.925293 0.72998 0.0341797 0.0458984 0.000873566
9 0.20459 0.598145 0.0576172 0.0400391 0.000881195
2 0.721191 0.588867 0.137695 0.0859375 0.000889301
11 0.92627 0.730469 0.0341797 0.046875 0.000918865
11 0.627441 0.208008 0.102539 0.0214844 0.00092268
12 0.279297 0.260742 0.101562 0.0664062 0.000924587
8 0.210938 0.602539 0.0351562 0.0234375 0.000930309
11 0.379395 0.230957 0.131836 0.0439453 0.000931263
9 0.665039 0.679688 0.351562 0.136719 0.000943661
9 0.559082 0.385254 0.114258 0.114258 0.000946045
0 0.560059 0.425293 0.125977 0.176758 0.000950813
3 0.308105 0.315918 0.274414 0.186523 0.000995636
8 0.306641 0.315918 0.265625 0.188477 0.00104809
11 0.307129 0.254883 0.161133 0.0722656 0.00108624
13 0.344238 0.639648 0.0419922 0.0585938 0.00109673
3 0.497559 0.425781 0.241211 0.195312 0.00114059
9 0.413574 0.416992 0.137695 0.261719 0.001194
4 0.416992 0.463379 0.0957031 0.176758 0.00121117
9 0.725586 0.59668 0.126953 0.0742188 0.00124645
13 0.760254 0.580078 0.219727 0.138672 0.00130081
11 0.426758 0.240723 0.0429688 0.0302734 0.00130844
7 0.217285 0.606445 0.0849609 0.0625 0.00134277
4 0.496094 0.435547 0.242188 0.208984 0.00134754
7 0.76416 0.685547 0.333008 0.0957031 0.00134754
13 0.34375 0.589355 0.0898438 0.0556641 0.00137329
3 0.558105 0.384766 0.114258 0.111328 0.0014143
7 0.204102 0.597656 0.0546875 0.0390625 0.00144291
3 0.76416 0.685547 0.333008 0.0957031 0.00150204
1 0.306641 0.325684 0.302734 0.208008 0.00157642
11 0.669434 0.208496 0.0732422 0.0146484 0.0016613
10 0.808594 0.981934 0.142578 0.0322266 0.00182915
11 0.634766 0.213867 0.0585938 0.0214844 0.00183296
0 0.578125 0.362305 0.0625 0.0644531 0.00193024
13 0.219238 0.59668 0.114258 0.103516 0.00207138
11 0.40625 0.236328 0.0839844 0.0253906 0.00211716
13 0.366211 0.578125 0.0585938 0.0566406 0.00214767
0 0.433105 0.45752 0.124023 0.194336 0.00228691
13 0.313477 0.598633 0.123047 0.0488281 0.00268555
10 0.748535 0.965332 0.299805 0.0693359 0.00268745
13 0.185059 0.584961 0.0615234 0.0371094 0.00283623
8 0.492188 0.436523 0.234375 0.208984 0.00344658
7 0.492188 0.436523 0.234375 0.208984 0.00351906
13 0.263672 0.610352 0.177734 0.0546875 0.00359535
11 0.616699 0.217285 0.0966797 0.0341797 0.0037117
9 0.663086 0.682617 0.279297 0.0761719 0.0038166
8 0.415527 0.469727 0.0927734 0.162109 0.00402069
13 0.215332 0.604004 0.0556641 0.0400391 0.00428772
9 0.287109 0.466797 0.289062 0.431641 0.00433731
11 0.352051 0.229004 0.100586 0.0205078 0.00442505
11 0.306641 0.315918 0.265625 0.188477 0.00476456
13 0.743164 0.600098 0.0957031 0.0556641 0.00482941
7 0.306641 0.325684 0.302734 0.208008 0.00495529
13 0.69043 0.575684 0.123047 0.0439453 0.00544739
12 0.287109 0.466797 0.289062 0.431641 0.00557327
9 0.847168 0.685547 0.178711 0.0820312 0.00593948
11 0.722168 0.224609 0.0830078 0.046875 0.00666809
11 0.284668 0.254395 0.0830078 0.0576172 0.00708389
11 0.337891 0.23877 0.167969 0.0400391 0.00770569
9 0.308105 0.3125 0.276367 0.173828 0.00809479
13 0.218262 0.60498 0.0869141 0.0595703 0.0122681
13 0.210938 0.602539 0.0371094 0.0253906 0.0123444
13 0.717285 0.584473 0.106445 0.0361328 0.0150909
7 0.415039 0.464355 0.0917969 0.172852 0.0196381
9 0.489258 0.438477 0.230469 0.212891 0.0212402
11 0.684082 0.21875 0.149414 0.0371094 0.0237122
13 0.743652 0.539062 0.0888672 0.0507812 0.0250854
11 0.377441 0.23291 0.110352 0.0224609 0.0268097
9 0.414062 0.469727 0.0898438 0.169922 0.0294495
13 0.743164 0.555664 0.140625 0.107422 0.0299225
13 0.19043 0.587402 0.0449219 0.0224609 0.0429688
11 0.661621 0.211914 0.116211 0.0214844 0.0512085
13 0.772949 0.523926 0.120117 0.0634766 0.0516663
13 0.721191 0.588867 0.137695 0.0859375 0.0556641
0 0.498535 0.435059 0.241211 0.206055 0.069397
13 0.200684 0.59375 0.0673828 0.0429688 0.0944824
12 0.309082 0.312012 0.262695 0.168945 0.128784
9 0.76416 0.685547 0.333008 0.0957031 0.148804
3 0.557617 0.632812 0.384766 0.101562 0.216797
0 0.558594 0.376465 0.111328 0.0947266 0.38916
