6 0.349609 0.464844 0.111328 0.0859375 0.00010103
13 0.425781 0.29541 0.0644531 0.0693359 0.000101805
2 0.191895 0.555176 0.0380859 0.0673828 0.000102222
13 0.0566406 0.995605 0.0410156 0.00878906 0.000103235
11 0.197754 0.103027 0.379883 0.206055 0.000104368
13 0.36377 0.474121 0.106445 0.139648 0.000105381
2 0.321289 0.480957 0.160156 0.0869141 0.000105441
2 0.197754 0.103027 0.379883 0.206055 0.000109494
6 0.408203 0.25293 0.0996094 0.132812 0.000110447
8 0.081543 0.993164 0.0400391 0.00976562 0.000110745
1 0.317383 0.483887 0.160156 0.0791016 0.000110865
7 0.0932617 0.983398 0.0595703 0.0332031 0.000112355
1 0.187988 0.561035 0.0380859 0.0849609 0.000112414
10 0.3125 0.486816 0.167969 0.0693359 0.000113428
11 0.404785 0.202148 0.0830078 0.0527344 0.000114143
13 0.316406 0.484375 0.0761719 0.0390625 0.000114381
7 0.197754 0.103027 0.379883 0.206055 0.000114977
0 0.538086 0.380371 0.292969 0.250977 0.000116169
13 0.273438 0.413574 0.0976562 0.0556641 0.000116229
7 0.821777 0.551758 0.0849609 0.0507812 0.000118017
9 0.408203 0.25293 0.0996094 0.132812 0.000118315
9 0.329102 0.200195 0.0683594 0.0429688 0.000119805
9 0.291504 0.499023 0.157227 0.0644531 0.00012207
9 0.366211 0.262207 0.185547 0.168945 0.000122905
3 0.148438 0.991211 0.183594 0.0175781 0.000122905
9 0.22168 0.191895 0.0371094 0.0302734 0.000123262
4 0.317383 0.483887 0.160156 0.0791016 0.000124097
3 0.466797 0.980469 0.445312 0.0351562 0.000126004
9 0.431152 0.226562 0.0439453 0.0917969 0.000127673
13 0.20459 0.150879 0.40918 0.301758 0.000128388
9 0.612305 0.303711 0.0761719 0.0742188 0.000129461
11 0.317871 0.484375 0.161133 0.0839844 0.000134468
13 0.316895 0.23584 0.0751953 0.0751953 0.000134587
9 0.189941 0.578125 0.0576172 0.119141 0.000134945
11 0.18457 0.528809 0.0371094 0.104492 0.000135064
13 0.45459 0.231934 0.0654297 0.124023 0.000135064
8 0.98291 0.0112305 0.0185547 0.0185547 0.000136495
5 0.199219 0.0996094 0.396484 0.197266 0.000137091
12 0.362793 0.262695 0.102539 0.105469 0.000137329
11 0.75 0.231934 0.0722656 0.0791016 0.000137448
3 0.533203 0.339844 0.234375 0.154297 0.000137925
12 0.84082 0.124512 0.318359 0.249023 0.000139832
11 0.316895 0.237793 0.0830078 0.0830078 0.000141978
13 0.837402 0.419434 0.0400391 0.0126953 0.00014317
11 0.388184 0.229492 0.129883 0.101562 0.000144243
2 0.329102 0.200195 0.0683594 0.0429688 0.000144958
9 0.314453 0.404785 0.212891 0.262695 0.000145078
1 0.334473 0.221191 0.0771484 0.0751953 0.00015223
11 0.683105 0.196777 0.12793 0.0458984 0.000152946
4 0.754395 0.254883 0.0517578 0.0449219 0.000153661
9 0.821777 0.551758 0.0849609 0.0507812 0.000154257
3 0.769531 0.0922852 0.460938 0.155273 0.000155091
13 0.362305 0.273926 0.046875 0.0595703 0.000155926
3 0.200195 0.118164 0.400391 0.205078 0.000158429
5 0.366211 0.250977 0.191406 0.166016 0.000158787
10 0.183594 0.573242 0.0410156 0.0722656 0.000168324
4 0.192383 0.0864258 0.376953 0.172852 0.00016892
13 0.423828 0.192383 0.0644531 0.0390625 0.000169754
3 0.583008 0.967773 0.501953 0.0644531 0.000170231
13 0.406738 0.219238 0.0537109 0.0517578 0.000171304
11 0.422852 0.178711 0.101562 0.0429688 0.000174165
9 0.30957 0.77832 0.328125 0.429688 0.000174761
10 0.364746 0.262695 0.0927734 0.0996094 0.000175118
11 0.338379 0.236816 0.161133 0.129883 0.000176191
0 0.615723 0.347656 0.0791016 0.148438 0.000176549
2 0.333008 0.219727 0.078125 0.0722656 0.00017786
0 0.616211 0.349609 0.205078 0.167969 0.000179052
8 0.34375 0.242188 0.078125 0.0625 0.00018096
9 0.081543 0.993164 0.0400391 0.00976562 0.000182033
5 0.34668 0.239746 0.0820312 0.0712891 0.000183225
11 0.600098 0.187988 0.0400391 0.0244141 0.000184417
13 0.32373 0.202148 0.0693359 0.0488281 0.000191212
11 0.436523 0.173828 0.078125 0.0195312 0.000191331
12 0.327148 0.202637 0.0664062 0.0439453 0.000193834
11 0.398926 0.180664 0.0615234 0.0175781 0.000199676
2 0.408203 0.25293 0.0996094 0.132812 0.000201583
9 0.454102 0.371582 0.0976562 0.176758 0.000202298
13 0.279297 0.426758 0.0820312 0.03125 0.000204682
6 0.382812 0.262207 0.189453 0.168945 0.000205159
9 0.101074 0.981934 0.0673828 0.0361328 0.000205159
9 0.333008 0.219727 0.078125 0.0722656 0.000206113
6 0.333008 0.219727 0.078125 0.0722656 0.000209332
11 0.450684 0.214844 0.0634766 0.0976562 0.000211596
6 0.354492 0.241211 0.0507812 0.0527344 0.000211835
2 0.98291 0.0112305 0.0185547 0.0185547 0.000214458
0 0.0947266 0.976562 0.0507812 0.046875 0.000217438
10 0.19043 0.550781 0.0800781 0.09375 0.000227809
7 0.329102 0.200195 0.0683594 0.0429688 0.000231504
11 0.614746 0.204102 0.0771484 0.0644531 0.000232935
11 0.32959 0.214844 0.0478516 0.0488281 0.000232935
13 0.442871 0.205566 0.0380859 0.0751953 0.000234604
9 0.174316 0.966309 0.208008 0.0654297 0.000234962
10 0.327148 0.202637 0.0664062 0.0439453 0.000235915
11 0.360352 0.196777 0.164062 0.129883 0.000236869
13 0.332031 0.26416 0.0878906 0.0869141 0.000240803
13 0.661621 0.26123 0.0732422 0.106445 0.000241995
10 0.197754 0.536133 0.0458984 0.0800781 0.000243425
5 0.82373 0.11377 0.352539 0.227539 0.000246763
8 0.84082 0.124512 0.318359 0.249023 0.000247002
13 0.334961 0.475586 0.0742188 0.0410156 0.000249863
9 0.987793 0.012207 0.0224609 0.0244141 0.000254154
6 0.754395 0.255371 0.0517578 0.0439453 0.000255346
11 0.183594 0.573242 0.0410156 0.0722656 0.000257969
1 0.838867 0.108887 0.322266 0.217773 0.000264168
13 0.351562 0.299805 0.128906 0.152344 0.000265598
6 0.192383 0.0864258 0.376953 0.172852 0.000265598
6 0.29834 0.464355 0.198242 0.151367 0.000269651
11 0.433105 0.214355 0.0478516 0.0771484 0.000270844
11 0.644531 0.181641 0.0488281 0.0136719 0.000293493
11 0.402344 0.186523 0.078125 0.0214844 0.000295639
6 0.596191 0.320801 0.112305 0.112305 0.00029707
10 0.171875 0.983398 0.212891 0.0332031 0.000301838
11 0.756836 0.210938 0.0585938 0.0429688 0.000303507
0 0.365234 0.266113 0.101562 0.114258 0.000306368
13 0.753906 0.255859 0.0527344 0.0449219 0.000315189
13 0.350098 0.5 0.0966797 0.0566406 0.000320911
13 0.838867 0.191406 0.322266 0.382812 0.000323534
9 0.533203 0.0800781 0.275391 0.160156 0.00032568
7 0.84082 0.124512 0.318359 0.249023 0.000330448
2 0.84082 0.124512 0.318359 0.249023 0.000332355
11 0.84082 0.124512 0.318359 0.249023 0.000337362
1 0.352051 0.244141 0.0771484 0.0683594 0.000350475
4 0.838867 0.108887 0.322266 0.217773 0.000356197
11 0.197754 0.536133 0.0458984 0.0800781 0.000365973
13 0.383301 0.27002 0.0498047 0.0654297 0.00036931
7 0.333008 0.219727 0.078125 0.0722656 0.000374079
13 0.808594 0.420898 0.0761719 0.0234375 0.000382662
3 0.660156 0.981934 0.417969 0.0361328 0.000389338
0 0.583984 0.288574 0.121094 0.0712891 0.000400543
4 0.596191 0.320801 0.112305 0.112305 0.000407696
4 0.362793 0.262695 0.102539 0.103516 0.000411272
7 0.596191 0.320801 0.112305 0.112305 0.000415802
9 0.843262 0.542969 0.114258 0.0976562 0.000418425
13 0.242676 0.414062 0.0400391 0.0214844 0.000421762
11 0.19873 0.556152 0.0771484 0.0908203 0.00043726
7 0.290039 0.465332 0.175781 0.135742 0.000445843
13 0.29834 0.464355 0.198242 0.151367 0.000451088
0 0.09375 0.990723 0.0644531 0.0185547 0.000455856
13 0.359863 0.230469 0.0517578 0.0585938 0.00045681
13 0.263184 0.510742 0.0947266 0.03125 0.000478506
1 0.327148 0.202637 0.0664062 0.0439453 0.000479221
11 0.423828 0.192383 0.0644531 0.0390625 0.000484467
0 0.594727 0.311035 0.0625 0.0791016 0.000490665
11 0.648926 0.188965 0.114258 0.0439453 0.000492096
13 0.330566 0.252441 0.0595703 0.0537109 0.000495911
7 0.840332 0.535156 0.114258 0.105469 0.000496864
3 0.365234 0.266113 0.101562 0.114258 0.000539303
13 0.18457 0.100098 0.335938 0.200195 0.000543594
12 0.59668 0.321289 0.111328 0.113281 0.000555515
5 0.596191 0.320801 0.112305 0.112305 0.000574589
13 0.596191 0.320801 0.112305 0.112305 0.000586033
13 0.421875 0.20752 0.0507812 0.0556641 0.000588417
8 0.362793 0.264648 0.0966797 0.103516 0.000604153
13 0.373535 0.455566 0.0654297 0.0595703 0.000607491
1 0.596191 0.320801 0.112305 0.112305 0.000611305
13 0.633789 0.20166 0.0605469 0.0478516 0.000628948
7 0.597656 0.505859 0.394531 0.150391 0.000631332
13 0.339355 0.242188 0.129883 0.134766 0.000649452
9 0.536621 0.345215 0.219727 0.157227 0.000678539
6 0.597656 0.505859 0.394531 0.150391 0.000682354
11 0.656738 0.178711 0.0869141 0.0214844 0.000687122
11 0.724609 0.193359 0.0546875 0.03125 0.000699043
13 0.375977 0.230469 0.121094 0.09375 0.00070715
7 0.187988 0.561035 0.0380859 0.0849609 0.000711918
1 0.597168 0.51416 0.395508 0.12793 0.000714779
8 0.59668 0.321289 0.111328 0.113281 0.000716209
4 0.597656 0.505859 0.394531 0.150391 0.000720024
7 0.349609 0.242188 0.0859375 0.0605469 0.000747681
9 0.34668 0.239746 0.0820312 0.0712891 0.000753403
2 0.597656 0.51709 0.394531 0.124023 0.000766277
12 0.597656 0.505859 0.394531 0.150391 0.000766754
11 0.59668 0.321289 0.111328 0.113281 0.000783443
13 0.251953 0.418457 0.046875 0.0185547 0.000784397
8 0.597168 0.51416 0.395508 0.12793 0.000793934
9 0.189453 0.558105 0.0371094 0.0810547 0.000816345
6 0.838867 0.108887 0.322266 0.217773 0.000818253
13 0.375977 0.490723 0.0488281 0.0673828 0.000833035
13 0.410645 0.308594 0.0595703 0.0664062 0.000833988
11 0.375 0.192871 0.144531 0.0458984 0.000840187
2 0.34668 0.239746 0.0820312 0.0712891 0.000843048
13 0.597656 0.505859 0.394531 0.150391 0.000854492
2 0.596191 0.320801 0.112305 0.112305 0.000861645
11 0.596191 0.513672 0.395508 0.117188 0.00087738
3 0.368652 0.966309 0.516602 0.0673828 0.000896454
11 0.457031 0.191895 0.0507812 0.0458984 0.000898838
8 0.754883 0.256348 0.0507812 0.0439453 0.00091362
11 0.34375 0.200684 0.107422 0.0693359 0.000917912
11 0.394043 0.181641 0.12207 0.0292969 0.000923157
13 0.822754 0.103516 0.354492 0.207031 0.000943184
11 0.694824 0.190918 0.0869141 0.0283203 0.000954151
5 0.597168 0.51416 0.395508 0.12793 0.000957489
9 0.98291 0.0112305 0.0185547 0.0185547 0.00100136
13 0.648438 0.231934 0.0625 0.0810547 0.00100994
10 0.183105 0.581543 0.0556641 0.12207 0.00102425
5 0.365234 0.269043 0.117188 0.12207 0.00107002
11 0.633789 0.20166 0.0605469 0.0478516 0.00112724
13 0.260254 0.420898 0.0673828 0.0292969 0.00114918
11 0.183105 0.581543 0.0556641 0.12207 0.00118542
10 0.59668 0.321289 0.111328 0.113281 0.0012455
13 0.291504 0.500488 0.155273 0.0634766 0.0012598
6 0.34668 0.239746 0.0820312 0.0712891 0.00133228
9 0.59668 0.321289 0.111328 0.113281 0.00134659
10 0.597656 0.51709 0.394531 0.124023 0.00140285
0 0.597168 0.51416 0.395508 0.12793 0.00140285
5 0.312988 0.404785 0.206055 0.258789 0.00148678
9 0.321289 0.480957 0.160156 0.0869141 0.0014925
11 0.34668 0.239746 0.0820312 0.0712891 0.00149822
13 0.395508 0.300293 0.0292969 0.0361328 0.00150204
13 0.355469 0.250977 0.0488281 0.0507812 0.00157166
0 0.122559 0.977051 0.104492 0.0419922 0.00165939
9 0.597168 0.51416 0.395508 0.12793 0.00166512
1 0.365234 0.266113 0.101562 0.114258 0.00174809
3 0.30127 0.981445 0.438477 0.0371094 0.00176811
11 0.415039 0.175293 0.0644531 0.0146484 0.00179386
11 0.312012 0.208496 0.0693359 0.0478516 0.00186157
0 0.121582 0.991699 0.100586 0.0126953 0.00208282
9 0.755371 0.255371 0.0537109 0.0439453 0.00213814
13 0.819336 0.420898 0.0585938 0.0136719 0.00218964
13 0.370605 0.254883 0.0595703 0.0683594 0.00229073
11 0.365234 0.266113 0.101562 0.114258 0.00229454
11 0.614258 0.190918 0.0625 0.0341797 0.00229645
13 0.643555 0.217773 0.0371094 0.0566406 0.00231361
13 0.382812 0.262207 0.189453 0.168945 0.00238609
7 0.754883 0.255371 0.0527344 0.0458984 0.00244713
9 0.364746 0.264648 0.100586 0.107422 0.00247574
5 0.305664 0.481445 0.193359 0.0996094 0.00272942
13 0.343262 0.229492 0.0517578 0.0449219 0.00275612
7 0.364746 0.262695 0.0927734 0.0996094 0.00278854
3 0.596191 0.320801 0.112305 0.112305 0.00291252
13 0.432129 0.235352 0.0537109 0.113281 0.00320625
13 0.39502 0.295898 0.0439453 0.0566406 0.00343513
11 0.444336 0.182617 0.0644531 0.03125 0.00358009
7 0.317383 0.483887 0.160156 0.0791016 0.0038929
13 0.355957 0.469727 0.0888672 0.0722656 0.00396729
11 0.740234 0.20166 0.0683594 0.0419922 0.00423813
11 0.665039 0.186035 0.107422 0.0244141 0.00442123
0 0.0922852 0.993164 0.0498047 0.00976562 0.00444794
6 0.317383 0.483887 0.160156 0.0791016 0.00477219
13 0.433105 0.219238 0.0361328 0.0732422 0.00514221
13 0.333008 0.219727 0.078125 0.0722656 0.00669861
13 0.410156 0.254395 0.0957031 0.129883 0.0072937
0 0.544922 0.334961 0.212891 0.142578 0.00751114
11 0.333008 0.219727 0.078125 0.0722656 0.00753784
3 0.598633 0.512695 0.410156 0.255859 0.00763321
2 0.365234 0.266113 0.101562 0.114258 0.0079422
11 0.424805 0.179688 0.0800781 0.0214844 0.00855255
13 0.391113 0.285156 0.102539 0.107422 0.00860596
6 0.366699 0.260742 0.0966797 0.105469 0.00978088
10 0.189453 0.554688 0.0390625 0.0742188 0.0101166
11 0.634766 0.183594 0.078125 0.0214844 0.0119095
0 0.613281 0.300293 0.0703125 0.0673828 0.0140762
11 0.189453 0.553711 0.0390625 0.0722656 0.0183258
13 0.321289 0.480957 0.160156 0.0869141 0.0307007
11 0.329102 0.200195 0.0683594 0.0429688 0.0889282
13 0.348633 0.241699 0.0859375 0.0615234 0.0969849
13 0.364746 0.262695 0.0927734 0.101562 0.491455
0 0.596191 0.316406 0.110352 0.101562 0.577637
3 0.596191 0.515625 0.393555 0.115234 0.734375
