9 0.183105 0.29541 0.0966797 0.0869141 0.000309706
8 0.305664 0.394043 0.181641 0.334961 0.000312805
13 0.136719 0.570312 0.0625 0.0507812 0.000314236
2 0.686523 0.935059 0.179688 0.129883 0.000314474
9 0.719727 0.958984 0.140625 0.0820312 0.000317335
9 0.60498 0.788574 0.49707 0.422852 0.000319242
7 0.728516 0.214844 0.132812 0.117188 0.000320196
9 0.779785 0.95752 0.323242 0.0849609 0.000320196
0 0.452148 0.36084 0.154297 0.172852 0.00032115
2 0.288574 0.972168 0.0693359 0.0537109 0.000321627
8 0.362793 0.43457 0.118164 0.166016 0.000321865
8 0.230469 0.341797 0.0175781 0.015625 0.000322104
9 0.762695 0.793945 0.353516 0.371094 0.000325203
13 0.161621 0.609863 0.0849609 0.0576172 0.00032711
7 0.90332 0.691406 0.113281 0.140625 0.000329971
13 0.305176 0.229004 0.0888672 0.0927734 0.000329971
13 0.73291 0.259766 0.231445 0.189453 0.000330687
13 0.348145 0.484863 0.141602 0.21582 0.000331402
8 0.317871 0.239258 0.0634766 0.078125 0.00033164
5 0.188965 0.418457 0.147461 0.172852 0.000332832
8 0.367188 0.481445 0.167969 0.345703 0.000335693
5 0.171875 0.583984 0.132812 0.140625 0.000337839
7 0.323242 0.239746 0.138672 0.12207 0.000339031
10 0.938477 0.697754 0.0996094 0.170898 0.000345469
1 0.417969 0.239746 0.132812 0.157227 0.00034833
7 0.588867 0.253418 0.109375 0.166992 0.000350952
13 0.13623 0.550781 0.0576172 0.0175781 0.000352144
1 0.694824 0.366211 0.219727 0.246094 0.000352621
13 0.225098 0.385742 0.149414 0.0527344 0.000353336
3 0.605469 0.699219 0.554688 0.398438 0.000353336
8 0.455566 0.324707 0.0615234 0.0439453 0.00035429
6 0.353516 0.435059 0.101562 0.0986328 0.000354528
11 0.681152 0.938965 0.135742 0.112305 0.000357866
8 0.391113 0.505371 0.0576172 0.0576172 0.000370026
13 0.13623 0.584473 0.0556641 0.0263672 0.000372171
8 0.310059 0.383789 0.110352 0.0898438 0.000372887
7 0.316895 0.238281 0.0673828 0.0800781 0.000374794
6 0.694824 0.366211 0.219727 0.246094 0.000375271
13 0.865723 0.409668 0.133789 0.139648 0.000377178
7 0.858398 0.45166 0.179688 0.405273 0.000379801
9 0.205078 0.42334 0.183594 0.30957 0.000381231
13 0.246094 0.282715 0.0683594 0.0361328 0.000381947
6 0.71875 0.275391 0.244141 0.177734 0.000389576
8 0.289062 0.97168 0.0683594 0.0527344 0.000394344
4 0.824219 0.586914 0.244141 0.310547 0.00039506
7 0.4375 0.270508 0.0996094 0.175781 0.000396252
13 0.902832 0.414062 0.0771484 0.0585938 0.000397921
11 0.719238 0.148926 0.135742 0.0595703 0.000398636
9 0.533203 0.380859 0.289062 0.25 0.000401974
7 0.384277 0.370117 0.182617 0.335938 0.000403881
6 0.206543 0.433594 0.168945 0.189453 0.000404358
9 0.703125 0.397949 0.173828 0.151367 0.000413895
8 0.308105 0.386719 0.0498047 0.0839844 0.000418901
9 0.380371 0.213379 0.15332 0.116211 0.000420332
13 0.895996 0.44873 0.110352 0.100586 0.000421762
7 0.722168 0.444824 0.307617 0.31543 0.000422001
8 0.695801 0.375977 0.170898 0.138672 0.000424862
7 0.775879 0.397949 0.295898 0.192383 0.000431061
9 0.372559 0.651367 0.137695 0.115234 0.000435352
9 0.59668 0.421875 0.416016 0.421875 0.000441074
10 0.893555 0.945801 0.115234 0.106445 0.000457287
13 0.404785 0.242188 0.143555 0.162109 0.000457525
13 0.314941 0.23584 0.270508 0.170898 0.00046277
13 0.90918 0.433594 0.0527344 0.0273438 0.000463724
11 0.317383 0.172363 0.113281 0.0615234 0.000464678
13 0.185059 0.400879 0.0576172 0.0185547 0.000467062
9 0.708984 0.98584 0.0898438 0.0244141 0.000469446
13 0.19873 0.268066 0.0361328 0.0341797 0.000476599
9 0.442871 0.333496 0.0771484 0.0654297 0.000477314
11 0.87793 0.71875 0.150391 0.103516 0.000477314
0 0.541016 0.377441 0.291016 0.200195 0.000482559
13 0.200684 0.28125 0.0712891 0.0761719 0.000484228
2 0.701172 0.931641 0.0917969 0.0957031 0.000484943
9 0.849609 0.714844 0.214844 0.105469 0.000488758
4 0.615723 0.311035 0.116211 0.143555 0.000489712
8 0.687988 0.944824 0.15918 0.110352 0.000508785
13 0.19043 0.525391 0.1875 0.275391 0.000508785
7 0.242188 0.337402 0.214844 0.204102 0.000519276
13 0.835449 0.375488 0.18457 0.268555 0.000523567
10 0.864746 0.686035 0.196289 0.19043 0.000525475
13 0.14209 0.432129 0.0458984 0.0322266 0.000528812
8 0.172852 0.319824 0.0644531 0.0263672 0.00053072
11 0.178223 0.287598 0.0830078 0.0927734 0.000531197
9 0.47998 0.907715 0.145508 0.18457 0.000535488
5 0.390137 0.558594 0.200195 0.332031 0.000535488
13 0.816895 0.296387 0.166992 0.180664 0.000546932
9 0.674316 0.620605 0.545898 0.243164 0.000547886
9 0.826172 0.307129 0.164062 0.182617 0.00055027
6 0.16748 0.319824 0.0595703 0.0244141 0.000551224
13 0.180176 0.314453 0.0478516 0.0253906 0.000555992
13 0.154785 0.422852 0.0751953 0.0410156 0.000556469
13 0.174805 0.32666 0.0488281 0.0166016 0.000556469
7 0.682129 0.939941 0.151367 0.114258 0.000560284
9 0.258301 0.97168 0.151367 0.0566406 0.000563145
4 0.324707 0.31543 0.272461 0.271484 0.000569344
11 0.615723 0.137207 0.0439453 0.0283203 0.000572205
5 0.348145 0.484863 0.141602 0.21582 0.000582695
3 0.623535 0.460938 0.543945 0.386719 0.000584602
9 0.348145 0.484863 0.141602 0.21582 0.000597
8 0.353516 0.43457 0.09375 0.0742188 0.000597
9 0.824219 0.586914 0.244141 0.310547 0.000598431
9 0.588379 0.252441 0.110352 0.170898 0.000599384
7 0.878418 0.650391 0.15918 0.207031 0.000601292
13 0.143555 0.536621 0.0664062 0.0263672 0.000603676
8 0.646973 0.348633 0.143555 0.177734 0.000613689
9 0.269531 0.31543 0.257812 0.193359 0.000614166
0 0.772949 0.308105 0.301758 0.307617 0.000619411
11 0.199707 0.254395 0.100586 0.116211 0.000619888
11 0.373535 0.158691 0.133789 0.0244141 0.000625134
6 0.240234 0.336914 0.212891 0.201172 0.000632763
13 0.173828 0.388672 0.115234 0.0410156 0.000636578
8 0.307617 0.396484 0.0292969 0.0292969 0.00064373
6 0.191895 0.474121 0.178711 0.368164 0.000645161
9 0.467773 0.964355 0.0742188 0.0673828 0.000653267
13 0.867676 0.289062 0.0576172 0.0292969 0.000658512
4 0.822754 0.317871 0.188477 0.186523 0.000659466
7 0.353516 0.43457 0.09375 0.0742188 0.000660896
0 0.626465 0.327148 0.12793 0.125 0.000678062
9 0.728516 0.964355 0.0292969 0.0224609 0.000682831
8 0.285645 0.301758 0.0205078 0.0175781 0.000685215
13 0.150391 0.611328 0.0585938 0.0351562 0.00068903
13 0.22168 0.36377 0.195312 0.174805 0.000699997
11 0.214355 0.230957 0.0615234 0.0712891 0.000703335
11 0.688477 0.138184 0.138672 0.0380859 0.000729561
7 0.288574 0.972168 0.0693359 0.0537109 0.000732422
13 0.208008 0.326172 0.130859 0.0507812 0.000733376
0 0.275391 0.436523 0.345703 0.472656 0.00073576
8 0.38916 0.522461 0.0302734 0.0292969 0.000739574
7 0.214844 0.497559 0.21875 0.338867 0.000759125
5 0.386719 0.280273 0.175781 0.224609 0.000760078
13 0.239746 0.308105 0.174805 0.120117 0.000764847
5 0.205078 0.42334 0.183594 0.30957 0.000764847
0 0.768066 0.450195 0.34668 0.560547 0.000795841
4 0.367188 0.481445 0.167969 0.345703 0.000796318
10 0.87793 0.71875 0.150391 0.103516 0.000796795
9 0.19043 0.525391 0.1875 0.275391 0.000797749
3 0.140625 0.413086 0.28125 0.634766 0.000805378
2 0.689941 0.906738 0.0556641 0.0419922 0.0008111
7 0.166992 0.317871 0.0566406 0.0244141 0.000818253
11 0.904785 0.671875 0.108398 0.146484 0.000837326
9 0.377441 0.290039 0.170898 0.238281 0.000844002
0 0.504883 0.356934 0.207031 0.12207 0.000848293
13 0.152832 0.588867 0.106445 0.119141 0.000857353
0 0.587891 0.267578 0.109375 0.09375 0.000874043
11 0.269531 0.429688 0.320312 0.441406 0.000887394
8 0.386719 0.280273 0.175781 0.224609 0.000917912
8 0.689941 0.906738 0.0556641 0.0419922 0.000923157
10 0.931152 0.730957 0.0595703 0.0830078 0.000952721
8 0.728516 0.963379 0.03125 0.0224609 0.000953674
13 0.161133 0.543457 0.0917969 0.0419922 0.000957012
11 0.339355 0.160156 0.0986328 0.0351562 0.000960827
13 0.157715 0.313477 0.0419922 0.0253906 0.000981331
8 0.417969 0.239746 0.132812 0.157227 0.000982285
9 0.695801 0.399902 0.229492 0.274414 0.000990868
6 0.349121 0.342285 0.141602 0.168945 0.00100994
6 0.417969 0.239746 0.132812 0.157227 0.00103378
11 0.932129 0.736816 0.0615234 0.0849609 0.00106621
12 0.772949 0.308105 0.301758 0.307617 0.00110245
7 0.349121 0.342773 0.143555 0.169922 0.00111485
1 0.275391 0.436523 0.345703 0.472656 0.0011158
7 0.646973 0.348633 0.143555 0.177734 0.00114155
8 0.275391 0.436523 0.345703 0.472656 0.00118351
9 0.164551 0.319336 0.0556641 0.0253906 0.00121689
2 0.269531 0.429688 0.320312 0.441406 0.00124931
6 0.83252 0.351562 0.180664 0.242188 0.00125217
5 0.228516 0.577637 0.300781 0.401367 0.00126934
8 0.615723 0.311035 0.116211 0.143555 0.00127697
7 0.71875 0.275391 0.244141 0.177734 0.00127792
6 0.348145 0.484863 0.141602 0.21582 0.00130081
13 0.269531 0.291992 0.105469 0.0625 0.00132179
4 0.417969 0.239746 0.132812 0.157227 0.00132751
9 0.391602 0.632324 0.158203 0.250977 0.00133419
9 0.646973 0.348633 0.143555 0.177734 0.00135136
8 0.694824 0.366211 0.219727 0.246094 0.00137329
2 0.172852 0.319824 0.0644531 0.0263672 0.00137424
7 0.344727 0.503906 0.132812 0.191406 0.00139141
4 0.694824 0.366211 0.219727 0.246094 0.00140095
13 0.245117 0.446777 0.105469 0.0595703 0.0014019
3 0.762695 0.355469 0.308594 0.347656 0.00141811
2 0.772949 0.308105 0.301758 0.307617 0.00143623
13 0.358398 0.306641 0.193359 0.234375 0.00146866
12 0.269531 0.429688 0.320312 0.441406 0.00147057
9 0.751465 0.908691 0.303711 0.182617 0.00147152
9 0.610352 0.135254 0.0292969 0.0244141 0.00148296
13 0.149902 0.399902 0.0576172 0.0205078 0.0014925
9 0.311523 0.968262 0.138672 0.0634766 0.00149918
13 0.204102 0.411133 0.115234 0.0332031 0.0015049
13 0.900391 0.458984 0.0722656 0.0683594 0.00156212
10 0.275391 0.436523 0.345703 0.472656 0.00158882
13 0.22168 0.289062 0.0566406 0.0429688 0.0015974
9 0.522461 0.306152 0.267578 0.163086 0.00160313
5 0.302734 0.3125 0.291016 0.267578 0.00162125
0 0.453125 0.351562 0.109375 0.0957031 0.00162506
7 0.406738 0.221191 0.133789 0.129883 0.00162983
7 0.824219 0.586914 0.244141 0.310547 0.00167751
3 0.275391 0.436523 0.345703 0.472656 0.00167847
9 0.456055 0.324707 0.0625 0.0419922 0.00168133
4 0.386719 0.280273 0.175781 0.224609 0.00168419
9 0.463379 0.954102 0.120117 0.0917969 0.00171757
8 0.392578 0.325195 0.0214844 0.0175781 0.00175381
9 0.367676 0.446777 0.180664 0.393555 0.00182915
11 0.164551 0.319336 0.0556641 0.0253906 0.00192738
7 0.362793 0.43457 0.118164 0.166016 0.00193119
13 0.362793 0.42041 0.209961 0.418945 0.00195026
2 0.768066 0.450195 0.34668 0.560547 0.00197029
11 0.772949 0.308105 0.301758 0.307617 0.00197411
4 0.276367 0.414062 0.351562 0.490234 0.00199318
13 0.162109 0.436523 0.101562 0.0761719 0.00209427
11 0.62207 0.559082 0.607422 0.266602 0.00213623
7 0.83252 0.351562 0.180664 0.242188 0.00220299
13 0.902344 0.422852 0.0625 0.0332031 0.00232506
8 0.62207 0.559082 0.607422 0.266602 0.0023365
13 0.253906 0.446777 0.224609 0.262695 0.00237274
13 0.144531 0.597656 0.0703125 0.0527344 0.00240135
7 0.62207 0.559082 0.607422 0.266602 0.00242043
1 0.62207 0.559082 0.607422 0.266602 0.00242043
2 0.62207 0.559082 0.607422 0.266602 0.0024395
11 0.768066 0.450195 0.34668 0.560547 0.00255394
12 0.62207 0.559082 0.607422 0.266602 0.00255585
13 0.62207 0.559082 0.607422 0.266602 0.00265503
13 0.230957 0.289062 0.0966797 0.0566406 0.0026989
6 0.801758 0.294922 0.193359 0.189453 0.00279999
13 0.185547 0.416992 0.128906 0.0585938 0.00284958
4 0.62207 0.559082 0.607422 0.266602 0.00292778
10 0.904785 0.671875 0.108398 0.146484 0.00295067
6 0.62207 0.559082 0.607422 0.266602 0.00308037
13 0.244141 0.446777 0.15625 0.137695 0.00319672
13 0.180664 0.320312 0.105469 0.107422 0.00323486
0 0.623047 0.578613 0.625 0.260742 0.00326347
6 0.324707 0.31543 0.272461 0.271484 0.00326347
7 0.615723 0.311035 0.116211 0.143555 0.00326347
6 0.386719 0.280273 0.175781 0.224609 0.00328445
13 0.266113 0.289551 0.0615234 0.0458984 0.00333595
10 0.76709 0.286133 0.301758 0.279297 0.00337982
13 0.164551 0.40332 0.0615234 0.0175781 0.00344849
13 0.182617 0.324707 0.0722656 0.0263672 0.00346184
10 0.624512 0.578613 0.616211 0.25293 0.00346375
9 0.688965 0.907715 0.0595703 0.0380859 0.00351143
9 0.414062 0.242188 0.136719 0.169922 0.00354385
13 0.192383 0.361328 0.128906 0.115234 0.00363541
13 0.164551 0.541504 0.0732422 0.0205078 0.00371552
13 0.242188 0.277344 0.140625 0.0898438 0.00388527
9 0.625488 0.532715 0.610352 0.311523 0.00407028
1 0.768066 0.450195 0.34668 0.560547 0.00411987
13 0.191406 0.421875 0.150391 0.25 0.00424957
5 0.62207 0.559082 0.607422 0.266602 0.00428391
12 0.768066 0.450195 0.34668 0.560547 0.00429916
13 0.196777 0.42041 0.145508 0.118164 0.00432968
13 0.164062 0.40625 0.0957031 0.0390625 0.0044899
1 0.769531 0.300293 0.294922 0.258789 0.00450897
7 0.694824 0.366211 0.219727 0.246094 0.004776
7 0.801758 0.294922 0.193359 0.189453 0.00495529
13 0.208496 0.277832 0.0517578 0.0439453 0.00510025
13 0.910156 0.477539 0.0488281 0.0253906 0.0051384
3 0.75293 0.538086 0.380859 0.396484 0.00547791
13 0.269531 0.31543 0.257812 0.193359 0.0055275
11 0.649414 0.132812 0.103516 0.03125 0.00559235
11 0.916504 0.708008 0.0849609 0.105469 0.00560379
6 0.367676 0.446777 0.180664 0.393555 0.00573349
9 0.609375 0.298828 0.115234 0.113281 0.00584793
8 0.772949 0.477539 0.333008 0.529297 0.0059166
13 0.185059 0.311035 0.0888672 0.0498047 0.0062294
10 0.916504 0.708008 0.0849609 0.105469 0.00650406
7 0.324707 0.31543 0.272461 0.271484 0.00653076
13 0.782715 0.459961 0.305664 0.539062 0.00735474
9 0.77002 0.287598 0.295898 0.254883 0.00779724
0 0.524414 0.311523 0.251953 0.166016 0.00780487
9 0.259277 0.436035 0.321289 0.452148 0.00782776
5 0.367676 0.446777 0.180664 0.393555 0.00786591
9 0.774902 0.450195 0.331055 0.542969 0.00788879
9 0.701172 0.931641 0.0917969 0.0957031 0.00806427
7 0.367188 0.481445 0.167969 0.345703 0.00814056
5 0.19043 0.525391 0.1875 0.275391 0.0083313
8 0.771484 0.306152 0.304688 0.282227 0.00872803
13 0.910645 0.425781 0.0498047 0.0175781 0.00883484
10 0.774902 0.450195 0.331055 0.542969 0.0092926
8 0.306641 0.385254 0.0253906 0.0205078 0.010643
13 0.199707 0.398926 0.15332 0.0400391 0.0106659
13 0.201172 0.29541 0.121094 0.0810547 0.0120316
7 0.276367 0.414062 0.351562 0.490234 0.0136871
9 0.684082 0.938477 0.174805 0.123047 0.0151138
7 0.394531 0.266602 0.175781 0.212891 0.0166626
4 0.772949 0.477539 0.333008 0.529297 0.0171661
13 0.265137 0.422852 0.321289 0.457031 0.017334
5 0.782715 0.459961 0.305664 0.539062 0.0218201
5 0.768555 0.321777 0.273438 0.256836 0.0222778
13 0.171387 0.327637 0.0693359 0.0458984 0.0227966
9 0.289062 0.97168 0.0683594 0.0527344 0.0230103
0 0.600098 0.302246 0.12793 0.104492 0.0268707
13 0.768555 0.321777 0.273438 0.256836 0.0270996
6 0.781738 0.459961 0.311523 0.541016 0.0297699
6 0.261719 0.428711 0.324219 0.472656 0.0324707
4 0.771484 0.306152 0.304688 0.282227 0.0451965
13 0.184082 0.40332 0.112305 0.0234375 0.0656128
7 0.774902 0.450195 0.331055 0.542969 0.0769043
6 0.771484 0.306152 0.304688 0.282227 0.0904541
7 0.773926 0.306641 0.303711 0.28125 0.187744
5 0.272949 0.435547 0.348633 0.46875 0.201416
13 0.16748 0.319824 0.0595703 0.0244141 0.206787
3 0.62207 0.583984 0.617188 0.253906 0.814453
