9 0.492676 0.676758 0.0439453 0.0410156 0.000100613
10 0.973633 0.680176 0.0488281 0.192383 0.000101447
11 0.376953 0.147949 0.0722656 0.0361328 0.000102341
8 0.799316 0.433105 0.0634766 0.0341797 0.00010252
9 0.577148 0.427246 0.160156 0.311523 0.00010258
11 0.758301 0.152832 0.0673828 0.0537109 0.000102878
9 0.563965 0.296875 0.0400391 0.046875 0.000103354
9 0.0463867 0.983398 0.0517578 0.0292969 0.000104129
5 0.486328 0.452637 0.150391 0.458008 0.000105441
9 0.660645 0.214355 0.0537109 0.0888672 0.000107169
11 0.411621 0.112793 0.0771484 0.0244141 0.000109255
8 0.570312 0.375 0.0214844 0.015625 0.000109792
8 0.553223 0.98584 0.15332 0.0283203 0.000114441
13 0.0405273 0.294922 0.0810547 0.0683594 0.000114679
8 0.407227 0.345703 0.0195312 0.015625 0.000117064
13 0.663574 0.498047 0.0498047 0.015625 0.00011915
9 0.474609 0.366211 0.275391 0.589844 0.000119686
8 0.0673828 0.174316 0.134766 0.348633 0.000119925
11 0.669434 0.143066 0.161133 0.0517578 0.000119984
4 0.296875 0.396484 0.316406 0.566406 0.000121474
7 0.717285 0.983398 0.237305 0.03125 0.000122786
10 0.137695 0.733887 0.078125 0.0791016 0.000124574
11 0.983398 0.685059 0.0332031 0.135742 0.000124693
11 0.147461 0.743652 0.0800781 0.0849609 0.000125527
8 0.636719 0.688477 0.0605469 0.0488281 0.000125885
2 0.296387 0.396484 0.311523 0.568359 0.000126481
9 0.446289 0.370605 0.0234375 0.0263672 0.000127196
9 0.842773 0.685547 0.107422 0.0898438 0.000128388
11 0.870605 0.714844 0.0693359 0.0859375 0.000130534
5 0.719727 0.454102 0.304688 0.476562 0.000131965
9 0.0395508 0.442383 0.0771484 0.0703125 0.00013411
13 0.645508 0.375488 0.111328 0.108398 0.000134826
9 0.82666 0.666992 0.112305 0.0488281 0.000135183
11 0.387695 0.101562 0.107422 0.0273438 0.000137448
11 0.324219 0.115723 0.0683594 0.0205078 0.000137806
6 0.291016 0.254395 0.308594 0.272461 0.000138164
10 0.983398 0.685059 0.0332031 0.135742 0.000138998
9 0.567871 0.564941 0.0302734 0.0224609 0.000138998
13 0.625977 0.51416 0.0703125 0.241211 0.000139236
13 0.975586 0.244629 0.0488281 0.489258 0.000140548
11 0.60498 0.119629 0.0458984 0.0185547 0.000141144
11 0.681152 0.124512 0.0595703 0.0185547 0.000142574
3 0.422363 0.98291 0.344727 0.0322266 0.000146508
11 0.634277 0.120117 0.0498047 0.0136719 0.000147223
9 0.589355 0.981445 0.336914 0.0351562 0.000148296
9 0.317383 0.141113 0.21875 0.0869141 0.000148416
11 0.992188 0.95459 0.015625 0.0400391 0.000150919
11 0.673828 0.113281 0.09375 0.0175781 0.000150919
2 0.667969 0.208984 0.0332031 0.0625 0.000158072
13 0.0209961 0.288574 0.0419922 0.0576172 0.000159979
9 0.504395 0.264648 0.125977 0.375 0.000162125
13 0.640137 0.261719 0.125977 0.177734 0.000164986
8 0.556152 0.98584 0.0615234 0.0283203 0.00016737
9 0.65625 0.96875 0.302734 0.0605469 0.000172019
9 0.818359 0.418945 0.0703125 0.0644531 0.000176191
9 0.415039 0.837891 0.0566406 0.0488281 0.000177383
11 0.818359 0.430664 0.0410156 0.0332031 0.000180602
13 0.650391 0.244629 0.0664062 0.116211 0.000183702
13 0.629883 0.404297 0.162109 0.166016 0.000189543
2 0.545898 0.285645 0.0800781 0.0791016 0.000191092
10 0.0483398 0.437988 0.0966797 0.0771484 0.000194788
11 0.406738 0.144531 0.0888672 0.0742188 0.000195742
13 0.30127 0.249512 0.293945 0.268555 0.00020647
8 0.604004 0.314453 0.0400391 0.03125 0.00020957
9 0.387695 0.984863 0.21875 0.0263672 0.000211596
8 0.710449 0.590332 0.0419922 0.0263672 0.000216484
9 0.805176 0.0961914 0.389648 0.182617 0.000218391
2 0.0136719 0.150879 0.0273438 0.0478516 0.000220299
2 0.611816 0.392578 0.102539 0.126953 0.000223279
9 0.839844 0.668945 0.0664062 0.0292969 0.00022471
8 0.296875 0.396484 0.316406 0.566406 0.000226855
9 0.50293 0.729004 0.205078 0.524414 0.000229836
0 0.458008 0.993164 0.0917969 0.0136719 0.000231385
9 0.667969 0.208984 0.0332031 0.0625 0.000233054
7 0.683105 0.972168 0.291992 0.0517578 0.00023818
8 0.241211 0.683594 0.0371094 0.0332031 0.00023818
7 0.544922 0.283691 0.0761719 0.0791016 0.000243306
8 0.245605 0.58252 0.0126953 0.0126953 0.000244617
8 0.160645 0.646484 0.0166016 0.0136719 0.000246525
13 0.817383 0.430664 0.0429688 0.0351562 0.00025034
8 0.0253906 0.346191 0.046875 0.0673828 0.000251293
2 0.299316 0.248047 0.291992 0.269531 0.00026083
9 0.616211 0.389648 0.123047 0.216797 0.000276089
10 0.138672 0.749512 0.046875 0.0673828 0.000286818
5 0.299805 0.247559 0.298828 0.270508 0.000295877
11 0.650879 0.119629 0.0478516 0.0126953 0.000297308
1 0.296875 0.396484 0.316406 0.566406 0.000298738
3 0.296875 0.396484 0.316406 0.566406 0.000303507
11 0.29541 0.397461 0.311523 0.576172 0.000322104
11 0.230957 0.166992 0.0439453 0.0371094 0.000322104
4 0.30127 0.249512 0.293945 0.268555 0.000322342
9 0.863281 0.958496 0.0878906 0.0830078 0.000332355
9 0.493652 0.986816 0.196289 0.0263672 0.000332832
9 0.706055 0.406738 0.291016 0.446289 0.000334263
0 0.0673828 0.174316 0.134766 0.348633 0.000338554
0 0.291504 0.434082 0.313477 0.600586 0.000360966
11 0.300781 0.131836 0.0957031 0.0488281 0.000379086
10 0.296875 0.396484 0.316406 0.566406 0.000384092
9 0.478027 0.257812 0.118164 0.242188 0.000385284
13 0.63623 0.386719 0.0869141 0.0625 0.000393867
11 0.860352 0.749023 0.0859375 0.0859375 0.000409603
5 0.256348 0.506836 0.161133 0.197266 0.000412703
8 0.30127 0.249512 0.293945 0.268555 0.000418663
8 0.444336 0.370117 0.0292969 0.0292969 0.000419617
13 0.600098 0.377441 0.0849609 0.0830078 0.000420094
3 0.398926 0.990234 0.229492 0.0175781 0.000427008
10 0.887207 0.723145 0.0419922 0.0869141 0.000427723
3 0.299805 0.247559 0.298828 0.270508 0.000434875
12 0.322754 0.174316 0.258789 0.155273 0.000437975
11 0.979004 0.728027 0.0419922 0.12207 0.000440359
2 0.0541992 0.166016 0.108398 0.332031 0.000452042
8 0.544434 0.284668 0.0830078 0.0810547 0.000453472
2 0.444336 0.370117 0.0292969 0.0292969 0.00045681
8 0.0439453 0.304199 0.0683594 0.0498047 0.0004673
2 0.818359 0.430664 0.0429688 0.0351562 0.000476599
11 0.646973 0.116699 0.118164 0.0361328 0.000480652
9 0.328613 0.966309 0.147461 0.0654297 0.000520229
11 0.358887 0.106934 0.0576172 0.0107422 0.000521183
11 0.384766 0.112305 0.0722656 0.015625 0.000529766
1 0.30127 0.249512 0.293945 0.268555 0.000544071
10 0.979004 0.728027 0.0419922 0.12207 0.000554562
10 0.30127 0.249512 0.293945 0.268555 0.000568867
2 0.370117 0.380371 0.00976562 0.00878906 0.000583172
9 0.291504 0.681152 0.311523 0.133789 0.000605106
13 0.625977 0.390625 0.0546875 0.0351562 0.000607967
11 0.379395 0.128906 0.139648 0.0488281 0.0006423
9 0.898926 0.947754 0.188477 0.104492 0.000656605
9 0.612305 0.395996 0.0917969 0.0908203 0.000668526
11 0.741699 0.144531 0.0537109 0.0429688 0.000747204
12 0.706055 0.394043 0.296875 0.540039 0.000752926
9 0.241211 0.683594 0.0371094 0.0332031 0.000757694
7 0.290039 0.265137 0.3125 0.307617 0.000758171
11 0.590332 0.134766 0.0615234 0.046875 0.000768661
11 0.317383 0.141113 0.21875 0.0869141 0.000825405
9 0.0698242 0.956055 0.139648 0.0859375 0.000840187
13 0.0673828 0.174316 0.134766 0.348633 0.000858307
13 0.587891 0.370605 0.0527344 0.0498047 0.000877857
11 0.637207 0.115234 0.0673828 0.0136719 0.000934601
5 0.296875 0.396484 0.316406 0.566406 0.00095129
2 0.614746 0.393555 0.0849609 0.0664062 0.00101376
0 0.30127 0.249512 0.293945 0.268555 0.00102806
9 0.494629 0.583008 0.165039 0.423828 0.00105381
10 0.876953 0.741699 0.0546875 0.0771484 0.00109291
8 0.294434 0.554199 0.0224609 0.0166016 0.00113964
11 0.42041 0.131348 0.0634766 0.0478516 0.0012064
11 0.623535 0.125 0.102539 0.0371094 0.00123119
8 0.369629 0.379883 0.0107422 0.0078125 0.00132847
11 0.299316 0.248047 0.291992 0.269531 0.00133038
9 0.544434 0.283691 0.0830078 0.0810547 0.00141048
11 0.724609 0.138184 0.0683594 0.0439453 0.00145531
7 0.818359 0.430664 0.0410156 0.0332031 0.00146198
8 0.235352 0.222168 0.015625 0.0166016 0.00147057
11 0.603027 0.125 0.0654297 0.0273438 0.00148201
11 0.349609 0.111328 0.0859375 0.0175781 0.00154781
11 0.367188 0.107422 0.09375 0.015625 0.00170422
11 0.88623 0.733887 0.0439453 0.0849609 0.00175762
13 0.664062 0.213379 0.0507812 0.0888672 0.00184059
9 0.933594 0.96582 0.130859 0.0683594 0.00191021
11 0.334473 0.118652 0.118164 0.0322266 0.00191402
10 0.132324 0.731445 0.0478516 0.0566406 0.00248909
11 0.699707 0.131348 0.102539 0.0380859 0.00275993
8 0.567871 0.564941 0.0302734 0.0224609 0.002882
11 0.243652 0.157227 0.0537109 0.0410156 0.00299263
9 0.29541 0.24707 0.286133 0.257812 0.0032959
11 0.133789 0.734863 0.046875 0.0595703 0.0034008
11 0.295898 0.125 0.0585938 0.0332031 0.00346375
11 0.657227 0.117676 0.0839844 0.0185547 0.00357056
9 0.296875 0.396484 0.316406 0.566406 0.00370789
13 0.615723 0.404297 0.104492 0.109375 0.00387573
11 0.402344 0.12207 0.0917969 0.0332031 0.00475311
13 0.666504 0.211426 0.0322266 0.0595703 0.00523376
10 0.88623 0.73291 0.0322266 0.0498047 0.0056839
8 0.818359 0.430664 0.0410156 0.0332031 0.00611496
11 0.673828 0.123535 0.105469 0.0263672 0.00696945
11 0.266602 0.14209 0.0917969 0.0595703 0.00707626
11 0.88623 0.73291 0.0322266 0.0498047 0.00813293
11 0.376953 0.113281 0.115234 0.0234375 0.00976562
9 0.817871 0.431641 0.0419922 0.0332031 0.00988007
11 0.63623 0.121094 0.0966797 0.0195312 0.0130844
0 0.542969 0.283691 0.0839844 0.0732422 0.0145416
13 0.615234 0.397949 0.0742188 0.0615234 0.0155487
9 0.486816 0.418945 0.145508 0.507812 0.0169067
12 0.296387 0.396484 0.311523 0.568359 0.0340271
12 0.294922 0.24707 0.287109 0.259766 0.0462036
