13 0.785645 0.57959 0.0263672 0.0205078 0.000447989
9 0.313965 0.148926 0.131836 0.0400391 0.000453234
13 0.650391 0.772949 0.0175781 0.0517578 0.000456333
6 0.256348 0.253906 0.135742 0.121094 0.000460148
13 0.369629 0.380371 0.0302734 0.0224609 0.0004704
7 0.799316 0.76123 0.0322266 0.0380859 0.000479698
2 0.807129 0.781738 0.0791016 0.108398 0.000482082
6 0.786133 0.67334 0.0507812 0.0458984 0.000487328
2 0.785156 0.757324 0.0449219 0.0478516 0.000488043
10 0.30957 0.187988 0.191406 0.0966797 0.00049305
7 0.295898 0.162109 0.158203 0.0722656 0.000494957
13 0.772949 0.637207 0.106445 0.141602 0.000498295
2 0.178223 0.828613 0.0556641 0.0419922 0.000500202
9 0.217773 0.677246 0.199219 0.219727 0.00050211
3 0.143555 0.866699 0.0917969 0.135742 0.000507832
11 0.867188 0.824219 0.0742188 0.0664062 0.000509262
11 0.253906 0.209473 0.113281 0.0869141 0.000511646
13 0.324219 0.198242 0.105469 0.0761719 0.000520706
11 0.760254 0.766113 0.100586 0.0576172 0.00053072
9 0.248535 0.772949 0.291992 0.25293 0.000532627
2 0.143555 0.866699 0.0917969 0.135742 0.000542164
1 0.32666 0.163574 0.137695 0.0732422 0.000553131
13 0.818848 0.727539 0.102539 0.126953 0.000554085
7 0.716797 0.182617 0.177734 0.0722656 0.000557899
9 0.26123 0.503906 0.311523 0.576172 0.000574589
0 0.127441 0.890625 0.0556641 0.078125 0.00057745
10 0.829102 0.868652 0.201172 0.178711 0.000578403
11 0.312988 0.757812 0.0966797 0.0625 0.000586033
10 0.837891 0.82666 0.0605469 0.0732422 0.000592709
11 0.206055 0.246582 0.0546875 0.0869141 0.00059557
5 0.268066 0.61084 0.141602 0.172852 0.000600338
1 0.324707 0.144531 0.120117 0.0390625 0.000600815
8 0.341797 0.65625 0.0292969 0.0273438 0.000602245
11 0.69043 0.202148 0.158203 0.0839844 0.000608921
11 0.404785 0.143555 0.0791016 0.0292969 0.000614166
13 0.182129 0.708984 0.108398 0.0917969 0.000618935
11 0.822754 0.785645 0.0478516 0.0615234 0.000629425
0 0.0864258 0.360352 0.172852 0.273438 0.000637054
13 0.788086 0.664062 0.0878906 0.0820312 0.000637054
5 0.290039 0.527344 0.195312 0.316406 0.000652313
6 0.773438 0.66748 0.0878906 0.0751953 0.000653267
13 0.25293 0.800781 0.242188 0.126953 0.000658989
9 0.877441 0.866699 0.0830078 0.116211 0.000659466
9 0.59082 0.303223 0.117188 0.129883 0.000661373
8 0.754395 0.683105 0.0302734 0.0263672 0.000662327
4 0.25293 0.800781 0.242188 0.126953 0.000663757
9 0.318848 0.77832 0.133789 0.105469 0.000666142
11 0.290039 0.146973 0.046875 0.0263672 0.000669956
13 0.28418 0.64209 0.160156 0.186523 0.00067091
1 0.132324 0.890625 0.0673828 0.0820312 0.00067997
13 0.792969 0.277344 0.101562 0.111328 0.000683784
6 0.25293 0.800781 0.242188 0.126953 0.000687122
11 0.836914 0.841309 0.0664062 0.0791016 0.000692844
13 0.745605 0.717773 0.0224609 0.0351562 0.000695229
7 0.132324 0.88623 0.0673828 0.0791016 0.000695705
2 0.780762 0.710449 0.0849609 0.137695 0.000700951
13 0.253418 0.217773 0.0712891 0.0546875 0.000706196
11 0.82959 0.808105 0.0380859 0.0498047 0.000708103
2 0.725098 0.19043 0.198242 0.0820312 0.000713825
10 0.842773 0.89502 0.105469 0.0849609 0.000718117
7 0.769043 0.626953 0.12207 0.150391 0.000720501
7 0.234375 0.251953 0.105469 0.117188 0.000721931
2 0.264648 0.791016 0.203125 0.115234 0.000722885
11 0.25293 0.800781 0.242188 0.126953 0.000725269
11 0.736816 0.317383 0.213867 0.242188 0.000741005
10 0.79541 0.760742 0.0322266 0.0390625 0.000742912
9 0.808105 0.777832 0.0810547 0.116211 0.000749111
7 0.786133 0.57959 0.0253906 0.0224609 0.000759125
11 0.781738 0.76709 0.120117 0.116211 0.00076437
13 0.362793 0.662109 0.0654297 0.09375 0.000766277
13 0.217773 0.677246 0.199219 0.219727 0.000768185
13 0.22168 0.233398 0.0820312 0.103516 0.000769615
9 0.17041 0.721191 0.0693359 0.0771484 0.000771999
13 0.803711 0.727051 0.0449219 0.0810547 0.000776768
11 0.879395 0.85498 0.0517578 0.0673828 0.000779629
13 0.759766 0.765625 0.0839844 0.0488281 0.000781059
11 0.750488 0.189453 0.0771484 0.0527344 0.000782013
7 0.226562 0.224609 0.078125 0.0625 0.000783443
11 0.114258 0.854492 0.0742188 0.0996094 0.00078392
13 0.178223 0.828613 0.0556641 0.0419922 0.00079155
9 0.780762 0.710449 0.0849609 0.137695 0.000799656
11 0.19873 0.838867 0.12793 0.0683594 0.000806808
13 0.259277 0.270996 0.141602 0.110352 0.000807285
13 0.657715 0.451172 0.0224609 0.0332031 0.000813961
13 0.686523 0.342285 0.113281 0.188477 0.000824928
11 0.431152 0.146484 0.0771484 0.0390625 0.00082922
6 0.345703 0.171875 0.109375 0.0800781 0.000833988
13 0.326172 0.544434 0.0839844 0.0986328 0.00083971
7 0.173828 0.833008 0.0449219 0.0429688 0.000849247
9 0.349609 0.177734 0.111328 0.078125 0.000861168
9 0.745117 0.194336 0.166016 0.0898438 0.000862122
13 0.790527 0.710449 0.141602 0.188477 0.000863552
10 0.882324 0.837402 0.0595703 0.0712891 0.000870228
2 0.306152 0.183594 0.18457 0.0996094 0.000875473
13 0.362793 0.375488 0.0498047 0.0341797 0.000880241
8 0.329102 0.182617 0.148438 0.0917969 0.000880718
13 0.329102 0.145508 0.125 0.0410156 0.000884056
5 0.293945 0.35498 0.28125 0.40918 0.000895023
5 0.208496 0.513672 0.165039 0.40625 0.000902653
13 0.700684 0.385254 0.176758 0.327148 0.000912189
11 0.230469 0.191406 0.0351562 0.0292969 0.000913143
3 0.884277 0.864746 0.0771484 0.114258 0.000927448
9 0.240234 0.835938 0.238281 0.113281 0.000943184
2 0.17627 0.733887 0.0458984 0.0400391 0.000955582
9 0.779297 0.678223 0.0722656 0.0595703 0.00096035
11 0.401855 0.134766 0.0673828 0.015625 0.00096035
13 0.876465 0.856445 0.0966797 0.128906 0.000960827
1 0.146484 0.854004 0.0976562 0.102539 0.000964642
11 0.836426 0.807617 0.0595703 0.0683594 0.000975609
9 0.795898 0.751465 0.0429688 0.0537109 0.000977516
9 0.277832 0.762695 0.137695 0.0820312 0.000979424
9 0.786621 0.57959 0.0244141 0.0205078 0.000985146
5 0.748535 0.494629 0.268555 0.602539 0.000990868
7 0.151367 0.853027 0.0976562 0.110352 0.000994682
13 0.897461 0.766113 0.0351562 0.0908203 0.00102043
2 0.785645 0.57959 0.0263672 0.0205078 0.00103569
13 0.785645 0.675293 0.0498047 0.0439453 0.00104332
10 0.117188 0.87207 0.0546875 0.0664062 0.00104523
2 0.876465 0.856445 0.0966797 0.128906 0.00105381
8 0.771973 0.681152 0.0771484 0.0634766 0.00106716
4 0.785645 0.675293 0.0498047 0.0439453 0.00108337
9 0.222168 0.839355 0.15332 0.0712891 0.00109291
11 0.249023 0.178223 0.0644531 0.0576172 0.00109768
9 0.309082 0.748047 0.0615234 0.0390625 0.00110531
13 0.34668 0.360352 0.0917969 0.0742188 0.00111389
11 0.191895 0.834961 0.161133 0.128906 0.00111675
10 0.158691 0.876465 0.114258 0.112305 0.0011425
8 0.588379 0.500488 0.0439453 0.0322266 0.00114441
9 0.938965 0.347656 0.0166016 0.015625 0.00114441
0 0.741699 0.197754 0.182617 0.0927734 0.00114536
11 0.163574 0.888184 0.114258 0.0966797 0.00115299
8 0.786133 0.57959 0.0371094 0.0322266 0.00115776
8 0.384766 0.532227 0.00976562 0.0117188 0.00116253
11 0.175781 0.82959 0.0410156 0.0322266 0.00117302
11 0.836914 0.791504 0.113281 0.114258 0.00117397
3 0.751465 0.205566 0.172852 0.102539 0.0011797
6 0.753906 0.195801 0.148438 0.0810547 0.00119019
8 0.371094 0.381348 0.0136719 0.0146484 0.00120068
9 0.194336 0.832031 0.189453 0.181641 0.00121307
8 0.822754 0.590332 0.0283203 0.0244141 0.00121498
13 0.817383 0.774414 0.0996094 0.117188 0.00122547
11 0.312012 0.751465 0.0634766 0.0400391 0.00123692
9 0.150879 0.859375 0.104492 0.115234 0.00126266
11 0.818848 0.838379 0.0458984 0.0615234 0.00126743
8 0.741699 0.197754 0.182617 0.0927734 0.0012722
5 0.306641 0.1875 0.195312 0.101562 0.00128651
11 0.149902 0.907715 0.0732422 0.0751953 0.0012989
7 0.876465 0.853516 0.0830078 0.0976562 0.00132275
11 0.135254 0.928223 0.0380859 0.0400391 0.00132942
11 0.789551 0.671875 0.0439453 0.0429688 0.00133896
11 0.357422 0.132812 0.09375 0.0195312 0.00135422
11 0.810059 0.774902 0.0400391 0.0380859 0.00141048
7 0.165039 0.839844 0.078125 0.0664062 0.00142002
12 0.306152 0.237305 0.21582 0.189453 0.00146198
9 0.312988 0.757812 0.0966797 0.0625 0.00148869
12 0.305664 0.169922 0.173828 0.0878906 0.00150585
7 0.773438 0.66748 0.0878906 0.0751953 0.00150776
9 0.802246 0.766602 0.0380859 0.0332031 0.00151348
13 0.328613 0.226562 0.143555 0.128906 0.00157642
11 0.649414 0.166504 0.0664062 0.0341797 0.00163364
13 0.216797 0.23584 0.0566406 0.0439453 0.00164223
1 0.87793 0.863281 0.0800781 0.0976562 0.00166416
10 0.306152 0.237305 0.21582 0.189453 0.00175476
0 0.307617 0.246582 0.220703 0.204102 0.00185585
10 0.150391 0.901855 0.0800781 0.0810547 0.00186348
6 0.256836 0.219727 0.123047 0.0761719 0.00191116
13 0.602539 0.304688 0.111328 0.144531 0.00196266
11 0.134766 0.83252 0.101562 0.120117 0.00198936
10 0.894043 0.890137 0.0595703 0.0712891 0.00205994
13 0.317871 0.338867 0.249023 0.341797 0.00208855
7 0.256836 0.219727 0.123047 0.0761719 0.0021019
12 0.739258 0.191895 0.173828 0.0830078 0.00218582
12 0.733887 0.27832 0.204102 0.222656 0.00219345
3 0.306152 0.237305 0.21582 0.189453 0.0022316
8 0.26416 0.790527 0.202148 0.112305 0.0022583
11 0.339844 0.171875 0.130859 0.0761719 0.00235176
10 0.733887 0.27832 0.204102 0.222656 0.00235367
13 0.774902 0.685059 0.0810547 0.0751953 0.00237656
9 0.17627 0.733887 0.0458984 0.0400391 0.00243759
4 0.753418 0.200684 0.15918 0.0947266 0.00251007
13 0.826172 0.743164 0.0449219 0.0332031 0.00256729
2 0.755371 0.221191 0.170898 0.135742 0.00257111
10 0.753418 0.200684 0.15918 0.0947266 0.00258827
5 0.25293 0.607422 0.199219 0.283203 0.00261497
8 0.303223 0.213379 0.211914 0.149414 0.00262451
13 0.240234 0.231445 0.128906 0.150391 0.00265121
11 0.42041 0.13916 0.0576172 0.0205078 0.00266838
7 0.345703 0.171875 0.109375 0.0800781 0.00271416
7 0.324707 0.144531 0.124023 0.0371094 0.00274277
9 0.294922 0.746582 0.0429688 0.0302734 0.00276375
9 0.784668 0.761719 0.0517578 0.0449219 0.00277138
9 0.306152 0.237305 0.21582 0.189453 0.00277138
2 0.799316 0.759766 0.0361328 0.0410156 0.00292969
9 0.733887 0.27832 0.204102 0.222656 0.0029583
11 0.687012 0.160645 0.12207 0.0263672 0.00296021
11 0.788574 0.219727 0.106445 0.105469 0.00304413
9 0.922852 0.348633 0.0566406 0.0839844 0.003088
0 0.733887 0.27832 0.204102 0.222656 0.00318336
1 0.312988 0.248047 0.213867 0.195312 0.00320435
7 0.17627 0.733887 0.0458984 0.0400391 0.00321007
13 0.78125 0.743652 0.0585938 0.0771484 0.0032959
13 0.651367 0.780762 0.0351562 0.0654297 0.00335503
9 0.168457 0.83252 0.0908203 0.0673828 0.00339508
11 0.835449 0.865234 0.137695 0.107422 0.00347519
8 0.733887 0.27832 0.204102 0.222656 0.003479
10 0.138184 0.92334 0.0439453 0.0458984 0.00354767
11 0.307617 0.246582 0.220703 0.204102 0.00361061
9 0.505371 0.496582 0.155273 0.608398 0.00365639
11 0.208496 0.237305 0.0458984 0.0449219 0.00377274
6 0.724609 0.22168 0.205078 0.126953 0.00382423
11 0.793945 0.771484 0.0429688 0.0449219 0.00384521
11 0.80127 0.744141 0.0439453 0.0644531 0.00391006
11 0.123047 0.873535 0.0488281 0.0634766 0.00392151
11 0.892578 0.837891 0.0742188 0.09375 0.00410461
10 0.17334 0.832031 0.0576172 0.0566406 0.00411987
10 0.875 0.894531 0.0839844 0.0976562 0.00429153
4 0.307617 0.237793 0.224609 0.182617 0.00440598
11 0.388184 0.136719 0.118164 0.0214844 0.00442505
11 0.233398 0.19043 0.0644531 0.0585938 0.00444412
11 0.297363 0.148926 0.0810547 0.0341797 0.00449753
13 0.784668 0.72168 0.0849609 0.125 0.00450516
3 0.733887 0.27832 0.204102 0.222656 0.00458145
9 0.791504 0.67041 0.0380859 0.0380859 0.00459671
9 0.207031 0.80957 0.144531 0.0957031 0.00462723
13 0.817383 0.754395 0.0761719 0.0673828 0.00496674
2 0.789551 0.671875 0.0439453 0.0429688 0.00507736
11 0.784668 0.755371 0.0595703 0.0576172 0.00512314
11 0.223633 0.220703 0.0800781 0.0878906 0.00519562
9 0.306641 0.1875 0.195312 0.101562 0.00547791
4 0.733887 0.27832 0.204102 0.222656 0.00559616
10 0.876465 0.833984 0.0908203 0.107422 0.00561523
11 0.830078 0.825684 0.0449219 0.0576172 0.00566864
7 0.785645 0.675293 0.0498047 0.0439453 0.00580215
13 0.171387 0.727539 0.0537109 0.0507812 0.00595474
11 0.811035 0.802246 0.0654297 0.0869141 0.00600052
13 0.74707 0.262207 0.154297 0.124023 0.00624084
9 0.178223 0.828613 0.0556641 0.0419922 0.00658417
13 0.381836 0.679688 0.0527344 0.105469 0.00673294
11 0.280762 0.166504 0.137695 0.0771484 0.0069809
13 0.355469 0.183594 0.105469 0.0820312 0.00701141
2 0.307129 0.232422 0.209961 0.177734 0.00715637
13 0.326172 0.340332 0.123047 0.110352 0.00751114
13 0.163574 0.705078 0.0634766 0.0644531 0.00761795
7 0.245117 0.791504 0.208984 0.114258 0.00774384
11 0.240234 0.18457 0.0449219 0.0332031 0.00782776
5 0.26123 0.503906 0.311523 0.576172 0.00802612
13 0.318848 0.30957 0.19043 0.197266 0.00828552
11 0.865723 0.891113 0.102539 0.0986328 0.00869751
13 0.256836 0.219727 0.123047 0.0761719 0.00887299
5 0.30957 0.241211 0.232422 0.197266 0.00907898
11 0.853516 0.830078 0.115234 0.105469 0.00907898
5 0.734375 0.285156 0.205078 0.222656 0.00908661
11 0.338379 0.137207 0.110352 0.0302734 0.00958252
1 0.729492 0.250488 0.195312 0.178711 0.00987244
13 0.753906 0.195801 0.148438 0.0810547 0.0100708
4 0.313477 0.189941 0.183594 0.100586 0.0102463
10 0.15918 0.842285 0.0859375 0.0869141 0.0115662
2 0.731934 0.282715 0.204102 0.211914 0.0120392
11 0.897461 0.873535 0.0546875 0.0810547 0.012825
11 0.708008 0.175781 0.195312 0.0585938 0.0128403
9 0.791504 0.762207 0.0302734 0.0341797 0.0131989
11 0.806152 0.771484 0.0654297 0.0878906 0.0137863
1 0.304688 0.195801 0.191406 0.114258 0.0138779
11 0.789551 0.766113 0.0283203 0.0283203 0.0142059
7 0.753418 0.200684 0.15918 0.0947266 0.0166321
7 0.738281 0.276855 0.197266 0.204102 0.0166779
11 0.17334 0.832031 0.0576172 0.0566406 0.0168762
11 0.805176 0.763184 0.0341797 0.0341797 0.0172729
13 0.79541 0.75 0.0419922 0.0585938 0.0189667
11 0.300293 0.191406 0.202148 0.119141 0.0190735
8 0.17627 0.733887 0.0458984 0.0400391 0.0215912
10 0.860352 0.865234 0.111328 0.107422 0.0230408
10 0.13623 0.907227 0.0517578 0.0566406 0.0233765
11 0.136719 0.913086 0.0449219 0.0488281 0.0236511
7 0.307617 0.237793 0.224609 0.182617 0.0250854
1 0.75293 0.200684 0.158203 0.0927734 0.02742
6 0.320801 0.186523 0.19043 0.0917969 0.0276794
11 0.15918 0.842285 0.0859375 0.0869141 0.0318298
11 0.316895 0.148926 0.137695 0.0478516 0.0330505
13 0.724609 0.22168 0.205078 0.126953 0.0350952
11 0.29541 0.747559 0.0419922 0.0322266 0.0355225
10 0.134277 0.856934 0.0869141 0.0986328 0.0439148
8 0.786133 0.57959 0.0253906 0.0205078 0.0537415
11 0.736816 0.241211 0.198242 0.160156 0.0610046
6 0.306152 0.227051 0.21582 0.15332 0.0617065
8 0.785645 0.675293 0.0498047 0.0439453 0.0666504
0 0.589355 0.294434 0.118164 0.112305 0.0684814
7 0.310547 0.187988 0.193359 0.0966797 0.0697021
6 0.731934 0.286133 0.202148 0.216797 0.0722656
11 0.79541 0.757812 0.0341797 0.0390625 0.0886841
9 0.259277 0.793457 0.208008 0.118164 0.0933838
13 0.313477 0.189941 0.183594 0.100586 0.0962524
10 0.131836 0.88623 0.0664062 0.0791016 0.098877
10 0.88916 0.862305 0.0673828 0.0878906 0.103821
11 0.141113 0.867676 0.0810547 0.104492 0.11377
11 0.131348 0.89209 0.0615234 0.0751953 0.120422
11 0.87793 0.863281 0.0800781 0.0976562 0.171631
11 0.752441 0.193359 0.145508 0.0800781 0.313232
13 0.308594 0.242676 0.21875 0.192383 0.338867
13 0.731934 0.282715 0.204102 0.211914 0.383789
