11 0.59082 0.338867 0.046875 0.0449219 0.000100315
13 0.29834 0.54834 0.0673828 0.0341797 0.000101388
5 0.592285 0.555664 0.430664 0.136719 0.000101805
13 0.0854492 0.155762 0.170898 0.311523 0.000102222
9 0.912109 0.617676 0.046875 0.0419922 0.000102341
11 0.352539 0.143555 0.0644531 0.0195312 0.000103533
7 0.416992 0.252441 0.119141 0.188477 0.000103772
11 0.0922852 0.991699 0.0400391 0.0166016 0.000103772
8 0.71875 0.25293 0.00976562 0.00976562 0.000103831
13 0.317871 0.500977 0.192383 0.185547 0.000104427
9 0.592773 0.137207 0.0722656 0.0380859 0.000105202
2 0.430664 0.346191 0.03125 0.0322266 0.000107169
9 0.349121 0.720215 0.258789 0.254883 0.000107646
13 0.807129 0.389648 0.104492 0.109375 0.000108957
9 0.708984 0.815918 0.435547 0.34082 0.000110507
9 0.355957 0.430176 0.125977 0.237305 0.000110507
11 0.650879 0.128906 0.0732422 0.0175781 0.00011152
8 0.188965 0.407227 0.0126953 0.0117188 0.000112355
4 0.62793 0.558105 0.509766 0.12793 0.000113845
4 0.790039 0.565918 0.236328 0.0751953 0.000113964
9 0.463867 0.239746 0.0527344 0.206055 0.000114083
9 0.333496 0.170898 0.198242 0.0878906 0.000115573
9 0.45752 0.34668 0.110352 0.302734 0.000115991
13 0.6875 0.321777 0.146484 0.165039 0.000115991
12 0.804688 0.566895 0.193359 0.0595703 0.00011611
9 0.268555 0.171875 0.0800781 0.0449219 0.000116408
7 0.848145 0.609375 0.182617 0.119141 0.000116885
1 0.62793 0.558105 0.509766 0.12793 0.000117421
7 0.869629 0.572266 0.0556641 0.0234375 0.000118375
2 0.481934 0.247559 0.0322266 0.0673828 0.000119269
9 0.0942383 0.994629 0.0302734 0.0107422 0.00012058
11 0.915527 0.613281 0.0478516 0.0546875 0.00012064
13 0.728027 0.0693359 0.0166016 0.015625 0.000121176
6 0.243652 0.579102 0.225586 0.0800781 0.000123501
10 0.136719 0.985352 0.152344 0.0292969 0.000124216
9 0.893555 0.64502 0.113281 0.15332 0.000125647
11 0.915039 0.59375 0.0527344 0.119141 0.000125647
10 0.901855 0.642578 0.108398 0.162109 0.000126839
8 0.765137 0.577148 0.317383 0.142578 0.000127316
0 0.361816 0.48291 0.100586 0.139648 0.000127673
9 0.709961 0.416992 0.316406 0.412109 0.000127792
11 0.585938 0.14502 0.0761719 0.0576172 0.000127912
13 0.561523 0.328613 0.115234 0.0966797 0.000128269
12 0.800781 0.555664 0.289062 0.150391 0.000128746
2 0.831055 0.354004 0.0351562 0.0400391 0.000128865
9 0.503418 0.677734 0.27832 0.478516 0.000130057
13 0.75 0.564453 0.349609 0.232422 0.000130415
12 0.62793 0.558105 0.509766 0.12793 0.000131965
2 0.789551 0.565918 0.239258 0.0771484 0.000135899
12 0.775879 0.709473 0.358398 0.297852 0.000136375
13 0.82959 0.363281 0.0322266 0.0273438 0.000136852
9 0.297363 0.966797 0.344727 0.0664062 0.000138402
11 0.413086 0.160156 0.0703125 0.0488281 0.000139713
13 0.268555 0.171875 0.0800781 0.0449219 0.000139832
7 0.264648 0.171875 0.0820312 0.046875 0.000140786
5 0.290527 0.48291 0.233398 0.262695 0.000141144
13 0.818848 0.608887 0.227539 0.100586 0.00014174
11 0.89209 0.608887 0.0966797 0.104492 0.00014174
8 0.354004 0.0976562 0.0166016 0.00976562 0.000141978
6 0.230469 0.631348 0.318359 0.168945 0.000142097
2 0.589355 0.350098 0.0380859 0.0341797 0.000146151
9 0.473633 0.24707 0.0371094 0.103516 0.000147462
9 0.861328 0.581543 0.101562 0.0498047 0.000149131
13 0.60791 0.131348 0.0517578 0.0244141 0.000149488
13 0.224121 0.629883 0.311523 0.160156 0.000151396
8 0.272949 0.577148 0.172852 0.0703125 0.00015223
7 0.695312 0.609863 0.287109 0.155273 0.00015223
10 0.774902 0.564941 0.256836 0.0791016 0.000152826
7 0.218262 0.578125 0.260742 0.0976562 0.000153303
11 0.260254 0.180176 0.108398 0.114258 0.000154853
9 0.535645 0.897461 0.213867 0.205078 0.000156641
7 0.303711 0.555664 0.140625 0.0527344 0.00015676
11 0.26709 0.59082 0.204102 0.0859375 0.000157356
11 0.629395 0.129883 0.0537109 0.015625 0.000157475
13 0.358398 0.5 0.0644531 0.078125 0.000158668
9 0.803711 0.625488 0.152344 0.100586 0.000158906
13 0.788574 0.584961 0.143555 0.0429688 0.000159621
2 0.726074 0.0683594 0.0166016 0.015625 0.000162244
10 0.776855 0.597656 0.295898 0.0800781 0.00016284
9 0.586426 0.626953 0.428711 0.275391 0.00016284
11 0.36084 0.164062 0.110352 0.0273438 0.000163436
9 0.4375 0.96582 0.375 0.0683594 0.00016439
8 0.430664 0.346191 0.03125 0.0322266 0.000164866
5 0.336426 0.498047 0.139648 0.177734 0.000164986
1 0.765137 0.577148 0.317383 0.142578 0.000165701
6 0.682617 0.557617 0.554688 0.130859 0.000166178
13 0.367188 0.475098 0.0761719 0.0712891 0.000166297
9 0.378418 0.228027 0.114258 0.145508 0.000166774
8 0.097168 0.995117 0.0283203 0.00976562 0.000169039
9 0.49707 0.231445 0.214844 0.271484 0.000169516
9 0.879395 0.608887 0.112305 0.0908203 0.000170708
12 0.264648 0.171875 0.0839844 0.046875 0.000171781
0 0.59375 0.570312 0.443359 0.162109 0.000172734
9 0.314453 0.551758 0.113281 0.0410156 0.000173211
9 0.23877 0.577637 0.12207 0.0576172 0.000174522
11 0.859375 0.57373 0.0839844 0.0361328 0.000176549
0 0.268555 0.171875 0.0800781 0.0449219 0.00017941
9 0.600098 0.470215 0.368164 0.299805 0.000181556
2 0.0922852 0.991699 0.0400391 0.0166016 0.00018239
13 0.837891 0.354492 0.0429688 0.0429688 0.000183225
1 0.227051 0.63623 0.321289 0.166992 0.000183702
9 0.683594 0.63916 0.304688 0.110352 0.000183702
13 0.908691 0.612793 0.0478516 0.0283203 0.000184059
0 0.533691 0.298828 0.165039 0.125 0.000184178
5 0.784668 0.421875 0.15918 0.242188 0.000189066
13 0.589355 0.338867 0.0361328 0.0390625 0.000190258
10 0.665527 0.613281 0.549805 0.265625 0.000190377
11 0.561523 0.328613 0.115234 0.0966797 0.000191331
11 0.389648 0.178711 0.103516 0.0878906 0.000192285
9 0.481934 0.247559 0.0322266 0.0673828 0.000194788
7 0.820312 0.354004 0.0429688 0.0380859 0.000198483
11 0.39209 0.148438 0.0908203 0.0429688 0.000201225
7 0.739258 0.529785 0.257812 0.137695 0.000203133
0 0.59375 0.337891 0.0449219 0.0429688 0.000207067
9 0.607422 0.131348 0.0605469 0.0244141 0.000207901
11 0.853516 0.638184 0.177734 0.155273 0.000208616
11 0.821289 0.567383 0.166016 0.0429688 0.000210881
8 0.363281 0.479492 0.0859375 0.0996094 0.000213385
1 0.791992 0.580566 0.230469 0.0654297 0.000214696
9 0.575684 0.334961 0.0791016 0.0605469 0.00022006
9 0.0883789 0.987793 0.0517578 0.0244141 0.000222564
9 0.777344 0.56543 0.173828 0.0507812 0.00022459
9 0.492188 0.82373 0.255859 0.336914 0.000226736
7 0.817871 0.573242 0.186523 0.0449219 0.000230789
9 0.490723 0.947754 0.196289 0.102539 0.000231266
9 0.322266 0.586914 0.121094 0.0644531 0.000232577
3 0.560547 0.333008 0.121094 0.119141 0.000233769
5 0.73877 0.464844 0.305664 0.320312 0.000234008
11 0.62793 0.558105 0.509766 0.12793 0.000237346
9 0.252441 0.499023 0.34668 0.40625 0.00024116
9 0.722168 0.579102 0.241211 0.0996094 0.000243902
2 0.821289 0.569336 0.167969 0.0449219 0.000245094
5 0.230469 0.644531 0.332031 0.179688 0.000245571
9 0.35498 0.0966797 0.0166016 0.00976562 0.000249624
13 0.264648 0.585938 0.236328 0.115234 0.000254631
10 0.0678711 0.70459 0.0322266 0.0458984 0.000256062
12 0.777344 0.585449 0.304688 0.0732422 0.000256062
11 0.371582 0.138672 0.0439453 0.0136719 0.000256538
13 0.670898 0.343262 0.0839844 0.12793 0.000260592
4 0.227051 0.63623 0.321289 0.166992 0.00026083
6 0.790039 0.565918 0.236328 0.0751953 0.000267029
3 0.598145 0.470215 0.424805 0.307617 0.000267982
2 0.268555 0.171875 0.0800781 0.0449219 0.000276566
13 0.86377 0.563477 0.106445 0.0546875 0.000279665
12 0.739746 0.598145 0.344727 0.131836 0.000282049
10 0.62793 0.558105 0.509766 0.12793 0.000282526
13 0.889648 0.577148 0.0625 0.0253906 0.000286579
9 0.438477 0.276855 0.0839844 0.180664 0.000286818
0 0.775391 0.634277 0.300781 0.151367 0.000287294
10 0.775879 0.709473 0.358398 0.297852 0.000288725
9 0.310547 0.61084 0.214844 0.116211 0.000294447
11 0.224121 0.629883 0.311523 0.160156 0.0002985
11 0.83252 0.35791 0.0322266 0.0361328 0.000303745
11 0.280762 0.557129 0.0888672 0.0419922 0.00030899
9 0.560547 0.333008 0.121094 0.119141 0.000309944
11 0.353027 0.144531 0.0966797 0.0332031 0.000313282
7 0.760254 0.569336 0.358398 0.283203 0.00031662
11 0.667969 0.131836 0.103516 0.0273438 0.000319004
3 0.76709 0.644531 0.329102 0.154297 0.00033164
10 0.264648 0.171875 0.0820312 0.046875 0.000331879
10 0.839844 0.68457 0.267578 0.171875 0.000334024
9 0.839355 0.569336 0.145508 0.0390625 0.000336885
5 0.235352 0.51709 0.195312 0.155273 0.000337124
11 0.400879 0.139648 0.0478516 0.015625 0.000337124
11 0.263672 0.177734 0.0507812 0.0332031 0.000342846
7 0.268066 0.600098 0.256836 0.0947266 0.000344515
4 0.765137 0.577148 0.317383 0.142578 0.000348806
9 0.228027 0.717773 0.348633 0.308594 0.000349283
11 0.0678711 0.70459 0.0322266 0.0458984 0.000354767
11 0.765137 0.577148 0.317383 0.142578 0.000356913
8 0.63916 0.507812 0.0146484 0.0117188 0.000356913
0 0.224121 0.629883 0.311523 0.160156 0.000372887
6 0.738281 0.585938 0.347656 0.111328 0.000376225
13 0.682617 0.557617 0.554688 0.130859 0.000379086
2 0.819336 0.595703 0.193359 0.0800781 0.000396967
9 0.241699 0.567871 0.272461 0.163086 0.000403404
2 0.561035 0.32959 0.114258 0.0986328 0.000404835
13 0.81543 0.364746 0.0742188 0.0712891 0.000407219
7 0.62793 0.558105 0.509766 0.12793 0.00041604
13 0.904785 0.609863 0.0361328 0.0146484 0.00042057
0 0.571289 0.370605 0.0976562 0.110352 0.000424385
9 0.726074 0.0683594 0.0146484 0.0136719 0.000424862
13 0.328613 0.529785 0.114258 0.0654297 0.000426054
8 0.59082 0.338867 0.046875 0.0449219 0.000434637
0 0.580566 0.390137 0.170898 0.235352 0.000435352
1 0.264648 0.171875 0.0820312 0.046875 0.000439405
2 0.268555 0.586914 0.199219 0.0800781 0.000442505
2 0.777832 0.628418 0.297852 0.135742 0.000449896
2 0.231445 0.625488 0.316406 0.143555 0.000454664
9 0.462402 0.297363 0.0712891 0.176758 0.000461102
10 0.92627 0.632324 0.0458984 0.0791016 0.000463009
9 0.869629 0.572266 0.0556641 0.0234375 0.000464916
8 0.227051 0.63623 0.321289 0.166992 0.000468254
2 0.362305 0.48291 0.0859375 0.102539 0.000478268
13 0.664062 0.350586 0.0449219 0.0917969 0.000488758
5 0.669434 0.594238 0.526367 0.151367 0.000500202
5 0.244141 0.578125 0.220703 0.0742188 0.00050211
9 0.82373 0.353516 0.0380859 0.0371094 0.000505924
9 0.743652 0.523926 0.303711 0.217773 0.000506401
9 0.144531 0.646973 0.1875 0.15332 0.000507355
9 0.845703 0.625 0.21875 0.146484 0.000511169
11 0.791992 0.580566 0.230469 0.0654297 0.000518322
11 0.770996 0.181152 0.0478516 0.0380859 0.000520706
9 0.280762 0.557129 0.0888672 0.0419922 0.000524044
13 0.794434 0.567383 0.147461 0.0429688 0.000532627
13 0.314941 0.38916 0.112305 0.0361328 0.000537395
13 0.861816 0.593262 0.114258 0.0673828 0.000551701
11 0.291016 0.571777 0.146484 0.0537109 0.000587463
7 0.758789 0.72168 0.361328 0.28125 0.000612259
9 0.782715 0.592285 0.112305 0.0400391 0.000621319
3 0.629395 0.60791 0.541992 0.166992 0.000625134
11 0.743164 0.166504 0.0976562 0.0634766 0.000627995
11 0.922363 0.631836 0.0478516 0.0839844 0.00063324
11 0.871094 0.573242 0.0507812 0.0175781 0.000639439
13 0.290527 0.576172 0.15918 0.0703125 0.000649929
10 0.75 0.564453 0.349609 0.232422 0.000649929
13 0.87793 0.578125 0.0800781 0.0488281 0.000657082
11 0.702637 0.139648 0.0849609 0.0410156 0.000657558
11 0.313477 0.161621 0.115234 0.0263672 0.000674248
9 0.172363 0.61084 0.19043 0.110352 0.00067997
9 0.494141 0.585449 0.203125 0.280273 0.00067997
11 0.385254 0.171387 0.110352 0.0400391 0.000705242
9 0.589355 0.338867 0.0361328 0.0390625 0.000715733
10 0.227051 0.63623 0.321289 0.166992 0.000735283
7 0.805176 0.594727 0.204102 0.0761719 0.000741959
11 0.407715 0.133301 0.0791016 0.0341797 0.000750542
13 0.352051 0.496582 0.0947266 0.12207 0.000776768
12 0.227051 0.63623 0.321289 0.166992 0.000785828
3 0.227051 0.63623 0.321289 0.166992 0.000789165
13 0.806641 0.358398 0.0664062 0.0390625 0.000791073
9 0.51416 0.337402 0.200195 0.149414 0.000813961
13 0.76709 0.64502 0.325195 0.15918 0.000888824
11 0.34668 0.153809 0.130859 0.0341797 0.000894547
7 0.272949 0.577148 0.172852 0.0703125 0.000925541
0 0.575684 0.334961 0.0791016 0.0605469 0.000929832
11 0.406738 0.145996 0.0712891 0.0244141 0.000941277
11 0.626953 0.130859 0.0898438 0.0253906 0.000961304
9 0.77832 0.598145 0.171875 0.0654297 0.00100994
11 0.245117 0.180664 0.0722656 0.046875 0.00102615
1 0.76709 0.64502 0.325195 0.15918 0.00105381
9 0.362305 0.48291 0.0859375 0.102539 0.00115108
13 0.318848 0.541992 0.114258 0.03125 0.00121689
11 0.762695 0.634277 0.320312 0.151367 0.00122452
0 0.502441 0.391113 0.243164 0.333008 0.00132084
12 0.777832 0.63916 0.329102 0.139648 0.00136566
11 0.308105 0.170898 0.19043 0.0820312 0.00137806
11 0.275879 0.169434 0.0517578 0.0322266 0.00141335
9 0.836914 0.596191 0.167969 0.0732422 0.00148678
11 0.719727 0.151855 0.105469 0.0556641 0.00150394
13 0.741699 0.561523 0.291992 0.107422 0.00160408
9 0.295898 0.668457 0.253906 0.219727 0.00169182
8 0.76709 0.64502 0.325195 0.15918 0.00169277
5 0.759277 0.637207 0.329102 0.149414 0.00169849
7 0.774902 0.564941 0.25293 0.0732422 0.00186157
11 0.327148 0.169922 0.193359 0.0429688 0.00205421
13 0.839355 0.576172 0.151367 0.0390625 0.00212097
11 0.614746 0.130371 0.0439453 0.0205078 0.00213051
5 0.252441 0.499023 0.34668 0.40625 0.00218773
13 0.303711 0.556152 0.142578 0.0498047 0.00226021
8 0.726074 0.0683594 0.0146484 0.0136719 0.00226402
7 0.222656 0.628418 0.308594 0.15918 0.00244331
13 0.82373 0.353516 0.0380859 0.0371094 0.00261307
13 0.862793 0.571777 0.0771484 0.0283203 0.00276566
11 0.365723 0.139648 0.0712891 0.0195312 0.00281715
6 0.76709 0.64502 0.325195 0.15918 0.00297737
11 0.583008 0.138184 0.046875 0.0341797 0.00326347
2 0.578613 0.336426 0.0693359 0.0576172 0.00331116
11 0.390137 0.140137 0.0751953 0.0224609 0.00336838
5 0.22998 0.59082 0.291992 0.140625 0.00340652
9 0.758789 0.72168 0.361328 0.28125 0.00394821
9 0.469238 0.260254 0.114258 0.225586 0.00399017
4 0.76709 0.64502 0.325195 0.15918 0.00415039
10 0.776367 0.64502 0.306641 0.15332 0.00418091
9 0.300781 0.570801 0.148438 0.0517578 0.0050621
7 0.765137 0.577148 0.317383 0.142578 0.00513458
9 0.669434 0.594238 0.526367 0.151367 0.00523376
11 0.288086 0.163086 0.09375 0.046875 0.00531387
9 0.48877 0.436035 0.15918 0.40332 0.00585938
9 0.58252 0.555664 0.385742 0.132812 0.006073
0 0.519531 0.359375 0.199219 0.173828 0.00631332
11 0.600586 0.133789 0.0742188 0.0273438 0.00722504
9 0.786621 0.560547 0.264648 0.111328 0.00809479
13 0.792969 0.579102 0.230469 0.0605469 0.00982666
2 0.588867 0.336426 0.0410156 0.0380859 0.0106049
9 0.806641 0.579102 0.193359 0.0507812 0.0108414
13 0.875 0.572754 0.0488281 0.0166016 0.0162964
9 0.780762 0.599121 0.280273 0.0986328 0.0306702
9 0.268555 0.586914 0.199219 0.0800781 0.0323181
0 0.560547 0.330078 0.119141 0.101562 0.0511169
7 0.76709 0.64502 0.325195 0.15918 0.0527344
3 0.619141 0.556152 0.507812 0.124023 0.0973511
11 0.264648 0.171875 0.0820312 0.046875 0.133179
9 0.772461 0.646973 0.3125 0.163086 0.158325
9 0.224121 0.629883 0.311523 0.160156 0.176758
