9 0.45166 0.502441 0.258789 0.260742 0.000183225
6 0.837402 0.543945 0.12207 0.177734 0.000186205
11 0.415527 0.0791016 0.124023 0.0292969 0.000186682
11 0.663574 0.140137 0.211914 0.172852 0.000186801
8 0.189453 0.3125 0.015625 0.0136719 0.000188231
13 0.302246 0.270996 0.0556641 0.0595703 0.000190973
11 0.644043 0.120605 0.0771484 0.0380859 0.000191092
9 0.228516 0.811035 0.353516 0.37793 0.000192523
12 0.762695 0.166016 0.0546875 0.0507812 0.000197411
3 0.375 0.981934 0.412109 0.0341797 0.00019908
8 0.211426 0.286621 0.0302734 0.0205078 0.000200152
0 0.61084 0.206543 0.124023 0.141602 0.000201225
12 0.632812 0.148438 0.115234 0.0957031 0.000201344
2 0.207031 0.290039 0.0234375 0.015625 0.000201941
8 0.677246 0.428711 0.0166016 0.0136719 0.000204921
9 0.533203 0.222656 0.148438 0.197266 0.000205874
7 0.376465 0.134766 0.194336 0.140625 0.000206947
7 0.703613 0.431641 0.0869141 0.0820312 0.000208735
9 0.772949 0.173828 0.0751953 0.0742188 0.000209689
2 0.416016 0.180176 0.111328 0.196289 0.000209928
13 0.192383 0.416504 0.0390625 0.0205078 0.000211596
2 0.524414 0.289062 0.269531 0.169922 0.000212789
1 0.762695 0.165039 0.0527344 0.0449219 0.000213385
9 0.28125 0.709473 0.251953 0.258789 0.000213623
9 0.734375 0.95459 0.357422 0.0869141 0.000216842
13 0.757324 0.26709 0.112305 0.133789 0.000217199
7 0.739746 0.209961 0.0517578 0.0371094 0.00021863
13 0.318848 0.272461 0.116211 0.152344 0.000226259
9 0.84668 0.551758 0.105469 0.166016 0.000226855
1 0.416016 0.198242 0.109375 0.226562 0.000227213
9 0.448242 0.236816 0.0683594 0.165039 0.000227571
9 0.359863 0.439453 0.0205078 0.015625 0.000229955
8 0.703125 0.200195 0.09375 0.078125 0.000230551
7 0.79248 0.253906 0.0361328 0.0273438 0.000230908
13 0.649902 0.11377 0.125977 0.0498047 0.000234246
9 0.151367 0.13916 0.107422 0.0986328 0.000234842
9 0.457031 0.942383 0.214844 0.115234 0.000236869
9 0.207031 0.29541 0.0351562 0.0302734 0.000237823
9 0.580566 0.146973 0.254883 0.139648 0.000239134
8 0.703613 0.431641 0.0869141 0.0820312 0.000239491
8 0.727539 0.183594 0.0703125 0.078125 0.000242591
8 0.305176 0.286133 0.0283203 0.0175781 0.000244856
12 0.729004 0.206055 0.0302734 0.0253906 0.000245571
9 0.716797 0.160156 0.078125 0.0429688 0.00024581
13 0.791016 0.253418 0.03125 0.0283203 0.000252008
5 0.842773 0.448242 0.123047 0.384766 0.000252247
9 0.748535 0.209961 0.0751953 0.0605469 0.000252724
11 0.744141 0.209473 0.0585938 0.0439453 0.000254393
3 0.245605 0.394531 0.317383 0.433594 0.000256062
3 0.587891 0.981445 0.421875 0.0351562 0.000256777
8 0.304199 0.273438 0.0517578 0.0527344 0.000258207
7 0.791016 0.308105 0.132812 0.194336 0.000259638
5 0.728516 0.206055 0.0390625 0.03125 0.00026083
9 0.500977 0.396484 0.357422 0.390625 0.000261545
2 0.359863 0.439453 0.0205078 0.015625 0.000263691
8 0.820312 0.385742 0.0117188 0.00976562 0.000263929
11 0.626465 0.139648 0.0732422 0.0371094 0.000265837
7 0.762695 0.165039 0.0527344 0.0449219 0.000266552
0 0.451172 0.260254 0.177734 0.194336 0.000267744
10 0.761719 0.164062 0.0507812 0.0449219 0.000273228
12 0.411621 0.138184 0.125977 0.139648 0.000273466
3 0.729004 0.206543 0.0302734 0.0263672 0.000274181
7 0.394043 0.203613 0.19043 0.276367 0.000274658
13 0.762695 0.165039 0.0527344 0.0449219 0.000274897
9 0.692383 0.342773 0.0488281 0.0449219 0.00027585
11 0.297852 0.133301 0.125 0.0849609 0.000282049
9 0.361328 0.100586 0.208984 0.0976562 0.000284195
6 0.245605 0.394531 0.317383 0.433594 0.000286102
11 0.580566 0.146973 0.254883 0.139648 0.000287771
13 0.3125 0.23584 0.0390625 0.0654297 0.00028801
5 0.724609 0.45459 0.171875 0.249023 0.000288486
13 0.740234 0.260254 0.189453 0.213867 0.00028944
12 0.684082 0.13623 0.202148 0.0986328 0.000291348
9 0.714844 0.160156 0.0429688 0.03125 0.00029254
13 0.207031 0.290039 0.0234375 0.015625 0.000299454
9 0.63623 0.148438 0.118164 0.101562 0.000303507
7 0.399902 0.0917969 0.131836 0.0488281 0.000303507
10 0.684082 0.13623 0.202148 0.0986328 0.000303984
2 0.45752 0.226074 0.0283203 0.0439453 0.000307083
3 0.589355 0.534668 0.264648 0.176758 0.000313759
13 0.778809 0.336914 0.176758 0.267578 0.000316143
9 0.797363 0.530762 0.19043 0.213867 0.000317574
10 0.911621 0.6875 0.0400391 0.0527344 0.000318527
9 0.180176 0.536133 0.0126953 0.0117188 0.000319719
10 0.515625 0.30127 0.292969 0.198242 0.000322104
11 0.910156 0.686523 0.0390625 0.0546875 0.000324488
13 0.751953 0.5 0.203125 0.25 0.000324965
13 0.64209 0.141602 0.12207 0.0957031 0.000329018
7 0.736328 0.484375 0.199219 0.214844 0.000330448
13 0.411621 0.115723 0.129883 0.0927734 0.000332355
9 0.782715 0.330078 0.176758 0.259766 0.000333548
11 0.759766 0.411133 0.259766 0.458984 0.000334024
0 0.613281 0.320801 0.154297 0.22168 0.000335932
9 0.762695 0.165039 0.0527344 0.0449219 0.000336647
11 0.720215 0.164551 0.19043 0.170898 0.000338793
8 0.312012 0.27002 0.0263672 0.0185547 0.000341654
0 0.536133 0.372559 0.376953 0.321289 0.000346661
0 0.583008 0.27002 0.078125 0.102539 0.000346661
10 0.416016 0.180176 0.111328 0.196289 0.000348091
8 0.367676 0.430664 0.0341797 0.0371094 0.000348568
13 0.692383 0.341797 0.0527344 0.0488281 0.000349045
9 0.495605 0.247559 0.110352 0.165039 0.000350475
9 0.714355 0.50293 0.250977 0.259766 0.000350714
2 0.743164 0.21582 0.0605469 0.0488281 0.000354052
2 0.729492 0.194824 0.130859 0.106445 0.000356436
7 0.76709 0.171875 0.0751953 0.0703125 0.000364542
1 0.649902 0.11377 0.125977 0.0498047 0.000365019
9 0.414062 0.0991211 0.115234 0.0712891 0.000366211
10 0.729492 0.205566 0.03125 0.0283203 0.000369787
7 0.72168 0.183105 0.0820312 0.0810547 0.000374079
6 0.583984 0.276367 0.146484 0.134766 0.000378609
8 0.811523 0.350098 0.0117188 0.00878906 0.000385761
11 0.263184 0.15332 0.131836 0.107422 0.000389576
7 0.492188 0.169922 0.152344 0.224609 0.000389814
9 0.684082 0.13623 0.202148 0.0986328 0.000396729
9 0.454102 0.225586 0.0449219 0.0957031 0.000401497
5 0.702148 0.310059 0.228516 0.282227 0.000402212
7 0.693848 0.137207 0.192383 0.0908203 0.000404119
4 0.583984 0.276367 0.146484 0.134766 0.000404596
13 0.69873 0.158691 0.131836 0.0595703 0.000406027
7 0.175781 0.483398 0.152344 0.148438 0.000409126
0 0.692383 0.341797 0.0527344 0.0488281 0.000413656
8 0.201172 0.297363 0.0429688 0.0380859 0.000414371
9 0.804199 0.257324 0.0146484 0.0146484 0.000416279
11 0.710449 0.154297 0.108398 0.046875 0.000416994
9 0.51709 0.161133 0.34668 0.279297 0.000422001
9 0.791016 0.253418 0.03125 0.0283203 0.000425577
8 0.338379 0.379395 0.0205078 0.0166016 0.00042963
10 0.772949 0.174805 0.0751953 0.0761719 0.000446081
11 0.292969 0.127441 0.0703125 0.0517578 0.000452757
8 0.810547 0.269043 0.0429688 0.0478516 0.000455379
1 0.759766 0.411133 0.259766 0.458984 0.000456333
0 0.728516 0.206055 0.0292969 0.0253906 0.000457764
3 0.821289 0.32959 0.357422 0.65918 0.000466824
7 0.387207 0.400879 0.133789 0.25293 0.00047183
1 0.76709 0.171875 0.0751953 0.0703125 0.000472307
11 0.708984 0.154785 0.0546875 0.0302734 0.000472784
11 0.328613 0.112793 0.151367 0.0732422 0.000473499
13 0.72168 0.181641 0.0488281 0.0722656 0.000474453
5 0.175781 0.483398 0.152344 0.148438 0.000481844
6 0.416016 0.180176 0.111328 0.196289 0.000486135
10 0.635254 0.147949 0.120117 0.104492 0.000494003
9 0.720703 0.183105 0.0644531 0.0791016 0.000494957
1 0.684082 0.13623 0.202148 0.0986328 0.000498772
8 0.359863 0.439453 0.0205078 0.015625 0.00050211
7 0.583984 0.276367 0.146484 0.134766 0.000511169
8 0.416016 0.180176 0.111328 0.196289 0.000512123
6 0.686035 0.191895 0.124023 0.106445 0.000513077
8 0.785645 0.253906 0.0439453 0.0351562 0.000519276
2 0.759766 0.411133 0.259766 0.458984 0.000545979
9 0.40332 0.133789 0.15625 0.134766 0.000547886
5 0.580566 0.276367 0.155273 0.136719 0.000552654
6 0.777344 0.337891 0.181641 0.273438 0.000553608
2 0.725098 0.194824 0.0673828 0.0830078 0.000557423
4 0.759766 0.411133 0.259766 0.458984 0.000558853
7 0.797852 0.522949 0.185547 0.22168 0.000559807
5 0.845215 0.540527 0.100586 0.18457 0.000562191
5 0.233887 0.444336 0.182617 0.181641 0.000562668
1 0.412109 0.130859 0.126953 0.123047 0.000570297
9 0.540527 0.185547 0.0869141 0.169922 0.000571728
13 0.71582 0.159668 0.0644531 0.0400391 0.000573158
9 0.500488 0.172852 0.104492 0.158203 0.000578403
12 0.583984 0.276367 0.146484 0.134766 0.000579357
8 0.181641 0.536133 0.0136719 0.0117188 0.000591755
11 0.373047 0.097168 0.203125 0.0849609 0.000594616
8 0.759766 0.411133 0.259766 0.458984 0.000595093
8 0.806641 0.279297 0.0253906 0.0195312 0.000600815
7 0.852051 0.553711 0.0869141 0.15625 0.000608444
9 0.696289 0.186035 0.125 0.108398 0.000614643
11 0.79248 0.192383 0.0869141 0.0800781 0.000624657
9 0.387695 0.369141 0.136719 0.242188 0.00063324
2 0.76709 0.172852 0.0751953 0.0742188 0.000641823
8 0.807129 0.264648 0.0263672 0.03125 0.000644684
4 0.416016 0.180176 0.111328 0.196289 0.000647545
11 0.387695 0.0854492 0.109375 0.0322266 0.000651836
9 0.704102 0.424316 0.0839844 0.0947266 0.000654697
5 0.340332 0.378418 0.21582 0.383789 0.000678539
11 0.389648 0.169434 0.15625 0.182617 0.000682354
7 0.419922 0.264648 0.0976562 0.25 0.000686646
8 0.69873 0.440918 0.0537109 0.0458984 0.000696659
9 0.387695 0.531738 0.138672 0.241211 0.00069952
1 0.581055 0.274414 0.158203 0.134766 0.000719547
0 0.759766 0.411133 0.259766 0.458984 0.000725269
2 0.762695 0.165039 0.0527344 0.0449219 0.000730038
0 0.615723 0.260254 0.0869141 0.104492 0.000730038
9 0.161133 0.141113 0.046875 0.0263672 0.000738621
5 0.753906 0.379883 0.207031 0.181641 0.000741959
9 0.207031 0.290039 0.0234375 0.015625 0.000754833
9 0.229004 0.391602 0.286133 0.416016 0.000762939
11 0.749023 0.202637 0.0878906 0.0869141 0.000769138
1 0.729004 0.206055 0.0302734 0.0253906 0.000779152
13 0.768066 0.236328 0.0947266 0.0722656 0.000780106
13 0.416016 0.180176 0.111328 0.196289 0.000788689
12 0.759766 0.411133 0.259766 0.458984 0.000812054
13 0.72168 0.193848 0.193359 0.125977 0.000824928
10 0.581543 0.277832 0.155273 0.141602 0.00084734
5 0.263672 0.321777 0.173828 0.266602 0.000861168
13 0.76709 0.171875 0.0751953 0.0703125 0.00086832
9 0.730469 0.20459 0.0449219 0.0498047 0.000874519
10 0.759766 0.411133 0.259766 0.458984 0.000926971
11 0.609375 0.172363 0.125 0.118164 0.000932217
7 0.686035 0.191895 0.124023 0.106445 0.000943184
8 0.796875 0.258301 0.0371094 0.0322266 0.000980377
6 0.751953 0.5 0.203125 0.25 0.000982285
11 0.581055 0.274414 0.158203 0.134766 0.000990868
3 0.518066 0.294434 0.272461 0.170898 0.00103378
13 0.740234 0.224121 0.128906 0.110352 0.0010519
3 0.576172 0.429688 0.488281 0.3125 0.00105762
11 0.749023 0.155273 0.0742188 0.0605469 0.00106907
13 0.755371 0.193848 0.0966797 0.0751953 0.00109863
8 0.581055 0.274414 0.158203 0.134766 0.00110435
1 0.63623 0.148438 0.118164 0.101562 0.0011158
13 0.581055 0.274414 0.158203 0.134766 0.00112152
11 0.619629 0.141113 0.106445 0.0576172 0.00115299
13 0.310547 0.246582 0.0644531 0.0908203 0.00120735
8 0.209473 0.294434 0.0302734 0.0244141 0.00121975
9 0.535156 0.0898438 0.0429688 0.0371094 0.00122929
7 0.649902 0.11377 0.125977 0.0498047 0.0012331
13 0.724121 0.20459 0.0654297 0.0556641 0.00123405
2 0.58252 0.275879 0.149414 0.135742 0.00124264
9 0.458008 0.226074 0.0273438 0.0400391 0.00130367
9 0.589844 0.273926 0.136719 0.129883 0.0013237
11 0.694824 0.121094 0.108398 0.0527344 0.00136948
5 0.380371 0.400391 0.131836 0.25 0.00141811
5 0.193848 0.422852 0.188477 0.283203 0.001441
11 0.721191 0.182617 0.0869141 0.0820312 0.00144482
9 0.519531 0.134277 0.154297 0.245117 0.00150681
11 0.335449 0.124023 0.241211 0.119141 0.00152111
13 0.688477 0.161133 0.195312 0.119141 0.00155258
8 0.291504 0.283691 0.0205078 0.0166016 0.00156498
8 0.692383 0.343262 0.046875 0.0419922 0.00159073
13 0.711426 0.158203 0.0380859 0.0292969 0.00161743
6 0.729004 0.206055 0.0302734 0.0253906 0.00175285
11 0.729004 0.206055 0.0302734 0.0253906 0.00178051
4 0.729004 0.206055 0.0302734 0.0253906 0.00178051
3 0.759766 0.411133 0.259766 0.458984 0.00178432
7 0.580566 0.511719 0.514648 0.193359 0.00181675
9 0.447266 0.25293 0.15625 0.232422 0.00187778
3 0.585938 0.59375 0.525391 0.162109 0.00188446
11 0.581543 0.519531 0.520508 0.185547 0.0019207
7 0.411621 0.115723 0.129883 0.0927734 0.00194454
7 0.63623 0.148438 0.118164 0.101562 0.00196648
12 0.581543 0.519531 0.520508 0.185547 0.00199509
11 0.676758 0.184082 0.140625 0.120117 0.00202942
1 0.581543 0.519531 0.520508 0.185547 0.00205994
13 0.746582 0.225098 0.0478516 0.0458984 0.00214005
8 0.581543 0.519531 0.520508 0.185547 0.00215912
8 0.797852 0.256836 0.0253906 0.0195312 0.00216675
2 0.581543 0.519531 0.520508 0.185547 0.00225258
9 0.519531 0.274414 0.273438 0.15625 0.00229836
13 0.759766 0.411133 0.259766 0.458984 0.00230026
3 0.583496 0.277832 0.151367 0.139648 0.00248528
4 0.581543 0.519531 0.520508 0.185547 0.00259209
13 0.581543 0.519531 0.520508 0.185547 0.00261307
6 0.581543 0.519531 0.520508 0.185547 0.00266266
8 0.730469 0.20459 0.0449219 0.0498047 0.00271034
11 0.643066 0.10498 0.120117 0.0341797 0.00273895
7 0.757324 0.430176 0.235352 0.418945 0.00275421
5 0.770508 0.310547 0.162109 0.222656 0.00289726
9 0.581543 0.519531 0.520508 0.185547 0.00294685
10 0.580078 0.523438 0.523438 0.183594 0.00296402
8 0.29834 0.283203 0.0400391 0.0273438 0.00317383
5 0.580566 0.511719 0.514648 0.193359 0.0032692
8 0.206055 0.290039 0.0214844 0.0136719 0.00330925
5 0.797852 0.522949 0.185547 0.22168 0.00331879
0 0.581543 0.519531 0.520508 0.185547 0.00367737
11 0.728516 0.150879 0.125 0.0869141 0.00368881
8 0.804199 0.257324 0.0146484 0.0146484 0.0037384
2 0.730469 0.20459 0.0449219 0.0498047 0.00376511
11 0.405273 0.0957031 0.134766 0.0566406 0.00387001
0 0.516602 0.250977 0.228516 0.132812 0.00397491
11 0.762695 0.17041 0.115234 0.108398 0.00400543
9 0.48584 0.194336 0.168945 0.226562 0.00450134
2 0.692383 0.342773 0.0488281 0.0449219 0.00465775
13 0.699707 0.184082 0.112305 0.0888672 0.00527573
9 0.760742 0.413574 0.234375 0.448242 0.00576019
11 0.684082 0.111816 0.0712891 0.0400391 0.00576401
9 0.429688 0.180664 0.150391 0.230469 0.00580597
5 0.805664 0.366211 0.154297 0.283203 0.00606537
6 0.759766 0.412109 0.253906 0.451172 0.00675583
13 0.739746 0.209961 0.0517578 0.0371094 0.00695419
13 0.75 0.221191 0.0761719 0.0634766 0.00740814
7 0.416016 0.180176 0.111328 0.196289 0.00765228
8 0.787109 0.253906 0.0273438 0.0234375 0.0088501
11 0.412109 0.130859 0.126953 0.123047 0.00947571
11 0.687988 0.13623 0.192383 0.0947266 0.0110703
7 0.729004 0.206055 0.0302734 0.0253906 0.0118561
11 0.651367 0.120605 0.134766 0.0615234 0.0142136
5 0.243652 0.393555 0.303711 0.425781 0.0150528
9 0.728516 0.206055 0.03125 0.0253906 0.0340881
11 0.63623 0.148438 0.118164 0.101562 0.0364685
0 0.518555 0.296387 0.292969 0.186523 0.0383606
11 0.772949 0.173828 0.0751953 0.0742188 0.0474854
13 0.728516 0.206543 0.03125 0.0263672 0.0498352
2 0.729492 0.206055 0.03125 0.0273438 0.055542
11 0.762695 0.165039 0.0527344 0.0449219 0.103149
8 0.729492 0.206543 0.03125 0.0263672 0.174683
5 0.760742 0.413574 0.234375 0.448242 0.227173
0 0.583984 0.27832 0.146484 0.138672 0.490479
3 0.580566 0.521973 0.526367 0.196289 0.825684
