13 0.279297 0.304199 0.222656 0.25293 0.000122786
9 0.246094 0.930664 0.0683594 0.0683594 0.000123143
3 0.065918 0.45166 0.131836 0.231445 0.00012517
9 0.411621 0.185547 0.12793 0.0957031 0.000125766
3 0.102051 0.616699 0.204102 0.47168 0.000126243
5 0.825684 0.534668 0.19043 0.206055 0.000126362
5 0.677734 0.429688 0.53125 0.382812 0.000127196
12 0.84375 0.380859 0.173828 0.287109 0.000127792
8 0.329102 0.321777 0.0429688 0.0341797 0.000128269
9 0.218262 0.398438 0.108398 0.0253906 0.000128388
7 0.6875 0.29834 0.191406 0.204102 0.000129223
13 0.198242 0.382812 0.0644531 0.03125 0.000129461
8 0.306641 0.242188 0.0429688 0.046875 0.000130296
6 0.855957 0.429199 0.15332 0.198242 0.000130415
8 0.358398 0.325684 0.0195312 0.0146484 0.000131965
0 0.634277 0.27002 0.0810547 0.102539 0.000134706
8 0.839355 0.344238 0.114258 0.186523 0.000134826
6 0.218262 0.398438 0.108398 0.0253906 0.000134945
8 0.390625 0.378906 0.109375 0.119141 0.000137091
9 0.349609 0.797363 0.376953 0.395508 0.000137448
0 0.634766 0.229004 0.121094 0.118164 0.000137806
6 0.399902 0.355957 0.200195 0.334961 0.000137806
13 0.749512 0.325684 0.0283203 0.0263672 0.00013876
7 0.37793 0.438965 0.107422 0.176758 0.000141025
8 0.709961 0.4375 0.0253906 0.0214844 0.000141144
9 0.655762 0.269531 0.0810547 0.113281 0.000141621
5 0.286133 0.279297 0.21875 0.244141 0.000142097
13 0.370605 0.305176 0.0263672 0.0244141 0.000142217
13 0.760742 0.40918 0.357422 0.46875 0.000143647
8 0.310547 0.590332 0.0488281 0.0419922 0.000144362
9 0.497559 0.535156 0.19043 0.230469 0.000145674
8 0.332031 0.234375 0.113281 0.0761719 0.000145912
7 0.359863 0.236328 0.0576172 0.0527344 0.000146389
0 0.0400391 0.0458984 0.0800781 0.0917969 0.000147939
6 0.351074 0.97998 0.305664 0.0400391 0.000150084
6 0.347656 0.438965 0.212891 0.231445 0.000151753
11 0.545898 0.280762 0.279297 0.172852 0.000151992
9 0.650391 0.432129 0.494141 0.303711 0.000152826
13 0.362305 0.980469 0.3125 0.0390625 0.000152826
13 0.0722656 0.157227 0.144531 0.314453 0.000153661
7 0.609863 0.179199 0.0830078 0.100586 0.000155449
9 0.399902 0.355957 0.200195 0.334961 0.000155568
13 0.296387 0.438477 0.141602 0.0429688 0.000155926
9 0.241699 0.324219 0.15918 0.255859 0.000156641
5 0.34668 0.970215 0.308594 0.0595703 0.000157118
7 0.384277 0.972168 0.319336 0.0556641 0.000157118
7 0.35791 0.351074 0.165039 0.194336 0.000158072
13 0.349609 0.463379 0.142578 0.15332 0.000158787
11 0.637207 0.143555 0.112305 0.0351562 0.000160217
5 0.708984 0.229492 0.150391 0.154297 0.000160336
9 0.633789 0.331055 0.275391 0.253906 0.00016129
6 0.362793 0.22998 0.0888672 0.0771484 0.00016129
8 0.799805 0.485352 0.0175781 0.0136719 0.00016284
9 0.208008 0.418457 0.0957031 0.0712891 0.000163674
5 0.786621 0.273926 0.426758 0.547852 0.000164151
6 0.389648 0.38623 0.103516 0.120117 0.00016582
13 0.244629 0.387207 0.137695 0.116211 0.000167966
9 0.408691 0.966309 0.325195 0.0673828 0.000170827
9 0.380859 0.390625 0.113281 0.1875 0.000171304
8 0.435547 0.467773 0.0371094 0.0351562 0.0001719
6 0.208008 0.418457 0.0957031 0.0712891 0.000173211
8 0.336914 0.242676 0.0292969 0.0263672 0.000174284
13 0.348633 0.352539 0.03125 0.0292969 0.00017488
7 0.348633 0.352539 0.03125 0.0292969 0.00017488
13 0.408203 0.209961 0.115234 0.0800781 0.000175714
10 0.220215 0.887207 0.0986328 0.116211 0.000177979
7 0.218262 0.398438 0.108398 0.0253906 0.000180244
7 0.749512 0.325684 0.0283203 0.0263672 0.000180602
5 0.411621 0.231445 0.147461 0.179688 0.000182271
13 0.181152 0.406738 0.0634766 0.0341797 0.000185847
13 0.394043 0.412598 0.114258 0.202148 0.000187516
8 0.37793 0.347656 0.0234375 0.0195312 0.000189185
9 0.452148 0.249512 0.255859 0.18457 0.000190973
9 0.865234 0.418945 0.144531 0.244141 0.000192046
13 0.350586 0.352539 0.0683594 0.0585938 0.000192404
13 0.360352 0.235352 0.0625 0.0664062 0.000193477
5 0.210449 0.431152 0.0986328 0.0849609 0.000195503
7 0.429688 0.185547 0.0996094 0.107422 0.000196218
11 0.222656 0.895996 0.105469 0.12207 0.000196338
9 0.819336 0.481445 0.208984 0.3125 0.000199318
11 0.222168 0.536133 0.0205078 0.0175781 0.000200748
8 0.760254 0.224121 0.0341797 0.0302734 0.000201344
9 0.536133 0.239746 0.181641 0.15918 0.000201464
7 0.552246 0.274414 0.286133 0.154297 0.000201583
8 0.746582 0.318848 0.135742 0.163086 0.000201702
8 0.319336 0.282227 0.00976562 0.0078125 0.00020647
5 0.399902 0.355957 0.200195 0.334961 0.000207067
6 0.221191 0.38916 0.120117 0.0556641 0.000208855
9 0.313477 0.233398 0.0292969 0.0292969 0.000209212
3 0.650391 0.52002 0.234375 0.168945 0.000210762
8 0.779297 0.312012 0.03125 0.0244141 0.000210881
11 0.608887 0.128418 0.0712891 0.0224609 0.000212789
8 0.328125 0.318848 0.150391 0.0751953 0.000214458
7 0.224121 0.536621 0.0263672 0.0224609 0.000217795
10 0.327637 0.939453 0.297852 0.119141 0.000218868
9 0.558105 0.968262 0.266602 0.0634766 0.00022161
6 0.364258 0.242188 0.136719 0.125 0.000222087
5 0.753418 0.283203 0.290039 0.294922 0.000223398
8 0.303711 0.28418 0.0273438 0.0214844 0.000223398
9 0.746094 0.266602 0.183594 0.197266 0.000223875
13 0.430664 0.304688 0.0976562 0.0410156 0.000224471
7 0.286133 0.279297 0.21875 0.244141 0.000225067
6 0.193359 0.398926 0.0644531 0.0185547 0.000231385
8 0.251953 0.26416 0.03125 0.0244141 0.000231743
13 0.210938 0.399902 0.0488281 0.0126953 0.000237823
7 0.220215 0.421875 0.116211 0.0605469 0.00024116
8 0.415527 0.249512 0.147461 0.200195 0.000242591
6 0.254883 0.326172 0.169922 0.234375 0.000244617
8 0.330566 0.442871 0.0185547 0.0146484 0.000248194
4 0.785645 0.289062 0.245117 0.269531 0.000250816
6 0.726074 0.249512 0.133789 0.166992 0.000254393
8 0.349121 0.357422 0.0830078 0.150391 0.000254393
13 0.347656 0.438965 0.212891 0.231445 0.000254869
8 0.34375 0.345703 0.0234375 0.0195312 0.000255823
0 0.654785 0.291992 0.118164 0.154297 0.000258923
13 0.243164 0.420898 0.101562 0.0371094 0.000259399
13 0.746094 0.266602 0.183594 0.197266 0.00026226
11 0.625 0.133789 0.0859375 0.0234375 0.000265121
13 0.304199 0.375977 0.250977 0.185547 0.000267506
6 0.618652 0.273438 0.137695 0.128906 0.000267744
13 0.412598 0.229492 0.141602 0.177734 0.00026989
9 0.365723 0.193359 0.206055 0.132812 0.000271559
7 0.723145 0.229004 0.125977 0.135742 0.000272036
8 0.755859 0.32373 0.103516 0.0654297 0.000273228
9 0.227051 0.439941 0.133789 0.12793 0.000277996
9 0.312988 0.364258 0.262695 0.193359 0.000280142
8 0.317871 0.349121 0.0224609 0.0185547 0.000281096
10 0.217285 0.859375 0.125977 0.203125 0.000282764
7 0.22168 0.391113 0.121094 0.0556641 0.000283003
4 0.412598 0.229004 0.141602 0.176758 0.000284195
2 0.280762 0.0996094 0.0107422 0.0078125 0.000286102
13 0.407715 0.312012 0.151367 0.264648 0.000288963
11 0.391113 0.143066 0.0908203 0.0205078 0.000289679
7 0.350586 0.352539 0.0683594 0.0585938 0.000292301
4 0.41748 0.36084 0.135742 0.231445 0.000298738
13 0.368164 0.478027 0.0859375 0.102539 0.000298977
9 0.543945 0.39502 0.150391 0.40332 0.000299215
9 0.307617 0.822754 0.111328 0.125977 0.000300407
10 0.974121 0.679688 0.0322266 0.0429688 0.000302315
7 0.313477 0.233398 0.0292969 0.0292969 0.000307083
4 0.364746 0.267578 0.194336 0.210938 0.000308514
13 0.725098 0.247559 0.112305 0.137695 0.00030899
8 0.352051 0.236328 0.0576172 0.0488281 0.000316858
13 0.183594 0.393066 0.0644531 0.0224609 0.000318527
8 0.366211 0.303711 0.125 0.130859 0.000325441
13 0.366699 0.239746 0.114258 0.137695 0.00032568
3 0.594727 0.416504 0.419922 0.338867 0.000332594
9 0.536621 0.351562 0.333008 0.324219 0.000333786
8 0.421387 0.358887 0.135742 0.211914 0.000335217
7 0.416992 0.220215 0.117188 0.0947266 0.000335455
9 0.226562 0.913574 0.111328 0.12793 0.000337124
0 0.633789 0.331055 0.275391 0.253906 0.000339031
7 0.84375 0.35498 0.166016 0.202148 0.000340462
10 0.828125 0.383301 0.203125 0.270508 0.000342607
9 0.447266 0.293457 0.09375 0.227539 0.000346422
13 0.251953 0.468262 0.169922 0.145508 0.000350475
8 0.331055 0.234375 0.0585938 0.0449219 0.000359058
9 0.251465 0.943848 0.15918 0.102539 0.000361443
8 0.342285 0.352539 0.149414 0.251953 0.000364304
9 0.364746 0.267578 0.194336 0.210938 0.000365257
8 0.413086 0.299316 0.0253906 0.0224609 0.000382423
9 0.317383 0.97168 0.273438 0.0546875 0.000384092
13 0.676758 0.188965 0.0664062 0.0556641 0.000385761
13 0.701172 0.20459 0.09375 0.0966797 0.000391722
11 0.974121 0.679688 0.0322266 0.0429688 0.000396729
8 0.371094 0.305176 0.0683594 0.0595703 0.000396967
13 0.189941 0.419434 0.0595703 0.0458984 0.000404596
6 0.304199 0.375977 0.250977 0.185547 0.000416279
8 0.776855 0.404297 0.30957 0.474609 0.000418663
11 0.193359 0.398926 0.0644531 0.0185547 0.000422716
8 0.362793 0.274902 0.0185547 0.0146484 0.000424147
5 0.61377 0.272461 0.15332 0.130859 0.000426769
10 0.245605 0.904297 0.157227 0.181641 0.000426769
7 0.35498 0.227051 0.141602 0.125977 0.000428438
13 0.291504 0.428223 0.22168 0.120117 0.000437737
0 0.805664 0.37207 0.246094 0.330078 0.000437737
9 0.193359 0.398926 0.0644531 0.0185547 0.000441074
6 0.226562 0.439453 0.130859 0.125 0.00044179
7 0.451172 0.232422 0.0859375 0.15625 0.000449896
11 0.652832 0.136719 0.0927734 0.0195312 0.000460625
12 0.613281 0.271484 0.152344 0.128906 0.000463247
7 0.193359 0.398926 0.0644531 0.0185547 0.000471115
3 0.534668 0.306152 0.295898 0.198242 0.000475883
7 0.345215 0.944824 0.331055 0.108398 0.000497818
4 0.618652 0.273438 0.137695 0.128906 0.000511646
7 0.789551 0.483887 0.258789 0.329102 0.0005126
7 0.362793 0.22998 0.0869141 0.0791016 0.000514507
11 0.446289 0.141113 0.0664062 0.0224609 0.000520706
13 0.260254 0.432617 0.12793 0.0292969 0.000528336
0 0.592773 0.239258 0.130859 0.0996094 0.000541687
1 0.613281 0.271484 0.152344 0.128906 0.000543594
4 0.856445 0.406738 0.15625 0.25293 0.000545025
3 0.79248 0.400391 0.27832 0.451172 0.000556469
5 0.865234 0.418945 0.144531 0.244141 0.000582695
13 0.613281 0.271484 0.152344 0.128906 0.000589848
7 0.435059 0.294922 0.108398 0.234375 0.000597954
5 0.302246 0.475586 0.268555 0.173828 0.000620842
5 0.411133 0.390137 0.132812 0.219727 0.000631809
8 0.728516 0.219238 0.0234375 0.0224609 0.000637054
11 0.613281 0.271484 0.152344 0.128906 0.000660419
9 0.224121 0.536621 0.0263672 0.0224609 0.000674248
7 0.85791 0.435547 0.15332 0.277344 0.00067997
7 0.389648 0.38623 0.103516 0.120117 0.000686646
13 0.192383 0.396484 0.0683594 0.0410156 0.000689507
10 0.613281 0.273438 0.150391 0.140625 0.000695229
9 0.760742 0.40918 0.357422 0.46875 0.000713825
9 0.254395 0.439941 0.182617 0.213867 0.000733376
9 0.280762 0.0996094 0.0107422 0.0078125 0.000743866
5 0.364746 0.267578 0.194336 0.210938 0.000756741
6 0.412598 0.229492 0.141602 0.177734 0.000794888
5 0.746094 0.266602 0.183594 0.197266 0.000805378
13 0.364746 0.267578 0.194336 0.210938 0.000844955
11 0.412109 0.13916 0.101562 0.0185547 0.000882626
6 0.411133 0.390137 0.132812 0.219727 0.000893593
7 0.618652 0.273438 0.137695 0.128906 0.000960827
8 0.280762 0.0996094 0.0107422 0.0078125 0.00102711
11 0.304199 0.35791 0.301758 0.391602 0.0010643
11 0.805664 0.37207 0.246094 0.330078 0.00107098
2 0.79248 0.400391 0.27832 0.451172 0.00108719
2 0.617676 0.273438 0.141602 0.132812 0.00109386
5 0.788086 0.47998 0.257812 0.336914 0.00111675
0 0.310059 0.361328 0.311523 0.398438 0.00117302
9 0.421387 0.358887 0.135742 0.211914 0.00121021
13 0.231934 0.422363 0.135742 0.104492 0.00124359
8 0.348145 0.352539 0.0576172 0.0527344 0.00126648
6 0.785156 0.289062 0.238281 0.255859 0.00127506
6 0.254395 0.439941 0.182617 0.213867 0.00129414
8 0.771484 0.351074 0.0195312 0.0185547 0.00134373
7 0.746094 0.266602 0.183594 0.197266 0.00138664
13 0.210938 0.429688 0.0976562 0.0585938 0.00141335
1 0.304199 0.35791 0.301758 0.391602 0.00145817
12 0.79248 0.400391 0.27832 0.451172 0.00147629
8 0.840332 0.342773 0.0283203 0.0214844 0.0015173
2 0.304199 0.35791 0.301758 0.391602 0.00154495
7 0.228027 0.46875 0.129883 0.146484 0.00155067
3 0.656738 0.59375 0.516602 0.166016 0.00157833
7 0.65332 0.522949 0.509766 0.178711 0.00160408
8 0.307617 0.362305 0.308594 0.398438 0.00162029
8 0.288574 0.310547 0.0107422 0.0078125 0.00170803
11 0.65332 0.522949 0.509766 0.178711 0.00172138
13 0.183594 0.403809 0.0488281 0.0166016 0.00172806
8 0.618652 0.273438 0.137695 0.128906 0.00174141
12 0.310059 0.361328 0.311523 0.398438 0.00180531
7 0.243164 0.371582 0.166016 0.30957 0.00181198
8 0.37793 0.330078 0.015625 0.0136719 0.00184822
12 0.65332 0.522949 0.509766 0.178711 0.00185299
1 0.65332 0.522949 0.509766 0.178711 0.00186729
6 0.364746 0.267578 0.194336 0.210938 0.00191784
1 0.807129 0.374023 0.241211 0.3125 0.00193214
8 0.65332 0.522949 0.509766 0.178711 0.00193405
5 0.304199 0.364746 0.249023 0.194336 0.00198174
10 0.310059 0.361328 0.311523 0.398438 0.00201988
5 0.230469 0.459473 0.136719 0.165039 0.00205421
2 0.65332 0.522949 0.509766 0.178711 0.00210762
13 0.65332 0.522949 0.509766 0.178711 0.00222588
3 0.613281 0.273438 0.150391 0.140625 0.00224113
6 0.65332 0.522949 0.509766 0.178711 0.00226021
4 0.65332 0.522949 0.509766 0.178711 0.00226021
9 0.426758 0.228516 0.119141 0.173828 0.00230598
10 0.79248 0.400391 0.27832 0.451172 0.00264931
13 0.231934 0.399902 0.141602 0.225586 0.00273132
3 0.310059 0.361328 0.311523 0.398438 0.00274658
8 0.348633 0.352539 0.03125 0.0292969 0.00281906
7 0.41748 0.36084 0.135742 0.231445 0.00284386
10 0.652344 0.524414 0.507812 0.173828 0.00287628
5 0.65332 0.522949 0.509766 0.178711 0.00287628
8 0.370605 0.304688 0.0302734 0.0214844 0.00294304
9 0.345215 0.944824 0.331055 0.108398 0.00299644
9 0.65332 0.522949 0.509766 0.178711 0.00301361
0 0.651855 0.526855 0.508789 0.192383 0.0032196
7 0.364746 0.267578 0.194336 0.210938 0.0032959
8 0.816895 0.377441 0.22168 0.288086 0.00346184
8 0.223145 0.536133 0.0205078 0.0175781 0.0039978
6 0.776855 0.40332 0.313477 0.478516 0.00411606
4 0.300293 0.358887 0.305664 0.391602 0.00412369
9 0.545898 0.280762 0.279297 0.172852 0.00418091
9 0.618652 0.273438 0.137695 0.128906 0.00419998
8 0.313477 0.233398 0.0292969 0.0292969 0.0047493
13 0.22168 0.391113 0.121094 0.0556641 0.0050087
8 0.331543 0.322754 0.0185547 0.0166016 0.00523376
13 0.206543 0.40918 0.0927734 0.0410156 0.00541687
7 0.412598 0.229492 0.141602 0.177734 0.0057373
13 0.807129 0.374023 0.241211 0.3125 0.00794983
5 0.246094 0.410645 0.185547 0.28418 0.00839233
0 0.545898 0.280762 0.279297 0.172852 0.00933838
9 0.807129 0.374023 0.241211 0.3125 0.0106735
13 0.218262 0.398438 0.108398 0.0253906 0.0120316
4 0.805176 0.396484 0.249023 0.345703 0.0122452
9 0.312988 0.360352 0.307617 0.394531 0.0125885
8 0.748535 0.326172 0.0322266 0.0253906 0.0140228
13 0.313965 0.368164 0.313477 0.410156 0.0151978
7 0.300293 0.358887 0.305664 0.391602 0.0204468
6 0.301758 0.35791 0.300781 0.393555 0.0477905
6 0.819824 0.376953 0.219727 0.287109 0.0585632
13 0.193359 0.398926 0.0644531 0.0185547 0.0639038
5 0.813477 0.347656 0.232422 0.324219 0.0783081
7 0.807129 0.374023 0.241211 0.3125 0.0858765
5 0.312988 0.361328 0.313477 0.402344 0.320312
0 0.614746 0.270508 0.147461 0.128906 0.361816
3 0.652344 0.520996 0.511719 0.188477 0.783203
