5 0.341797 0.669434 0.150391 0.135742 0.000260592
6 0.584473 0.699707 0.381836 0.155273 0.00026083
9 0.354492 0.358887 0.130859 0.192383 0.000262499
9 0.394043 0.418457 0.139648 0.21582 0.000263929
10 0.00732422 0.644531 0.0146484 0.0742188 0.000264645
1 0.273438 0.776367 0.09375 0.0566406 0.000265121
2 0.682617 0.234375 0.128906 0.0351562 0.000266552
10 0.530273 0.429688 0.210938 0.205078 0.000269651
13 0.669434 0.327637 0.0283203 0.0263672 0.000269651
8 0.370117 0.59082 0.0117188 0.00976562 0.000270128
5 0.273926 0.736816 0.137695 0.163086 0.000270844
8 0.447266 0.475586 0.0566406 0.0800781 0.00027132
7 0.584473 0.699707 0.381836 0.155273 0.00027442
8 0.354004 0.521484 0.0146484 0.0136719 0.000276327
13 0.371094 0.415039 0.0488281 0.0507812 0.000276566
8 0.460449 0.503906 0.0849609 0.173828 0.000277042
13 0.332031 0.291992 0.101562 0.107422 0.000277042
7 0.685547 0.249512 0.171875 0.0810547 0.000277519
5 0.316406 0.577637 0.179688 0.163086 0.000280619
5 0.351074 0.459473 0.114258 0.143555 0.000282526
7 0.856445 0.705566 0.03125 0.0263672 0.000283003
13 0.674805 0.286133 0.121094 0.101562 0.000283241
8 0.449707 0.512207 0.0712891 0.0947266 0.000283718
0 0.779785 0.580078 0.172852 0.353516 0.000284672
11 0.00732422 0.652832 0.0126953 0.0751953 0.000285387
2 0.530273 0.429688 0.210938 0.205078 0.000286818
4 0.525391 0.449707 0.214844 0.239258 0.000289917
7 0.362305 0.416016 0.181641 0.265625 0.000290155
13 0.352051 0.422852 0.161133 0.199219 0.000291109
9 0.271484 0.738281 0.128906 0.164062 0.000292301
4 0.584961 0.708008 0.384766 0.15625 0.000293016
11 0.584961 0.708008 0.384766 0.15625 0.000296116
8 0.820801 0.749512 0.135742 0.112305 0.000296354
5 0.367188 0.656738 0.189453 0.231445 0.00029707
11 0.198242 0.733887 0.0234375 0.0830078 0.0002985
10 0.0078125 0.679688 0.015625 0.103516 0.000299454
3 0.598633 0.758789 0.443359 0.166016 0.000300884
11 0.407715 0.245605 0.0595703 0.0166016 0.000301838
13 0.530273 0.429688 0.210938 0.205078 0.000302792
13 0.725586 0.277832 0.0507812 0.0830078 0.00030303
6 0.378418 0.462891 0.118164 0.167969 0.000303268
1 0.584961 0.708008 0.384766 0.15625 0.000306845
3 0.552734 0.407227 0.203125 0.166016 0.000310898
6 0.346191 0.398926 0.108398 0.108398 0.000312328
13 0.303711 0.411133 0.0625 0.0761719 0.000315428
7 0.821777 0.459961 0.356445 0.919922 0.000316143
0 0.65918 0.0126953 0.152344 0.0253906 0.000318527
9 0.39209 0.253906 0.165039 0.078125 0.000319004
10 0.201172 0.834473 0.0605469 0.0654297 0.000322819
9 0.79541 0.706543 0.172852 0.172852 0.000323534
10 0.821777 0.459961 0.356445 0.919922 0.000324011
11 0.358398 0.276855 0.0761719 0.0693359 0.000324249
13 0.278809 0.62207 0.104492 0.148438 0.000324965
11 0.201172 0.834473 0.0605469 0.0654297 0.00033021
1 0.387207 0.257812 0.172852 0.0839844 0.000334024
8 0.584473 0.706055 0.383789 0.138672 0.000349283
8 0.788574 0.575195 0.15918 0.320312 0.000351429
10 0.779785 0.580078 0.172852 0.353516 0.000357151
13 0.378418 0.367188 0.0771484 0.113281 0.000358582
11 0.37207 0.249512 0.0488281 0.0244141 0.000359297
9 0.535156 0.535645 0.248047 0.463867 0.000363588
2 0.805664 0.731934 0.0898438 0.0712891 0.000365734
12 0.77832 0.555176 0.158203 0.301758 0.000366211
9 0.286621 0.77832 0.213867 0.130859 0.000370264
5 0.711914 0.644531 0.173828 0.259766 0.000370741
8 0.284668 0.654785 0.125977 0.161133 0.000370741
9 0.685547 0.249512 0.171875 0.0810547 0.000371218
9 0.308105 0.765625 0.170898 0.0703125 0.000378132
13 0.584473 0.699707 0.381836 0.155273 0.000379086
4 0.356934 0.463379 0.112305 0.155273 0.00038147
9 0.461914 0.541016 0.140625 0.427734 0.000381947
12 0.584473 0.706055 0.383789 0.138672 0.000384808
11 0.799805 0.70752 0.0546875 0.0400391 0.000390291
2 0.584473 0.706055 0.383789 0.138672 0.000394106
6 0.797852 0.711914 0.126953 0.113281 0.000396967
7 0.762695 0.733398 0.152344 0.078125 0.000398159
8 0.431152 0.635254 0.0224609 0.0166016 0.000399351
8 0.219727 0.592773 0.00976562 0.0136719 0.000400066
5 0.367676 0.420898 0.0673828 0.0566406 0.000402451
4 0.780762 0.564941 0.15332 0.313477 0.000406027
11 0.708984 0.226562 0.109375 0.0371094 0.000412226
13 0.390625 0.317383 0.0351562 0.0839844 0.000416994
3 0.15625 0.95459 0.0917969 0.0732422 0.000417948
6 0.73291 0.294434 0.0380859 0.0517578 0.000422001
1 0.799805 0.730957 0.0898438 0.0654297 0.000422955
8 0.276855 0.660156 0.0400391 0.0332031 0.000432968
7 0.304688 0.773926 0.167969 0.0693359 0.000441074
11 0.62793 0.240723 0.0488281 0.0224609 0.000444889
8 0.265625 0.475098 0.0273438 0.0224609 0.000447512
11 0.333008 0.318359 0.134766 0.166016 0.000450611
3 0.526855 0.476562 0.237305 0.28125 0.000451088
8 0.48584 0.513672 0.0263672 0.0332031 0.000455379
0 0.416016 0.0102539 0.136719 0.0185547 0.000459671
9 0.309082 0.696777 0.192383 0.22168 0.000465631
11 0.444824 0.24707 0.0576172 0.0371094 0.000474215
9 0.237305 0.791992 0.09375 0.0722656 0.000474215
6 0.586914 0.395508 0.103516 0.132812 0.000478506
8 0.476074 0.645508 0.0263672 0.0273438 0.00047946
7 0.783691 0.723633 0.0537109 0.046875 0.000485659
8 0.837891 0.564453 0.0136719 0.0117188 0.000490189
11 0.421387 0.289551 0.114258 0.118164 0.000499725
8 0.381348 0.539062 0.0224609 0.0292969 0.000500679
9 0.773926 0.735352 0.15918 0.0859375 0.000501633
11 0.733398 0.290527 0.0351562 0.0478516 0.00050354
0 0.456543 0.476562 0.0830078 0.214844 0.000526428
12 0.683105 0.233887 0.125977 0.0341797 0.000534058
13 0.314941 0.387207 0.0537109 0.0732422 0.000536442
8 0.399902 0.491211 0.0400391 0.0410156 0.000536442
13 0.36377 0.305176 0.174805 0.15332 0.000537872
13 0.319336 0.480469 0.144531 0.199219 0.000541687
3 0.570312 0.626465 0.363281 0.333008 0.000541687
8 0.465332 0.507324 0.0322266 0.0263672 0.000543118
1 0.685547 0.249512 0.171875 0.0810547 0.000544548
6 0.788574 0.568359 0.280273 0.388672 0.000546932
11 0.320312 0.571777 0.212891 0.391602 0.000548363
4 0.370117 0.414551 0.0527344 0.0517578 0.000555992
11 0.37793 0.23291 0.0957031 0.0322266 0.00056076
8 0.241211 0.597656 0.015625 0.0117188 0.000568867
9 0.669434 0.327637 0.0283203 0.0263672 0.000570297
9 0.452148 0.72168 0.111328 0.214844 0.000579834
5 0.584473 0.699707 0.381836 0.155273 0.000580788
4 0.284668 0.668457 0.124023 0.133789 0.000581741
10 0.678223 0.235352 0.133789 0.0371094 0.000593185
5 0.776855 0.704102 0.149414 0.132812 0.00060463
7 0.3125 0.674316 0.199219 0.186523 0.00060463
7 0.278809 0.62207 0.104492 0.148438 0.000626087
10 0.584473 0.706055 0.383789 0.138672 0.000627041
9 0.33252 0.413574 0.108398 0.112305 0.000627518
9 0.333984 0.47168 0.140625 0.173828 0.000632286
0 0.535156 0.535645 0.248047 0.463867 0.000641823
8 0.374512 0.436035 0.0791016 0.0927734 0.0006423
9 0.73291 0.294434 0.0380859 0.0517578 0.000644684
0 0.584961 0.708008 0.384766 0.15625 0.000671864
7 0.737305 0.280762 0.0175781 0.0185547 0.000680447
9 0.756348 0.568359 0.282227 0.396484 0.0006814
7 0.390137 0.483398 0.135742 0.197266 0.000695229
9 0.355469 0.438965 0.0976562 0.106445 0.00069952
7 0.797852 0.711914 0.126953 0.113281 0.000708103
6 0.799805 0.730957 0.0898438 0.0654297 0.000711918
1 0.320312 0.571777 0.212891 0.391602 0.000720501
8 0.460938 0.679688 0.03125 0.0273438 0.00072813
12 0.585449 0.392578 0.104492 0.132812 0.000732899
4 0.455566 0.437988 0.0693359 0.163086 0.000748634
5 0.77832 0.495605 0.126953 0.19043 0.0007658
7 0.73291 0.294434 0.0380859 0.0517578 0.000766754
7 0.683105 0.233887 0.125977 0.0341797 0.000770092
7 0.586914 0.395508 0.103516 0.132812 0.000770569
13 0.358398 0.276855 0.0761719 0.0693359 0.000780106
0 0.598633 0.36377 0.078125 0.0751953 0.000788212
10 0.905762 0.826172 0.0400391 0.0566406 0.000792027
9 0.738281 0.280762 0.0175781 0.0166016 0.000796795
8 0.328125 0.634766 0.0722656 0.0488281 0.0008111
8 0.525391 0.449707 0.214844 0.239258 0.000828743
5 0.317383 0.702148 0.232422 0.212891 0.000833511
5 0.585449 0.392578 0.104492 0.132812 0.000842571
4 0.586914 0.395508 0.103516 0.132812 0.000859737
2 0.320312 0.571777 0.212891 0.391602 0.000861168
13 0.271484 0.632812 0.0859375 0.0742188 0.000864983
13 0.674316 0.233398 0.125977 0.0332031 0.00086832
9 0.275391 0.63623 0.09375 0.0849609 0.000873089
8 0.320312 0.571777 0.212891 0.391602 0.00088501
7 0.271484 0.632812 0.0878906 0.0761719 0.000888824
7 0.33252 0.413574 0.108398 0.112305 0.000905991
5 0.265625 0.631348 0.0761719 0.0693359 0.000908375
0 0.15625 0.95459 0.0917969 0.0732422 0.000916004
0 0.320312 0.571777 0.212891 0.391602 0.000916481
11 0.90332 0.825195 0.0410156 0.0546875 0.000916481
0 0.634277 0.0297852 0.18457 0.0595703 0.000935078
6 0.271484 0.632812 0.0878906 0.0761719 0.000958443
13 0.330566 0.402344 0.0966797 0.103516 0.000967979
11 0.364746 0.291504 0.12207 0.116211 0.000973701
10 0.320312 0.571777 0.212891 0.391602 0.000976086
13 0.738281 0.285645 0.0214844 0.0283203 0.000983238
11 0.586914 0.395508 0.103516 0.132812 0.00098896
4 0.803223 0.73291 0.0966797 0.0693359 0.00098896
1 0.586914 0.395508 0.103516 0.132812 0.00100422
7 0.478516 0.437988 0.138672 0.209961 0.00101471
9 0.828125 0.783691 0.140625 0.0673828 0.00102043
11 0.654785 0.247559 0.129883 0.0556641 0.00104046
5 0.797852 0.744141 0.201172 0.136719 0.00104809
11 0.70166 0.237793 0.0615234 0.0283203 0.00105381
7 0.454102 0.501953 0.078125 0.1875 0.00105667
4 0.366211 0.428711 0.078125 0.0820312 0.00106621
4 0.320312 0.571777 0.212891 0.391602 0.00106716
5 0.752441 0.474609 0.15918 0.332031 0.00106812
3 0.779785 0.580078 0.172852 0.353516 0.00107098
11 0.328613 0.266602 0.0751953 0.0585938 0.00111675
8 0.688965 0.516113 0.0107422 0.0107422 0.00117207
12 0.318848 0.564453 0.21582 0.414062 0.0011797
13 0.354492 0.445801 0.107422 0.124023 0.00118542
11 0.617188 0.244629 0.0683594 0.0361328 0.00118732
13 0.708008 0.293457 0.0898438 0.0849609 0.00122738
13 0.799805 0.730957 0.0898438 0.0654297 0.0012331
11 0.60791 0.27002 0.0810547 0.0966797 0.00123787
5 0.28418 0.562012 0.130859 0.274414 0.00124454
9 0.881348 0.402832 0.0224609 0.0400391 0.00125027
1 0.683105 0.233887 0.125977 0.0341797 0.00126648
9 0.454102 0.501953 0.078125 0.1875 0.00129032
11 0.652344 0.230469 0.0761719 0.0253906 0.00129414
13 0.275879 0.775879 0.0986328 0.0615234 0.00131607
5 0.807129 0.66748 0.131836 0.192383 0.00134563
10 0.585449 0.392578 0.104492 0.132812 0.00135612
5 0.34082 0.504395 0.152344 0.237305 0.00137234
11 0.680176 0.252441 0.18457 0.102539 0.00137901
13 0.586914 0.395508 0.103516 0.132812 0.00139427
11 0.308105 0.290039 0.0771484 0.0957031 0.00141335
8 0.294922 0.500977 0.0117188 0.0117188 0.00141621
13 0.356934 0.291016 0.0458984 0.0449219 0.00143909
13 0.375488 0.305664 0.0927734 0.109375 0.00145245
13 0.728027 0.3125 0.0654297 0.0917969 0.00145626
9 0.447754 0.36377 0.0791016 0.18457 0.00146008
8 0.446777 0.481934 0.0458984 0.0341797 0.0014782
9 0.371094 0.420898 0.0605469 0.0625 0.00164795
8 0.286621 0.546875 0.0166016 0.0117188 0.00170708
9 0.793457 0.75 0.241211 0.150391 0.00172138
8 0.802734 0.73291 0.09375 0.0673828 0.00172138
11 0.718262 0.271484 0.104492 0.09375 0.00174618
9 0.584473 0.705566 0.381836 0.139648 0.00176144
13 0.354492 0.358887 0.130859 0.192383 0.00177956
8 0.455566 0.437988 0.0693359 0.163086 0.00179386
7 0.445312 0.342773 0.0839844 0.189453 0.00181103
6 0.333496 0.472168 0.141602 0.174805 0.00182724
9 0.791504 0.716797 0.0556641 0.0449219 0.0018816
11 0.445312 0.266602 0.0761719 0.0722656 0.00190163
8 0.370605 0.419434 0.0556641 0.0576172 0.00190735
0 0.524414 0.498535 0.208984 0.208008 0.00194931
5 0.788086 0.598145 0.125 0.213867 0.00201607
9 0.585449 0.392578 0.104492 0.132812 0.00203323
11 0.789062 0.717773 0.0546875 0.0429688 0.00209427
6 0.35498 0.438477 0.0966797 0.105469 0.00213242
11 0.80127 0.728027 0.0849609 0.0712891 0.00217247
3 0.318848 0.564453 0.21582 0.414062 0.00219345
9 0.525391 0.449707 0.214844 0.239258 0.00221252
8 0.333008 0.634766 0.0234375 0.0175781 0.00226212
13 0.782715 0.57959 0.157227 0.31543 0.00237083
11 0.333984 0.272461 0.107422 0.09375 0.00253868
5 0.722656 0.551758 0.289062 0.466797 0.00258636
2 0.586914 0.395508 0.103516 0.132812 0.00260925
8 0.390137 0.538574 0.0380859 0.0361328 0.0026474
8 0.85791 0.702637 0.0283203 0.0244141 0.00268936
0 0.589844 0.389648 0.195312 0.162109 0.00269318
11 0.274414 0.776367 0.09375 0.0566406 0.00271797
8 0.263184 0.476562 0.0146484 0.0117188 0.00274086
11 0.40625 0.237305 0.109375 0.03125 0.00278854
6 0.366699 0.421387 0.0654297 0.0634766 0.00280571
8 0.274902 0.770996 0.0927734 0.0595703 0.0028553
13 0.296387 0.668945 0.143555 0.140625 0.00294304
9 0.28125 0.67041 0.117188 0.133789 0.00302696
11 0.666992 0.223633 0.134766 0.0371094 0.00312042
8 0.828125 0.63623 0.0136719 0.0126953 0.00312233
7 0.273438 0.776367 0.09375 0.0566406 0.0031414
8 0.276367 0.664551 0.0195312 0.0166016 0.00316811
11 0.421387 0.247559 0.0869141 0.0263672 0.00325584
3 0.586914 0.39209 0.101562 0.129883 0.00328445
8 0.586914 0.395508 0.103516 0.132812 0.00331879
7 0.780762 0.564941 0.15332 0.313477 0.00345993
11 0.63916 0.239258 0.0908203 0.03125 0.00347137
13 0.361816 0.422852 0.0751953 0.0742188 0.003479
2 0.271973 0.775879 0.0869141 0.0576172 0.00362206
7 0.333984 0.47168 0.140625 0.173828 0.00392151
11 0.410645 0.251465 0.12793 0.0498047 0.00417328
5 0.277344 0.649414 0.105469 0.119141 0.00434113
9 0.25 0.780273 0.0566406 0.0488281 0.00440598
8 0.785645 0.724609 0.0556641 0.0507812 0.0045166
11 0.385742 0.244629 0.0722656 0.0224609 0.00465775
7 0.35498 0.438477 0.0966797 0.105469 0.00511932
8 0.738281 0.279785 0.0175781 0.0166016 0.00548935
7 0.820312 0.75 0.134766 0.115234 0.00549316
10 0.19043 0.845215 0.0371094 0.0439453 0.00569916
8 0.669434 0.327637 0.0283203 0.0263672 0.00579453
9 0.455566 0.437988 0.0693359 0.163086 0.00663376
7 0.320312 0.562988 0.189453 0.364258 0.00671387
11 0.19043 0.845215 0.0371094 0.0439453 0.0067482
13 0.320312 0.571777 0.212891 0.391602 0.00722122
11 0.680664 0.233887 0.0761719 0.0244141 0.00739288
6 0.284668 0.654785 0.125977 0.161133 0.00789642
7 0.284668 0.668457 0.124023 0.133789 0.00801849
9 0.26709 0.787598 0.124023 0.0966797 0.00823975
7 0.457031 0.425781 0.0664062 0.152344 0.00830841
11 0.387207 0.257812 0.172852 0.0839844 0.00846863
9 0.780273 0.562012 0.15625 0.301758 0.00928497
6 0.780762 0.564941 0.15332 0.313477 0.0100327
7 0.371094 0.421387 0.0605469 0.0634766 0.0111694
6 0.320312 0.562988 0.189453 0.364258 0.0167694
5 0.300293 0.649414 0.157227 0.183594 0.0171814
11 0.353516 0.256348 0.101562 0.0537109 0.0175018
9 0.314941 0.562988 0.18457 0.354492 0.0179596
7 0.799805 0.730957 0.0898438 0.0654297 0.02034
9 0.820312 0.747559 0.128906 0.104492 0.0213165
11 0.699219 0.24707 0.126953 0.0625 0.0262756
13 0.73291 0.294434 0.0380859 0.0517578 0.0330505
9 0.805176 0.730957 0.0888672 0.0673828 0.0506897
9 0.273438 0.776367 0.09375 0.0566406 0.071167
11 0.384277 0.245117 0.118164 0.0332031 0.086853
0 0.541992 0.431641 0.197266 0.203125 0.0929565
5 0.777832 0.567383 0.170898 0.347656 0.199097
5 0.318848 0.572754 0.209961 0.389648 0.205444
3 0.584473 0.707031 0.383789 0.128906 0.313232
11 0.678711 0.234863 0.130859 0.0322266 0.320801
0 0.585449 0.392578 0.104492 0.132812 0.611816
