11 0.586426 0.224121 0.0771484 0.157227 0.000100374
11 0.684082 0.217773 0.114258 0.140625 0.000101447
8 0.217773 0.662109 0.0234375 0.0175781 0.000101745
5 0.244141 0.528809 0.140625 0.112305 0.000103474
13 0.6875 0.256836 0.0273438 0.0214844 0.000104725
9 0.212402 0.587891 0.168945 0.230469 0.000106692
5 0.194824 0.496094 0.276367 0.533203 0.000106931
7 0.349121 0.149902 0.135742 0.0380859 0.00010711
2 0.773438 0.209961 0.150391 0.140625 0.000107348
8 0.265137 0.501953 0.0166016 0.00976562 0.000108659
11 0.595215 0.17041 0.0732422 0.0400391 0.000109553
5 0.713867 0.599121 0.220703 0.286133 0.000109911
9 0.261719 0.545898 0.158203 0.246094 0.000113249
0 0.663086 0.157227 0.175781 0.0390625 0.00011456
5 0.769043 0.529785 0.15918 0.147461 0.000115454
1 0.26416 0.492188 0.266602 0.453125 0.000115991
11 0.74707 0.189941 0.117188 0.0947266 0.000116765
3 0.554688 0.34668 0.0996094 0.113281 0.000117838
0 0.0488281 0.929199 0.0976562 0.133789 0.000118673
8 0.170898 0.660156 0.0195312 0.0195312 0.000122309
8 0.476562 0.391113 0.0332031 0.0322266 0.000122786
9 0.932129 0.456543 0.135742 0.59668 0.000123978
8 0.407227 0.504883 0.0117188 0.00976562 0.000124574
13 0.616211 0.274414 0.0546875 0.0878906 0.000126839
8 0.751465 0.493164 0.260742 0.509766 0.000127077
8 0.300293 0.340332 0.0166016 0.0126953 0.000130773
7 0.258789 0.564941 0.201172 0.239258 0.000133276
2 0.751465 0.493164 0.260742 0.509766 0.00013423
13 0.664551 0.290527 0.0810547 0.12793 0.000135779
10 0.217285 0.958984 0.235352 0.0820312 0.000137091
13 0.351562 0.663574 0.0292969 0.0341797 0.000137568
8 0.827148 0.474609 0.0292969 0.0117188 0.000140667
8 0.373535 0.538574 0.0224609 0.0244141 0.00014317
13 0.40625 0.355957 0.0546875 0.0791016 0.000143766
8 0.274902 0.45752 0.0126953 0.0107422 0.000144243
13 0.343262 0.160645 0.178711 0.0498047 0.000146151
3 0.250977 0.54834 0.201172 0.268555 0.000147939
10 0.947266 0.457031 0.0996094 0.578125 0.000148654
13 0.804199 0.490234 0.106445 0.123047 0.000149488
13 0.779785 0.315918 0.0634766 0.0439453 0.000151515
13 0.277344 0.586426 0.201172 0.225586 0.00015223
11 0.626465 0.161133 0.0751953 0.0292969 0.000152946
5 0.750488 0.479492 0.182617 0.181641 0.000153184
3 0.134277 0.413086 0.268555 0.568359 0.000153303
11 0.20166 0.240234 0.0830078 0.101562 0.000154734
8 0.680176 0.321777 0.0224609 0.0185547 0.000154853
3 0.590332 0.746582 0.459961 0.264648 0.000155568
5 0.812988 0.554688 0.129883 0.175781 0.000155926
8 0.26416 0.492188 0.266602 0.453125 0.000156641
9 0.511719 0.493164 0.177734 0.496094 0.000157475
9 0.653809 0.155273 0.165039 0.0332031 0.000157595
5 0.210938 0.624512 0.113281 0.129883 0.000158548
2 0.26416 0.492188 0.266602 0.453125 0.000160933
8 0.655762 0.577148 0.0302734 0.03125 0.000162721
13 0.681152 0.224609 0.0478516 0.0898438 0.00016284
11 0.288086 0.180176 0.117188 0.0751953 0.000163198
2 0.666016 0.161133 0.181641 0.0429688 0.000164986
8 0.709473 0.552734 0.0185547 0.015625 0.000165224
5 0.289062 0.611816 0.136719 0.124023 0.000169396
8 0.243652 0.554199 0.0146484 0.00878906 0.000173807
3 1 0.688965 0 0.456055 0.000175357
12 0.343262 0.161621 0.178711 0.0517578 0.000175595
8 0.166504 0.686035 0.0146484 0.0146484 0.00017786
11 0.40625 0.170898 0.0683594 0.0527344 0.000178337
10 0.724121 0.194824 0.227539 0.112305 0.000178456
11 0.695801 0.149902 0.192383 0.0654297 0.000180244
0 0.751465 0.493164 0.260742 0.509766 0.000183105
5 0.759277 0.380859 0.18457 0.341797 0.000184059
13 0.336426 0.345703 0.0712891 0.0644531 0.00018549
7 0.324707 0.161621 0.166992 0.0537109 0.00018549
9 0.712402 0.427246 0.0224609 0.0244141 0.000188828
5 0.332031 0.554199 0.181641 0.297852 0.000191331
8 0.837891 0.670898 0.0253906 0.0214844 0.000192285
13 0.333984 0.27002 0.123047 0.118164 0.00019455
3 0.59668 0.713379 0.394531 0.135742 0.000201464
13 0.369141 0.276367 0.0898438 0.166016 0.000202656
8 0.685547 0.467285 0.0078125 0.00683594 0.000203013
5 0.804199 0.490234 0.106445 0.123047 0.000208259
4 0.687012 0.176758 0.229492 0.0878906 0.000213981
7 0.751465 0.493164 0.260742 0.509766 0.00021565
9 0.514648 0.390625 0.171875 0.226562 0.000218034
10 0.751465 0.493164 0.260742 0.509766 0.000222564
11 0.310059 0.194824 0.243164 0.192383 0.000224233
10 0.342285 0.15332 0.15918 0.0410156 0.000230193
9 0.724121 0.194824 0.227539 0.112305 0.000235438
11 0.309082 0.163086 0.0751953 0.0390625 0.000235796
11 0.349121 0.148438 0.0771484 0.0214844 0.000237465
8 0.728516 0.492676 0.015625 0.0146484 0.000244021
12 0.724121 0.194824 0.227539 0.112305 0.000249624
7 0.26416 0.492188 0.266602 0.453125 0.000249863
4 0.302246 0.178711 0.21582 0.0957031 0.000250816
2 0.712402 0.427246 0.0224609 0.0244141 0.0002563
11 0.663086 0.200684 0.220703 0.163086 0.000258207
9 0.787598 0.585938 0.180664 0.291016 0.000262737
0 0.26416 0.492188 0.266602 0.453125 0.000262976
5 0.802734 0.48877 0.0859375 0.0458984 0.000264883
3 0.57666 0.58252 0.424805 0.291992 0.000273705
2 0.827148 0.474609 0.0292969 0.0117188 0.000276804
9 0.554688 0.34668 0.0996094 0.113281 0.000277281
8 0.821289 0.477051 0.0390625 0.0205078 0.000278473
5 0.324707 0.464355 0.282227 0.540039 0.00027895
1 0.724121 0.194824 0.227539 0.112305 0.00028491
10 0.26416 0.492188 0.266602 0.453125 0.000286341
2 0.821289 0.477051 0.0390625 0.0205078 0.000286818
0 0.677246 0.17041 0.219727 0.0849609 0.000288486
12 0.751465 0.493164 0.260742 0.509766 0.000289679
9 0.41748 0.672852 0.118164 0.199219 0.000289917
9 0.409668 0.160156 0.0439453 0.0273438 0.000294209
10 0.650879 0.158203 0.163086 0.0390625 0.000295639
13 0.808594 0.481934 0.0820312 0.0537109 0.000300884
5 0.243652 0.473633 0.166992 0.228516 0.000302315
11 0.679688 0.162109 0.0761719 0.0253906 0.000306129
5 0.822754 0.647949 0.116211 0.198242 0.00030899
8 0.687012 0.176758 0.229492 0.0878906 0.00031805
13 0.751465 0.493164 0.260742 0.509766 0.000330687
13 0.605469 0.268066 0.0351562 0.161133 0.000333071
11 0.652344 0.153809 0.0585938 0.0205078 0.000338316
12 0.26416 0.492188 0.266602 0.453125 0.000339746
13 0.367188 0.342285 0.109375 0.125977 0.000346661
1 0.343262 0.160645 0.178711 0.0498047 0.000347853
13 0.606445 0.279297 0.0273438 0.0664062 0.000354528
13 0.688477 0.242188 0.181641 0.185547 0.000356436
11 0.371094 0.178223 0.148438 0.0830078 0.000366926
8 0.302246 0.178711 0.21582 0.0957031 0.000372887
13 0.330078 0.245605 0.210938 0.198242 0.000399113
3 0.322754 0.167969 0.206055 0.0839844 0.000401974
0 0.302246 0.178711 0.21582 0.0957031 0.000404835
11 0.634277 0.189941 0.145508 0.0908203 0.000417471
6 0.253418 0.571777 0.219727 0.237305 0.000421762
13 0.661133 0.160156 0.181641 0.0410156 0.000442982
8 0.653809 0.456543 0.0107422 0.0107422 0.000465631
5 0.286621 0.619141 0.202148 0.203125 0.000470161
8 0.793457 0.522949 0.00878906 0.00878906 0.000472546
8 0.674316 0.479492 0.0263672 0.0175781 0.000480652
8 0.73877 0.479004 0.0126953 0.0107422 0.000516415
12 0.661133 0.159668 0.183594 0.0419922 0.000524521
3 0.677246 0.17041 0.219727 0.0849609 0.000545502
7 0.661133 0.160156 0.181641 0.0410156 0.000556946
11 0.222656 0.21582 0.0976562 0.111328 0.000557423
9 0.302246 0.178711 0.21582 0.0957031 0.000587463
8 0.432617 0.638184 0.0253906 0.0205078 0.000589848
9 0.677246 0.17041 0.219727 0.0849609 0.000598907
11 0.669434 0.166992 0.124023 0.0371094 0.000615597
13 0.269043 0.48584 0.245117 0.413086 0.000625134
2 0.687012 0.176758 0.229492 0.0878906 0.000640869
13 0.352539 0.30957 0.154297 0.207031 0.00064373
13 0.390625 0.361816 0.0742188 0.110352 0.000687599
3 0.751465 0.493164 0.260742 0.509766 0.000710011
3 0.576172 0.661133 0.246094 0.123047 0.000749111
6 0.751465 0.493164 0.260742 0.509766 0.000757694
2 0.302246 0.178711 0.21582 0.0957031 0.000760555
0 0.525879 0.382324 0.170898 0.192383 0.000855446
8 0.381348 0.459961 0.0341797 0.0292969 0.000855923
11 0.589355 0.654297 0.458008 0.181641 0.000859261
11 0.640625 0.14502 0.152344 0.0458984 0.00088501
7 0.589355 0.654297 0.458008 0.181641 0.000892639
13 0.687012 0.176758 0.229492 0.0878906 0.000898361
1 0.589355 0.654297 0.458008 0.181641 0.000900269
7 0.687012 0.176758 0.229492 0.0878906 0.000917435
2 0.589355 0.654297 0.458008 0.181641 0.000925064
6 0.589355 0.654297 0.458008 0.181641 0.000932217
10 0.678223 0.172852 0.213867 0.0761719 0.000956059
8 0.589355 0.654297 0.458008 0.181641 0.000961781
11 0.729004 0.169434 0.110352 0.0654297 0.000961781
5 0.791016 0.494141 0.142578 0.271484 0.000974178
8 0.745117 0.514648 0.015625 0.0117188 0.00097847
3 0.26416 0.492188 0.266602 0.453125 0.000990868
6 0.26416 0.492188 0.266602 0.453125 0.000995636
12 0.589355 0.654297 0.458008 0.181641 0.000999451
4 0.589355 0.654297 0.458008 0.181641 0.00103092
13 0.302246 0.178711 0.21582 0.0957031 0.00103951
11 0.325684 0.154297 0.0771484 0.03125 0.00105858
13 0.686035 0.262695 0.0576172 0.126953 0.00110435
10 0.302246 0.178711 0.21582 0.0957031 0.00110912
7 0.302246 0.178711 0.21582 0.0957031 0.00115013
11 0.384766 0.154297 0.105469 0.0332031 0.0011549
5 0.270508 0.537109 0.158203 0.246094 0.00118923
13 0.589355 0.654297 0.458008 0.181641 0.00120544
1 0.661133 0.160156 0.181641 0.0410156 0.0012207
5 0.589355 0.654297 0.458008 0.181641 0.00128174
11 0.650879 0.155762 0.104492 0.0283203 0.00148296
9 0.751465 0.493164 0.260742 0.509766 0.0015173
10 0.589355 0.654297 0.458008 0.181641 0.00155735
12 0.302246 0.178711 0.21582 0.0957031 0.00158501
11 0.808105 0.23584 0.0791016 0.0927734 0.00160599
11 0.777344 0.208496 0.125 0.120117 0.00166416
12 0.677246 0.17041 0.219727 0.0849609 0.00172329
11 0.407227 0.159668 0.0507812 0.0302734 0.00175285
0 0.589355 0.654297 0.458008 0.181641 0.00179768
8 0.711914 0.427734 0.0234375 0.0234375 0.0019474
9 0.589844 0.660645 0.460938 0.165039 0.00199509
11 0.342285 0.144043 0.116211 0.0322266 0.00256729
13 0.814941 0.480469 0.0654297 0.0292969 0.00270081
1 0.677246 0.17041 0.219727 0.0849609 0.00285149
9 0.26416 0.506836 0.231445 0.380859 0.00287056
1 0.308105 0.170898 0.211914 0.0878906 0.00297928
11 0.259766 0.197266 0.160156 0.119141 0.00339699
5 0.224121 0.580078 0.172852 0.230469 0.00395203
11 0.302246 0.15918 0.145508 0.0585938 0.0046196
11 0.724121 0.194824 0.227539 0.112305 0.00583267
13 0.823242 0.476562 0.0371094 0.015625 0.00678635
11 0.625488 0.165527 0.124023 0.0419922 0.00814819
5 0.787598 0.585938 0.180664 0.291016 0.00904083
0 0.554688 0.344727 0.0976562 0.101562 0.0323486
5 0.753906 0.492188 0.257812 0.505859 0.0493469
11 0.308105 0.170898 0.211914 0.0878906 0.0594788
11 0.678223 0.172852 0.213867 0.0761719 0.0668945
11 0.342285 0.15332 0.15918 0.0410156 0.111877
5 0.259766 0.505859 0.226562 0.386719 0.117432
11 0.663086 0.157227 0.175781 0.0390625 0.189575
3 0.591309 0.664062 0.461914 0.15625 0.703125
