7 0.17334 0.569336 0.0947266 0.0976562 0.000100136
8 0.381348 0.550781 0.0302734 0.0273438 0.000100374
9 0.899902 0.850586 0.0341797 0.0527344 0.000100493
12 0.950684 0.552734 0.0908203 0.671875 0.00010097
2 0.201172 0.326172 0.0371094 0.0332031 0.000102401
13 0.352051 0.184082 0.0966797 0.0869141 0.00010246
13 0.249512 0.302246 0.188477 0.0966797 0.000103295
9 0.822754 0.638184 0.196289 0.307617 0.000103354
9 0.781738 0.55957 0.192383 0.412109 0.00010401
9 0.490234 0.0605469 0.417969 0.113281 0.000104427
13 0.812012 0.620605 0.133789 0.268555 0.000104785
13 0.901855 0.806641 0.0400391 0.146484 0.000104964
9 0.650879 0.816406 0.147461 0.125 0.000105083
11 0.374512 0.130859 0.124023 0.0566406 0.00010556
11 0.105469 0.80957 0.0410156 0.134766 0.000105619
13 0.591309 0.146484 0.0615234 0.0683594 0.000106156
11 0.578613 0.121094 0.0751953 0.0605469 0.000106215
7 0.899902 0.850586 0.0341797 0.0527344 0.000107169
7 0.976074 0.767578 0.0419922 0.136719 0.000108302
9 0.850586 0.09375 0.107422 0.103516 0.000108421
7 0.813965 0.696289 0.0947266 0.126953 0.00011003
3 0.0561523 0.947266 0.112305 0.105469 0.00011009
7 0.78125 0.696289 0.0234375 0.0234375 0.000110924
13 0.70166 0.387695 0.0537109 0.046875 0.000111997
8 0.808105 0.625488 0.131836 0.266602 0.000112355
7 0.687988 0.777832 0.104492 0.0986328 0.000114381
9 0.657715 0.27002 0.0673828 0.145508 0.000114858
9 0.831543 0.799316 0.188477 0.124023 0.000115037
9 0.80127 0.714355 0.0263672 0.0283203 0.000115633
9 0.148926 0.535156 0.0517578 0.0273438 0.000115693
10 0.0444336 0.939453 0.0888672 0.121094 0.000116229
10 0.990723 0.714844 0.0185547 0.207031 0.000116944
10 0.902832 0.862305 0.0283203 0.0429688 0.000118375
13 0.136719 0.413574 0.0527344 0.0341797 0.000119328
13 0.287109 0.177246 0.0488281 0.0419922 0.000119388
13 0.19873 0.325684 0.0263672 0.0244141 0.000120044
13 0.654785 0.152832 0.18457 0.139648 0.00012064
8 0.444336 0.327637 0.0234375 0.0341797 0.000121117
11 0.118164 0.859863 0.0625 0.0673828 0.000121653
11 0.902832 0.862305 0.0283203 0.0429688 0.000121772
11 0.293945 0.119141 0.0625 0.0234375 0.00012207
13 0.352539 0.353027 0.0800781 0.0634766 0.000123143
8 0.693359 0.473633 0.0410156 0.0351562 0.000123858
9 0.513672 0.441895 0.167969 0.540039 0.000127316
9 0.597168 0.375977 0.0380859 0.0351562 0.000127435
9 0.622559 0.149902 0.0869141 0.0810547 0.000127554
13 0.162598 0.414062 0.0791016 0.0195312 0.000127673
11 0.311035 0.161133 0.180664 0.113281 0.000128269
11 0.353027 0.150391 0.0595703 0.0234375 0.000128508
7 0.589355 0.374512 0.0517578 0.0419922 0.000128627
8 0.79541 0.682617 0.0966797 0.152344 0.000129461
7 0.781738 0.55957 0.192383 0.412109 0.000129938
13 0.596191 0.137695 0.0361328 0.0390625 0.000130892
13 0.342285 0.265137 0.0517578 0.0791016 0.000133395
9 0.347168 0.276367 0.125977 0.181641 0.000133753
9 0.161621 0.539062 0.0791016 0.0429688 0.000135541
11 0.589844 0.121094 0.0507812 0.0390625 0.000135541
5 0.793457 0.616699 0.192383 0.307617 0.000136018
2 0.19873 0.326172 0.0205078 0.0195312 0.00013721
9 0.935059 0.78125 0.102539 0.269531 0.000137448
4 0.808105 0.625488 0.131836 0.266602 0.000139356
9 0.599609 0.540527 0.0332031 0.0302734 0.000139356
13 0.282715 0.162598 0.0478516 0.0810547 0.000140786
9 0.279785 0.256836 0.288086 0.21875 0.000141501
13 0.615723 0.178711 0.0849609 0.0605469 0.000141978
9 0.979492 0.758789 0.0371094 0.0800781 0.000144124
7 0.802246 0.713867 0.0283203 0.03125 0.000144601
13 0.0952148 0.154785 0.19043 0.30957 0.000145078
11 0.804199 0.537109 0.0869141 0.0839844 0.00014627
9 0.681641 0.259766 0.138672 0.181641 0.000146508
9 0.76709 0.758301 0.0751953 0.0673828 0.000146866
7 0.981445 0.751953 0.0371094 0.253906 0.000147223
13 0.140625 0.443848 0.0488281 0.0537109 0.00014782
11 0.645508 0.090332 0.113281 0.0166016 0.000148892
9 0.993652 0.578613 0.0126953 0.774414 0.000150681
9 0.22998 0.762695 0.143555 0.0761719 0.000151515
11 0.767578 0.762695 0.0449219 0.0488281 0.000151992
13 0.572754 0.23877 0.0478516 0.0439453 0.000153303
7 0.904297 0.761719 0.0390625 0.167969 0.000154614
11 0.905762 0.815918 0.0537109 0.110352 0.000154614
13 0.217285 0.33252 0.0751953 0.0634766 0.000157475
2 0.978027 0.705566 0.0400391 0.297852 0.000157475
9 0.981934 0.650391 0.0341797 0.148438 0.000158668
9 0.487793 0.691895 0.174805 0.350586 0.000158787
8 0.640625 0.189453 0.0136719 0.0117188 0.000159025
13 0.234863 0.693848 0.106445 0.147461 0.000159144
8 0.418457 0.584961 0.0615234 0.0410156 0.000159264
11 0.675293 0.0922852 0.0478516 0.0126953 0.000160694
11 0.373535 0.153809 0.0908203 0.0517578 0.000160933
11 0.811035 0.160156 0.0732422 0.0507812 0.00016129
5 0.977539 0.726562 0.0410156 0.238281 0.000161409
9 0.443848 0.327637 0.0224609 0.0361328 0.00016439
0 0.937988 0.935059 0.124023 0.129883 0.000164509
13 0.765137 0.741211 0.0595703 0.0644531 0.000165224
6 0.273438 0.661133 0.111328 0.154297 0.000165582
8 0.663574 0.476562 0.0205078 0.0117188 0.000166178
10 0.999023 0.511719 0.00195312 0.896484 0.0001688
10 0.904785 0.800293 0.0439453 0.12793 0.000169158
13 0.242188 0.681152 0.0351562 0.0595703 0.000175357
13 0.646484 0.24707 0.0488281 0.0742188 0.000175714
8 0.744629 0.503418 0.0322266 0.0283203 0.000178099
5 0.277832 0.646484 0.186523 0.203125 0.000179648
8 0.808105 0.717773 0.0537109 0.0527344 0.000179648
13 0.679688 0.208496 0.115234 0.137695 0.000180125
9 0.802734 0.766113 0.105469 0.0712891 0.000181675
11 0.680664 0.100586 0.0761719 0.0253906 0.000183105
9 0.937012 0.506348 0.125977 0.647461 0.000185013
5 0.254395 0.550781 0.225586 0.376953 0.000185609
9 0.0200195 0.665039 0.0361328 0.0625 0.000186801
9 0.208984 0.585449 0.0117188 0.0107422 0.000189185
9 0.970215 0.486816 0.0595703 0.711914 0.000189781
13 0.696777 0.341797 0.15332 0.255859 0.0001899
13 0.20166 0.329102 0.0146484 0.00976562 0.000191092
9 0.451172 0.853516 0.0429688 0.0429688 0.000193
9 0.981445 0.730469 0.0351562 0.0761719 0.000196457
13 0.711426 0.365723 0.0771484 0.0927734 0.000196815
9 0.974121 0.686035 0.0478516 0.161133 0.000198364
13 0.971191 0.220215 0.0576172 0.44043 0.000199795
9 0.788574 0.508301 0.12207 0.116211 0.00020206
8 0.435547 0.584961 0.03125 0.0390625 0.00020659
9 0.273438 0.661133 0.111328 0.154297 0.000206828
13 0.59082 0.134766 0.0214844 0.0253906 0.000213861
9 0.498047 0.908691 0.154297 0.182617 0.000215411
5 0.805176 0.537598 0.0908203 0.0869141 0.000216246
7 0.791992 0.520996 0.138672 0.239258 0.000217199
13 0.277344 0.660645 0.160156 0.168945 0.000225425
9 0.583984 0.374023 0.0625 0.046875 0.00022614
11 0.692871 0.131348 0.227539 0.0927734 0.000228405
4 0.805664 0.536621 0.0878906 0.0869141 0.000235081
10 0.97998 0.759277 0.0400391 0.241211 0.000246763
8 0.77832 0.693359 0.0371094 0.0585938 0.000249386
11 0.370605 0.108887 0.108398 0.0224609 0.000250101
9 0.258301 0.755859 0.0927734 0.0488281 0.000252962
8 0.20459 0.696777 0.0166016 0.0146484 0.000255346
9 0.194336 0.313965 0.0390625 0.0400391 0.00026083
11 0.295898 0.143066 0.105469 0.0791016 0.00026083
8 0.208984 0.585449 0.0117188 0.0107422 0.000262499
7 0.29248 0.653809 0.145508 0.15918 0.000264645
9 0.553223 0.288086 0.0869141 0.0742188 0.000268936
10 0.980469 0.654785 0.0390625 0.555664 0.000270367
13 0.351074 0.281738 0.0732422 0.133789 0.000272751
13 0.246582 0.674805 0.0517578 0.0976562 0.000275373
10 0.986816 0.615234 0.0263672 0.71875 0.00027585
8 0.723145 0.621582 0.0439453 0.0458984 0.000276566
13 0.322754 0.21875 0.108398 0.121094 0.000279427
13 0.64502 0.493652 0.0693359 0.0830078 0.000283003
5 0.97168 0.655762 0.0546875 0.416992 0.00028491
6 0.804688 0.537109 0.0878906 0.0859375 0.000285387
13 0.372559 0.371582 0.0263672 0.0185547 0.00029254
11 0.308594 0.11377 0.0722656 0.0185547 0.000298738
8 0.679688 0.746582 0.150391 0.110352 0.000300407
9 0.592285 0.828613 0.385742 0.334961 0.00030303
9 0.278809 0.873535 0.334961 0.235352 0.000304699
9 0.303711 0.991211 0.185547 0.0175781 0.000306129
9 0.98584 0.804688 0.0283203 0.191406 0.000307322
9 0.720215 0.889648 0.389648 0.220703 0.000311852
13 0.182617 0.302246 0.0390625 0.0263672 0.000314713
9 0.663086 0.825684 0.0488281 0.0478516 0.000315428
13 0.281738 0.32373 0.102539 0.0634766 0.00031662
9 0.8125 0.656738 0.111328 0.19043 0.000317574
2 0.444336 0.327637 0.0234375 0.0341797 0.000318289
8 0.601562 0.30957 0.0253906 0.0253906 0.000318289
13 0.308594 0.456543 0.0566406 0.0283203 0.000323534
13 0.201172 0.316406 0.0546875 0.046875 0.000330448
13 0.671875 0.312012 0.105469 0.166992 0.000339746
9 0.20166 0.329102 0.0146484 0.00976562 0.000340462
11 0.272949 0.125488 0.0595703 0.0283203 0.000341892
9 0.272461 0.439453 0.330078 0.632812 0.000343561
13 0.847168 0.751465 0.0341797 0.0498047 0.000344276
11 0.406738 0.125977 0.0517578 0.0351562 0.000345469
8 0.19873 0.326172 0.0205078 0.0195312 0.000347614
11 0.238281 0.143555 0.0683594 0.0488281 0.000349283
2 0.804199 0.538086 0.0849609 0.0878906 0.000360012
13 0.317871 0.228516 0.155273 0.1875 0.000362396
13 0.775391 0.750977 0.0390625 0.0410156 0.000368595
13 0.148926 0.535156 0.0517578 0.0273438 0.000369787
9 0.70752 0.734375 0.135742 0.152344 0.000371933
10 0.119629 0.844727 0.0458984 0.0683594 0.000375271
8 0.34375 0.540527 0.00976562 0.00878906 0.000375986
13 0.342285 0.335938 0.112305 0.105469 0.000394821
9 0.980957 0.654785 0.0380859 0.606445 0.00039506
13 0.663574 0.267578 0.0517578 0.078125 0.000395298
8 0.37207 0.371094 0.0195312 0.0136719 0.000401497
11 0.377441 0.115723 0.0712891 0.0185547 0.000402451
9 0.225586 0.789551 0.203125 0.114258 0.000402689
9 0.906738 0.773926 0.0361328 0.180664 0.00041461
8 0.581543 0.372559 0.0654297 0.0478516 0.000416756
8 0.194336 0.313965 0.0390625 0.0400391 0.000422001
13 0.241211 0.311523 0.148438 0.0527344 0.000425339
12 0.272461 0.439453 0.330078 0.632812 0.000427485
5 0.268066 0.666992 0.112305 0.138672 0.000448704
11 0.738281 0.125488 0.0976562 0.0654297 0.00045085
9 0.969727 0.758789 0.0546875 0.169922 0.000457764
11 0.783203 0.754883 0.0605469 0.0566406 0.000463247
11 0.611816 0.12793 0.102539 0.0800781 0.000463247
2 0.193359 0.313477 0.0410156 0.0410156 0.000464916
6 0.816895 0.656738 0.118164 0.198242 0.000474453
13 0.804199 0.537109 0.0869141 0.0839844 0.000485897
11 0.580566 0.109375 0.0576172 0.0351562 0.000497341
11 0.114746 0.836426 0.0419922 0.100586 0.000509739
11 0.652832 0.0942383 0.0712891 0.0166016 0.000531197
9 0.58252 0.696777 0.37793 0.196289 0.000545025
2 0.20166 0.329102 0.0146484 0.00976562 0.000575542
11 0.338867 0.108887 0.130859 0.0341797 0.000590324
9 0.77002 0.547852 0.0126953 0.0117188 0.000593185
9 0.171875 0.564453 0.0957031 0.0996094 0.000601768
11 0.630859 0.108887 0.140625 0.0458984 0.000608444
5 0.266113 0.453613 0.323242 0.606445 0.000662327
13 0.134766 0.422852 0.0390625 0.0253906 0.00069046
11 0.906738 0.773926 0.0361328 0.180664 0.000702858
9 0.649414 0.80957 0.224609 0.222656 0.000718117
13 0.147461 0.418457 0.0585938 0.0205078 0.000734806
7 0.679688 0.746582 0.150391 0.110352 0.000750065
13 0.616699 0.150391 0.0908203 0.0820312 0.000764847
11 0.710938 0.104004 0.0625 0.0302734 0.00078249
13 0.302246 0.319824 0.15332 0.0966797 0.000785828
13 0.713379 0.376465 0.0537109 0.0576172 0.000805378
13 0.307617 0.454102 0.101562 0.0351562 0.00084877
9 0.986816 0.644531 0.0263672 0.332031 0.000851154
11 0.313477 0.126953 0.164062 0.0585938 0.000866413
9 0.498535 0.819336 0.176758 0.361328 0.000879288
13 0.647461 0.223633 0.0898438 0.189453 0.000901222
11 0.330078 0.110352 0.0605469 0.0136719 0.000909805
9 0.797852 0.566895 0.130859 0.24707 0.000942707
10 0.89209 0.831055 0.0517578 0.0800781 0.000946999
8 0.803711 0.537598 0.0917969 0.0849609 0.000956059
8 0.597168 0.375977 0.0380859 0.0351562 0.000999451
9 0.700195 0.756348 0.107422 0.0810547 0.00101662
5 0.812988 0.653809 0.124023 0.213867 0.00105572
8 0.739258 0.503418 0.0195312 0.0185547 0.00109673
9 0.180664 0.587402 0.0664062 0.0595703 0.00113487
8 0.599609 0.540527 0.0332031 0.0302734 0.00117111
9 0.679199 0.789062 0.104492 0.113281 0.00119495
8 0.769043 0.547852 0.0107422 0.00976562 0.00131035
13 0.291992 0.193359 0.0527344 0.0898438 0.00136566
11 0.361328 0.117676 0.117188 0.0263672 0.00142956
13 0.681641 0.259766 0.138672 0.181641 0.00147915
13 0.347168 0.276367 0.125977 0.181641 0.00148296
11 0.891113 0.832031 0.0517578 0.0800781 0.00160122
11 0.691895 0.113281 0.15918 0.0566406 0.00166321
13 0.570312 0.243164 0.0292969 0.0292969 0.0017271
7 0.810059 0.638672 0.12793 0.242188 0.00184059
9 0.963379 0.760254 0.0732422 0.282227 0.00198174
9 0.774414 0.756348 0.0429688 0.0478516 0.00204849
13 0.26709 0.675781 0.0908203 0.130859 0.00217247
13 0.190918 0.309082 0.0419922 0.0322266 0.00222015
9 0.956055 0.63916 0.0800781 0.538086 0.00222969
8 0.802246 0.713867 0.0283203 0.03125 0.00263023
8 0.20166 0.329102 0.0146484 0.00976562 0.00266838
11 0.35791 0.11084 0.0634766 0.0126953 0.00291061
11 0.626465 0.097168 0.118164 0.0224609 0.00339127
9 0.977051 0.794922 0.0400391 0.0996094 0.00385475
7 0.805664 0.536621 0.0878906 0.0869141 0.00399399
11 0.776855 0.75293 0.0400391 0.0371094 0.00418472
13 0.145508 0.428711 0.0507812 0.0332031 0.00420761
11 0.67627 0.09375 0.100586 0.0214844 0.00460434
11 0.603027 0.103516 0.100586 0.0292969 0.00504684
13 0.652832 0.267578 0.0634766 0.136719 0.00527191
11 0.280762 0.125 0.102539 0.0410156 0.00547409
8 0.780273 0.695801 0.0253906 0.0244141 0.00549316
0 0.550781 0.290039 0.0878906 0.0742188 0.00593948
3 0.57373 0.69043 0.368164 0.193359 0.00599289
11 0.256348 0.134277 0.0791016 0.0498047 0.00622559
11 0.730957 0.110352 0.0712891 0.0371094 0.00821686
10 0.898926 0.849609 0.0380859 0.0566406 0.00975037
9 0.671875 0.767578 0.179688 0.117188 0.0102615
11 0.898926 0.849609 0.0380859 0.0566406 0.0127106
10 0.119629 0.859375 0.0341797 0.0449219 0.0137482
11 0.335449 0.111328 0.100586 0.0175781 0.0144424
9 0.974609 0.655762 0.046875 0.411133 0.0158997
11 0.666992 0.100098 0.150391 0.0302734 0.0166168
11 0.119629 0.858398 0.0361328 0.0429688 0.0201111
11 0.314941 0.116699 0.124023 0.0283203 0.0258942
11 0.708008 0.104492 0.0996094 0.0429688 0.0273132
9 0.981934 0.738281 0.0341797 0.240234 0.0288391
9 0.803711 0.537598 0.0917969 0.0849609 0.0360107
