9 0.202637 0.646973 0.0810547 0.0654297 0.000100493
7 0.794434 0.468262 0.0888672 0.0673828 0.000100613
7 0.804688 0.5625 0.0820312 0.173828 0.000101209
9 0.825195 0.635742 0.0527344 0.0332031 0.000101626
1 0.194336 0.135254 0.371094 0.260742 0.000102043
11 0.299805 0.29541 0.0351562 0.0458984 0.000102401
10 0.811523 0.575684 0.189453 0.239258 0.000102997
9 0.181641 0.668457 0.03125 0.0244141 0.000103056
7 0.804199 0.470215 0.0595703 0.0341797 0.000103176
8 0.821289 0.356445 0.138672 0.167969 0.000103593
8 0.812012 0.56543 0.0361328 0.0253906 0.000103951
13 0.688477 0.36084 0.0761719 0.112305 0.000104249
8 0.720703 0.475586 0.0273438 0.0195312 0.000104308
6 0.842773 0.496582 0.0859375 0.0341797 0.000104547
10 0.158691 0.796875 0.0849609 0.107422 0.000105023
11 0.82959 0.501953 0.102539 0.0625 0.000105917
9 0.547363 0.0957031 0.0302734 0.0234375 0.000106037
0 0.544434 0.450195 0.0400391 0.0273438 0.000106454
8 0.82373 0.634277 0.0166016 0.0166016 0.00010699
7 0.290527 0.447266 0.262695 0.441406 0.000107527
10 0.603027 0.340332 0.0947266 0.0849609 0.000107586
8 0.806641 0.649414 0.0566406 0.0449219 0.000108302
11 0.196289 0.764648 0.128906 0.0742188 0.0001086
11 0.172363 0.754883 0.0673828 0.0800781 0.000109315
8 0.741699 0.317871 0.0166016 0.0224609 0.000109434
1 0.158691 0.530273 0.317383 0.511719 0.00011009
2 0.158691 0.530273 0.317383 0.511719 0.000110388
8 0.194336 0.135254 0.371094 0.260742 0.000110447
2 0.935547 0.926758 0.119141 0.138672 0.000111043
7 0.264648 0.396484 0.183594 0.265625 0.000111639
8 0.212402 0.652832 0.0126953 0.0185547 0.000112355
11 0.811035 0.459961 0.149414 0.148438 0.000112414
8 0.152344 0.528809 0.304688 0.40332 0.000113368
13 0.804688 0.399902 0.125 0.0849609 0.000113845
13 0.789551 0.475098 0.0634766 0.0244141 0.000114441
11 0.602539 0.340332 0.0917969 0.0849609 0.000115335
2 0.838379 0.575195 0.125977 0.1875 0.000115573
8 0.98291 0.0112305 0.0185547 0.0185547 0.000115812
3 0.82373 0.116211 0.311523 0.232422 0.000116646
13 0.787598 0.460449 0.0908203 0.0732422 0.000116706
0 0.890625 0.881836 0.21875 0.236328 0.000118017
1 0.769531 0.492676 0.267578 0.411133 0.000118017
13 0.87207 0.488281 0.0664062 0.0292969 0.000118077
9 0.58252 0.628906 0.334961 0.138672 0.000118375
0 0.84082 0.109375 0.294922 0.191406 0.000119627
8 0.354004 0.318848 0.0244141 0.0185547 0.000119865
12 0.818359 0.340332 0.132812 0.149414 0.000119925
13 0.870117 0.494629 0.0996094 0.0615234 0.000119925
9 0.319824 0.5625 0.18457 0.177734 0.000121713
11 0.687988 0.189453 0.0654297 0.0273438 0.000121832
11 0.194336 0.135254 0.371094 0.260742 0.000122428
9 0.542969 0.0795898 0.253906 0.15918 0.000123262
11 0.837891 0.519043 0.115234 0.143555 0.000123739
9 0.767578 0.610352 0.0371094 0.0253906 0.000123858
11 0.430176 0.186523 0.0576172 0.0175781 0.000123858
11 0.384766 0.185547 0.0625 0.03125 0.000124693
13 0.411621 0.316895 0.0927734 0.0810547 0.000124812
0 0.248535 0.488281 0.22168 0.410156 0.000125527
13 0.347168 0.315918 0.0439453 0.0244141 0.0001266
13 0.369629 0.333008 0.0966797 0.0585938 0.000126839
4 0.828125 0.482422 0.115234 0.0527344 0.000128746
7 0.851562 0.469727 0.292969 0.482422 0.000130892
5 0.245605 0.585938 0.180664 0.214844 0.000133276
9 0.304688 0.303223 0.0683594 0.0791016 0.000133514
9 0.328613 0.853516 0.405273 0.251953 0.000134587
9 0.23584 0.523926 0.155273 0.194336 0.000134826
13 0.766113 0.619629 0.0419922 0.0419922 0.000135303
12 0.158691 0.530273 0.317383 0.511719 0.00013566
11 0.158691 0.530273 0.317383 0.511719 0.000136256
13 0.40332 0.371582 0.0683594 0.0380859 0.000136733
9 0.23877 0.66748 0.15332 0.151367 0.000137568
8 0.395996 0.436035 0.0126953 0.0107422 0.000138879
2 0.194336 0.135254 0.371094 0.260742 0.000138998
12 0.935547 0.926758 0.119141 0.138672 0.000139475
4 0.821289 0.356445 0.138672 0.167969 0.000139475
4 0.158691 0.530273 0.317383 0.511719 0.000140071
9 0.159668 0.772949 0.0537109 0.0712891 0.000140548
11 0.901855 0.766113 0.0458984 0.0830078 0.000140905
13 0.825195 0.488281 0.0625 0.0292969 0.000141501
9 0.470703 0.115723 0.0605469 0.0537109 0.000141859
9 0.766113 0.626465 0.0283203 0.0224609 0.000142097
11 0.770996 0.496094 0.250977 0.398438 0.000143528
9 0.754883 0.360352 0.275391 0.240234 0.000144482
10 0.821289 0.356445 0.138672 0.167969 0.000146031
13 0.444336 0.345215 0.0371094 0.0244141 0.000146985
8 0.745605 0.560547 0.0224609 0.015625 0.000149012
10 0.245605 0.585938 0.180664 0.214844 0.000149727
2 0.301758 0.295898 0.0371094 0.0527344 0.000150084
11 0.705078 0.197754 0.0546875 0.0263672 0.000151038
12 0.838867 0.12207 0.306641 0.230469 0.000151038
7 0.814941 0.643555 0.0673828 0.0664062 0.000152826
8 0.73291 0.476562 0.0146484 0.0117188 0.000153065
11 0.649414 0.177734 0.0957031 0.0253906 0.000157475
13 0.79541 0.168945 0.0849609 0.0683594 0.000157833
9 0.790039 0.567383 0.289062 0.3125 0.000157952
12 0.828125 0.482422 0.115234 0.0527344 0.000159264
1 0.811523 0.575684 0.189453 0.239258 0.00015986
13 0.43457 0.339355 0.0566406 0.0400391 0.00015986
4 0.194336 0.135254 0.371094 0.260742 0.000160336
8 0.213379 0.652832 0.00878906 0.0107422 0.000160336
10 0.800293 0.416992 0.206055 0.333984 0.000160575
7 0.301758 0.295898 0.0371094 0.0527344 0.000162959
13 0.805176 0.415039 0.182617 0.339844 0.000163555
13 0.762207 0.307129 0.0556641 0.0791016 0.000163674
11 0.414551 0.191895 0.0361328 0.0224609 0.000164151
8 0.786621 0.289551 0.0517578 0.0361328 0.000167131
13 0.455566 0.481934 0.0361328 0.0400391 0.000169754
11 0.818359 0.340332 0.132812 0.149414 0.000170112
9 0.550781 0.388184 0.146484 0.196289 0.000170231
13 0.870117 0.500977 0.0683594 0.0351562 0.000174284
9 0.804688 0.617676 0.193359 0.188477 0.000175118
7 0.78418 0.291016 0.0527344 0.0390625 0.000175238
9 0.932129 0.933105 0.12793 0.12207 0.000175357
10 0.0634766 0.776855 0.126953 0.31543 0.00017643
9 0.543945 0.455078 0.0488281 0.0644531 0.000177979
9 0.203613 0.25293 0.407227 0.505859 0.000179768
2 0.98291 0.0112305 0.0185547 0.0185547 0.00018084
9 0.182129 0.336914 0.0537109 0.0449219 0.000181317
11 0.432129 0.166992 0.0927734 0.0195312 0.000182629
9 0.987793 0.0126953 0.0224609 0.0253906 0.000183463
1 0.935547 0.926758 0.119141 0.138672 0.000186682
9 0.333008 0.464355 0.310547 0.450195 0.000187397
0 0.80957 0.490234 0.197266 0.400391 0.000189424
11 0.842773 0.496582 0.0859375 0.0341797 0.000190496
9 0.828613 0.648438 0.114258 0.0742188 0.000190735
8 0.77832 0.607422 0.0292969 0.0214844 0.000191808
13 0.691895 0.374512 0.0537109 0.0712891 0.000193119
3 1 0.651367 0 0.697266 0.000194192
9 0.82373 0.634277 0.0166016 0.0166016 0.000195146
6 0.825684 0.489746 0.116211 0.124023 0.000195622
9 0.532715 0.442383 0.0869141 0.287109 0.000195861
6 0.835449 0.561523 0.12207 0.216797 0.000198364
11 0.630859 0.193359 0.0839844 0.0429688 0.000204325
11 0.42041 0.196289 0.116211 0.0351562 0.000204563
9 0.275879 0.700195 0.204102 0.107422 0.000205755
8 0.291016 0.437012 0.0136719 0.0126953 0.000206113
8 0.842773 0.496582 0.0859375 0.0341797 0.000207067
9 0.783203 0.312012 0.0800781 0.0830078 0.000208259
11 0.14209 0.760742 0.0849609 0.0878906 0.00020957
2 0.543457 0.449707 0.0400391 0.0322266 0.000211239
7 0.194336 0.135254 0.371094 0.260742 0.000212312
9 0.845703 0.205566 0.308594 0.407227 0.00021565
3 0.831543 0.400391 0.336914 0.800781 0.000218272
13 0.330566 0.307617 0.0791016 0.0644531 0.000219226
3 0.59375 0.674805 0.339844 0.0839844 0.000225663
7 0.833496 0.623535 0.0888672 0.0966797 0.000228524
3 0.152344 0.528809 0.304688 0.40332 0.000230789
13 0.704102 0.306152 0.0332031 0.0478516 0.000233531
11 0.611816 0.19873 0.0537109 0.0283203 0.000234485
13 0.786621 0.399902 0.0615234 0.0224609 0.000236034
8 0.6875 0.500488 0.0273438 0.0244141 0.000237107
9 0.81543 0.608887 0.103516 0.137695 0.000238061
7 0.806641 0.470703 0.126953 0.234375 0.000241399
10 0.0263672 0.765625 0.0527344 0.320312 0.00024271
11 0.618652 0.186035 0.0556641 0.0302734 0.000245333
11 0.443848 0.193359 0.0927734 0.0625 0.000250578
9 0.541992 0.483887 0.136719 0.452148 0.000254154
1 0.84082 0.109375 0.294922 0.191406 0.000255585
2 0.766113 0.621094 0.0439453 0.0449219 0.00026083
9 0.79834 0.473633 0.108398 0.046875 0.000261068
9 0.889648 0.341797 0.0644531 0.0410156 0.000261307
10 0.178711 0.768555 0.0820312 0.0683594 0.000261307
7 0.316406 0.580566 0.195312 0.157227 0.000263453
11 0.270996 0.588379 0.22168 0.213867 0.000263929
8 0.35498 0.465332 0.0107422 0.00878906 0.000265598
9 0.848145 0.495605 0.0771484 0.0166016 0.000266075
13 0.280273 0.487793 0.257812 0.416992 0.000269175
7 0.838867 0.12207 0.306641 0.230469 0.000277042
9 0.603027 0.340332 0.0947266 0.0849609 0.000283003
9 0.799316 0.47168 0.145508 0.126953 0.000283718
9 0.856445 0.339844 0.287109 0.679688 0.000313759
8 0.814453 0.479492 0.117188 0.0488281 0.000314236
11 0.838867 0.12207 0.306641 0.230469 0.000315428
11 0.463379 0.195312 0.0537109 0.0332031 0.000318289
12 0.825195 0.252441 0.349609 0.504883 0.000322819
1 0.828125 0.482422 0.115234 0.0527344 0.000324011
2 0.241211 0.494141 0.191406 0.390625 0.000324011
9 0.213379 0.652832 0.00878906 0.0107422 0.000324488
7 0.766113 0.619629 0.0419922 0.0419922 0.00032711
8 0.828125 0.63916 0.0820312 0.0615234 0.000328779
9 0.816406 0.63623 0.0703125 0.0654297 0.000329018
0 0.932129 0.933105 0.12793 0.12207 0.000331879
10 0.14209 0.768066 0.0927734 0.0791016 0.000332594
9 0.211914 0.654297 0.0351562 0.0214844 0.000333309
0 0.584473 0.375 0.120117 0.160156 0.000342846
13 0.347168 0.316406 0.0615234 0.0410156 0.00034833
9 0.240723 0.401367 0.15918 0.265625 0.000348568
8 0.673828 0.286621 0.0195312 0.0146484 0.000349045
2 0.836914 0.11377 0.291016 0.198242 0.000359058
8 0.84082 0.109375 0.294922 0.191406 0.000359535
13 0.198242 0.134766 0.392578 0.259766 0.000359535
4 0.935547 0.926758 0.119141 0.138672 0.000361681
9 0.82666 0.474609 0.137695 0.210938 0.00036788
4 0.841797 0.581055 0.132812 0.214844 0.000370026
8 0.935547 0.926758 0.119141 0.138672 0.000384808
4 0.84082 0.109375 0.294922 0.191406 0.000385523
9 0.484863 0.22998 0.0263672 0.0361328 0.000387192
7 0.842285 0.492188 0.100586 0.0253906 0.00039053
11 0.845215 0.575684 0.12207 0.186523 0.000397205
6 0.82959 0.48291 0.114258 0.0537109 0.000404358
11 0.679688 0.195312 0.119141 0.0273438 0.000406265
13 0.363281 0.324219 0.0585938 0.0292969 0.000409842
6 0.194336 0.135254 0.371094 0.260742 0.00041008
8 0.665039 0.26416 0.0273438 0.0224609 0.000418425
12 0.247559 0.580078 0.186523 0.226562 0.000424862
13 0.702148 0.331543 0.0703125 0.108398 0.000429869
8 0.543945 0.450195 0.0410156 0.0292969 0.00043416
1 0.270996 0.588379 0.22168 0.213867 0.000438452
11 0.669434 0.185059 0.0869141 0.0166016 0.000442982
7 0.785645 0.559082 0.237305 0.274414 0.000451565
7 0.836914 0.633789 0.0664062 0.0527344 0.000452042
4 0.280273 0.487793 0.257812 0.416992 0.000452995
9 0.78418 0.291016 0.0527344 0.0390625 0.000472784
2 0.82959 0.48291 0.114258 0.0537109 0.000485182
5 0.838867 0.12207 0.306641 0.230469 0.000488281
8 0.255371 0.487793 0.223633 0.405273 0.000510693
9 0.305176 0.73584 0.280273 0.102539 0.000543594
13 0.245117 0.565918 0.169922 0.245117 0.000552654
5 0.194336 0.135254 0.371094 0.260742 0.000554085
13 0.450195 0.350098 0.0527344 0.0458984 0.00056076
11 0.634766 0.1875 0.0566406 0.0175781 0.000567436
13 0.781738 0.290039 0.0458984 0.0371094 0.000572681
13 0.432617 0.334961 0.0898438 0.0878906 0.000575542
13 0.868652 0.498535 0.0537109 0.0185547 0.000579357
11 0.828125 0.482422 0.115234 0.0527344 0.000581741
13 0.393555 0.342773 0.140625 0.0996094 0.000597
13 0.806152 0.481445 0.0712891 0.0234375 0.000600338
11 0.401855 0.177734 0.0595703 0.03125 0.000618935
9 0.98291 0.0112305 0.0185547 0.0185547 0.000656605
3 0.603516 0.338867 0.09375 0.0820312 0.000660896
13 0.799316 0.47168 0.145508 0.126953 0.000700951
3 0.929199 0.937988 0.141602 0.108398 0.000725269
13 0.76416 0.671387 0.0341797 0.0283203 0.000730991
13 0.841309 0.500977 0.0966797 0.03125 0.00073719
13 0.30127 0.29541 0.0380859 0.0537109 0.000793457
9 0.212402 0.652832 0.0126953 0.0185547 0.000803471
5 0.825684 0.490723 0.15332 0.34668 0.000839233
9 0.831543 0.497559 0.110352 0.108398 0.000893116
7 0.835449 0.490723 0.118164 0.129883 0.00090456
13 0.357422 0.321289 0.03125 0.0214844 0.0009408
8 0.817383 0.493164 0.1875 0.388672 0.000999451
11 0.434082 0.175781 0.100586 0.0292969 0.00100231
13 0.802734 0.467773 0.0644531 0.0390625 0.00103855
9 0.837402 0.621094 0.0849609 0.0898438 0.00104332
6 0.248047 0.491211 0.207031 0.394531 0.00106144
1 0.241211 0.494141 0.191406 0.390625 0.00107002
6 0.828125 0.479492 0.148438 0.408203 0.00109291
5 0.258301 0.492676 0.211914 0.407227 0.00116634
12 0.245605 0.496582 0.21582 0.446289 0.00121498
9 0.842773 0.496582 0.0859375 0.0341797 0.00123501
9 0.195312 0.654785 0.0566406 0.0419922 0.0012455
9 0.811523 0.35498 0.154297 0.168945 0.0012579
2 0.837891 0.491211 0.146484 0.339844 0.00130463
11 0.408691 0.188965 0.0849609 0.0244141 0.00131035
12 0.838867 0.542969 0.130859 0.294922 0.00137997
6 0.84082 0.109375 0.294922 0.191406 0.00139046
8 0.766113 0.621094 0.0439453 0.0449219 0.00148678
7 0.82959 0.48291 0.114258 0.0537109 0.00150585
11 0.243164 0.499023 0.189453 0.382812 0.00150871
12 0.813965 0.469727 0.196289 0.421875 0.00155258
1 0.837891 0.491699 0.142578 0.342773 0.00165462
10 0.837891 0.491699 0.142578 0.342773 0.00206375
4 0.828613 0.481445 0.139648 0.402344 0.00207138
13 0.700195 0.358398 0.0449219 0.0546875 0.00209808
8 0.835449 0.570312 0.139648 0.21875 0.00219345
7 0.821289 0.356445 0.138672 0.167969 0.0023365
9 0.301758 0.295898 0.0371094 0.0527344 0.00238228
8 0.241699 0.579102 0.176758 0.222656 0.00254822
13 0.838867 0.496094 0.111328 0.169922 0.00269508
10 0.258301 0.492676 0.211914 0.407227 0.00278664
3 0.581055 0.630371 0.337891 0.124023 0.00292969
9 0.82959 0.484863 0.114258 0.0478516 0.0030117
13 0.837891 0.113281 0.296875 0.197266 0.00327492
6 0.270996 0.588379 0.22168 0.213867 0.00328827
11 0.626953 0.194824 0.0566406 0.0224609 0.0033989
4 0.26709 0.583984 0.213867 0.226562 0.00343323
13 0.858398 0.496094 0.0488281 0.0117188 0.00343513
9 0.245605 0.496582 0.21582 0.446289 0.00357437
11 0.837891 0.491699 0.142578 0.342773 0.00410843
7 0.837891 0.57373 0.125 0.21582 0.0043602
7 0.234375 0.509766 0.167969 0.400391 0.00440598
9 0.766113 0.621094 0.0419922 0.0410156 0.00450516
9 0.839355 0.634766 0.0556641 0.046875 0.00463867
11 0.650879 0.19043 0.0986328 0.0234375 0.00500107
10 0.899414 0.759277 0.03125 0.0439453 0.00504684
10 0.15918 0.776367 0.0527344 0.0625 0.00550842
11 0.899414 0.759277 0.03125 0.0439453 0.00556946
9 0.544434 0.450195 0.0400391 0.0273438 0.0059433
11 0.445801 0.189453 0.0810547 0.0292969 0.00603485
11 0.159668 0.772949 0.0537109 0.0712891 0.00630188
13 0.837891 0.491699 0.142578 0.342773 0.00699615
13 0.81543 0.478027 0.111328 0.0458984 0.00897217
9 0.813965 0.469727 0.196289 0.421875 0.00932312
9 0.253906 0.587402 0.191406 0.22168 0.0108337
13 0.855469 0.494141 0.0742188 0.0214844 0.0118103
9 0.837402 0.561523 0.12793 0.236328 0.0132904
7 0.828125 0.479492 0.148438 0.408203 0.0170288
7 0.26709 0.583984 0.213867 0.226562 0.0331421
13 0.836426 0.488281 0.110352 0.0390625 0.051178
0 0.603516 0.338867 0.09375 0.0820312 0.097229
