8 0.788574 0.20166 0.389648 0.381836 0.000100374
7 0.694824 0.679688 0.106445 0.142578 0.000101566
13 0.275391 0.672852 0.0371094 0.0273438 0.000102162
9 0.0898438 0.978516 0.0625 0.0410156 0.000102818
9 0.105957 0.611328 0.131836 0.160156 0.000103831
9 0.698242 0.677246 0.107422 0.157227 0.000104189
7 0.474121 0.465332 0.0947266 0.0830078 0.000104427
9 0.674805 0.807617 0.144531 0.164062 0.000104487
13 0.634766 0.514648 0.0683594 0.0332031 0.000104964
9 0.854492 0.791504 0.291016 0.416992 0.000105023
13 0.640137 0.53125 0.0556641 0.0234375 0.000105262
1 0.474121 0.465332 0.0947266 0.0830078 0.000105679
11 0.337891 0.303223 0.0585938 0.0205078 0.000105977
0 0.436035 0.442871 0.163086 0.118164 0.000109076
3 0.431152 0.48291 0.182617 0.12207 0.000109136
8 0.531738 0.611816 0.0126953 0.0107422 0.00011003
3 0.290527 0.981934 0.40332 0.0341797 0.000110149
13 0.100586 0.47998 0.0371094 0.0283203 0.000110209
9 0.515625 0.362793 0.0214844 0.0205078 0.000111818
11 0.334961 0.290039 0.0488281 0.0136719 0.000112295
9 0.987793 0.0126953 0.0224609 0.0253906 0.000112653
11 0.0629883 0.994141 0.0771484 0.0117188 0.00011301
11 0.350098 0.290527 0.0517578 0.0185547 0.000113249
9 0.549316 0.792969 0.225586 0.148438 0.000113308
13 0.23584 0.632324 0.12793 0.100586 0.000114322
10 0.0268555 0.994141 0.0498047 0.0117188 0.000118315
13 0.115723 0.552734 0.0810547 0.03125 0.00011915
13 0.597168 0.364746 0.0791016 0.0751953 0.000120103
10 0.766602 0.243164 0.466797 0.472656 0.000121117
11 0.787109 0.185547 0.402344 0.365234 0.000121653
4 0.787109 0.185547 0.402344 0.365234 0.000122011
12 0.473145 0.465332 0.0966797 0.0869141 0.000122428
13 0.471191 0.46875 0.100586 0.09375 0.000122547
6 0.165527 0.147461 0.305664 0.285156 0.000123978
8 0.473145 0.465332 0.0966797 0.0869141 0.000126362
10 0.0322266 0.973145 0.0625 0.0537109 0.000127077
13 0.206055 0.471191 0.154297 0.0478516 0.000130057
9 0.0874023 0.994141 0.0458984 0.00976562 0.000135303
11 0.503906 0.331543 0.0546875 0.0224609 0.000135422
9 0.130859 0.5625 0.126953 0.191406 0.000136495
13 0.175293 0.600586 0.0791016 0.0214844 0.000139236
13 0.158203 0.531738 0.132812 0.0634766 0.00014019
11 0.511719 0.314941 0.0664062 0.0224609 0.000141144
9 0.135742 0.983398 0.164062 0.03125 0.000141621
13 0.129883 0.494141 0.0957031 0.0507812 0.000141859
10 0.0200195 0.984863 0.0380859 0.0302734 0.000143051
2 0.788574 0.20166 0.389648 0.381836 0.000146151
10 0.733887 0.774414 0.0380859 0.0859375 0.000146508
10 0.043457 0.95166 0.0849609 0.0966797 0.000150681
7 0.169434 0.562012 0.250977 0.264648 0.000151753
13 0.593262 0.376953 0.0400391 0.0683594 0.000153542
5 0.896484 0.751465 0.207031 0.49707 0.000156641
9 0.63623 0.717285 0.200195 0.200195 0.000157952
3 0.810059 0.885742 0.379883 0.228516 0.000159264
7 0.160645 0.981934 0.233398 0.0341797 0.000160575
9 0.162109 0.623535 0.166016 0.100586 0.000162959
7 0.788574 0.20166 0.389648 0.381836 0.000164509
11 0.0922852 0.994629 0.0400391 0.00878906 0.000166178
11 0.104004 0.975098 0.0712891 0.0478516 0.000166655
11 0.691895 0.330078 0.100586 0.0292969 0.000170469
5 0.165527 0.147461 0.305664 0.285156 0.000172257
13 0.652832 0.518555 0.0654297 0.046875 0.00017333
9 0.648926 0.731445 0.163086 0.0507812 0.000173807
7 0.108887 0.98291 0.0849609 0.0322266 0.000175834
5 0.162109 0.623535 0.166016 0.100586 0.000176311
5 0.473145 0.465332 0.0966797 0.0869141 0.000176787
13 0.254395 0.67627 0.0654297 0.0224609 0.000177741
11 0.0751953 0.970703 0.128906 0.0585938 0.000178695
13 0.102051 0.483398 0.0634766 0.0410156 0.000185251
5 0.243164 0.60498 0.152344 0.163086 0.000187755
11 0.473145 0.466797 0.0966797 0.0878906 0.00019145
11 0.527832 0.316895 0.0498047 0.0126953 0.000197053
10 0.104004 0.975098 0.0693359 0.0458984 0.000199199
9 0.609375 0.741211 0.261719 0.0703125 0.00020051
13 0.708496 0.525879 0.0302734 0.0263672 0.00020206
13 0.681152 0.461426 0.0322266 0.0185547 0.000207067
9 0.160645 0.974609 0.254883 0.046875 0.000207663
11 0.323242 0.286621 0.0410156 0.0146484 0.000208259
11 0.531738 0.313965 0.0966797 0.0400391 0.000211716
8 0.295898 0.442871 0.0195312 0.0166016 0.000213265
11 0.554199 0.320312 0.0673828 0.0136719 0.000214338
7 0.0888672 0.986816 0.0546875 0.0263672 0.000214934
3 0.769043 0.655273 0.461914 0.550781 0.000222325
10 0.474121 0.46582 0.0947266 0.0839844 0.00022471
11 0.514648 0.36084 0.0234375 0.0224609 0.000233054
11 0.358398 0.313965 0.0585938 0.0322266 0.000233412
11 0.246094 0.311523 0.0976562 0.0507812 0.000240326
11 0.681641 0.736328 0.0839844 0.0507812 0.000244856
13 0.289062 0.466309 0.0742188 0.0732422 0.000245094
5 0.202637 0.526367 0.272461 0.333984 0.000246286
6 0.182129 0.633789 0.19043 0.0859375 0.000252962
2 0.474121 0.46582 0.0947266 0.0839844 0.000262737
13 0.671387 0.635254 0.141602 0.194336 0.000262976
9 0.981445 0.0107422 0.0214844 0.0175781 0.000271082
11 0.731445 0.771484 0.0410156 0.0898438 0.00027132
11 0.0429688 0.989746 0.078125 0.0205078 0.000279427
9 0.0917969 0.98877 0.0429688 0.0224609 0.000299931
13 0.58252 0.384277 0.0810547 0.0849609 0.000301361
5 0.148926 0.566406 0.12793 0.160156 0.00030303
7 0.135254 0.98877 0.155273 0.0224609 0.000305891
5 0.629395 0.568848 0.243164 0.34082 0.00030756
13 0.163574 0.574707 0.217773 0.227539 0.000315189
11 0.51709 0.349121 0.0439453 0.0341797 0.000320911
11 0.572754 0.32373 0.0947266 0.0341797 0.000375271
13 0.129883 0.53125 0.105469 0.117188 0.000376225
7 0.182129 0.633789 0.19043 0.0859375 0.000383377
13 0.102539 0.541016 0.0585938 0.015625 0.000389099
10 0.0454102 0.991211 0.0791016 0.0175781 0.000392675
0 0.472168 0.458984 0.110352 0.175781 0.000393391
11 0.549805 0.324219 0.105469 0.0175781 0.00039506
4 0.469238 0.683105 0.379883 0.106445 0.000407934
10 0.153809 0.969727 0.27832 0.0605469 0.000411987
6 0.469238 0.683105 0.379883 0.106445 0.000414133
11 0.518555 0.330566 0.0761719 0.0400391 0.000414133
6 0.164551 0.598145 0.219727 0.182617 0.00041604
11 0.613281 0.337402 0.0664062 0.0478516 0.000419855
3 0.481445 0.733398 0.378906 0.113281 0.000436306
9 0.474121 0.46582 0.0947266 0.0839844 0.000439405
13 0.141113 0.555176 0.104492 0.0419922 0.000440836
13 0.159668 0.156738 0.28418 0.280273 0.00044179
8 0.469238 0.683105 0.379883 0.106445 0.000444412
11 0.317871 0.289551 0.0751953 0.0185547 0.000452042
9 0.164551 0.600098 0.223633 0.182617 0.000454664
13 0.788574 0.20166 0.389648 0.381836 0.000464201
7 0.469238 0.683105 0.379883 0.106445 0.000465631
6 0.788574 0.20166 0.389648 0.381836 0.00046587
5 0.788574 0.20166 0.389648 0.381836 0.00047183
9 0.696289 0.746094 0.09375 0.0683594 0.000473261
13 0.257324 0.458008 0.12207 0.0898438 0.000477552
1 0.469238 0.683105 0.379883 0.106445 0.000480413
13 0.104004 0.492676 0.0341797 0.0166016 0.000489235
11 0.290527 0.29541 0.102539 0.0244141 0.000489712
0 0.489746 0.45459 0.0595703 0.0595703 0.000504494
11 0.538086 0.313965 0.046875 0.0126953 0.000508308
11 0.0664062 0.981445 0.0957031 0.0351562 0.000514507
12 0.469238 0.680176 0.37793 0.114258 0.000535488
13 0.150391 0.625 0.15625 0.0585938 0.000547886
13 0.566895 0.560547 0.0458984 0.0332031 0.000548363
2 0.469238 0.683105 0.379883 0.106445 0.000564098
3 0.87793 0.682617 0.244141 0.380859 0.000567913
13 0.469238 0.683105 0.379883 0.106445 0.000570297
13 0.209473 0.597656 0.129883 0.0273438 0.000684738
11 0.469238 0.680176 0.37793 0.114258 0.000689983
11 0.316406 0.306641 0.113281 0.0273438 0.000706196
11 0.530273 0.30957 0.0683594 0.0214844 0.00070715
5 0.469238 0.683105 0.379883 0.106445 0.000709534
13 0.148926 0.566406 0.12793 0.160156 0.000710011
13 0.12207 0.53125 0.0820312 0.0527344 0.000710964
11 0.0761719 0.989746 0.0664062 0.0205078 0.000763893
9 0.430664 0.489746 0.185547 0.145508 0.000820637
10 0.470703 0.680176 0.380859 0.114258 0.000848293
0 0.470215 0.689453 0.381836 0.113281 0.000889778
5 0.692383 0.662598 0.109375 0.15918 0.000905037
10 0.0761719 0.989746 0.0664062 0.0205078 0.000935078
9 0.667969 0.629883 0.140625 0.210938 0.00094986
9 0.0996094 0.987305 0.0976562 0.0253906 0.000956535
10 0.135742 0.983398 0.164062 0.03125 0.00103474
9 0.46875 0.681641 0.378906 0.125 0.0010519
13 0.161621 0.594727 0.0771484 0.0410156 0.00106144
13 0.147461 0.57959 0.103516 0.0869141 0.00110054
3 0.473145 0.465332 0.0966797 0.0869141 0.0011425
13 0.181641 0.625 0.185547 0.0996094 0.00114346
13 0.187988 0.605469 0.15332 0.0488281 0.00114536
9 0.668457 0.757324 0.157227 0.0908203 0.00115585
8 0.515137 0.360352 0.0244141 0.0214844 0.0012989
6 0.671387 0.635254 0.141602 0.194336 0.00133514
7 0.129883 0.598145 0.162109 0.180664 0.0013361
10 0.0751953 0.970703 0.128906 0.0585938 0.00136471
13 0.109863 0.48877 0.0556641 0.0224609 0.00160408
11 0.266602 0.303223 0.0976562 0.0322266 0.00161839
11 0.336426 0.293945 0.0791016 0.0273438 0.00162315
10 0.0551758 0.983887 0.100586 0.0322266 0.001688
11 0.348145 0.304688 0.0673828 0.0351562 0.00176525
7 0.671387 0.635254 0.141602 0.194336 0.00210571
11 0.549805 0.314941 0.0878906 0.0166016 0.00227928
11 0.51709 0.326172 0.0654297 0.0195312 0.00238419
5 0.164551 0.598145 0.219727 0.182617 0.00250053
13 0.65332 0.523438 0.0449219 0.03125 0.00269699
3 0.472656 0.672363 0.392578 0.256836 0.00335693
13 0.14209 0.540527 0.102539 0.0341797 0.003685
11 0.0908203 0.984375 0.0585938 0.03125 0.00374413
10 0.0908203 0.984375 0.0585938 0.03125 0.00392532
9 0.625488 0.778809 0.229492 0.133789 0.00415802
13 0.121582 0.541992 0.0712891 0.0214844 0.00590897
11 0.529785 0.319824 0.0810547 0.0205078 0.00650406
13 0.101074 0.486328 0.0322266 0.015625 0.0075264
5 0.662598 0.621094 0.157227 0.226562 0.0103912
0 0.430664 0.489746 0.185547 0.145508 0.0136032
0 0.474121 0.46582 0.0947266 0.0839844 0.217529
3 0.469727 0.684082 0.382812 0.108398 0.674316
