0 0.399902 0.996094 0.0634766 0.0078125 0.000128269
9 0.850586 0.55127 0.0800781 0.110352 0.000128508
5 0.53125 0.493164 0.380859 0.113281 0.00012958
11 0.616699 0.124023 0.0576172 0.0175781 0.00013113
6 0.32959 0.128906 0.0966797 0.0742188 0.000131607
13 0.237305 0.178711 0.0429688 0.0234375 0.000131607
13 0.387207 0.249512 0.0361328 0.0439453 0.000132442
5 0.34375 0.138672 0.0410156 0.0546875 0.000132442
13 0.368652 0.21875 0.0517578 0.0507812 0.000132799
7 0.214355 0.186035 0.0986328 0.102539 0.000133038
1 0.242676 0.261719 0.145508 0.173828 0.000135064
7 0.431152 0.197266 0.0478516 0.146484 0.000135303
11 0.245605 0.166992 0.129883 0.150391 0.000136375
2 0.5625 0.245117 0.0527344 0.0488281 0.000136733
8 0.544434 0.275879 0.102539 0.100586 0.00013721
9 0.738281 0.466309 0.257812 0.182617 0.000139236
12 0.312988 0.112305 0.0947266 0.0449219 0.000141025
7 0.350586 0.125 0.0761719 0.0527344 0.000141263
13 0.331055 0.23584 0.0722656 0.0654297 0.000142455
10 0.527832 0.489746 0.37793 0.118164 0.000143051
7 0.316406 0.105957 0.0996094 0.0400391 0.000143051
13 0.290039 0.289551 0.1875 0.0888672 0.000143528
9 0.816895 0.0908203 0.299805 0.181641 0.000143647
8 0.250488 0.190918 0.102539 0.0986328 0.000144005
11 0.336914 0.120605 0.0351562 0.0361328 0.000144482
2 0.28418 0.137695 0.177734 0.0957031 0.000144482
5 0.270996 0.362793 0.120117 0.0322266 0.000145435
5 0.724609 0.532715 0.310547 0.0947266 0.000147104
0 0.492188 0.339355 0.265625 0.219727 0.000147223
8 0.243164 0.199707 0.0683594 0.0576172 0.000147462
6 0.243164 0.199707 0.0683594 0.0576172 0.000147939
13 0.621094 0.209473 0.0683594 0.135742 0.000149012
7 0.746582 0.502441 0.250977 0.0693359 0.000149608
13 0.543457 0.273926 0.102539 0.0986328 0.000151396
7 0.316895 0.442871 0.0869141 0.129883 0.000152946
12 0.349121 0.136719 0.0478516 0.0664062 0.000153542
11 0.620117 0.122559 0.144531 0.0478516 0.000156164
9 0.652832 0.521973 0.21582 0.0654297 0.000156522
12 0.724609 0.532715 0.310547 0.0947266 0.000157833
3 0.716309 0.347168 0.264648 0.344727 0.000157952
13 0.291504 0.22998 0.286133 0.27832 0.000158429
9 0.453613 0.189453 0.0576172 0.197266 0.000158429
9 0.353516 0.124512 0.0488281 0.0498047 0.000162601
11 0.588379 0.112793 0.0576172 0.0263672 0.000162959
7 0.377441 0.180176 0.12207 0.174805 0.000166655
10 0.308594 0.109375 0.0957031 0.0449219 0.000167727
5 0.54541 0.275879 0.100586 0.0986328 0.000168443
13 0.324707 0.436035 0.0732422 0.118164 0.000169873
12 0.29834 0.187988 0.206055 0.168945 0.000171304
11 0.714355 0.143066 0.0615234 0.0439453 0.000172138
11 0.362793 0.179688 0.0791016 0.152344 0.000174046
5 0.734863 0.309082 0.168945 0.229492 0.000174522
11 0.234375 0.227051 0.1875 0.188477 0.00017488
11 0.595215 0.172852 0.0498047 0.0234375 0.000177979
0 0.973633 0.189453 0.0527344 0.378906 0.000178933
3 0.724609 0.532715 0.310547 0.0947266 0.000183105
8 0.277832 0.171875 0.114258 0.0839844 0.000185132
3 0.537598 0.504883 0.40918 0.253906 0.000186443
11 0.306152 0.0966797 0.139648 0.0605469 0.000191092
12 0.255859 0.19043 0.046875 0.0332031 0.000192165
10 0.350098 0.137207 0.0498047 0.0654297 0.000193834
9 0.59668 0.522949 0.503906 0.100586 0.000196815
7 0.738281 0.466309 0.257812 0.182617 0.000200391
12 0.297363 0.159668 0.145508 0.0966797 0.000202656
9 0.273926 0.432129 0.15918 0.149414 0.000202656
1 0.237305 0.166504 0.0820312 0.0673828 0.000212073
1 0.343262 0.137207 0.0419922 0.0498047 0.000212908
6 0.211426 0.24707 0.114258 0.103516 0.000213265
1 0.29834 0.171875 0.135742 0.101562 0.000213981
4 0.268555 0.178223 0.078125 0.0634766 0.000213981
7 0.739258 0.272949 0.126953 0.139648 0.000214458
6 0.354004 0.172363 0.0712891 0.133789 0.000214696
13 0.384277 0.196289 0.106445 0.197266 0.000218153
4 0.26416 0.208496 0.0927734 0.0908203 0.000219226
13 0.359375 0.236816 0.0605469 0.0791016 0.000222445
10 0.731934 0.587402 0.333008 0.0732422 0.000222445
9 0.295898 0.129883 0.132812 0.0664062 0.000223041
10 0.54541 0.276855 0.100586 0.100586 0.000223041
9 0.321777 0.108887 0.102539 0.0341797 0.000223637
5 0.211914 0.391113 0.164062 0.223633 0.000224948
9 0.32666 0.128906 0.0849609 0.0507812 0.000227094
11 0.542969 0.275879 0.105469 0.100586 0.000227213
5 0.249512 0.189941 0.133789 0.139648 0.000232935
11 0.845703 0.538086 0.0820312 0.126953 0.000245571
6 0.236816 0.167969 0.0830078 0.0683594 0.000248909
2 0.54541 0.276855 0.100586 0.100586 0.000249624
10 0.253418 0.19043 0.0478516 0.0332031 0.000254869
9 0.268555 0.226074 0.238281 0.208008 0.000255108
11 0.624023 0.145508 0.0996094 0.0644531 0.000255823
1 0.312988 0.108398 0.0947266 0.0429688 0.000258684
8 0.290527 0.200195 0.223633 0.173828 0.000258684
5 0.277832 0.171875 0.114258 0.0839844 0.000260115
6 0.340332 0.13916 0.0419922 0.0537109 0.000263691
2 0.274902 0.171875 0.0966797 0.0898438 0.000267506
10 0.841309 0.523438 0.0830078 0.121094 0.000270605
4 0.297363 0.165039 0.145508 0.0957031 0.000271082
7 0.300293 0.139648 0.19043 0.105469 0.000272274
13 0.332031 0.126953 0.0429688 0.046875 0.000276327
11 0.269531 0.335938 0.238281 0.371094 0.000282049
9 0.727051 0.571289 0.348633 0.130859 0.000282288
11 0.242676 0.148438 0.0595703 0.0488281 0.000282526
13 0.286133 0.407227 0.164062 0.210938 0.000289679
13 0.973633 0.189453 0.0527344 0.378906 0.000289917
1 0.250488 0.190918 0.102539 0.0986328 0.000292063
9 0.331543 0.198242 0.157227 0.179688 0.000298023
2 0.351074 0.139648 0.0517578 0.0742188 0.000299454
10 0.26123 0.222168 0.206055 0.194336 0.000305414
5 0.279297 0.362305 0.132812 0.0820312 0.000313997
7 0.333496 0.13916 0.0517578 0.0556641 0.000314474
13 0.243164 0.199707 0.0683594 0.0576172 0.000314474
13 0.321777 0.108887 0.102539 0.0341797 0.000315666
9 0.430176 0.198242 0.0419922 0.0859375 0.000315666
8 0.617676 0.438477 0.0576172 0.0527344 0.000318766
9 0.353516 0.171875 0.0625 0.130859 0.000319004
9 0.441406 0.205078 0.126953 0.220703 0.000321388
7 0.291504 0.214844 0.137695 0.105469 0.000322104
8 0.269531 0.335938 0.238281 0.371094 0.000322104
1 0.269531 0.335938 0.238281 0.371094 0.000329494
13 0.556641 0.225098 0.0351562 0.0439453 0.000330687
4 0.241699 0.264648 0.147461 0.177734 0.00033164
9 0.207031 0.225586 0.0605469 0.0644531 0.000333071
3 0.230469 0.228027 0.121094 0.114258 0.000334024
0 0.266113 0.337891 0.25293 0.371094 0.0003407
9 0.333008 0.144531 0.128906 0.0957031 0.000340939
8 0.268066 0.200684 0.0673828 0.0654297 0.000343323
11 0.396484 0.115723 0.078125 0.0400391 0.000344276
10 0.724609 0.532715 0.310547 0.0947266 0.000347137
9 0.819336 0.544922 0.15625 0.138672 0.000348091
11 0.334961 0.102051 0.0585938 0.0224609 0.000349998
9 0.269531 0.17627 0.0761719 0.0634766 0.000355482
8 0.745605 0.465332 0.0498047 0.0419922 0.000355482
13 0.38916 0.263184 0.0498047 0.0732422 0.000359297
13 0.631836 0.248047 0.0605469 0.123047 0.000365734
8 0.160645 0.432617 0.0185547 0.015625 0.000367165
8 0.20752 0.331543 0.0126953 0.0107422 0.000368834
13 0.213379 0.229004 0.0947266 0.0908203 0.00038147
1 0.28418 0.137695 0.177734 0.0957031 0.000382185
13 0.23877 0.171387 0.129883 0.108398 0.000383854
9 0.272461 0.211426 0.0820312 0.0771484 0.00039053
2 0.269531 0.335938 0.238281 0.371094 0.000391006
6 0.269043 0.174805 0.0830078 0.0722656 0.000412703
9 0.236816 0.168945 0.0791016 0.0644531 0.000422239
8 0.245605 0.242188 0.15918 0.152344 0.000422478
11 0.251465 0.193359 0.0771484 0.0859375 0.0004251
2 0.253906 0.18457 0.0527344 0.046875 0.000425339
11 0.335938 0.134766 0.177734 0.107422 0.000427485
5 0.742676 0.389648 0.168945 0.234375 0.0004282
7 0.32959 0.128906 0.0966797 0.0742188 0.000428677
1 0.254883 0.18457 0.0527344 0.046875 0.000436068
5 0.269043 0.203125 0.0791016 0.0761719 0.000436306
9 0.563965 0.240234 0.0263672 0.0195312 0.000440121
13 0.424805 0.1875 0.0664062 0.166016 0.000440836
11 0.564453 0.240723 0.03125 0.0244141 0.000442982
13 0.334961 0.160156 0.101562 0.0957031 0.000458002
9 0.541992 0.27832 0.111328 0.113281 0.000462055
7 0.351562 0.112793 0.134766 0.0439453 0.000471592
2 0.300293 0.189941 0.200195 0.170898 0.000480413
4 0.269531 0.335938 0.238281 0.371094 0.000485659
5 0.243164 0.288574 0.173828 0.208008 0.000497818
12 0.266113 0.337891 0.25293 0.371094 0.000498772
12 0.230469 0.221191 0.113281 0.0927734 0.000507832
11 0.681641 0.152344 0.181641 0.0859375 0.000508785
1 0.272949 0.195312 0.196289 0.164062 0.000516415
9 0.532227 0.489746 0.380859 0.129883 0.000517845
7 0.202148 0.239746 0.0996094 0.0986328 0.000520229
10 0.269531 0.335938 0.238281 0.371094 0.000524998
7 0.726562 0.52832 0.304688 0.0820312 0.000537395
8 0.328125 0.244141 0.0195312 0.0175781 0.000537395
9 0.249512 0.194336 0.0361328 0.0273438 0.000552654
11 0.380859 0.146484 0.109375 0.101562 0.000561237
9 0.377441 0.180176 0.12207 0.174805 0.000567436
4 0.350098 0.137207 0.0498047 0.0654297 0.000575542
4 0.259277 0.195312 0.0654297 0.0527344 0.000588417
7 0.372559 0.137207 0.0947266 0.0791016 0.000592709
11 0.214355 0.186035 0.0986328 0.102539 0.000597
1 0.354004 0.13623 0.0556641 0.0751953 0.000602245
9 0.493164 0.303223 0.201172 0.161133 0.000623703
9 0.241699 0.262695 0.139648 0.173828 0.000625134
13 0.338867 0.237793 0.15625 0.223633 0.000639915
7 0.273926 0.432129 0.15918 0.149414 0.000640869
7 0.206543 0.224609 0.0615234 0.0664062 0.000649929
11 0.258301 0.188965 0.0595703 0.0458984 0.000669956
4 0.273438 0.204102 0.171875 0.130859 0.000682354
6 0.262695 0.205566 0.125 0.112305 0.000692844
3 0.542969 0.275879 0.105469 0.100586 0.000700951
8 0.345215 0.136719 0.0439453 0.0507812 0.000715733
11 0.363281 0.104492 0.103516 0.0234375 0.000723362
6 0.273926 0.432129 0.15918 0.149414 0.00072813
11 0.321289 0.108887 0.0625 0.0302734 0.00073719
11 0.306152 0.114258 0.0732422 0.0253906 0.000740528
11 0.575684 0.132812 0.0615234 0.0332031 0.000753403
7 0.274902 0.17041 0.100586 0.0751953 0.000757694
2 0.22998 0.228027 0.125977 0.133789 0.000761032
3 0.266113 0.337891 0.25293 0.371094 0.000766277
5 0.258789 0.190918 0.0566406 0.0439453 0.000781059
0 0.560059 0.250488 0.0556641 0.0439453 0.000793934
8 0.383301 0.167969 0.0185547 0.015625 0.000810623
9 0.334961 0.147461 0.0742188 0.0664062 0.000814438
8 0.260742 0.175781 0.0644531 0.0625 0.000814915
11 0.64502 0.124023 0.0751953 0.0195312 0.000836849
11 0.754395 0.186523 0.0595703 0.0605469 0.000870705
13 0.425293 0.191406 0.0419922 0.115234 0.000884056
11 0.212402 0.17041 0.0576172 0.0498047 0.000929832
13 0.300293 0.139648 0.19043 0.105469 0.0009408
6 0.739746 0.351074 0.186523 0.305664 0.000943661
6 0.250488 0.194824 0.0400391 0.0283203 0.000963688
8 0.609863 0.450195 0.0400391 0.0292969 0.000988007
9 0.739746 0.351074 0.186523 0.305664 0.00100327
7 0.352051 0.155762 0.0673828 0.112305 0.00102711
5 0.287598 0.245605 0.233398 0.206055 0.00106907
7 0.246582 0.200195 0.0751953 0.0585938 0.00107098
10 0.230469 0.228027 0.121094 0.114258 0.00109196
13 0.250488 0.194824 0.0400391 0.0283203 0.00114918
13 0.55127 0.211426 0.0283203 0.0556641 0.0011673
13 0.26709 0.255859 0.188477 0.173828 0.00119591
13 0.279297 0.362305 0.132812 0.0820312 0.00119972
11 0.287598 0.118652 0.0908203 0.0458984 0.00120163
9 0.433105 0.190918 0.0576172 0.176758 0.00120831
11 0.69043 0.135254 0.078125 0.0361328 0.00120926
9 0.364258 0.138672 0.0742188 0.0644531 0.00122356
7 0.271973 0.211426 0.0849609 0.0771484 0.00123215
13 0.239746 0.184082 0.0556641 0.0439453 0.00128651
2 0.56543 0.241211 0.03125 0.0253906 0.00129128
13 0.364258 0.237793 0.0820312 0.143555 0.00129509
11 0.230469 0.228027 0.121094 0.114258 0.00130653
3 0.59668 0.522949 0.503906 0.100586 0.00134277
7 0.236816 0.167969 0.0830078 0.0683594 0.00134373
11 0.29834 0.187988 0.206055 0.168945 0.00134373
8 0.174805 0.347656 0.0332031 0.0253906 0.00134945
11 0.73291 0.164062 0.0908203 0.0820312 0.00141525
9 0.251465 0.193359 0.0771484 0.0859375 0.0014677
11 0.336426 0.129395 0.0517578 0.0517578 0.00154591
9 0.270508 0.194336 0.158203 0.130859 0.00162125
11 0.635254 0.118164 0.108398 0.0234375 0.00165558
6 0.351562 0.144531 0.0507812 0.0761719 0.00171566
11 0.608887 0.125977 0.108398 0.0253906 0.0017395
11 0.245605 0.164062 0.0986328 0.0839844 0.00183868
9 0.788086 0.520996 0.175781 0.0693359 0.00186062
13 0.333984 0.131836 0.0859375 0.078125 0.00187302
9 0.720703 0.509766 0.242188 0.0488281 0.00224304
11 0.708984 0.148926 0.09375 0.0693359 0.00227356
4 0.255859 0.19043 0.046875 0.0332031 0.00231552
13 0.236816 0.168945 0.0791016 0.0644531 0.00240707
7 0.269531 0.335938 0.238281 0.371094 0.00244141
13 0.291504 0.214844 0.137695 0.105469 0.00244904
9 0.266113 0.337891 0.25293 0.371094 0.00253487
13 0.287598 0.362305 0.106445 0.0253906 0.00256157
7 0.739746 0.351074 0.186523 0.305664 0.00259018
13 0.269043 0.174805 0.0830078 0.0722656 0.00276756
5 0.303223 0.193848 0.176758 0.161133 0.0028801
6 0.297363 0.164551 0.145508 0.0966797 0.00288773
11 0.364258 0.111816 0.123047 0.0439453 0.00292778
6 0.268066 0.203125 0.0771484 0.0761719 0.0034523
5 0.273926 0.432129 0.15918 0.149414 0.00348473
7 0.242188 0.264648 0.148438 0.177734 0.00350761
11 0.675781 0.135742 0.130859 0.0507812 0.00367355
11 0.297852 0.165039 0.134766 0.101562 0.0037632
13 0.264648 0.334473 0.226562 0.366211 0.0037632
1 0.22998 0.223633 0.116211 0.0976562 0.00419998
9 0.297363 0.160156 0.145508 0.0976562 0.00460815
11 0.32959 0.125977 0.0908203 0.0742188 0.00486374
13 0.36084 0.18457 0.0791016 0.144531 0.004879
7 0.250488 0.190918 0.102539 0.0986328 0.00488281
11 0.331055 0.102539 0.103516 0.0292969 0.0052948
7 0.290527 0.200195 0.223633 0.173828 0.00538635
6 0.242188 0.262695 0.142578 0.173828 0.0055809
5 0.23584 0.242188 0.125977 0.146484 0.00577545
9 0.344727 0.137695 0.0449219 0.0546875 0.00589371
0 0.51709 0.302246 0.15918 0.155273 0.00611115
7 0.263184 0.1875 0.0673828 0.0605469 0.00647354
8 0.229004 0.219238 0.114258 0.0927734 0.00657272
13 0.355469 0.145996 0.0585938 0.0869141 0.00658417
6 0.267578 0.335449 0.232422 0.37207 0.00708771
7 0.302734 0.175781 0.144531 0.119141 0.0073967
11 0.281738 0.134277 0.157227 0.0869141 0.00764465
11 0.354004 0.13623 0.0556641 0.0751953 0.00795746
6 0.291992 0.199707 0.21875 0.174805 0.00837708
13 0.29834 0.171875 0.135742 0.101562 0.00940704
6 0.258301 0.188965 0.0595703 0.0458984 0.00942993
9 0.253906 0.186035 0.0507812 0.0439453 0.0100708
5 0.71875 0.34668 0.253906 0.349609 0.0111771
9 0.228516 0.220215 0.117188 0.102539 0.0119095
13 0.268066 0.203125 0.0771484 0.0761719 0.0121536
7 0.349609 0.137207 0.046875 0.0634766 0.0134048
8 0.255859 0.19043 0.046875 0.0332031 0.0145645
13 0.343262 0.137207 0.0419922 0.0498047 0.0151291
13 0.300293 0.189941 0.200195 0.170898 0.0204926
11 0.228027 0.158691 0.0673828 0.0517578 0.0215454
7 0.253418 0.191406 0.0478516 0.0351562 0.0259094
4 0.229492 0.223145 0.117188 0.0986328 0.0265656
11 0.650879 0.125977 0.125977 0.0292969 0.0294647
13 0.23584 0.222656 0.129883 0.138672 0.0307007
9 0.724609 0.532715 0.310547 0.0947266 0.0320129
13 0.258301 0.188965 0.0595703 0.0458984 0.034729
6 0.23291 0.223145 0.114258 0.0986328 0.0744019
3 0.52832 0.48877 0.375 0.114258 0.0778198
11 0.308594 0.109375 0.0957031 0.0449219 0.0845337
5 0.265625 0.338867 0.246094 0.373047 0.0874023
7 0.229492 0.223145 0.117188 0.0986328 0.158447
0 0.54541 0.276367 0.100586 0.0996094 0.212891
