3 0.338379 0.588379 0.323242 0.145508 0.000100434
11 0.945312 0.637695 0.0742188 0.0703125 0.000100613
10 0.245605 0.607422 0.145508 0.0605469 0.000100613
12 0.838379 0.36084 0.323242 0.72168 0.000102401
13 0.368164 0.251465 0.0703125 0.0634766 0.000103593
11 0.330566 0.224609 0.0322266 0.0332031 0.000103652
11 0.436523 0.171875 0.0917969 0.0390625 0.000104189
13 0.25 0.429688 0.0820312 0.0429688 0.000106573
9 0.111328 0.649902 0.222656 0.594727 0.000106692
7 0.750488 0.243164 0.0439453 0.0566406 0.000107229
13 0.359375 0.442383 0.0742188 0.0429688 0.000107348
12 0.868164 0.625488 0.226562 0.0888672 0.000107586
6 0.750488 0.243164 0.0439453 0.0566406 0.000108063
13 0.38916 0.430664 0.0458984 0.0175781 0.000108719
11 0.668945 0.135254 0.0371094 0.0166016 0.000108719
13 0.393066 0.471191 0.0537109 0.0341797 0.000109911
13 0.839355 0.316406 0.0224609 0.0117188 0.000110626
3 0.623535 0.449707 0.331055 0.327148 0.000111282
3 0.854004 0.602051 0.194336 0.0517578 0.000112057
0 0.608398 0.32373 0.0917969 0.125977 0.000112653
10 0.330566 0.645996 0.366211 0.235352 0.000114858
1 0.333496 0.580078 0.323242 0.132812 0.00011611
9 0.561035 0.578125 0.243164 0.21875 0.000116527
13 0.733887 0.255371 0.0478516 0.0556641 0.000117123
2 0.749023 0.257324 0.0566406 0.0869141 0.000117421
13 0.459473 0.444336 0.0634766 0.0410156 0.000117719
6 0.339355 0.577148 0.299805 0.117188 0.000117898
6 0.602539 0.295898 0.103516 0.109375 0.000118256
13 0.342773 0.412109 0.109375 0.0488281 0.000118554
13 0.732422 0.268066 0.132812 0.168945 0.000118792
11 0.439453 0.151367 0.0722656 0.0195312 0.000119209
6 0.655273 0.541504 0.400391 0.15332 0.000119746
9 0.350586 0.783691 0.357422 0.411133 0.000119865
13 0.771484 0.292969 0.138672 0.150391 0.000121474
6 0.410645 0.492676 0.149414 0.0751953 0.000122309
2 0.697266 0.361328 0.0175781 0.0136719 0.000125408
0 0.129883 0.331055 0.259766 0.490234 0.000125766
12 0.346191 0.455566 0.114258 0.0634766 0.000127077
9 0.690918 0.455078 0.0126953 0.0117188 0.000127554
8 0.267578 0.405273 0.0683594 0.0585938 0.000129104
7 0.856934 0.599609 0.15332 0.0585938 0.000129223
6 0.305664 0.443359 0.146484 0.0625 0.000129819
5 0.868164 0.625488 0.226562 0.0888672 0.000131011
13 0.255371 0.526855 0.0927734 0.0458984 0.000131488
11 0.965332 0.651855 0.0517578 0.0751953 0.00013268
9 0.792969 0.595703 0.134766 0.0742188 0.000133276
13 0.458008 0.460449 0.0742188 0.0888672 0.000135899
11 0.388184 0.156738 0.0634766 0.0283203 0.000136375
9 0.362305 0.453125 0.183594 0.150391 0.000137806
13 0.307617 0.441895 0.0644531 0.0341797 0.000138521
13 0.37793 0.526855 0.169922 0.0537109 0.000140429
4 0.655273 0.541504 0.400391 0.15332 0.00014317
13 0.433594 0.463379 0.0488281 0.0322266 0.000144124
9 0.356445 0.234863 0.0605469 0.0498047 0.000145316
13 0.337402 0.223633 0.0595703 0.0683594 0.000145316
9 0.270508 0.423828 0.0664062 0.03125 0.000145555
8 0.72168 0.494141 0.0253906 0.0214844 0.000146031
13 0.398926 0.304688 0.12793 0.150391 0.000147939
7 0.302246 0.55127 0.239258 0.0888672 0.000149131
10 0.918457 0.987793 0.110352 0.0224609 0.000151038
13 0.403809 0.48291 0.0732422 0.0498047 0.000151396
8 0.335938 0.217285 0.0175781 0.0146484 0.000152111
13 0.194824 0.182129 0.389648 0.364258 0.000152707
0 0.604492 0.287109 0.0507812 0.0683594 0.000152826
10 0.96582 0.650879 0.0507812 0.0732422 0.000153184
11 0.224609 0.569336 0.111328 0.117188 0.000153303
13 0.335938 0.578125 0.300781 0.134766 0.000153899
7 0.654297 0.543457 0.392578 0.12793 0.000154018
7 0.26709 0.410156 0.0654297 0.046875 0.000156283
9 0.396484 0.597168 0.0722656 0.0634766 0.00015676
9 0.334961 0.52832 0.207031 0.0625 0.000157595
4 0.602539 0.295898 0.103516 0.109375 0.000159025
11 0.669922 0.158203 0.0957031 0.0273438 0.000160336
0 0.554688 0.366699 0.148438 0.260742 0.000160336
3 0.880859 0.389648 0.238281 0.527344 0.00016284
13 0.161133 0.122559 0.322266 0.245117 0.000164628
13 0.321777 0.451172 0.225586 0.158203 0.000165105
8 0.333008 0.57959 0.310547 0.131836 0.000165582
10 0.34082 0.453613 0.111328 0.0576172 0.000166416
4 0.346191 0.455078 0.116211 0.0664062 0.000167489
1 0.654785 0.542969 0.397461 0.128906 0.0001688
8 0.341309 0.453125 0.112305 0.0566406 0.0001719
7 0.945312 0.637695 0.0742188 0.0703125 0.000172734
7 0.602539 0.295898 0.103516 0.109375 0.000176072
4 0.333008 0.57959 0.320312 0.131836 0.000176311
8 0.654785 0.542969 0.397461 0.128906 0.000176907
9 0.437988 0.557617 0.15332 0.0996094 0.000178576
3 0.672852 0.597168 0.369141 0.106445 0.000178695
13 0.438965 0.384766 0.0419922 0.0566406 0.000182271
11 0.654785 0.542969 0.397461 0.128906 0.000184655
11 0.40918 0.166504 0.0996094 0.0224609 0.000190616
13 0.882812 0.403809 0.0371094 0.0205078 0.000192046
13 0.334473 0.471191 0.0732422 0.0615234 0.000192285
13 0.654785 0.542969 0.397461 0.128906 0.000195861
1 0.37207 0.484863 0.203125 0.170898 0.000200152
10 0.224609 0.569336 0.111328 0.117188 0.000201702
6 0.378418 0.48291 0.227539 0.21582 0.000202537
9 0.750488 0.243164 0.0439453 0.0566406 0.000204682
9 0.273926 0.594727 0.239258 0.0839844 0.000205517
8 0.439941 0.460449 0.0302734 0.0244141 0.000206828
10 0.868164 0.625488 0.226562 0.0888672 0.000209332
13 0.39209 0.398438 0.178711 0.228516 0.000210285
13 0.602539 0.295898 0.103516 0.109375 0.000212431
12 0.654785 0.542969 0.397461 0.128906 0.000213385
13 0.686035 0.239258 0.0341797 0.0722656 0.000216484
11 0.362305 0.493164 0.273438 0.134766 0.000217557
5 0.378418 0.48291 0.227539 0.21582 0.00022006
11 0.314941 0.206543 0.0556641 0.0517578 0.000223756
2 0.654785 0.542969 0.397461 0.128906 0.000224352
9 0.88623 0.401855 0.0283203 0.0126953 0.00023067
13 0.229004 0.436523 0.0478516 0.0332031 0.000230908
13 0.686523 0.260742 0.121094 0.150391 0.000234246
7 0.32373 0.449707 0.0732422 0.0439453 0.000234604
9 0.257324 0.539062 0.120117 0.0625 0.00024581
11 0.700195 0.138184 0.0800781 0.0244141 0.00024581
9 0.207031 0.589844 0.0839844 0.117188 0.000247955
7 0.841797 0.571777 0.205078 0.147461 0.000248909
13 0.371094 0.481445 0.289062 0.275391 0.000252962
13 0.413086 0.430664 0.111328 0.03125 0.000252962
3 0.203613 0.175781 0.407227 0.216797 0.000255108
2 0.373047 0.481445 0.201172 0.160156 0.000256062
9 0.906738 0.614746 0.129883 0.0693359 0.000257015
8 0.762695 0.543457 0.0644531 0.0556641 0.000257015
13 0.378418 0.472168 0.0732422 0.0537109 0.000261784
7 0.335938 0.223145 0.0253906 0.0244141 0.000265121
13 0.401367 0.416016 0.0488281 0.0234375 0.000265837
0 0.621094 0.330566 0.138672 0.186523 0.000268936
9 0.549805 0.514648 0.146484 0.255859 0.000269413
9 0.843262 0.711914 0.0478516 0.0390625 0.000271082
9 0.792969 0.592285 0.179688 0.137695 0.00027132
1 0.602539 0.295898 0.103516 0.109375 0.000273705
12 0.602539 0.295898 0.103516 0.109375 0.000274658
2 0.690918 0.455078 0.0126953 0.0117188 0.000275612
12 0.339355 0.577148 0.299805 0.117188 0.000280142
13 0.871582 0.602051 0.172852 0.0634766 0.00028038
9 0.483887 0.554199 0.0830078 0.102539 0.00028801
13 0.252441 0.452637 0.0810547 0.0439453 0.000288486
13 0.415527 0.359375 0.118164 0.109375 0.000291824
6 0.343262 0.228027 0.0400391 0.0361328 0.000292063
13 0.765137 0.275879 0.0751953 0.106445 0.00029254
5 0.335938 0.578125 0.300781 0.134766 0.000292778
3 0.827148 0.362793 0.345703 0.725586 0.000296116
10 0.268555 0.610352 0.21875 0.130859 0.0002985
13 0.338867 0.449219 0.0488281 0.03125 0.000299692
8 0.602539 0.295898 0.103516 0.109375 0.000300646
9 0.399414 0.481445 0.183594 0.0898438 0.000304461
5 0.602539 0.295898 0.103516 0.109375 0.000306368
10 0.184082 0.589844 0.0966797 0.115234 0.000309706
5 0.359375 0.365723 0.287109 0.342773 0.000309944
5 0.654297 0.543457 0.392578 0.12793 0.000313282
13 0.746582 0.228027 0.0341797 0.0400391 0.000317574
13 0.433594 0.378418 0.0820312 0.0654297 0.00031805
13 0.67041 0.23584 0.0498047 0.0751953 0.00031805
11 0.335938 0.578125 0.300781 0.134766 0.000319004
0 0.655273 0.541504 0.400391 0.15332 0.000320673
11 0.727051 0.14502 0.0634766 0.0322266 0.000329971
13 0.888184 0.40332 0.0263672 0.0136719 0.000337362
13 0.390137 0.305664 0.0888672 0.0488281 0.0003438
11 0.713379 0.140137 0.0380859 0.0166016 0.000351191
10 0.654297 0.543457 0.392578 0.12793 0.000357628
11 0.405273 0.161621 0.0703125 0.0185547 0.000369072
11 0.363281 0.17627 0.0820312 0.0615234 0.000370026
8 0.343262 0.227539 0.0400391 0.0351562 0.000370502
11 0.202148 0.572754 0.0605469 0.0869141 0.000371695
7 0.884277 0.618164 0.18457 0.0839844 0.000371933
10 0.202148 0.572754 0.0605469 0.0869141 0.000373125
13 0.4375 0.444336 0.0898438 0.0976562 0.000374317
13 0.419434 0.507324 0.100586 0.0380859 0.000376463
11 0.455078 0.157715 0.0761719 0.0283203 0.000388622
9 0.26709 0.409668 0.0654297 0.0458984 0.000415087
11 0.601074 0.285645 0.104492 0.0888672 0.000417709
13 0.389648 0.430176 0.0878906 0.0205078 0.000418425
9 0.854004 0.597656 0.0966797 0.0410156 0.000422955
9 0.396484 0.591309 0.154297 0.104492 0.000430346
9 0.239746 0.56543 0.145508 0.103516 0.000436306
9 0.335938 0.223145 0.0253906 0.0244141 0.000437021
2 0.603027 0.285156 0.100586 0.0878906 0.00043869
12 0.371582 0.47168 0.180664 0.09375 0.000454903
9 0.842773 0.634277 0.275391 0.165039 0.000484228
13 0.716309 0.22168 0.0888672 0.0820312 0.000485659
13 0.455078 0.485352 0.0742188 0.046875 0.000489712
13 0.381348 0.253418 0.114258 0.0888672 0.000494957
9 0.313477 0.625488 0.298828 0.110352 0.000512123
8 0.335938 0.223145 0.0234375 0.0244141 0.00051403
11 0.409668 0.151367 0.0947266 0.0214844 0.000529766
8 0.439941 0.300781 0.0107422 0.00976562 0.000533104
13 0.443848 0.435059 0.0595703 0.0419922 0.000549316
13 0.341309 0.521484 0.290039 0.134766 0.000555038
0 0.37207 0.470215 0.177734 0.0947266 0.000593185
13 0.270508 0.423828 0.0664062 0.03125 0.000607014
13 0.711914 0.274902 0.0957031 0.100586 0.000615597
8 0.697266 0.361328 0.0175781 0.0136719 0.000623226
1 0.341309 0.453125 0.112305 0.0566406 0.000623703
9 0.602539 0.295898 0.103516 0.109375 0.000627041
9 0.973145 0.838379 0.0478516 0.0908203 0.000630379
9 0.345703 0.661621 0.339844 0.239258 0.000632763
0 0.614746 0.268066 0.0732422 0.0537109 0.000636578
13 0.75 0.23584 0.0761719 0.0810547 0.000648975
11 0.197266 0.598633 0.0976562 0.111328 0.000669479
2 0.339355 0.453613 0.102539 0.0576172 0.0006814
10 0.333008 0.57959 0.320312 0.131836 0.00068903
10 0.602539 0.295898 0.103516 0.109375 0.000696659
13 0.395996 0.509277 0.15918 0.0595703 0.000703335
9 0.94043 0.634766 0.0722656 0.0644531 0.000704765
11 0.667969 0.144531 0.101562 0.0351562 0.000760555
13 0.308594 0.464844 0.175781 0.0878906 0.000776291
9 0.393066 0.618164 0.233398 0.158203 0.000785828
11 0.678223 0.134766 0.0771484 0.0175781 0.000787258
9 0.337891 0.449219 0.101562 0.0507812 0.000800133
11 0.422363 0.157715 0.0751953 0.0185547 0.000814438
7 0.364746 0.539062 0.256836 0.130859 0.000818253
9 0.978516 0.807617 0.015625 0.0117188 0.000837326
13 0.356934 0.460938 0.0615234 0.0507812 0.000854969
13 0.276367 0.436035 0.111328 0.0419922 0.000888824
5 0.79834 0.431152 0.229492 0.401367 0.000897884
8 0.751953 0.538086 0.0351562 0.0351562 0.000918388
11 0.381348 0.166504 0.0849609 0.0380859 0.000934124
11 0.447754 0.16748 0.0810547 0.0205078 0.000936031
11 0.649414 0.137695 0.0605469 0.0234375 0.000941753
13 0.395996 0.426758 0.151367 0.0527344 0.000967503
10 0.367188 0.469238 0.166016 0.0947266 0.000968456
13 0.353516 0.414062 0.0546875 0.03125 0.000977516
13 0.756348 0.229492 0.0439453 0.0644531 0.000987053
6 0.341309 0.453125 0.112305 0.0566406 0.00100899
13 0.680176 0.268066 0.0537109 0.118164 0.00100899
8 0.371582 0.47168 0.180664 0.09375 0.00101566
13 0.244629 0.523438 0.0693359 0.0273438 0.00101662
9 0.55957 0.350098 0.150391 0.237305 0.00103378
8 0.69043 0.45459 0.0136719 0.0107422 0.00103664
10 0.212891 0.606445 0.101562 0.115234 0.00105667
9 0.842285 0.566406 0.198242 0.175781 0.00106144
11 0.34082 0.453613 0.111328 0.0576172 0.00110149
13 0.335938 0.223145 0.0253906 0.0244141 0.00112247
13 0.37207 0.424805 0.0585938 0.0273438 0.00112629
7 0.342773 0.227539 0.0390625 0.0351562 0.00114059
3 0.376953 0.47168 0.183594 0.09375 0.00116634
3 0.601562 0.295898 0.105469 0.109375 0.00120831
9 0.658691 0.549805 0.397461 0.128906 0.00121117
13 0.356445 0.234375 0.0664062 0.0488281 0.00123501
4 0.371582 0.47168 0.180664 0.09375 0.00124359
9 0.362305 0.493164 0.273438 0.134766 0.00138569
11 0.630859 0.145508 0.0566406 0.0390625 0.00143528
9 0.382812 0.537598 0.234375 0.133789 0.001441
13 0.37793 0.437012 0.171875 0.110352 0.00147438
13 0.350098 0.431641 0.133789 0.0703125 0.00149632
0 0.578125 0.303223 0.15625 0.131836 0.00151348
9 0.925293 0.636719 0.12207 0.0898438 0.00157547
9 0.342773 0.227539 0.0390625 0.0351562 0.00157833
3 0.659668 0.561035 0.416992 0.243164 0.00175858
13 0.689941 0.229492 0.0654297 0.0859375 0.00189495
7 0.346191 0.455078 0.116211 0.0664062 0.00194263
13 0.429688 0.493652 0.105469 0.0400391 0.00195694
8 0.843262 0.711914 0.0478516 0.0390625 0.00205803
13 0.372559 0.424316 0.0986328 0.0361328 0.00223732
9 0.302246 0.55127 0.239258 0.0888672 0.00231743
13 0.306152 0.442383 0.141602 0.0625 0.00242615
11 0.431641 0.163086 0.0742188 0.0175781 0.00243759
13 0.244629 0.440918 0.0673828 0.0322266 0.00283432
1 0.363281 0.471191 0.152344 0.0927734 0.00310898
13 0.741211 0.267578 0.0664062 0.0917969 0.0036602
7 0.333008 0.57959 0.320312 0.131836 0.00386429
9 0.355957 0.463867 0.135742 0.0839844 0.00413895
5 0.371582 0.47168 0.180664 0.09375 0.00418472
11 0.37207 0.470215 0.177734 0.0947266 0.00457001
10 0.191406 0.59375 0.0546875 0.0898438 0.00566864
13 0.339844 0.229492 0.0371094 0.0390625 0.00576782
9 0.848633 0.598145 0.181641 0.0810547 0.00587463
11 0.191406 0.59375 0.0546875 0.0898438 0.00658417
2 0.359863 0.466797 0.145508 0.0898438 0.00658417
7 0.371582 0.47168 0.180664 0.09375 0.00733948
11 0.421875 0.159668 0.115234 0.0263672 0.00823975
13 0.409668 0.484863 0.145508 0.0751953 0.00843048
13 0.373047 0.481445 0.201172 0.160156 0.0098114
13 0.323242 0.450195 0.0625 0.0429688 0.0146179
9 0.868164 0.625488 0.226562 0.0888672 0.0165405
13 0.75 0.246582 0.046875 0.0595703 0.0192871
6 0.371582 0.47168 0.180664 0.09375 0.0225067
9 0.335938 0.583008 0.3125 0.144531 0.0437927
13 0.340332 0.453125 0.110352 0.0566406 0.0932617
3 0.655273 0.546387 0.392578 0.112305 0.270264
0 0.603027 0.285156 0.100586 0.0878906 0.47876
13 0.363281 0.471191 0.152344 0.0927734 0.533203
