5 0.764648 0.383789 0.136719 0.214844 0.000100613
9 0.734863 0.266602 0.0888672 0.0703125 0.000100791
12 0.945312 0.90332 0.105469 0.193359 0.000101507
13 0.330078 0.206055 0.130859 0.125 0.00010252
13 0.97998 0.318848 0.0361328 0.0380859 0.00010258
8 0.591309 0.394043 0.0595703 0.0478516 0.000102758
2 0.0712891 0.117188 0.142578 0.234375 0.000104845
10 0.114746 0.725586 0.0556641 0.115234 0.000104904
2 0.794434 0.690918 0.0634766 0.0595703 0.00010556
6 0.73584 0.274414 0.100586 0.0878906 0.000106037
9 0.0458984 0.402344 0.015625 0.0234375 0.000106812
0 0.888184 0.990234 0.0537109 0.0195312 0.000107825
11 0.842773 0.75293 0.0605469 0.0644531 0.000108361
11 0.217773 0.108398 0.0488281 0.0390625 0.000109792
13 0.649414 0.359375 0.0449219 0.0332031 0.000110626
6 0.700684 0.404297 0.266602 0.570312 0.000112295
4 0.97998 0.318848 0.0361328 0.0380859 0.000112593
9 0.723145 0.769531 0.241211 0.242188 0.00011301
1 0.797852 0.702148 0.101562 0.0898438 0.000113666
2 0.116211 0.727539 0.0332031 0.0390625 0.000115633
9 0.299316 0.081543 0.188477 0.0810547 0.000115931
0 0.866211 0.992676 0.101562 0.0146484 0.00011611
13 0.735352 0.39502 0.158203 0.37793 0.000116408
13 0.73584 0.274414 0.100586 0.0878906 0.000116408
11 0.616211 0.0805664 0.0585938 0.0224609 0.000117421
8 0.375977 0.217773 0.0292969 0.0214844 0.000117719
7 0.226074 0.379395 0.174805 0.338867 0.000119746
11 0.652344 0.0668945 0.0742188 0.0166016 0.000119865
5 0.283203 0.513672 0.164062 0.183594 0.000120223
9 0.260742 0.668457 0.294922 0.110352 0.000121593
6 0.271973 0.369141 0.27832 0.550781 0.000122309
1 0.115723 0.727539 0.0361328 0.0429688 0.00012517
7 0.730957 0.369629 0.15918 0.327148 0.000126123
13 0.59082 0.353516 0.103516 0.148438 0.000126362
11 0.76709 0.682129 0.141602 0.0927734 0.000126481
13 0.615723 0.0566406 0.0693359 0.0175781 0.000126481
8 0.325684 0.20752 0.0107422 0.00878906 0.000127077
6 0.945312 0.90332 0.105469 0.193359 0.000127196
13 0.162109 0.335938 0.0527344 0.03125 0.000129223
11 0.315918 0.0517578 0.125977 0.0273438 0.000129342
11 0.589844 0.0600586 0.0585938 0.0185547 0.000132561
9 0.160156 0.946289 0.0117188 0.00976562 0.000133395
3 0.913574 0.4375 0.172852 0.498047 0.000140071
6 0.226074 0.379395 0.174805 0.338867 0.000140429
10 0.795898 0.702148 0.0996094 0.0898438 0.000141621
7 0.760254 0.669434 0.139648 0.0927734 0.000143528
3 0.851562 0.970215 0.119141 0.0576172 0.000144124
8 0.779297 0.305664 0.0078125 0.00585938 0.000146151
11 0.285645 0.0708008 0.0595703 0.0263672 0.000146389
7 0.730469 0.236816 0.0976562 0.12793 0.000146508
3 0.827148 0.302246 0.345703 0.604492 0.000149488
13 0.301758 0.163086 0.162109 0.111328 0.000153065
13 0.226074 0.379395 0.174805 0.338867 0.000153899
13 0.635742 0.365723 0.0878906 0.0478516 0.000155926
7 0.539551 0.28418 0.0517578 0.0429688 0.000155926
13 0.170898 0.349121 0.0644531 0.0576172 0.000156283
8 0.337402 0.548828 0.0576172 0.0429688 0.000156522
13 0.227051 0.217773 0.0908203 0.09375 0.000156641
13 0.147461 0.33252 0.0234375 0.0185547 0.000157952
4 0.945312 0.90332 0.105469 0.193359 0.000158668
11 0.641602 0.059082 0.0761719 0.0166016 0.000161648
7 0.20459 0.383789 0.12207 0.126953 0.000162125
6 0.219727 0.387695 0.146484 0.136719 0.000163674
8 0.215332 0.194336 0.0576172 0.0410156 0.000164032
13 0.790527 0.691406 0.0869141 0.0625 0.00016427
13 0.20459 0.383789 0.12207 0.126953 0.000167847
9 0.115234 0.726562 0.0351562 0.0449219 0.000169873
13 0.753418 0.587891 0.0966797 0.123047 0.000169873
7 0.248047 0.475586 0.207031 0.271484 0.000173807
13 0.368164 0.259277 0.0878906 0.0986328 0.00017488
8 0.736328 0.183105 0.0195312 0.0166016 0.00017488
3 0.524902 0.56543 0.329102 0.164062 0.000178576
13 0.720215 0.256836 0.0732422 0.0488281 0.000181913
11 0.611816 0.0654297 0.118164 0.0488281 0.000185251
11 0.595703 0.0522461 0.0996094 0.0205078 0.000186205
3 0.15332 0.208008 0.306641 0.416016 0.000186682
5 0.680176 0.492188 0.211914 0.308594 0.00018692
13 0.248047 0.475586 0.207031 0.271484 0.000190496
13 0.659668 0.462891 0.106445 0.03125 0.000194311
0 0.97998 0.318848 0.0361328 0.0380859 0.000196099
11 0.29248 0.0961914 0.202148 0.116211 0.000196815
8 0.174316 0.373535 0.0107422 0.00878906 0.00020957
11 0.37793 0.0859375 0.0917969 0.0527344 0.000211477
0 0.116211 0.725586 0.0351562 0.0410156 0.000213385
13 0.0712891 0.117188 0.142578 0.234375 0.000213623
8 0.379883 0.225098 0.0527344 0.0361328 0.000213981
6 0.735352 0.39502 0.158203 0.37793 0.000216961
11 0.222168 0.0976562 0.0751953 0.0625 0.000218391
11 0.350586 0.0585938 0.0703125 0.015625 0.000224829
13 0.768555 0.580566 0.0488281 0.0458984 0.000228524
7 0.739746 0.272461 0.0927734 0.0839844 0.000229478
3 0.115723 0.726074 0.0341797 0.0419922 0.000229478
6 0.215332 0.193848 0.0576172 0.0439453 0.000233173
8 0.346191 0.156738 0.0458984 0.0595703 0.000236392
12 0.288574 0.39209 0.311523 0.588867 0.00023663
8 0.577637 0.268066 0.0302734 0.0244141 0.000240803
11 0.66748 0.0742188 0.0576172 0.015625 0.000241637
11 0.254395 0.0766602 0.0615234 0.0380859 0.000242233
13 0.116211 0.727539 0.0332031 0.0390625 0.00024271
2 0.591309 0.394043 0.0595703 0.0478516 0.000252962
9 0.773926 0.672852 0.0966797 0.0566406 0.000253439
8 0.32666 0.373047 0.0244141 0.0253906 0.000257015
8 0.765137 0.431641 0.0322266 0.0292969 0.000266075
7 0.116211 0.727539 0.0332031 0.0390625 0.000274897
8 0.776855 0.305176 0.0126953 0.00878906 0.000278234
9 0.209473 0.400391 0.137695 0.152344 0.000292063
13 0.199707 0.18457 0.0517578 0.0371094 0.000298262
5 0.730957 0.30957 0.137695 0.255859 0.000299692
11 0.399902 0.0913086 0.0556641 0.0400391 0.000306606
13 0.399414 0.47998 0.0566406 0.0146484 0.000308514
13 0.364258 0.168945 0.111328 0.166016 0.000309706
7 0.945312 0.90332 0.105469 0.193359 0.000311613
11 0.344727 0.0541992 0.167969 0.0439453 0.000311852
13 0.785156 0.617676 0.0292969 0.0263672 0.00031352
11 0.366211 0.0551758 0.0429688 0.0107422 0.000320911
13 0.223633 0.190918 0.0761719 0.0673828 0.00032115
0 0.865723 0.979492 0.102539 0.0410156 0.000335932
9 0.700684 0.404297 0.266602 0.570312 0.000340462
6 0.248047 0.475586 0.207031 0.271484 0.000341654
9 0.541504 0.285156 0.0537109 0.0429688 0.00034523
11 0.716309 0.0888672 0.0595703 0.0429688 0.000356674
8 0.324707 0.314941 0.0205078 0.0166016 0.000359774
5 0.736816 0.436523 0.139648 0.191406 0.000361443
11 0.637695 0.0810547 0.123047 0.0273438 0.000366211
11 0.807617 0.70752 0.109375 0.0986328 0.000367403
13 0.724121 0.187012 0.0458984 0.0341797 0.000376225
0 0.609863 0.97998 0.129883 0.0400391 0.000412464
9 0.271973 0.369141 0.27832 0.550781 0.00042057
9 0.0458984 0.420898 0.0195312 0.0449219 0.000433683
2 0.97998 0.318848 0.0361328 0.0380859 0.000438213
7 0.97998 0.318848 0.0361328 0.0380859 0.000446558
8 0.580566 0.397461 0.0302734 0.0292969 0.000446796
5 0.731934 0.290527 0.108398 0.116211 0.000447273
8 0.651367 0.297363 0.0214844 0.0185547 0.000454426
5 0.747559 0.534668 0.149414 0.258789 0.000454664
11 0.650879 0.0722656 0.161133 0.0585938 0.000459909
13 0.192383 0.183594 0.0332031 0.0234375 0.000460625
8 0.797852 0.702148 0.101562 0.0898438 0.000481606
0 0.650879 0.991211 0.129883 0.0175781 0.000485182
11 0.410645 0.0634766 0.0537109 0.0273438 0.000497341
3 0.47168 0.98291 0.398438 0.0322266 0.000498295
9 0.244141 0.46582 0.210938 0.291016 0.000514984
7 0.215332 0.193848 0.0576172 0.0439453 0.000517368
9 0.723633 0.692383 0.261719 0.125 0.000548363
9 0.735352 0.39502 0.158203 0.37793 0.000576973
9 0.211426 0.194336 0.0498047 0.0410156 0.000599384
9 0.347168 0.156738 0.0478516 0.0576172 0.000647068
2 0.348145 0.156738 0.0478516 0.0634766 0.000673294
8 0.54248 0.284668 0.0498047 0.0419922 0.000679493
2 0.795898 0.702148 0.0996094 0.0898438 0.000745773
2 0.580566 0.397461 0.0302734 0.0292969 0.000751495
11 0.581543 0.090332 0.0849609 0.0341797 0.000789165
13 0.597656 0.384766 0.0917969 0.0683594 0.00083065
0 0.572754 0.991699 0.0927734 0.0146484 0.000832558
11 0.84375 0.73291 0.0429688 0.0673828 0.000840664
11 0.274414 0.0625 0.0644531 0.0234375 0.000858784
10 0.841309 0.737305 0.0458984 0.0644531 0.000922203
13 0.345703 0.163574 0.078125 0.102539 0.0011301
11 0.38916 0.0717773 0.0927734 0.0439453 0.00115871
7 0.796875 0.691895 0.0976562 0.0771484 0.00129223
8 0.346191 0.548828 0.0302734 0.0273438 0.00133991
11 0.323242 0.0615234 0.0742188 0.0175781 0.00135708
0 0.609375 0.990234 0.113281 0.015625 0.00144482
11 0.317871 0.0771484 0.186523 0.0585938 0.00146198
9 0.794434 0.690918 0.0634766 0.0595703 0.00154018
8 0.97998 0.318848 0.0361328 0.0380859 0.00163174
9 0.470703 0.373535 0.125 0.512695 0.00171089
13 0.347656 0.158203 0.0488281 0.0585938 0.0017519
11 0.115723 0.723633 0.0458984 0.0761719 0.00201797
11 0.704102 0.0795898 0.0625 0.0341797 0.00207329
11 0.686523 0.0761719 0.0722656 0.0234375 0.00210953
11 0.372559 0.0561523 0.0732422 0.0146484 0.0021553
11 0.592773 0.0629883 0.0976562 0.0283203 0.00243187
5 0.209473 0.400391 0.137695 0.152344 0.00260925
13 0.212402 0.192871 0.0576172 0.0419922 0.00274849
11 0.790039 0.688965 0.0878906 0.0654297 0.00281334
11 0.602051 0.0791016 0.104492 0.0351562 0.00293159
5 0.271973 0.369141 0.27832 0.550781 0.00298691
0 0.852539 0.989746 0.128906 0.0205078 0.00326157
9 0.97998 0.318848 0.0361328 0.0380859 0.00328636
11 0.242188 0.0859375 0.0878906 0.0625 0.00388718
11 0.658691 0.0722656 0.118164 0.0253906 0.00397873
11 0.294922 0.0610352 0.0625 0.0185547 0.00404739
5 0.700684 0.404297 0.266602 0.570312 0.00430298
10 0.116211 0.726562 0.0566406 0.0527344 0.00443268
9 0.770996 0.681152 0.147461 0.0927734 0.00500107
11 0.345215 0.059082 0.133789 0.0244141 0.00616455
11 0.328125 0.0693359 0.138672 0.0332031 0.00731659
11 0.387207 0.0595703 0.0849609 0.0234375 0.00747681
11 0.639648 0.0625 0.119141 0.03125 0.00943756
10 0.846191 0.750488 0.0322266 0.0439453 0.0112839
5 0.244141 0.46582 0.210938 0.291016 0.0127182
11 0.846191 0.749023 0.0322266 0.0429688 0.0157776
5 0.736816 0.42041 0.161133 0.381836 0.017334
11 0.28125 0.0698242 0.109375 0.0419922 0.0179596
9 0.797852 0.702148 0.101562 0.0898438 0.0361023
11 0.612793 0.0571289 0.0712891 0.0185547 0.0476685
10 0.116211 0.727539 0.0332031 0.0390625 0.0557556
11 0.116699 0.726074 0.0380859 0.0400391 0.0667114
11 0.302734 0.0629883 0.105469 0.0263672 0.086792
