4 0.746094 0.410156 0.367188 0.580078 0.000114679
2 0.792969 0.480957 0.0546875 0.0400391 0.000114918
6 0.724609 0.532227 0.181641 0.232422 0.000115454
5 0.13623 0.604004 0.196289 0.305664 0.000116408
10 0.921875 0.970703 0.103516 0.0546875 0.000117421
11 0.396973 0.182129 0.12207 0.178711 0.000119269
7 0.185547 0.983398 0.189453 0.0332031 0.000119627
7 0.781738 0.472168 0.0205078 0.0166016 0.000119865
9 0.0512695 0.0771484 0.0986328 0.154297 0.000119925
5 0.337402 0.430664 0.260742 0.433594 0.000120223
6 0.241699 0.970215 0.149414 0.0576172 0.000120401
5 0.452637 0.477539 0.288086 0.378906 0.00012219
7 0.329102 0.109375 0.123047 0.0292969 0.000122309
12 0.475098 0.391113 0.291992 0.245117 0.000122547
5 0.822266 0.492188 0.140625 0.248047 0.000123501
9 0.460449 0.227539 0.0419922 0.0429688 0.000124216
2 0.229492 0.844727 0.046875 0.0371094 0.000125527
4 0.387695 0.379395 0.107422 0.225586 0.000126004
0 0.785645 0.54541 0.256836 0.305664 0.000129342
8 0.475098 0.391113 0.291992 0.245117 0.000129461
11 0.314453 0.108887 0.183594 0.137695 0.000129938
9 0.339844 0.109863 0.195312 0.0908203 0.000130773
12 0.302734 0.124023 0.123047 0.0683594 0.000131011
0 0.57373 0.337891 0.176758 0.183594 0.00013411
5 0.721191 0.416992 0.241211 0.197266 0.000134468
10 0.90918 0.989746 0.111328 0.0205078 0.000134706
9 0.0205078 0.0776367 0.0410156 0.149414 0.000135899
9 0.132812 0.958984 0.183594 0.0800781 0.000136256
2 0.460449 0.227539 0.0419922 0.0429688 0.000136852
9 0.315918 0.59082 0.293945 0.265625 0.000137448
3 0.218262 0.538086 0.286133 0.3125 0.000138879
9 0.870117 0.947266 0.1875 0.105469 0.000138879
9 0.394043 0.681641 0.237305 0.271484 0.000139117
5 0.22168 0.434082 0.224609 0.219727 0.000140309
9 0.513672 0.250488 0.242188 0.135742 0.000140667
13 0.175781 0.605957 0.0566406 0.0205078 0.000140667
1 0.746094 0.410156 0.367188 0.580078 0.000142097
9 0.75293 0.62793 0.359375 0.332031 0.000142455
9 0.0976562 0.497559 0.183594 0.663086 0.000143766
3 0.550781 0.591797 0.261719 0.152344 0.000144839
4 0.578613 0.279785 0.120117 0.135742 0.000147343
4 0.241699 0.970215 0.149414 0.0576172 0.000147462
10 0.69873 0.134277 0.145508 0.0927734 0.000148296
11 0.679688 0.157715 0.207031 0.15918 0.000154376
12 0.785645 0.54541 0.256836 0.305664 0.000155807
0 0.349609 0.416992 0.1875 0.509766 0.00015676
10 0.785645 0.54541 0.256836 0.305664 0.000156999
5 0.713867 0.495117 0.138672 0.107422 0.000157595
9 0.873535 0.35791 0.250977 0.594727 0.000159383
9 0.57959 0.333008 0.208008 0.25 0.00015986
9 0.243652 0.160156 0.180664 0.146484 0.000160456
2 0.623535 0.291992 0.112305 0.167969 0.000163555
5 0.260254 0.259766 0.333008 0.318359 0.000166774
8 0.780762 0.473633 0.0673828 0.158203 0.000167847
9 0.027832 0.0205078 0.0556641 0.0410156 0.000171542
13 0.318848 0.29248 0.0634766 0.0498047 0.000172377
6 0.214355 0.536133 0.258789 0.287109 0.00017345
9 0.682129 0.134277 0.206055 0.0888672 0.00017345
10 0.9375 0.405762 0.123047 0.594727 0.000173926
9 0.350098 0.393555 0.166992 0.412109 0.000174642
9 0.238281 0.856445 0.0703125 0.0761719 0.000175834
10 0.475098 0.391113 0.291992 0.245117 0.000176191
7 0.0620117 0.408203 0.124023 0.644531 0.000176907
9 0.822266 0.119141 0.349609 0.212891 0.000177383
10 0.979004 0.460938 0.0419922 0.498047 0.000177503
3 0.708008 0.963379 0.4375 0.0732422 0.000177741
10 0.0976562 0.497559 0.183594 0.663086 0.000178695
5 0.617676 0.490723 0.442383 0.397461 0.00018096
1 0.262695 0.149414 0.123047 0.113281 0.000181794
11 0.489258 0.379883 0.324219 0.267578 0.000182986
9 0.708008 0.494629 0.142578 0.133789 0.000182986
8 0.780762 0.473633 0.0439453 0.0410156 0.000183225
10 0.302246 0.124023 0.12207 0.0683594 0.000184059
8 0.746094 0.410156 0.367188 0.580078 0.000186563
7 0.392578 0.270508 0.138672 0.25 0.000189185
2 0.787598 0.47168 0.25293 0.359375 0.00019145
9 0.205566 0.551758 0.206055 0.228516 0.000192165
9 0.314941 0.19873 0.235352 0.217773 0.000192404
11 0.781738 0.472168 0.0205078 0.0166016 0.000193357
7 0.784668 0.955078 0.333008 0.0859375 0.000195384
5 0.873535 0.35791 0.250977 0.594727 0.000197411
9 0.553223 0.661133 0.477539 0.248047 0.000197649
5 0.231934 0.550781 0.139648 0.126953 0.000199914
2 0.746094 0.410156 0.367188 0.580078 0.000200272
11 0.376953 0.109863 0.0957031 0.0380859 0.000200272
11 0.367188 0.143066 0.123047 0.0908203 0.000203252
7 0.302734 0.124023 0.123047 0.0683594 0.000204802
10 0.314941 0.19873 0.235352 0.217773 0.000205278
9 0.126953 0.319824 0.226562 0.491211 0.000205398
10 0.104004 0.986816 0.102539 0.0263672 0.000208616
9 0.9375 0.405762 0.123047 0.594727 0.000209212
11 0.224609 0.194336 0.265625 0.195312 0.000209212
9 0.0302734 0.17334 0.0605469 0.272461 0.000210166
7 0.198242 0.98877 0.125 0.0205078 0.00021112
12 0.539062 0.277344 0.197266 0.138672 0.000212789
6 0.578125 0.277344 0.119141 0.128906 0.000213027
7 0.172852 0.959961 0.248047 0.0800781 0.000218034
11 0.230957 0.134766 0.231445 0.125 0.000221133
1 0.298828 0.121582 0.111328 0.0615234 0.000221372
8 0.70459 0.540527 0.188477 0.202148 0.000223041
8 0.387207 0.380371 0.106445 0.223633 0.000225782
2 0.321289 0.124512 0.191406 0.0849609 0.000229716
3 0.311523 0.132812 0.208984 0.0996094 0.000230074
5 0.769531 0.458496 0.1875 0.163086 0.00023222
4 0.300293 0.137207 0.19043 0.0986328 0.000233769
8 0.862305 0.629883 0.0488281 0.0449219 0.000241876
2 0.606445 0.270508 0.0507812 0.0820312 0.000244617
0 0.619141 0.371582 0.494141 0.415039 0.000248432
7 0.578125 0.277344 0.119141 0.128906 0.000248909
3 0.463379 0.953613 0.463867 0.0908203 0.000254869
9 0.777832 0.834961 0.352539 0.304688 0.000255346
5 0.578125 0.286621 0.115234 0.151367 0.000259399
9 0.44873 0.54834 0.30957 0.325195 0.000261307
5 0.365723 0.550293 0.178711 0.323242 0.000264645
10 0.539062 0.277344 0.197266 0.138672 0.000268698
9 0.0419922 0.484863 0.0800781 0.557617 0.00026989
11 0.293945 0.125488 0.0605469 0.0458984 0.000270367
0 0.746094 0.410156 0.367188 0.580078 0.000275612
11 0.224121 0.40625 0.448242 0.603516 0.000276804
7 0.765137 0.547363 0.288086 0.311523 0.000280619
10 0.126953 0.319824 0.226562 0.491211 0.00028491
10 0.82666 0.931152 0.274414 0.137695 0.000286818
5 0.788086 0.619629 0.271484 0.299805 0.000287294
9 0.176758 0.171875 0.335938 0.261719 0.000289202
11 0.210449 0.967773 0.213867 0.0644531 0.000291348
11 0.61084 0.117188 0.102539 0.0371094 0.000295639
8 0.300293 0.137207 0.19043 0.0986328 0.000297546
9 0.252441 0.973145 0.0732422 0.0517578 0.000299931
5 0.772949 0.470703 0.0908203 0.0683594 0.0003016
7 0.746094 0.410156 0.367188 0.580078 0.000302553
13 0.785645 0.54541 0.256836 0.305664 0.000312805
5 0.699219 0.312988 0.3125 0.334961 0.000319719
3 0.475098 0.391113 0.291992 0.245117 0.00032568
9 0.189453 0.63916 0.289062 0.268555 0.000328064
10 0.243652 0.160156 0.180664 0.146484 0.000338316
10 0.176758 0.171875 0.335938 0.261719 0.000349998
10 0.174316 0.912598 0.260742 0.165039 0.000352383
11 0.400879 0.133301 0.0927734 0.0927734 0.000352621
11 0.271484 0.137695 0.0722656 0.0605469 0.000355244
9 0.42041 0.324219 0.231445 0.292969 0.000366688
9 0.781738 0.479492 0.0341797 0.0351562 0.000372648
0 0.291504 0.135742 0.165039 0.0996094 0.000372887
4 0.224121 0.40625 0.448242 0.603516 0.000376701
1 0.578613 0.279785 0.120117 0.135742 0.000378609
0 0.60791 0.327637 0.303711 0.24707 0.000385284
7 0.703613 0.543457 0.196289 0.213867 0.000388622
10 0.746094 0.410156 0.367188 0.580078 0.000391006
1 0.224121 0.40625 0.448242 0.603516 0.000391722
8 0.229004 0.84375 0.0458984 0.0410156 0.000392914
13 0.220215 0.988281 0.104492 0.0234375 0.00039649
2 0.78125 0.47168 0.015625 0.0136719 0.000402212
9 0.208008 0.824219 0.353516 0.330078 0.000406265
9 0.228516 0.483887 0.306641 0.40332 0.000409126
2 0.782715 0.480957 0.0654297 0.0986328 0.000410557
10 0.0493164 0.544434 0.0947266 0.55957 0.000413656
9 0.03125 0.0424805 0.0625 0.0849609 0.000414848
3 0.578125 0.282227 0.119141 0.142578 0.000415564
9 0.208984 0.898926 0.28125 0.198242 0.000417233
2 0.782715 0.473633 0.0419922 0.03125 0.000418663
13 0.746094 0.410156 0.367188 0.580078 0.000419378
13 0.252441 0.979004 0.129883 0.0400391 0.000421047
5 0.188965 0.591797 0.188477 0.148438 0.000436068
9 0.783691 0.939941 0.331055 0.120117 0.000436068
3 0.553223 0.484375 0.481445 0.378906 0.000439882
9 0.545898 0.460938 0.490234 0.400391 0.000460625
9 0.392578 0.270508 0.138672 0.25 0.000464439
8 0.224121 0.40625 0.448242 0.603516 0.000468731
6 0.833008 0.580078 0.144531 0.203125 0.000473738
7 0.364258 0.213867 0.15625 0.210938 0.000477314
8 0.73584 0.428711 0.0224609 0.0195312 0.000477791
13 0.300293 0.137207 0.19043 0.0986328 0.000483036
9 0.831055 0.562988 0.142578 0.239258 0.000492096
5 0.109375 0.453613 0.21875 0.635742 0.00049305
8 0.233398 0.556641 0.0195312 0.0175781 0.000495911
11 0.739258 0.151855 0.123047 0.120117 0.000499249
2 0.539062 0.277344 0.197266 0.138672 0.000499249
10 0.887695 0.981934 0.148438 0.0341797 0.000504017
2 0.224121 0.40625 0.448242 0.603516 0.000510693
11 0.31543 0.111816 0.0585938 0.0283203 0.000520706
10 0.135742 0.98291 0.173828 0.0322266 0.00052309
9 0.202148 0.950195 0.257812 0.0996094 0.000530243
11 0.398926 0.122559 0.0673828 0.0556641 0.00053072
9 0.300293 0.137207 0.19043 0.0986328 0.000535965
3 0.553223 0.661133 0.477539 0.248047 0.000542164
10 0.108398 0.964844 0.148438 0.0703125 0.000543118
0 0.224121 0.40625 0.448242 0.603516 0.000547886
9 0.0581055 0.211426 0.116211 0.280273 0.000558853
12 0.746094 0.410156 0.367188 0.580078 0.000561237
13 0.780762 0.473145 0.0263672 0.0205078 0.000562191
5 0.376465 0.426758 0.12793 0.359375 0.000584126
2 0.276367 0.152344 0.150391 0.128906 0.000611305
9 0.368652 0.629883 0.161133 0.181641 0.000625134
11 0.235352 0.974121 0.09375 0.0517578 0.000627041
6 0.785645 0.54541 0.256836 0.305664 0.000629902
10 0.802246 0.97998 0.303711 0.0400391 0.000629902
5 0.6875 0.583984 0.302734 0.308594 0.000632286
9 0.212891 0.985352 0.0996094 0.0292969 0.000649929
0 0.422363 0.374512 0.174805 0.157227 0.00067234
9 0.0639648 0.364746 0.12793 0.606445 0.000688076
0 0.552246 0.603027 0.506836 0.168945 0.000701427
3 0.785645 0.54541 0.256836 0.305664 0.000709057
2 0.775391 0.470215 0.0976562 0.174805 0.000713825
11 0.578613 0.279785 0.120117 0.135742 0.000728607
11 0.641113 0.124512 0.198242 0.0673828 0.000766754
10 0.0639648 0.364746 0.12793 0.606445 0.00078249
10 0.224121 0.40625 0.448242 0.603516 0.000808239
5 0.827148 0.490723 0.25 0.46582 0.000853539
7 0.228516 0.979004 0.0917969 0.0419922 0.00086689
10 0.211426 0.974121 0.155273 0.0517578 0.000973225
7 0.224121 0.40625 0.448242 0.603516 0.000973701
7 0.493164 0.308594 0.298828 0.207031 0.000976562
12 0.300293 0.137207 0.19043 0.0986328 0.00100803
8 0.268555 0.498535 0.0136719 0.0126953 0.00101852
6 0.493164 0.308594 0.298828 0.207031 0.00104713
0 0.607422 0.294922 0.148438 0.1875 0.00105286
9 0.39209 0.479492 0.161133 0.392578 0.00108051
8 0.578613 0.279785 0.120117 0.135742 0.00108242
5 0.710449 0.531738 0.18457 0.22168 0.00116158
1 0.493164 0.308594 0.298828 0.207031 0.00117588
5 0.222168 0.627441 0.354492 0.379883 0.00118446
9 0.785645 0.54541 0.256836 0.305664 0.00119019
6 0.767578 0.411133 0.386719 0.619141 0.00119686
5 0.490723 0.328125 0.30957 0.244141 0.0012188
7 0.833008 0.580078 0.144531 0.203125 0.00122356
11 0.55127 0.573242 0.506836 0.167969 0.00122356
12 0.493164 0.308594 0.298828 0.207031 0.00123215
7 0.300293 0.137207 0.19043 0.0986328 0.00125313
11 0.330078 0.106934 0.0390625 0.0166016 0.00126266
11 0.358887 0.102539 0.151367 0.0390625 0.00126934
10 0.871094 0.966797 0.181641 0.0664062 0.00127792
10 0.77832 0.89209 0.34375 0.194336 0.00129414
2 0.492676 0.316406 0.305664 0.230469 0.00129509
3 0.746094 0.410156 0.367188 0.580078 0.00131607
1 0.55127 0.573242 0.506836 0.167969 0.00131702
13 0.224121 0.40625 0.448242 0.603516 0.00132751
4 0.493164 0.308594 0.298828 0.207031 0.00133133
7 0.550781 0.578125 0.509766 0.169922 0.00133419
3 0.456543 0.980469 0.44043 0.0371094 0.0013361
8 0.55127 0.573242 0.506836 0.167969 0.00138569
9 0.708984 0.537109 0.210938 0.240234 0.00140095
11 0.294922 0.112793 0.0957031 0.0673828 0.00140953
12 0.55127 0.573242 0.506836 0.167969 0.00141335
0 0.391602 0.394043 0.132812 0.262695 0.00143528
11 0.491211 0.295898 0.298828 0.191406 0.00147247
8 0.493164 0.308594 0.298828 0.207031 0.00149441
9 0.475098 0.391113 0.291992 0.245117 0.00151539
4 0.550781 0.578125 0.509766 0.169922 0.00153542
2 0.55127 0.573242 0.506836 0.167969 0.00155735
6 0.55127 0.573242 0.506836 0.167969 0.00156307
11 0.650879 0.111816 0.15918 0.0361328 0.00156403
13 0.55127 0.573242 0.506836 0.167969 0.00171661
7 0.388184 0.359863 0.104492 0.223633 0.00173187
12 0.224121 0.40625 0.448242 0.603516 0.00176144
11 0.297852 0.158691 0.201172 0.15918 0.00176907
9 0.578125 0.277344 0.119141 0.128906 0.00179386
9 0.228516 0.970703 0.15625 0.0566406 0.00204659
13 0.493164 0.308594 0.298828 0.207031 0.00211716
9 0.746094 0.410156 0.367188 0.580078 0.00216484
7 0.228516 0.970703 0.15625 0.0566406 0.00219727
9 0.229492 0.844727 0.046875 0.0371094 0.00227356
13 0.578125 0.277344 0.119141 0.128906 0.00232506
1 0.310059 0.130371 0.19043 0.0908203 0.00233459
5 0.55127 0.573242 0.506836 0.167969 0.00234222
10 0.550781 0.578125 0.509766 0.169922 0.00242043
10 0.300293 0.137207 0.19043 0.0986328 0.00253868
10 0.493164 0.308594 0.298828 0.207031 0.00261497
11 0.345215 0.118652 0.200195 0.0751953 0.00287437
9 0.550781 0.578125 0.509766 0.169922 0.00301933
10 0.172852 0.959961 0.248047 0.0800781 0.00316811
9 0.781738 0.472168 0.0205078 0.0166016 0.00318336
6 0.224121 0.40625 0.448242 0.603516 0.00328827
9 0.224121 0.40625 0.448242 0.603516 0.00402069
0 0.477051 0.418457 0.360352 0.37793 0.00407028
8 0.78125 0.473145 0.0273438 0.0244141 0.00429535
9 0.493164 0.308594 0.298828 0.207031 0.00472641
0 0.503418 0.253418 0.268555 0.133789 0.00486374
9 0.389648 0.359375 0.123047 0.25 0.0050087
10 0.784668 0.955078 0.333008 0.0859375 0.00527954
3 0.224121 0.40625 0.448242 0.603516 0.0058403
2 0.581543 0.26709 0.110352 0.108398 0.00594711
11 0.700195 0.133301 0.146484 0.0869141 0.00603867
3 0.491699 0.310547 0.303711 0.208984 0.00701904
5 0.212891 0.532227 0.214844 0.251953 0.00737
0 0.490234 0.391113 0.335938 0.182617 0.00767136
11 0.330078 0.107422 0.105469 0.0234375 0.00796509
2 0.780762 0.473145 0.0263672 0.0205078 0.00920105
8 0.782227 0.472168 0.0175781 0.0146484 0.0107651
0 0.585938 0.262207 0.0976562 0.0966797 0.012207
5 0.828613 0.57666 0.161133 0.22168 0.0122604
0 0.547852 0.511719 0.523438 0.306641 0.0133057
11 0.262695 0.149414 0.123047 0.113281 0.0203552
11 0.331543 0.11377 0.15918 0.0419922 0.0226135
5 0.228516 0.483887 0.306641 0.40332 0.0243225
5 0.765137 0.521484 0.264648 0.306641 0.0339661
5 0.746094 0.410156 0.367188 0.580078 0.0707397
11 0.294434 0.128906 0.141602 0.0761719 0.0709839
5 0.224121 0.40625 0.448242 0.603516 0.145508
0 0.557129 0.278809 0.166992 0.139648 0.175903
0 0.492676 0.316406 0.305664 0.230469 0.43335
3 0.55127 0.575684 0.506836 0.166992 0.64209
