13 0.368164 0.282227 0.0664062 0.15625 0.000100136
8 0.578125 0.32666 0.191406 0.180664 0.000100553
2 0.0107422 0.717773 0.0214844 0.0917969 0.000101209
5 0.304199 0.551758 0.147461 0.191406 0.000102282
9 0.612793 0.495605 0.393555 0.629883 0.000103652
9 0.702637 0.155273 0.192383 0.0917969 0.000104666
9 0.796875 0.687988 0.314453 0.370117 0.000105441
0 0.602539 0.385742 0.121094 0.228516 0.000106931
8 0.98291 0.32666 0.0341797 0.0927734 0.000106931
0 0.617188 0.302734 0.238281 0.197266 0.000107586
11 0.394531 0.121094 0.0703125 0.0234375 0.000108063
5 0.670898 0.695801 0.414062 0.311523 0.000111699
9 0.372559 0.141602 0.209961 0.0917969 0.000114501
9 0.977539 0.324219 0.0449219 0.269531 0.00011462
11 0.965332 0.35498 0.0654297 0.0810547 0.000115097
0 0.0268555 0.978516 0.0537109 0.0429688 0.000116289
9 0.212891 0.456543 0.425781 0.696289 0.000116408
13 0.98584 0.300293 0.0283203 0.22168 0.000116646
9 0.984375 0.364746 0.0292969 0.0439453 0.000118554
8 0.723145 0.540527 0.0224609 0.0166016 0.000120223
5 0.806641 0.70752 0.304688 0.331055 0.00012058
9 0.303711 0.691895 0.371094 0.536133 0.00012064
9 0.0258789 0.842285 0.0498047 0.31543 0.000120759
13 0.309082 0.589355 0.213867 0.295898 0.00012207
9 0.515625 0.375 0.228516 0.28125 0.000123143
8 0.961426 0.330078 0.0751953 0.166016 0.000123739
13 0.40332 0.271484 0.0625 0.212891 0.000124097
11 0.64502 0.151367 0.0986328 0.0429688 0.000124931
2 0.981934 0.342285 0.0361328 0.200195 0.000127316
9 0.00927734 0.727051 0.0185547 0.0693359 0.000129461
11 0.420898 0.130859 0.0644531 0.0292969 0.000130057
3 0.547363 0.538574 0.208008 0.651367 0.000130177
2 0.989746 0.340332 0.0205078 0.0498047 0.000134468
2 0.992188 0.355957 0.015625 0.0400391 0.000136137
8 0.375488 0.691895 0.0205078 0.0185547 0.000136375
11 0.331543 0.162109 0.198242 0.123047 0.000137687
0 0.0273438 0.994629 0.0546875 0.0107422 0.000141144
8 0.250977 0.69043 0.0332031 0.0273438 0.000141501
11 0.279297 0.210938 0.0722656 0.0800781 0.000141621
11 0.696777 0.126465 0.0751953 0.0244141 0.000142217
8 0.683594 0.722168 0.0195312 0.0185547 0.000143528
2 0.979004 0.339844 0.0400391 0.0820312 0.000144958
9 0.0185547 0.697754 0.0351562 0.231445 0.000145912
9 0.97998 0.340332 0.0400391 0.0615234 0.000150084
9 0.970703 0.408203 0.0566406 0.146484 0.000151992
13 0.376953 0.345703 0.0625 0.154297 0.000153422
9 0.0351562 0.728516 0.0625 0.501953 0.000156164
11 0.439941 0.121582 0.0673828 0.0283203 0.000156283
5 0.562012 0.505859 0.239258 0.597656 0.000156879
3 0.773926 0.588379 0.321289 0.516602 0.000161171
11 0.461426 0.179688 0.0791016 0.152344 0.000161767
9 0.453125 0.221191 0.0410156 0.0341797 0.000161886
5 0.348145 0.628906 0.170898 0.193359 0.00016439
13 0.174805 0.735352 0.03125 0.0566406 0.000166178
0 0.0913086 0.970215 0.182617 0.0595703 0.000167966
13 0.429199 0.277344 0.0771484 0.164062 0.000168204
11 0.421875 0.140137 0.121094 0.0751953 0.000170112
0 0.0288086 0.919434 0.0537109 0.161133 0.000172496
13 0.74707 0.360352 0.0410156 0.0371094 0.000173926
13 0.965332 0.35498 0.0654297 0.0810547 0.000189424
0 0.969238 0.354004 0.0595703 0.0458984 0.000190139
2 0.981934 0.375488 0.0361328 0.0615234 0.000192046
13 0.408691 0.357422 0.0791016 0.142578 0.000192404
11 0.615723 0.178223 0.0791016 0.139648 0.000198126
2 0.96875 0.330566 0.0625 0.129883 0.000201106
8 0.381348 0.695312 0.0302734 0.0273438 0.000201941
9 0.29834 0.836914 0.385742 0.238281 0.000204086
9 0.0126953 0.705566 0.0253906 0.129883 0.000206828
13 0.6875 0.254883 0.0507812 0.119141 0.000210404
9 0.0561523 0.916504 0.112305 0.157227 0.000218749
8 0.678711 0.77832 0.0429688 0.0410156 0.000226617
9 0.347656 0.465332 0.294922 0.62793 0.000227571
9 0.747559 0.547363 0.385742 0.700195 0.000228286
8 0.452148 0.845703 0.0214844 0.0175781 0.000238538
3 0.572754 0.318848 0.19043 0.178711 0.000247955
7 0.643066 0.603516 0.0576172 0.046875 0.000249624
8 0.414062 0.699707 0.0371094 0.0400391 0.000263691
9 0.975098 0.37207 0.0498047 0.0644531 0.000267744
6 0.59668 0.312988 0.109375 0.149414 0.000280619
13 0.626465 0.195312 0.0615234 0.134766 0.000282764
0 0.660156 0.367188 0.238281 0.285156 0.000285387
11 0.956543 0.92041 0.0341797 0.0498047 0.000289202
9 0.012207 0.743652 0.0244141 0.0341797 0.000289679
10 0.958496 0.921875 0.0361328 0.0507812 0.000291348
11 0.458008 0.14502 0.0527344 0.0537109 0.000294924
9 0.95166 0.319824 0.0966797 0.313477 0.000309229
2 0.012207 0.743652 0.0244141 0.0341797 0.000313044
11 0.416016 0.114746 0.0996094 0.0244141 0.000315905
8 0.0644531 0.581543 0.00976562 0.00878906 0.000317812
11 0.37207 0.123047 0.078125 0.0292969 0.000330925
9 0.645996 0.604492 0.0537109 0.046875 0.00033164
9 0.0756836 0.964844 0.151367 0.0703125 0.000336409
4 0.594238 0.316895 0.110352 0.157227 0.000368595
9 0.968262 0.332031 0.0634766 0.117188 0.000374317
2 0.984375 0.354492 0.0292969 0.0449219 0.00041461
9 0.306152 0.556641 0.211914 0.359375 0.000426531
0 0.556152 0.42627 0.219727 0.418945 0.000437737
6 0.306152 0.556641 0.211914 0.359375 0.000451803
9 0.562988 0.319336 0.192383 0.177734 0.000458717
8 0.951172 0.353516 0.03125 0.0292969 0.000461578
9 0.0649414 0.580566 0.0126953 0.0107422 0.000469685
5 0.866699 0.676758 0.147461 0.308594 0.000471592
12 0.598145 0.311523 0.102539 0.146484 0.000473976
1 0.594238 0.316895 0.110352 0.157227 0.000484467
13 0.394043 0.309082 0.108398 0.182617 0.00050211
9 0.827148 0.876465 0.294922 0.135742 0.000522137
9 0.53418 0.72168 0.179688 0.3125 0.000528336
2 0.961914 0.370605 0.0761719 0.0947266 0.000552654
11 0.629395 0.153809 0.0810547 0.0830078 0.000583172
7 0.297363 0.527344 0.186523 0.367188 0.000584126
5 0.596191 0.316406 0.108398 0.160156 0.00058651
8 0.967773 0.345215 0.0644531 0.0634766 0.000591755
8 0.363281 0.408203 0.0117188 0.0117188 0.000593662
7 0.598145 0.311523 0.102539 0.146484 0.000599384
11 0.595703 0.319824 0.105469 0.166992 0.000623226
5 0.303711 0.691895 0.371094 0.536133 0.000658035
11 0.376465 0.13623 0.166992 0.0615234 0.000661373
11 0.719727 0.137695 0.0957031 0.0488281 0.00067997
11 0.304199 0.182617 0.102539 0.115234 0.000684261
11 0.453125 0.221191 0.0390625 0.0322266 0.000687599
5 0.262695 0.651855 0.185547 0.241211 0.00068903
2 0.952148 0.353516 0.0332031 0.0292969 0.000713825
9 0.619629 0.70166 0.37207 0.24707 0.000733376
13 0.589844 0.313965 0.115234 0.15332 0.000747681
10 0.59668 0.312988 0.109375 0.149414 0.000862598
11 0.272949 0.215332 0.0439453 0.0498047 0.000884056
5 0.821289 0.602051 0.216797 0.438477 0.000923157
9 0.961914 0.370605 0.0761719 0.0947266 0.000925064
0 0.964355 0.375 0.0712891 0.0839844 0.00111771
2 0.600098 0.313965 0.102539 0.151367 0.00124645
11 0.439453 0.133789 0.0820312 0.046875 0.00129223
11 0.328125 0.155273 0.0976562 0.0859375 0.0014925
11 0.70459 0.150391 0.178711 0.0800781 0.0015192
13 0.38623 0.303223 0.0556641 0.155273 0.00160694
2 0.966309 0.355469 0.0654297 0.0449219 0.00170326
8 0.600098 0.313965 0.102539 0.151367 0.00174141
3 0.598145 0.311523 0.102539 0.146484 0.00192738
9 0.598145 0.311523 0.102539 0.146484 0.00202751
11 0.637695 0.137695 0.078125 0.0410156 0.00208092
5 0.771484 0.555664 0.341797 0.666016 0.00227737
11 0.769531 0.178711 0.0644531 0.078125 0.00234032
11 0.400879 0.123535 0.125977 0.0439453 0.00255013
11 0.31543 0.161621 0.0625 0.0576172 0.00255775
8 0.645996 0.604492 0.0537109 0.046875 0.00266266
5 0.32373 0.488281 0.270508 0.541016 0.00292778
11 0.679688 0.133301 0.126953 0.0341797 0.0038414
11 0.747559 0.163574 0.0986328 0.0927734 0.00444794
9 0.966309 0.353516 0.0634766 0.0507812 0.00621796
9 0.950684 0.354004 0.0322266 0.0302734 0.00650406
0 0.562012 0.346191 0.180664 0.227539 0.00775528
9 0.541504 0.538086 0.172852 0.644531 0.0088501
3 0.619141 0.699707 0.378906 0.258789 0.00939178
5 0.309082 0.589355 0.213867 0.295898 0.00961304
0 0.595703 0.315918 0.103516 0.155273 0.396484
