13 0.347168 0.228516 0.0966797 0.0976562 0.000100732
11 0.352051 0.0375977 0.106445 0.0341797 0.000101388
1 0.540527 0.243652 0.108398 0.112305 0.000106156
13 0.540039 0.237305 0.105469 0.0976562 0.000110328
12 0.540527 0.243652 0.108398 0.112305 0.000112593
7 0.540527 0.243652 0.108398 0.112305 0.00011307
9 0.661133 0.98291 0.197266 0.0341797 0.000113606
8 0.102539 0.258789 0.0449219 0.0429688 0.000113666
0 0.568848 0.217773 0.0439453 0.0449219 0.000116885
2 0.425293 0.309082 0.0341797 0.0380859 0.000117362
8 0.317383 0.560059 0.015625 0.0166016 0.000118315
0 0.535645 0.285156 0.12207 0.173828 0.000120103
6 0.205078 0.574219 0.134766 0.138672 0.000120819
13 0.679199 0.409668 0.0341797 0.0341797 0.000121593
11 0.295898 0.0678711 0.0507812 0.0380859 0.000122428
9 0.51123 0.499023 0.290039 0.398438 0.000123858
9 0.489258 0.46875 0.0878906 0.404297 0.000124097
11 0.36377 0.0576172 0.120117 0.0625 0.000124693
9 0.404297 0.503418 0.0449219 0.0439453 0.000127792
13 0.980469 0.45459 0.0390625 0.0380859 0.000128627
13 0.219727 0.259277 0.0585938 0.0712891 0.000129104
2 0.679199 0.409668 0.0341797 0.0341797 0.000131249
11 0.402344 0.0688477 0.0683594 0.0517578 0.000131845
9 0.376953 0.438965 0.0566406 0.0478516 0.000132322
0 0.0908203 0.896973 0.181641 0.206055 0.00013423
5 0.79541 0.557129 0.157227 0.24707 0.000139356
8 0.540527 0.243652 0.108398 0.112305 0.000140548
9 0.102539 0.258789 0.0449219 0.0429688 0.000140667
9 0.931152 0.588379 0.0166016 0.0576172 0.000142574
8 0.365723 0.458008 0.0322266 0.0273438 0.000144243
13 0.097168 0.17041 0.194336 0.34082 0.000144839
2 0.371582 0.457031 0.0283203 0.0273438 0.000145555
13 0.640625 0.249023 0.0585938 0.101562 0.000151634
3 0.554199 0.654297 0.383789 0.132812 0.000157595
8 0.680664 0.408691 0.0605469 0.0419922 0.000159621
13 0.570801 0.339844 0.0478516 0.0332031 0.000162125
0 0.097168 0.17041 0.194336 0.34082 0.000163555
9 0.230469 0.413574 0.296875 0.538086 0.000163555
11 0.644531 0.0625 0.0976562 0.03125 0.000169039
2 0.540527 0.23877 0.108398 0.100586 0.000170231
5 0.540527 0.243652 0.108398 0.112305 0.000172138
13 0.20166 0.521484 0.19043 0.253906 0.000173688
8 0.198242 0.360352 0.00976562 0.0117188 0.000174046
13 0.273926 0.337891 0.0322266 0.0214844 0.000180006
0 0.486328 0.345215 0.169922 0.34082 0.000182271
8 0.571289 0.215332 0.0351562 0.0322266 0.000186443
8 0.417969 0.302734 0.0195312 0.015625 0.000188351
9 0.504883 0.30957 0.158203 0.279297 0.000190139
5 0.243652 0.471191 0.225586 0.319336 0.000192761
8 0.984863 0.28418 0.0302734 0.0410156 0.000197172
8 0.655762 0.400879 0.0302734 0.0224609 0.000207782
11 0.384766 0.0498047 0.0683594 0.0214844 0.000211239
9 0.394531 0.435059 0.0195312 0.0205078 0.000211596
8 0.411133 0.495117 0.0234375 0.0195312 0.000221848
11 0.540039 0.238281 0.107422 0.0996094 0.000224829
9 0.681641 0.966309 0.296875 0.0673828 0.000239134
10 0.540527 0.243652 0.108398 0.110352 0.000242352
6 0.798828 0.594727 0.111328 0.152344 0.000243068
11 0.607422 0.0620117 0.103516 0.0400391 0.000251055
7 0.216797 0.57373 0.126953 0.12207 0.000252485
8 0.643555 0.518066 0.0253906 0.0244141 0.000254631
5 0.798828 0.594727 0.111328 0.152344 0.000263453
13 0.236328 0.442871 0.0605469 0.0302734 0.000266075
8 0.377441 0.619141 0.0107422 0.00976562 0.000266552
9 0.415039 0.493652 0.0195312 0.0185547 0.000269413
7 0.79541 0.557129 0.157227 0.24707 0.000289917
11 0.564941 0.0810547 0.0615234 0.0449219 0.000298977
2 0.409668 0.495117 0.0341797 0.0292969 0.000300169
7 0.792969 0.621582 0.0820312 0.0751953 0.000314236
2 0.385742 0.438477 0.0371094 0.0351562 0.000336409
11 0.580566 0.0683594 0.0693359 0.0371094 0.000349045
9 0.472168 0.76123 0.0751953 0.0810547 0.000353098
9 0.679688 0.410645 0.03125 0.0341797 0.000361919
11 0.319336 0.0620117 0.101562 0.0419922 0.000362158
2 0.394531 0.435059 0.0195312 0.0205078 0.000363588
9 0.798828 0.594727 0.111328 0.152344 0.000365734
13 0.243164 0.256348 0.0898438 0.0830078 0.000378847
6 0.544434 0.592773 0.415039 0.183594 0.00038743
11 0.544434 0.592773 0.415039 0.183594 0.000413656
8 0.753418 0.540039 0.0341797 0.0332031 0.00041604
1 0.544434 0.592773 0.415039 0.183594 0.000422239
7 0.544434 0.592773 0.415039 0.183594 0.000425339
13 0.185059 0.333496 0.0419922 0.0302734 0.000434637
11 0.268066 0.081543 0.0673828 0.0498047 0.000449657
7 0.679199 0.409668 0.0341797 0.0341797 0.000454187
4 0.544434 0.592773 0.415039 0.183594 0.000456095
5 0.75293 0.461914 0.246094 0.447266 0.000464916
5 0.205078 0.574219 0.134766 0.138672 0.000466108
8 0.32959 0.324219 0.0205078 0.015625 0.000468969
2 0.543945 0.595703 0.412109 0.169922 0.000486374
12 0.544434 0.592773 0.415039 0.183594 0.000498772
8 0.543945 0.595703 0.412109 0.169922 0.000505447
13 0.544434 0.592773 0.415039 0.183594 0.000510693
9 0.213867 0.540527 0.158203 0.22168 0.000516415
9 0.540527 0.243652 0.108398 0.112305 0.000517368
0 0.487793 0.258789 0.18457 0.15625 0.000586987
8 0.625488 0.288086 0.0185547 0.015625 0.000648975
9 0.407715 0.49707 0.0283203 0.0273438 0.00066185
11 0.348633 0.0595703 0.117188 0.0292969 0.000698566
0 0.544434 0.592773 0.415039 0.183594 0.000735283
2 0.411133 0.495117 0.0214844 0.0175781 0.00074482
10 0.544434 0.592773 0.415039 0.183594 0.000767708
6 0.20166 0.521484 0.19043 0.253906 0.000773907
3 0.540527 0.243652 0.108398 0.110352 0.000775337
5 0.25293 0.411133 0.308594 0.525391 0.000778198
9 0.386719 0.438965 0.0351562 0.0302734 0.000800133
11 0.387207 0.0576172 0.0888672 0.0332031 0.000831604
5 0.545898 0.59375 0.408203 0.167969 0.000842571
11 0.601562 0.0546875 0.0683594 0.015625 0.00100517
13 0.228027 0.249023 0.0498047 0.0410156 0.00102329
7 0.213867 0.540527 0.158203 0.22168 0.00106907
8 0.664551 0.40332 0.0458984 0.0332031 0.00109386
7 0.798828 0.594727 0.111328 0.152344 0.00120926
9 0.486328 0.414062 0.150391 0.556641 0.00144863
8 0.366699 0.462402 0.0185547 0.0185547 0.00168133
9 0.54541 0.597168 0.40918 0.161133 0.0019331
11 0.370605 0.0424805 0.0927734 0.0205078 0.00226593
11 0.348145 0.0483398 0.104492 0.0263672 0.00416565
5 0.193359 0.53125 0.185547 0.257812 0.00645828
11 0.619141 0.0566406 0.0761719 0.0234375 0.00734711
8 0.679688 0.411133 0.0351562 0.03125 0.00826263
0 0.540039 0.238281 0.107422 0.0996094 0.15625
3 0.544434 0.597656 0.40918 0.152344 0.429443
