13 0.78125 0.520508 0.140625 0.230469 0.000100255
2 0.0644531 0.195312 0.128906 0.390625 0.00010097
0 0.560547 0.0185547 0.226562 0.0371094 0.000101566
11 0.647949 0.203613 0.163086 0.0498047 0.000101686
9 0.751953 0.350098 0.0371094 0.0302734 0.000102162
13 0.539062 0.359375 0.195312 0.15625 0.000102758
5 0.736816 0.568359 0.266602 0.210938 0.000104308
7 0.753906 0.351074 0.0390625 0.0322266 0.000104785
9 0.796387 0.675781 0.213867 0.107422 0.000104785
10 0.0219727 0.984863 0.0419922 0.0283203 0.0001055
8 0.539062 0.359375 0.195312 0.15625 0.000107169
8 0.644531 0.416504 0.03125 0.0263672 0.000108242
2 0.291016 0.231934 0.0761719 0.0556641 0.000108719
12 0.730469 0.459473 0.242188 0.364258 0.000110149
3 0.125488 0.53418 0.250977 0.296875 0.000110984
9 0.696289 0.546387 0.160156 0.19043 0.000112474
5 0.200684 0.556641 0.114258 0.154297 0.000113547
13 0.227051 0.493652 0.0654297 0.0263672 0.000120163
0 0.577148 0.303223 0.0585938 0.0322266 0.000120342
10 0.728027 0.959473 0.303711 0.0810547 0.000121951
10 0.803223 0.396973 0.393555 0.793945 0.00012362
2 0.670898 0.40918 0.0234375 0.0195312 0.00012362
13 0.963379 0.239258 0.0732422 0.478516 0.000127912
9 0.590332 0.19043 0.0673828 0.0351562 0.000128388
0 0.523438 0.401367 0.292969 0.244141 0.000136256
11 0.305664 0.219727 0.0527344 0.0390625 0.000136495
8 0.22998 0.46875 0.0166016 0.0117188 0.000136852
13 0.769531 0.575195 0.046875 0.0292969 0.000137091
13 0.663086 0.308594 0.0957031 0.09375 0.000137448
2 0.647949 0.456055 0.0576172 0.0507812 0.000138044
9 0.855469 0.669922 0.0585938 0.0957031 0.000143886
10 0.730469 0.459473 0.242188 0.364258 0.000144005
5 0.814453 0.344238 0.371094 0.688477 0.000146866
0 0.575684 0.390137 0.124023 0.188477 0.000146985
9 0.767578 0.423828 0.117188 0.158203 0.000148416
12 0.165527 0.140137 0.331055 0.280273 0.000149488
13 0.256836 0.310547 0.0820312 0.0820312 0.000155807
10 0.290527 0.229492 0.0751953 0.0527344 0.000156522
5 0.824219 0.483887 0.177734 0.297852 0.000158906
11 0.428711 0.200195 0.0585938 0.0234375 0.000165343
1 0.292969 0.229492 0.0761719 0.0527344 0.000166655
3 0.810059 0.471191 0.379883 0.393555 0.000168204
13 0.0922852 0.210938 0.18457 0.421875 0.000169992
8 0.380859 0.504883 0.0117188 0.00976562 0.00017643
10 0.539062 0.359375 0.195312 0.15625 0.000178933
13 0.740723 0.291992 0.0361328 0.0234375 0.000179052
8 0.78125 0.249512 0.0195312 0.0166016 0.000180125
11 0.401855 0.214355 0.0908203 0.0224609 0.000181556
0 0.0922852 0.210938 0.18457 0.421875 0.000183225
0 0.944824 0.447266 0.110352 0.25 0.000183344
11 0.59668 0.181152 0.078125 0.0205078 0.000184417
9 0.328125 0.811523 0.429688 0.318359 0.000184536
3 0.0678711 0.276367 0.135742 0.232422 0.000184536
13 0.272461 0.337891 0.0605469 0.03125 0.000188351
13 0.726562 0.415039 0.0820312 0.0253906 0.000193
9 0.813477 0.351074 0.373047 0.702148 0.000200033
9 0.0678711 0.276367 0.135742 0.232422 0.000200033
8 0.705566 0.391113 0.0146484 0.0126953 0.000200391
3 0.944824 0.447266 0.110352 0.25 0.000206828
3 0.0644531 0.410156 0.117188 0.222656 0.000208139
11 0.0161133 0.984375 0.0302734 0.0273438 0.000214934
8 0.273438 0.288574 0.0351562 0.0302734 0.000216961
9 0.67041 0.45459 0.194336 0.34082 0.000221014
13 0.37793 0.300293 0.0742188 0.110352 0.000223517
11 0.718262 0.237305 0.100586 0.0957031 0.000232935
8 0.342285 0.282227 0.0126953 0.0117188 0.000233769
3 0.539062 0.359375 0.195312 0.15625 0.000237465
9 0.784668 0.525391 0.129883 0.210938 0.000239372
8 0.362305 0.570312 0.00976562 0.0078125 0.000243306
13 0.741699 0.419434 0.104492 0.0615234 0.000243783
0 0.484863 0.395996 0.145508 0.198242 0.000244141
3 0.196777 0.144531 0.393555 0.271484 0.000245571
5 0.751465 0.464844 0.147461 0.201172 0.000246525
2 0.372559 0.418945 0.0224609 0.0195312 0.000249386
10 0.836426 0.659668 0.0869141 0.0927734 0.000257254
11 0.386719 0.196289 0.113281 0.0214844 0.000283718
0 0.564941 0.307617 0.0908203 0.0507812 0.000285625
0 0.618652 0.353027 0.188477 0.155273 0.000297785
8 0.269531 0.29834 0.0195312 0.0166016 0.000298023
13 0.299316 0.306641 0.139648 0.0996094 0.000299215
8 0.680664 0.456543 0.0214844 0.0146484 0.000303507
6 0.174805 0.139648 0.349609 0.279297 0.000304937
7 0.800781 0.555664 0.113281 0.166016 0.000311136
9 0.27832 0.461914 0.287109 0.373047 0.000314951
5 0.686523 0.48584 0.183594 0.420898 0.000315428
0 0.536133 0.316895 0.160156 0.0908203 0.000329733
13 0.174805 0.139648 0.349609 0.279297 0.000336885
2 0.577148 0.303223 0.0585938 0.0322266 0.000342846
13 0.648926 0.526367 0.0615234 0.175781 0.000346184
9 0.653809 0.487793 0.0673828 0.102539 0.000349998
3 0.736816 0.453613 0.209961 0.364258 0.000359058
11 0.352539 0.211914 0.138672 0.0410156 0.00037384
6 0.567871 0.34082 0.116211 0.115234 0.000380993
11 0.836426 0.659668 0.0869141 0.0927734 0.000383615
5 0.741699 0.410645 0.0712891 0.0478516 0.000384092
13 0.27002 0.331543 0.0869141 0.0498047 0.000386953
9 0.397949 0.811523 0.120117 0.0644531 0.000391006
0 0.56543 0.33252 0.0625 0.0810547 0.000391245
13 0.749512 0.459473 0.19043 0.34082 0.000392914
5 0.737305 0.385742 0.146484 0.191406 0.000396729
7 0.376465 0.345215 0.0478516 0.0380859 0.000402451
9 0.525879 0.365234 0.204102 0.164062 0.0004282
8 0.274414 0.41748 0.0175781 0.0126953 0.00043726
6 0.78125 0.520508 0.140625 0.230469 0.000439644
8 0.334473 0.302246 0.0146484 0.0107422 0.000456095
3 0.617188 0.503906 0.378906 0.263672 0.00045681
9 0.0517578 0.270508 0.101562 0.113281 0.000459671
4 0.567871 0.34082 0.116211 0.115234 0.000475645
11 0.419434 0.209473 0.0634766 0.0205078 0.00048089
7 0.567871 0.34082 0.116211 0.115234 0.000481367
5 0.671387 0.524902 0.27832 0.233398 0.00048399
3 0.58252 0.627441 0.379883 0.145508 0.000498772
13 0.759277 0.422363 0.12207 0.157227 0.000524044
13 0.386719 0.293457 0.0488281 0.0615234 0.000544071
2 0.577148 0.299316 0.03125 0.0263672 0.000575542
3 0.807617 0.290527 0.384766 0.581055 0.000578403
9 0.495117 0.444824 0.162109 0.323242 0.000588417
13 0.220215 0.494629 0.0439453 0.0166016 0.000599384
9 0.376465 0.345215 0.0478516 0.0380859 0.000630856
12 0.567871 0.34082 0.116211 0.115234 0.000678539
11 0.58252 0.572266 0.383789 0.154297 0.000699043
5 0.567871 0.34082 0.116211 0.115234 0.000699997
1 0.567871 0.34082 0.116211 0.115234 0.000710964
7 0.58252 0.572266 0.383789 0.154297 0.000724316
1 0.58252 0.572266 0.383789 0.154297 0.000741482
8 0.751953 0.350098 0.0371094 0.0302734 0.000754833
13 0.567871 0.34082 0.116211 0.115234 0.000768661
6 0.582031 0.564941 0.386719 0.151367 0.000771046
11 0.609863 0.195801 0.112305 0.0478516 0.000782967
5 0.238281 0.52832 0.193359 0.210938 0.000791073
4 0.58252 0.572266 0.383789 0.154297 0.000810623
8 0.581543 0.573242 0.385742 0.134766 0.000813007
12 0.582031 0.564941 0.386719 0.151367 0.000817299
11 0.567871 0.34082 0.116211 0.115234 0.000818253
2 0.582031 0.564941 0.386719 0.151367 0.000823498
5 0.740723 0.418457 0.100586 0.110352 0.00082922
13 0.376953 0.34375 0.0449219 0.0371094 0.000935555
7 0.770996 0.470215 0.143555 0.329102 0.000945091
8 0.568359 0.341309 0.115234 0.118164 0.000958443
6 0.748535 0.447754 0.19043 0.334961 0.000989914
11 0.3125 0.220215 0.0957031 0.0576172 0.00100231
13 0.582031 0.564941 0.386719 0.151367 0.00100422
8 0.671875 0.408691 0.0234375 0.0185547 0.00105286
5 0.582031 0.564941 0.386719 0.151367 0.0010643
2 0.567383 0.32959 0.115234 0.0927734 0.00109386
8 0.372559 0.418945 0.0224609 0.0195312 0.00111866
9 0.952637 0.242676 0.0947266 0.110352 0.00112343
11 0.63623 0.191895 0.0751953 0.0263672 0.00119209
10 0.567871 0.34082 0.116211 0.115234 0.00132751
9 0.649902 0.458008 0.0576172 0.0507812 0.00134373
11 0.37793 0.209473 0.119141 0.0224609 0.00137424
10 0.58252 0.572266 0.383789 0.154297 0.00140095
13 0.75 0.413086 0.0703125 0.0332031 0.00146961
0 0.58252 0.572266 0.383789 0.154297 0.00151443
11 0.28418 0.240234 0.107422 0.0859375 0.00156593
9 0.756348 0.453613 0.172852 0.344727 0.00156784
9 0.568359 0.341309 0.115234 0.118164 0.00157738
11 0.581543 0.196289 0.0537109 0.0390625 0.00182915
9 0.581543 0.571777 0.385742 0.133789 0.00196266
11 0.700195 0.220215 0.0898438 0.0576172 0.00201416
11 0.404297 0.203125 0.0898438 0.0253906 0.00210571
8 0.376465 0.345215 0.0478516 0.0380859 0.00217628
0 0.586426 0.320801 0.0751953 0.0712891 0.0030098
3 0.567871 0.34082 0.116211 0.115234 0.00317192
10 0.854492 0.674316 0.0566406 0.0869141 0.00420761
11 0.621094 0.187012 0.0507812 0.0166016 0.00500488
11 0.605469 0.188477 0.0878906 0.0273438 0.00576782
5 0.78125 0.520508 0.140625 0.230469 0.00627518
11 0.854492 0.674316 0.0566406 0.0869141 0.00657654
5 0.273438 0.46582 0.275391 0.359375 0.00684357
11 0.720215 0.230957 0.0712891 0.0517578 0.0210266
0 0.531738 0.356934 0.188477 0.149414 0.0219269
11 0.290527 0.229492 0.0751953 0.0527344 0.0498047
5 0.746582 0.460938 0.194336 0.34375 0.0776978
0 0.567383 0.338379 0.113281 0.108398 0.612793
3 0.58252 0.575195 0.393555 0.125 0.703125
