11 0.536621 0.339355 0.114258 0.118164 0.000100374
9 0.127441 0.0678711 0.254883 0.135742 0.000101149
1 0.536621 0.341797 0.116211 0.125 0.000102699
3 0.0751953 0.789551 0.0390625 0.0498047 0.000103891
9 0.896484 0.731934 0.128906 0.0966797 0.000103891
3 0.387695 0.68457 0.113281 0.171875 0.000103951
5 0.836914 0.70752 0.216797 0.129883 0.000105143
2 0.468262 0.408691 0.0986328 0.112305 0.000105202
12 0.536621 0.341797 0.116211 0.125 0.000105917
11 0.733398 0.702637 0.142578 0.100586 0.000106037
13 0.0737305 0.791992 0.0361328 0.0507812 0.000106275
2 0.765625 0.683105 0.183594 0.131836 0.000107408
9 0.839355 0.741699 0.131836 0.0927734 0.000107706
11 0.125977 0.17627 0.251953 0.352539 0.000107884
9 0.220215 0.580078 0.231445 0.294922 0.000108004
13 0.632812 0.308105 0.136719 0.18457 0.00011003
9 0.561035 0.227539 0.133789 0.183594 0.000110507
2 0.437012 0.0541992 0.147461 0.108398 0.000118256
13 0.669922 0.649414 0.130859 0.189453 0.000119507
4 0.787109 0.73877 0.324219 0.133789 0.000119627
9 0.418457 0.125977 0.178711 0.238281 0.000120759
13 0.835938 0.535645 0.0742188 0.0205078 0.000121176
6 0.799316 0.709961 0.291992 0.125 0.000122786
11 0.323242 0.208008 0.152344 0.0664062 0.000124335
11 0.769043 0.705566 0.0654297 0.0615234 0.000124574
9 0.739258 0.669434 0.140625 0.139648 0.000126362
11 0.0732422 0.756348 0.0390625 0.118164 0.000127435
10 0.766602 0.980469 0.363281 0.0390625 0.00012815
10 0.0449219 0.799316 0.0800781 0.124023 0.00012958
1 0.787109 0.73877 0.324219 0.133789 0.000130296
9 0.0751953 0.791504 0.0390625 0.0517578 0.000130415
9 0.751953 0.706055 0.111328 0.0722656 0.000133276
9 0.404785 0.550781 0.15918 0.427734 0.000134587
13 0.678711 0.660645 0.0644531 0.129883 0.00013566
0 0.504395 0.315918 0.168945 0.131836 0.000135779
8 0.105469 0.698242 0.015625 0.0136719 0.000135899
9 0.649902 0.735352 0.264648 0.101562 0.000136495
0 0.046875 0.931641 0.09375 0.107422 0.000137091
13 0.536621 0.341797 0.116211 0.125 0.00013876
13 0.827637 0.523926 0.110352 0.0380859 0.000144362
13 0.819824 0.144043 0.360352 0.264648 0.000149131
7 0.536621 0.341797 0.116211 0.125 0.000149369
8 0.536621 0.341797 0.116211 0.125 0.000149846
11 0.856445 0.711914 0.179688 0.0800781 0.000153065
11 0.548828 0.187012 0.0664062 0.0478516 0.000154972
7 0.0751953 0.791504 0.0390625 0.0517578 0.000154972
11 0.269043 0.219238 0.166992 0.0888672 0.000154972
9 0.401855 0.0390625 0.133789 0.078125 0.000156522
2 0.406738 0.0400391 0.0830078 0.0800781 0.000157118
10 0.825684 0.806641 0.348633 0.253906 0.000160575
13 0.230957 0.354004 0.0693359 0.0458984 0.00016427
9 0.773926 0.691406 0.0615234 0.107422 0.000167489
2 0.536621 0.341797 0.116211 0.125 0.000168562
9 0.241699 0.860352 0.391602 0.279297 0.000169516
13 0.611328 0.24707 0.0878906 0.103516 0.000172734
0 0.550293 0.385742 0.137695 0.169922 0.000176311
10 0.536621 0.341797 0.116211 0.125 0.000178695
1 0.489746 0.366699 0.204102 0.174805 0.000181794
9 0.35498 0.667969 0.0478516 0.113281 0.000182271
5 0.536621 0.341797 0.116211 0.125 0.000187159
3 0.562012 0.576172 0.428711 0.320312 0.000187397
13 0.799316 0.709961 0.291992 0.125 0.000191927
8 0.787109 0.73877 0.324219 0.133789 0.000192523
9 0.409668 0.0175781 0.0986328 0.0351562 0.000193
12 0.489746 0.366699 0.204102 0.174805 0.000195146
0 0.563477 0.383789 0.240234 0.242188 0.000202179
13 0.416992 0.355957 0.0527344 0.135742 0.000206947
7 0.543945 0.232422 0.078125 0.136719 0.000221848
2 0.391113 0.54834 0.0361328 0.0341797 0.000222564
0 0.445801 0.413086 0.133789 0.140625 0.00022459
0 0.364258 0.0478516 0.236328 0.0957031 0.000226021
9 0.421387 0.424805 0.0439453 0.0351562 0.000228405
8 0.352539 0.410156 0.0234375 0.0195312 0.000231504
8 0.489746 0.366699 0.204102 0.174805 0.0002352
11 0.573242 0.195801 0.109375 0.0732422 0.000237942
9 0.406738 0.696777 0.143555 0.213867 0.000239015
11 0.601562 0.166992 0.0996094 0.0253906 0.000239849
9 0.391602 0.549316 0.0234375 0.0224609 0.000240564
3 0.577637 0.744141 0.456055 0.257812 0.000247478
9 0.805176 0.699707 0.202148 0.0556641 0.00025177
10 0.0727539 0.79834 0.0595703 0.114258 0.000253439
2 0.402344 0.0195312 0.0644531 0.0390625 0.000254154
2 0.45459 0.428223 0.0283203 0.0302734 0.000261307
11 0.0727539 0.79834 0.0595703 0.114258 0.000267982
5 0.489258 0.368164 0.203125 0.175781 0.000271797
9 0.51416 0.202148 0.174805 0.302734 0.000272036
13 0.927246 0.805176 0.0458984 0.0263672 0.000272751
2 0.720703 0.724121 0.171875 0.0869141 0.000273943
2 0.793945 0.730957 0.318359 0.106445 0.000275612
13 0.489746 0.366699 0.204102 0.174805 0.000279188
11 0.490723 0.352051 0.200195 0.145508 0.000281096
8 0.359375 0.0561523 0.0234375 0.0205078 0.000281811
2 0.384766 0.680664 0.109375 0.175781 0.000283718
13 0.11084 0.199219 0.22168 0.376953 0.000293493
9 0.373535 0.0644531 0.25293 0.128906 0.000298977
9 0.234375 0.770508 0.337891 0.130859 0.000307798
10 0.746582 0.95752 0.381836 0.0810547 0.000312567
11 0.342285 0.194336 0.108398 0.0273438 0.000316381
9 0.73584 0.785156 0.432617 0.210938 0.00031662
9 0.245117 0.539062 0.324219 0.541016 0.000318289
5 0.735352 0.501953 0.349609 0.511719 0.000327349
10 0.489258 0.368164 0.203125 0.175781 0.000336885
13 0.0771484 0.20752 0.154297 0.22168 0.0003438
11 0.711914 0.726562 0.146484 0.0742188 0.000353813
6 0.564941 0.672363 0.463867 0.161133 0.00035429
0 0.787109 0.73877 0.324219 0.133789 0.000359297
7 0.564941 0.672363 0.463867 0.161133 0.000374079
9 0.536133 0.231445 0.0703125 0.136719 0.000380516
11 0.796875 0.724609 0.298828 0.117188 0.000384331
8 0.689453 0.699219 0.015625 0.0117188 0.000389338
11 0.325195 0.199219 0.0722656 0.0175781 0.000395298
8 0.396484 0.594238 0.0117188 0.0107422 0.000397205
11 0.564941 0.672363 0.463867 0.161133 0.000399828
5 0.787109 0.73877 0.324219 0.133789 0.000400543
9 0.495605 0.48291 0.24707 0.399414 0.000408649
4 0.564941 0.672363 0.463867 0.161133 0.000413895
11 0.294922 0.206055 0.115234 0.0449219 0.00041461
8 0.564941 0.672363 0.463867 0.161133 0.00042367
1 0.564941 0.672363 0.463867 0.161133 0.00042367
2 0.498047 0.36377 0.197266 0.166992 0.000429392
11 0.547363 0.227051 0.0810547 0.135742 0.000441313
2 0.564941 0.672363 0.463867 0.161133 0.000472307
13 0.564941 0.672363 0.463867 0.161133 0.00047636
12 0.564941 0.672363 0.463867 0.161133 0.00048542
7 0.712402 0.718262 0.170898 0.0888672 0.000502586
9 0.394043 0.714844 0.114258 0.111328 0.000504017
8 0.378906 0.630859 0.0117188 0.0117188 0.000516891
3 0.489258 0.368164 0.203125 0.175781 0.000518799
12 0.78418 0.739746 0.333984 0.133789 0.000520229
10 0.0874023 0.793945 0.0595703 0.0761719 0.000531673
11 0.318359 0.188477 0.103516 0.0273438 0.000538826
5 0.23291 0.612793 0.170898 0.178711 0.000553608
13 0.127441 0.0678711 0.254883 0.135742 0.000554085
13 0.720703 0.715332 0.160156 0.0830078 0.000559807
7 0.858398 0.716309 0.175781 0.0869141 0.000607491
13 0.766113 0.682129 0.0732422 0.141602 0.000608444
13 0.765625 0.683105 0.183594 0.131836 0.000609875
3 0.536621 0.339355 0.114258 0.118164 0.000624657
7 0.804688 0.691406 0.251953 0.123047 0.000668526
0 0.492676 0.432129 0.196289 0.15918 0.000698566
9 0.473145 0.0849609 0.213867 0.169922 0.000700474
11 0.672363 0.183105 0.0771484 0.0419922 0.000722885
9 0.773926 0.706543 0.374023 0.268555 0.000734806
10 0.787109 0.73877 0.324219 0.133789 0.000747204
5 0.563965 0.663086 0.461914 0.160156 0.000762463
11 0.0874023 0.793945 0.0595703 0.0761719 0.000789165
10 0.564941 0.672363 0.463867 0.161133 0.000810623
9 0.536621 0.341797 0.116211 0.125 0.000842094
0 0.564941 0.672363 0.463867 0.161133 0.000869751
11 0.610352 0.175781 0.111328 0.0253906 0.000903606
9 0.705566 0.765625 0.25293 0.152344 0.000950336
11 0.357422 0.203613 0.0820312 0.0361328 0.000976086
13 0.849609 0.529785 0.0683594 0.0283203 0.00106525
11 0.228516 0.236328 0.0605469 0.0507812 0.00108624
8 0.391113 0.549316 0.0244141 0.0224609 0.00111485
9 0.778809 0.68457 0.104492 0.160156 0.0011301
3 0.78418 0.739746 0.333984 0.133789 0.00116634
11 0.283691 0.200195 0.0693359 0.0332031 0.00122356
9 0.489746 0.366699 0.204102 0.174805 0.00122643
7 0.787109 0.73877 0.324219 0.133789 0.00128555
9 0.447266 0.0512695 0.162109 0.102539 0.00128937
9 0.373535 0.680664 0.0810547 0.162109 0.00144291
2 0.39209 0.548828 0.0244141 0.0214844 0.0014658
9 0.703125 0.708008 0.240234 0.136719 0.00150013
9 0.859863 0.762695 0.196289 0.162109 0.00154209
9 0.79248 0.68457 0.186523 0.203125 0.00167847
2 0.36084 0.668945 0.0556641 0.115234 0.00172997
9 0.563965 0.670898 0.463867 0.148438 0.0018158
13 0.373535 0.680664 0.0810547 0.162109 0.00220108
11 0.689453 0.193359 0.0761719 0.0507812 0.00242996
5 0.220215 0.580078 0.231445 0.294922 0.00248146
0 0.494629 0.445801 0.237305 0.317383 0.00253487
11 0.575684 0.178711 0.104492 0.0351562 0.00275421
9 0.79248 0.69043 0.280273 0.0996094 0.00315094
11 0.260254 0.211426 0.0810547 0.0498047 0.00347137
5 0.245117 0.539062 0.324219 0.541016 0.00497818
13 0.355957 0.668457 0.0498047 0.116211 0.00563431
11 0.319336 0.201172 0.121094 0.0273438 0.00970459
9 0.720703 0.724121 0.171875 0.0869141 0.0106888
9 0.841797 0.719238 0.212891 0.0888672 0.015007
11 0.244629 0.224609 0.0849609 0.0625 0.0175934
10 0.0751953 0.791504 0.0390625 0.0517578 0.0220032
11 0.0751953 0.791504 0.0390625 0.0517578 0.0270538
0 0.536133 0.342285 0.115234 0.120117 0.0787354
0 0.489746 0.366699 0.204102 0.174805 0.104919
9 0.787109 0.73877 0.324219 0.133789 0.139893
3 0.564941 0.668945 0.46582 0.134766 0.442139
