9 0.262207 0.78418 0.0576172 0.0371094 0.000201225
4 0.425293 0.50293 0.102539 0.205078 0.000201344
8 0.350586 0.80127 0.0214844 0.0185547 0.000201464
5 0.526855 0.498535 0.24707 0.170898 0.000202179
13 0.208984 0.735352 0.09375 0.0683594 0.000202298
5 0.233887 0.73291 0.102539 0.0888672 0.000203848
11 0.280273 0.768066 0.142578 0.0361328 0.000205159
13 0.569336 0.747559 0.394531 0.116211 0.000205636
7 0.328125 0.730469 0.177734 0.117188 0.000207305
5 0.316895 0.525391 0.161133 0.189453 0.000207424
2 0.297363 0.538086 0.202148 0.169922 0.000207424
9 0.313965 0.657227 0.106445 0.0800781 0.000212669
4 0.415527 0.648438 0.110352 0.21875 0.000213265
8 0.566895 0.741699 0.387695 0.135742 0.000215769
13 0.317383 0.44873 0.0605469 0.0615234 0.000216484
2 0.358398 0.600586 0.121094 0.189453 0.000218511
9 0.40918 0.490723 0.0976562 0.15332 0.00021863
5 0.262207 0.665039 0.198242 0.263672 0.000219226
10 0.287109 0.541992 0.212891 0.185547 0.000220299
9 0.226074 0.756348 0.112305 0.0673828 0.000221491
11 0.293457 0.592773 0.204102 0.257812 0.000222206
10 0.405762 0.0161133 0.245117 0.0322266 0.000225544
12 0.254883 0.746094 0.0996094 0.0605469 0.000226259
13 0.337402 0.614258 0.12793 0.166016 0.000226855
0 0.620605 0.495117 0.0830078 0.146484 0.000227809
13 0.31543 0.563965 0.130859 0.108398 0.000229359
2 0.566895 0.741699 0.387695 0.135742 0.00023067
3 0.216797 0.226074 0.433594 0.225586 0.00023365
13 0.270996 0.483887 0.129883 0.135742 0.000234127
11 0.569336 0.745117 0.384766 0.126953 0.000234485
7 0.42627 0.707031 0.196289 0.175781 0.000235915
11 0.154297 0.825684 0.0332031 0.0537109 0.000236511
13 0.675293 0.465332 0.0556641 0.0771484 0.00023663
2 0.315918 0.67041 0.235352 0.223633 0.000237346
6 0.299805 0.759766 0.164062 0.0390625 0.000243068
12 0.567383 0.737793 0.386719 0.15332 0.000243187
13 0.731934 0.394531 0.0634766 0.0507812 0.000244021
13 0.30127 0.395508 0.0712891 0.0507812 0.000249147
8 0.317871 0.700195 0.235352 0.203125 0.000249147
13 0.371582 0.433105 0.0654297 0.0615234 0.000249386
9 0.23584 0.736328 0.0712891 0.0507812 0.000257969
7 0.279297 0.497559 0.140625 0.161133 0.00026083
10 0.254883 0.74707 0.0976562 0.0566406 0.000261784
6 0.221191 0.753906 0.108398 0.0449219 0.000262976
4 0.382324 0.582031 0.0869141 0.103516 0.000263929
8 0.261719 0.778809 0.0488281 0.0263672 0.000264645
11 0.661133 0.304688 0.117188 0.03125 0.000271559
7 0.269043 0.760742 0.204102 0.09375 0.000272036
6 0.328613 0.415527 0.0498047 0.0556641 0.000274181
13 0.207031 0.76709 0.105469 0.0810547 0.000274658
9 0.343262 0.760254 0.106445 0.0341797 0.000278711
8 0.258789 0.687012 0.0371094 0.0263672 0.000279188
13 0.526855 0.498535 0.24707 0.170898 0.000279427
5 0.302246 0.577637 0.204102 0.124023 0.000279427
13 0.296387 0.449707 0.0654297 0.0458984 0.000289202
13 0.29541 0.490723 0.0556641 0.0810547 0.000291109
7 0.245117 0.596191 0.121094 0.0693359 0.000293255
11 0.33252 0.76123 0.143555 0.0302734 0.000296116
8 0.297363 0.716309 0.163086 0.120117 0.000296831
13 0.262207 0.665039 0.198242 0.263672 0.000297785
8 0.483887 0.461426 0.176758 0.163086 0.000298023
5 0.811523 0.702637 0.154297 0.225586 0.000299454
11 0.330078 0.333008 0.0722656 0.0332031 0.000300169
11 0.254883 0.74707 0.0996094 0.0566406 0.000303745
9 0.25 0.79541 0.160156 0.0712891 0.000303984
7 0.243164 0.762695 0.0839844 0.0273438 0.000306129
11 0.398438 0.00927734 0.193359 0.0185547 0.000306606
8 0.422852 0.66748 0.119141 0.204102 0.000310421
1 0.315918 0.67041 0.235352 0.223633 0.000310659
2 0.526855 0.498535 0.24707 0.170898 0.000311613
10 0.526855 0.498535 0.24707 0.170898 0.000313044
9 0.317871 0.580078 0.182617 0.146484 0.00031352
8 0.295898 0.651367 0.132812 0.136719 0.000316143
5 0.443359 0.453125 0.0839844 0.154297 0.000318527
3 0.841797 0.507812 0.316406 0.740234 0.000319242
13 0.300781 0.447266 0.0214844 0.0195312 0.000319242
11 0.358398 0.600586 0.121094 0.189453 0.00032115
13 0.255859 0.555176 0.146484 0.157227 0.000325203
11 0.315918 0.67041 0.235352 0.223633 0.000326633
11 0.338867 0.325684 0.113281 0.0458984 0.000326872
9 0.40332 0.55957 0.119141 0.162109 0.000328064
13 0.275879 0.609863 0.0869141 0.0458984 0.000328302
9 0.4375 0.448242 0.0605469 0.0722656 0.00033164
8 0.364746 0.716309 0.0771484 0.0849609 0.000333548
5 0.567383 0.737793 0.386719 0.15332 0.0003407
9 0.425293 0.775879 0.100586 0.120117 0.000341177
1 0.526855 0.498535 0.24707 0.170898 0.000344992
9 0.308105 0.786133 0.196289 0.0625 0.000355959
9 0.328613 0.415527 0.0498047 0.0556641 0.000366688
7 0.262207 0.768555 0.104492 0.0722656 0.000366688
12 0.526855 0.498535 0.24707 0.170898 0.000367165
7 0.301758 0.770508 0.162109 0.03125 0.00036931
13 0.686523 0.739258 0.130859 0.128906 0.000371933
4 0.365234 0.705078 0.115234 0.101562 0.000377655
8 0.334473 0.686523 0.0791016 0.103516 0.000380754
0 0.537109 0.577148 0.279297 0.298828 0.000406981
6 0.222168 0.730469 0.0478516 0.0332031 0.000408411
6 0.587891 0.473145 0.125 0.124023 0.000413418
6 0.324219 0.657227 0.130859 0.0820312 0.000416756
1 0.293457 0.592773 0.204102 0.257812 0.000423908
13 0.289551 0.745117 0.170898 0.0878906 0.000432014
4 0.277832 0.694336 0.188477 0.171875 0.000436306
11 0.43457 0.0151367 0.21875 0.0302734 0.000436783
11 0.333008 0.419922 0.0390625 0.046875 0.000439644
4 0.525391 0.515625 0.253906 0.199219 0.00044632
7 0.324707 0.412109 0.0556641 0.0546875 0.000447035
5 0.26123 0.707031 0.15918 0.140625 0.00045228
6 0.308105 0.670898 0.282227 0.269531 0.000463009
8 0.425293 0.50293 0.102539 0.205078 0.000469208
11 0.505859 0.0185547 0.253906 0.0371094 0.00047636
7 0.220703 0.754883 0.107422 0.0429688 0.000479221
9 0.269043 0.760742 0.204102 0.09375 0.00047946
10 0.568848 0.73877 0.389648 0.131836 0.000489712
8 0.393555 0.59082 0.0859375 0.09375 0.000490665
13 0.241699 0.764648 0.0498047 0.0175781 0.000492096
0 0.568848 0.746094 0.389648 0.128906 0.000493526
4 0.587891 0.473145 0.125 0.124023 0.000506401
2 0.224121 0.724609 0.0263672 0.0195312 0.000513554
7 0.233398 0.728516 0.046875 0.0332031 0.000515461
9 0.263672 0.730957 0.134766 0.104492 0.000517845
13 0.237793 0.727051 0.0673828 0.0595703 0.000518322
9 0.286621 0.816895 0.254883 0.100586 0.000522137
11 0.404297 0.316406 0.115234 0.0292969 0.000526428
7 0.295898 0.651367 0.132812 0.136719 0.000555038
11 0.285156 0.353027 0.0664062 0.0458984 0.000555992
7 0.376953 0.53125 0.0644531 0.078125 0.000558376
7 0.587891 0.473145 0.125 0.124023 0.000562668
4 0.366211 0.552734 0.0957031 0.119141 0.000574112
13 0.23584 0.711914 0.0927734 0.103516 0.00057888
13 0.313965 0.504395 0.118164 0.133789 0.000582695
5 0.790527 0.527344 0.15918 0.214844 0.000598431
7 0.365234 0.705078 0.115234 0.101562 0.000598907
12 0.287109 0.623535 0.253906 0.344727 0.000599384
11 0.526855 0.498535 0.24707 0.170898 0.000610352
13 0.181641 0.758789 0.0488281 0.0175781 0.00061512
1 0.358398 0.600586 0.121094 0.189453 0.000617981
6 0.366699 0.553223 0.0986328 0.124023 0.000631332
13 0.358887 0.417969 0.0732422 0.0585938 0.000631809
8 0.297363 0.538086 0.202148 0.169922 0.000635147
9 0.436523 0.734863 0.142578 0.227539 0.000638962
1 0.254395 0.746582 0.0986328 0.0595703 0.000639915
11 0.368164 0.322754 0.128906 0.0283203 0.000646591
13 0.268555 0.45752 0.0761719 0.0439453 0.000660896
13 0.304199 0.453613 0.0302734 0.0283203 0.000661373
10 0.330078 0.635742 0.183594 0.269531 0.000673294
7 0.483887 0.461426 0.176758 0.163086 0.000673771
2 0.443359 0.453125 0.0839844 0.154297 0.000674248
13 0.443359 0.453125 0.0839844 0.154297 0.000689983
3 0.443359 0.453125 0.0839844 0.154297 0.000689983
5 0.358398 0.600586 0.121094 0.189453 0.00069952
5 0.587891 0.477051 0.125 0.129883 0.000700474
13 0.678711 0.741699 0.0507812 0.12207 0.000716209
13 0.361328 0.42041 0.046875 0.0400391 0.000716209
7 0.452637 0.399902 0.0927734 0.19043 0.000728607
13 0.232422 0.72168 0.046875 0.0253906 0.000730515
13 0.587891 0.473145 0.125 0.124023 0.000736237
8 0.233398 0.736816 0.0566406 0.0458984 0.000740528
12 0.587891 0.477051 0.125 0.129883 0.00075388
7 0.416016 0.46875 0.162109 0.246094 0.000763893
9 0.302734 0.75293 0.1875 0.0566406 0.000769615
1 0.587891 0.473145 0.125 0.124023 0.000789642
12 0.442871 0.455078 0.0830078 0.150391 0.000814915
11 0.443359 0.453125 0.0839844 0.154297 0.000815392
13 0.268555 0.601074 0.138672 0.0673828 0.000828266
11 0.587891 0.473145 0.125 0.124023 0.000833988
0 0.483887 0.461426 0.176758 0.163086 0.000860691
4 0.224609 0.724121 0.0273438 0.0205078 0.000874043
6 0.289551 0.592285 0.192383 0.108398 0.000877857
0 0.442871 0.455078 0.0830078 0.150391 0.000887394
8 0.427246 0.484375 0.0615234 0.09375 0.000888348
6 0.27832 0.70166 0.189453 0.163086 0.000895977
9 0.44873 0.59082 0.176758 0.314453 0.000928879
10 0.443359 0.453125 0.0839844 0.154297 0.000934601
13 0.29248 0.766113 0.157227 0.0361328 0.000937462
7 0.32959 0.591309 0.157227 0.108398 0.000938416
6 0.224609 0.724121 0.0273438 0.0205078 0.000944614
8 0.355469 0.634766 0.171875 0.25 0.000946522
13 0.222656 0.768555 0.101562 0.0214844 0.000957489
7 0.519531 0.519531 0.246094 0.214844 0.000984192
11 0.306641 0.342773 0.0644531 0.0371094 0.000987053
3 0.525391 0.515625 0.253906 0.199219 0.00100422
13 0.222168 0.730469 0.0478516 0.0332031 0.00101089
9 0.280273 0.778809 0.142578 0.0380859 0.00101185
9 0.527832 0.526855 0.243164 0.209961 0.00102711
9 0.291504 0.621582 0.235352 0.331055 0.0010519
9 0.383789 0.589844 0.0800781 0.0957031 0.00106049
9 0.362793 0.533203 0.196289 0.226562 0.00111771
8 0.587891 0.477539 0.125 0.128906 0.00112724
2 0.587891 0.477539 0.125 0.128906 0.00114632
7 0.250488 0.579102 0.141602 0.152344 0.00115013
6 0.261719 0.536133 0.154297 0.203125 0.00115013
7 0.303711 0.756348 0.185547 0.0478516 0.00116825
4 0.416016 0.700195 0.0917969 0.119141 0.00117779
9 0.566895 0.741699 0.387695 0.135742 0.00119114
8 0.519531 0.519531 0.246094 0.214844 0.00120163
13 0.329102 0.409668 0.09375 0.104492 0.00120544
8 0.374512 0.705078 0.135742 0.107422 0.00123501
9 0.384766 0.623535 0.158203 0.27832 0.00124359
13 0.349609 0.460449 0.146484 0.166992 0.00125217
7 0.233398 0.708496 0.121094 0.145508 0.00126266
4 0.262695 0.731445 0.132812 0.0957031 0.00128746
6 0.23584 0.736328 0.0712891 0.0507812 0.00129509
9 0.224121 0.724609 0.0263672 0.0195312 0.0012989
13 0.367188 0.563965 0.105469 0.131836 0.00132561
13 0.345215 0.426758 0.0419922 0.0449219 0.00132751
9 0.446289 0.396973 0.0917969 0.180664 0.00140381
13 0.293457 0.46875 0.100586 0.0878906 0.00141716
11 0.620605 0.306152 0.0693359 0.0263672 0.0014267
0 0.60791 0.456543 0.0810547 0.0947266 0.001441
5 0.254883 0.74707 0.0996094 0.0566406 0.00150394
10 0.587891 0.477051 0.125 0.129883 0.00152111
13 0.358887 0.455566 0.0732422 0.0927734 0.00152397
13 0.26123 0.707031 0.15918 0.140625 0.00157833
7 0.362793 0.533203 0.196289 0.226562 0.00161839
9 0.587891 0.477539 0.125 0.128906 0.00169182
3 0.574707 0.733887 0.40918 0.25293 0.0017395
1 0.443359 0.453125 0.0839844 0.154297 0.00175571
4 0.315918 0.657227 0.108398 0.078125 0.00179291
6 0.321289 0.553223 0.160156 0.147461 0.00181389
7 0.415527 0.648438 0.110352 0.21875 0.0018158
4 0.297363 0.538086 0.202148 0.169922 0.00181675
13 0.289551 0.592285 0.192383 0.108398 0.00184917
6 0.443359 0.453125 0.0839844 0.154297 0.00185394
9 0.301758 0.767578 0.162109 0.03125 0.00186253
5 0.261719 0.536133 0.154297 0.203125 0.00187397
4 0.318359 0.641602 0.195312 0.248047 0.0019722
10 0.332031 0.687988 0.144531 0.141602 0.00206947
8 0.375 0.561523 0.103516 0.134766 0.00216293
7 0.411133 0.543945 0.121094 0.183594 0.00216866
9 0.416016 0.46875 0.162109 0.246094 0.0022068
7 0.28125 0.699219 0.207031 0.185547 0.00229454
10 0.154785 0.82666 0.0205078 0.0283203 0.0023365
8 0.224121 0.728027 0.0400391 0.0322266 0.00234032
7 0.26123 0.606445 0.182617 0.263672 0.00236511
5 0.329102 0.680664 0.148438 0.162109 0.00238037
8 0.254883 0.746094 0.0996094 0.0605469 0.002388
9 0.283691 0.531738 0.194336 0.186523 0.00242424
9 0.43457 0.52002 0.0839844 0.19043 0.00244904
5 0.789062 0.606934 0.193359 0.407227 0.00247955
7 0.431152 0.485352 0.0693359 0.103516 0.00250626
13 0.224121 0.724609 0.0263672 0.0195312 0.00252151
7 0.315918 0.657227 0.108398 0.078125 0.00263214
13 0.328613 0.458008 0.0771484 0.109375 0.00263405
9 0.255371 0.747559 0.100586 0.0576172 0.00267792
9 0.422852 0.66748 0.119141 0.204102 0.00271606
12 0.32959 0.688965 0.163086 0.139648 0.00272942
9 0.427246 0.484375 0.0615234 0.09375 0.00274467
13 0.291504 0.593262 0.223633 0.21582 0.00278664
13 0.243164 0.762695 0.0839844 0.0273438 0.00285721
7 0.23584 0.736328 0.0712891 0.0507812 0.00292206
7 0.383301 0.590332 0.0810547 0.0966797 0.00292778
8 0.313965 0.657227 0.106445 0.0800781 0.00312042
3 0.587891 0.473145 0.125 0.124023 0.00312424
11 0.154297 0.827148 0.0214844 0.0292969 0.00339127
7 0.224121 0.724609 0.0263672 0.0195312 0.0033989
9 0.367188 0.562988 0.105469 0.12793 0.00358772
6 0.262695 0.731445 0.132812 0.0957031 0.00362396
11 0.42334 0.324219 0.0966797 0.0292969 0.00375748
4 0.358398 0.600586 0.121094 0.189453 0.00382042
13 0.197266 0.760742 0.0683594 0.0253906 0.00393295
11 0.330566 0.688477 0.155273 0.142578 0.00439835
0 0.32959 0.688965 0.163086 0.139648 0.00441742
2 0.331543 0.688477 0.155273 0.144531 0.00448608
9 0.416016 0.700195 0.0917969 0.119141 0.0045166
13 0.221191 0.756836 0.108398 0.0390625 0.0049324
8 0.41748 0.70459 0.0927734 0.118164 0.00502014
7 0.366211 0.552734 0.0957031 0.119141 0.00505066
5 0.293457 0.592773 0.204102 0.257812 0.00559616
6 0.358398 0.600586 0.121094 0.189453 0.0057106
4 0.254883 0.746582 0.0976562 0.0595703 0.00645065
9 0.490723 0.473145 0.178711 0.209961 0.0066185
13 0.249023 0.744629 0.09375 0.0634766 0.0069313
3 0.330078 0.6875 0.152344 0.134766 0.0072937
7 0.416016 0.700195 0.0917969 0.119141 0.00922394
13 0.296875 0.525879 0.183594 0.206055 0.0092392
13 0.329102 0.680664 0.148438 0.162109 0.00954437
7 0.262695 0.731445 0.132812 0.0957031 0.0101471
13 0.318359 0.410156 0.0605469 0.0605469 0.0108185
9 0.331543 0.688477 0.155273 0.144531 0.0116577
1 0.330566 0.688477 0.155273 0.142578 0.0127258
4 0.443359 0.453125 0.0839844 0.154297 0.0131989
13 0.338379 0.437012 0.0537109 0.0771484 0.0141144
6 0.293457 0.592773 0.204102 0.257812 0.0167542
7 0.286133 0.539062 0.201172 0.181641 0.0184326
6 0.254883 0.74707 0.0976562 0.0566406 0.0197906
7 0.318359 0.641602 0.195312 0.248047 0.020401
8 0.443359 0.457031 0.0859375 0.150391 0.0228577
7 0.358398 0.600586 0.121094 0.189453 0.0231934
6 0.329102 0.680664 0.148438 0.162109 0.0358582
0 0.526855 0.498535 0.24707 0.170898 0.0400391
13 0.332031 0.42041 0.0390625 0.0478516 0.0466003
7 0.254883 0.74707 0.0996094 0.0566406 0.0505371
8 0.224609 0.724121 0.0273438 0.0205078 0.061554
7 0.443359 0.453125 0.0839844 0.154297 0.0878296
4 0.32959 0.686035 0.155273 0.133789 0.134399
9 0.438965 0.453125 0.0810547 0.15625 0.134766
8 0.329102 0.687012 0.154297 0.135742 0.142822
7 0.331543 0.6875 0.143555 0.136719 0.166016
3 0.569824 0.746582 0.393555 0.116211 0.241699
0 0.587891 0.477051 0.125 0.129883 0.63623
