10 0.0986328 0.452637 0.189453 0.647461 0.000100911
3 0.847168 0.618652 0.18457 0.241211 0.000102758
8 0.27002 0.534668 0.0634766 0.0302734 0.000104547
5 0.45166 0.602051 0.358398 0.293945 0.000105143
13 0.27002 0.534668 0.0634766 0.0302734 0.0001055
2 0.327148 0.45752 0.0136719 0.0126953 0.000105858
13 0.348633 0.320312 0.160156 0.175781 0.000106037
5 0.167969 0.630859 0.287109 0.160156 0.000106156
5 0.580078 0.618652 0.447266 0.208008 0.00010711
10 0.755859 0.730469 0.398438 0.0800781 0.000107467
8 0.395508 0.533203 0.015625 0.0136719 0.000107527
13 0.249512 0.347168 0.12207 0.0517578 0.000107586
13 0.76123 0.364258 0.0810547 0.0742188 0.000107765
10 0.283691 0.498535 0.458008 0.700195 0.000107884
11 0.0161133 0.0893555 0.0322266 0.106445 0.000107944
9 0.124512 0.94873 0.192383 0.102539 0.000108182
9 0.181641 0.380859 0.207031 0.171875 0.000109136
6 0.810059 0.525879 0.282227 0.420898 0.000110626
11 0.0766602 0.989746 0.0810547 0.0205078 0.000111401
3 0.518066 0.450195 0.305664 0.460938 0.000114381
13 0.600098 0.309082 0.133789 0.135742 0.00011605
9 0.172363 0.982422 0.0224609 0.0253906 0.000116348
9 0.0693359 0.692871 0.134766 0.239258 0.000117302
11 0.627441 0.177246 0.0458984 0.0341797 0.000118792
5 0.334961 0.629395 0.398438 0.217773 0.000118852
5 0.54248 0.442383 0.307617 0.394531 0.000118911
10 0.0541992 0.688965 0.102539 0.131836 0.000121117
9 0.702148 0.360352 0.386719 0.398438 0.000123262
9 0.452637 0.549805 0.211914 0.398438 0.00012362
6 0.231445 0.384766 0.314453 0.382812 0.000123739
10 0.212402 0.702148 0.424805 0.167969 0.000125289
13 0.869629 0.663574 0.149414 0.161133 0.000125289
11 0.432617 0.163574 0.0761719 0.0478516 0.000125408
9 0.227051 0.334473 0.120117 0.0712891 0.000126243
9 0.466797 0.278809 0.138672 0.22168 0.000126362
2 0.604004 0.220703 0.0283203 0.0332031 0.000127316
5 0.388184 0.493652 0.176758 0.40332 0.000127792
0 0.827637 0.595215 0.237305 0.319336 0.000128865
8 0.75 0.651367 0.0214844 0.0175781 0.000128984
9 0.308105 0.266602 0.313477 0.263672 0.000132918
13 0.273438 0.527344 0.117188 0.0566406 0.000133157
9 0.414062 0.643066 0.136719 0.180664 0.000135183
9 0.473145 0.136719 0.18457 0.242188 0.000135899
5 0.945312 0.435059 0.105469 0.641602 0.000137925
13 0.291992 0.575195 0.181641 0.128906 0.000138521
11 0.646484 0.150879 0.0839844 0.0419922 0.00013876
10 0.827637 0.595215 0.237305 0.319336 0.00013876
5 0.274902 0.577148 0.208008 0.136719 0.000141978
9 0.214355 0.220215 0.428711 0.325195 0.000146031
11 0.00878906 0.0976562 0.0175781 0.0761719 0.000148296
13 0.230957 0.370605 0.290039 0.272461 0.000148535
5 0.35498 0.349609 0.198242 0.296875 0.000151277
11 0.651855 0.138672 0.0576172 0.0136719 0.000151396
10 0.0693359 0.990234 0.0664062 0.0195312 0.000151992
10 0.207031 0.933105 0.333984 0.131836 0.000152469
11 0.507812 0.00585938 0.09375 0.0117188 0.000153661
7 0.949219 0.412598 0.0976562 0.600586 0.00015378
9 0.396484 0.736816 0.308594 0.249023 0.000154376
9 0.074707 0.876953 0.135742 0.238281 0.000154853
0 0.476074 0.321289 0.166992 0.121094 0.000155926
12 0.798828 0.589844 0.292969 0.341797 0.000157356
7 0.451172 0.277832 0.0664062 0.161133 0.000160456
10 0.210449 0.874023 0.385742 0.226562 0.000161409
5 0.289062 0.330078 0.234375 0.164062 0.0001719
8 0.745117 0.430176 0.0214844 0.0185547 0.000174999
11 0.416504 0.150879 0.0810547 0.0283203 0.000176907
2 0.608887 0.275391 0.0556641 0.046875 0.000177264
8 0.902344 0.549805 0.0234375 0.0253906 0.000179052
5 0.203613 0.410156 0.129883 0.0878906 0.000179172
7 0.837891 0.585938 0.212891 0.318359 0.000179291
8 0.677246 0.525391 0.0244141 0.0175781 0.000182629
10 0.0932617 0.944824 0.161133 0.110352 0.000182748
9 0.0493164 0.496582 0.0986328 0.59082 0.000183582
9 0.453125 0.642578 0.341797 0.238281 0.000184178
8 0.365723 0.290039 0.0185547 0.015625 0.000184774
5 0.791016 0.469727 0.263672 0.216797 0.000185609
13 0.217285 0.338867 0.0810547 0.0351562 0.000187397
9 0.0195312 0.959961 0.0371094 0.0800781 0.000189543
10 0.897949 0.721191 0.149414 0.12207 0.000194907
13 0.200195 0.418457 0.0898438 0.0283203 0.000197291
11 0.28125 0.177734 0.117188 0.0722656 0.000198603
6 0.869629 0.663574 0.149414 0.161133 0.000200152
5 0.116211 0.615234 0.207031 0.277344 0.000200868
9 0.210449 0.874023 0.385742 0.226562 0.00020349
9 0.0820312 0.66748 0.107422 0.0966797 0.000205278
9 0.206543 0.95752 0.319336 0.0810547 0.000205994
2 0.601074 0.309082 0.12207 0.116211 0.000206947
13 0.203613 0.382324 0.198242 0.170898 0.000210047
9 0.344238 0.684082 0.495117 0.116211 0.000213981
5 0.131836 0.358398 0.238281 0.603516 0.000216961
10 0.112305 0.989746 0.111328 0.0205078 0.00021708
9 0.54541 0.245605 0.250977 0.18457 0.000223279
9 0.799805 0.678223 0.298828 0.176758 0.000223637
11 0.780273 0.450684 0.408203 0.68457 0.000224352
9 0.608887 0.316895 0.12793 0.163086 0.000230908
9 0.230957 0.370605 0.290039 0.272461 0.000232458
11 0.766113 0.164551 0.0888672 0.0556641 0.000233173
8 0.669922 0.43457 0.03125 0.0273438 0.000233412
9 0.239746 0.347656 0.161133 0.123047 0.000235081
9 0.451172 0.277832 0.0664062 0.161133 0.000237346
5 0.702148 0.360352 0.386719 0.398438 0.000237465
3 0.945312 0.435059 0.105469 0.641602 0.000242949
9 0.0371094 0.966309 0.0234375 0.0517578 0.000246763
5 0.822754 0.700195 0.256836 0.142578 0.000247002
9 0.602539 0.21875 0.0292969 0.0351562 0.000252247
5 0.290527 0.463867 0.213867 0.478516 0.000252724
2 0.412109 0.486816 0.0136719 0.0107422 0.000252724
9 0.546387 0.0771484 0.270508 0.152344 0.000254393
10 0.0844727 0.967285 0.116211 0.0654297 0.000255108
11 0.231445 0.419434 0.462891 0.641602 0.000256062
8 0.26416 0.537598 0.0361328 0.0224609 0.000264406
13 0.837891 0.585938 0.212891 0.318359 0.000267744
9 0.11377 0.794434 0.208008 0.366211 0.000275135
10 0.0498047 0.45459 0.0957031 0.59082 0.000277042
11 0.63623 0.169922 0.0732422 0.0429688 0.000277996
5 0.839355 0.526855 0.18457 0.25293 0.000284672
9 0.34668 0.504395 0.310547 0.588867 0.000285149
7 0.205566 0.378418 0.227539 0.21582 0.00028801
9 0.183594 0.981445 0.261719 0.0351562 0.000288248
10 0.0771484 0.98291 0.0859375 0.0322266 0.000288963
7 0.241211 0.34375 0.130859 0.09375 0.000289202
9 0.652344 0.501465 0.460938 0.520508 0.000290394
5 0.273438 0.527344 0.117188 0.0566406 0.000297546
4 0.82373 0.4375 0.338867 0.660156 0.0002985
0 0.621582 0.283203 0.15918 0.185547 0.000298738
7 0.540527 0.336914 0.25293 0.197266 0.000303507
10 0.975586 0.412598 0.0488281 0.584961 0.000304222
6 0.540527 0.336914 0.25293 0.197266 0.000309467
5 0.236328 0.449219 0.326172 0.220703 0.000309706
7 0.86377 0.649414 0.161133 0.183594 0.000310183
9 0.131836 0.358398 0.238281 0.603516 0.000314951
1 0.780273 0.450684 0.408203 0.68457 0.000316143
6 0.205566 0.378418 0.227539 0.21582 0.000325918
3 0.556152 0.967773 0.514648 0.0644531 0.000335932
3 0.553223 0.537109 0.508789 0.429688 0.00034523
5 0.23291 0.685547 0.420898 0.173828 0.000349283
0 0.519531 0.451172 0.292969 0.484375 0.000353098
1 0.231445 0.419434 0.462891 0.641602 0.000360966
9 0.17334 0.989746 0.0283203 0.0166016 0.000362873
5 0.165039 0.558594 0.210938 0.267578 0.000364304
0 0.616211 0.347168 0.210938 0.213867 0.000365496
4 0.231445 0.419434 0.462891 0.641602 0.000375032
5 0.652344 0.501465 0.460938 0.520508 0.000381947
9 0.249023 0.633789 0.484375 0.416016 0.000383377
9 0.866699 0.65332 0.139648 0.179688 0.000384092
6 0.241211 0.34375 0.132812 0.09375 0.000389099
9 0.172363 0.989258 0.161133 0.0195312 0.000391245
4 0.540527 0.336914 0.25293 0.197266 0.000392199
5 0.250977 0.268555 0.453125 0.333984 0.000404358
1 0.540527 0.336914 0.25293 0.197266 0.000404596
6 0.848145 0.602051 0.192383 0.286133 0.000420332
8 0.780273 0.450684 0.408203 0.68457 0.000427008
8 0.241211 0.452148 0.466797 0.642578 0.000430346
12 0.540527 0.336914 0.25293 0.197266 0.00043726
2 0.780273 0.450684 0.408203 0.68457 0.000440359
9 0.219238 0.779785 0.438477 0.299805 0.000454426
9 0.94043 0.431641 0.115234 0.677734 0.000458956
9 0.570801 0.61377 0.459961 0.22168 0.000462532
2 0.241211 0.452148 0.466797 0.642578 0.000479698
9 0.174316 0.989746 0.0654297 0.0205078 0.000482321
5 0.188477 0.399414 0.214844 0.175781 0.000504017
2 0.542969 0.322754 0.25 0.174805 0.000537395
5 0.540527 0.336914 0.25293 0.197266 0.000543118
0 0.780273 0.450684 0.408203 0.68457 0.000554085
9 0.789551 0.731445 0.352539 0.0898438 0.00056076
8 0.540527 0.336914 0.25293 0.197266 0.000562191
9 0.23291 0.685547 0.420898 0.173828 0.000565529
9 0.40332 0.679688 0.216797 0.138672 0.000571728
0 0.241211 0.452148 0.466797 0.642578 0.000596523
10 0.136719 0.983398 0.164062 0.03125 0.000632763
5 0.240723 0.334961 0.125977 0.0800781 0.000693321
9 0.586426 0.027832 0.0595703 0.0556641 0.000706196
13 0.541016 0.324219 0.25 0.189453 0.000720978
3 0.480957 0.979492 0.477539 0.0371094 0.000720978
5 0.896484 0.483398 0.179688 0.585938 0.000734329
13 0.25293 0.345215 0.138672 0.110352 0.00077343
8 0.327148 0.45752 0.0136719 0.0126953 0.000806808
0 0.530273 0.258789 0.289062 0.169922 0.000814438
11 0.537598 0.308594 0.243164 0.160156 0.00082922
5 0.761719 0.636719 0.371094 0.283203 0.000924587
10 0.540527 0.336914 0.25293 0.197266 0.000938416
10 0.175781 0.966309 0.283203 0.0673828 0.00094986
3 0.798828 0.589844 0.292969 0.341797 0.000956059
5 0.237793 0.575684 0.383789 0.170898 0.000966072
13 0.780273 0.450684 0.408203 0.68457 0.00101185
9 0.518066 0.450195 0.305664 0.460938 0.00114155
7 0.231445 0.419434 0.462891 0.641602 0.00117111
5 0.350586 0.556152 0.310547 0.428711 0.00124741
8 0.411621 0.486328 0.0146484 0.0117188 0.0012579
13 0.241211 0.452148 0.466797 0.642578 0.00126743
9 0.837891 0.585938 0.212891 0.318359 0.00132465
10 0.82373 0.4375 0.338867 0.660156 0.00137329
12 0.780273 0.450684 0.408203 0.68457 0.00138569
7 0.82373 0.4375 0.338867 0.660156 0.00142574
10 0.191895 0.36377 0.383789 0.633789 0.00146484
12 0.231445 0.419434 0.462891 0.641602 0.00148201
9 0.415039 0.668457 0.115234 0.0830078 0.00158787
10 0.939941 0.411133 0.120117 0.623047 0.00178432
3 0.540527 0.336914 0.25293 0.197266 0.00187302
5 0.869141 0.671387 0.136719 0.141602 0.00189209
13 0.227539 0.334473 0.111328 0.0576172 0.00193405
8 0.262207 0.540039 0.0205078 0.0136719 0.00232697
9 0.540527 0.336914 0.25293 0.197266 0.00273895
6 0.780273 0.450684 0.408203 0.68457 0.0029583
3 0.780273 0.450684 0.408203 0.68457 0.00302696
0 0.539551 0.396973 0.27832 0.237305 0.00310326
5 0.240234 0.360352 0.162109 0.146484 0.00325775
6 0.241211 0.452148 0.466797 0.642578 0.00336266
9 0.231445 0.419434 0.462891 0.641602 0.00343132
9 0.790039 0.443848 0.404297 0.645508 0.00392151
5 0.20459 0.544434 0.334961 0.389648 0.00447083
0 0.599609 0.32959 0.128906 0.135742 0.00481796
5 0.230957 0.371094 0.254883 0.285156 0.00487518
3 0.241211 0.452148 0.466797 0.642578 0.00532913
3 0.577148 0.637207 0.476562 0.196289 0.0140305
5 0.847656 0.629883 0.189453 0.238281 0.0235138
5 0.814941 0.531738 0.262695 0.418945 0.0584106
5 0.780273 0.450684 0.408203 0.68457 0.137329
5 0.241211 0.452148 0.466797 0.642578 0.151367
0 0.542969 0.322754 0.25 0.174805 0.174927
