8 0.789062 0.438965 0.0371094 0.0458984 0.000147462
2 0.890137 0.642578 0.0361328 0.0332031 0.000148058
13 0.348633 0.654297 0.208984 0.226562 0.000148177
8 0.448242 0.38916 0.0253906 0.0205078 0.000148416
5 0.732422 0.437012 0.195312 0.311523 0.000150204
13 0.313477 0.354004 0.0332031 0.0302734 0.000151396
4 0.314941 0.500488 0.327148 0.518555 0.000152707
1 0.385254 0.216309 0.139648 0.0439453 0.00015378
8 0.883301 0.63623 0.0595703 0.0517578 0.000153899
8 0.682617 0.370117 0.0175781 0.015625 0.000154257
4 0.802734 0.515137 0.238281 0.374023 0.000156403
0 0.631348 0.671875 0.40918 0.181641 0.000156879
7 0.792969 0.398926 0.0800781 0.0830078 0.000157475
5 0.821777 0.526367 0.0458984 0.0292969 0.000157952
2 0.345703 0.694336 0.142578 0.0605469 0.000158072
8 0.315918 0.412598 0.0107422 0.00878906 0.000158191
5 0.325195 0.470215 0.173828 0.147461 0.000159025
9 0.78418 0.437988 0.0136719 0.0126953 0.00015974
9 0.320312 0.306641 0.0507812 0.0507812 0.000159979
9 0.804199 0.41748 0.124023 0.163086 0.000160098
8 0.828125 0.342773 0.0214844 0.015625 0.00016284
8 0.410156 0.471191 0.015625 0.0126953 0.000163794
5 0.239746 0.667969 0.209961 0.238281 0.00016427
9 0.796387 0.626465 0.204102 0.325195 0.000165105
11 0.475586 0.217773 0.0449219 0.0371094 0.000165939
9 0.792969 0.398926 0.0800781 0.0830078 0.00016737
9 0.703125 0.288574 0.0410156 0.0361328 0.00016737
9 0.763672 0.422852 0.0234375 0.0195312 0.000168324
11 0.304688 0.292969 0.0683594 0.0507812 0.000168443
8 0.75293 0.524414 0.0195312 0.015625 0.000169158
1 0.753418 0.212891 0.106445 0.046875 0.00017035
11 0.320312 0.675781 0.183594 0.0820312 0.0001719
1 0.314941 0.500488 0.327148 0.518555 0.000172257
6 0.371582 0.626465 0.147461 0.114258 0.000172496
8 0.8125 0.697266 0.0351562 0.0253906 0.000173092
10 0.632812 0.668457 0.40625 0.155273 0.000173211
13 0.398926 0.349121 0.0322266 0.0302734 0.000173807
2 0.763672 0.422852 0.0234375 0.0195312 0.000173926
5 0.401367 0.378418 0.138672 0.149414 0.000175357
1 0.802734 0.515137 0.238281 0.374023 0.000175834
11 0.542969 0.00830078 0.0800781 0.0146484 0.000175953
8 0.805176 0.394531 0.0478516 0.0527344 0.000176311
11 0.180176 0.664551 0.0576172 0.0673828 0.000177622
5 0.36084 0.669434 0.147461 0.0732422 0.00017786
7 0.804199 0.41748 0.124023 0.163086 0.000178218
6 0.804199 0.41748 0.124023 0.163086 0.00017941
7 0.192383 0.657715 0.0390625 0.0439453 0.000179648
11 0.429688 0.215332 0.0585938 0.0205078 0.000180006
1 0.282227 0.741699 0.289062 0.168945 0.000180364
11 0.144043 0.82666 0.0654297 0.0810547 0.00018096
8 0.821777 0.526367 0.0458984 0.0292969 0.000181437
5 0.275391 0.435059 0.121094 0.135742 0.000184655
8 0.681641 0.37207 0.0117188 0.00976562 0.00018549
7 0.185547 0.660645 0.0585938 0.0771484 0.000186682
8 0.741699 0.691895 0.0263672 0.0302734 0.000187278
8 0.270508 0.507324 0.0117188 0.0107422 0.000188589
9 0.858887 0.557129 0.120117 0.225586 0.000188828
9 0.803711 0.395996 0.0253906 0.0263672 0.000189662
6 0.79541 0.40625 0.0810547 0.0859375 0.000190973
13 0.356934 0.686523 0.139648 0.0488281 0.000192285
11 0.620117 0.366211 0.0898438 0.078125 0.000192404
3 0.628418 0.572266 0.405273 0.369141 0.000192523
9 0.83252 0.347656 0.0126953 0.00976562 0.000194311
9 0.26709 0.889648 0.268555 0.207031 0.000194907
10 0.144043 0.82666 0.0654297 0.0810547 0.000195265
5 0.804199 0.447266 0.114258 0.142578 0.000195503
11 0.368652 0.217285 0.0771484 0.0361328 0.000198483
7 0.702148 0.286621 0.0429688 0.0380859 0.000198841
8 0.732422 0.540039 0.015625 0.0136719 0.000201225
9 0.550781 0.677246 0.238281 0.411133 0.000202417
9 0.370605 0.626465 0.149414 0.118164 0.000203729
11 0.163574 0.666504 0.0478516 0.114258 0.000204802
13 0.424805 0.32666 0.0566406 0.0458984 0.000207186
9 0.346191 0.678223 0.225586 0.227539 0.00020802
8 0.802734 0.515137 0.238281 0.374023 0.000208735
11 0.451172 0.222656 0.111328 0.0410156 0.000212908
3 0.45166 0.835449 0.487305 0.299805 0.000213385
8 0.716309 0.553223 0.00878906 0.00878906 0.000214577
6 0.805176 0.394531 0.0478516 0.0527344 0.000215769
8 0.314941 0.500488 0.327148 0.518555 0.000216842
9 0.196289 0.662598 0.123047 0.155273 0.000217795
8 0.86084 0.567871 0.0322266 0.0361328 0.000218511
13 0.356445 0.40918 0.216797 0.255859 0.000220895
13 0.791504 0.42627 0.163086 0.235352 0.000222325
9 0.806641 0.390137 0.046875 0.0537109 0.000224471
7 0.370605 0.626465 0.149414 0.118164 0.000225425
13 0.816406 0.416992 0.105469 0.107422 0.000225663
5 0.632324 0.662598 0.405273 0.163086 0.000228524
8 0.796875 0.665527 0.0234375 0.0244141 0.000228763
11 0.371094 0.678711 0.113281 0.0390625 0.000229955
11 0.262207 0.727051 0.266602 0.180664 0.00023067
8 0.65918 0.545898 0.0253906 0.0234375 0.000231147
7 0.762207 0.422363 0.0224609 0.0205078 0.000231147
9 0.387695 0.361328 0.150391 0.146484 0.000233531
2 0.802734 0.515137 0.238281 0.374023 0.000234604
8 0.756348 0.464844 0.0224609 0.015625 0.000234723
9 0.306152 0.537598 0.233398 0.323242 0.000235438
5 0.821777 0.522461 0.0966797 0.113281 0.000235915
2 0.314941 0.500488 0.327148 0.518555 0.000240088
6 0.305664 0.678711 0.257812 0.158203 0.000241399
11 0.320312 0.306641 0.0507812 0.0507812 0.000247717
5 0.401367 0.604004 0.105469 0.143555 0.000248671
5 0.875 0.595215 0.0898438 0.12207 0.000249863
13 0.814453 0.381348 0.0800781 0.0712891 0.000252485
13 0.692871 0.332031 0.0927734 0.0859375 0.000252724
10 0.177734 0.120117 0.355469 0.240234 0.000252962
9 0.191406 0.650391 0.046875 0.0546875 0.000256062
9 0.207031 0.727051 0.154297 0.166992 0.000257254
5 0.23584 0.549805 0.19043 0.542969 0.000257492
7 0.803711 0.395508 0.0253906 0.0273438 0.000259161
11 0.687988 0.196777 0.104492 0.0224609 0.000259638
7 0.786133 0.523438 0.302734 0.433594 0.00026226
5 0.737305 0.584961 0.199219 0.304688 0.00026679
11 0.739258 0.210938 0.0625 0.0351562 0.000267744
9 0.427246 0.814941 0.0478516 0.0537109 0.000269651
8 0.76416 0.422363 0.0361328 0.0341797 0.000270128
13 0.762695 0.405762 0.0761719 0.0654297 0.000274658
13 0.426758 0.321289 0.0351562 0.0292969 0.000275135
7 0.344727 0.664062 0.212891 0.203125 0.000276566
13 0.777832 0.370605 0.118164 0.0966797 0.000277042
11 0.386719 0.210938 0.0761719 0.0253906 0.000278711
3 0.192871 0.649414 0.0244141 0.0195312 0.000283003
4 0.268555 0.737793 0.271484 0.166992 0.000286579
3 0.177734 0.120117 0.355469 0.240234 0.000288248
9 0.335938 0.329102 0.0742188 0.09375 0.000288248
0 0.282227 0.741699 0.289062 0.168945 0.000290394
8 0.706543 0.294434 0.0283203 0.0224609 0.000295162
11 0.186523 0.651855 0.0332031 0.0322266 0.000295401
9 0.399902 0.874512 0.520508 0.239258 0.000296593
13 0.316406 0.34375 0.0527344 0.0585938 0.000297546
8 0.743164 0.700684 0.0175781 0.0146484 0.000301361
13 0.743164 0.359375 0.164062 0.171875 0.000310898
9 0.617676 0.366211 0.0986328 0.078125 0.00031209
0 0.314941 0.500488 0.327148 0.518555 0.000315189
0 0.831055 0.509277 0.177734 0.350586 0.000317335
11 0.681152 0.203613 0.0576172 0.0146484 0.000317812
0 0.193359 0.648438 0.0253906 0.0195312 0.00031805
13 0.803711 0.395508 0.0253906 0.0273438 0.000322819
2 0.272461 0.735352 0.283203 0.162109 0.000324488
8 0.799805 0.48291 0.0273438 0.0244141 0.000327587
9 0.564453 0.390625 0.201172 0.171875 0.000331163
5 0.203125 0.702148 0.128906 0.173828 0.000335217
9 0.220215 0.773926 0.217773 0.172852 0.000339985
9 0.351562 0.776855 0.216797 0.188477 0.000347853
13 0.402832 0.352539 0.0439453 0.0527344 0.000350714
6 0.193359 0.648926 0.0234375 0.0205078 0.000360012
9 0.861328 0.199219 0.0507812 0.046875 0.000370741
9 0.175781 0.65332 0.0683594 0.125 0.000370979
12 0.802734 0.515137 0.238281 0.374023 0.000370979
13 0.400391 0.349121 0.0800781 0.0712891 0.000374079
8 0.379883 0.558105 0.015625 0.0126953 0.000376463
8 0.42041 0.80127 0.0244141 0.0224609 0.000379562
10 0.802734 0.515137 0.238281 0.374023 0.000384092
7 0.805176 0.394531 0.0478516 0.0527344 0.000385761
5 0.866699 0.643555 0.114258 0.191406 0.000386
5 0.877441 0.483398 0.102539 0.287109 0.000389338
9 0.271484 0.723633 0.164062 0.128906 0.000390291
13 0.381836 0.290039 0.0742188 0.0683594 0.000396729
11 0.384277 0.220703 0.168945 0.0859375 0.000404358
11 0.30957 0.707031 0.236328 0.101562 0.00040555
11 0.288086 0.279785 0.0976562 0.0693359 0.000406504
7 0.314941 0.500488 0.327148 0.518555 0.000407457
5 0.785156 0.408203 0.0898438 0.0957031 0.000417233
13 0.764648 0.420898 0.0253906 0.0214844 0.000430107
10 0.129395 0.839355 0.0380859 0.0537109 0.000430822
2 0.185059 0.65625 0.0400391 0.0566406 0.000432968
10 0.314941 0.500488 0.327148 0.518555 0.000443697
8 0.861328 0.570312 0.0234375 0.0214844 0.000448942
11 0.415527 0.208496 0.0595703 0.0166016 0.000451565
7 0.340332 0.76416 0.24707 0.182617 0.000454903
13 0.799805 0.397949 0.0527344 0.0576172 0.000459433
13 0.35791 0.645996 0.145508 0.0947266 0.000459433
13 0.343262 0.340332 0.124023 0.182617 0.000465155
9 0.364746 0.671875 0.135742 0.046875 0.000468493
11 0.129395 0.839355 0.0380859 0.0537109 0.000480175
8 0.807129 0.458984 0.0166016 0.0117188 0.000481606
13 0.306152 0.731934 0.286133 0.151367 0.00048399
11 0.330566 0.680176 0.0732422 0.0419922 0.000484705
3 0.547363 0.890625 0.797852 0.21875 0.000500202
13 0.786133 0.523438 0.302734 0.433594 0.000507355
12 0.314941 0.500488 0.327148 0.518555 0.000508308
8 0.768066 0.418945 0.0166016 0.0136719 0.000512123
8 0.820801 0.526855 0.0224609 0.0126953 0.000524521
9 0.293945 0.817871 0.347656 0.317383 0.000524521
4 0.193359 0.648926 0.0234375 0.0205078 0.000542164
6 0.306152 0.731934 0.286133 0.151367 0.000543594
8 0.265137 0.713867 0.276367 0.177734 0.000549316
8 0.446777 0.594727 0.0283203 0.0253906 0.000557899
5 0.838379 0.47168 0.133789 0.179688 0.000584602
8 0.345215 0.428223 0.0126953 0.0107422 0.00058794
8 0.757812 0.425781 0.015625 0.0117188 0.000589371
9 0.335938 0.158203 0.046875 0.0410156 0.000598907
5 0.389648 0.554199 0.169922 0.317383 0.000599861
3 0.614746 0.368652 0.102539 0.0830078 0.00060463
9 0.379883 0.683594 0.101562 0.0390625 0.00060463
11 0.193359 0.648438 0.0253906 0.0195312 0.00060463
9 0.633301 0.664062 0.401367 0.160156 0.000615597
13 0.776367 0.298828 0.0253906 0.046875 0.000639439
13 0.314941 0.500488 0.327148 0.518555 0.000646591
8 0.185547 0.661133 0.0390625 0.046875 0.000658512
8 0.419922 0.80957 0.03125 0.0410156 0.00067234
9 0.180664 0.663086 0.0566406 0.0644531 0.000714302
10 0.281738 0.746094 0.297852 0.171875 0.000715256
13 0.679688 0.321777 0.0625 0.0498047 0.000715733
13 0.158203 0.748535 0.0253906 0.0380859 0.000744343
3 0.29834 0.751465 0.303711 0.174805 0.00075388
5 0.300293 0.657715 0.321289 0.389648 0.000757217
7 0.356934 0.686523 0.139648 0.0527344 0.000772476
12 0.281738 0.746094 0.297852 0.171875 0.00077343
8 0.799316 0.523926 0.0166016 0.0126953 0.00078392
13 0.736816 0.387207 0.102539 0.0888672 0.000800133
11 0.739746 0.21582 0.161133 0.0820312 0.00080061
13 0.360352 0.362793 0.0527344 0.0537109 0.000802994
6 0.347656 0.662598 0.166016 0.106445 0.000807285
9 0.306641 0.69043 0.134766 0.0683594 0.000811577
6 0.786133 0.523438 0.302734 0.433594 0.000882149
7 0.833496 0.493652 0.172852 0.319336 0.000894547
9 0.889648 0.640625 0.0371094 0.0351562 0.000896454
11 0.422363 0.199707 0.0615234 0.0185547 0.000914097
5 0.356445 0.40918 0.216797 0.255859 0.00093174
5 0.296875 0.504883 0.195312 0.248047 0.000934601
9 0.330566 0.679688 0.0732422 0.0429688 0.000941753
0 0.587402 0.378418 0.165039 0.108398 0.000957489
7 0.890137 0.640625 0.0341797 0.0351562 0.000982285
2 0.194336 0.649414 0.0410156 0.0332031 0.00100327
11 0.634766 0.220215 0.046875 0.0361328 0.00107765
11 0.716797 0.200684 0.107422 0.0205078 0.00108528
9 0.79541 0.52002 0.27832 0.424805 0.00111103
3 0.802734 0.515137 0.238281 0.374023 0.00111103
5 0.791504 0.42627 0.163086 0.235352 0.00120449
13 0.776855 0.375977 0.0712891 0.0449219 0.00120926
13 0.362305 0.359375 0.0800781 0.0800781 0.00121307
5 0.810059 0.521484 0.147461 0.197266 0.00126266
9 0.347656 0.662598 0.166016 0.106445 0.00129318
13 0.748535 0.391602 0.0693359 0.0527344 0.0012989
13 0.373535 0.315918 0.124023 0.106445 0.00131035
13 0.336426 0.326172 0.0537109 0.0761719 0.00131798
11 0.334473 0.686523 0.131836 0.0507812 0.00140476
5 0.305664 0.678711 0.257812 0.158203 0.00143623
8 0.703125 0.288574 0.0410156 0.0361328 0.00145435
11 0.437012 0.210938 0.114258 0.0273438 0.00148964
11 0.666992 0.208496 0.103516 0.0322266 0.00150585
13 0.786133 0.394531 0.0878906 0.0820312 0.00150871
6 0.314941 0.500488 0.327148 0.518555 0.00153446
3 0.314941 0.500488 0.327148 0.518555 0.00161266
11 0.270508 0.270996 0.0683594 0.0458984 0.0016489
13 0.788574 0.289062 0.0419922 0.046875 0.00169277
11 0.407715 0.202637 0.0615234 0.0166016 0.00172234
13 0.311523 0.296875 0.0507812 0.0507812 0.00174809
13 0.833496 0.493652 0.172852 0.319336 0.00179291
7 0.347656 0.662598 0.166016 0.106445 0.00181198
8 0.193848 0.651855 0.0400391 0.0322266 0.00181198
8 0.803711 0.395996 0.0253906 0.0263672 0.00182819
11 0.429688 0.198242 0.121094 0.0214844 0.00201607
13 0.419922 0.372559 0.0859375 0.114258 0.00210571
5 0.796387 0.626465 0.204102 0.325195 0.00215912
8 0.719238 0.68457 0.0283203 0.0253906 0.00216484
7 0.296387 0.693359 0.245117 0.111328 0.00216675
8 0.83252 0.347656 0.0126953 0.00976562 0.00231552
9 0.314941 0.500488 0.327148 0.518555 0.00238991
13 0.193359 0.648926 0.0234375 0.0205078 0.00248718
9 0.54541 0.498047 0.157227 0.460938 0.00300026
5 0.351074 0.631836 0.161133 0.126953 0.00305557
7 0.268555 0.737793 0.271484 0.166992 0.00310326
9 0.186523 0.651855 0.0332031 0.0322266 0.00327301
5 0.858887 0.557129 0.120117 0.225586 0.00340652
8 0.797363 0.523926 0.0107422 0.00878906 0.00370407
6 0.833496 0.493652 0.172852 0.319336 0.00379181
13 0.387695 0.361328 0.150391 0.146484 0.00406265
5 0.32666 0.58252 0.21582 0.268555 0.00437546
8 0.861816 0.569336 0.0146484 0.0136719 0.00443268
11 0.687012 0.205078 0.104492 0.0195312 0.00444031
7 0.193359 0.648926 0.0234375 0.0205078 0.00450897
11 0.415527 0.208008 0.143555 0.0449219 0.00505829
5 0.306152 0.731934 0.286133 0.151367 0.00581741
9 0.836914 0.491699 0.169922 0.305664 0.00610352
11 0.768066 0.222168 0.0947266 0.0498047 0.00638199
8 0.890137 0.642578 0.0361328 0.0332031 0.00688171
8 0.799805 0.480469 0.0117188 0.0117188 0.00712585
8 0.762695 0.422852 0.0234375 0.0175781 0.00767899
8 0.78418 0.437988 0.0136719 0.0126953 0.00777435
5 0.773926 0.510254 0.293945 0.479492 0.0078125
11 0.345703 0.225098 0.0898438 0.0458984 0.00792694
11 0.711426 0.208984 0.135742 0.03125 0.00883484
13 0.339844 0.328613 0.0917969 0.104492 0.0103378
13 0.76123 0.383301 0.0498047 0.0361328 0.0123978
9 0.326172 0.705566 0.203125 0.108398 0.0155945
2 0.192871 0.649414 0.0244141 0.0214844 0.0187531
9 0.349121 0.687988 0.139648 0.0537109 0.0198822
13 0.324219 0.311035 0.0507812 0.0556641 0.0239105
9 0.192871 0.649414 0.0244141 0.0195312 0.0283051
11 0.744629 0.211914 0.108398 0.0449219 0.0328979
11 0.376465 0.218262 0.137695 0.0458984 0.0361023
11 0.411133 0.20459 0.101562 0.0224609 0.0505676
5 0.317871 0.512695 0.291992 0.449219 0.102783
8 0.193359 0.648926 0.0234375 0.0205078 0.110535
3 0.633301 0.669922 0.407227 0.146484 0.110657
0 0.619629 0.367676 0.0947266 0.0810547 0.125488
9 0.282227 0.741699 0.289062 0.168945 0.145264
5 0.831055 0.509277 0.177734 0.350586 0.204834
