1 0.782227 0.0639648 0.435547 0.120117 0.000100374
13 0.394531 0.359863 0.103516 0.125977 0.000100553
12 0.29541 0.416504 0.327148 0.540039 0.000100791
11 0.437988 0.162109 0.0849609 0.0527344 0.000103652
12 0.40332 0.17041 0.123047 0.0771484 0.00010401
0 0.751465 0.243164 0.301758 0.210938 0.000104427
13 0.388184 0.385254 0.133789 0.241211 0.0001055
13 0.271484 0.305664 0.0507812 0.0332031 0.000105917
1 0.751465 0.243164 0.301758 0.210938 0.000106037
9 0.36377 0.263672 0.0693359 0.0820312 0.000106275
9 0.0249023 0.337402 0.0478516 0.270508 0.000106633
7 0.611328 0.524902 0.0332031 0.0224609 0.000106633
7 0.349609 0.32959 0.126953 0.108398 0.000107765
2 0.620605 0.245117 0.0322266 0.0390625 0.000109196
13 0.707031 0.477051 0.0585938 0.0517578 0.000112712
13 0.342773 0.591797 0.0332031 0.0273438 0.00011301
7 0.751465 0.243164 0.301758 0.210938 0.000115454
7 0.322266 0.289062 0.171875 0.109375 0.00011605
8 0.29541 0.593262 0.0341797 0.0263672 0.000116169
11 0.116699 0.781738 0.0498047 0.0966797 0.000116885
11 0.324219 0.138184 0.0644531 0.0185547 0.000117064
9 0.288574 0.251953 0.0400391 0.0273438 0.000117183
2 0.640625 0.289062 0.0214844 0.0292969 0.000118375
8 0.370117 0.26709 0.0429688 0.0458984 0.000118434
7 0.240234 0.521973 0.140625 0.180664 0.000118673
3 0.109863 0.945801 0.211914 0.0888672 0.000119746
4 0.782227 0.0639648 0.435547 0.120117 0.000120163
12 0.711426 0.44873 0.116211 0.182617 0.000120819
3 0.588867 0.95459 0.419922 0.0810547 0.000121355
13 0.436035 0.486816 0.0712891 0.0712891 0.000121832
9 0.604492 0.662109 0.03125 0.0234375 0.000122011
13 0.679199 0.424805 0.0927734 0.0976562 0.000123024
13 0.328125 0.467773 0.046875 0.0332031 0.000123858
8 0.374023 0.193848 0.0273438 0.0263672 0.000124335
8 0.782227 0.0639648 0.435547 0.120117 0.000124693
9 0.677246 0.156738 0.0478516 0.0322266 0.000125766
13 0.344727 0.479492 0.146484 0.125 0.000126719
13 0.379395 0.261719 0.0361328 0.0429688 0.000128031
7 0.141602 0.287598 0.0175781 0.0185547 0.000128388
11 0.344238 0.226562 0.241211 0.201172 0.000128508
13 0.288086 0.25293 0.0351562 0.0292969 0.000129819
8 0.375488 0.625977 0.0107422 0.00976562 0.000130773
13 0.250977 0.319336 0.0820312 0.0527344 0.00013411
13 0.36377 0.257812 0.0927734 0.140625 0.00013411
11 0.230957 0.196289 0.0478516 0.0410156 0.000134587
13 0.690918 0.470703 0.0908203 0.158203 0.000135064
9 0.711914 0.263672 0.0429688 0.0292969 0.000135064
8 0.26709 0.312012 0.0283203 0.0166016 0.000135183
13 0.4375 0.464355 0.0585938 0.0537109 0.000135779
8 0.34082 0.373047 0.0195312 0.0136719 0.000137568
13 0.828125 0.452637 0.0742188 0.0244141 0.000138044
11 0.701172 0.134277 0.136719 0.0263672 0.000138283
11 0.312988 0.398926 0.235352 0.295898 0.000139594
13 0.283691 0.311523 0.209961 0.0722656 0.000141978
8 0.288574 0.600098 0.0185547 0.0166016 0.000143647
9 0.223145 0.23877 0.0478516 0.0439453 0.000145435
9 0.353027 0.184082 0.241211 0.118164 0.000145793
2 0.336426 0.453125 0.12207 0.0625 0.000146389
13 0.707031 0.265137 0.0390625 0.0283203 0.000146866
12 0.324707 0.325195 0.155273 0.09375 0.000147462
9 0.606445 0.523438 0.0410156 0.0273438 0.00014782
8 0.748535 0.49707 0.0107422 0.00976562 0.000149012
2 0.141602 0.287598 0.0175781 0.0185547 0.000150323
8 0.679688 0.155273 0.0429688 0.03125 0.000151753
9 0.619629 0.302246 0.0361328 0.0341797 0.000154734
8 0.760742 0.573242 0.0273438 0.0195312 0.000156999
13 0.276855 0.295898 0.0458984 0.0214844 0.000157833
13 0.85498 0.229492 0.290039 0.458984 0.000162244
2 0.366699 0.26416 0.0595703 0.0830078 0.000162482
13 0.322754 0.431641 0.163086 0.0976562 0.000163794
9 0.212402 0.424805 0.0419922 0.0292969 0.00016439
2 0.687988 0.456543 0.0693359 0.0830078 0.000164747
2 0.492188 0.443359 0.0273438 0.0273438 0.000166893
9 0.320312 0.451172 0.121094 0.0625 0.000167131
2 0.356934 0.32373 0.0244141 0.0205078 0.000167251
13 0.607422 0.524902 0.0410156 0.0244141 0.000168085
3 0.751465 0.243164 0.301758 0.210938 0.000173092
13 0.710938 0.484375 0.0253906 0.0214844 0.000174999
11 0.790039 0.0678711 0.419922 0.124023 0.000175118
8 0.197266 0.605469 0.0273438 0.0234375 0.000176907
11 0.305664 0.14209 0.0761719 0.0263672 0.00017941
13 0.367676 0.272949 0.182617 0.21582 0.000179529
7 0.373535 0.257324 0.0380859 0.0517578 0.000180125
2 0.445801 0.589844 0.0380859 0.0253906 0.000180244
12 0.322266 0.289062 0.171875 0.109375 0.000183821
11 0.73584 0.146973 0.149414 0.0263672 0.000187874
3 0.0473633 0.978516 0.0927734 0.0332031 0.000188112
9 0.37793 0.188477 0.0332031 0.0449219 0.000192165
8 0.443848 0.441406 0.0341797 0.0292969 0.000193238
7 0.611328 0.591797 0.0371094 0.0273438 0.000193954
12 0.790039 0.0678711 0.419922 0.124023 0.000194907
8 0.31543 0.385742 0.03125 0.0253906 0.000197887
9 0.446777 0.590332 0.0341797 0.0244141 0.000198007
2 0.371582 0.264648 0.0380859 0.0429688 0.000199676
3 0.0517578 0.936035 0.103516 0.106445 0.000205874
12 0.312988 0.398926 0.235352 0.295898 0.000218868
9 0.366211 0.250977 0.0488281 0.0488281 0.000218868
11 0.683594 0.155273 0.0800781 0.0371094 0.000219584
9 0.312012 0.390137 0.274414 0.348633 0.000229955
0 0.0952148 0.9375 0.18457 0.125 0.000231981
3 0.483398 0.0717773 0.556641 0.131836 0.000232458
11 0.40332 0.17041 0.123047 0.0771484 0.000239611
11 0.751953 0.240234 0.296875 0.203125 0.000243306
8 0.492188 0.443359 0.0273438 0.0273438 0.00024724
9 0.374023 0.262695 0.0351562 0.0410156 0.000253439
11 0.77002 0.148926 0.0654297 0.0283203 0.0002563
8 0.357422 0.32373 0.0234375 0.0185547 0.0002563
13 0.317383 0.456543 0.236328 0.200195 0.00025773
13 0.378418 0.26709 0.0439453 0.0791016 0.000258207
13 0.365723 0.319336 0.0634766 0.0449219 0.000287771
2 0.617188 0.523438 0.0253906 0.0214844 0.000298977
8 0.358398 0.433594 0.0117188 0.00976562 0.000299215
13 0.294434 0.444824 0.112305 0.0595703 0.000311852
8 0.345215 0.590332 0.0205078 0.0185547 0.000313282
13 0.300781 0.283691 0.107422 0.0556641 0.000313759
13 0.708008 0.431641 0.03125 0.0253906 0.000317574
11 0.353516 0.32959 0.134766 0.149414 0.000317812
8 0.619141 0.523438 0.0214844 0.0195312 0.000319958
13 0.379395 0.301758 0.106445 0.132812 0.000326157
8 0.291504 0.595215 0.0205078 0.0185547 0.000331163
8 0.620605 0.24707 0.0341797 0.0410156 0.000335693
8 0.371094 0.681641 0.0136719 0.0117188 0.0003407
13 0.365234 0.464844 0.130859 0.0566406 0.000353336
11 0.348145 0.137695 0.135742 0.0195312 0.000356197
9 0.318359 0.227051 0.289062 0.22168 0.000358105
8 0.977539 0.195801 0.0449219 0.0693359 0.000361919
13 0.324707 0.336426 0.18457 0.186523 0.00037384
9 0.320801 0.333984 0.19043 0.177734 0.000384092
2 0.61084 0.592773 0.0341797 0.0273438 0.000394106
13 0.84082 0.450195 0.046875 0.015625 0.000394344
13 0.704102 0.337402 0.0878906 0.124023 0.00039649
13 0.683594 0.461426 0.0390625 0.0439453 0.000400066
8 0.0981445 0.550293 0.0185547 0.0283203 0.000401258
13 0.270508 0.299805 0.0878906 0.0273438 0.00041151
8 0.445801 0.242676 0.0478516 0.0322266 0.000423431
9 0.368652 0.345215 0.0712891 0.0947266 0.000434399
9 0.341797 0.293457 0.115234 0.0966797 0.000442743
2 0.368652 0.345215 0.0712891 0.0947266 0.000458717
9 0.976074 0.197754 0.0478516 0.0712891 0.000472069
8 0.400879 0.431641 0.0400391 0.0292969 0.000473022
11 0.379395 0.145508 0.12793 0.0292969 0.000478983
8 0.603516 0.662109 0.0351562 0.0253906 0.000489235
8 0.366699 0.248535 0.0478516 0.0458984 0.000515461
8 0.289062 0.252441 0.0390625 0.0283203 0.000537872
9 0.611328 0.591797 0.0371094 0.0273438 0.00055027
9 0.620605 0.246582 0.0302734 0.0380859 0.000597
9 0.615234 0.524414 0.0292969 0.0195312 0.000604153
13 0.398926 0.483887 0.0732422 0.0302734 0.00060463
9 0.349609 0.32959 0.126953 0.108398 0.000608921
2 0.339355 0.294434 0.114258 0.0947266 0.000614166
13 0.359863 0.329102 0.0400391 0.0488281 0.00061655
3 0.790039 0.0678711 0.419922 0.124023 0.000622749
2 0.349609 0.32959 0.126953 0.108398 0.000630379
9 0.769531 0.402832 0.308594 0.571289 0.000631809
9 0.445801 0.242676 0.0478516 0.0322266 0.00065279
8 0.619141 0.302246 0.0371094 0.0341797 0.000654697
8 0.711914 0.263672 0.0429688 0.0292969 0.000716209
8 0.664062 0.277832 0.0175781 0.0107422 0.000721931
9 0.141113 0.287109 0.0166016 0.0175781 0.000731945
13 0.702148 0.436035 0.0546875 0.0400391 0.000753403
13 0.317871 0.272949 0.178711 0.114258 0.000776291
13 0.348145 0.317871 0.0654297 0.0615234 0.000808716
11 0.322266 0.289062 0.171875 0.109375 0.000816345
13 0.29541 0.29541 0.0927734 0.0283203 0.000927448
9 0.751465 0.243164 0.301758 0.210938 0.000994682
13 0.321777 0.455566 0.0595703 0.0439453 0.00106812
12 0.344238 0.226562 0.241211 0.201172 0.00133896
12 0.769531 0.402832 0.308594 0.571289 0.0014267
13 0.356934 0.32373 0.0244141 0.0205078 0.00143433
13 0.369629 0.251953 0.0419922 0.046875 0.0015173
13 0.40332 0.476074 0.0996094 0.0537109 0.00160885
8 0.710449 0.483887 0.0263672 0.0224609 0.00169563
8 0.446777 0.590332 0.0341797 0.0244141 0.00172234
13 0.431641 0.47168 0.0351562 0.0351562 0.00186348
8 0.211914 0.424805 0.0410156 0.0292969 0.00206757
11 0.912109 0.831055 0.0507812 0.0703125 0.00275421
11 0.412598 0.151367 0.118164 0.0390625 0.00280762
10 0.911621 0.831055 0.0517578 0.0703125 0.00299835
13 0.691895 0.453613 0.0673828 0.0791016 0.00320435
10 0.115234 0.805664 0.0410156 0.0507812 0.00383568
8 0.609863 0.523926 0.0361328 0.0224609 0.0041008
13 0.328125 0.453125 0.119141 0.0625 0.00413132
13 0.361328 0.279297 0.0664062 0.0859375 0.00413132
11 0.115234 0.805664 0.0410156 0.0507812 0.00437164
13 0.420898 0.476562 0.0625 0.0371094 0.00461578
13 0.306641 0.302246 0.125 0.0498047 0.00477219
13 0.368164 0.268555 0.0429688 0.046875 0.00600815
8 0.611328 0.591797 0.0371094 0.0273438 0.00848389
12 0.751953 0.240234 0.296875 0.203125 0.00867462
8 0.141113 0.287109 0.0166016 0.0175781 0.00933075
13 0.368652 0.345215 0.0712891 0.0947266 0.0093689
13 0.339355 0.294434 0.114258 0.0947266 0.0150452
13 0.349609 0.32959 0.126953 0.108398 0.0160065
