13 0.706055 0.474121 0.195312 0.139648 0.000118375
13 0.76123 0.151367 0.268555 0.130859 0.000118613
9 0.441406 0.249023 0.0214844 0.03125 0.000120342
1 0.554199 0.280762 0.118164 0.124023 0.00012064
9 0.45459 0.269531 0.163086 0.242188 0.000121415
10 0.936035 0.629883 0.0908203 0.296875 0.000122428
5 0.167969 0.553223 0.148438 0.196289 0.000122666
2 0.441406 0.463379 0.0410156 0.0400391 0.000123024
3 0.550781 0.27832 0.119141 0.119141 0.000123262
13 0.325684 0.498047 0.0810547 0.189453 0.000123382
11 0.805176 0.182129 0.0615234 0.0595703 0.000123739
9 0.473145 0.384277 0.147461 0.24707 0.000123858
11 0.314453 0.129395 0.0585938 0.0205078 0.000127196
9 0.84375 0.518555 0.183594 0.285156 0.000127673
10 0.128906 0.967773 0.177734 0.0644531 0.00012815
7 0.876465 0.638672 0.0556641 0.0585938 0.00012958
9 0.244141 0.598633 0.371094 0.443359 0.000129819
11 0.565918 0.134277 0.0771484 0.0517578 0.000130415
11 0.734375 0.541016 0.244141 0.271484 0.000131011
11 0.370605 0.139648 0.0908203 0.0449219 0.000132084
2 0.519043 0.310547 0.0595703 0.0449219 0.000132203
3 0.226074 0.487793 0.291992 0.336914 0.000132918
10 0.191406 0.989746 0.208984 0.0205078 0.000133991
7 0.727051 0.193359 0.297852 0.226562 0.00013423
11 0.945312 0.983398 0.0878906 0.0332031 0.000134468
13 0.396484 0.328125 0.0859375 0.117188 0.000134826
11 0.200684 0.16748 0.0908203 0.0830078 0.000134826
2 0.734375 0.541016 0.244141 0.271484 0.000135183
7 0.816895 0.419434 0.161133 0.290039 0.000137925
13 0.564941 0.273438 0.0693359 0.0683594 0.000140786
8 0.411621 0.612793 0.0576172 0.0595703 0.000141025
10 0.899902 0.983398 0.15332 0.03125 0.000141025
11 0.254883 0.14502 0.0722656 0.0498047 0.000142097
10 0.249512 0.932129 0.397461 0.135742 0.000142813
10 0.647461 0.106934 0.21875 0.0595703 0.000143051
3 0.604004 0.57373 0.256836 0.204102 0.000146151
11 0.719727 0.0996094 0.265625 0.109375 0.000147462
12 0.734375 0.541016 0.244141 0.271484 0.000148416
13 0.869141 0.612305 0.101562 0.134766 0.000149369
11 0.989258 0.218262 0.0214844 0.0732422 0.000150084
9 0.268066 0.225586 0.293945 0.238281 0.000150442
7 0.900391 0.646973 0.0917969 0.141602 0.000150442
11 0.361328 0.154297 0.125 0.0878906 0.000152111
6 0.242188 0.490234 0.271484 0.328125 0.000152707
2 0.440918 0.248535 0.0224609 0.0322266 0.000153065
11 0.81543 0.221191 0.117188 0.186523 0.000154376
11 0.14502 0.233887 0.0693359 0.0751953 0.00015521
10 0.217285 0.153809 0.120117 0.0888672 0.000155807
1 0.734375 0.541016 0.244141 0.271484 0.000156641
11 0.658203 0.121582 0.123047 0.0634766 0.00015676
9 0.733398 0.256836 0.277344 0.263672 0.000158191
0 0.520508 0.321289 0.138672 0.0761719 0.000158429
7 0.742188 0.331543 0.332031 0.342773 0.000158906
9 0.90332 0.59668 0.115234 0.240234 0.000158906
2 0.312988 0.134277 0.202148 0.0419922 0.000159264
5 0.858398 0.595215 0.101562 0.149414 0.000160217
5 0.316895 0.51709 0.151367 0.243164 0.000161052
11 0.291016 0.134277 0.0761719 0.0283203 0.000163078
2 0.22168 0.165039 0.152344 0.111328 0.00016439
10 0.959961 0.605957 0.0800781 0.49707 0.000166297
12 0.314941 0.120605 0.180664 0.0419922 0.000170231
10 0.125977 0.983398 0.162109 0.03125 0.000171304
0 0.699219 0.457031 0.173828 0.111328 0.000174999
10 0.945312 0.983398 0.0878906 0.0332031 0.000175118
13 0.74707 0.42334 0.0976562 0.0458984 0.000175834
9 0.708496 0.500488 0.319336 0.379883 0.000177622
13 0.656738 0.431641 0.0927734 0.0644531 0.000178099
6 0.258789 0.54834 0.210938 0.18457 0.000179887
6 0.665039 0.123535 0.269531 0.0927734 0.000180125
9 0.380859 0.234375 0.109375 0.226562 0.00018084
10 0.773438 0.137207 0.230469 0.120117 0.000181317
9 0.785156 0.57959 0.226562 0.233398 0.000181675
11 0.660156 0.429688 0.0820312 0.0664062 0.000182033
13 0.124512 0.327148 0.0732422 0.0332031 0.000182033
13 0.749512 0.42334 0.301758 0.342773 0.000183105
10 0.242676 0.22998 0.301758 0.243164 0.000185132
11 0.984375 0.231934 0.03125 0.120117 0.000185847
11 0.577148 0.223633 0.136719 0.201172 0.000185966
3 0.551758 0.509277 0.408203 0.407227 0.000187278
9 0.858398 0.595215 0.101562 0.149414 0.000187516
9 0.437012 0.299316 0.0810547 0.229492 0.000188828
9 0.250977 0.696289 0.365234 0.197266 0.000192165
9 0.925781 0.506348 0.126953 0.446289 0.000195861
10 0.204102 0.197266 0.181641 0.173828 0.000196218
9 0.586426 0.345215 0.161133 0.239258 0.000196576
9 0.819824 0.171387 0.217773 0.15918 0.000196934
13 0.255859 0.383301 0.113281 0.0302734 0.000200272
6 0.271973 0.145996 0.223633 0.0869141 0.000200629
10 0.24707 0.875 0.402344 0.222656 0.000201941
0 0.619141 0.368164 0.259766 0.285156 0.000202537
7 0.273438 0.189453 0.271484 0.205078 0.000203609
11 0.87207 0.586426 0.111328 0.166992 0.000204444
12 0.72998 0.396973 0.334961 0.458008 0.000211239
3 0.41748 0.967773 0.481445 0.0644531 0.000213265
3 0.717773 0.54248 0.267578 0.274414 0.000216126
10 0.734375 0.541016 0.244141 0.271484 0.000216842
11 0.296875 0.189941 0.162109 0.15332 0.000218868
13 0.303711 0.24707 0.0703125 0.111328 0.000219822
13 0.316895 0.51709 0.151367 0.243164 0.00022006
13 0.787598 0.433594 0.141602 0.046875 0.000220418
13 0.661133 0.203125 0.0859375 0.173828 0.000220656
1 0.686523 0.169922 0.324219 0.197266 0.000221848
1 0.708008 0.462402 0.181641 0.120117 0.000224829
13 0.644531 0.262207 0.193359 0.208008 0.000228405
12 0.684082 0.195801 0.325195 0.213867 0.000229955
9 0.60498 0.461426 0.366211 0.243164 0.000231028
9 0.228516 0.945801 0.369141 0.104492 0.000231266
2 0.651855 0.431641 0.0576172 0.0566406 0.000231981
1 0.767578 0.156738 0.1875 0.129883 0.000233054
0 0.529297 0.36377 0.193359 0.206055 0.000233054
13 0.135254 0.34082 0.0791016 0.0546875 0.000233531
5 0.706055 0.468262 0.195312 0.125977 0.000234127
0 0.273438 0.189453 0.271484 0.205078 0.000236511
13 0.30957 0.258789 0.177734 0.228516 0.000237584
13 0.303223 0.129395 0.200195 0.0419922 0.00023818
11 0.738281 0.131836 0.132812 0.0800781 0.000239849
13 0.314941 0.53418 0.0556641 0.103516 0.000249147
9 0.609863 0.415527 0.18457 0.19043 0.000252485
12 0.245117 0.207031 0.349609 0.201172 0.000256062
9 0.893555 0.620117 0.078125 0.138672 0.000257492
10 0.888672 0.660156 0.136719 0.181641 0.000258684
7 0.650879 0.430176 0.0654297 0.0576172 0.000258923
7 0.785156 0.57959 0.226562 0.233398 0.000264883
13 0.272949 0.19043 0.30957 0.173828 0.000266552
2 0.700195 0.456055 0.166016 0.107422 0.000267029
7 0.723633 0.425293 0.275391 0.22168 0.000268221
9 0.773438 0.137207 0.230469 0.120117 0.00027132
2 0.25 0.18457 0.246094 0.160156 0.000274897
7 0.788086 0.444824 0.240234 0.461914 0.000276804
9 0.830566 0.114258 0.329102 0.199219 0.000277758
11 0.563965 0.174316 0.0947266 0.166992 0.000280619
6 0.851562 0.599609 0.150391 0.177734 0.000280857
13 0.887695 0.634277 0.0742188 0.0869141 0.000286102
9 0.227051 0.529785 0.249023 0.233398 0.000286579
7 0.879395 0.623535 0.0771484 0.100586 0.000286579
12 0.708008 0.462402 0.181641 0.120117 0.000286818
3 0.504395 0.980469 0.452148 0.0351562 0.000287533
13 0.694336 0.18457 0.3125 0.207031 0.000288963
2 0.519043 0.306152 0.174805 0.137695 0.000290155
3 0.699219 0.457031 0.173828 0.111328 0.000290394
13 0.299316 0.363281 0.155273 0.0898438 0.000291109
8 0.73584 0.509766 0.235352 0.208984 0.000292063
9 0.402344 0.637695 0.132812 0.21875 0.000294924
9 0.694336 0.18457 0.3125 0.207031 0.000304461
8 0.606445 0.260742 0.0136719 0.00976562 0.000307322
1 0.638672 0.106445 0.201172 0.0585938 0.00030756
11 0.909668 0.578125 0.0654297 0.240234 0.000307798
2 0.515625 0.313965 0.0292969 0.0361328 0.000308752
7 0.313965 0.127441 0.18457 0.0361328 0.000318289
1 0.246094 0.190918 0.324219 0.174805 0.000319242
10 0.905273 0.662598 0.0820312 0.131836 0.000319719
13 0.258789 0.54834 0.210938 0.18457 0.00033617
7 0.825684 0.61084 0.15918 0.133789 0.000336885
13 0.874023 0.641602 0.0507812 0.0527344 0.00033927
0 0.684082 0.195801 0.325195 0.213867 0.000343323
7 0.84375 0.518555 0.183594 0.285156 0.000344753
8 0.567383 0.277344 0.0878906 0.0898438 0.000346661
9 0.463867 0.597168 0.207031 0.297852 0.000351429
10 0.3125 0.134277 0.201172 0.0419922 0.000351429
13 0.734375 0.541016 0.244141 0.271484 0.000357389
10 0.195312 0.980469 0.3125 0.0371094 0.000373363
7 0.647461 0.106934 0.21875 0.0595703 0.000373363
9 0.658691 0.423828 0.129883 0.132812 0.000376225
2 0.716309 0.152832 0.274414 0.143555 0.000377655
0 0.554688 0.336914 0.128906 0.138672 0.000381231
11 0.572754 0.274902 0.0478516 0.0517578 0.000394106
11 0.905273 0.662598 0.0820312 0.131836 0.000401258
8 0.324219 0.991699 0.0234375 0.0146484 0.000407934
9 0.445801 0.462402 0.0380859 0.0361328 0.000415325
9 0.22998 0.445801 0.30957 0.430664 0.000416279
0 0.618652 0.26123 0.288086 0.202148 0.000424147
12 0.647461 0.106934 0.222656 0.0615234 0.000426531
9 0.614258 0.438477 0.150391 0.09375 0.000431776
13 0.258301 0.381836 0.276367 0.310547 0.000436544
11 0.695312 0.445312 0.166016 0.0996094 0.00044632
10 0.290039 0.169922 0.257812 0.167969 0.000464201
6 0.706055 0.468262 0.195312 0.125977 0.000468969
9 0.410156 0.617188 0.0820312 0.078125 0.000468969
10 0.711914 0.161133 0.300781 0.175781 0.000477314
0 0.581543 0.249512 0.137695 0.129883 0.000478029
9 0.648926 0.432617 0.0595703 0.0527344 0.000486135
9 0.250488 0.799805 0.395508 0.353516 0.000488758
13 0.574707 0.277344 0.0439453 0.0449219 0.000491619
13 0.310059 0.54541 0.0947266 0.143555 0.00049305
11 0.1875 0.204102 0.150391 0.181641 0.000498772
10 0.878906 0.512695 0.222656 0.371094 0.000515938
10 0.916504 0.551758 0.120117 0.34375 0.000524521
3 0.603516 0.669922 0.492188 0.236328 0.000524521
4 0.73584 0.509766 0.235352 0.208984 0.000535488
11 0.554199 0.280762 0.118164 0.124023 0.000539303
4 0.708008 0.462402 0.181641 0.120117 0.000540733
11 0.388184 0.150879 0.0673828 0.0556641 0.00056982
8 0.708008 0.462402 0.181641 0.120117 0.000583649
5 0.825195 0.589844 0.177734 0.193359 0.000589371
11 0.307129 0.127441 0.100586 0.0263672 0.000592709
13 0.662109 0.252441 0.0585938 0.108398 0.000602245
11 0.895996 0.514648 0.100586 0.349609 0.000604153
10 0.899414 0.602051 0.0742188 0.157227 0.000648022
2 0.664062 0.435059 0.113281 0.0673828 0.000656605
9 0.743652 0.368164 0.323242 0.431641 0.000686646
12 0.300781 0.138184 0.216797 0.0517578 0.000740051
9 0.568359 0.27832 0.0644531 0.0644531 0.00075388
11 0.812988 0.172363 0.188477 0.174805 0.000790596
11 0.893555 0.620117 0.078125 0.138672 0.000878334
9 0.0214844 0.243652 0.0429688 0.0458984 0.000882149
11 0.336426 0.136719 0.124023 0.0351562 0.000888824
13 0.554199 0.280762 0.118164 0.124023 0.000895977
5 0.27002 0.55957 0.168945 0.146484 0.000921726
9 0.54541 0.507324 0.375977 0.416992 0.000936508
0 0.592285 0.309082 0.18457 0.188477 0.00094986
8 0.650879 0.430176 0.0654297 0.0576172 0.00096035
13 0.414551 0.30957 0.0576172 0.107422 0.000997543
11 0.611328 0.151855 0.185547 0.139648 0.00100708
10 0.876953 0.561035 0.125 0.243164 0.00102997
11 0.335938 0.118652 0.123047 0.0400391 0.00103951
0 0.67627 0.125488 0.27832 0.102539 0.00105476
13 0.276855 0.375977 0.147461 0.0507812 0.00106335
9 0.498535 0.318359 0.231445 0.195312 0.001091
5 0.746094 0.444824 0.318359 0.522461 0.00111485
1 0.303223 0.129395 0.200195 0.0419922 0.0011158
0 0.489258 0.397949 0.21875 0.385742 0.0011692
5 0.244141 0.598633 0.371094 0.443359 0.0011692
7 0.871582 0.586426 0.114258 0.166992 0.00117397
4 0.679688 0.134766 0.291016 0.105469 0.0011816
9 0.271973 0.145996 0.223633 0.0869141 0.00119114
8 0.679688 0.134766 0.291016 0.105469 0.00126171
10 0.224121 0.958008 0.358398 0.0820312 0.00126934
4 0.278809 0.157227 0.250977 0.103516 0.00128937
11 0.602051 0.589844 0.500977 0.175781 0.00129128
7 0.602051 0.589844 0.500977 0.175781 0.00130177
9 0.67334 0.12793 0.282227 0.0976562 0.00131607
6 0.73584 0.539062 0.243164 0.267578 0.00136757
1 0.602051 0.589844 0.500977 0.175781 0.00139618
9 0.736328 0.429688 0.246094 0.191406 0.00143528
12 0.602051 0.589844 0.500977 0.175781 0.00146198
8 0.602051 0.589844 0.500977 0.175781 0.00146198
8 0.677246 0.434082 0.131836 0.0732422 0.00151348
9 0.57666 0.276855 0.0400391 0.0439453 0.00151443
11 0.21875 0.146484 0.103516 0.0742188 0.00152302
2 0.601562 0.583008 0.5 0.177734 0.00155544
6 0.602051 0.589844 0.500977 0.175781 0.0015564
7 0.680664 0.434082 0.134766 0.0751953 0.00156021
8 0.572754 0.278809 0.0478516 0.0458984 0.0016346
11 0.291504 0.138672 0.270508 0.166016 0.00163555
9 0.554199 0.280273 0.112305 0.107422 0.00163651
4 0.602051 0.589844 0.500977 0.175781 0.00164413
13 0.602051 0.589844 0.500977 0.175781 0.00165653
11 0.809082 0.179688 0.0966797 0.0898438 0.00166893
8 0.278809 0.157227 0.250977 0.103516 0.00172997
0 0.563965 0.286621 0.0908203 0.0791016 0.00174427
0 0.575195 0.276855 0.0488281 0.0458984 0.00174713
13 0.686035 0.443848 0.145508 0.0888672 0.00177193
3 0.67334 0.12793 0.282227 0.0976562 0.00183678
11 0.280762 0.12207 0.198242 0.0546875 0.00187111
11 0.782227 0.15918 0.107422 0.107422 0.00191021
2 0.665039 0.123535 0.269531 0.0927734 0.00208282
11 0.59082 0.13623 0.130859 0.0888672 0.00216293
10 0.602051 0.589844 0.500977 0.175781 0.00234222
0 0.602051 0.589844 0.500977 0.175781 0.00242615
13 0.665039 0.123535 0.269531 0.0927734 0.00248718
5 0.601562 0.583008 0.5 0.177734 0.00251007
0 0.271973 0.145996 0.223633 0.0869141 0.00258636
11 0.69043 0.175781 0.328125 0.181641 0.00258827
13 0.271973 0.145996 0.223633 0.0869141 0.00279617
2 0.554199 0.280273 0.112305 0.107422 0.00286674
9 0.602051 0.589844 0.500977 0.175781 0.0030632
2 0.271973 0.145996 0.223633 0.0869141 0.00310326
3 0.28418 0.147949 0.240234 0.0869141 0.0033741
0 0.506348 0.301758 0.22168 0.167969 0.00372887
5 0.734375 0.541016 0.244141 0.271484 0.00384331
9 0.73584 0.509766 0.235352 0.208984 0.00384903
10 0.276367 0.147949 0.226562 0.0830078 0.00422287
7 0.708008 0.462402 0.181641 0.120117 0.00427246
7 0.73584 0.509766 0.235352 0.208984 0.00444412
7 0.679688 0.134766 0.291016 0.105469 0.00447845
11 0.26416 0.13916 0.124023 0.0673828 0.00456238
7 0.271973 0.145996 0.223633 0.0869141 0.00466537
10 0.67041 0.128906 0.274414 0.09375 0.00481033
12 0.679688 0.134766 0.291016 0.105469 0.0057106
11 0.746582 0.147461 0.194336 0.128906 0.00583267
5 0.229004 0.444824 0.299805 0.430664 0.0061264
11 0.325195 0.143066 0.1875 0.0537109 0.00614166
12 0.278809 0.157227 0.250977 0.103516 0.00680542
11 0.703125 0.112793 0.166016 0.0751953 0.00708771
11 0.246094 0.190918 0.324219 0.174805 0.0079422
9 0.483887 0.414062 0.198242 0.408203 0.00836182
5 0.227051 0.529785 0.249023 0.233398 0.0096283
2 0.566895 0.276855 0.0732422 0.0673828 0.0102692
1 0.67334 0.12793 0.282227 0.0976562 0.0122528
9 0.664062 0.435059 0.113281 0.0673828 0.0134201
11 0.22168 0.165527 0.154297 0.112305 0.0146332
1 0.272949 0.148926 0.229492 0.0888672 0.0171967
11 0.638672 0.106445 0.203125 0.0585938 0.0178375
0 0.554199 0.286133 0.118164 0.134766 0.0284729
9 0.699219 0.457031 0.173828 0.111328 0.0375061
2 0.571777 0.275879 0.0458984 0.0478516 0.0401306
11 0.313965 0.12793 0.180664 0.0332031 0.09552
11 0.67334 0.12793 0.282227 0.0976562 0.214844
11 0.276367 0.147949 0.226562 0.0830078 0.349365
3 0.601074 0.592773 0.508789 0.164062 0.712891
