13 0.678223 0.622559 0.0693359 0.180664 0.000103176
11 0.401855 0.157227 0.112305 0.0859375 0.000103712
11 0.720703 0.146484 0.138672 0.0410156 0.000105023
8 0.782227 0.736328 0.0253906 0.0195312 0.000107288
7 0.228516 0.611816 0.300781 0.358398 0.000107825
9 0.585449 0.824707 0.227539 0.19043 0.000109315
9 0.420898 0.73291 0.105469 0.161133 0.000109673
6 0.591797 0.341309 0.119141 0.12793 0.000110269
12 0.228516 0.611816 0.300781 0.358398 0.000110745
3 0.593262 0.719727 0.21582 0.164062 0.000112414
11 0.358887 0.171387 0.196289 0.114258 0.000115991
13 0.297363 0.69873 0.295898 0.356445 0.000118673
9 0.708008 0.778809 0.167969 0.0595703 0.000119865
9 0.696289 0.821777 0.378906 0.15332 0.000121415
10 0.228516 0.611816 0.300781 0.358398 0.00012207
13 0.756348 0.198242 0.0537109 0.0820312 0.000122428
3 0.581543 0.633789 0.426758 0.339844 0.000122666
4 0.591797 0.341309 0.119141 0.12793 0.000124931
8 0.869629 0.777832 0.0361328 0.0283203 0.000127316
13 0.46582 0.264648 0.0351562 0.0644531 0.000128627
11 0.632324 0.106934 0.0810547 0.0419922 0.000128746
9 0.597168 0.250488 0.0419922 0.0869141 0.00013113
11 0.770996 0.152832 0.0908203 0.0537109 0.000131369
9 0.306152 0.737305 0.307617 0.296875 0.000131607
13 0.607422 0.236816 0.0605469 0.114258 0.000132442
5 0.32666 0.70166 0.0654297 0.124023 0.000132918
11 0.703125 0.130371 0.128906 0.0419922 0.000135303
13 0.688477 0.21875 0.144531 0.179688 0.00013566
11 0.408691 0.114258 0.0478516 0.0136719 0.000135899
9 0.565918 0.984863 0.12793 0.0263672 0.000137568
11 0.269043 0.178223 0.0771484 0.0615234 0.000137925
8 0.564453 0.984375 0.0566406 0.0273438 0.000141263
13 0.326172 0.671875 0.0488281 0.101562 0.000145197
2 0.617676 0.296387 0.0498047 0.0400391 0.000146985
9 0.875977 0.779785 0.0117188 0.00878906 0.000150442
9 0.418457 0.840332 0.254883 0.291992 0.000151753
13 0.228516 0.611816 0.300781 0.358398 0.000160098
13 0.699219 0.249512 0.0703125 0.133789 0.000160456
11 0.316406 0.154297 0.09375 0.0449219 0.000160933
5 0.304199 0.665039 0.192383 0.240234 0.00016284
13 0.336426 0.700195 0.0361328 0.0605469 0.000164866
5 0.297363 0.69873 0.295898 0.356445 0.000165582
11 0.663574 0.126465 0.120117 0.0478516 0.000167847
8 0.869629 0.367676 0.0107422 0.0107422 0.000168324
10 0.999023 0.475098 0.00195312 0.862305 0.000169396
9 0.77832 0.502441 0.369141 0.692383 0.000173926
13 0.466309 0.30957 0.0517578 0.162109 0.000177264
12 0.254395 0.515625 0.40332 0.660156 0.000179172
5 0.242188 0.477539 0.248047 0.320312 0.00018084
9 0.520996 0.395996 0.233398 0.317383 0.000181794
9 0.509277 0.88623 0.194336 0.219727 0.000183225
11 0.645996 0.108887 0.0498047 0.0185547 0.000184894
0 0.627441 0.310547 0.0341797 0.03125 0.00018549
5 0.858887 0.691406 0.135742 0.185547 0.000186563
6 0.253906 0.554688 0.390625 0.65625 0.000190258
11 0.378906 0.119141 0.0546875 0.0253906 0.000191808
3 0.253906 0.554688 0.390625 0.65625 0.000192523
11 0.678223 0.77832 0.0615234 0.046875 0.000200391
9 0.470703 0.641602 0.046875 0.0371094 0.000202179
9 0.601074 0.829102 0.108398 0.0703125 0.000203133
1 0.591797 0.341309 0.119141 0.12793 0.000205874
11 0.435547 0.162598 0.0664062 0.106445 0.00020659
13 0.302734 0.732422 0.09375 0.0878906 0.000211954
13 0.307617 0.383301 0.0527344 0.0458984 0.000213742
0 0.611816 0.401855 0.163086 0.282227 0.000214458
6 0.32666 0.70166 0.0654297 0.124023 0.000217795
11 0.65625 0.15625 0.0957031 0.09375 0.000219464
9 0.505371 0.967285 0.180664 0.0654297 0.00022006
13 0.393555 0.491699 0.0839844 0.0537109 0.000222683
2 0.332031 0.710449 0.0644531 0.116211 0.000223637
13 0.631348 0.310059 0.0244141 0.0224609 0.000224113
12 0.591797 0.341309 0.119141 0.12793 0.000224352
3 0.612305 0.77832 0.423828 0.183594 0.000227094
7 0.591797 0.341309 0.119141 0.12793 0.000227928
9 0.552246 0.355957 0.202148 0.170898 0.000233412
6 0.600586 0.713867 0.445312 0.167969 0.000234604
8 0.79541 0.718262 0.0517578 0.0615234 0.000240564
13 0.325195 0.388672 0.0976562 0.0800781 0.000247478
9 0.557617 0.653809 0.371094 0.348633 0.000248909
13 0.245605 0.450195 0.110352 0.0527344 0.000255585
11 0.663086 0.109863 0.0449219 0.0166016 0.000260353
5 0.152832 0.694336 0.125977 0.164062 0.000263929
9 0.679688 0.80127 0.257812 0.0966797 0.000266552
13 0.589844 0.344727 0.121094 0.134766 0.000268459
7 0.600586 0.713867 0.445312 0.167969 0.000268936
9 0.630371 0.825684 0.243164 0.0966797 0.00026989
4 0.600586 0.713867 0.445312 0.167969 0.000279665
9 0.869629 0.777832 0.0361328 0.0283203 0.000281096
8 0.59375 0.592285 0.0371094 0.0302734 0.000281096
9 0.331543 0.702637 0.0615234 0.12793 0.000283003
11 0.600586 0.713867 0.445312 0.167969 0.000288486
1 0.600586 0.713867 0.445312 0.167969 0.000299931
9 0.443848 0.753906 0.149414 0.263672 0.000300407
8 0.600586 0.713867 0.445312 0.167969 0.000302315
11 0.592773 0.342773 0.119141 0.136719 0.000304699
13 0.298828 0.377441 0.0976562 0.0732422 0.000305414
8 0.799805 0.532715 0.0273438 0.0205078 0.000307322
11 0.343262 0.13623 0.0751953 0.0322266 0.000308514
11 0.69043 0.11377 0.0976562 0.0400391 0.000309944
8 0.630859 0.30957 0.03125 0.0292969 0.000314236
0 0.519043 0.459961 0.235352 0.458984 0.000315905
5 0.591797 0.341309 0.119141 0.12793 0.000319958
13 0.600586 0.713867 0.445312 0.167969 0.000322819
6 0.228516 0.611816 0.300781 0.358398 0.000323296
2 0.600586 0.713867 0.445312 0.167969 0.000326872
3 0.589355 0.983398 0.299805 0.0292969 0.00032711
8 0.593262 0.342773 0.114258 0.126953 0.00033164
9 0.692871 0.776855 0.0888672 0.0478516 0.000335693
9 0.590332 0.249023 0.0224609 0.0722656 0.000335932
12 0.600586 0.713867 0.445312 0.167969 0.000350475
8 0.586426 0.666016 0.0419922 0.0390625 0.000353336
11 0.396484 0.115723 0.0722656 0.0244141 0.000353336
11 0.414062 0.109375 0.046875 0.015625 0.000355005
9 0.564453 0.984375 0.0566406 0.0273438 0.000391483
9 0.685059 0.774902 0.0458984 0.0341797 0.000400543
9 0.631348 0.310059 0.0244141 0.0224609 0.000404119
3 0.590332 0.67041 0.286133 0.0810547 0.000404358
11 0.370605 0.145996 0.129883 0.0224609 0.000412226
11 0.439941 0.118164 0.0478516 0.0253906 0.000427961
10 0.592773 0.342773 0.119141 0.136719 0.00043273
11 0.682617 0.775879 0.0371094 0.0322266 0.000434399
8 0.410645 0.313477 0.0166016 0.015625 0.00046587
5 0.82959 0.61377 0.204102 0.334961 0.000473261
13 0.333984 0.733887 0.0800781 0.118164 0.000486135
11 0.424805 0.115234 0.046875 0.015625 0.000495911
8 0.799805 0.533691 0.015625 0.0146484 0.00051403
9 0.87207 0.77832 0.0195312 0.015625 0.000544071
13 0.298828 0.369629 0.146484 0.108398 0.000544548
11 0.399902 0.12207 0.112305 0.0332031 0.000557423
9 0.253906 0.554688 0.390625 0.65625 0.00055933
11 0.695801 0.110352 0.0673828 0.0234375 0.000566959
2 0.869629 0.777832 0.0361328 0.0283203 0.000573158
3 0.228516 0.611816 0.300781 0.358398 0.000586033
9 0.262207 0.835449 0.366211 0.256836 0.000588417
10 0.600586 0.713867 0.445312 0.167969 0.000598907
0 0.600586 0.713867 0.445312 0.167969 0.000608444
13 0.342773 0.672852 0.0703125 0.160156 0.00061655
5 0.600586 0.713867 0.445312 0.167969 0.000622749
2 0.595703 0.336914 0.109375 0.119141 0.000623703
0 0.612305 0.321289 0.0722656 0.0800781 0.000631332
11 0.617676 0.116211 0.0556641 0.0332031 0.000651836
9 0.601074 0.83252 0.444336 0.291992 0.000664234
5 0.77832 0.502441 0.369141 0.692383 0.000693798
8 0.87207 0.77832 0.0195312 0.015625 0.00079298
2 0.612305 0.321289 0.0722656 0.0800781 0.000795364
13 0.597656 0.26123 0.0351562 0.0751953 0.000832081
9 0.228516 0.611816 0.300781 0.358398 0.000861168
8 0.166992 0.700195 0.0332031 0.0273438 0.000926971
5 0.18457 0.669434 0.185547 0.250977 0.000942707
9 0.776855 0.885254 0.34668 0.229492 0.00097847
2 0.873535 0.77832 0.0166016 0.0117188 0.00103855
8 0.469727 0.64209 0.046875 0.0400391 0.00105953
11 0.794434 0.17041 0.0869141 0.0634766 0.00106144
9 0.591797 0.341309 0.119141 0.12793 0.00108147
3 0.592773 0.342773 0.119141 0.136719 0.00114632
11 0.288574 0.16748 0.0830078 0.0556641 0.00120926
11 0.362793 0.124023 0.0810547 0.0332031 0.00131035
2 0.630859 0.311523 0.0371094 0.0429688 0.0014801
9 0.599609 0.712402 0.443359 0.15918 0.00167656
11 0.422363 0.114258 0.0693359 0.0234375 0.0017252
9 0.512695 0.54248 0.1875 0.637695 0.00187397
11 0.404297 0.149414 0.0976562 0.0371094 0.00207329
11 0.382812 0.134766 0.126953 0.0371094 0.00229454
8 0.875977 0.779785 0.0117188 0.00878906 0.00237846
13 0.316406 0.702148 0.0976562 0.132812 0.00238037
9 0.491211 0.787598 0.205078 0.40918 0.00279617
11 0.629395 0.108887 0.0576172 0.0263672 0.00426102
11 0.666016 0.109863 0.0996094 0.0263672 0.00631714
0 0.555176 0.358398 0.198242 0.175781 0.00882721
5 0.25293 0.601074 0.371094 0.616211 0.00917053
2 0.631348 0.310059 0.0244141 0.0224609 0.00926208
13 0.33252 0.703125 0.0478516 0.105469 0.0231171
5 0.228027 0.61084 0.282227 0.342773 0.0254059
0 0.592773 0.336914 0.117188 0.121094 0.219849
3 0.598145 0.708008 0.448242 0.15625 0.387695
