9 0.496094 0.419922 0.0292969 0.0585938 0.000100672
10 0.914551 0.503906 0.170898 0.992188 0.000101686
4 0.779785 0.194336 0.44043 0.388672 0.000102162
13 0.723633 0.216309 0.03125 0.0263672 0.000102639
13 0.762695 0.402832 0.046875 0.0517578 0.00010556
11 0.68457 0.149902 0.0996094 0.0439453 0.00010711
13 0.340332 0.0849609 0.325195 0.169922 0.000110924
9 0.836914 0.822754 0.0488281 0.0283203 0.00011152
9 0.430664 0.221191 0.0410156 0.0361328 0.000111759
13 0.939453 0.992676 0.0546875 0.0107422 0.00011301
10 0.0161133 0.399902 0.0283203 0.0849609 0.000114441
9 0.294922 0.840332 0.0273438 0.0224609 0.000115037
11 0.71875 0.155273 0.046875 0.0351562 0.000115156
13 0.467285 0.263672 0.0224609 0.0195312 0.000115514
11 0.617188 0.217285 0.0683594 0.0615234 0.000117719
11 0.512695 0.164062 0.0488281 0.0449219 0.000118017
8 0.952637 0.98877 0.0712891 0.0166016 0.000120282
13 0.4375 0.282715 0.0410156 0.0263672 0.000123978
13 0.950195 0.0551758 0.0976562 0.110352 0.000127554
3 0.880859 0.144531 0.238281 0.259766 0.00012815
9 0.335449 0.927734 0.182617 0.132812 0.000128746
12 0.871582 0.374023 0.256836 0.748047 0.000129104
5 0.944824 0.98877 0.0830078 0.0166016 0.0001297
13 0.697266 0.195312 0.0449219 0.0605469 0.000132799
6 0.769531 0.200684 0.460938 0.401367 0.000133634
6 0.938477 0.98877 0.0859375 0.0185547 0.000135899
12 0.236816 0.155762 0.473633 0.311523 0.000137568
9 0.97168 0.851562 0.046875 0.0625 0.000137806
11 0.682617 0.148438 0.0898438 0.0175781 0.000139356
5 0.769531 0.200684 0.460938 0.401367 0.000141144
8 0.565918 0.949219 0.110352 0.0820312 0.000148654
9 0.413574 0.828613 0.114258 0.141602 0.000148892
0 0.871094 0.728027 0.257812 0.477539 0.00014925
11 0.682129 0.143066 0.0498047 0.0126953 0.00014925
13 0.538574 0.205078 0.0458984 0.138672 0.000150681
6 0.565918 0.949219 0.110352 0.0820312 0.000154018
9 0.723145 0.44043 0.0986328 0.109375 0.00015986
3 0.606445 0.344727 0.240234 0.195312 0.000164032
13 0.68457 0.22168 0.0585938 0.113281 0.00016439
13 0.714844 0.208008 0.0507812 0.0449219 0.000164866
9 0.888184 0.163574 0.223633 0.327148 0.000165105
6 0.415527 0.328125 0.135742 0.140625 0.000165582
7 0.465332 0.261719 0.0185547 0.015625 0.000174999
5 0.775879 0.35498 0.110352 0.135742 0.000176907
9 0.96582 0.987305 0.0566406 0.0195312 0.000179291
9 0.564941 0.916016 0.133789 0.162109 0.000183821
9 0.49707 0.410645 0.0410156 0.112305 0.00018549
9 0.709961 0.27832 0.0253906 0.0195312 0.000186563
7 0.534668 0.195312 0.0478516 0.119141 0.000192285
3 0.617188 0.216797 0.0683594 0.0625 0.000197172
7 0.709961 0.27832 0.0253906 0.0195312 0.000199795
9 0.730957 0.931152 0.161133 0.12207 0.000200033
11 0.0161133 0.399902 0.0283203 0.0849609 0.000200629
11 0.475098 0.14502 0.0634766 0.0166016 0.000205994
9 0.411621 0.324219 0.129883 0.164062 0.000206113
7 0.938477 0.98877 0.0859375 0.0185547 0.000224948
3 0.148926 0.416992 0.286133 0.197266 0.000237226
11 0.651855 0.149414 0.0595703 0.0332031 0.000238061
7 0.775879 0.357422 0.12207 0.142578 0.000238299
13 0.438477 0.278809 0.0644531 0.0400391 0.000238538
11 0.479004 0.152832 0.0478516 0.0107422 0.000238538
5 0.416016 0.326172 0.158203 0.195312 0.000241995
2 0.506836 0.397949 0.0507812 0.129883 0.000245094
9 0.464844 0.26123 0.0175781 0.0146484 0.000247002
9 0.561523 0.206055 0.0605469 0.154297 0.000248432
13 0.435059 0.231445 0.0419922 0.0136719 0.000252247
0 0.615234 0.243164 0.0820312 0.138672 0.000257492
11 0.664062 0.134766 0.0566406 0.0117188 0.00025773
10 0.00976562 0.407715 0.0136719 0.0615234 0.000259638
3 0.58252 0.254883 0.149414 0.123047 0.000262022
11 0.489258 0.155762 0.0820312 0.0166016 0.000268459
2 0.620117 0.216309 0.0605469 0.0634766 0.00026989
13 0.767578 0.411133 0.0292969 0.0351562 0.000301123
9 0.747559 0.794434 0.227539 0.411133 0.0003016
13 0.437988 0.226074 0.0517578 0.0283203 0.000307322
13 0.70459 0.210938 0.0654297 0.0742188 0.000314474
4 0.565918 0.949219 0.110352 0.0820312 0.00031662
9 0.411133 0.835938 0.166016 0.28125 0.000358343
13 0.450684 0.289062 0.0673828 0.0351562 0.000360489
11 0.645996 0.140625 0.0458984 0.0214844 0.000374556
9 0.688477 0.692383 0.341797 0.568359 0.000377893
9 0.561523 0.183105 0.107422 0.206055 0.000383377
9 0.938477 0.98877 0.0859375 0.0185547 0.000384808
11 0.00976562 0.407715 0.0136719 0.0615234 0.000388145
11 0.5 0.152344 0.046875 0.015625 0.000403166
9 0.615723 0.400879 0.268555 0.100586 0.000412226
3 0.236816 0.155762 0.473633 0.311523 0.000435829
13 0.944824 0.98877 0.0830078 0.0166016 0.000445843
11 0.664551 0.141602 0.0556641 0.0136719 0.000449181
3 0.797852 0.208496 0.404297 0.416992 0.000465393
9 0.991699 0.950684 0.0146484 0.0849609 0.000485182
13 0.501465 0.399902 0.0400391 0.124023 0.000507355
0 0.585938 0.216797 0.132812 0.078125 0.000512123
9 0.405273 0.833496 0.0703125 0.0986328 0.00056839
8 0.46582 0.356934 0.0273438 0.0244141 0.000638485
9 0.562988 0.946289 0.112305 0.0859375 0.000661373
8 0.469727 0.264648 0.0253906 0.0234375 0.000667095
9 0.621094 0.211426 0.0585938 0.0595703 0.000687122
0 0.216309 0.317383 0.0908203 0.0839844 0.000747681
11 0.473633 0.159668 0.0976562 0.0361328 0.000862598
9 0.57959 0.256836 0.139648 0.130859 0.000976562
7 0.565918 0.949219 0.110352 0.0820312 0.00105
7 0.415527 0.328125 0.135742 0.140625 0.00105667
10 0.85791 0.469727 0.0224609 0.0332031 0.00122452
11 0.704102 0.145996 0.0488281 0.0263672 0.0014143
11 0.432129 0.16748 0.0498047 0.0361328 0.0014782
11 0.666992 0.14209 0.078125 0.0244141 0.00152588
11 0.858887 0.471191 0.0224609 0.0302734 0.00155067
9 0.536621 0.188477 0.0478516 0.117188 0.00159454
11 0.695801 0.141113 0.0419922 0.0185547 0.0024128
9 0.511719 0.39502 0.0605469 0.131836 0.0025177
13 0.686523 0.20752 0.0351562 0.0732422 0.00325012
8 0.709961 0.27832 0.0253906 0.0195312 0.00334167
11 0.481934 0.149902 0.0791016 0.0166016 0.00359726
8 0.465332 0.262207 0.0185547 0.0146484 0.00610352
9 0.397949 0.92334 0.151367 0.15332 0.00618744
11 0.680176 0.138184 0.0634766 0.0146484 0.00865936
11 0.445312 0.161133 0.0566406 0.03125 0.0162506
11 0.465332 0.15625 0.0673828 0.0195312 0.0190277
0 0.57959 0.256836 0.139648 0.130859 0.0220032
0 0.616699 0.217773 0.0673828 0.0644531 0.0506897
3 0.615723 0.400879 0.268555 0.0986328 0.0538635
