9 0.219238 0.890625 0.336914 0.203125 0.000100374
9 0.541504 0.20459 0.231445 0.270508 0.000100732
3 0.219238 0.406738 0.21582 0.383789 0.000103712
9 0.311523 0.792969 0.302734 0.349609 0.000104129
11 0.365723 0.174805 0.118164 0.113281 0.000104368
0 0.219238 0.406738 0.21582 0.383789 0.000104904
8 0.424316 0.466797 0.0869141 0.142578 0.000104964
7 0.734375 0.11084 0.152344 0.0439453 0.000105381
0 0.601074 0.473145 0.432617 0.282227 0.000105798
9 0.694824 0.361328 0.155273 0.212891 0.000105977
9 0.517578 0.365723 0.119141 0.124023 0.000106394
1 0.824707 0.156738 0.110352 0.0673828 0.000107348
9 0.812012 0.450684 0.307617 0.368164 0.00010854
13 0.848145 0.168457 0.102539 0.0732422 0.000109196
1 0.888184 0.449219 0.141602 0.335938 0.000109255
6 0.216797 0.49707 0.132812 0.121094 0.000109851
13 0.888184 0.478516 0.116211 0.173828 0.000110626
13 0.435059 0.399414 0.108398 0.220703 0.000111699
9 0.922852 0.620117 0.0996094 0.078125 0.000112057
11 0.664062 0.129395 0.0917969 0.0498047 0.000113487
13 0.21875 0.523438 0.152344 0.109375 0.000115395
9 0.277344 0.159668 0.15625 0.0869141 0.000118017
13 0.384277 0.359375 0.0986328 0.132812 0.000118434
8 0.255859 0.34375 0.171875 0.222656 0.000118732
10 0.556152 0.375 0.327148 0.255859 0.000119567
9 0.299316 0.529297 0.178711 0.113281 0.000119627
9 0.867676 0.460938 0.0537109 0.0351562 0.000119746
11 0.796875 0.141602 0.0605469 0.0273438 0.000121236
12 0.352539 0.142578 0.216797 0.0800781 0.000122666
13 0.322266 0.435059 0.201172 0.260742 0.000123143
10 0.846191 0.167969 0.110352 0.0800781 0.000123262
2 0.847168 0.169434 0.104492 0.0810547 0.000123382
9 0.334473 0.207031 0.0615234 0.125 0.000123501
9 0.262207 0.460449 0.0673828 0.0185547 0.000123739
7 0.927734 0.609863 0.0859375 0.0712891 0.000123858
12 0.89209 0.452148 0.129883 0.330078 0.0001266
11 0.922852 0.620117 0.0996094 0.078125 0.0001266
11 0.913574 0.596191 0.0869141 0.0673828 0.000126839
9 0.55957 0.283691 0.171875 0.137695 0.000128508
11 0.446777 0.147461 0.0927734 0.0585938 0.000129819
9 0.811035 0.153809 0.18457 0.0908203 0.000129819
3 0.624023 0.590332 0.232422 0.120117 0.000130415
0 0.479492 0.402832 0.181641 0.211914 0.000132442
9 0.924805 0.595703 0.0390625 0.0175781 0.000134706
3 0.721191 0.619141 0.333008 0.117188 0.000135064
13 0.275879 0.540039 0.223633 0.0839844 0.000135422
9 0.23291 0.462891 0.110352 0.0585938 0.000135422
9 0.807129 0.554688 0.245117 0.15625 0.000135779
13 0.848145 0.592285 0.0595703 0.0341797 0.000139236
9 0.352539 0.142578 0.216797 0.0800781 0.000140429
10 0.975586 0.659668 0.0429688 0.0927734 0.000142097
10 0.80127 0.145996 0.15918 0.0849609 0.000142217
9 0.512207 0.216309 0.0634766 0.106445 0.00014329
12 0.277344 0.159668 0.15625 0.0869141 0.000143647
11 0.351074 0.117676 0.151367 0.0283203 0.000144005
9 0.219727 0.949219 0.314453 0.101562 0.000144124
11 0.689453 0.171387 0.0390625 0.0205078 0.000145197
0 0.652832 0.272949 0.0986328 0.0654297 0.000146985
6 0.918457 0.598145 0.0537109 0.0283203 0.000147343
8 0.983398 0.0112305 0.0195312 0.0185547 0.000149369
13 0.885254 0.591309 0.0966797 0.0517578 0.000151992
7 0.879395 0.365234 0.129883 0.175781 0.000152946
0 0.655762 0.391113 0.254883 0.293945 0.000153422
6 0.299805 0.535645 0.183594 0.112305 0.00015533
13 0.26123 0.467285 0.0517578 0.0283203 0.000156879
10 0.888184 0.449219 0.141602 0.335938 0.000160456
10 0.219727 0.933594 0.322266 0.132812 0.000162244
13 0.272461 0.45459 0.111328 0.0498047 0.000167727
12 0.811035 0.153809 0.18457 0.0908203 0.000171661
3 0.802734 0.981445 0.333984 0.0371094 0.000173926
4 0.437988 0.410156 0.114258 0.222656 0.000176907
11 0.681641 0.121582 0.0410156 0.0244141 0.000177979
1 0.811035 0.153809 0.18457 0.0908203 0.000180006
0 0.705566 0.330566 0.0947266 0.15918 0.000181317
4 0.755371 0.130859 0.194336 0.0820312 0.000182748
8 0.253418 0.463867 0.0439453 0.015625 0.000191927
5 0.900879 0.580566 0.104492 0.0830078 0.000193954
9 0.859375 0.367676 0.179688 0.217773 0.000198722
11 0.329102 0.186035 0.0605469 0.0927734 0.00019896
3 0.561035 0.391113 0.34668 0.233398 0.000200152
5 0.830078 0.443359 0.28125 0.371094 0.000202179
1 0.277344 0.159668 0.15625 0.0869141 0.000205278
5 0.864746 0.533203 0.233398 0.234375 0.000205994
13 0.355469 0.223145 0.0742188 0.118164 0.000210881
9 0.470215 0.317871 0.124023 0.295898 0.000211596
2 0.983398 0.0112305 0.0195312 0.0185547 0.000216007
9 0.533203 0.17334 0.0996094 0.250977 0.000220656
11 0.683594 0.161133 0.0683594 0.0410156 0.000221372
4 0.890625 0.544922 0.146484 0.154297 0.000221848
5 0.299805 0.535645 0.183594 0.112305 0.000222206
13 0.927734 0.609863 0.0859375 0.0712891 0.000222564
7 0.811523 0.550781 0.230469 0.166016 0.000223398
13 0.393555 0.30957 0.0761719 0.0996094 0.000224948
7 0.216797 0.49707 0.132812 0.121094 0.00022614
9 0.253906 0.34375 0.167969 0.21875 0.000230908
11 0.85791 0.174316 0.0869141 0.0712891 0.000231147
0 0.530762 0.37207 0.161133 0.167969 0.000234127
8 0.378906 0.246094 0.0292969 0.0253906 0.000234365
13 0.279785 0.154297 0.163086 0.0859375 0.000243068
13 0.875977 0.445801 0.167969 0.331055 0.000244141
9 0.913574 0.596191 0.0869141 0.0673828 0.000247717
9 0.261719 0.496094 0.226562 0.1875 0.000248671
11 0.415527 0.133301 0.114258 0.0400391 0.000249863
11 0.919922 0.595215 0.0507812 0.0244141 0.000253916
8 0.888184 0.449219 0.141602 0.335938 0.000254393
13 0.348145 0.390137 0.0966797 0.0673828 0.000262976
11 0.913574 0.606934 0.0576172 0.0361328 0.000263453
8 0.906738 0.390625 0.0224609 0.0214844 0.000274897
7 0.919434 0.59668 0.0458984 0.0214844 0.00028348
0 0.538574 0.286621 0.168945 0.188477 0.000284433
8 0.755371 0.130859 0.194336 0.0820312 0.000285625
11 0.285156 0.177246 0.167969 0.137695 0.000287771
11 0.980469 0.680664 0.0371094 0.0957031 0.000294924
8 0.801758 0.480469 0.0195312 0.015625 0.000300407
9 0.845215 0.637695 0.268555 0.101562 0.000311136
7 0.219238 0.386719 0.176758 0.160156 0.000311852
2 0.219238 0.406738 0.21582 0.383789 0.000315666
11 0.219238 0.406738 0.21582 0.383789 0.000329494
3 0.751465 0.966309 0.399414 0.0673828 0.000329494
11 0.322266 0.131348 0.078125 0.0263672 0.00033164
13 0.868164 0.486328 0.113281 0.0957031 0.000332117
13 0.26123 0.497559 0.239258 0.149414 0.000332355
3 0.643555 0.643555 0.511719 0.181641 0.000337601
9 0.442871 0.523438 0.135742 0.28125 0.000340223
8 0.437988 0.410156 0.114258 0.222656 0.000344276
13 0.337891 0.20752 0.130859 0.157227 0.000347614
13 0.888184 0.480469 0.0576172 0.0195312 0.000353813
11 0.740723 0.100098 0.133789 0.0244141 0.000355005
7 0.913086 0.591797 0.0683594 0.0410156 0.000356913
0 0.519531 0.361816 0.0898438 0.118164 0.000360012
11 0.838379 0.161133 0.0634766 0.0566406 0.00036478
13 0.734863 0.203613 0.141602 0.165039 0.000380993
13 0.929199 0.588379 0.0478516 0.0322266 0.000381231
10 0.184082 0.983398 0.223633 0.03125 0.000386238
3 0.536621 0.964844 0.536133 0.0703125 0.000393629
13 0.228027 0.458496 0.120117 0.170898 0.000406265
13 0.387695 0.418457 0.0625 0.0810547 0.000406742
9 0.504883 0.410645 0.234375 0.276367 0.000410318
7 0.255859 0.34375 0.171875 0.222656 0.000414133
6 0.900879 0.580566 0.104492 0.0830078 0.000414371
7 0.299316 0.529297 0.178711 0.113281 0.000414848
13 0.221191 0.493652 0.106445 0.0810547 0.000425816
0 0.765625 0.134766 0.183594 0.0839844 0.000430107
6 0.260742 0.490234 0.226562 0.195312 0.000435829
9 0.916992 0.599609 0.0566406 0.0292969 0.000454664
10 0.756348 0.130371 0.182617 0.0771484 0.00047183
10 0.981445 0.696777 0.0371094 0.106445 0.000478268
13 0.877441 0.484863 0.0830078 0.0576172 0.000478506
4 0.888184 0.449219 0.141602 0.335938 0.000478745
13 0.894043 0.555176 0.12793 0.133789 0.00050211
8 0.863281 0.542969 0.0273438 0.0234375 0.000517368
1 0.220703 0.407227 0.210938 0.376953 0.000527382
3 0.755371 0.130859 0.194336 0.0820312 0.000535965
12 0.204102 0.421875 0.216797 0.353516 0.00053978
13 0.365234 0.40918 0.0820312 0.0820312 0.00054121
7 0.509277 0.229492 0.0849609 0.21875 0.000545025
7 0.900879 0.580566 0.104492 0.0830078 0.000561714
11 0.686523 0.121094 0.0800781 0.03125 0.000590801
9 0.765625 0.134766 0.183594 0.0839844 0.000611782
11 0.812012 0.146484 0.0595703 0.0292969 0.000614166
11 0.853027 0.185059 0.12207 0.114258 0.00061655
13 0.265137 0.458984 0.0673828 0.0253906 0.000627995
11 0.776855 0.13916 0.104492 0.0537109 0.000648975
11 0.668457 0.148438 0.112305 0.0703125 0.000672817
13 0.724121 0.222656 0.0751953 0.115234 0.000697613
9 0.890625 0.544922 0.146484 0.154297 0.000720978
2 0.755371 0.130859 0.194336 0.0820312 0.000730038
7 0.260742 0.490234 0.226562 0.195312 0.000761509
7 0.625 0.584961 0.509766 0.152344 0.000767231
13 0.929688 0.595703 0.0429688 0.015625 0.000771523
12 0.625 0.584961 0.509766 0.152344 0.000772953
11 0.625 0.584961 0.509766 0.152344 0.000776291
13 0.228516 0.463867 0.107422 0.0644531 0.000781536
7 0.427246 0.471191 0.0908203 0.139648 0.000788689
10 0.208496 0.97168 0.311523 0.0566406 0.000800133
1 0.625 0.584961 0.509766 0.152344 0.00080061
8 0.625 0.584961 0.509766 0.152344 0.000803471
6 0.625 0.584961 0.509766 0.152344 0.000809669
0 0.694824 0.361328 0.155273 0.212891 0.000849724
2 0.625 0.584961 0.509766 0.152344 0.000854969
5 0.261719 0.496094 0.226562 0.1875 0.000860214
7 0.755371 0.130859 0.194336 0.0820312 0.000885487
4 0.625 0.584961 0.509766 0.152344 0.000889301
9 0.983398 0.0112305 0.0195312 0.0185547 0.000928879
11 0.769531 0.151855 0.251953 0.12207 0.000929356
8 0.217773 0.404785 0.21875 0.34668 0.000955105
11 0.697266 0.121582 0.15625 0.0517578 0.000958443
11 0.23877 0.176758 0.0966797 0.0839844 0.000966549
13 0.755371 0.130859 0.194336 0.0820312 0.000971317
9 0.494141 0.196289 0.0839844 0.175781 0.000990868
3 0.605957 0.537109 0.452148 0.150391 0.00100994
5 0.625 0.584961 0.509766 0.152344 0.00104332
13 0.867676 0.467285 0.0634766 0.0341797 0.00104523
13 0.625 0.584961 0.509766 0.152344 0.00106335
11 0.396973 0.134277 0.200195 0.0537109 0.00107193
13 0.913086 0.604492 0.0566406 0.0371094 0.00107288
10 0.219238 0.406738 0.21582 0.383789 0.00118828
9 0.539062 0.328125 0.244141 0.265625 0.00122166
13 0.874023 0.484375 0.0605469 0.0214844 0.00125504
9 0.512207 0.255859 0.137695 0.265625 0.00133228
13 0.220703 0.407227 0.210938 0.376953 0.00134754
9 0.432129 0.469727 0.0966797 0.154297 0.00142384
7 0.643555 0.331055 0.193359 0.175781 0.00143528
10 0.625 0.584961 0.509766 0.152344 0.00152016
13 0.334473 0.207031 0.0615234 0.125 0.00152206
0 0.625 0.584961 0.509766 0.152344 0.001544
5 0.643066 0.331055 0.192383 0.175781 0.0015831
6 0.898438 0.54834 0.130859 0.149414 0.00164413
5 0.898438 0.54834 0.130859 0.149414 0.00169277
9 0.625488 0.587891 0.508789 0.132812 0.00178528
12 0.643555 0.331055 0.193359 0.175781 0.00181007
13 0.253418 0.463867 0.0439453 0.015625 0.00182629
1 0.643066 0.331055 0.192383 0.175781 0.00187111
12 0.765625 0.134766 0.183594 0.0839844 0.00195503
11 0.32373 0.137695 0.165039 0.0644531 0.00202942
6 0.643066 0.331055 0.192383 0.175781 0.00205231
2 0.64502 0.32959 0.19043 0.172852 0.00209618
11 0.643555 0.331055 0.193359 0.175781 0.00216293
9 0.888184 0.449219 0.141602 0.335938 0.00219536
6 0.893066 0.461914 0.139648 0.310547 0.0022316
13 0.23584 0.463379 0.0791016 0.0205078 0.00229836
4 0.643555 0.331055 0.193359 0.175781 0.00246811
11 0.386719 0.124512 0.142578 0.0341797 0.00265884
4 0.217773 0.404785 0.21875 0.34668 0.00270081
1 0.755371 0.130859 0.194336 0.0820312 0.00270653
0 0.661133 0.294922 0.130859 0.109375 0.00273514
13 0.909668 0.584473 0.0908203 0.0771484 0.00294685
7 0.437988 0.412109 0.106445 0.216797 0.00300789
8 0.643555 0.331055 0.193359 0.175781 0.00308609
9 0.437988 0.410156 0.114258 0.222656 0.00322723
13 0.643066 0.331055 0.192383 0.175781 0.00356483
9 0.643066 0.331055 0.192383 0.175781 0.00434875
7 0.890625 0.544922 0.146484 0.154297 0.00454712
10 0.643555 0.331055 0.193359 0.175781 0.00460815
13 0.370605 0.400879 0.0478516 0.0576172 0.00494003
0 0.602051 0.29834 0.186523 0.12207 0.00514984
0 0.5625 0.355957 0.339844 0.223633 0.00522614
9 0.217773 0.404785 0.21875 0.34668 0.00591278
5 0.893066 0.461914 0.139648 0.310547 0.00685883
11 0.8125 0.145508 0.09375 0.0449219 0.00715637
7 0.888184 0.449219 0.141602 0.335938 0.00767517
13 0.913086 0.591797 0.0683594 0.0410156 0.00902557
3 0.643066 0.331055 0.192383 0.175781 0.00968933
6 0.222656 0.406738 0.220703 0.34082 0.0102997
5 0.229004 0.40918 0.21582 0.371094 0.0105667
11 0.273926 0.157227 0.133789 0.0761719 0.0128632
11 0.303223 0.138672 0.100586 0.0429688 0.0138245
9 0.51709 0.229492 0.0791016 0.208984 0.0138779
11 0.733887 0.11084 0.15332 0.0400391 0.0160522
11 0.800293 0.145508 0.155273 0.0820312 0.0197754
13 0.919922 0.595215 0.0507812 0.0244141 0.0207977
11 0.350586 0.132324 0.164062 0.0361328 0.0272217
11 0.831055 0.160156 0.109375 0.0742188 0.0295105
7 0.217773 0.404785 0.21875 0.34668 0.0312805
11 0.755859 0.130371 0.179688 0.0712891 0.0657349
3 0.624512 0.586426 0.512695 0.120117 0.693359
0 0.645508 0.329102 0.1875 0.175781 0.776855
