9 0.50293 0.554688 0.103516 0.269531 0.000100613
13 0.286621 0.367676 0.114258 0.112305 0.00010097
2 0.751953 0.507812 0.191406 0.15625 0.00010252
9 0.788574 0.405762 0.145508 0.180664 0.000102878
11 0.393066 0.22998 0.0556641 0.0224609 0.000102997
10 0.135742 0.983398 0.128906 0.0332031 0.000103414
2 0.0854492 0.206543 0.170898 0.391602 0.000103593
2 0.838379 0.335938 0.323242 0.671875 0.000106096
12 0.163086 0.142578 0.326172 0.285156 0.000106454
13 0.617188 0.869141 0.0878906 0.119141 0.00010711
11 0.228516 0.333984 0.0722656 0.0546875 0.000108242
9 0.57373 0.499512 0.0498047 0.0380859 0.00010854
12 0.858398 0.317383 0.283203 0.634766 0.0001086
9 0.830078 0.681152 0.142578 0.0361328 0.000108778
7 0.591797 0.634277 0.419922 0.125977 0.000108957
6 0.76709 0.496094 0.280273 0.386719 0.000109375
13 0.280762 0.382324 0.0107422 0.0107422 0.000109494
7 0.270996 0.333984 0.0888672 0.0546875 0.000110865
5 0.200684 0.547363 0.149414 0.194336 0.000110984
1 0.591797 0.634277 0.419922 0.125977 0.000111163
8 0.280273 0.384766 0.015625 0.015625 0.000111163
11 0.735352 0.182617 0.0429688 0.0371094 0.000112176
12 0.856934 0.132812 0.282227 0.259766 0.000112474
8 0.29541 0.194824 0.0537109 0.0419922 0.000112593
0 0.145996 0.131348 0.276367 0.262695 0.00011313
8 0.343262 0.650391 0.0146484 0.0117188 0.00011313
3 0.611328 0.68457 0.373047 0.0839844 0.00011313
9 0.0161133 0.562988 0.0322266 0.0400391 0.000113785
5 0.78418 0.341309 0.0703125 0.0732422 0.000114322
9 0.464844 0.495605 0.03125 0.0302734 0.000116765
9 0.334473 0.729492 0.241211 0.166016 0.000118673
9 0.827637 0.536621 0.141602 0.268555 0.000121236
5 0.858887 0.133301 0.254883 0.243164 0.000121653
13 0.748047 0.401855 0.183594 0.192383 0.000121713
8 0.019043 0.55127 0.0302734 0.0419922 0.000121772
0 0.464355 0.561523 0.0302734 0.0332031 0.00012219
5 0.732422 0.586914 0.208984 0.210938 0.000122309
11 0.816406 0.230957 0.367188 0.461914 0.000122428
13 0.279785 0.382324 0.0185547 0.0224609 0.000122666
11 0.437988 0.226562 0.0576172 0.0195312 0.000123858
9 0.603027 0.689941 0.43457 0.15332 0.000126362
13 0.591797 0.634277 0.419922 0.125977 0.000128388
7 0.23584 0.31543 0.0654297 0.0546875 0.000128508
7 0.856934 0.132812 0.282227 0.259766 0.000129461
7 0.805176 0.390137 0.104492 0.157227 0.000131845
13 0.349609 0.424316 0.046875 0.0322266 0.000132322
13 0.329102 0.3125 0.109375 0.0605469 0.000133634
3 0.176758 0.152344 0.353516 0.304688 0.000133872
9 0.470215 0.407715 0.0556641 0.0966797 0.000134945
0 0.452148 0.0444336 0.240234 0.0888672 0.000134945
1 0.856934 0.132812 0.282227 0.259766 0.000135064
11 0.0913086 0.989746 0.0537109 0.0205078 0.000136614
13 0.792969 0.384766 0.0996094 0.146484 0.000137091
12 0.248535 0.719238 0.329102 0.137695 0.000138044
5 0.249512 0.326172 0.0537109 0.046875 0.000138402
8 0.856934 0.132812 0.282227 0.259766 0.000138402
13 0.686035 0.375488 0.0869141 0.114258 0.000139356
13 0.263184 0.311523 0.124023 0.154297 0.000142336
9 0.67334 0.575195 0.0810547 0.195312 0.000142932
4 0.165527 0.13916 0.311523 0.27832 0.000142932
2 0.591797 0.634277 0.419922 0.125977 0.00014329
11 0.25 0.335449 0.0644531 0.0791016 0.000144005
9 0.166504 0.234375 0.333008 0.412109 0.000144124
8 0.35498 0.248047 0.0205078 0.015625 0.000144124
4 0.856934 0.132812 0.282227 0.259766 0.000145674
12 0.591797 0.634277 0.419922 0.125977 0.000146627
6 0.784668 0.336914 0.0595703 0.0527344 0.000146866
8 0.340332 0.421875 0.0166016 0.0195312 0.000146985
9 0.770508 0.745117 0.347656 0.15625 0.00014782
7 0.788574 0.356934 0.0791016 0.104492 0.000149131
13 0.79834 0.342285 0.0458984 0.0380859 0.000149846
13 0.340332 0.421875 0.0166016 0.0195312 0.000151396
0 0.598633 0.413574 0.0800781 0.100586 0.000151634
5 0.733398 0.392578 0.181641 0.1875 0.000154376
3 1 0.547363 0 0.633789 0.000154972
7 0.165527 0.13916 0.311523 0.27832 0.000155091
3 0.631348 0.572754 0.28418 0.223633 0.000155687
8 0.833984 0.410156 0.0253906 0.0195312 0.00015676
2 0.753906 0.505859 0.302734 0.361328 0.000157237
0 0.626465 0.0078125 0.141602 0.015625 0.000157595
0 0.894043 0.299805 0.211914 0.599609 0.00015974
1 0.249512 0.327148 0.0458984 0.0429688 0.00015974
11 0.352539 0.248535 0.0332031 0.0166016 0.000161052
13 0.253418 0.354492 0.0400391 0.0644531 0.000164628
4 0.736816 0.185547 0.0458984 0.0410156 0.000165701
2 0.414062 0.635254 0.03125 0.0361328 0.000166297
9 0.270508 0.32666 0.0917969 0.0517578 0.000167608
3 0.258301 0.546387 0.352539 0.522461 0.000168562
8 0.145996 0.131348 0.276367 0.262695 0.000169277
13 0.708496 0.368652 0.151367 0.165039 0.000169992
9 0.65918 0.677734 0.322266 0.0898438 0.000169992
0 0.526855 0.37207 0.188477 0.138672 0.000171185
11 0.367188 0.215332 0.119141 0.0283203 0.0001719
5 0.273926 0.666016 0.370117 0.150391 0.000172734
11 0.658203 0.212891 0.0742188 0.0234375 0.000173807
11 0.702637 0.230957 0.114258 0.0263672 0.00017488
9 0.697266 0.55127 0.183594 0.264648 0.000175238
11 0.617188 0.233398 0.0722656 0.0292969 0.000175834
9 0.751953 0.503418 0.0175781 0.0146484 0.000175953
10 0.234375 0.718262 0.320312 0.135742 0.00017643
11 0.748535 0.244141 0.0595703 0.0390625 0.000177979
2 0.746582 0.504395 0.0302734 0.0185547 0.000179172
0 0.599609 0.429688 0.164062 0.179688 0.000179768
0 0.646973 0.0380859 0.12793 0.0761719 0.00018096
8 0.416504 0.556641 0.0166016 0.015625 0.000181675
2 0.608887 0.424805 0.0615234 0.0488281 0.000182986
10 0.0981445 0.991211 0.0576172 0.0175781 0.000182986
10 0.591797 0.634277 0.419922 0.125977 0.000188947
13 0.299805 0.320801 0.125 0.0322266 0.000189424
11 0.444336 0.23877 0.0664062 0.0419922 0.000190973
9 0.275879 0.683105 0.178711 0.0712891 0.000192285
11 0.41748 0.238281 0.104492 0.0683594 0.000200272
11 0.591797 0.634277 0.412109 0.12207 0.000201225
13 0.827148 0.645996 0.0957031 0.0478516 0.000202179
13 0.40332 0.535156 0.0722656 0.0449219 0.000204682
2 0.249512 0.32666 0.0478516 0.0458984 0.000205159
2 0.737305 0.185547 0.0449219 0.0410156 0.000205517
13 0.615723 0.87207 0.0517578 0.0839844 0.000206232
0 0.594238 0.628906 0.40332 0.128906 0.000206828
1 0.145996 0.131348 0.276367 0.262695 0.000207543
8 0.25 0.327148 0.0429688 0.0410156 0.000213027
2 0.85498 0.126465 0.280273 0.223633 0.000219464
9 0.584961 0.384766 0.0996094 0.0839844 0.000221133
13 0.410645 0.628418 0.0322266 0.0185547 0.000223875
8 0.746582 0.504395 0.0302734 0.0185547 0.000224233
5 0.591797 0.634277 0.419922 0.125977 0.000225186
5 0.26416 0.583984 0.276367 0.265625 0.000226021
8 0.184082 0.416504 0.0380859 0.0263672 0.000226974
2 0.60791 0.419922 0.0263672 0.0195312 0.000231624
3 0.580566 0.382812 0.104492 0.0820312 0.000232816
13 0.268555 0.385742 0.0644531 0.0917969 0.000233293
13 0.75293 0.507324 0.306641 0.352539 0.000233293
13 0.697266 0.55127 0.183594 0.264648 0.000234962
9 0.474609 0.437012 0.0683594 0.188477 0.000235796
2 0.462891 0.495605 0.0292969 0.0283203 0.000240088
11 0.145996 0.131348 0.276367 0.262695 0.000240445
13 0.616211 0.429688 0.0449219 0.0351562 0.000243902
11 0.394531 0.219238 0.0722656 0.0205078 0.000246286
6 0.25 0.335449 0.0644531 0.0791016 0.000246763
13 0.393555 0.322754 0.078125 0.133789 0.000248671
13 0.838379 0.335938 0.323242 0.671875 0.000257015
13 0.245605 0.40918 0.155273 0.224609 0.000261784
9 0.73291 0.509277 0.0615234 0.0439453 0.000264406
11 0.856934 0.132812 0.282227 0.259766 0.000270844
0 0.456543 0.00830078 0.15332 0.0166016 0.000271797
11 0.336914 0.23291 0.107422 0.0361328 0.000273943
8 0.751465 0.429688 0.0107422 0.00976562 0.000283003
6 0.239258 0.393555 0.121094 0.167969 0.000284672
11 0.98291 0.265625 0.0341797 0.0722656 0.00028491
11 0.377441 0.224609 0.0751953 0.0214844 0.000288486
13 0.666504 0.510254 0.0791016 0.0986328 0.000292301
2 0.0463867 0.244141 0.0927734 0.339844 0.000293732
9 0.5 0.591797 0.212891 0.367188 0.000299692
7 0.226562 0.394043 0.119141 0.166992 0.000302792
8 0.737305 0.51123 0.0527344 0.0380859 0.000303984
9 0.239258 0.393066 0.119141 0.168945 0.000305653
9 0.25 0.335449 0.0644531 0.0791016 0.00030899
11 0.769531 0.26123 0.0878906 0.0615234 0.000312328
8 0.280762 0.382324 0.0107422 0.0107422 0.000320196
9 0.612305 0.42627 0.0371094 0.0302734 0.000329256
9 0.290039 0.685059 0.345703 0.102539 0.000334501
9 0.789551 0.338867 0.0556641 0.0507812 0.000343561
6 0.85498 0.126465 0.280273 0.223633 0.000347614
7 0.25 0.335449 0.0644531 0.0791016 0.000359058
7 0.787109 0.335449 0.0546875 0.0439453 0.000369072
9 0.247559 0.788086 0.368164 0.253906 0.000380993
0 0.609863 0.428223 0.0400391 0.0341797 0.000385523
13 0.791016 0.361328 0.0703125 0.0898438 0.000394344
13 0.258301 0.314453 0.0400391 0.0644531 0.000400066
9 0.84082 0.700684 0.136719 0.0654297 0.000406027
7 0.234375 0.718262 0.320312 0.135742 0.000408411
2 0.14502 0.131836 0.260742 0.263672 0.000418901
8 0.793945 0.337891 0.0332031 0.0234375 0.0004282
9 0.258301 0.546387 0.352539 0.522461 0.000437737
13 0.237793 0.334961 0.0458984 0.0371094 0.000451803
0 0.633789 0.0200195 0.140625 0.0400391 0.000454426
13 0.941406 0.25293 0.117188 0.505859 0.000454903
13 0.697266 0.602051 0.103516 0.129883 0.000460863
13 0.73291 0.509277 0.0615234 0.0439453 0.000462055
13 0.228516 0.365723 0.0859375 0.116211 0.000468969
0 0.0605469 0.268555 0.121094 0.470703 0.000492096
13 0.231445 0.321289 0.0585938 0.046875 0.000501156
13 0.784668 0.336914 0.0595703 0.0527344 0.00050354
9 0.76709 0.496094 0.280273 0.386719 0.000566006
0 0.437012 0.0175781 0.176758 0.0351562 0.000566483
11 0.272949 0.260742 0.0888672 0.0683594 0.00057888
13 0.0649414 0.238281 0.129883 0.410156 0.00058794
13 0.30957 0.375488 0.197266 0.180664 0.00059557
13 0.263672 0.334961 0.0488281 0.046875 0.000603676
2 0.73877 0.508789 0.0634766 0.0429688 0.000618458
9 0.782715 0.703125 0.30957 0.09375 0.000622749
11 0.67334 0.226562 0.116211 0.0214844 0.000646591
6 0.145996 0.131348 0.276367 0.262695 0.000656128
8 0.787109 0.333984 0.0488281 0.0390625 0.000666618
5 0.240723 0.724609 0.290039 0.142578 0.000678539
11 0.249512 0.327148 0.0458984 0.0429688 0.000679016
9 0.532227 0.400391 0.195312 0.140625 0.000680447
11 0.236816 0.316406 0.0654297 0.0527344 0.000720501
0 0.520508 0.440918 0.189453 0.233398 0.000776768
8 0.015625 0.564453 0.03125 0.0449219 0.000790119
3 0.607422 0.688965 0.453125 0.155273 0.000844479
13 0.873535 0.134766 0.227539 0.25 0.000863552
9 0.169434 0.237793 0.0400391 0.0361328 0.000878334
8 0.612305 0.42627 0.0371094 0.0302734 0.000949383
13 0.245605 0.317383 0.0849609 0.0761719 0.000953197
13 0.319824 0.298828 0.174805 0.107422 0.000965118
11 0.311035 0.237793 0.0693359 0.0380859 0.000967503
9 0.594238 0.628906 0.40332 0.128906 0.000989914
2 0.75293 0.503418 0.0175781 0.0126953 0.00100422
7 0.736816 0.185547 0.0458984 0.0410156 0.00103378
11 0.645508 0.220215 0.0957031 0.0263672 0.00106335
5 0.788574 0.405762 0.145508 0.180664 0.00107765
13 0.678223 0.592285 0.0537109 0.116211 0.00112724
8 0.429199 0.466797 0.0166016 0.015625 0.00120354
6 0.249512 0.32666 0.0478516 0.0458984 0.00126648
13 0.283691 0.331543 0.129883 0.0830078 0.00134754
9 0.249512 0.327148 0.0458984 0.0429688 0.00139713
13 0.374512 0.297852 0.0732422 0.109375 0.00144863
5 0.246094 0.490234 0.207031 0.349609 0.00156307
5 0.827637 0.536621 0.141602 0.268555 0.00169945
13 0.145996 0.131348 0.276367 0.262695 0.00170231
8 0.751465 0.503418 0.0166016 0.0126953 0.00174427
5 0.234375 0.399414 0.132812 0.169922 0.00201035
11 0.421387 0.231445 0.0986328 0.0292969 0.00205803
13 0.239258 0.344238 0.0625 0.0654297 0.00206375
13 0.67334 0.575195 0.0810547 0.195312 0.00208855
9 0.736328 0.185059 0.0449219 0.0400391 0.00214767
0 0.55957 0.402344 0.150391 0.132812 0.00215912
9 0.465332 0.561523 0.0322266 0.0332031 0.00225639
13 0.674805 0.575195 0.0390625 0.0644531 0.00233078
7 0.249512 0.32666 0.0478516 0.0458984 0.00235367
11 0.291016 0.249512 0.0625 0.0498047 0.00237083
11 0.635742 0.227539 0.0917969 0.0234375 0.00250244
2 0.465332 0.561523 0.0322266 0.03125 0.00281143
9 0.506836 0.486328 0.154297 0.357422 0.0037899
13 0.256348 0.384277 0.0947266 0.155273 0.00392151
11 0.398926 0.211426 0.0947266 0.0263672 0.00418854
11 0.368652 0.227051 0.133789 0.0341797 0.00461197
8 0.465332 0.561523 0.0322266 0.03125 0.00507355
2 0.612305 0.42627 0.0371094 0.0302734 0.00561905
5 0.782715 0.498047 0.256836 0.382812 0.00579453
5 0.258301 0.546387 0.352539 0.522461 0.00639725
13 0.259766 0.349121 0.0722656 0.0927734 0.00823975
11 0.401855 0.221191 0.124023 0.0341797 0.00863647
13 0.270508 0.326172 0.0917969 0.0507812 0.00875092
8 0.736328 0.185059 0.0449219 0.0400391 0.00944519
9 0.234375 0.718262 0.320312 0.135742 0.030014
0 0.580566 0.382812 0.104492 0.0820312 0.0439148
13 0.249512 0.327148 0.0458984 0.0429688 0.0582886
3 0.59375 0.637207 0.427734 0.125977 0.157837
