5 0.703125 0.394531 0.277344 0.365234 0.000100195
11 0.00634766 0.96582 0.0126953 0.0605469 0.000101328
9 0.862305 0.512695 0.0332031 0.0253906 0.000101686
4 0.00830078 0.433105 0.0166016 0.118164 0.000102222
9 0.941406 0.770996 0.111328 0.458008 0.00010252
10 0.0117188 0.839355 0.0234375 0.0576172 0.000103474
5 0.758789 0.411621 0.111328 0.129883 0.000103533
11 0.46582 0.140137 0.0566406 0.0205078 0.000103831
8 0.612793 0.517578 0.323242 0.0996094 0.000103951
11 0.620117 0.166992 0.0703125 0.0683594 0.000104308
11 0.433105 0.140137 0.0458984 0.0224609 0.000104725
10 0.015625 0.981934 0.03125 0.0361328 0.000106037
2 0.00830078 0.433105 0.0166016 0.118164 0.000106335
9 0.554688 0.337891 0.269531 0.230469 0.00010711
11 0.387207 0.15918 0.0712891 0.03125 0.000108063
13 0.819336 0.137695 0.0332031 0.0488281 0.0001086
1 0.612793 0.517578 0.323242 0.0996094 0.000108957
0 0.54541 0.384277 0.15918 0.249023 0.000109315
8 0.824707 0.130859 0.0205078 0.0195312 0.000109911
13 0.208984 0.204102 0.417969 0.408203 0.00011003
9 0.773438 0.532227 0.130859 0.0703125 0.00011009
11 0.48584 0.207031 0.0693359 0.138672 0.00011009
9 0.469727 0.828125 0.0175781 0.0136719 0.000110269
10 0.0078125 0.649414 0.015625 0.103516 0.00011152
13 0.86084 0.516113 0.0224609 0.0107422 0.000111997
11 0.00830078 0.549316 0.0146484 0.0986328 0.000114381
11 0.683594 0.199219 0.0488281 0.0253906 0.000114739
11 0.420898 0.152344 0.0566406 0.0195312 0.000115752
13 0.404785 0.47998 0.112305 0.0458984 0.000116587
13 0.61377 0.515137 0.325195 0.0966797 0.000116587
2 0.822754 0.133789 0.0419922 0.0644531 0.000116825
3 0.89209 0.876465 0.21582 0.24707 0.000116944
11 0.845703 0.655762 0.0820312 0.12793 0.000117064
10 0.00732422 0.985352 0.0146484 0.0292969 0.000118017
5 0.387207 0.361328 0.319336 0.339844 0.000119269
9 0.489746 0.359375 0.0361328 0.0429688 0.000119507
0 0.610352 0.288086 0.0527344 0.0683594 0.000121176
9 0.672363 0.555664 0.176758 0.0957031 0.000125527
9 0.861328 0.561035 0.0507812 0.0771484 0.000126243
9 0.18457 0.180664 0.0488281 0.0507812 0.0001266
11 0.837891 0.54248 0.046875 0.0400391 0.000126839
13 0.431641 0.484863 0.0683594 0.0419922 0.000127077
9 0.50293 0.244629 0.0507812 0.178711 0.000128031
8 0.210938 0.262695 0.0429688 0.0371094 0.000128984
11 0.00634766 0.984375 0.0107422 0.03125 0.00012958
11 0.61377 0.515137 0.325195 0.0966797 0.000131607
11 0.85791 0.496094 0.0361328 0.0527344 0.00013268
8 0.855469 0.494141 0.03125 0.0507812 0.00013268
11 0.00634766 0.618652 0.0107422 0.0732422 0.000132799
10 0.0117188 0.993164 0.015625 0.0136719 0.000134349
6 0.751953 0.356934 0.148438 0.260742 0.000138044
13 0.448242 0.495117 0.046875 0.0117188 0.000138998
13 0.431152 0.245117 0.0595703 0.113281 0.000139236
10 0.840332 0.626465 0.104492 0.180664 0.000142097
12 0.612793 0.517578 0.323242 0.0996094 0.00014317
13 0.865234 0.210938 0.115234 0.0332031 0.000144005
10 0.864258 0.70752 0.0566406 0.112305 0.000144482
9 0.82373 0.854492 0.0810547 0.0996094 0.000144958
2 0.612793 0.517578 0.323242 0.0996094 0.0001477
10 0.00634766 0.618652 0.0107422 0.0732422 0.000148177
11 0.0117188 0.993164 0.015625 0.0136719 0.000148892
0 0.534668 0.277832 0.149414 0.125977 0.000149727
7 0.744629 0.571289 0.270508 0.103516 0.000150919
3 0.578125 0.40918 0.246094 0.271484 0.000151515
11 0.334961 0.186523 0.0839844 0.0644531 0.000151515
7 0.759277 0.373535 0.139648 0.272461 0.000153542
9 0.00830078 0.432617 0.0166016 0.111328 0.000156879
6 0.00830078 0.433105 0.0166016 0.118164 0.000165343
11 0.4375 0.145996 0.0664062 0.0224609 0.000165701
9 0.340332 0.67041 0.288086 0.260742 0.000166535
7 0.34082 0.589355 0.248047 0.194336 0.000172496
8 0.852051 0.129395 0.0322266 0.0263672 0.000172734
9 0.864746 0.516602 0.0263672 0.0136719 0.000174999
13 0.813965 0.128418 0.0498047 0.104492 0.000176907
11 0.220703 0.546387 0.0292969 0.0654297 0.000178695
10 0.612793 0.517578 0.323242 0.0996094 0.000181079
11 0.864258 0.70752 0.0566406 0.112305 0.000185609
10 0.758301 0.573242 0.249023 0.0976562 0.000187278
9 0.154297 0.552734 0.0136719 0.0273438 0.000193238
10 0.00634766 0.991699 0.0107422 0.0146484 0.000195503
10 0.85498 0.556152 0.0595703 0.0732422 0.000196099
5 0.612793 0.517578 0.323242 0.0996094 0.000200391
11 0.865723 0.595215 0.0537109 0.116211 0.000201702
11 0.00830078 0.433105 0.0166016 0.118164 0.000206828
7 0.56543 0.310059 0.1875 0.145508 0.000209093
10 0.865723 0.595215 0.0537109 0.116211 0.000209212
11 0.459473 0.150879 0.0751953 0.0283203 0.000209689
10 0.0107422 0.85791 0.0195312 0.0517578 0.000214577
9 0.152344 0.55957 0.0175781 0.0195312 0.000216126
9 0.810547 0.152832 0.0078125 0.00683594 0.000224829
9 0.751953 0.356934 0.148438 0.260742 0.000225663
11 0.657715 0.132812 0.0341797 0.00976562 0.000226617
9 0.802734 0.557129 0.158203 0.0888672 0.000227332
9 0.771484 0.613281 0.230469 0.160156 0.000230193
5 0.346191 0.529785 0.233398 0.141602 0.000233531
11 0.699707 0.15332 0.145508 0.0449219 0.000236392
11 0.012207 0.849121 0.0166016 0.0419922 0.000243664
0 0.61377 0.515137 0.325195 0.0966797 0.000246525
8 0.687988 0.200684 0.0263672 0.0205078 0.000249386
0 0.615234 0.331055 0.0839844 0.115234 0.000254393
6 0.56543 0.310059 0.1875 0.145508 0.000255108
9 0.61377 0.509766 0.325195 0.107422 0.000257015
4 0.564453 0.318848 0.193359 0.161133 0.000258923
0 0.524414 0.341797 0.119141 0.134766 0.000262976
11 0.00634766 0.991699 0.0107422 0.0146484 0.000263453
0 0.583984 0.26709 0.148438 0.0869141 0.000267029
11 0.851074 0.549805 0.0693359 0.0820312 0.000273943
11 0.0107422 0.864746 0.0175781 0.0458984 0.00029397
0 0.64502 0.330078 0.219727 0.212891 0.000302076
3 0.215332 0.178223 0.430664 0.356445 0.000306606
8 0.489746 0.359375 0.0361328 0.0429688 0.000308514
11 0.467285 0.173828 0.0810547 0.0761719 0.000323057
13 0.82959 0.132324 0.0537109 0.0673828 0.000335932
6 0.606934 0.297363 0.100586 0.118164 0.000354767
8 0.469727 0.828125 0.0175781 0.0136719 0.000374794
11 0.679688 0.138672 0.0664062 0.0136719 0.00037694
13 0.00830078 0.433105 0.0166016 0.118164 0.000380039
3 0.620605 0.527344 0.356445 0.259766 0.000386953
11 0.449219 0.13916 0.0644531 0.0146484 0.000390768
11 0.852051 0.208984 0.120117 0.03125 0.00039196
11 0.351074 0.172852 0.0595703 0.0429688 0.000403643
9 0.757324 0.535156 0.268555 0.0976562 0.000418901
13 0.564453 0.318848 0.193359 0.161133 0.000420809
4 0.606934 0.297363 0.100586 0.118164 0.000426292
8 0.810059 0.152344 0.00878906 0.0078125 0.000427723
2 0.563477 0.320801 0.193359 0.165039 0.000434875
1 0.56543 0.310059 0.1875 0.145508 0.000440598
10 0.863281 0.748047 0.0488281 0.0703125 0.000453949
12 0.56543 0.310059 0.1875 0.145508 0.000456333
11 0.56543 0.310059 0.1875 0.145508 0.000460148
11 0.863281 0.748047 0.0488281 0.0703125 0.00046587
11 0.00878906 0.597656 0.0175781 0.0488281 0.000475168
9 0.85791 0.496094 0.0361328 0.0527344 0.000492573
11 0.625488 0.151855 0.0576172 0.0361328 0.000497341
9 0.657715 0.544922 0.393555 0.119141 0.000510693
10 0.00878906 0.597656 0.0175781 0.0488281 0.000515938
7 0.606934 0.297363 0.100586 0.118164 0.000532627
7 0.00830078 0.433105 0.0166016 0.118164 0.000540257
12 0.606934 0.297363 0.100586 0.118164 0.000549316
11 0.42334 0.155762 0.0947266 0.0205078 0.000551701
13 0.438477 0.496094 0.0527344 0.0195312 0.000573158
5 0.56543 0.310059 0.1875 0.145508 0.000574589
11 0.661621 0.135254 0.0576172 0.0126953 0.000579357
1 0.606934 0.297363 0.100586 0.118164 0.000601292
3 0.64209 0.564941 0.34082 0.116211 0.000613213
8 0.56543 0.310059 0.1875 0.145508 0.000658035
5 0.606934 0.297363 0.100586 0.118164 0.000664711
11 0.606934 0.297363 0.100586 0.118164 0.000675201
10 0.56543 0.310059 0.1875 0.145508 0.000782013
9 0.154297 0.558594 0.00976562 0.0136719 0.000787258
11 0.680176 0.145508 0.108398 0.0214844 0.000816822
13 0.601562 0.297852 0.107422 0.117188 0.000835419
8 0.606934 0.297363 0.100586 0.118164 0.000867367
2 0.601562 0.297852 0.107422 0.117188 0.000946522
0 0.554688 0.337891 0.269531 0.230469 0.000986099
11 0.651855 0.139648 0.0634766 0.0214844 0.00101757
10 0.606934 0.297363 0.100586 0.118164 0.00102901
5 0.349121 0.398926 0.194336 0.250977 0.00127888
3 0.561035 0.331543 0.217773 0.180664 0.00139618
10 0.869141 0.565918 0.0371094 0.0634766 0.00141907
11 0.451172 0.160645 0.0859375 0.0341797 0.00143719
9 0.606934 0.297363 0.100586 0.118164 0.001688
9 0.56543 0.310059 0.1875 0.145508 0.00178242
11 0.744141 0.155273 0.0625 0.0429688 0.00185966
11 0.868164 0.564941 0.0410156 0.0771484 0.00211525
9 0.335938 0.577637 0.255859 0.178711 0.00242424
3 0.606934 0.297363 0.100586 0.118164 0.00258827
5 0.756836 0.370117 0.142578 0.271484 0.00302696
11 0.649414 0.150391 0.078125 0.03125 0.00404358
11 0.469727 0.16748 0.0644531 0.0400391 0.00494766
9 0.744629 0.571289 0.270508 0.103516 0.0125732
3 0.612793 0.517578 0.323242 0.0996094 0.1521
0 0.56543 0.310059 0.1875 0.145508 0.291748
0 0.606934 0.29248 0.0986328 0.104492 0.497559
