11 0.645508 0.0854492 0.0605469 0.0166016 0.000100672
2 0.173828 0.503418 0.0195312 0.0146484 0.000101447
11 0.230957 0.991211 0.19043 0.0175781 0.000101864
2 0.42627 0.408691 0.0166016 0.0166016 0.000102043
9 0.88623 0.569336 0.00683594 0.0078125 0.000102699
6 0.175293 0.498535 0.0126953 0.00878906 0.000102758
10 0.881836 0.758789 0.0683594 0.0859375 0.000102997
9 0.210449 0.711426 0.0849609 0.0634766 0.000103235
5 0.724121 0.40918 0.286133 0.572266 0.000103652
2 0.79834 0.608887 0.0712891 0.125977 0.000105202
7 0.263184 0.65918 0.0791016 0.0761719 0.000105262
9 0.494629 0.434082 0.124023 0.288086 0.000105977
2 0.19043 0.496094 0.0585938 0.0273438 0.000106812
13 0.723145 0.217773 0.0380859 0.0488281 0.000107706
11 0.249023 0.648926 0.0527344 0.0439453 0.000108898
11 0.862793 0.984863 0.18457 0.0263672 0.000109911
2 0.40332 0.376465 0.0117188 0.0107422 0.000110805
9 0.264648 0.602051 0.130859 0.12207 0.000111222
11 0.87793 0.752441 0.0410156 0.0615234 0.000112474
12 0.158203 0.743164 0.046875 0.0585938 0.000112593
11 0.433105 0.101562 0.0849609 0.0234375 0.000112891
9 0.194336 0.498535 0.0566406 0.0244141 0.000113785
9 0.736816 0.728516 0.124023 0.0878906 0.000114202
9 0.87793 0.650879 0.0292969 0.131836 0.000114977
7 0.261719 0.666992 0.0332031 0.0253906 0.000115335
13 0.375 0.48584 0.0742188 0.0693359 0.000115454
13 0.686035 0.253906 0.0400391 0.0507812 0.000115752
13 0.400879 0.595703 0.0478516 0.0625 0.000115812
8 0.745605 0.880859 0.0244141 0.0214844 0.000115991
6 0.265137 0.583496 0.151367 0.141602 0.000116587
0 0.652344 0.220215 0.154297 0.143555 0.000117004
9 0.173828 0.503418 0.0195312 0.0146484 0.000117302
8 0.651855 0.620117 0.0126953 0.00976562 0.000117838
7 0.239258 0.612305 0.105469 0.101562 0.000118971
1 0.867676 0.739746 0.0498047 0.0576172 0.000118971
0 0.175781 0.498047 0.0136719 0.00976562 0.000119507
13 0.694824 0.210449 0.0517578 0.0830078 0.000121593
6 0.261719 0.65625 0.0410156 0.0449219 0.00012219
11 0.888672 0.748047 0.0742188 0.0800781 0.000122428
7 0.303223 0.678223 0.28418 0.116211 0.000122786
10 0.86377 0.73584 0.0986328 0.0947266 0.000123143
10 0.262695 0.65625 0.0449219 0.046875 0.000123858
9 0.160645 0.495117 0.0263672 0.0214844 0.000125408
13 0.667969 0.204102 0.0722656 0.113281 0.000126243
9 0.697754 0.16748 0.0556641 0.0615234 0.0001266
5 0.266113 0.583496 0.151367 0.145508 0.000126719
9 0.790527 0.973145 0.305664 0.0537109 0.000127196
10 0.87793 0.752441 0.0410156 0.0615234 0.000127792
13 0.179688 0.488281 0.0410156 0.0332031 0.000130415
11 0.581055 0.169434 0.0351562 0.0244141 0.000130653
3 0.975586 0.781738 0.0488281 0.436523 0.000131845
2 0.261719 0.668945 0.0898438 0.0839844 0.000131845
8 0.182129 0.55957 0.0341797 0.03125 0.000132442
11 0.377441 0.114746 0.0693359 0.0205078 0.000136018
0 0.575684 0.196777 0.106445 0.0419922 0.000137091
3 0.262207 0.655762 0.0439453 0.0419922 0.00013876
8 0.240234 0.518066 0.0253906 0.0205078 0.000139475
8 0.42627 0.408691 0.0166016 0.0166016 0.000144005
11 0.647461 0.119141 0.134766 0.046875 0.000144243
11 0.61377 0.129883 0.100586 0.0625 0.000144958
9 0.590332 0.211914 0.0751953 0.0703125 0.000147939
3 0.868652 0.735352 0.0458984 0.0546875 0.000148654
13 0.606934 0.403809 0.0712891 0.0341797 0.000149608
9 0.334473 0.723633 0.258789 0.154297 0.000150442
11 0.151855 0.764648 0.0341797 0.0527344 0.0001508
11 0.816406 0.0634766 0.367188 0.126953 0.000154138
13 0.724121 0.211426 0.0537109 0.0830078 0.000154138
8 0.793945 0.629883 0.113281 0.0917969 0.00015533
9 0.245605 0.654297 0.137695 0.175781 0.000156522
11 0.29834 0.129395 0.0693359 0.0556641 0.00015831
10 0.145996 0.75293 0.0458984 0.0585938 0.000158429
3 0.119629 0.436035 0.239258 0.354492 0.000160336
13 0.930664 0.203613 0.138672 0.407227 0.000161648
11 0.734375 0.127441 0.0683594 0.0439453 0.000163198
2 0.799805 0.635254 0.113281 0.0947266 0.000166059
9 0.503906 0.87207 0.152344 0.25 0.000166059
13 0.175293 0.500977 0.0380859 0.0390625 0.000166178
13 0.766113 0.0595703 0.198242 0.103516 0.000166893
2 0.592773 0.197754 0.0566406 0.0380859 0.000167012
10 0.178223 0.742188 0.0771484 0.0683594 0.000167489
9 0.740723 0.734375 0.0595703 0.0410156 0.000173688
13 0.869141 0.740234 0.0371094 0.046875 0.000174403
9 0.73291 0.706543 0.286133 0.12793 0.000177145
0 0.597656 0.262207 0.0800781 0.143555 0.000177145
3 0.157227 0.741211 0.0527344 0.0664062 0.000177741
9 0.870605 0.73877 0.0380859 0.0498047 0.000177979
2 0.157227 0.741211 0.0527344 0.0664062 0.000178456
8 0.40332 0.376465 0.0117188 0.0107422 0.000182986
11 0.358398 0.109375 0.0605469 0.015625 0.000182986
9 0.266602 0.557129 0.177734 0.209961 0.000184774
1 0.261719 0.65625 0.0410156 0.0449219 0.000185609
9 0.492676 0.295898 0.100586 0.320312 0.000185966
11 0.150879 0.715332 0.0556641 0.0966797 0.000186205
0 0.869141 0.739746 0.046875 0.0673828 0.000188828
13 0.713867 0.180664 0.0644531 0.0761719 0.000193119
11 0.141602 0.610352 0.0234375 0.0449219 0.000197291
11 0.910645 0.990234 0.174805 0.0195312 0.000197411
9 0.496582 0.943848 0.15918 0.110352 0.000200391
13 0.27832 0.52002 0.101562 0.0224609 0.000202894
13 0.202148 0.506348 0.0859375 0.0400391 0.000204682
5 0.782715 0.498535 0.149414 0.34668 0.000205636
11 0.748047 0.138184 0.0585938 0.0439453 0.000206351
7 0.790527 0.628418 0.0791016 0.0595703 0.000209212
0 0.537109 0.304199 0.164062 0.305664 0.000215054
7 0.22168 0.682617 0.152344 0.142578 0.000223756
9 0.650879 0.295898 0.0126953 0.00976562 0.000224829
13 0.156738 0.748535 0.0380859 0.0498047 0.000226378
10 0.910645 0.990234 0.174805 0.0195312 0.000228763
11 0.375977 0.130859 0.140625 0.0546875 0.000234962
9 0.239258 0.653809 0.0527344 0.0419922 0.000238657
13 0.650879 0.531738 0.0361328 0.145508 0.000239968
9 0.692871 0.208008 0.0732422 0.130859 0.000249624
2 0.643555 0.389648 0.0566406 0.0664062 0.000249863
8 0.173828 0.495605 0.0410156 0.0361328 0.00025177
7 0.870605 0.73877 0.0380859 0.0498047 0.000252724
1 0.158691 0.743652 0.0478516 0.0595703 0.000255585
13 0.816406 0.0634766 0.367188 0.126953 0.0002563
9 0.3125 0.393066 0.302734 0.543945 0.000256777
8 0.43457 0.494141 0.0175781 0.0117188 0.000257969
12 0.801758 0.624023 0.0429688 0.0410156 0.000260115
0 0.57373 0.218262 0.0634766 0.0712891 0.000260115
11 0.64502 0.100098 0.100586 0.0205078 0.000262022
11 0.180176 0.733887 0.0869141 0.0810547 0.000262499
9 0.523926 0.253418 0.186523 0.186523 0.000263214
13 0.776367 0.631348 0.138672 0.0908203 0.000263929
6 0.578125 0.233887 0.109375 0.114258 0.000267029
13 0.16748 0.498535 0.0341797 0.0224609 0.000267744
12 0.310547 0.431152 0.310547 0.520508 0.000267982
11 0.626465 0.0966797 0.0908203 0.0332031 0.000268698
0 0.156738 0.748535 0.0380859 0.0498047 0.000272751
9 0.158203 0.743164 0.046875 0.0585938 0.000299692
9 0.757324 0.643555 0.135742 0.0839844 0.00031209
11 0.418457 0.129883 0.0869141 0.0546875 0.000320196
9 0.171387 0.497559 0.0341797 0.0224609 0.000321388
9 0.303223 0.670898 0.250977 0.0839844 0.000324488
8 0.16748 0.498535 0.0341797 0.0224609 0.000325918
4 0.578125 0.233887 0.109375 0.114258 0.000326872
11 0.175293 0.498535 0.0126953 0.00878906 0.000328064
13 0.689941 0.236328 0.12793 0.179688 0.000332355
8 0.677246 0.261719 0.0126953 0.0117188 0.000334978
8 0.682617 0.37207 0.015625 0.0117188 0.000339746
11 0.867676 0.720703 0.0458984 0.0625 0.000347614
9 0.300293 0.668457 0.31543 0.19043 0.000354528
9 0.260742 0.67334 0.0527344 0.0556641 0.000356913
8 0.173828 0.503418 0.0195312 0.0146484 0.000357389
13 0.650391 0.565918 0.0566406 0.176758 0.000363827
7 0.578125 0.233887 0.109375 0.114258 0.000370502
9 0.251465 0.647461 0.0380859 0.0292969 0.000371218
9 0.197266 0.708008 0.117188 0.123047 0.000377178
13 0.683105 0.175781 0.0712891 0.09375 0.000384569
13 0.687988 0.22998 0.0341797 0.0634766 0.000385046
11 0.438965 0.0991211 0.0654297 0.0126953 0.000386
10 0.867676 0.720703 0.0458984 0.0625 0.000388622
13 0.144043 0.615723 0.0263672 0.0498047 0.000392437
7 0.158691 0.743652 0.0478516 0.0595703 0.000406504
9 0.316406 0.651367 0.183594 0.0683594 0.000409842
11 0.790527 0.628418 0.0791016 0.0595703 0.000414848
9 0.793945 0.629883 0.113281 0.0917969 0.000432014
4 0.261719 0.65625 0.0410156 0.0449219 0.000440121
2 0.170898 0.49707 0.0332031 0.0253906 0.000449181
9 0.566895 0.591309 0.303711 0.182617 0.00046587
9 0.706055 0.409668 0.332031 0.598633 0.000466824
11 0.697754 0.113281 0.0791016 0.0371094 0.000470638
13 0.578125 0.233887 0.109375 0.114258 0.000477552
10 0.801758 0.623535 0.0429688 0.0419922 0.000484467
12 0.578125 0.233887 0.109375 0.114258 0.000510216
13 0.247559 0.513672 0.139648 0.0410156 0.000511169
8 0.177734 0.49707 0.0234375 0.0195312 0.000514984
7 0.265137 0.583496 0.151367 0.141602 0.000515938
2 0.578125 0.236328 0.107422 0.125 0.000518799
9 0.170898 0.498535 0.0214844 0.0146484 0.000529289
12 0.706055 0.409668 0.332031 0.598633 0.000558376
8 0.167969 0.647461 0.0214844 0.0195312 0.000564098
1 0.578125 0.233887 0.109375 0.114258 0.000566959
2 0.13916 0.610352 0.0224609 0.0527344 0.000571728
5 0.578613 0.233887 0.106445 0.114258 0.000572205
13 0.388672 0.296387 0.0859375 0.0673828 0.000575066
10 0.862793 0.984863 0.18457 0.0263672 0.000575542
11 0.604004 0.119141 0.0732422 0.0390625 0.00058651
7 0.175781 0.498535 0.0136719 0.0107422 0.000596046
11 0.40918 0.105957 0.0898438 0.0224609 0.000627041
5 0.29541 0.441406 0.321289 0.582031 0.000630379
13 0.262207 0.65625 0.0439453 0.046875 0.000643253
11 0.420898 0.113281 0.0800781 0.0273438 0.000650406
11 0.373535 0.104492 0.0576172 0.0117188 0.000663757
8 0.578125 0.233887 0.109375 0.114258 0.000675678
11 0.38623 0.100586 0.0947266 0.0214844 0.000704288
9 0.267578 0.667969 0.0429688 0.0273438 0.000721455
2 0.650879 0.295898 0.0126953 0.00976562 0.000728607
5 0.801758 0.625 0.0429688 0.0429688 0.000741482
10 0.157715 0.730957 0.0615234 0.110352 0.000758648
9 0.13916 0.609863 0.0205078 0.0517578 0.000759602
11 0.394043 0.105469 0.0634766 0.0136719 0.000804424
9 0.506348 0.55957 0.170898 0.339844 0.000809193
11 0.671387 0.109375 0.0947266 0.0234375 0.000863552
8 0.800781 0.632812 0.0566406 0.0722656 0.000881672
11 0.57666 0.224121 0.106445 0.0927734 0.000886917
6 0.801758 0.624023 0.0429688 0.0429688 0.000944614
8 0.313477 0.512695 0.0234375 0.0195312 0.000957489
2 0.587891 0.212402 0.0839844 0.0712891 0.000967026
11 0.631836 0.108398 0.0996094 0.0273438 0.000975609
2 0.178223 0.497559 0.0283203 0.0166016 0.000983238
13 0.394531 0.296387 0.0429688 0.0556641 0.00102806
11 0.639648 0.0898438 0.0488281 0.0136719 0.00107574
11 0.389648 0.115723 0.130859 0.0361328 0.0011301
13 0.685059 0.241699 0.0478516 0.104492 0.00115013
2 0.790527 0.628418 0.0791016 0.0595703 0.00117493
13 0.697754 0.16748 0.0556641 0.0615234 0.00118542
10 0.578125 0.233887 0.109375 0.114258 0.00120258
13 0.194336 0.498535 0.0566406 0.0244141 0.00122452
8 0.265137 0.66748 0.0400391 0.0263672 0.00135326
11 0.669434 0.0991211 0.0986328 0.0302734 0.0013752
9 0.797852 0.632812 0.0625 0.0722656 0.00142097
1 0.803711 0.623535 0.0429688 0.0419922 0.00144958
9 0.578125 0.233887 0.109375 0.114258 0.00146008
0 0.584473 0.248535 0.196289 0.165039 0.00150299
13 0.178223 0.497559 0.0283203 0.0166016 0.00158405
13 0.790527 0.628418 0.0791016 0.0595703 0.00166893
9 0.266602 0.657227 0.0957031 0.0703125 0.00168705
0 0.801758 0.625 0.0429688 0.0429688 0.00177479
11 0.314941 0.119629 0.0712891 0.0400391 0.00219917
13 0.175781 0.498535 0.0136719 0.0107422 0.00224304
11 0.802734 0.623535 0.0429688 0.0419922 0.00224876
3 0.578125 0.233887 0.109375 0.114258 0.00233841
8 0.170898 0.498535 0.0214844 0.0146484 0.00234795
4 0.802734 0.624023 0.0410156 0.0429688 0.00241852
9 0.249023 0.677246 0.107422 0.0888672 0.00275421
10 0.157227 0.756348 0.0332031 0.0400391 0.00333405
0 0.595703 0.210449 0.0703125 0.0673828 0.00335693
11 0.262695 0.65625 0.0449219 0.046875 0.00377655
3 0.803711 0.623535 0.0449219 0.0439453 0.00450516
8 0.650879 0.295898 0.0126953 0.00976562 0.00469208
11 0.349609 0.11377 0.0996094 0.0283203 0.00476456
11 0.866699 0.739258 0.0634766 0.0664062 0.00520325
2 0.262207 0.65625 0.0439453 0.046875 0.00548172
7 0.261719 0.65625 0.0410156 0.0449219 0.00550842
13 0.692871 0.208008 0.0732422 0.130859 0.00551987
9 0.175293 0.498535 0.0126953 0.00878906 0.00608826
9 0.25293 0.694336 0.21875 0.121094 0.00635147
10 0.867188 0.739258 0.0625 0.0664062 0.00734329
2 0.175293 0.499023 0.0126953 0.00976562 0.00776672
11 0.373535 0.106934 0.108398 0.0205078 0.00803375
11 0.647949 0.0908203 0.0771484 0.0195312 0.00936127
3 0.59082 0.595215 0.351562 0.137695 0.0114288
7 0.802734 0.624023 0.0410156 0.0429688 0.0115967
13 0.802734 0.624512 0.0410156 0.0419922 0.0133362
9 0.507324 0.405273 0.151367 0.542969 0.0135956
11 0.157227 0.740723 0.0644531 0.0654297 0.0199432
8 0.26123 0.656738 0.0419922 0.0419922 0.0285797
10 0.870605 0.73877 0.0380859 0.0478516 0.0316772
8 0.175781 0.498047 0.0136719 0.00976562 0.0334473
9 0.262207 0.65625 0.0439453 0.046875 0.0376892
10 0.158203 0.743164 0.046875 0.0585938 0.0404663
9 0.802246 0.624512 0.0419922 0.0458984 0.0424805
11 0.871094 0.73877 0.0390625 0.0498047 0.0438843
11 0.15625 0.748535 0.0390625 0.0478516 0.0894775
2 0.802734 0.624023 0.0410156 0.0429688 0.118042
8 0.802734 0.624023 0.0410156 0.0429688 0.4104
0 0.578125 0.227051 0.107422 0.100586 0.540039
