8 0.412598 0.0732422 0.0751953 0.0996094 0.000101209
8 0.588867 0.173828 0.0410156 0.0292969 0.00010246
11 0.325195 0.0473633 0.216797 0.0947266 0.00010252
13 0.352539 0.155273 0.1875 0.228516 0.000103176
8 0.774414 0.178711 0.0117188 0.00976562 0.00010401
8 0.310059 0.304199 0.0146484 0.0126953 0.000106931
7 0.381348 0.299805 0.102539 0.162109 0.000107348
10 0.382812 0.03125 0.113281 0.0332031 0.000107825
8 0.0141602 0.375 0.0283203 0.0664062 0.000108302
13 0.66748 0.40332 0.0791016 0.226562 0.0001086
1 0.626465 0.0449219 0.112305 0.03125 0.000109911
11 0.0195312 0.0322266 0.0390625 0.0605469 0.000110388
5 0.802246 0.35791 0.124023 0.313477 0.000110984
2 0.448242 0.205566 0.0292969 0.0361328 0.000111699
8 0.199219 0.416992 0.03125 0.0175781 0.000112414
9 0.634766 0.539062 0.328125 0.15625 0.000114858
11 0.675293 0.0546875 0.18457 0.0859375 0.000115633
13 0.612305 0.187012 0.103516 0.102539 0.000116587
8 0.709961 0.916016 0.0136719 0.0117188 0.000116944
9 0.00878906 0.44043 0.015625 0.169922 0.000117004
9 0.431152 0.12207 0.208008 0.216797 0.000117004
9 0.496582 0.0327148 0.0341797 0.0380859 0.000117421
0 0.472656 0.265137 0.230469 0.15918 0.000118732
13 0.693848 0.412109 0.192383 0.246094 0.00011915
12 0.503906 0.240723 0.267578 0.182617 0.000120759
11 0.606445 0.0957031 0.109375 0.121094 0.000121713
10 0.227051 0.946289 0.280273 0.107422 0.000123024
9 0.371094 0.454102 0.134766 0.324219 0.000124335
13 0.509277 0.222168 0.25293 0.151367 0.000124574
0 0.546387 0.224121 0.100586 0.0751953 0.00012517
9 0.410645 0.59082 0.293945 0.306641 0.000126481
4 0.587891 0.195312 0.0800781 0.0742188 0.0001266
0 0.581543 0.174805 0.137695 0.181641 0.000127912
11 0.721191 0.0898438 0.0361328 0.0351562 0.000128984
11 0.678711 0.0551758 0.0625 0.0478516 0.000130773
9 0.379883 0.0483398 0.130859 0.0732422 0.000131607
9 0.588867 0.173828 0.0410156 0.0292969 0.000131726
13 0.588379 0.177246 0.0478516 0.0361328 0.000131845
5 0.691406 0.414062 0.253906 0.244141 0.000132322
8 0.503906 0.240723 0.267578 0.182617 0.000133991
8 0.368164 0.217773 0.0214844 0.0175781 0.00013423
2 0.509277 0.222168 0.25293 0.151367 0.000136256
11 0.40918 0.0297852 0.0605469 0.0224609 0.000136614
7 0.355469 0.0898438 0.169922 0.148438 0.000136971
11 0.172363 0.969727 0.108398 0.0605469 0.000137925
2 0.432617 0.0634766 0.0292969 0.03125 0.000138402
13 0.306641 0.119141 0.0703125 0.0761719 0.000140071
9 0.227051 0.988281 0.151367 0.0234375 0.000142574
3 0.562988 0.459961 0.223633 0.171875 0.00014329
5 0.503906 0.240723 0.267578 0.182617 0.000143647
3 0.822266 0.33252 0.355469 0.665039 0.000148773
9 0.255371 0.898926 0.348633 0.202148 0.000150323
2 0.442871 0.222656 0.0419922 0.046875 0.000151038
13 0.830566 0.463379 0.0341797 0.0205078 0.000151277
10 0.597656 0.192383 0.0644531 0.0664062 0.000151873
12 0.385742 0.0356445 0.119141 0.0400391 0.000151992
8 0.502441 0.993652 0.0166016 0.00878906 0.000153661
9 0.10791 0.155273 0.116211 0.207031 0.000154495
10 0.172363 0.969727 0.108398 0.0605469 0.000154614
8 0.330078 0.44043 0.03125 0.0234375 0.000156283
2 0.015625 0.379883 0.0292969 0.0839844 0.000156522
11 0.508301 0.217773 0.250977 0.138672 0.000156999
10 0.408203 0.104492 0.107422 0.160156 0.000157356
4 0.579102 0.211426 0.115234 0.118164 0.000159383
11 0.00927734 0.0507812 0.0185547 0.0292969 0.000161171
12 0.399902 0.0595703 0.102539 0.0898438 0.000161886
10 0.172852 0.982422 0.0722656 0.0351562 0.000162244
9 0.709961 0.916016 0.0136719 0.0117188 0.000162482
3 0.995605 0.510254 0.00878906 0.62207 0.00016284
11 0.589355 0.0527344 0.0595703 0.0332031 0.000162959
11 0.387695 0.0444336 0.0722656 0.0380859 0.000163794
8 0.864746 0.0908203 0.0380859 0.0253906 0.00016439
13 0.32959 0.439941 0.0302734 0.0224609 0.000166416
9 0.369629 0.539551 0.124023 0.161133 0.000169754
9 0.42041 0.966309 0.356445 0.0673828 0.000172019
9 0.705078 0.591309 0.351562 0.188477 0.000172496
11 0.184082 0.981445 0.0712891 0.0371094 0.00017345
7 0.575684 0.217773 0.124023 0.130859 0.000174046
11 0.617188 0.043457 0.0507812 0.0146484 0.000174284
2 0.408203 0.104492 0.107422 0.160156 0.000174761
6 0.579102 0.211426 0.115234 0.118164 0.000175714
0 0.444824 0.163086 0.151367 0.185547 0.000178218
9 0.503418 0.837891 0.258789 0.320312 0.000181437
11 0.169922 0.990234 0.0605469 0.0195312 0.000181437
13 0.329102 0.164551 0.101562 0.129883 0.000182033
2 0.330078 0.44043 0.03125 0.0234375 0.000182152
9 0.0927734 0.174805 0.0605469 0.185547 0.000182509
11 0.57373 0.0668945 0.0439453 0.0478516 0.000187516
9 0.85498 0.097168 0.106445 0.0576172 0.000188231
1 0.399902 0.0600586 0.102539 0.0888672 0.000189304
11 0.256348 0.97998 0.288086 0.0380859 0.000194788
0 0.566406 0.203125 0.0605469 0.0742188 0.000196338
5 0.570312 0.211914 0.126953 0.113281 0.000197411
9 0.65625 0.328613 0.046875 0.0458984 0.000199676
7 0.425781 0.0878906 0.0742188 0.132812 0.000201464
9 0.507324 0.53418 0.401367 0.269531 0.00020647
13 0.399902 0.059082 0.102539 0.0888672 0.000206709
9 0.0224609 0.383789 0.0429688 0.193359 0.000207901
7 0.115234 0.5 0.0273438 0.0253906 0.000209332
9 0.250488 0.783691 0.37207 0.40332 0.000210285
9 0.483887 0.980957 0.274414 0.0341797 0.00021112
8 0.71875 0.467773 0.0527344 0.0546875 0.000212193
12 0.409668 0.104004 0.0966797 0.168945 0.0002141
9 0.381348 0.299805 0.102539 0.162109 0.000215054
1 0.382324 0.0332031 0.116211 0.0351562 0.000217319
9 0.0898438 0.192383 0.0488281 0.0761719 0.000221252
9 0.389648 0.322754 0.132812 0.286133 0.000221252
11 0.358887 0.0283203 0.0615234 0.0214844 0.000223517
0 0.58252 0.171875 0.118164 0.0898438 0.00022471
13 0.32373 0.135254 0.0458984 0.0615234 0.000225902
10 0.503906 0.240723 0.267578 0.182617 0.000226498
11 0.428711 0.0629883 0.0332031 0.0361328 0.000228405
7 0.419922 0.0644531 0.0546875 0.0625 0.000231624
9 0.856445 0.0961914 0.0605469 0.0400391 0.000233173
0 0.60791 0.20459 0.0458984 0.0615234 0.000235677
9 0.0571289 0.878906 0.0263672 0.0449219 0.00023663
10 0.570312 0.211914 0.126953 0.113281 0.000237942
10 0.224121 0.889648 0.321289 0.220703 0.000245571
13 0.156738 0.337402 0.0908203 0.0439453 0.000252724
6 0.39502 0.11377 0.12207 0.186523 0.000254154
11 0.627441 0.0517578 0.0751953 0.0273438 0.000267029
9 0.50293 0.94043 0.255859 0.119141 0.000267267
9 0.382324 0.0332031 0.116211 0.0351562 0.000268936
9 0.247559 0.35791 0.338867 0.555664 0.000276327
13 0.345703 0.12207 0.142578 0.132812 0.000278711
5 0.30957 0.326172 0.210938 0.371094 0.000280142
9 0.372559 0.0839844 0.170898 0.140625 0.000280142
13 0.386719 0.0356445 0.117188 0.0419922 0.000282288
8 0.761719 0.206543 0.0136719 0.0107422 0.000285149
9 0.484375 0.380859 0.181641 0.382812 0.000286102
2 0.609863 0.19043 0.0400391 0.0527344 0.000286341
5 0.206055 0.361816 0.230469 0.344727 0.000289202
8 0.65625 0.330078 0.046875 0.0410156 0.000290155
9 0.199219 0.416992 0.03125 0.0175781 0.000292778
8 0.726562 0.270508 0.015625 0.0136719 0.000297308
9 0.680176 0.326172 0.0986328 0.0859375 0.000303745
9 0.294922 0.969727 0.316406 0.0605469 0.000304699
8 0.432617 0.0634766 0.0292969 0.03125 0.000304937
8 0.29541 0.484375 0.0244141 0.0253906 0.000306845
1 0.59668 0.192383 0.0585938 0.0664062 0.000308037
1 0.408203 0.104492 0.107422 0.160156 0.000311136
9 0.424805 0.0668945 0.0449219 0.0458984 0.000314236
8 0.707031 0.19043 0.0234375 0.0195312 0.000315905
5 0.764648 0.272949 0.148438 0.231445 0.000319481
11 0.226562 0.983398 0.15625 0.0332031 0.000321388
9 0.591797 0.303711 0.273438 0.341797 0.000323057
11 0.379883 0.0297852 0.0625 0.0224609 0.000328064
9 0.502441 0.993652 0.0166016 0.00878906 0.000332832
9 0.709473 0.350098 0.262695 0.381836 0.00033474
8 0.407227 0.116699 0.109375 0.182617 0.000347614
11 0.581055 0.074707 0.0761719 0.0810547 0.000349045
2 0.621094 0.199219 0.0976562 0.111328 0.000350237
9 0.243164 0.603516 0.292969 0.177734 0.000356197
11 0.0195312 0.0512695 0.0390625 0.0341797 0.000358105
11 0.411621 0.0375977 0.0771484 0.0478516 0.000365257
11 0.399414 0.0229492 0.119141 0.0244141 0.000366449
11 0.0307617 0.0444336 0.0615234 0.0458984 0.000371933
12 0.581543 0.200684 0.100586 0.0869141 0.000376463
5 0.366211 0.364746 0.126953 0.422852 0.000377178
8 0.753418 0.248047 0.0107422 0.00976562 0.000385761
11 0.355469 0.0898438 0.169922 0.148438 0.000408173
0 0.590332 0.178223 0.0498047 0.0400391 0.000417233
3 0.595215 0.193848 0.0595703 0.0673828 0.000426292
2 0.57666 0.193359 0.0498047 0.0585938 0.000426531
3 0.494629 0.219238 0.24707 0.141602 0.000445604
7 0.587891 0.195312 0.0800781 0.0742188 0.000449896
4 0.40332 0.116211 0.117188 0.193359 0.000453472
10 0.23291 0.973633 0.241211 0.0507812 0.000470638
3 0.512207 0.304199 0.334961 0.307617 0.000475168
13 0.576172 0.214355 0.140625 0.178711 0.000487089
9 0.114746 0.499023 0.0263672 0.0253906 0.000490189
8 0.596191 0.183594 0.0537109 0.0507812 0.000511646
11 0.419434 0.0644531 0.0576172 0.0683594 0.000523567
9 0.398926 0.541992 0.166992 0.302734 0.000539303
9 0.736816 0.777344 0.364258 0.445312 0.000544071
9 0.504395 0.203125 0.25293 0.119141 0.000552177
0 0.505371 0.290039 0.27832 0.310547 0.000557899
2 0.612305 0.20459 0.0605469 0.0791016 0.000559807
11 0.708008 0.0795898 0.0585938 0.0576172 0.00058794
13 0.328125 0.131348 0.0859375 0.0830078 0.000617504
9 0.864746 0.0908203 0.0380859 0.0253906 0.000617504
7 0.382324 0.0332031 0.116211 0.0351562 0.000621796
3 0.575195 0.206543 0.115234 0.0986328 0.000622272
8 0.575684 0.217773 0.124023 0.130859 0.000626564
0 0.509277 0.166504 0.245117 0.137695 0.000649452
8 0.706055 0.218262 0.0117188 0.0107422 0.000660896
9 0.015625 0.471191 0.0273438 0.245117 0.000679016
8 0.710449 0.489746 0.0205078 0.0185547 0.000686646
11 0.624512 0.0654297 0.137695 0.0898438 0.000720978
11 0.594727 0.186035 0.0507812 0.0517578 0.000730991
3 0.55957 0.542969 0.496094 0.238281 0.000733376
9 0.431641 0.0629883 0.0273438 0.0302734 0.000748634
0 0.599609 0.235352 0.203125 0.167969 0.00075531
13 0.408203 0.104492 0.107422 0.160156 0.000788212
8 0.778809 0.319824 0.0166016 0.0126953 0.000797272
11 0.346191 0.0336914 0.0830078 0.0341797 0.000847816
9 0.569824 0.217773 0.135742 0.128906 0.000849247
2 0.576172 0.214355 0.140625 0.178711 0.000889778
9 0.503418 0.359863 0.375977 0.436523 0.000963688
11 0.598145 0.0566406 0.0869141 0.0546875 0.00101948
1 0.581543 0.200684 0.100586 0.0869141 0.00102901
8 0.246094 0.444336 0.0175781 0.0136719 0.00110149
11 0.352539 0.0395508 0.134766 0.0498047 0.00114822
9 0.487305 0.282227 0.248047 0.273438 0.00119972
8 0.262695 0.494141 0.0234375 0.0195312 0.00120449
11 0.611816 0.0371094 0.100586 0.0273438 0.0012207
13 0.134766 0.328613 0.046875 0.0478516 0.00123692
11 0.408203 0.104492 0.107422 0.160156 0.00128174
11 0.575684 0.217773 0.124023 0.130859 0.00140572
7 0.562988 0.460449 0.510742 0.166992 0.00144005
9 0.410645 0.0654297 0.0771484 0.0898438 0.00147343
9 0.59375 0.185059 0.0566406 0.0517578 0.00149536
11 0.562988 0.460449 0.510742 0.166992 0.00150967
7 0.399902 0.0600586 0.102539 0.0888672 0.00159454
12 0.562988 0.460449 0.510742 0.166992 0.00160122
1 0.562988 0.460449 0.510742 0.166992 0.00160694
3 0.561035 0.378418 0.504883 0.375977 0.00161552
8 0.562988 0.460449 0.510742 0.166992 0.00172329
8 0.277832 0.320312 0.0185547 0.015625 0.00172424
9 0.0141602 0.379395 0.0283203 0.0791016 0.00179291
2 0.562988 0.460449 0.510742 0.166992 0.00181293
11 0.599121 0.0444336 0.0712891 0.0224609 0.0018549
6 0.562988 0.460449 0.510742 0.166992 0.00187778
13 0.562988 0.460449 0.510742 0.166992 0.00192165
4 0.562988 0.460449 0.510742 0.166992 0.0019989
5 0.742676 0.327148 0.225586 0.402344 0.00212288
0 0.602051 0.216309 0.116211 0.133789 0.00231934
5 0.562988 0.460449 0.510742 0.166992 0.00233459
10 0.562988 0.460449 0.510742 0.166992 0.00238991
9 0.411621 0.113281 0.0986328 0.177734 0.00246048
13 0.59668 0.192383 0.0585938 0.0664062 0.00249863
9 0.562988 0.460449 0.510742 0.166992 0.00276947
0 0.562012 0.457031 0.514648 0.164062 0.00292969
8 0.114746 0.499023 0.0263672 0.0253906 0.00358391
11 0.658203 0.0488281 0.0664062 0.0371094 0.00362778
11 0.399902 0.059082 0.102539 0.0888672 0.00363159
11 0.687012 0.0693359 0.0888672 0.0722656 0.00374222
5 0.247559 0.35791 0.338867 0.555664 0.00380325
11 0.643555 0.0532227 0.123047 0.0517578 0.00441742
9 0.585938 0.194824 0.0839844 0.0751953 0.00504303
11 0.585938 0.194824 0.0839844 0.0751953 0.00697708
8 0.59375 0.197754 0.078125 0.0810547 0.00749969
7 0.40332 0.116211 0.117188 0.193359 0.00774002
2 0.590332 0.177734 0.0478516 0.0390625 0.00844574
13 0.580078 0.201172 0.103516 0.0898438 0.0226135
0 0.594727 0.192871 0.0625 0.0693359 0.035553
0 0.509277 0.222168 0.25293 0.151367 0.0397644
11 0.626465 0.0449219 0.110352 0.0273438 0.0557861
11 0.382812 0.03125 0.113281 0.0332031 0.0606995
2 0.581543 0.200684 0.100586 0.0869141 0.138062
0 0.571289 0.204102 0.123047 0.09375 0.222778
2 0.594727 0.194336 0.0585938 0.0683594 0.300293
3 0.562988 0.466309 0.508789 0.155273 0.76709
