11 0.265625 0.28125 0.0507812 0.0507812 0.000100732
7 0.231445 0.675781 0.109375 0.0527344 0.000102222
2 0.516602 0.396484 0.0722656 0.0761719 0.000103056
11 0.572754 0.249023 0.0615234 0.0175781 0.000103295
13 0.300781 0.416504 0.113281 0.102539 0.000103652
9 0.799805 0.626465 0.0703125 0.0849609 0.000105321
11 0.652344 0.257324 0.0527344 0.0341797 0.000105321
9 0.730957 0.847656 0.336914 0.257812 0.00010556
6 0.493164 0.4375 0.238281 0.175781 0.000106514
9 0.425293 0.446289 0.129883 0.166016 0.000106573
9 0.158203 0.724609 0.246094 0.205078 0.000106633
11 0.631836 0.284668 0.0390625 0.0478516 0.000107706
9 0.818848 0.615723 0.0341797 0.106445 0.000108302
9 0.316895 0.0078125 0.0654297 0.015625 0.000108719
7 0.48584 0.422363 0.249023 0.151367 0.000109315
9 0.818848 0.63623 0.0849609 0.131836 0.000109494
1 0.664062 0.262695 0.09375 0.0507812 0.000109553
8 0.74707 0.578125 0.015625 0.0117188 0.000110149
7 0.748535 0.666992 0.0947266 0.0683594 0.000110686
11 0.560547 0.27002 0.0898438 0.0888672 0.00011152
13 0.257812 0.281738 0.0957031 0.0673828 0.000112712
6 0.26416 0.634766 0.139648 0.113281 0.000112832
11 0.34375 0.250488 0.0605469 0.0224609 0.00011307
11 0.300293 0.308105 0.114258 0.0927734 0.000115454
0 0.257812 0.283203 0.105469 0.078125 0.000115573
9 0.565918 0.387207 0.0849609 0.0791016 0.000115573
9 0.413574 0.644043 0.141602 0.192383 0.000116587
9 0.943359 0.861816 0.0449219 0.0458984 0.000118077
3 0.788574 0.0961914 0.422852 0.176758 0.000118673
9 0.121582 0.739258 0.0966797 0.123047 0.000119507
4 0.121582 0.773438 0.0458984 0.0683594 0.000120044
13 0.699707 0.397949 0.0498047 0.0244141 0.000120163
7 0.256836 0.678223 0.185547 0.0908203 0.000120699
11 0.82373 0.614746 0.0341797 0.108398 0.000120759
5 0.209473 0.759277 0.24707 0.165039 0.000120938
7 0.371094 0.337402 0.0976562 0.168945 0.000121355
9 0.256836 0.678223 0.185547 0.0908203 0.000122309
13 0.31543 0.422363 0.0644531 0.0732422 0.000122666
7 0.119141 0.775391 0.0683594 0.121094 0.000123858
9 0.165039 0.73877 0.0683594 0.0947266 0.000124574
9 0.547363 0.711914 0.379883 0.236328 0.000124812
3 0.571777 0.687988 0.366211 0.143555 0.0001266
6 0.749512 0.653809 0.0986328 0.0927734 0.00012815
4 0.493164 0.4375 0.238281 0.175781 0.000129223
6 0.208496 0.696777 0.163086 0.0849609 0.000129342
2 0.169922 0.728027 0.0917969 0.0927734 0.000130177
0 0.558594 0.464355 0.0839844 0.0888672 0.000131607
11 0.662598 0.270996 0.112305 0.0966797 0.000131965
2 0.145996 0.757812 0.0947266 0.107422 0.000133276
13 0.302246 0.287109 0.170898 0.0683594 0.000133872
9 0.291016 0.27832 0.167969 0.0839844 0.00013423
9 0.244629 0.970703 0.0615234 0.0507812 0.000136971
9 0.0893555 0.805176 0.0478516 0.0869141 0.00013721
9 0.82666 0.634277 0.0322266 0.0595703 0.000139594
8 0.591797 0.575195 0.0449219 0.0410156 0.000139952
4 0.248047 0.763184 0.326172 0.176758 0.000140309
9 0.782715 0.600586 0.0439453 0.0253906 0.000142097
10 0.782227 0.611816 0.0488281 0.0478516 0.000145555
5 0.778809 0.631348 0.0849609 0.104492 0.000146747
8 0.14209 0.75293 0.0927734 0.0976562 0.000146985
3 0.248047 0.53125 0.238281 0.353516 0.000147104
1 0.779785 0.613281 0.0537109 0.0507812 0.000148416
7 0.26416 0.634766 0.139648 0.113281 0.000148416
13 0.230469 0.676758 0.0722656 0.0351562 0.000148416
9 0.771484 0.61377 0.117188 0.174805 0.000149727
13 0.23584 0.709473 0.200195 0.0771484 0.000149727
5 0.283203 0.620117 0.146484 0.125 0.000150084
6 0.765137 0.61377 0.137695 0.182617 0.000150561
11 0.242188 0.310059 0.105469 0.112305 0.000151157
11 0.598633 0.241211 0.0683594 0.0175781 0.000151396
11 0.616699 0.274902 0.118164 0.0810547 0.000151753
13 0.767578 0.6875 0.0546875 0.0371094 0.000152588
3 0.392578 0.967285 0.498047 0.0654297 0.000152826
9 0.109863 0.78418 0.0322266 0.0429688 0.000154376
2 0.121582 0.773438 0.0458984 0.0683594 0.000155568
9 0.127441 0.754395 0.0478516 0.0634766 0.00015986
7 0.788574 0.600098 0.0322266 0.0244141 0.000160813
6 0.731445 0.535645 0.162109 0.31543 0.000162244
9 0.812012 0.640625 0.0478516 0.046875 0.000162482
13 0.710449 0.64502 0.0830078 0.0615234 0.000162482
9 0.309082 0.0854492 0.188477 0.165039 0.000162601
2 0.259766 0.282227 0.0976562 0.0722656 0.000164032
1 0.487305 0.419434 0.25 0.149414 0.000164628
13 0.237793 0.539062 0.21582 0.347656 0.000165701
9 0.529297 0.408203 0.0722656 0.0449219 0.000166774
11 0.63916 0.249512 0.0595703 0.0302734 0.000169039
9 0.936035 0.458008 0.116211 0.597656 0.000169396
11 0.979004 0.991211 0.0419922 0.0175781 0.000172853
0 0.425293 0.446289 0.129883 0.166016 0.000176668
13 0.121582 0.773438 0.0458984 0.0683594 0.000176787
8 0.145996 0.649902 0.0361328 0.0380859 0.000177145
11 0.275879 0.27002 0.0517578 0.0341797 0.000178933
4 0.817383 0.639648 0.0253906 0.0371094 0.000181198
11 0.574707 0.240234 0.0517578 0.0195312 0.000186801
7 0.26123 0.28125 0.100586 0.0664062 0.000189066
13 0.527344 0.410645 0.0253906 0.0263672 0.000189185
12 0.487305 0.419434 0.25 0.149414 0.000189543
2 0.233398 0.705566 0.177734 0.0771484 0.000192046
2 0.581055 0.371582 0.0371094 0.0302734 0.000195026
13 0.144531 0.556152 0.0351562 0.0439453 0.000195146
8 0.384766 0.586914 0.0449219 0.0351562 0.000196815
7 0.316895 0.625488 0.0791016 0.0986328 0.000198722
9 0.462402 0.53418 0.204102 0.349609 0.000203013
2 0.57959 0.381348 0.0498047 0.0556641 0.000203133
11 0.152832 0.743652 0.12793 0.124023 0.000204206
10 0.105957 0.791504 0.0556641 0.0830078 0.000213504
13 0.493164 0.4375 0.238281 0.175781 0.000215173
11 0.538574 0.253418 0.0478516 0.0361328 0.000215411
7 0.731445 0.535645 0.162109 0.31543 0.000219822
5 0.779785 0.613281 0.0537109 0.0507812 0.000221968
11 0.779297 0.614258 0.0546875 0.0507812 0.000222325
11 0.297852 0.267578 0.0761719 0.0292969 0.000222325
8 0.493164 0.4375 0.238281 0.175781 0.000228047
8 0.683105 0.669922 0.0205078 0.0234375 0.000228763
10 0.259766 0.282227 0.0976562 0.0722656 0.000228882
11 0.363281 0.273926 0.0820312 0.0478516 0.000229001
0 0.536621 0.589355 0.405273 0.204102 0.000231981
5 0.25293 0.674805 0.244141 0.146484 0.000232697
11 0.611816 0.250488 0.161133 0.0654297 0.000233769
11 0.348145 0.293457 0.106445 0.0888672 0.000234246
10 0.121582 0.773438 0.0458984 0.0683594 0.000235081
7 0.10498 0.77832 0.0498047 0.078125 0.000237703
0 0.449219 0.481445 0.205078 0.236328 0.000240684
2 0.540039 0.411621 0.0703125 0.0830078 0.000251055
11 0.27002 0.283691 0.135742 0.125977 0.000259638
9 0.697754 0.527344 0.254883 0.359375 0.000260115
2 0.58252 0.370117 0.0166016 0.0117188 0.000261068
13 0.6875 0.399902 0.0800781 0.0400391 0.000261545
7 0.434082 0.0185547 0.331055 0.0371094 0.000262499
5 0.500488 0.431152 0.231445 0.163086 0.000268459
8 0.223145 0.697754 0.163086 0.0634766 0.000276089
8 0.529297 0.408203 0.0722656 0.0449219 0.000283957
13 0.33252 0.425781 0.0654297 0.109375 0.000284433
6 0.778809 0.631348 0.0849609 0.104492 0.000289202
7 0.166992 0.690918 0.162109 0.141602 0.000302076
9 0.393555 0.38623 0.0625 0.141602 0.000307798
0 0.518555 0.384277 0.160156 0.0830078 0.000310183
9 0.230469 0.676758 0.0722656 0.0351562 0.000314474
8 0.812012 0.640625 0.0478516 0.046875 0.000328064
2 0.779785 0.613281 0.0537109 0.0507812 0.000328779
9 0.820801 0.637207 0.0556641 0.0830078 0.00033021
13 0.155273 0.582031 0.0390625 0.0253906 0.000333071
7 0.393555 0.38623 0.0625 0.141602 0.000337124
9 0.209473 0.68457 0.0595703 0.0410156 0.000337839
13 0.243652 0.672852 0.112305 0.0507812 0.000337839
3 0.385742 0.98291 0.457031 0.0322266 0.000338554
13 0.260254 0.649902 0.125977 0.0888672 0.000341654
7 0.140625 0.758789 0.0820312 0.0917969 0.000343084
5 0.190918 0.657715 0.166992 0.219727 0.000344753
9 0.192383 0.699219 0.0683594 0.0605469 0.000345707
1 0.257812 0.281738 0.0957031 0.0673828 0.000347614
10 0.486328 0.442383 0.242188 0.177734 0.000366211
13 0.242188 0.631348 0.216797 0.155273 0.000367641
3 0.539551 0.567871 0.422852 0.28418 0.000371456
8 0.29834 0.555664 0.0166016 0.0136719 0.000377178
11 0.487305 0.419434 0.25 0.149414 0.000386477
9 0.931641 0.168945 0.128906 0.234375 0.000386953
7 0.811523 0.637207 0.0429688 0.0634766 0.000393152
0 0.533691 0.476562 0.299805 0.267578 0.000394106
8 0.585449 0.459473 0.0166016 0.0166016 0.000404835
11 0.105957 0.791504 0.0556641 0.0830078 0.000404835
10 0.871094 0.757324 0.0449219 0.0830078 0.000410318
5 0.696289 0.599121 0.179688 0.206055 0.00041604
13 0.817383 0.63916 0.0253906 0.0380859 0.000421286
13 0.245117 0.359863 0.0488281 0.0537109 0.000435829
11 0.133789 0.759277 0.0722656 0.0810547 0.000444412
13 0.779785 0.613281 0.0537109 0.0507812 0.00044632
7 0.771484 0.61377 0.117188 0.174805 0.00044775
13 0.623535 0.29541 0.0615234 0.0947266 0.000467062
8 0.121094 0.775879 0.0410156 0.0576172 0.000483751
6 0.237793 0.541016 0.211914 0.353516 0.000490189
9 0.524902 0.40918 0.0205078 0.0253906 0.000493526
11 0.567383 0.245117 0.105469 0.0488281 0.000508308
4 0.546387 0.412598 0.129883 0.125977 0.000561237
8 0.226562 0.762695 0.291016 0.177734 0.000561237
5 0.765137 0.61377 0.137695 0.182617 0.000566483
8 0.788574 0.599609 0.0322266 0.0234375 0.000567436
7 0.547363 0.412109 0.125977 0.125 0.000567436
2 0.214355 0.692871 0.114258 0.0595703 0.00057888
9 0.184082 0.806641 0.196289 0.222656 0.000584126
2 0.519043 0.407227 0.0380859 0.0351562 0.000584126
6 0.546387 0.412598 0.129883 0.125977 0.000592709
13 0.629395 0.290039 0.0439453 0.0566406 0.000610828
6 0.779785 0.613281 0.0537109 0.0507812 0.000620365
9 0.456543 0.738281 0.176758 0.359375 0.00062561
6 0.550781 0.635742 0.402344 0.152344 0.000627995
1 0.210449 0.728027 0.206055 0.118164 0.000637054
7 0.550781 0.635742 0.402344 0.152344 0.000637531
13 0.241211 0.688477 0.162109 0.0585938 0.000638008
1 0.550781 0.635742 0.402344 0.152344 0.000642776
9 0.105957 0.791504 0.0556641 0.0830078 0.000648022
9 0.227539 0.852539 0.328125 0.294922 0.000654221
11 0.22168 0.678711 0.0585938 0.0390625 0.000671387
4 0.550781 0.635742 0.402344 0.152344 0.000686646
2 0.550781 0.62793 0.404297 0.150391 0.000689983
8 0.549805 0.63916 0.402344 0.133789 0.000695705
7 0.237793 0.541016 0.211914 0.353516 0.000701904
11 0.328125 0.251465 0.111328 0.0341797 0.000704765
11 0.871094 0.757324 0.0449219 0.0830078 0.00070715
11 0.818359 0.638672 0.0234375 0.0371094 0.000712395
9 0.237793 0.541016 0.211914 0.353516 0.000715733
6 0.225586 0.642578 0.208984 0.183594 0.000715733
9 0.779785 0.632812 0.0810547 0.113281 0.000724316
0 0.540039 0.411621 0.0703125 0.0830078 0.000725746
5 0.547363 0.412109 0.125977 0.125 0.000734329
12 0.550781 0.635742 0.402344 0.152344 0.000748158
13 0.768066 0.641602 0.104492 0.123047 0.000750065
2 0.498047 0.430176 0.232422 0.168945 0.00075388
9 0.225586 0.642578 0.208984 0.183594 0.000760078
13 0.550781 0.635742 0.402344 0.152344 0.000789642
9 0.440918 0.0307617 0.358398 0.0595703 0.000789642
9 0.85791 0.484375 0.0595703 0.0429688 0.000802517
11 0.547363 0.637695 0.405273 0.126953 0.000805855
0 0.208008 0.734375 0.212891 0.125 0.000841618
11 0.364746 0.264648 0.0673828 0.0253906 0.00087595
3 0.486816 0.433105 0.250977 0.168945 0.000884533
12 0.546387 0.412598 0.129883 0.125977 0.000917435
11 0.334473 0.259277 0.0712891 0.0166016 0.000946522
8 0.527344 0.410645 0.0253906 0.0263672 0.00095892
10 0.208008 0.734375 0.212891 0.125 0.00096035
11 0.686035 0.274414 0.0849609 0.0488281 0.000977516
2 0.566406 0.387695 0.0820312 0.078125 0.000986099
5 0.550781 0.635742 0.402344 0.152344 0.00100136
1 0.543945 0.407715 0.132812 0.116211 0.00102234
13 0.748535 0.666992 0.0947266 0.0683594 0.00105667
7 0.224121 0.63916 0.202148 0.18457 0.00107861
13 0.189453 0.72998 0.179688 0.118164 0.00110912
5 0.670898 0.511719 0.300781 0.392578 0.00118446
9 0.174316 0.700684 0.178711 0.114258 0.00118446
10 0.547363 0.415527 0.129883 0.133789 0.001194
10 0.550781 0.635742 0.402344 0.152344 0.00119591
0 0.552246 0.447266 0.168945 0.203125 0.00120354
12 0.208008 0.734375 0.212891 0.125 0.00122261
0 0.528809 0.410645 0.0361328 0.0283203 0.00124264
13 0.702637 0.651855 0.135742 0.0986328 0.00125599
10 0.0883789 0.806152 0.0419922 0.0654297 0.00127125
11 0.219238 0.690918 0.112305 0.0615234 0.00127125
9 0.487305 0.419434 0.25 0.149414 0.0012722
11 0.0878906 0.805664 0.0410156 0.0664062 0.00127506
4 0.779785 0.613281 0.0537109 0.0507812 0.00130367
7 0.24707 0.765137 0.310547 0.182617 0.00132656
6 0.210449 0.728027 0.206055 0.118164 0.00132847
11 0.206543 0.729004 0.211914 0.116211 0.00139427
7 0.149902 0.736816 0.141602 0.118164 0.00140476
0 0.550293 0.647461 0.411133 0.121094 0.00141239
7 0.778809 0.631348 0.0849609 0.104492 0.00145149
11 0.543945 0.407715 0.132812 0.116211 0.00148678
11 0.557129 0.250977 0.0732422 0.0273438 0.00149536
8 0.543945 0.407715 0.132812 0.116211 0.00157642
3 0.208008 0.729004 0.234375 0.118164 0.00168896
7 0.818359 0.63916 0.0253906 0.0380859 0.00170517
11 0.307129 0.273926 0.172852 0.0673828 0.00170612
11 0.238281 0.291992 0.0742188 0.0585938 0.00176716
4 0.210449 0.728027 0.206055 0.118164 0.00177097
0 0.529297 0.408203 0.0722656 0.0449219 0.00191116
9 0.549805 0.63916 0.402344 0.133789 0.00204659
7 0.210938 0.695801 0.160156 0.0791016 0.00220108
11 0.600586 0.242676 0.123047 0.0341797 0.00227737
13 0.543945 0.407715 0.132812 0.116211 0.00228119
9 0.546387 0.412598 0.129883 0.125977 0.00233841
2 0.817383 0.63916 0.0253906 0.0380859 0.00238609
5 0.229492 0.612305 0.189453 0.183594 0.00240135
5 0.209473 0.710449 0.22168 0.116211 0.00290298
7 0.121582 0.773438 0.0458984 0.0683594 0.00295448
3 0.547852 0.414551 0.132812 0.133789 0.00303268
11 0.584961 0.236328 0.0820312 0.0234375 0.0031929
8 0.189453 0.72998 0.179688 0.118164 0.00319481
5 0.731445 0.535645 0.162109 0.31543 0.00324059
2 0.189941 0.729004 0.174805 0.116211 0.00369453
11 0.63916 0.25293 0.0966797 0.0429688 0.00379181
9 0.130371 0.771973 0.0712891 0.0751953 0.00389481
0 0.563477 0.387207 0.0859375 0.0712891 0.00390625
11 0.121094 0.770996 0.0429688 0.0595703 0.00400925
9 0.219238 0.690918 0.112305 0.0615234 0.00473022
9 0.780762 0.61377 0.0517578 0.0517578 0.0057869
11 0.312988 0.260742 0.118164 0.0253906 0.00590134
11 0.349609 0.258301 0.0898438 0.0283203 0.00593567
9 0.182129 0.723145 0.118164 0.0947266 0.00616837
2 0.529297 0.408203 0.0722656 0.0449219 0.00646973
9 0.160156 0.762207 0.130859 0.116211 0.00653076
2 0.539062 0.401367 0.136719 0.107422 0.00739288
9 0.119629 0.776855 0.0400391 0.0595703 0.00757599
9 0.818359 0.638672 0.0253906 0.0390625 0.00827789
7 0.780273 0.612305 0.0507812 0.0488281 0.00943756
13 0.724609 0.661133 0.078125 0.0527344 0.0101852
9 0.248047 0.763184 0.326172 0.176758 0.0111847
2 0.527344 0.410645 0.0253906 0.0263672 0.0116119
5 0.247559 0.532227 0.229492 0.351562 0.01297
8 0.818359 0.638672 0.0253906 0.0390625 0.0147629
7 0.210449 0.728027 0.206055 0.118164 0.0150833
11 0.286621 0.269043 0.118164 0.0439453 0.0165405
9 0.233398 0.705566 0.177734 0.0771484 0.0216217
11 0.575684 0.244141 0.0888672 0.0234375 0.0241547
8 0.779785 0.61377 0.0537109 0.0498047 0.0284424
11 0.664062 0.262695 0.09375 0.0507812 0.0304718
11 0.261719 0.280762 0.103516 0.0673828 0.0422058
0 0.487305 0.419434 0.25 0.149414 0.104919
9 0.208008 0.734375 0.212891 0.125 0.332275
3 0.548828 0.635254 0.40625 0.12793 0.683594
0 0.546875 0.407715 0.128906 0.112305 0.70166
