8 0.816895 0.691895 0.0126953 0.0107422 0.000100493
11 0.871094 0.339844 0.0664062 0.0605469 0.000101089
5 0.23291 0.555176 0.135742 0.217773 0.000102043
5 0.743164 0.616211 0.111328 0.128906 0.000102043
12 0.69873 0.241699 0.104492 0.0380859 0.000102341
11 0.273438 0.470215 0.109375 0.104492 0.00010258
2 0.741211 0.26123 0.191406 0.0830078 0.000102639
8 0.177734 0.45752 0.0371094 0.0322266 0.000103176
5 0.612793 0.458008 0.124023 0.115234 0.000103295
13 0.398926 0.448242 0.0341797 0.0253906 0.000105619
13 0.745117 0.632812 0.15625 0.201172 0.000105798
13 0.860352 0.505371 0.0820312 0.0732422 0.000105977
13 0.207031 0.61377 0.101562 0.0419922 0.000106573
13 0.166016 0.776367 0.0722656 0.0410156 0.000107408
10 0.961914 0.876465 0.0546875 0.0908203 0.000107527
13 0.470215 0.471191 0.0537109 0.0556641 0.000107825
13 0.460938 0.402344 0.0625 0.144531 0.000108242
9 0.233398 0.51709 0.09375 0.0380859 0.000108898
5 0.279785 0.883301 0.348633 0.208008 0.000109673
9 0.368164 0.757324 0.0351562 0.0302734 0.000110149
13 0.265137 0.402344 0.0654297 0.0683594 0.000111341
11 0.710938 0.244141 0.0507812 0.0253906 0.000112891
13 0.292969 0.529297 0.226562 0.242188 0.00011307
8 0.399902 0.540039 0.0263672 0.0234375 0.000113606
9 0.853027 0.508789 0.0849609 0.0976562 0.000113606
7 0.286133 0.282715 0.0996094 0.0732422 0.000114202
8 0.612793 0.458008 0.124023 0.115234 0.00011611
11 0.792969 0.296875 0.224609 0.140625 0.000117421
10 0.15918 0.174805 0.318359 0.349609 0.000118792
5 0.199707 0.614746 0.0986328 0.0712891 0.000119805
3 0.741211 0.26123 0.191406 0.0830078 0.000120699
2 0.612793 0.458008 0.124023 0.115234 0.000121236
11 0.398438 0.251465 0.150391 0.0498047 0.000121653
11 0.961914 0.876465 0.0546875 0.0908203 0.000124574
8 0.816406 0.717285 0.0546875 0.0341797 0.000126123
9 0.838379 0.520996 0.188477 0.395508 0.000127554
13 0.865234 0.8125 0.0507812 0.0253906 0.000128269
11 0.612793 0.458008 0.124023 0.115234 0.000128508
11 0.85791 0.332031 0.102539 0.0898438 0.000128984
13 0.741211 0.26123 0.191406 0.0830078 0.000129938
13 0.686523 0.540039 0.0722656 0.0703125 0.000130773
9 0.0947266 0.830566 0.0292969 0.0537109 0.000131011
10 0.289551 0.277344 0.0966797 0.0585938 0.000131965
9 0.706543 0.242676 0.0986328 0.0380859 0.000132203
13 0.368164 0.391113 0.046875 0.0380859 0.000133514
9 0.330566 0.714844 0.139648 0.119141 0.000134468
8 0.813965 0.698242 0.0205078 0.0136719 0.000134706
7 0.289062 0.821289 0.224609 0.111328 0.000135183
13 0.259766 0.568848 0.283203 0.448242 0.000135779
13 0.458984 0.405762 0.046875 0.0673828 0.000135899
5 0.758301 0.507324 0.301758 0.458008 0.000136256
9 0.387207 0.614258 0.137695 0.294922 0.000136614
9 0.500977 0.046875 0.300781 0.0898438 0.000136733
13 0.76416 0.435547 0.131836 0.140625 0.000137091
1 0.342285 0.271484 0.204102 0.0800781 0.000137925
11 0.98877 0.21875 0.0224609 0.121094 0.00013864
13 0.69873 0.241699 0.104492 0.0380859 0.00013864
13 0.399414 0.45752 0.0585938 0.0458984 0.00013876
5 0.256836 0.46875 0.128906 0.105469 0.00014019
9 0.191895 0.242676 0.0556641 0.0419922 0.00014019
5 0.889648 0.631348 0.136719 0.459961 0.000142097
13 0.728516 0.56543 0.046875 0.0351562 0.000142455
13 0.337402 0.67627 0.129883 0.0478516 0.000142694
11 0.388184 0.268555 0.0517578 0.0234375 0.000145674
11 0.833008 0.312988 0.113281 0.0966797 0.00014627
13 0.859863 0.824219 0.0908203 0.0292969 0.00014627
12 0.800293 0.594238 0.30957 0.56543 0.000146389
7 0.865723 0.494629 0.0595703 0.0478516 0.000146747
2 0.399902 0.540039 0.0263672 0.0234375 0.000148177
5 0.839844 0.716797 0.136719 0.138672 0.000148535
1 0.286133 0.279297 0.0878906 0.0585938 0.000148773
9 0.432617 0.0385742 0.15625 0.0771484 0.000150204
8 0.434082 0.458496 0.0498047 0.0361328 0.000150323
10 0.612793 0.458008 0.124023 0.115234 0.000155568
9 0.402344 0.539062 0.0175781 0.015625 0.00015676
13 0.883789 0.822754 0.126953 0.0517578 0.00015676
13 0.711914 0.585449 0.0957031 0.0908203 0.000157595
13 0.401855 0.608887 0.0966797 0.149414 0.000157833
7 0.706543 0.242676 0.0986328 0.0380859 0.000159383
9 0.260254 0.0961914 0.0107422 0.00878906 0.000159979
13 0.26416 0.524902 0.0634766 0.0185547 0.000159979
5 0.84375 0.484863 0.130859 0.149414 0.000162721
7 0.328613 0.716309 0.137695 0.116211 0.000163674
9 0.561035 0.492188 0.225586 0.240234 0.000164866
13 0.277344 0.392578 0.0351562 0.0234375 0.000165701
7 0.854004 0.811035 0.0791016 0.0380859 0.000166535
11 0.306152 0.270508 0.0517578 0.03125 0.000167727
7 0.848145 0.462891 0.163086 0.287109 0.00017035
8 0.260254 0.0961914 0.0107422 0.00878906 0.000170827
13 0.750488 0.600586 0.0517578 0.0390625 0.000174165
13 0.719727 0.422363 0.0800781 0.12793 0.000174642
13 0.306641 0.502441 0.0488281 0.0517578 0.000177979
11 0.751953 0.262207 0.121094 0.0556641 0.000178814
8 0.825195 0.75293 0.015625 0.0117188 0.000183463
5 0.768066 0.713867 0.239258 0.28125 0.000184894
1 0.69873 0.241699 0.104492 0.0380859 0.000187159
5 0.227051 0.521484 0.110352 0.0605469 0.000188947
5 0.82373 0.61084 0.200195 0.213867 0.00019455
9 0.181152 0.240723 0.0498047 0.116211 0.00019455
6 0.328613 0.716309 0.137695 0.116211 0.000199914
9 0.342285 0.271484 0.204102 0.0800781 0.000201464
7 0.273438 0.470215 0.109375 0.104492 0.000205755
11 0.269531 0.291016 0.0839844 0.0605469 0.00020647
9 0.854004 0.811035 0.0791016 0.0380859 0.000207901
8 0.752441 0.598633 0.0361328 0.0332031 0.000208974
11 0.0991211 0.82959 0.0166016 0.0244141 0.000213146
5 0.273926 0.749512 0.356445 0.209961 0.000216007
5 0.86377 0.766602 0.139648 0.144531 0.000216365
8 0.809082 0.733398 0.0224609 0.015625 0.000219107
5 0.242676 0.553223 0.208008 0.331055 0.00022018
13 0.882324 0.812988 0.100586 0.0283203 0.000220776
13 0.372559 0.465332 0.149414 0.108398 0.000221252
9 0.850586 0.65918 0.183594 0.390625 0.000222683
11 0.32373 0.300781 0.254883 0.121094 0.000222802
0 0.556152 0.49707 0.211914 0.269531 0.000222802
9 0.851074 0.460938 0.125977 0.197266 0.000226021
6 0.854004 0.811035 0.0791016 0.0380859 0.000226855
11 0.0917969 0.812012 0.0351562 0.110352 0.00023067
8 0.217285 0.647461 0.0107422 0.00976562 0.00023675
7 0.847168 0.48291 0.102539 0.15918 0.000236988
13 0.221191 0.427734 0.0947266 0.0488281 0.000237703
13 0.319336 0.680664 0.105469 0.0292969 0.000238776
7 0.858887 0.511719 0.0888672 0.0859375 0.000239611
8 0.706055 0.513184 0.0253906 0.0224609 0.000241399
10 0.0893555 0.838379 0.0400391 0.0791016 0.000242352
13 0.872559 0.491699 0.0419922 0.0380859 0.000243664
13 0.853516 0.165527 0.292969 0.329102 0.000249863
9 0.0986328 0.829102 0.0175781 0.0253906 0.000252485
9 0.739746 0.256836 0.18457 0.0761719 0.000262737
11 0.662109 0.267578 0.109375 0.0546875 0.00026536
11 0.685059 0.22998 0.125977 0.0341797 0.000279665
6 0.800293 0.594238 0.30957 0.56543 0.000286579
9 0.540039 0.306152 0.0292969 0.0302734 0.000292778
13 0.220703 0.503906 0.0996094 0.0488281 0.000293732
13 0.841309 0.373047 0.0576172 0.0351562 0.000294685
1 0.741211 0.26123 0.191406 0.0830078 0.000295639
3 0.80127 0.592773 0.301758 0.539062 0.000297546
13 0.76416 0.598145 0.231445 0.50293 0.000298262
9 0.52832 0.770508 0.25 0.355469 0.000300407
9 0.269043 0.603516 0.342773 0.492188 0.000303984
13 0.220215 0.772461 0.176758 0.0351562 0.000304937
11 0.417969 0.260254 0.117188 0.0283203 0.000311136
8 0.246094 0.842773 0.0527344 0.0429688 0.000323772
11 0.289062 0.277344 0.0527344 0.0410156 0.000324965
13 0.861816 0.805664 0.108398 0.0644531 0.000332832
12 0.342285 0.271484 0.204102 0.0800781 0.000339746
3 0.612305 0.457031 0.125 0.113281 0.000356913
12 0.741211 0.26123 0.191406 0.0830078 0.00036025
9 0.354004 0.887207 0.198242 0.202148 0.000361204
9 0.608887 0.768555 0.401367 0.167969 0.000385046
13 0.314453 0.503906 0.0957031 0.0644531 0.000385523
9 0.220215 0.800781 0.243164 0.0859375 0.000388384
11 0.980469 0.268066 0.0390625 0.141602 0.000417233
13 0.826172 0.718262 0.0742188 0.0458984 0.000427246
2 0.273438 0.470215 0.109375 0.104492 0.000429869
11 0.0849609 0.84375 0.0449219 0.0898438 0.000431061
5 0.861816 0.805664 0.108398 0.0644531 0.000443697
11 0.0952148 0.830566 0.0224609 0.0400391 0.000444174
11 0.446777 0.282715 0.0791016 0.0576172 0.000444412
9 0.492188 0.869629 0.21875 0.241211 0.000448704
5 0.853516 0.80957 0.0761719 0.0371094 0.000449419
13 0.415527 0.579102 0.0751953 0.09375 0.000451803
13 0.401367 0.471191 0.0917969 0.0693359 0.000460386
11 0.335449 0.261719 0.116211 0.0351562 0.000466585
13 0.280273 0.480469 0.15625 0.158203 0.000471592
9 0.234375 0.779785 0.210938 0.0478516 0.000474691
13 0.26709 0.523438 0.12793 0.0371094 0.000478268
9 0.275391 0.471191 0.103516 0.106445 0.000501633
9 0.142578 0.27832 0.046875 0.0332031 0.0005126
6 0.275391 0.471191 0.103516 0.106445 0.000513554
9 0.61377 0.458984 0.125977 0.123047 0.000518799
8 0.400879 0.447754 0.0146484 0.0126953 0.000531673
5 0.850586 0.521484 0.0898438 0.111328 0.000533581
0 0.591309 0.462891 0.19043 0.15625 0.000537395
9 0.290527 0.816406 0.204102 0.101562 0.000545979
11 0.646973 0.27832 0.0771484 0.0351562 0.000549793
8 0.723633 0.560059 0.0253906 0.0205078 0.000572205
13 0.261719 0.433594 0.117188 0.123047 0.000579834
11 0.245605 0.317871 0.137695 0.125977 0.000585079
5 0.320801 0.719727 0.188477 0.150391 0.000585556
5 0.836914 0.475586 0.181641 0.271484 0.000608921
11 0.695312 0.240234 0.0625 0.0234375 0.000635624
13 0.325684 0.485352 0.172852 0.0996094 0.000646114
11 0.806641 0.287109 0.0820312 0.0664062 0.000649452
11 0.384277 0.25 0.110352 0.0214844 0.00065136
8 0.801758 0.706055 0.0253906 0.0175781 0.00069046
13 0.240234 0.442383 0.121094 0.0742188 0.000751019
11 0.205566 0.348633 0.0810547 0.0839844 0.000799179
3 0.181641 0.175293 0.363281 0.31543 0.000801086
13 0.726074 0.616699 0.0966797 0.0869141 0.000864506
13 0.269531 0.385742 0.0488281 0.0351562 0.000888348
9 0.800293 0.594238 0.30957 0.56543 0.000919342
2 0.401367 0.539062 0.0175781 0.015625 0.000921726
9 0.542969 0.604004 0.185547 0.512695 0.000945091
5 0.291504 0.664551 0.24707 0.262695 0.000980377
13 0.331055 0.714355 0.140625 0.118164 0.0011816
9 0.253906 0.839355 0.123047 0.0810547 0.00123596
8 0.810059 0.479492 0.0302734 0.0214844 0.00129509
13 0.247559 0.49707 0.133789 0.0917969 0.00159836
11 0.723633 0.250977 0.130859 0.0488281 0.00170803
8 0.401855 0.538574 0.0166016 0.0146484 0.00176144
9 0.24707 0.845215 0.0625 0.0517578 0.00181103
13 0.233398 0.516113 0.0957031 0.0361328 0.00188637
9 0.263184 0.871582 0.399414 0.256836 0.00201416
8 0.368164 0.757324 0.0351562 0.0302734 0.00222588
11 0.779785 0.275879 0.112305 0.0654297 0.00239372
11 0.390625 0.266113 0.107422 0.0283203 0.00239372
11 0.206543 0.348633 0.0615234 0.046875 0.00246429
11 0.672852 0.249512 0.136719 0.0576172 0.00261307
13 0.279297 0.470215 0.0625 0.0751953 0.00267601
5 0.269043 0.603516 0.342773 0.492188 0.00341606
13 0.854004 0.811035 0.0791016 0.0380859 0.00386047
5 0.85498 0.707031 0.165039 0.289062 0.00386238
11 0.312012 0.27002 0.0908203 0.0439453 0.00394821
11 0.342285 0.271484 0.204102 0.0800781 0.00410843
11 0.271973 0.293457 0.118164 0.0966797 0.00537109
11 0.364746 0.269043 0.196289 0.0361328 0.0056839
11 0.375488 0.256348 0.143555 0.0263672 0.00594711
9 0.256348 0.837402 0.323242 0.139648 0.00668716
11 0.41748 0.273926 0.12207 0.0478516 0.00778198
11 0.741211 0.26123 0.191406 0.0830078 0.00844574
13 0.292969 0.48877 0.0625 0.0830078 0.00918579
3 0.60791 0.772949 0.40332 0.161133 0.0103302
5 0.823242 0.598633 0.244141 0.498047 0.026535
11 0.69873 0.241699 0.104492 0.0380859 0.0349731
13 0.275391 0.471191 0.103516 0.106445 0.038269
11 0.286621 0.276855 0.0908203 0.0537109 0.0422974
0 0.612793 0.45752 0.12207 0.108398 0.083374
