10 0.904785 0.770508 0.0322266 0.0410156 0.000100493
2 0.70459 0.442871 0.0595703 0.0341797 0.000100851
13 0.670898 0.501465 0.046875 0.0283203 0.000100911
8 0.65625 0.491211 0.0566406 0.046875 0.000101507
1 0.614746 0.19043 0.112305 0.0351562 0.000106335
9 0.469238 0.977539 0.0458984 0.0410156 0.000106335
9 0.326172 0.253418 0.0273438 0.0244141 0.00010711
9 0.391113 0.638184 0.0478516 0.0478516 0.000107586
11 0.393066 0.203125 0.0615234 0.0214844 0.000108182
9 0.390137 0.723633 0.135742 0.113281 0.000108421
2 0.65625 0.491211 0.0566406 0.046875 0.00010854
8 0.77832 0.43457 0.0195312 0.015625 0.000109553
2 0.348633 0.599121 0.0136719 0.0107422 0.000109613
11 0.897949 0.745117 0.0322266 0.0703125 0.000110388
8 0.744629 0.346191 0.0439453 0.0302734 0.000110507
11 0.589355 0.188965 0.0791016 0.0517578 0.000110984
11 0.1875 0.151367 0.375 0.302734 0.000110984
11 0.359863 0.188965 0.0439453 0.0224609 0.000112116
11 0.760742 0.17041 0.0742188 0.0361328 0.000112355
8 0.472168 0.555176 0.0283203 0.0205078 0.000113249
11 0.902832 0.774414 0.0283203 0.0429688 0.000113487
9 0.65918 0.26709 0.046875 0.0380859 0.000113964
13 0.425293 0.387695 0.0537109 0.0273438 0.000114381
11 0.317871 0.214355 0.0810547 0.0439453 0.000114501
0 0.301758 0.723633 0.271484 0.125 0.00011456
11 0.669434 0.182129 0.0654297 0.0283203 0.000116408
3 0.0400391 0.642578 0.0761719 0.310547 0.000118017
13 0.328125 0.341309 0.0839844 0.0927734 0.000118554
13 0.333496 0.503906 0.0576172 0.046875 0.00012058
10 0.309082 0.722656 0.295898 0.119141 0.000121236
9 0.948242 0.974121 0.0996094 0.0517578 0.00012207
9 0.348633 0.599121 0.0136719 0.0107422 0.00012219
7 0.661621 0.98291 0.331055 0.0341797 0.000123024
13 0.361328 0.296387 0.111328 0.0732422 0.000126719
13 0.296875 0.750488 0.0292969 0.0341797 0.000126839
7 0.617188 0.192383 0.121094 0.0351562 0.000127196
9 0.333496 0.503906 0.0576172 0.046875 0.00012815
8 0.666016 0.367676 0.015625 0.0146484 0.000128269
8 0.314941 0.49707 0.104492 0.0585938 0.000129104
8 0.305176 0.725586 0.276367 0.119141 0.000130296
8 0.354004 0.598145 0.0302734 0.0244141 0.000131607
9 0.661621 0.98291 0.331055 0.0341797 0.000132084
8 0.374512 0.574219 0.0341797 0.0351562 0.000132442
5 0.305176 0.725586 0.276367 0.119141 0.000138164
9 0.505859 0.59375 0.160156 0.222656 0.000138164
8 0.309082 0.605469 0.0361328 0.0292969 0.000138402
8 0.384277 0.60498 0.0107422 0.0107422 0.000138998
9 0.271973 0.777344 0.131836 0.111328 0.000139713
3 0.89209 0.76416 0.0380859 0.0537109 0.000143528
2 0.568359 0.445312 0.0371094 0.0332031 0.000143766
13 0.331543 0.349609 0.0263672 0.0390625 0.000143886
8 0.714844 0.446289 0.0703125 0.0429688 0.000144601
9 0.324219 0.455566 0.271484 0.46582 0.000145793
2 0.75 0.509277 0.0351562 0.0322266 0.000146031
9 0.771484 0.945312 0.179688 0.105469 0.000147104
0 0.892578 0.762695 0.0371094 0.0507812 0.000147223
9 0.694824 0.680176 0.114258 0.0380859 0.000147223
1 0.89209 0.764648 0.0439453 0.0488281 0.000148773
9 0.938965 0.391113 0.100586 0.120117 0.000149608
8 0.344238 0.683105 0.0185547 0.0205078 0.000150919
11 0.616211 0.202148 0.126953 0.0917969 0.000151396
9 0.513184 0.964844 0.137695 0.0683594 0.000152707
3 0.795898 0.251953 0.408203 0.484375 0.000153065
11 0.664062 0.17627 0.046875 0.0205078 0.000153661
5 0.268066 0.558594 0.168945 0.210938 0.000154018
13 0.652832 0.274414 0.0654297 0.0605469 0.00015521
9 0.101074 0.489258 0.0107422 0.0117188 0.000155807
9 0.893066 0.765137 0.0400391 0.0478516 0.000158191
9 0.384277 0.774414 0.180664 0.205078 0.00016129
9 0.541992 0.565918 0.15625 0.344727 0.000165343
8 0.15918 0.336914 0.0410156 0.0332031 0.00016737
2 0.646973 0.463379 0.112305 0.129883 0.00016892
11 0.29834 0.751953 0.0341797 0.0332031 0.000170588
9 0.741699 0.463379 0.0146484 0.0126953 0.000172853
13 0.642578 0.462402 0.105469 0.12793 0.00017488
13 0.647949 0.334961 0.0771484 0.119141 0.000176191
13 0.892578 0.76709 0.0390625 0.0498047 0.000176787
2 0.233887 0.822266 0.0205078 0.0195312 0.000179648
11 0.6875 0.689453 0.107422 0.0273438 0.000181317
9 0.233887 0.822754 0.0341797 0.0283203 0.000183225
8 0.577637 0.447266 0.0205078 0.0214844 0.00018394
9 0.311035 0.499023 0.116211 0.0605469 0.000184298
8 0.55957 0.354492 0.0761719 0.0625 0.00018847
2 0.741699 0.463379 0.0146484 0.0126953 0.00019002
9 0.37207 0.688477 0.136719 0.0488281 0.000193119
11 0.374512 0.207031 0.124023 0.0253906 0.000193596
13 0.616211 0.401367 0.0703125 0.0585938 0.000193834
8 0.663574 0.256348 0.0224609 0.0166016 0.000200391
11 0.413574 0.183105 0.0947266 0.0224609 0.000203609
5 0.316895 0.463867 0.290039 0.507812 0.000203729
11 0.69043 0.191406 0.0605469 0.0253906 0.000204802
9 0.700684 0.688477 0.168945 0.0644531 0.000207901
8 0.609863 0.374023 0.0146484 0.0136719 0.000208139
7 0.750977 0.508301 0.0332031 0.0302734 0.000214338
13 0.645996 0.375 0.0673828 0.0566406 0.00021863
7 0.296875 0.750488 0.0292969 0.0341797 0.000226021
13 0.325684 0.342285 0.0478516 0.0693359 0.000227213
11 0.610352 0.195801 0.0507812 0.0166016 0.000228286
13 0.628418 0.387207 0.0419922 0.0185547 0.000228763
8 0.326172 0.253418 0.0273438 0.0244141 0.000234127
11 0.305176 0.725586 0.276367 0.119141 0.000234246
9 0.966797 0.984375 0.0625 0.0292969 0.000235081
11 0.42041 0.195312 0.0791016 0.0292969 0.000236988
7 0.248047 0.582031 0.128906 0.1875 0.000250578
8 0.315918 0.481445 0.0185547 0.015625 0.000252008
11 0.399414 0.20752 0.107422 0.0576172 0.000257254
9 0.347168 0.683105 0.0966797 0.0302734 0.00025773
8 0.741699 0.353027 0.0263672 0.0166016 0.00026226
11 0.588867 0.208496 0.0722656 0.0458984 0.000265121
7 0.893066 0.765137 0.0400391 0.0478516 0.000268936
9 0.609863 0.969238 0.356445 0.0595703 0.000272274
9 0.662598 0.497559 0.0400391 0.0302734 0.000274181
9 0.496582 0.421875 0.102539 0.316406 0.000274181
7 0.743652 0.97168 0.225586 0.0566406 0.00028801
9 0.344238 0.683105 0.0185547 0.0205078 0.000288963
13 0.33252 0.311523 0.0869141 0.0800781 0.000299215
9 0.64502 0.471191 0.0830078 0.0986328 0.0003016
11 0.614258 0.170898 0.0839844 0.0195312 0.000305176
3 0.301758 0.723633 0.271484 0.125 0.00030899
9 0.304688 0.756348 0.0507812 0.0400391 0.000313997
13 0.705566 0.440918 0.0537109 0.0283203 0.000315189
8 0.416504 0.519043 0.0283203 0.0244141 0.000322104
7 0.327148 0.690918 0.25 0.0556641 0.000325203
9 0.343262 0.683105 0.0419922 0.0224609 0.000340223
8 0.353027 0.598633 0.0185547 0.015625 0.000343561
9 0.750977 0.508301 0.0332031 0.0302734 0.000387192
9 0.307129 0.699707 0.319336 0.25293 0.000388384
10 0.15625 0.77002 0.0332031 0.0498047 0.000402451
12 0.305176 0.725586 0.276367 0.119141 0.000405788
3 0.800293 0.100586 0.399414 0.201172 0.000408888
8 0.713379 0.4375 0.0361328 0.0214844 0.000415802
11 0.15625 0.77002 0.0332031 0.0498047 0.000417948
8 0.710449 0.299805 0.0107422 0.0078125 0.000420809
8 0.309082 0.485352 0.0283203 0.0234375 0.000439405
13 0.311035 0.499023 0.116211 0.0605469 0.000451803
9 0.24707 0.706543 0.183594 0.102539 0.000459194
8 0.666992 0.499023 0.0371094 0.0273438 0.000468731
8 0.433105 0.578125 0.0322266 0.0351562 0.000488758
8 0.233398 0.822266 0.0214844 0.0214844 0.000489712
8 0.401367 0.625977 0.0273438 0.0253906 0.000491142
11 0.658203 0.186523 0.138672 0.0292969 0.000519276
8 0.570312 0.445312 0.0351562 0.0292969 0.00053978
2 0.297363 0.751953 0.0302734 0.0332031 0.000540257
8 0.374023 0.586914 0.015625 0.0136719 0.00057888
2 0.664062 0.5 0.0390625 0.03125 0.000610352
8 0.301758 0.612793 0.0253906 0.0185547 0.000627041
8 0.337402 0.508789 0.0400391 0.0292969 0.000653267
8 0.354492 0.431641 0.0449219 0.03125 0.000666618
9 0.299805 0.746094 0.140625 0.0820312 0.000667095
8 0.722656 0.437012 0.0175781 0.0126953 0.000668049
8 0.658203 0.597168 0.015625 0.0126953 0.000678062
9 0.560059 0.354492 0.0771484 0.0625 0.000693321
8 0.675293 0.40332 0.0244141 0.0175781 0.000694752
8 0.410156 0.559082 0.0175781 0.0205078 0.000699997
11 0.335449 0.20459 0.0830078 0.0380859 0.00074625
8 0.318359 0.525391 0.0117188 0.00976562 0.000759125
11 0.63916 0.175293 0.0869141 0.0185547 0.000776768
9 0.292969 0.789551 0.279297 0.200195 0.000814438
9 0.296387 0.688965 0.135742 0.0576172 0.00082159
8 0.333496 0.503906 0.0576172 0.046875 0.000825405
11 0.378418 0.19873 0.0712891 0.0185547 0.000869274
9 0.724609 0.972168 0.273438 0.0556641 0.000943661
7 0.305176 0.725586 0.276367 0.119141 0.000947952
8 0.216309 0.61084 0.0322266 0.0244141 0.00104713
11 0.42041 0.21582 0.0576172 0.0273438 0.00108433
8 0.29834 0.751953 0.0341797 0.0332031 0.00113297
11 0.632812 0.200684 0.140625 0.0361328 0.00118923
11 0.705078 0.197266 0.0761719 0.0371094 0.0012188
9 0.693848 0.694336 0.106445 0.0273438 0.00124836
11 0.364746 0.195312 0.0576172 0.0175781 0.00136757
9 0.522949 0.688477 0.166992 0.470703 0.00139427
8 0.391113 0.638184 0.0478516 0.0478516 0.00148392
8 0.379883 0.44873 0.0175781 0.0166016 0.00157928
9 0.233398 0.822266 0.0214844 0.0214844 0.00160313
13 0.635742 0.384277 0.0546875 0.0322266 0.00174809
11 0.391113 0.188965 0.112305 0.0283203 0.00185394
8 0.348633 0.598633 0.0136719 0.0117188 0.00185776
10 0.15625 0.771973 0.0273438 0.0283203 0.00197983
11 0.632324 0.195312 0.104492 0.0214844 0.00205803
10 0.889648 0.763184 0.0625 0.0634766 0.00229836
11 0.15625 0.771973 0.0273438 0.0283203 0.00230789
11 0.889648 0.763184 0.0625 0.0634766 0.002388
11 0.616699 0.176758 0.112305 0.0273438 0.00257683
9 0.504883 0.477051 0.150391 0.487305 0.00295258
11 0.352539 0.197266 0.0664062 0.0292969 0.00297737
9 0.294434 0.746582 0.108398 0.0419922 0.0037117
0 0.551758 0.352051 0.0898438 0.0654297 0.00387383
11 0.597168 0.197754 0.0791016 0.0244141 0.00536728
9 0.318359 0.692871 0.271484 0.0634766 0.0057106
8 0.741699 0.463379 0.0146484 0.0126953 0.00592041
8 0.750977 0.508301 0.0332031 0.0302734 0.007267
11 0.412598 0.207031 0.0810547 0.0332031 0.00771332
9 0.296875 0.750488 0.0292969 0.0341797 0.00813293
11 0.389648 0.199219 0.111328 0.0273438 0.013382
9 0.305176 0.725586 0.276367 0.119141 0.0278625
11 0.614746 0.19043 0.112305 0.0351562 0.0318604
10 0.894531 0.764648 0.0390625 0.0449219 0.0344238
11 0.894531 0.765625 0.0390625 0.046875 0.0476379
