9 0.539062 0.841797 0.046875 0.0429688 0.000100374
0 0.554688 0.228516 0.09375 0.0546875 0.000100851
12 0.253906 0.981934 0.300781 0.0341797 0.000101924
7 0.834961 0.514648 0.0527344 0.0917969 0.000104249
5 0.205078 0.96875 0.285156 0.0625 0.000104427
5 0.52002 0.268066 0.176758 0.124023 0.000104487
3 0.385254 0.98877 0.24707 0.0185547 0.000104547
8 0.253906 0.981934 0.300781 0.0341797 0.000104666
11 0.402832 0.13916 0.0966797 0.0478516 0.000104904
11 0.286133 0.140137 0.0546875 0.0322266 0.000105441
6 0.748535 0.439453 0.172852 0.169922 0.000106096
11 0.704102 0.150879 0.0742188 0.0537109 0.000107765
11 0.0209961 0.32959 0.0400391 0.137695 0.000108242
10 0.818359 0.489746 0.0761719 0.100586 0.0001086
10 0.52002 0.268066 0.176758 0.124023 0.000109434
10 0.585449 0.456543 0.399414 0.256836 0.000110507
10 0.324219 0.981934 0.375 0.0361328 0.00011301
10 0.813477 0.147461 0.373047 0.294922 0.000113606
12 0.808105 0.0751953 0.383789 0.150391 0.000113666
9 0.149414 0.511719 0.0253906 0.0644531 0.000113845
9 0.487305 0.364258 0.0957031 0.335938 0.000117779
11 0.277832 0.182129 0.106445 0.108398 0.000117958
10 0.268066 0.774902 0.397461 0.450195 0.000118017
6 0.70459 0.354492 0.258789 0.324219 0.000121474
5 0.587891 0.449707 0.408203 0.256836 0.00012219
11 0.818359 0.489746 0.0761719 0.100586 0.000123382
13 0.307129 0.285645 0.186523 0.260742 0.0001266
10 0.172363 0.950684 0.262695 0.0986328 0.000128865
2 0.520996 0.261719 0.178711 0.107422 0.000129104
13 0.713867 0.22168 0.0566406 0.0683594 0.00012958
8 0.538574 0.839355 0.0478516 0.0400391 0.000130415
9 0.297363 0.258789 0.0654297 0.0820312 0.000132442
8 0.76709 0.292969 0.0322266 0.0292969 0.000135541
13 0.760254 0.399414 0.0927734 0.0390625 0.000135779
11 0.144531 0.536621 0.0351562 0.0732422 0.000136495
11 0.24707 0.19873 0.0585938 0.0556641 0.000139832
11 0.32959 0.131348 0.0732422 0.0361328 0.000140905
9 0.485352 0.287598 0.046875 0.0458984 0.000141978
11 0.51709 0.254883 0.174805 0.0957031 0.000143647
13 0.28418 0.251465 0.0488281 0.0654297 0.00014472
3 0.221191 0.987793 0.223633 0.0205078 0.000148535
9 0.560059 0.770996 0.40332 0.458008 0.000149608
13 0.260742 0.217773 0.0410156 0.0429688 0.000149608
9 0.768066 0.399902 0.135742 0.225586 0.000151277
7 0.817871 0.489258 0.0654297 0.0917969 0.000151515
13 0.0185547 0.204102 0.0371094 0.107422 0.000152588
13 0.322266 0.203125 0.046875 0.0371094 0.00015533
0 0.621582 0.337402 0.305664 0.28418 0.00015676
7 0.559082 0.25293 0.0986328 0.0820312 0.000161409
8 0.612793 0.293457 0.0126953 0.0107422 0.000162959
7 0.227539 0.953125 0.294922 0.0917969 0.000163436
3 0.586914 0.507324 0.353516 0.12793 0.000163913
9 0.867188 0.835449 0.265625 0.325195 0.000163913
3 0.276367 0.960938 0.320312 0.078125 0.000164986
9 0.283691 0.355957 0.206055 0.301758 0.000167251
13 0.364258 0.197266 0.0410156 0.0664062 0.000169396
2 0.57373 0.236328 0.0673828 0.0488281 0.000175595
3 0.984375 0.651367 0.03125 0.482422 0.00017643
12 0.559082 0.25293 0.0986328 0.0820312 0.000176668
10 0.833984 0.510742 0.0527344 0.0878906 0.000177264
9 0.32373 0.959961 0.356445 0.0800781 0.000180006
6 0.806641 0.483887 0.078125 0.0947266 0.000184536
13 0.299805 0.267578 0.109375 0.189453 0.000185847
9 0.931641 0.896484 0.132812 0.207031 0.000186086
9 0.93457 0.946289 0.123047 0.101562 0.000186086
5 0.76709 0.40332 0.0771484 0.0761719 0.000186801
0 0.506348 0.233398 0.143555 0.103516 0.000188231
13 0.374023 0.224609 0.0722656 0.0839844 0.0001899
2 0.808105 0.0751953 0.383789 0.150391 0.000191331
9 0.820312 0.305176 0.359375 0.610352 0.000195265
10 0.148438 0.517578 0.0273438 0.0625 0.000195742
11 0.334473 0.13916 0.116211 0.0537109 0.00019598
13 0.15918 0.074707 0.310547 0.143555 0.000197411
3 0.808105 0.0751953 0.383789 0.150391 0.000197887
3 0.0859375 0.561523 0.171875 0.496094 0.000198007
8 0.56543 0.246094 0.0878906 0.0683594 0.000199795
3 0.70459 0.354492 0.258789 0.324219 0.000201106
3 0.520508 0.264648 0.177734 0.113281 0.000207782
4 0.808105 0.0751953 0.383789 0.150391 0.000207901
8 0.808105 0.0751953 0.383789 0.150391 0.000208139
6 0.82666 0.0854492 0.34668 0.170898 0.000208855
1 0.559082 0.25293 0.0986328 0.0820312 0.000212193
13 0.3125 0.277832 0.0664062 0.0712891 0.000216722
1 0.808105 0.0751953 0.383789 0.150391 0.000217557
10 0.866211 0.33252 0.267578 0.665039 0.000219822
3 0.0654297 0.413086 0.130859 0.199219 0.00022006
11 0.618652 0.134277 0.112305 0.0341797 0.000220537
13 0.341309 0.224609 0.118164 0.109375 0.000221014
3 0.396484 0.981934 0.390625 0.0322266 0.000228286
0 0.113281 0.63916 0.226562 0.34668 0.00022912
9 0.117188 0.773926 0.222656 0.452148 0.000230908
9 0.806641 0.483398 0.078125 0.09375 0.000233173
11 0.833984 0.510742 0.0527344 0.0878906 0.000240803
9 0.750977 0.469727 0.21875 0.128906 0.000241637
11 0.662598 0.144531 0.118164 0.0546875 0.000245571
5 0.558594 0.253418 0.0976562 0.0830078 0.000253201
11 0.360352 0.127441 0.0488281 0.0126953 0.000254393
13 0.205566 0.121094 0.411133 0.242188 0.000259876
0 0.557129 0.251953 0.0517578 0.0664062 0.000267744
13 0.350098 0.199219 0.0732422 0.0859375 0.000284433
13 0.82666 0.0854492 0.34668 0.170898 0.000287294
7 0.253906 0.981934 0.300781 0.0341797 0.000288248
13 0.76123 0.399902 0.0615234 0.0224609 0.000295639
9 0.268066 0.774902 0.397461 0.450195 0.0003016
10 0.558594 0.253418 0.0976562 0.0830078 0.000303984
13 0.555664 0.252441 0.101562 0.0830078 0.000317097
5 0.818359 0.331543 0.363281 0.663086 0.000326633
10 0.842285 0.534668 0.0556641 0.0908203 0.00033021
9 0.0830078 0.878906 0.154297 0.242188 0.00033164
13 0.790527 0.151855 0.21582 0.0849609 0.00033617
11 0.561035 0.25293 0.0966797 0.0800781 0.000337124
13 0.306152 0.236816 0.0498047 0.0537109 0.000346899
9 0.70459 0.354492 0.258789 0.324219 0.000352144
11 0.577637 0.140625 0.0458984 0.0332031 0.000355005
11 0.808105 0.0751953 0.383789 0.150391 0.000357151
13 0.27002 0.209961 0.0283203 0.0449219 0.000361204
0 0.503418 0.324219 0.178711 0.238281 0.000361919
13 0.793457 0.466309 0.100586 0.116211 0.000368595
9 0.148926 0.969238 0.260742 0.0595703 0.000378132
9 0.743164 0.953613 0.349609 0.0888672 0.000401497
9 0.503418 0.324219 0.178711 0.238281 0.000407934
8 0.36084 0.445312 0.0126953 0.00976562 0.000409126
4 0.586914 0.464355 0.392578 0.0966797 0.00044179
11 0.842285 0.534668 0.0556641 0.0908203 0.000443935
6 0.585938 0.45752 0.390625 0.106445 0.000445604
5 0.802246 0.472168 0.0849609 0.106445 0.000462294
8 0.685059 0.484375 0.0185547 0.0136719 0.000478506
7 0.585938 0.45752 0.390625 0.106445 0.000489712
1 0.585938 0.45752 0.390625 0.106445 0.000499249
8 0.586914 0.466309 0.392578 0.120117 0.00050211
2 0.555176 0.25293 0.100586 0.0839844 0.000508308
7 0.776855 0.441406 0.137695 0.166016 0.000523567
9 0.558594 0.253418 0.0976562 0.0830078 0.000537395
11 0.634277 0.126465 0.0654297 0.0146484 0.000552177
5 0.251465 0.416016 0.182617 0.167969 0.000568867
12 0.585938 0.45752 0.390625 0.106445 0.000570297
11 0.592773 0.134766 0.0703125 0.0273438 0.00057888
2 0.586914 0.466309 0.392578 0.120117 0.000586987
13 0.585938 0.45752 0.390625 0.106445 0.000602245
9 0.272461 0.929199 0.310547 0.137695 0.000603676
9 0.788086 0.45459 0.105469 0.131836 0.000617504
13 0.272949 0.231934 0.0576172 0.0654297 0.000624657
11 0.301758 0.152344 0.09375 0.0722656 0.000638485
11 0.586914 0.458984 0.392578 0.121094 0.000640392
10 0.220215 0.973145 0.268555 0.0517578 0.000668526
9 0.702637 0.76416 0.366211 0.47168 0.000704765
3 0.827637 0.332031 0.344727 0.664062 0.000705719
13 0.718262 0.208984 0.0322266 0.0507812 0.000706673
9 0.785156 0.895996 0.337891 0.208008 0.000707626
11 0.385742 0.129883 0.0703125 0.0175781 0.000731468
9 0.52002 0.268066 0.176758 0.124023 0.000744343
3 0.559082 0.246094 0.0947266 0.0722656 0.000788689
5 0.585938 0.45752 0.390625 0.106445 0.000794411
8 0.664062 0.435059 0.0195312 0.0146484 0.00084877
11 0.300293 0.148926 0.0615234 0.0439453 0.000915051
10 0.586914 0.459961 0.398438 0.113281 0.000930786
13 0.315918 0.255859 0.108398 0.105469 0.00100994
0 0.586914 0.458008 0.394531 0.125 0.0010252
9 0.865234 0.939941 0.236328 0.120117 0.00104809
0 0.577637 0.239258 0.0673828 0.0566406 0.00106049
11 0.148438 0.517578 0.0273438 0.0625 0.00121307
9 0.586914 0.458008 0.394531 0.125 0.0012455
9 0.243164 0.987793 0.253906 0.0224609 0.00124741
6 0.788086 0.45459 0.105469 0.131836 0.00132275
8 0.712891 0.347656 0.0136719 0.00976562 0.00154114
13 0.291992 0.238281 0.0761719 0.105469 0.00172234
11 0.421875 0.141602 0.0507812 0.03125 0.00178528
9 0.15625 0.884277 0.248047 0.227539 0.00190067
0 0.568359 0.283203 0.125 0.146484 0.00198555
7 0.80127 0.468262 0.0927734 0.104492 0.00198936
9 0.204102 0.952148 0.289062 0.09375 0.00206184
5 0.28125 0.355957 0.191406 0.291992 0.00277328
11 0.360352 0.128418 0.0859375 0.0166016 0.00296021
5 0.743164 0.413574 0.171875 0.198242 0.00370598
11 0.403809 0.135742 0.0751953 0.0273438 0.00374031
3 0.26416 0.981934 0.317383 0.0361328 0.00418854
11 0.65332 0.133301 0.0996094 0.0263672 0.00424194
11 0.617676 0.129395 0.0927734 0.0185547 0.00445175
3 0.585449 0.456543 0.399414 0.256836 0.00588989
11 0.36377 0.132812 0.12793 0.0253906 0.00656128
11 0.687988 0.140137 0.0693359 0.0400391 0.00683594
9 0.254883 0.974121 0.300781 0.0517578 0.0083847
5 0.705078 0.354004 0.248047 0.327148 0.00863647
13 0.29834 0.263184 0.0576172 0.0810547 0.0116653
5 0.77832 0.447754 0.121094 0.141602 0.0134506
11 0.313965 0.139648 0.0693359 0.0410156 0.0219421
0 0.52002 0.268066 0.176758 0.124023 0.0335999
0 0.559082 0.25293 0.0986328 0.0820312 0.36792
3 0.586426 0.461914 0.395508 0.103516 0.709473
