2 0.206055 0.169922 0.412109 0.339844 0.000101745
0 0.54541 0.35498 0.118164 0.178711 0.000101864
7 0.763672 0.57666 0.0371094 0.0283203 0.000101984
6 0.753906 0.605957 0.0351562 0.0185547 0.000102162
9 0.920898 0.230469 0.158203 0.0410156 0.000102282
3 0.0576172 0.571289 0.113281 0.310547 0.00010246
13 0.328125 0.433594 0.0507812 0.0429688 0.000103116
4 0.888184 0.500977 0.223633 0.582031 0.000104487
11 0.660645 0.27002 0.0791016 0.0517578 0.00010556
9 0.444336 0.324707 0.130859 0.186523 0.000105858
11 0.342285 0.327148 0.15918 0.183594 0.000105917
4 0.206055 0.169922 0.412109 0.339844 0.000106394
7 0.288574 0.646973 0.170898 0.124023 0.000107586
7 0.392578 0.324707 0.142578 0.178711 0.000108063
13 0.384277 0.32373 0.106445 0.137695 0.000109315
8 0.366699 0.271484 0.0166016 0.015625 0.000112057
5 0.819336 0.12793 0.345703 0.255859 0.000113249
7 0.769043 0.59375 0.0693359 0.115234 0.000113666
5 0.180664 0.149414 0.361328 0.298828 0.000113904
8 0.374512 0.629395 0.0224609 0.0224609 0.000114739
13 0.358887 0.629883 0.0615234 0.0742188 0.000117898
13 0.384277 0.381348 0.0595703 0.0712891 0.000120521
4 0.308105 0.605957 0.174805 0.143555 0.000121891
7 0.753906 0.605957 0.0351562 0.0185547 0.000122428
13 0.33252 0.436035 0.125977 0.0888672 0.000123262
13 0.430664 0.305176 0.0683594 0.141602 0.000128269
9 0.743652 0.56543 0.139648 0.296875 0.000130177
7 0.755371 0.683105 0.0654297 0.0439453 0.000130653
8 0.753418 0.60498 0.0341797 0.0185547 0.000131011
0 0.565918 0.427246 0.0986328 0.178711 0.000131369
0 0.518555 0.371094 0.119141 0.078125 0.000132322
11 0.346191 0.260742 0.0693359 0.0410156 0.00013423
5 0.753906 0.605957 0.0351562 0.0185547 0.000135899
0 0.569824 0.402832 0.0595703 0.0986328 0.000136852
3 0.177246 0.336914 0.354492 0.429688 0.000136971
1 0.819336 0.12793 0.345703 0.255859 0.000137568
9 0.927734 0.228516 0.078125 0.0390625 0.000139475
9 0.638184 0.446777 0.0185547 0.0166016 0.000141263
11 0.372559 0.0141602 0.0693359 0.0283203 0.000141382
7 0.379883 0.604492 0.0605469 0.113281 0.000142097
13 0.35498 0.370117 0.147461 0.199219 0.000142217
9 0.310059 0.51123 0.208008 0.364258 0.000143886
9 0.753906 0.605957 0.0351562 0.0185547 0.000144243
2 0.982422 0.0112305 0.0195312 0.0185547 0.000144839
9 0.98877 0.0117188 0.0224609 0.0234375 0.000144958
11 0.603516 0.245605 0.105469 0.0576172 0.0001477
6 0.206055 0.169922 0.412109 0.339844 0.000148296
9 0.442383 0.355957 0.0429688 0.0634766 0.000151396
12 0.888184 0.500977 0.223633 0.582031 0.00015223
12 0.819336 0.12793 0.345703 0.255859 0.000152946
13 0.574219 0.390137 0.0253906 0.0224609 0.000155807
11 0.42041 0.280273 0.0615234 0.105469 0.000157475
9 0.572754 0.388184 0.0263672 0.0205078 0.000164628
8 0.631836 0.687012 0.0273438 0.0302734 0.000164986
8 0.819336 0.12793 0.345703 0.255859 0.000168204
9 0.443848 0.368164 0.0322266 0.0273438 0.000168324
13 0.719238 0.535645 0.0751953 0.0517578 0.000169039
10 0.362793 0.0102539 0.0576172 0.0205078 0.000169754
9 0.510254 0.426758 0.165039 0.197266 0.000176787
3 0.548828 0.577148 0.292969 0.265625 0.000177383
13 0.398926 0.42041 0.0654297 0.0869141 0.000177383
13 0.331055 0.4375 0.0839844 0.0585938 0.000179529
7 0.206055 0.169922 0.412109 0.339844 0.000179768
6 0.819336 0.12793 0.345703 0.255859 0.000179768
5 0.698242 0.506348 0.199219 0.405273 0.000183702
4 0.763672 0.63916 0.103516 0.149414 0.000184536
2 0.413086 0.651855 0.0195312 0.0244141 0.000185132
7 0.322266 0.299805 0.09375 0.113281 0.000190258
13 0.806152 0.200195 0.387695 0.396484 0.000197768
0 0.50293 0.444336 0.173828 0.214844 0.000205398
6 0.549316 0.38916 0.102539 0.110352 0.000205874
11 0.390137 0.246582 0.0478516 0.0107422 0.000210047
11 0.819336 0.12793 0.345703 0.255859 0.000210524
3 0.572754 0.6875 0.333008 0.105469 0.000215769
8 0.443848 0.368164 0.0341797 0.0332031 0.000217915
11 0.623535 0.239746 0.0380859 0.0166016 0.000219822
7 0.740234 0.594238 0.146484 0.235352 0.000223041
10 0.206055 0.169922 0.412109 0.339844 0.000225782
13 0.308105 0.605957 0.174805 0.143555 0.000227928
2 0.819336 0.12793 0.345703 0.255859 0.000230789
13 0.375488 0.433105 0.0966797 0.108398 0.000234604
11 0.435059 0.30957 0.0615234 0.154297 0.000235796
13 0.740234 0.68457 0.0625 0.0507812 0.000237703
11 0.403809 0.259766 0.0869141 0.0449219 0.000254154
11 0.578613 0.268555 0.0673828 0.0878906 0.000256538
7 0.743652 0.661621 0.0908203 0.0908203 0.000264406
11 0.652832 0.25293 0.0908203 0.0449219 0.000264406
4 0.819336 0.12793 0.345703 0.255859 0.000272274
13 0.353516 0.379395 0.0371094 0.0341797 0.000282288
7 0.819336 0.12793 0.345703 0.255859 0.00028348
13 0.757324 0.658691 0.0966797 0.108398 0.00028491
11 0.686035 0.27832 0.0478516 0.03125 0.000285625
0 0.571777 0.387695 0.0263672 0.0234375 0.000290871
8 0.766602 0.575195 0.0332031 0.0253906 0.000291586
11 0.371582 0.246094 0.0537109 0.0175781 0.000292778
7 0.549316 0.38916 0.102539 0.110352 0.000298262
4 0.549316 0.38916 0.102539 0.110352 0.000301838
11 0.358887 0.00927734 0.0537109 0.0185547 0.000306606
13 0.365234 0.391113 0.0546875 0.0654297 0.000322104
8 0.572754 0.388184 0.0263672 0.0205078 0.000326395
5 0.31543 0.479492 0.222656 0.425781 0.000349045
2 0.638184 0.446777 0.0185547 0.0166016 0.000349283
13 0.258789 0.51709 0.0585938 0.0322266 0.000381708
13 0.74707 0.608887 0.0507812 0.0263672 0.000384092
9 0.494629 0.527344 0.143555 0.388672 0.000385761
13 0.554199 0.390625 0.0927734 0.105469 0.000427961
0 0.55127 0.377441 0.0517578 0.0673828 0.000440598
11 0.598145 0.250488 0.0810547 0.0224609 0.000443935
5 0.549316 0.38916 0.102539 0.110352 0.000445843
12 0.550293 0.389648 0.100586 0.111328 0.000452042
1 0.549316 0.38916 0.102539 0.110352 0.000452757
11 0.407715 0.240234 0.0654297 0.0175781 0.000454903
13 0.3125 0.428223 0.0488281 0.0439453 0.00046277
0 0.570312 0.38623 0.0429688 0.0537109 0.000463009
13 0.758789 0.67334 0.0527344 0.0244141 0.000466585
13 0.749512 0.669922 0.0791016 0.0429688 0.000468493
9 0.307617 0.60498 0.177734 0.155273 0.000515938
9 0.982422 0.0112305 0.0195312 0.0185547 0.00053215
0 0.572266 0.405762 0.212891 0.157227 0.000535965
8 0.550293 0.389648 0.100586 0.111328 0.000540733
11 0.550293 0.389648 0.100586 0.111328 0.000609875
11 0.42334 0.267578 0.0537109 0.0546875 0.000621796
6 0.563965 0.63623 0.336914 0.149414 0.0006423
7 0.562012 0.637695 0.336914 0.150391 0.00064373
11 0.563965 0.63623 0.336914 0.149414 0.000660419
11 0.37793 0.250977 0.0878906 0.0214844 0.000663757
11 0.328613 0.271484 0.0791016 0.0625 0.00067234
11 0.388184 0.241211 0.0517578 0.0136719 0.000673771
1 0.562012 0.637695 0.336914 0.150391 0.000689983
13 0.351562 0.378418 0.0566406 0.0517578 0.000733376
2 0.562988 0.641113 0.334961 0.133789 0.00074482
11 0.61377 0.244629 0.0966797 0.0205078 0.000763416
4 0.563965 0.63623 0.336914 0.149414 0.0007658
12 0.562012 0.637695 0.336914 0.150391 0.000794411
8 0.561523 0.641602 0.335938 0.132812 0.000833511
13 0.563965 0.63623 0.336914 0.149414 0.000840187
13 0.723145 0.541992 0.0517578 0.0253906 0.000846863
9 0.550293 0.389648 0.100586 0.111328 0.00088644
11 0.638672 0.240234 0.0859375 0.03125 0.000895023
13 0.360352 0.39502 0.0976562 0.110352 0.000914574
9 0.437988 0.316895 0.0576172 0.151367 0.000938892
5 0.562012 0.637695 0.336914 0.150391 0.000953197
10 0.550293 0.389648 0.100586 0.111328 0.00101948
5 0.737793 0.577637 0.15918 0.276367 0.0010252
7 0.435059 0.30957 0.0615234 0.154297 0.00120735
9 0.762695 0.63623 0.107422 0.15918 0.00122356
6 0.308105 0.605957 0.174805 0.143555 0.00125694
10 0.563965 0.63623 0.336914 0.149414 0.0012579
0 0.504395 0.381836 0.196289 0.113281 0.00126457
11 0.624023 0.236816 0.0644531 0.0166016 0.00127316
11 0.585449 0.242676 0.0751953 0.0361328 0.00130463
6 0.763672 0.63916 0.103516 0.149414 0.00150585
0 0.563965 0.644043 0.34082 0.125977 0.00153065
8 0.638184 0.446777 0.0185547 0.0166016 0.00155354
11 0.322266 0.299805 0.09375 0.113281 0.00159073
2 0.553711 0.390625 0.09375 0.105469 0.00168419
13 0.753906 0.60498 0.0292969 0.0185547 0.00176525
11 0.414062 0.253418 0.0527344 0.0283203 0.00181866
9 0.561523 0.641602 0.335938 0.132812 0.00192642
5 0.759277 0.634766 0.112305 0.162109 0.00210953
5 0.305176 0.570801 0.180664 0.225586 0.0021553
3 0.549316 0.38916 0.102539 0.110352 0.00241089
7 0.308105 0.605957 0.174805 0.143555 0.00259018
11 0.39502 0.245117 0.0751953 0.0175781 0.00283432
2 0.569824 0.385742 0.0537109 0.0683594 0.00303268
0 0.567871 0.370117 0.0576172 0.0644531 0.00357628
2 0.572266 0.390625 0.0371094 0.0351562 0.00377464
7 0.763672 0.63916 0.103516 0.149414 0.00596237
11 0.68457 0.274902 0.0683594 0.0576172 0.00619888
2 0.574219 0.390137 0.0253906 0.0224609 0.00695801
11 0.608398 0.236816 0.103516 0.0283203 0.0186462
0 0.550293 0.383789 0.0986328 0.09375 0.608887
3 0.562988 0.640625 0.34082 0.128906 0.64502
