0 0.816406 0.130859 0.367188 0.261719 0.000128746
13 0.715332 0.505859 0.0126953 0.00976562 0.000129223
10 0.0258789 0.705078 0.0517578 0.332031 0.00012958
7 0.796875 0.669434 0.103516 0.157227 0.000130415
9 0.27002 0.426758 0.0478516 0.03125 0.000130773
8 0.793457 0.418457 0.0517578 0.0283203 0.000130892
13 0.404785 0.376953 0.0478516 0.0488281 0.000131726
11 0.743164 0.248535 0.0859375 0.0712891 0.000132322
13 0.258789 0.434082 0.0195312 0.0166016 0.000132799
8 0.273438 0.425293 0.0585938 0.0380859 0.000134945
9 0.644531 0.520508 0.0429688 0.03125 0.000135064
8 0.271484 0.546387 0.21875 0.385742 0.000136852
4 0.286133 0.538086 0.246094 0.398438 0.000138164
13 0.76709 0.348145 0.12793 0.157227 0.000139356
7 0.378906 0.345215 0.107422 0.0830078 0.000140786
0 0.570312 0.37793 0.0527344 0.0664062 0.000141025
13 0.430664 0.381348 0.0488281 0.0537109 0.000141144
13 0.270508 0.541992 0.0683594 0.0214844 0.000141144
3 0.113281 0.659668 0.226562 0.317383 0.000141621
8 0.643555 0.67041 0.0546875 0.0634766 0.000142097
5 0.831543 0.137695 0.333008 0.275391 0.000142336
9 0.309082 0.383301 0.0908203 0.112305 0.000143051
2 0.37793 0.346191 0.123047 0.0947266 0.00014317
11 0.790039 0.200195 0.419922 0.400391 0.00014329
2 0.785645 0.167969 0.428711 0.335938 0.00014329
3 0.846191 0.415527 0.307617 0.334961 0.000143647
12 0.173828 0.147461 0.347656 0.294922 0.000145316
10 0.189941 0.731445 0.0498047 0.03125 0.000146031
2 0.182617 0.50293 0.365234 0.529297 0.000146866
6 0.574707 0.381836 0.0908203 0.0878906 0.000147104
11 0.419922 0.191895 0.0507812 0.0146484 0.000148058
8 0.311523 0.378418 0.0410156 0.0615234 0.000148892
9 0.86377 0.989746 0.0849609 0.0205078 0.000149131
8 0.331543 0.557129 0.0107422 0.00878906 0.00014925
1 0.705078 0.221191 0.078125 0.0517578 0.000149608
8 0.665039 0.598145 0.0332031 0.0322266 0.000149608
6 0.375977 0.341797 0.125 0.0996094 0.000150323
11 0.182617 0.50293 0.365234 0.529297 0.000150442
3 0.814453 0.117188 0.371094 0.234375 0.000150919
10 0.709473 0.224121 0.0771484 0.0576172 0.000151992
8 0.273926 0.358887 0.129883 0.161133 0.000153184
13 0.413086 0.539062 0.0449219 0.0195312 0.000153303
13 0.641602 0.299805 0.0703125 0.0996094 0.000154018
9 0.303223 0.387207 0.0537109 0.0576172 0.000154376
13 0.276855 0.424805 0.0537109 0.0351562 0.000154495
4 0.574707 0.381836 0.0908203 0.0878906 0.000157237
11 0.838379 0.791016 0.0458984 0.0644531 0.000158668
9 0.306152 0.412109 0.0341797 0.0253906 0.000159025
0 0.549805 0.0112305 0.257812 0.0224609 0.000159979
13 0.989258 0.28418 0.0214844 0.0527344 0.000161171
11 0.404785 0.191895 0.0908203 0.0224609 0.000161767
10 0.186523 0.719238 0.0683594 0.0537109 0.000162125
8 0.714355 0.505371 0.0263672 0.0263672 0.000162959
9 0.260254 0.400879 0.112305 0.0849609 0.000164747
0 0.175781 0.499023 0.351562 0.417969 0.000165582
6 0.287598 0.608887 0.225586 0.249023 0.000165701
9 0.17334 0.78418 0.0361328 0.0527344 0.000166178
5 0.766602 0.507324 0.210938 0.50293 0.000168681
8 0.311523 0.36377 0.0078125 0.00683594 0.000169516
7 0.309082 0.383301 0.0908203 0.112305 0.00017035
11 0.614258 0.209473 0.111328 0.0439453 0.000172019
13 0.288574 0.385254 0.0673828 0.0576172 0.000172615
13 0.401367 0.312012 0.0996094 0.106445 0.000172853
5 0.288086 0.354004 0.154297 0.165039 0.000175357
13 0.654785 0.316895 0.141602 0.15918 0.000177503
7 0.574707 0.381836 0.0908203 0.0878906 0.000180244
13 0.277832 0.57959 0.194336 0.329102 0.000180721
13 0.334961 0.319336 0.0605469 0.0703125 0.000183702
9 0.368164 0.304199 0.0859375 0.114258 0.000187159
5 0.751465 0.634766 0.213867 0.253906 0.000187635
13 0.415039 0.372559 0.0234375 0.0263672 0.000188589
13 0.786621 0.413086 0.0517578 0.0351562 0.000189066
13 0.463379 0.365723 0.0380859 0.0498047 0.000190854
9 0.30127 0.395508 0.0302734 0.0234375 0.000192523
10 0.84375 0.830078 0.0429688 0.0703125 0.000193119
13 0.307617 0.37793 0.0332031 0.0390625 0.000194311
3 0.0825195 0.786621 0.165039 0.243164 0.000194788
3 0.57959 0.711914 0.317383 0.101562 0.000198126
9 0.739746 0.468262 0.229492 0.518555 0.000203252
8 0.265137 0.431152 0.0302734 0.0224609 0.000204086
8 0.632324 0.455078 0.0185547 0.0195312 0.000205159
8 0.417969 0.374512 0.0136719 0.0166016 0.000206828
10 0.288574 0.492676 0.256836 0.477539 0.000207305
13 0.293457 0.49707 0.0439453 0.0273438 0.000207424
13 0.335449 0.312988 0.0224609 0.0224609 0.000209093
10 0.829102 0.819824 0.03125 0.0634766 0.000209332
13 0.266602 0.54541 0.0839844 0.0498047 0.000209332
11 0.635742 0.197266 0.0644531 0.0136719 0.000209451
6 0.785645 0.167969 0.428711 0.335938 0.000209689
13 0.647949 0.467285 0.0556641 0.0380859 0.000210166
13 0.37207 0.349609 0.046875 0.0507812 0.000210762
9 0.313477 0.332031 0.226562 0.207031 0.000212431
8 0.718262 0.506836 0.0205078 0.015625 0.00021255
11 0.480957 0.00976562 0.161133 0.0195312 0.000213861
7 0.311523 0.638672 0.162109 0.148438 0.00021565
11 0.299316 0.234863 0.0576172 0.0419922 0.00021863
13 0.430664 0.362305 0.0585938 0.0664062 0.000220537
12 0.816406 0.130859 0.367188 0.261719 0.000221014
2 0.258789 0.434082 0.0195312 0.0166016 0.000224471
8 0.24707 0.382812 0.0292969 0.0273438 0.000227213
9 0.260254 0.432617 0.0322266 0.0292969 0.00022912
13 0.745605 0.424316 0.0537109 0.0205078 0.000233054
13 0.428223 0.336914 0.0498047 0.0527344 0.000233769
10 0.84082 0.814453 0.078125 0.0820312 0.000233889
11 0.828125 0.801758 0.0371094 0.0488281 0.000234365
13 0.34668 0.322266 0.207031 0.197266 0.000237107
13 0.343262 0.331543 0.0400391 0.0322266 0.000237346
8 0.308105 0.401367 0.0419922 0.0449219 0.000239849
1 0.574707 0.381836 0.0908203 0.0878906 0.000242591
4 0.273926 0.358887 0.129883 0.161133 0.000243902
8 0.452148 0.598633 0.015625 0.015625 0.000245571
12 0.574707 0.381836 0.0908203 0.0878906 0.000246286
7 0.30127 0.395508 0.0302734 0.0234375 0.000247478
12 0.182617 0.50293 0.365234 0.529297 0.000248671
9 0.530273 0.398926 0.177734 0.129883 0.00025034
11 0.694336 0.225098 0.173828 0.0888672 0.000252247
11 0.84082 0.814453 0.078125 0.0820312 0.000256538
13 0.365723 0.347656 0.0380859 0.0292969 0.000256777
13 0.444824 0.303711 0.0341797 0.0839844 0.000257254
8 0.574707 0.381836 0.0908203 0.0878906 0.000260353
13 0.429199 0.32373 0.0673828 0.106445 0.00026226
9 0.171387 0.805664 0.0654297 0.0878906 0.000265837
13 0.703613 0.345215 0.211914 0.15918 0.000271082
11 0.84375 0.830078 0.0429688 0.0703125 0.000274897
13 0.253906 0.549316 0.0722656 0.0283203 0.000274897
7 0.782715 0.394531 0.0751953 0.0703125 0.00027585
11 0.624023 0.234375 0.0546875 0.0253906 0.000283003
13 0.342285 0.334961 0.0263672 0.0195312 0.00028944
8 0.263184 0.656738 0.165039 0.149414 0.000290155
7 0.301758 0.396484 0.0527344 0.046875 0.000291109
13 0.411621 0.342773 0.0478516 0.0449219 0.000292301
13 0.311035 0.394043 0.0732422 0.0908203 0.000298262
5 0.276367 0.504883 0.21875 0.46875 0.000299692
13 0.263184 0.656738 0.165039 0.149414 0.000300169
5 0.574707 0.381836 0.0908203 0.0878906 0.000300646
8 0.816406 0.130859 0.367188 0.261719 0.000300646
7 0.816406 0.130859 0.367188 0.261719 0.000302315
7 0.259766 0.396484 0.107422 0.0878906 0.000303507
13 0.572266 0.382324 0.0957031 0.0888672 0.000307322
8 0.341797 0.334961 0.0234375 0.0175781 0.000307798
8 0.432129 0.405273 0.0341797 0.0292969 0.000311852
13 0.370117 0.504883 0.0195312 0.0195312 0.000312805
9 0.233887 0.705566 0.129883 0.110352 0.000316858
7 0.196289 0.722656 0.0683594 0.0410156 0.000318766
9 0.299316 0.406738 0.0419922 0.0458984 0.000322342
4 0.816406 0.130859 0.367188 0.261719 0.000324965
9 0.196289 0.722656 0.0683594 0.0410156 0.000329494
6 0.291504 0.411621 0.0771484 0.0654297 0.000332832
11 0.165527 0.799805 0.0576172 0.0527344 0.000339508
8 0.781738 0.683594 0.0107422 0.0078125 0.000341654
8 0.173828 0.147461 0.347656 0.294922 0.000346899
11 0.602051 0.20752 0.0810547 0.0244141 0.000356674
9 0.375488 0.341797 0.0947266 0.09375 0.000357151
1 0.173828 0.147461 0.347656 0.294922 0.000361919
13 0.311523 0.378418 0.0449219 0.0673828 0.000364542
13 0.785645 0.167969 0.428711 0.335938 0.000367641
10 0.181152 0.775391 0.0439453 0.0605469 0.00036788
9 0.220215 0.733887 0.108398 0.0595703 0.000371456
13 0.395508 0.326172 0.0644531 0.0703125 0.000374556
9 0.272461 0.608887 0.201172 0.258789 0.000376225
11 0.173828 0.147461 0.347656 0.294922 0.000378847
8 0.308105 0.37793 0.0322266 0.0351562 0.000381947
9 0.888184 0.981934 0.157227 0.0322266 0.000388384
1 0.814453 0.117188 0.371094 0.234375 0.000389338
9 0.281738 0.415039 0.0732422 0.0605469 0.000391722
2 0.173828 0.147461 0.347656 0.294922 0.000391722
13 0.65332 0.345703 0.0898438 0.0859375 0.00039649
8 0.734863 0.561035 0.0107422 0.00878906 0.000402689
6 0.271973 0.393555 0.106445 0.09375 0.000405312
8 0.423828 0.322754 0.0136719 0.0107422 0.000411272
10 0.573242 0.384277 0.09375 0.0908203 0.000411749
13 0.79541 0.423828 0.0361328 0.015625 0.000412941
13 0.350586 0.340332 0.0546875 0.0400391 0.000427723
10 0.173828 0.147461 0.347656 0.294922 0.0004282
13 0.271973 0.393555 0.106445 0.09375 0.00042963
5 0.173828 0.147461 0.347656 0.294922 0.000433445
12 0.304688 0.491699 0.269531 0.481445 0.000437975
8 0.384277 0.320312 0.0283203 0.0195312 0.000459671
10 0.176758 0.723633 0.0410156 0.0390625 0.000466108
8 0.296875 0.414062 0.0546875 0.0507812 0.000475168
13 0.449219 0.289551 0.0195312 0.0673828 0.000475407
2 0.814453 0.117188 0.371094 0.234375 0.000477552
6 0.572754 0.658203 0.352539 0.164062 0.00047946
13 0.336426 0.344727 0.0810547 0.0683594 0.000482559
8 0.401855 0.590332 0.0146484 0.0126953 0.000482798
9 0.775879 0.417969 0.0830078 0.0332031 0.000483751
7 0.259766 0.433594 0.0195312 0.0175781 0.000488281
8 0.414551 0.341797 0.0126953 0.0117188 0.000491142
0 0.520996 0.439453 0.186523 0.234375 0.000492096
7 0.572754 0.658203 0.352539 0.164062 0.00049448
11 0.574707 0.381836 0.0908203 0.0878906 0.000495434
9 0.117676 0.845703 0.141602 0.119141 0.000497818
8 0.366211 0.606445 0.0253906 0.0292969 0.000502586
13 0.301758 0.393066 0.03125 0.0224609 0.000513077
7 0.305176 0.410156 0.0361328 0.0390625 0.000524044
8 0.295898 0.340332 0.0195312 0.0166016 0.000527382
13 0.630371 0.331543 0.0634766 0.0869141 0.000528812
11 0.572754 0.658203 0.352539 0.164062 0.000534534
9 0.511719 0.507324 0.140625 0.389648 0.000535965
11 0.602051 0.23584 0.0654297 0.0341797 0.000542164
1 0.572754 0.658203 0.352539 0.164062 0.000543118
13 0.304199 0.406738 0.0361328 0.0400391 0.000545502
9 0.573242 0.384277 0.09375 0.0908203 0.000553608
4 0.172852 0.138672 0.345703 0.277344 0.000554085
7 0.240723 0.69043 0.133789 0.103516 0.000555992
8 0.572754 0.658203 0.352539 0.164062 0.000575542
4 0.572754 0.658203 0.352539 0.164062 0.000575542
2 0.574707 0.381836 0.0908203 0.0878906 0.000595093
6 0.814453 0.117188 0.371094 0.234375 0.000601768
6 0.288086 0.354004 0.154297 0.165039 0.000605583
4 0.27002 0.649902 0.176758 0.168945 0.000613689
12 0.572754 0.658203 0.352539 0.164062 0.00061512
2 0.572754 0.658203 0.352539 0.164062 0.000617504
9 0.715332 0.505859 0.0126953 0.0117188 0.000619888
13 0.429688 0.40332 0.0371094 0.0351562 0.000620365
13 0.572754 0.658203 0.352539 0.164062 0.000629425
13 0.400879 0.375488 0.0751953 0.0732422 0.000639439
7 0.789062 0.407715 0.0546875 0.0439453 0.000640392
11 0.816406 0.130859 0.367188 0.261719 0.000668526
8 0.67334 0.430664 0.0244141 0.0214844 0.00067091
8 0.785645 0.408203 0.0478516 0.0429688 0.000684738
9 0.89502 0.957031 0.196289 0.0859375 0.000688553
9 0.782715 0.394531 0.0751953 0.0703125 0.000688553
5 0.272461 0.65332 0.173828 0.166016 0.000693798
13 0.301758 0.396484 0.0527344 0.046875 0.000710487
8 0.30127 0.395508 0.0302734 0.0234375 0.000734329
13 0.383789 0.321777 0.0253906 0.0185547 0.000754356
11 0.419922 0.203125 0.078125 0.0351562 0.000775814
9 0.765625 0.340332 0.128906 0.168945 0.000785351
2 0.715332 0.505859 0.0126953 0.0117188 0.000810623
10 0.17334 0.79248 0.0654297 0.0693359 0.000819206
11 0.331543 0.220215 0.0654297 0.0400391 0.000819206
9 0.273926 0.358887 0.129883 0.161133 0.000872135
11 0.634766 0.221191 0.125 0.0419922 0.000876904
8 0.620117 0.558105 0.015625 0.0126953 0.000887871
11 0.31543 0.227051 0.0585938 0.0380859 0.000905991
0 0.572754 0.658203 0.352539 0.164062 0.000921726
13 0.290039 0.411133 0.0722656 0.0625 0.000936508
7 0.173828 0.147461 0.347656 0.294922 0.00094986
5 0.779785 0.566406 0.137695 0.330078 0.00095129
13 0.384766 0.306152 0.0585938 0.0673828 0.000955105
10 0.572754 0.658203 0.352539 0.164062 0.000965595
13 0.764648 0.424805 0.0859375 0.0273438 0.000990868
5 0.572754 0.658203 0.352539 0.164062 0.00100422
11 0.181152 0.725098 0.0439453 0.0380859 0.00107288
3 0.573242 0.383301 0.0957031 0.0888672 0.00107574
8 0.734863 0.538086 0.0126953 0.00976562 0.00107956
7 0.762207 0.339355 0.135742 0.163086 0.00113392
7 0.271484 0.546387 0.21875 0.385742 0.00116539
7 0.285156 0.408203 0.0820312 0.0683594 0.00118732
13 0.814453 0.117188 0.371094 0.234375 0.00119877
11 0.371582 0.20459 0.0869141 0.0322266 0.00123215
13 0.341309 0.362305 0.145508 0.126953 0.0012455
11 0.584961 0.21582 0.0546875 0.0488281 0.00125313
13 0.385254 0.317383 0.0380859 0.03125 0.00128555
13 0.172852 0.138672 0.345703 0.277344 0.00129986
9 0.280273 0.496094 0.242188 0.472656 0.0014143
13 0.37793 0.35791 0.0761719 0.0693359 0.00144005
6 0.263184 0.656738 0.165039 0.149414 0.00150585
11 0.177734 0.789062 0.046875 0.0820312 0.0015316
6 0.172852 0.138672 0.345703 0.277344 0.00156307
0 0.536133 0.387207 0.181641 0.100586 0.00160789
13 0.40625 0.34668 0.0839844 0.0800781 0.00164795
11 0.652344 0.199707 0.0957031 0.0205078 0.00167465
0 0.566406 0.412598 0.107422 0.165039 0.00186157
11 0.4375 0.203613 0.0488281 0.0224609 0.00198364
11 0.348633 0.211426 0.0878906 0.0478516 0.00202179
5 0.79248 0.645996 0.114258 0.202148 0.00204468
9 0.571289 0.661621 0.355469 0.155273 0.00214767
9 0.251953 0.662109 0.15625 0.148438 0.00215912
13 0.288086 0.354004 0.154297 0.165039 0.00231171
13 0.354492 0.328613 0.0742188 0.0693359 0.00236702
8 0.306152 0.412109 0.0341797 0.0253906 0.00237274
9 0.793945 0.420898 0.0410156 0.0195312 0.00260544
9 0.0966797 0.889648 0.171875 0.220703 0.00263405
0 0.585938 0.366211 0.0644531 0.0527344 0.00277519
9 0.258789 0.434082 0.0195312 0.0166016 0.00287628
8 0.258789 0.432617 0.0195312 0.015625 0.00290489
11 0.405762 0.196289 0.0595703 0.0136719 0.00331688
11 0.609863 0.200684 0.0849609 0.0185547 0.00333786
7 0.273926 0.358887 0.129883 0.161133 0.00356674
13 0.368652 0.303711 0.0888672 0.117188 0.00361443
13 0.262207 0.547852 0.0537109 0.015625 0.00374985
11 0.722168 0.233887 0.0712891 0.0595703 0.00481796
11 0.684082 0.210938 0.0751953 0.0390625 0.0054512
11 0.650391 0.206055 0.125 0.0273438 0.00631714
11 0.397949 0.199707 0.0986328 0.0224609 0.00673294
10 0.175293 0.790039 0.0400391 0.0371094 0.00831604
7 0.263184 0.656738 0.165039 0.149414 0.00853729
11 0.587402 0.203613 0.0498047 0.0185547 0.00920868
10 0.839355 0.811035 0.0439453 0.0498047 0.0106506
9 0.788086 0.408203 0.0527344 0.0429688 0.0111923
13 0.375977 0.341797 0.125 0.0996094 0.0113754
8 0.715332 0.505859 0.0126953 0.0117188 0.0120773
11 0.175293 0.790039 0.0400391 0.0371094 0.013176
11 0.839355 0.811523 0.0439453 0.0507812 0.0146332
11 0.423828 0.198242 0.0566406 0.015625 0.0196228
11 0.705078 0.221191 0.078125 0.0517578 0.0431519
3 0.572754 0.661133 0.352539 0.158203 0.371582
0 0.574707 0.381836 0.0908203 0.0878906 0.505371
