13 0.76709 0.34668 0.0537109 0.0253906 0.000100434
0 0.155273 0.199219 0.310547 0.398438 0.000101388
9 0.517578 0.6875 0.101562 0.0839844 0.000101566
9 0.166992 0.239258 0.0234375 0.0253906 0.000101686
11 0.407227 0.158691 0.0507812 0.0263672 0.000102818
13 0.347656 0.505859 0.0605469 0.138672 0.000103474
7 0.276367 0.586914 0.123047 0.107422 0.000103474
7 0.247559 0.59082 0.100586 0.0585938 0.000104487
9 0.291016 0.744141 0.148438 0.0566406 0.000105739
8 0.810059 0.687988 0.00878906 0.00878906 0.000105977
9 0.421875 0.634766 0.134766 0.216797 0.000106037
13 0.39209 0.30127 0.0595703 0.131836 0.000106514
13 0.0981445 0.181152 0.196289 0.362305 0.000106633
11 0.603516 0.146973 0.0566406 0.0166016 0.000106812
0 0.615723 0.458984 0.0654297 0.0566406 0.000106871
13 0.63623 0.463379 0.0263672 0.0302734 0.00010699
13 0.208008 0.478027 0.0898438 0.0341797 0.000107765
11 0.618164 0.467285 0.0585938 0.0341797 0.000109017
6 0.854004 0.139648 0.270508 0.279297 0.000111163
5 0.25 0.496582 0.183594 0.295898 0.000111163
13 0.24707 0.261719 0.0488281 0.046875 0.000113249
8 0.822754 0.419434 0.00683594 0.00878906 0.000113547
9 0.269043 0.276367 0.0419922 0.03125 0.000114918
13 0.148926 0.10791 0.288086 0.21582 0.000116885
9 0.248047 0.591309 0.0136719 0.0107422 0.000117183
9 0.249023 0.623535 0.193359 0.15332 0.000118911
13 0.669922 0.439453 0.03125 0.0234375 0.000119209
9 0.629883 0.389648 0.0390625 0.0566406 0.00012064
13 0.378418 0.401367 0.0673828 0.0390625 0.000121593
8 0.456055 0.366211 0.0234375 0.0253906 0.000121653
10 0.817871 0.385742 0.364258 0.771484 0.000121713
9 0.706055 0.510254 0.269531 0.438477 0.000122428
13 0.42041 0.245117 0.0693359 0.162109 0.000122547
0 0.103027 0.873047 0.206055 0.253906 0.000122786
11 0.644043 0.147949 0.0654297 0.0166016 0.00012362
13 0.616211 0.461914 0.0722656 0.0703125 0.000130415
8 0.337402 0.69873 0.0419922 0.0419922 0.000130534
2 0.661621 0.442383 0.0478516 0.0332031 0.000131607
7 0.219727 0.587402 0.0664062 0.0380859 0.000133157
13 0.210449 0.371094 0.0400391 0.0351562 0.000135303
9 0.618652 0.411621 0.0166016 0.0146484 0.000136375
9 0.67041 0.438965 0.0302734 0.0185547 0.00013721
9 0.0766602 0.550781 0.0205078 0.0644531 0.000137568
10 0.296875 0.580566 0.28125 0.270508 0.000138044
8 0.259766 0.609375 0.146484 0.119141 0.000141263
8 0.679199 0.525879 0.0263672 0.0244141 0.000142217
9 0.75293 0.560059 0.162109 0.303711 0.000142336
8 0.743164 0.466309 0.0253906 0.0185547 0.000142694
13 0.336914 0.289062 0.0175781 0.0429688 0.000142932
7 0.261719 0.714844 0.267578 0.109375 0.000144243
13 0.249023 0.281738 0.046875 0.0400391 0.000144243
2 0.632812 0.419434 0.0644531 0.120117 0.000144601
9 0.563477 0.697754 0.347656 0.0986328 0.000145078
11 0.389648 0.138672 0.0488281 0.00976562 0.000147223
9 0.196289 0.589844 0.0175781 0.0195312 0.000147581
4 0.258301 0.619141 0.133789 0.105469 0.000148177
8 0.617676 0.415039 0.0263672 0.0273438 0.000148773
13 0.220703 0.48291 0.136719 0.0537109 0.000149965
9 0.500977 0.374023 0.189453 0.164062 0.000150561
3 0.547363 0.352539 0.106445 0.0820312 0.000150919
11 0.379395 0.166992 0.120117 0.0644531 0.000150919
9 0.606445 0.451172 0.0664062 0.0703125 0.000151038
9 0.545898 0.353027 0.109375 0.0849609 0.000151873
6 0.552734 0.626465 0.375 0.15918 0.000152707
13 0.291992 0.318359 0.107422 0.111328 0.000155091
9 0.458496 0.366699 0.0244141 0.0263672 0.000156522
3 0.283203 0.577148 0.179688 0.185547 0.000157952
13 0.980957 0.23584 0.0380859 0.47168 0.000173211
13 0.661621 0.442383 0.0478516 0.0332031 0.000176311
13 0.257324 0.353516 0.116211 0.0761719 0.000179648
4 0.553223 0.630371 0.37207 0.161133 0.000180244
7 0.553223 0.630371 0.37207 0.161133 0.000181079
9 0.0839844 0.589844 0.0117188 0.0234375 0.000182748
0 0.498047 0.413574 0.189453 0.299805 0.00018549
9 0.0639648 0.586426 0.0439453 0.0615234 0.000185728
9 0.359863 0.701172 0.104492 0.0839844 0.000186324
9 0.484375 0.652832 0.240234 0.282227 0.000192523
11 0.552734 0.626465 0.375 0.15918 0.00019443
8 0.62793 0.657715 0.0429688 0.0458984 0.000195861
7 0.161133 0.481445 0.03125 0.0292969 0.000197053
13 0.788574 0.441406 0.0888672 0.0332031 0.000201225
9 0.0556641 0.806641 0.105469 0.205078 0.000201583
11 0.360352 0.145508 0.0507812 0.0214844 0.000201702
1 0.553223 0.630371 0.37207 0.161133 0.000203371
8 0.553223 0.630371 0.37207 0.161133 0.00020504
13 0.392578 0.24707 0.0625 0.150391 0.000205636
13 0.291504 0.553711 0.280273 0.269531 0.000205755
13 0.227051 0.371094 0.0830078 0.0664062 0.000208139
9 0.799316 0.35791 0.0537109 0.0244141 0.000208974
11 0.314453 0.164551 0.0878906 0.0478516 0.000212312
8 0.388672 0.372559 0.0214844 0.0185547 0.000216842
8 0.26416 0.277344 0.0341797 0.0234375 0.000218391
9 0.647461 0.455566 0.0761719 0.0615234 0.000218749
13 0.240723 0.471191 0.112305 0.0400391 0.000221252
13 0.552734 0.626465 0.375 0.15918 0.000221729
11 0.629395 0.163086 0.137695 0.0351562 0.000222206
9 0.477539 0.524414 0.0859375 0.351562 0.000222325
11 0.405762 0.14502 0.0830078 0.0205078 0.000225544
13 0.647461 0.455566 0.0761719 0.0615234 0.000226498
9 0.338379 0.977539 0.0693359 0.0351562 0.000227094
4 0.291504 0.553711 0.280273 0.269531 0.000234127
8 0.662598 0.246094 0.0244141 0.0175781 0.000237703
11 0.348145 0.157227 0.133789 0.03125 0.000238419
13 0.183105 0.48291 0.0810547 0.0400391 0.000242472
13 0.81543 0.216309 0.0820312 0.0185547 0.000244856
2 0.279785 0.59082 0.165039 0.150391 0.00024581
2 0.552734 0.626465 0.375 0.15918 0.000246286
8 0.253418 0.587402 0.0947266 0.0537109 0.00024724
9 0.0795898 0.59082 0.0166016 0.0292969 0.000255585
9 0.256836 0.0996094 0.00976562 0.0078125 0.000256062
8 0.611328 0.4375 0.101562 0.117188 0.000257254
13 0.162598 0.484375 0.0419922 0.0351562 0.000259876
2 0.603516 0.466797 0.0292969 0.0214844 0.000261068
9 0.404297 0.682129 0.0234375 0.0244141 0.00026679
9 0.0107422 0.573242 0.0214844 0.0371094 0.000267744
8 0.605957 0.449219 0.0712891 0.0742188 0.00026989
12 0.552734 0.626465 0.375 0.15918 0.000277996
13 0.628906 0.386719 0.0859375 0.109375 0.000280619
9 0.611328 0.4375 0.101562 0.117188 0.000281096
10 0.127441 0.75293 0.0361328 0.0488281 0.000287294
13 0.258789 0.275391 0.0761719 0.0664062 0.00028944
3 0.562988 0.68457 0.37793 0.132812 0.000307322
9 0.721191 0.735352 0.282227 0.0917969 0.000309706
11 0.127441 0.75293 0.0361328 0.0488281 0.00031209
2 0.625488 0.396484 0.0400391 0.0527344 0.00031352
8 0.256836 0.0996094 0.00976562 0.0078125 0.000324965
13 0.846191 0.164062 0.291992 0.328125 0.000329494
8 0.572754 0.430664 0.0302734 0.0195312 0.000341177
9 0.79248 0.354492 0.0302734 0.0195312 0.000344753
9 0.280273 0.75293 0.255859 0.0859375 0.000345945
9 0.0839844 0.59082 0.0273438 0.0839844 0.000352144
11 0.674316 0.165039 0.0986328 0.0410156 0.000355244
12 0.278809 0.578125 0.178711 0.181641 0.000359058
0 0.553223 0.630371 0.37207 0.161133 0.000370026
13 0.273926 0.294922 0.0830078 0.0859375 0.000387669
8 0.603516 0.466797 0.0292969 0.0214844 0.000389099
5 0.274414 0.458984 0.273438 0.445312 0.000391006
8 0.758301 0.551758 0.0283203 0.0253906 0.000394821
10 0.553223 0.630371 0.37207 0.161133 0.000399828
9 0.0751953 0.558105 0.0175781 0.0283203 0.000408649
9 0.0766602 0.578125 0.0244141 0.0625 0.000413179
5 0.552734 0.626465 0.375 0.15918 0.000435829
7 0.241211 0.56543 0.142578 0.111328 0.000437021
13 0.619141 0.411133 0.015625 0.015625 0.000458479
11 0.287109 0.564941 0.179688 0.200195 0.000461102
6 0.291504 0.553711 0.280273 0.269531 0.000466824
13 0.392578 0.393066 0.0703125 0.0322266 0.000467777
8 0.645996 0.457031 0.0654297 0.0585938 0.000480652
13 0.624023 0.402344 0.0292969 0.0351562 0.000487566
11 0.337402 0.979004 0.0693359 0.0361328 0.000495911
11 0.345215 0.150879 0.0869141 0.0283203 0.000504494
8 0.654297 0.593262 0.03125 0.0302734 0.000505924
9 0.287598 0.846191 0.290039 0.280273 0.000519753
9 0.271973 0.559082 0.274414 0.254883 0.000557423
11 0.615723 0.141602 0.0556641 0.0136719 0.000574112
2 0.456055 0.366211 0.0234375 0.0253906 0.000588417
13 0.26416 0.280273 0.0283203 0.0195312 0.000597954
2 0.446777 0.360352 0.0380859 0.0390625 0.000613213
10 0.278809 0.590332 0.172852 0.155273 0.000654697
13 0.272461 0.277344 0.0507812 0.0351562 0.00067997
9 0.0820312 0.578125 0.0136719 0.0410156 0.000680923
13 0.621094 0.42627 0.0917969 0.12793 0.000682831
11 0.644531 0.152832 0.0957031 0.0283203 0.000691414
11 0.421875 0.165527 0.0585938 0.0380859 0.000758648
8 0.635742 0.463379 0.0253906 0.0302734 0.000792503
8 0.79248 0.354004 0.0283203 0.0224609 0.000811577
9 0.490723 0.461914 0.143555 0.412109 0.000831127
2 0.619141 0.411133 0.0136719 0.0136719 0.000858784
0 0.504395 0.376465 0.188477 0.139648 0.000869751
1 0.287109 0.564941 0.179688 0.200195 0.000875473
11 0.39502 0.139648 0.0830078 0.0136719 0.000886917
8 0.661621 0.442383 0.0478516 0.0332031 0.000900269
9 0.161133 0.481445 0.03125 0.0292969 0.000912189
7 0.259277 0.619141 0.135742 0.107422 0.000950813
9 0.63623 0.463379 0.0263672 0.0302734 0.000995636
11 0.592285 0.158691 0.0771484 0.0322266 0.00113487
9 0.0820312 0.562988 0.0195312 0.0439453 0.00119495
13 0.617188 0.468262 0.0566406 0.0341797 0.00119781
8 0.737793 0.466797 0.0146484 0.0136719 0.00121021
7 0.271973 0.559082 0.274414 0.254883 0.00141144
9 0.0820312 0.584473 0.0117188 0.0205078 0.00154591
8 0.161133 0.481445 0.03125 0.0292969 0.0015707
8 0.618652 0.467773 0.0576172 0.0371094 0.00161934
2 0.609863 0.444336 0.0751953 0.09375 0.00166607
9 0.542969 0.637695 0.376953 0.160156 0.00166988
9 0.23877 0.583008 0.12207 0.0878906 0.00171852
11 0.618164 0.146973 0.0917969 0.0224609 0.00175953
9 0.618164 0.467285 0.0585938 0.0341797 0.00192165
11 0.286133 0.176758 0.0605469 0.0429688 0.00195312
2 0.645996 0.457031 0.0654297 0.0585938 0.00197411
13 0.257812 0.272461 0.046875 0.0351562 0.00200844
5 0.75293 0.560059 0.162109 0.303711 0.00242233
8 0.618652 0.411621 0.0166016 0.0146484 0.0024395
8 0.282715 0.567383 0.176758 0.197266 0.00244331
9 0.229492 0.586914 0.0800781 0.0449219 0.00255203
13 0.630859 0.38916 0.0429688 0.0595703 0.00296211
9 0.0834961 0.590332 0.0166016 0.0439453 0.00297356
8 0.669434 0.438965 0.0302734 0.0185547 0.00309944
13 0.279785 0.59082 0.165039 0.150391 0.0033474
2 0.635742 0.463379 0.0253906 0.0302734 0.00349998
11 0.578613 0.166992 0.0595703 0.0371094 0.00407028
5 0.279297 0.567871 0.181641 0.194336 0.00429535
9 0.265625 0.719238 0.275391 0.110352 0.0044899
11 0.369629 0.140625 0.0791016 0.0214844 0.00449371
11 0.381836 0.149414 0.109375 0.0332031 0.00613785
11 0.399414 0.15918 0.0917969 0.0351562 0.00663757
2 0.615723 0.463379 0.0595703 0.0478516 0.00671768
4 0.283203 0.581543 0.171875 0.174805 0.00769424
11 0.703125 0.171387 0.0683594 0.0458984 0.0137558
9 0.279297 0.582031 0.169922 0.167969 0.015358
6 0.279785 0.59082 0.165039 0.150391 0.0189056
0 0.547363 0.352539 0.106445 0.0820312 0.0387878
7 0.283203 0.581543 0.171875 0.174805 0.086792
3 0.552246 0.632812 0.37207 0.150391 0.141724
