11 0.678223 0.240234 0.0244141 0.0136719 0.000102401
8 0.199219 0.12793 0.398438 0.255859 0.000105619
11 0.797363 0.14209 0.405273 0.28418 0.000108361
5 0.866699 0.55127 0.135742 0.243164 0.000109255
13 0.746582 0.29834 0.0400391 0.0537109 0.000112593
9 0.40332 0.848633 0.0898438 0.0683594 0.000116765
8 0.59375 0.366211 0.101562 0.0898438 0.000121832
10 0.94873 0.723145 0.0322266 0.0439453 0.000121832
13 0.385742 0.331543 0.107422 0.0888672 0.000123024
11 0.449219 0.242676 0.0742188 0.0537109 0.000125647
2 0.874512 0.131836 0.22168 0.228516 0.000125766
0 0.617676 0.384277 0.116211 0.116211 0.000126123
5 0.59375 0.366211 0.101562 0.0898438 0.000127673
13 0.373047 0.312012 0.0566406 0.0478516 0.000129461
13 0.59375 0.366211 0.101562 0.0898438 0.000130773
11 0.950195 0.724121 0.0292969 0.0419922 0.000133038
11 0.684082 0.242188 0.0458984 0.0195312 0.000135779
13 0.67041 0.456543 0.0556641 0.0283203 0.000137806
13 0.347656 0.516602 0.144531 0.0703125 0.00014329
8 0.680664 0.241211 0.0234375 0.0136719 0.000144005
8 0.166504 0.626953 0.0380859 0.0390625 0.00014472
13 0.195801 0.119141 0.391602 0.21875 0.0001477
4 0.199219 0.12793 0.398438 0.255859 0.000151396
2 0.256836 0.130371 0.492188 0.260742 0.000152588
11 0.768066 0.249512 0.0908203 0.0498047 0.000153422
3 0.224609 0.130859 0.449219 0.248047 0.000154614
11 0.62207 0.253418 0.0664062 0.0693359 0.000155449
3 0.792969 0.0820312 0.414062 0.148438 0.000157714
6 0.322266 0.11377 0.371094 0.21582 0.000159144
2 0.981445 0.0107422 0.0175781 0.0175781 0.000159383
11 0.320801 0.126953 0.383789 0.253906 0.000160098
3 0.828125 0.443848 0.34375 0.581055 0.000160933
7 0.475098 0.308594 0.0498047 0.111328 0.000161767
2 0.592285 0.364746 0.102539 0.0888672 0.000164628
9 0.471191 0.313965 0.0419922 0.0830078 0.000164747
13 0.307129 0.499023 0.133789 0.0253906 0.00016582
13 0.682617 0.342773 0.0722656 0.101562 0.000166297
3 0.611328 0.583008 0.208984 0.134766 0.000176072
3 0.52832 0.979492 0.480469 0.0371094 0.000176907
10 0.592285 0.365234 0.102539 0.0917969 0.000180244
13 0.805664 0.381348 0.0605469 0.0224609 0.000185013
8 0.791016 0.491211 0.015625 0.0175781 0.000187516
13 0.714355 0.333496 0.0458984 0.0556641 0.000188589
0 0.552246 0.347656 0.161133 0.101562 0.000189424
13 0.378418 0.505859 0.112305 0.0507812 0.000196815
11 0.592773 0.362793 0.101562 0.0869141 0.000197053
7 0.199219 0.12793 0.398438 0.255859 0.000216007
3 0.62793 0.528809 0.353516 0.237305 0.000219107
11 0.40918 0.220703 0.111328 0.0195312 0.000225306
5 0.299316 0.506348 0.272461 0.266602 0.000229001
7 0.459961 0.316406 0.0253906 0.0195312 0.000231981
13 0.730469 0.307617 0.0898438 0.0800781 0.000236392
11 0.65332 0.225098 0.0839844 0.0283203 0.000241876
7 0.475098 0.350098 0.0595703 0.104492 0.000243068
9 0.987793 0.0117188 0.0224609 0.0234375 0.000264168
13 0.38623 0.52832 0.0888672 0.0722656 0.000272512
13 0.411621 0.367188 0.0732422 0.0898438 0.000273705
6 0.871094 0.134766 0.236328 0.232422 0.000276089
13 0.673828 0.317871 0.0644531 0.0595703 0.000278473
11 0.247559 0.305664 0.0419922 0.0351562 0.000282526
13 0.402832 0.513672 0.0751953 0.0410156 0.00028348
13 0.695801 0.286621 0.0966797 0.0966797 0.000287533
9 0.463379 0.314453 0.0302734 0.03125 0.000293016
9 0.461914 0.299316 0.0292969 0.0517578 0.000304222
5 0.199219 0.12793 0.398438 0.255859 0.000310421
13 0.383301 0.3125 0.0283203 0.0292969 0.000311852
13 0.822754 0.37793 0.0576172 0.0195312 0.000313997
9 0.547852 0.380859 0.1875 0.126953 0.000364065
6 0.199219 0.12793 0.398438 0.255859 0.000401258
9 0.592285 0.364746 0.102539 0.0888672 0.000408411
5 0.305176 0.552246 0.202148 0.155273 0.000422955
13 0.700684 0.318848 0.0947266 0.0888672 0.000427485
13 0.682617 0.454102 0.0488281 0.0546875 0.000464916
13 0.320801 0.126953 0.383789 0.253906 0.000473976
11 0.64502 0.246582 0.0634766 0.0263672 0.000485897
13 0.70166 0.319824 0.0556641 0.0634766 0.000499249
2 0.459961 0.316895 0.0273438 0.0185547 0.000527859
13 0.387695 0.324219 0.0410156 0.0546875 0.000536442
9 0.476074 0.354492 0.0615234 0.0996094 0.000536919
9 0.476562 0.308594 0.0566406 0.138672 0.000549316
5 0.819336 0.484863 0.207031 0.366211 0.000562191
11 0.703613 0.22168 0.0869141 0.0175781 0.000566483
11 0.419922 0.214355 0.0898438 0.0185547 0.000567436
13 0.871094 0.134766 0.236328 0.232422 0.000579357
13 0.805664 0.614746 0.0664062 0.0556641 0.000580788
7 0.609375 0.588379 0.419922 0.151367 0.000604153
6 0.609375 0.588379 0.419922 0.151367 0.000623226
11 0.61377 0.589355 0.424805 0.129883 0.000645638
3 0.536133 0.963867 0.548828 0.0722656 0.000656605
13 0.395508 0.34668 0.0546875 0.09375 0.000661373
1 0.609375 0.588379 0.419922 0.151367 0.000668049
9 0.981445 0.0107422 0.0175781 0.0175781 0.000677109
3 0.59375 0.366211 0.101562 0.0898438 0.000681877
12 0.609375 0.588379 0.419922 0.151367 0.000722408
4 0.609375 0.588379 0.419922 0.151367 0.000722408
2 0.609375 0.588379 0.419922 0.151367 0.00072813
8 0.460449 0.316895 0.0263672 0.0185547 0.000739574
8 0.608887 0.592773 0.422852 0.132812 0.000747681
13 0.34668 0.497559 0.128906 0.0322266 0.000756264
13 0.611328 0.588867 0.425781 0.150391 0.00083971
11 0.665039 0.239746 0.0976562 0.0224609 0.000895023
11 0.456543 0.229004 0.0712891 0.0322266 0.000923634
5 0.609375 0.588379 0.419922 0.151367 0.000948429
11 0.681152 0.229004 0.0966797 0.0283203 0.00105476
10 0.611328 0.588867 0.425781 0.150391 0.00111961
11 0.630859 0.244629 0.0546875 0.0400391 0.00112724
11 0.686035 0.218262 0.0654297 0.0126953 0.00124359
0 0.611328 0.588867 0.425781 0.150391 0.00145626
13 0.688965 0.310547 0.0380859 0.046875 0.00153732
9 0.608887 0.592773 0.422852 0.132812 0.00172806
0 0.567871 0.391113 0.155273 0.143555 0.00206184
9 0.461426 0.316895 0.0244141 0.0166016 0.00211716
13 0.692383 0.296875 0.0527344 0.0820312 0.00219917
3 0.621094 0.640625 0.457031 0.113281 0.00237083
11 0.672852 0.220703 0.0800781 0.0214844 0.00270653
11 0.436523 0.220215 0.0878906 0.0283203 0.00291443
11 0.650391 0.238281 0.0878906 0.0429688 0.00346756
0 0.592285 0.364746 0.102539 0.0888672 0.153442
3 0.609375 0.594727 0.416016 0.126953 0.69873
