9 0.316895 0.598633 0.180664 0.103516 0.000100076
11 0.395996 0.251465 0.0517578 0.0205078 0.000100076
7 0.414062 0.27832 0.103516 0.0292969 0.00010097
9 0.512695 0.398438 0.136719 0.160156 0.00010097
12 0.189453 0.567383 0.148438 0.306641 0.000101805
13 0.22168 0.474121 0.0390625 0.0224609 0.000104487
8 0.180176 0.578125 0.133789 0.261719 0.000104547
9 0.460449 0.0449219 0.227539 0.0898438 0.000105917
6 0.289062 0.424805 0.0917969 0.0371094 0.000106275
11 0.72998 0.271973 0.0576172 0.0283203 0.000106454
2 0.982422 0.0107422 0.0195312 0.0175781 0.000106752
9 0.699219 0.489258 0.0488281 0.0585938 0.00010711
1 0.410645 0.274902 0.106445 0.0322266 0.000108123
13 0.314941 0.435059 0.12793 0.0302734 0.000108957
13 0.421875 0.526855 0.0449219 0.0517578 0.000109553
9 0.282715 0.435059 0.0986328 0.0830078 0.000109911
10 0.184082 0.991211 0.149414 0.0175781 0.000114024
13 0.296387 0.533691 0.307617 0.374023 0.000114083
11 0.189453 0.567383 0.148438 0.306641 0.000115156
7 0.822266 0.446777 0.113281 0.112305 0.000116587
3 0.0322266 0.626953 0.0644531 0.144531 0.000116885
1 0.186035 0.144043 0.336914 0.250977 0.000118792
11 0.412109 0.524902 0.0566406 0.0595703 0.00011909
7 0.865234 0.62207 0.115234 0.191406 0.000120521
5 0.833984 0.512695 0.222656 0.4375 0.000121713
8 0.699219 0.489258 0.0488281 0.0585938 0.000122428
3 0.556641 0.966797 0.46875 0.0664062 0.000123382
11 0.616211 0.273438 0.0585938 0.0292969 0.000123978
12 0.850586 0.157227 0.298828 0.289062 0.000124454
8 0.193848 0.149414 0.387695 0.298828 0.000126362
6 0.282227 0.43457 0.0957031 0.0761719 0.000126719
7 0.62793 0.367188 0.0390625 0.0390625 0.000126719
13 0.236328 0.542969 0.0742188 0.0234375 0.000126958
9 0.777832 0.708008 0.166992 0.0859375 0.000127316
11 0.378418 0.283203 0.102539 0.0410156 0.000128508
9 0.828125 0.25293 0.34375 0.505859 0.000128627
9 0.803711 0.51123 0.285156 0.454102 0.000132322
9 0.536621 0.192383 0.0361328 0.0253906 0.000133276
8 0.170898 0.583984 0.0527344 0.111328 0.000140786
13 0.777832 0.530273 0.0732422 0.0292969 0.00014174
11 0.193848 0.149414 0.387695 0.298828 0.000141978
9 0.612793 0.304199 0.0673828 0.12207 0.000144839
10 0.929688 0.754395 0.0371094 0.0693359 0.000145078
3 0.100586 0.444336 0.201172 0.417969 0.000147581
9 0.507324 0.0908203 0.213867 0.179688 0.00014782
13 0.263184 0.628906 0.143555 0.0566406 0.000150681
9 0.84668 0.555176 0.146484 0.333008 0.000151038
13 0.377441 0.571777 0.110352 0.116211 0.000151157
9 0.547852 0.486816 0.162109 0.280273 0.000152111
13 0.296387 0.4375 0.143555 0.119141 0.000158668
5 0.850586 0.157227 0.298828 0.289062 0.000159621
8 0.870605 0.702148 0.0166016 0.015625 0.000160456
9 0.987793 0.0117188 0.0224609 0.0234375 0.000161171
10 0.76709 0.981445 0.30957 0.0351562 0.000169277
0 0.414062 0.525391 0.0585938 0.0566406 0.000170708
8 0.663086 0.537598 0.0429688 0.0380859 0.000172019
1 0.850586 0.157227 0.298828 0.289062 0.000175357
9 0.17334 0.593262 0.0634766 0.141602 0.00017786
7 0.183105 0.159668 0.333008 0.288086 0.000178695
8 0.709473 0.495117 0.0302734 0.0214844 0.000178814
2 0.193848 0.149414 0.387695 0.298828 0.00017941
11 0.929688 0.754395 0.0371094 0.0693359 0.000180244
8 0.850586 0.157227 0.298828 0.289062 0.000185132
4 0.178223 0.145996 0.334961 0.291992 0.000185728
7 0.611328 0.313965 0.0683594 0.133789 0.000186205
13 0.473633 0.430176 0.0410156 0.0537109 0.000186324
5 0.194336 0.164551 0.388672 0.325195 0.000188231
11 0.388184 0.263672 0.102539 0.0371094 0.000189424
9 0.62793 0.367188 0.0390625 0.0390625 0.00019145
13 0.412598 0.543457 0.0615234 0.0458984 0.000194192
8 0.17041 0.597168 0.0322266 0.0224609 0.000198007
8 0.696777 0.500977 0.0322266 0.0253906 0.000203848
11 0.657227 0.259277 0.101562 0.0185547 0.000204444
7 0.170898 0.644531 0.101562 0.132812 0.000214338
3 0.818359 0.330078 0.363281 0.660156 0.000216246
13 0.405762 0.554688 0.0810547 0.119141 0.000216484
8 0.696777 0.663086 0.0185547 0.015625 0.00022316
2 0.709473 0.495117 0.0302734 0.0214844 0.000225067
3 0.504883 0.981445 0.447266 0.0351562 0.000225782
7 0.282715 0.424316 0.0908203 0.0361328 0.000226021
10 0.257324 0.961426 0.293945 0.0771484 0.000227332
10 0.208008 0.985352 0.199219 0.0292969 0.000227809
11 0.622559 0.276855 0.0771484 0.0576172 0.000227928
2 0.850586 0.157227 0.298828 0.289062 0.00022912
13 0.300781 0.561523 0.228516 0.166016 0.000230908
13 0.341309 0.413574 0.19043 0.114258 0.000234246
4 0.850586 0.157227 0.298828 0.289062 0.000235081
13 0.289062 0.424805 0.0527344 0.0214844 0.000236511
7 0.850586 0.157227 0.298828 0.289062 0.000237346
9 0.283203 0.423828 0.0917969 0.0371094 0.000246525
11 0.850586 0.157227 0.298828 0.289062 0.000258446
7 0.474609 0.424316 0.0390625 0.0458984 0.000267506
7 0.282227 0.43457 0.0957031 0.0761719 0.000272512
6 0.603516 0.652832 0.400391 0.15332 0.000274181
2 0.476562 0.424805 0.0410156 0.0507812 0.000274658
13 0.82373 0.535156 0.108398 0.0332031 0.000282049
9 0.791992 0.701172 0.0878906 0.123047 0.00028348
9 0.45752 0.364258 0.0849609 0.152344 0.000286818
7 0.603516 0.65918 0.400391 0.130859 0.000287771
13 0.258789 0.419922 0.0800781 0.0507812 0.000288725
7 0.453125 0.364746 0.0996094 0.15918 0.000295639
11 0.414062 0.245605 0.0976562 0.0205078 0.000301361
5 0.305176 0.51416 0.307617 0.381836 0.0003016
4 0.603516 0.652832 0.400391 0.15332 0.000305653
12 0.182129 0.256836 0.362305 0.513672 0.00030756
9 0.797852 0.730957 0.261719 0.106445 0.000313282
8 0.408203 0.524902 0.078125 0.0810547 0.000316143
5 0.857422 0.583984 0.136719 0.267578 0.000334501
11 0.602539 0.657715 0.400391 0.133789 0.000338793
9 0.174805 0.63916 0.0976562 0.141602 0.000340223
1 0.602539 0.657715 0.400391 0.133789 0.000342846
13 0.695801 0.425781 0.0537109 0.0703125 0.000348568
7 0.84668 0.555176 0.146484 0.333008 0.000350475
13 0.84668 0.148926 0.306641 0.264648 0.000353575
13 0.364258 0.627441 0.0996094 0.0927734 0.000372887
9 0.982422 0.0107422 0.0195312 0.0175781 0.000375032
8 0.602539 0.657715 0.400391 0.133789 0.000375032
6 0.186035 0.144043 0.336914 0.250977 0.000384092
8 0.717285 0.492188 0.0126953 0.0117188 0.000389099
13 0.260254 0.415039 0.0517578 0.0351562 0.000390291
9 0.182129 0.256836 0.362305 0.513672 0.000397682
6 0.84668 0.148926 0.306641 0.264648 0.000400305
13 0.602539 0.657715 0.400391 0.133789 0.000403881
2 0.602539 0.657715 0.400391 0.133789 0.000411987
8 0.656738 0.503906 0.0146484 0.0117188 0.000413895
13 0.253418 0.547363 0.0654297 0.0166016 0.00041914
12 0.602539 0.657715 0.400391 0.133789 0.000419855
0 0.553223 0.443359 0.19043 0.164062 0.0004704
11 0.439941 0.27832 0.0751953 0.0273438 0.000477791
2 0.699219 0.489258 0.0488281 0.0585938 0.00049448
11 0.400391 0.274414 0.0605469 0.0175781 0.000510693
9 0.222656 0.521484 0.205078 0.34375 0.000517845
13 0.303711 0.429199 0.0742188 0.0244141 0.00052166
13 0.379395 0.595703 0.0849609 0.0703125 0.000542641
13 0.792969 0.538574 0.117188 0.0517578 0.000554562
13 0.698242 0.40918 0.0742188 0.115234 0.000565529
5 0.602539 0.657715 0.400391 0.133789 0.000585079
13 0.280762 0.442383 0.100586 0.0722656 0.000598431
8 0.165039 0.589355 0.0371094 0.0380859 0.000626087
11 0.635742 0.265137 0.0878906 0.0283203 0.000627995
13 0.195801 0.15332 0.379883 0.285156 0.00063324
13 0.32666 0.42041 0.168945 0.0478516 0.000693798
10 0.603516 0.65918 0.400391 0.130859 0.000694752
7 0.180176 0.578125 0.133789 0.261719 0.000784397
0 0.601074 0.656738 0.395508 0.12207 0.000804424
11 0.40918 0.27832 0.117188 0.0605469 0.000809669
8 0.776367 0.59082 0.0175781 0.0117188 0.00088501
11 0.744141 0.278809 0.0527344 0.0302734 0.000898838
8 0.62793 0.368164 0.0390625 0.0410156 0.00094223
7 0.222656 0.521484 0.205078 0.34375 0.000957489
13 0.3125 0.575195 0.177734 0.0800781 0.00110531
13 0.40918 0.520996 0.078125 0.0732422 0.00111961
13 0.262695 0.546875 0.09375 0.0273438 0.00115967
13 0.299316 0.615234 0.176758 0.0585938 0.00119972
13 0.274902 0.553223 0.12793 0.0458984 0.00120068
9 0.182129 0.577637 0.12207 0.264648 0.00122738
8 0.416016 0.526855 0.0546875 0.0517578 0.00122738
3 0.606445 0.708984 0.40625 0.146484 0.00130939
9 0.475586 0.42627 0.0390625 0.0498047 0.00142097
9 0.602539 0.657715 0.400391 0.133789 0.00157928
8 0.474609 0.424316 0.0390625 0.0478516 0.00172901
9 0.412109 0.524902 0.0566406 0.0595703 0.00191498
13 0.287598 0.416504 0.100586 0.0673828 0.00200272
11 0.381348 0.272949 0.0830078 0.0263672 0.00254822
0 0.595703 0.430664 0.109375 0.0878906 0.00274849
13 0.33252 0.608887 0.157227 0.100586 0.00289154
11 0.419922 0.266113 0.113281 0.0283203 0.0040741
11 0.40918 0.254883 0.103516 0.0292969 0.00450516
2 0.413574 0.526855 0.0556641 0.0556641 0.00862885
13 0.283203 0.424316 0.0898438 0.0322266 0.0128784
11 0.410645 0.275879 0.102539 0.0263672 0.0457458
3 0.603027 0.658203 0.401367 0.123047 0.394531
