6 0.296387 0.583496 0.274414 0.254883 0.000100136
13 0.616699 0.217773 0.139648 0.0273438 0.000100136
5 0.796387 0.145508 0.407227 0.263672 0.000100374
11 0.313477 0.220215 0.0878906 0.0302734 0.000101149
0 0.286133 0.561035 0.205078 0.174805 0.000101447
7 0.802734 0.57666 0.0566406 0.0869141 0.000101626
9 0.302734 0.623047 0.214844 0.109375 0.000101686
8 0.015625 0.446777 0.03125 0.0556641 0.000102699
11 0.392578 0.213379 0.0957031 0.0244141 0.000103474
4 0.736816 0.601074 0.200195 0.145508 0.000103951
5 0.237793 0.58252 0.124023 0.133789 0.000104845
7 0.166992 0.157227 0.324219 0.302734 0.000106037
13 0.23584 0.412598 0.0400391 0.0283203 0.00010699
3 0.796387 0.145508 0.407227 0.263672 0.000107229
9 0.228027 0.393066 0.0380859 0.0966797 0.000107527
10 0.541504 0.0161133 0.276367 0.0322266 0.000108063
5 0.166992 0.157227 0.324219 0.302734 0.000109315
11 0.160156 0.719727 0.0429688 0.113281 0.00011003
13 0.699219 0.460938 0.0722656 0.0214844 0.000110686
9 0.629395 0.65918 0.418945 0.191406 0.000111043
11 0.821777 0.568848 0.0341797 0.12207 0.000114262
13 0.975098 0.256836 0.0498047 0.507812 0.000114322
8 0.23584 0.483887 0.0107422 0.00878906 0.000114858
6 0.237793 0.58252 0.124023 0.133789 0.000115454
13 0.231445 0.367188 0.0507812 0.0742188 0.000115573
11 0.746094 0.561035 0.15625 0.0888672 0.000116646
4 0.148438 0.144531 0.292969 0.289062 0.000116765
2 0.148438 0.144531 0.292969 0.289062 0.000116885
8 0.248535 0.415527 0.0126953 0.0126953 0.000117064
7 0.272949 0.5625 0.139648 0.0976562 0.000117362
8 0.77832 0.14502 0.443359 0.290039 0.000118196
13 0.321289 0.369629 0.0800781 0.0556641 0.000119448
13 0.345215 0.226562 0.129883 0.0273438 0.000119627
8 0.294922 0.327148 0.0195312 0.015625 0.000119984
9 0.758789 0.449219 0.134766 0.226562 0.000120103
11 0.634277 0.237305 0.204102 0.101562 0.000121295
5 0.065918 0.206543 0.131836 0.311523 0.000122547
13 0.29834 0.421875 0.0810547 0.0273438 0.000122786
11 0.724121 0.265625 0.0712891 0.0664062 0.000123143
0 0.59375 0.401855 0.328125 0.241211 0.000123739
13 0.274902 0.51416 0.157227 0.151367 0.000123739
3 0.511719 0.381836 0.248047 0.1875 0.000124693
3 0.456543 0.989258 0.24707 0.0175781 0.00012517
9 0.245117 0.514648 0.150391 0.216797 0.000126839
1 0.77832 0.14502 0.443359 0.290039 0.000126958
1 0.345215 0.226562 0.129883 0.0273438 0.000127792
10 0.785645 0.653809 0.145508 0.163086 0.000127792
7 0.616699 0.217773 0.139648 0.0273438 0.000128031
13 0.667969 0.34668 0.0820312 0.109375 0.000128865
13 0.593262 0.437988 0.0556641 0.0556641 0.000129342
11 0.604492 0.244629 0.0878906 0.0654297 0.000130177
9 0.78125 0.586426 0.103516 0.106445 0.000130296
13 0.344238 0.359375 0.102539 0.0976562 0.000131369
8 0.587891 0.422363 0.0351562 0.0263672 0.000131965
6 0.592285 0.4375 0.0556641 0.0546875 0.000132203
11 0.148438 0.144531 0.292969 0.289062 0.000133157
13 0.236816 0.40918 0.0458984 0.0585938 0.000133395
13 0.672852 0.49707 0.0488281 0.0371094 0.000134587
9 0.239746 0.583496 0.125977 0.133789 0.000135422
7 0.751953 0.560547 0.111328 0.0566406 0.000135541
2 0.626465 0.328125 0.0361328 0.03125 0.000135779
13 0.226074 0.429688 0.0673828 0.144531 0.000136137
6 0.296387 0.614746 0.202148 0.110352 0.000136495
13 0.78418 0.129883 0.431641 0.246094 0.000137448
3 0.286133 0.561035 0.205078 0.174805 0.000138998
10 0.174805 0.246582 0.349609 0.34082 0.000139713
5 0.332031 0.583984 0.123047 0.123047 0.000140667
9 0.739746 0.658203 0.223633 0.154297 0.000141025
13 0.666504 0.339844 0.0478516 0.0820312 0.000141263
7 0.762695 0.516602 0.0957031 0.103516 0.000142932
7 0.345215 0.226562 0.129883 0.0273438 0.00014472
11 0.36377 0.217285 0.137695 0.0458984 0.000147462
2 0.77832 0.14502 0.443359 0.290039 0.000150919
11 0.821289 0.643555 0.0527344 0.119141 0.000150919
9 0.223145 0.978027 0.0830078 0.0400391 0.000151634
9 0.734375 0.509277 0.175781 0.196289 0.000151992
1 0.616699 0.217773 0.139648 0.0273438 0.000152469
7 0.78125 0.586426 0.103516 0.106445 0.000154614
5 0.280762 0.478027 0.225586 0.321289 0.000156283
0 0.474121 0.436035 0.163086 0.239258 0.00015676
13 0.271484 0.511719 0.0898438 0.0332031 0.000158787
10 0.60791 0.216797 0.133789 0.0273438 0.000159621
13 0.17334 0.46875 0.0498047 0.0175781 0.00015974
13 0.90625 0.321289 0.1875 0.642578 0.000162244
10 0.789551 0.58252 0.0654297 0.0712891 0.00016284
11 0.77832 0.14502 0.443359 0.290039 0.000163317
2 0.592285 0.439453 0.0595703 0.0644531 0.000163317
5 0.746094 0.463867 0.136719 0.230469 0.000163555
13 0.227539 0.35498 0.0292969 0.0576172 0.000163913
13 0.274902 0.512695 0.120117 0.0664062 0.000165224
0 0.137695 0.837402 0.275391 0.325195 0.000166178
9 0.589355 0.438965 0.0732422 0.12793 0.000166774
13 0.606445 0.268555 0.078125 0.0839844 0.000168085
4 0.111328 0.853516 0.201172 0.283203 0.000168443
9 0.214844 0.988281 0.0898438 0.0234375 0.000170827
13 0.265625 0.5625 0.140625 0.0859375 0.0001719
11 0.243164 0.27002 0.0664062 0.0595703 0.000174403
4 0.332031 0.583984 0.123047 0.123047 0.000176668
9 0.629883 0.330078 0.0292969 0.0253906 0.00018084
13 0.250977 0.506348 0.0742188 0.0263672 0.000181794
3 0.0483398 0.669922 0.0966797 0.0839844 0.000182033
4 0.77832 0.14502 0.443359 0.290039 0.000182986
9 0.808105 0.602539 0.0537109 0.107422 0.000184655
13 0.21582 0.549316 0.0527344 0.0166016 0.000187874
13 0.263184 0.608398 0.141602 0.0292969 0.000189066
13 0.685547 0.383301 0.0390625 0.0478516 0.000191212
13 0.234375 0.442383 0.0488281 0.03125 0.000194907
8 0.322266 0.525879 0.0253906 0.0166016 0.000195861
3 0.0517578 0.555664 0.101562 0.210938 0.000196457
7 0.355957 0.558594 0.0849609 0.121094 0.000196457
2 0.111328 0.853516 0.201172 0.283203 0.000197768
8 0.233398 0.456055 0.00976562 0.0078125 0.000205517
7 0.77832 0.14502 0.443359 0.290039 0.000206351
10 0.109863 0.872559 0.194336 0.249023 0.000206351
3 0.819336 0.47168 0.361328 0.880859 0.000206709
13 0.32373 0.423828 0.0361328 0.0410156 0.000209928
6 0.77832 0.14502 0.443359 0.290039 0.000233531
6 0.166992 0.157227 0.324219 0.302734 0.000235081
12 0.286133 0.564941 0.199219 0.155273 0.000235081
1 0.102051 0.855469 0.202148 0.248047 0.000235319
5 0.296387 0.583496 0.274414 0.254883 0.000238895
10 0.166504 0.688965 0.0302734 0.0654297 0.000241637
13 0.222656 0.443848 0.03125 0.0185547 0.000242829
11 0.111328 0.853516 0.201172 0.283203 0.000245094
7 0.296387 0.583496 0.274414 0.254883 0.00025034
13 0.251465 0.549316 0.114258 0.0380859 0.000259161
3 0.575195 0.593262 0.25 0.120117 0.000260353
10 0.752441 0.606934 0.165039 0.141602 0.000262499
11 0.57373 0.218262 0.0634766 0.0263672 0.000262976
13 0.672363 0.342285 0.0302734 0.0576172 0.000265121
3 0.102051 0.855469 0.202148 0.248047 0.000267744
9 0.192871 0.511719 0.0595703 0.046875 0.000282049
11 0.341797 0.230469 0.0703125 0.0253906 0.000283241
3 0.0380859 0.651367 0.0722656 0.238281 0.000284195
3 0.218262 0.135742 0.436523 0.216797 0.000290632
11 0.822266 0.609375 0.0390625 0.101562 0.000300169
8 0.102051 0.855469 0.202148 0.248047 0.000307083
10 0.773926 0.567383 0.112305 0.09375 0.000315428
12 0.102051 0.855469 0.202148 0.248047 0.000315905
3 0.444824 0.982422 0.420898 0.03125 0.000318527
7 0.296387 0.614746 0.202148 0.110352 0.000322342
11 0.797852 0.576172 0.0546875 0.0742188 0.000323534
13 0.626465 0.328125 0.0361328 0.03125 0.000326395
0 0.55127 0.354492 0.0615234 0.0800781 0.000332832
7 0.237793 0.58252 0.124023 0.133789 0.000336647
13 0.166992 0.157227 0.324219 0.302734 0.00034976
13 0.271484 0.609863 0.167969 0.0615234 0.000357628
10 0.816895 0.592773 0.0361328 0.0664062 0.000359535
2 0.286133 0.564941 0.199219 0.155273 0.000369549
9 0.316895 0.595703 0.145508 0.109375 0.000388145
3 0.584473 0.552734 0.444336 0.158203 0.000398397
8 0.601074 0.314453 0.00878906 0.0078125 0.000402451
11 0.783691 0.585938 0.0986328 0.107422 0.000402689
0 0.588379 0.364258 0.0595703 0.115234 0.000411272
11 0.289062 0.564941 0.199219 0.151367 0.000426531
9 0.729004 0.561035 0.170898 0.0869141 0.000432253
0 0.522461 0.342285 0.0878906 0.0771484 0.000471354
11 0.365723 0.220703 0.0595703 0.015625 0.000472784
9 0.484863 0.397949 0.19043 0.182617 0.000489712
6 0.552734 0.361328 0.125 0.113281 0.000515938
11 0.616699 0.20752 0.120117 0.0263672 0.000517845
11 0.64502 0.219238 0.0615234 0.0263672 0.000520229
13 0.325195 0.376953 0.046875 0.0292969 0.000556469
11 0.553223 0.226074 0.0634766 0.0439453 0.00055933
11 0.166504 0.688965 0.0302734 0.0654297 0.000573635
8 0.337402 0.499512 0.0146484 0.0107422 0.000612736
13 0.754883 0.565918 0.136719 0.0751953 0.000622749
7 0.740723 0.501953 0.155273 0.203125 0.000638485
4 0.592285 0.438477 0.0537109 0.0527344 0.000638485
10 0.793457 0.611816 0.0849609 0.120117 0.000650883
7 0.552734 0.361328 0.125 0.113281 0.000665188
11 0.378906 0.23291 0.105469 0.0458984 0.000702858
4 0.552734 0.361328 0.125 0.113281 0.000704765
6 0.33252 0.584473 0.120117 0.12207 0.000707626
5 0.55127 0.364258 0.12793 0.121094 0.000715733
13 0.316406 0.598633 0.146484 0.103516 0.000715733
11 0.560059 0.241699 0.0908203 0.0810547 0.000738621
7 0.8125 0.611816 0.0507812 0.114258 0.000740051
3 0.584473 0.662109 0.452148 0.150391 0.000744343
8 0.0253906 0.43457 0.0449219 0.0566406 0.00075388
9 0.736816 0.601074 0.200195 0.145508 0.000754833
11 0.590332 0.212891 0.0751953 0.0234375 0.000759602
7 0.584473 0.597656 0.458008 0.150391 0.000764847
8 0.210449 0.628418 0.0126953 0.0107422 0.000768185
11 0.585449 0.612305 0.458008 0.150391 0.000817299
1 0.584473 0.597656 0.458008 0.150391 0.000839233
0 0.569824 0.401367 0.112305 0.169922 0.000864029
6 0.584473 0.597656 0.458008 0.150391 0.000869274
12 0.584473 0.597656 0.458008 0.150391 0.000879765
13 0.552734 0.361328 0.125 0.113281 0.000884056
11 0.324219 0.224121 0.0507812 0.0205078 0.000885487
8 0.584473 0.609375 0.459961 0.130859 0.000885963
12 0.552246 0.36377 0.125977 0.120117 0.000886917
1 0.289062 0.564941 0.199219 0.151367 0.000892639
13 0.22168 0.375488 0.0234375 0.0712891 0.000897884
11 0.805664 0.619629 0.0703125 0.129883 0.000916958
10 0.286133 0.561035 0.205078 0.174805 0.000918865
8 0.629883 0.330078 0.0292969 0.0253906 0.000920773
2 0.584473 0.597656 0.458008 0.150391 0.000928402
4 0.584473 0.597656 0.458008 0.150391 0.000932693
3 0.174805 0.246582 0.349609 0.34082 0.000966549
11 0.626953 0.230957 0.150391 0.0517578 0.0010252
11 0.552734 0.361328 0.125 0.113281 0.0010376
1 0.552734 0.361328 0.125 0.113281 0.001091
11 0.314941 0.230957 0.0634766 0.0263672 0.00110054
5 0.584473 0.597656 0.458008 0.150391 0.00110149
8 0.286133 0.564941 0.199219 0.155273 0.00111198
13 0.679199 0.365234 0.0478516 0.0898438 0.00113487
13 0.584473 0.597656 0.458008 0.150391 0.00116825
7 0.743652 0.60498 0.19043 0.15918 0.00117207
0 0.572266 0.339844 0.0820312 0.0722656 0.00120258
7 0.729004 0.561035 0.170898 0.0869141 0.0012188
0 0.589355 0.435059 0.0595703 0.0615234 0.0012207
11 0.674316 0.237305 0.110352 0.0664062 0.00129223
2 0.552734 0.361328 0.125 0.113281 0.00139427
13 0.679688 0.355957 0.03125 0.0576172 0.00147247
11 0.338867 0.235352 0.154297 0.0605469 0.00148487
11 0.707031 0.250488 0.0742188 0.0615234 0.00152588
10 0.585449 0.612305 0.458008 0.150391 0.00153923
8 0.552734 0.361328 0.125 0.113281 0.00162983
9 0.583984 0.602539 0.460938 0.132812 0.00163841
10 0.817383 0.619141 0.0488281 0.121094 0.00165844
11 0.617676 0.213379 0.0751953 0.0205078 0.00169373
10 0.552246 0.36377 0.125977 0.120117 0.00177479
9 0.552246 0.36377 0.125977 0.120117 0.00180149
0 0.584473 0.597656 0.458008 0.150391 0.00186062
0 0.52002 0.384277 0.186523 0.166992 0.00211334
13 0.228027 0.393066 0.0380859 0.0966797 0.00259972
11 0.359375 0.216797 0.111328 0.0234375 0.00261497
7 0.332031 0.583984 0.123047 0.123047 0.0027771
11 0.342773 0.22168 0.0742188 0.0195312 0.00329971
11 0.581543 0.222168 0.110352 0.0439453 0.00348854
0 0.102539 0.868164 0.193359 0.230469 0.00365829
3 0.55127 0.364258 0.12793 0.121094 0.00399017
9 0.592285 0.4375 0.0556641 0.0546875 0.00400543
4 0.289062 0.564941 0.199219 0.151367 0.00412369
11 0.382324 0.223145 0.0751953 0.0224609 0.00449371
11 0.643555 0.22168 0.103516 0.0351562 0.00456238
7 0.592285 0.4375 0.0556641 0.0546875 0.00503922
11 0.295898 0.244629 0.117188 0.0654297 0.0055275
11 0.811523 0.591797 0.0449219 0.0898438 0.00564575
10 0.806641 0.588867 0.0507812 0.09375 0.0066185
9 0.286133 0.564941 0.199219 0.155273 0.00849915
11 0.259766 0.260254 0.0585938 0.0458984 0.00849915
13 0.286133 0.564941 0.199219 0.155273 0.00862885
5 0.286133 0.564941 0.199219 0.155273 0.0101318
8 0.592773 0.437988 0.0527344 0.0537109 0.0148392
11 0.320312 0.231934 0.107422 0.0380859 0.0162964
6 0.289062 0.564941 0.199219 0.151367 0.0284576
7 0.289062 0.564941 0.199219 0.151367 0.0525513
11 0.346191 0.224121 0.124023 0.0263672 0.0733032
11 0.60791 0.216797 0.133789 0.0273438 0.0779419
0 0.552246 0.357422 0.12793 0.109375 0.737793
3 0.58252 0.608887 0.452148 0.120117 0.755371
