10 0.964844 0.87207 0.0703125 0.1875 0.000100613
11 0.443848 0.0639648 0.0595703 0.0185547 0.000100851
9 0.520508 0.98877 0.0195312 0.0166016 0.000103474
11 0.45459 0.0566406 0.0498047 0.0136719 0.000103951
12 0.260254 0.567383 0.364258 0.167969 0.000104487
5 0.259766 0.763184 0.417969 0.473633 0.000104487
11 0.827148 0.979004 0.277344 0.0400391 0.000104725
9 0.45752 0.134277 0.118164 0.186523 0.000105083
11 0.0922852 0.994629 0.0458984 0.0107422 0.000106514
10 0.907715 0.994141 0.0869141 0.0117188 0.000106573
11 0.983398 0.563965 0.0292969 0.147461 0.000108182
9 0.527832 0.988281 0.0673828 0.0234375 0.000108659
7 0.470703 0.632324 0.0332031 0.0283203 0.000109732
10 0.571777 0.229492 0.243164 0.189453 0.000109792
10 0.0830078 0.973145 0.0800781 0.0537109 0.000109851
13 0.435547 0.065918 0.117188 0.0322266 0.000110209
11 0.640625 0.101562 0.0878906 0.0917969 0.000110447
7 0.852051 0.980469 0.194336 0.0390625 0.000111997
11 0.752441 0.0927734 0.112305 0.0800781 0.000112414
8 0.281738 0.299805 0.00683594 0.0078125 0.000112832
11 0.57959 0.214844 0.249023 0.160156 0.00011307
9 0.847656 0.536621 0.0605469 0.0712891 0.00011307
5 0.571777 0.229492 0.243164 0.189453 0.000113308
9 0.313965 0.643066 0.461914 0.301758 0.000113487
8 0.77832 0.527344 0.349609 0.164062 0.000113606
10 0.241211 0.58252 0.345703 0.192383 0.000115573
8 0.734863 0.455566 0.0244141 0.0166016 0.000115812
11 0.95459 0.991211 0.0869141 0.0175781 0.00011611
10 0.144531 0.98584 0.0488281 0.0263672 0.000117123
9 0.495117 0.202148 0.103516 0.199219 0.000118136
8 0.480957 0.525879 0.0244141 0.0205078 0.000118256
13 0.223145 0.375488 0.0732422 0.0263672 0.000118434
10 0.156738 0.990234 0.102539 0.0195312 0.000118673
5 0.875 0.458496 0.222656 0.319336 0.000123262
2 0.404297 0.327637 0.0839844 0.0888672 0.000123501
8 0.763184 0.122559 0.0400391 0.0302734 0.000123858
3 0.694824 0.980469 0.399414 0.0371094 0.000124216
8 0.744141 0.17041 0.0429688 0.0341797 0.000125527
9 0.163086 0.959961 0.201172 0.0800781 0.000125885
9 0.29248 0.288574 0.0361328 0.0322266 0.0001266
10 0.977539 0.961914 0.0449219 0.0761719 0.000126839
11 0.253906 0.15918 0.0585938 0.0546875 0.000128269
13 0.404785 0.209473 0.0576172 0.0615234 0.000128508
0 0.560547 0.31543 0.236328 0.277344 0.000128627
7 0.457031 0.130859 0.117188 0.179688 0.000131249
9 0.537598 0.89502 0.211914 0.209961 0.000132799
8 0.521484 0.989258 0.0214844 0.0175781 0.000134706
10 0.140137 0.993164 0.0615234 0.0136719 0.000134826
9 0.189453 0.540527 0.208984 0.118164 0.000136614
11 0.208008 0.980469 0.285156 0.0371094 0.000137568
9 0.774414 0.491211 0.345703 0.240234 0.000139952
11 0.668945 0.059082 0.103516 0.0263672 0.000140429
9 0.505371 0.537598 0.204102 0.327148 0.00014174
3 0.575195 0.247559 0.246094 0.209961 0.000142813
8 0.756348 0.506836 0.0537109 0.0585938 0.000145793
9 0.0405273 0.0371094 0.0810547 0.0722656 0.000146747
13 0.293457 0.28418 0.102539 0.0761719 0.000148416
8 0.395996 0.211914 0.0146484 0.0117188 0.000149488
11 0.144531 0.98584 0.0488281 0.0263672 0.000149727
13 0.393066 0.437012 0.0595703 0.0244141 0.000150919
9 0.547852 0.292969 0.224609 0.283203 0.000150919
9 0.507324 0.981934 0.0966797 0.0361328 0.000150919
10 0.95459 0.991211 0.0869141 0.0175781 0.000152946
13 0.391602 0.209961 0.0195312 0.0214844 0.00015676
9 0.404297 0.327637 0.0839844 0.0888672 0.000158191
9 0.196777 0.0170898 0.0986328 0.0322266 0.000158191
10 0.90332 0.595703 0.181641 0.136719 0.00015831
9 0.0825195 0.0483398 0.155273 0.0966797 0.000159621
11 0.979492 0.626465 0.0410156 0.135742 0.000160575
12 0.259766 0.763184 0.417969 0.473633 0.000161529
10 0.128906 0.973633 0.0507812 0.0507812 0.000164151
11 0.95752 0.981445 0.0830078 0.0351562 0.000166893
7 0.259766 0.763184 0.417969 0.473633 0.000168443
10 0.814453 0.572266 0.349609 0.177734 0.000170469
0 0.649414 0.178223 0.0878906 0.0810547 0.000171781
13 0.490723 0.199707 0.0693359 0.143555 0.000174046
7 0.845703 0.523926 0.210938 0.12793 0.000176311
9 0.410645 0.78418 0.383789 0.431641 0.000176549
9 0.870605 0.969238 0.196289 0.0615234 0.000182748
7 0.801758 0.961426 0.318359 0.0771484 0.000184655
3 0.814453 0.572266 0.349609 0.177734 0.000186443
9 0.54834 0.782227 0.25293 0.435547 0.000187516
9 0.82959 0.360352 0.325195 0.533203 0.000189185
3 0.62207 0.48291 0.21875 0.149414 0.000190258
7 0.29248 0.981445 0.327148 0.0371094 0.000196338
9 0.647949 0.948242 0.448242 0.103516 0.000196934
11 0.121582 0.932129 0.133789 0.135742 0.000197887
5 0.268066 0.410645 0.397461 0.53418 0.000198364
9 0.677246 0.56543 0.217773 0.107422 0.000203371
11 0.183105 0.98877 0.194336 0.0224609 0.00020802
10 0.952148 0.597656 0.09375 0.162109 0.000208974
11 0.655762 0.0805664 0.0927734 0.0576172 0.000211239
8 0.29248 0.288574 0.0361328 0.0322266 0.000212312
11 0.140137 0.993164 0.0615234 0.0136719 0.000213981
9 0.0649414 0.0180664 0.129883 0.0341797 0.000216007
10 0.109375 0.943359 0.107422 0.113281 0.000216365
13 0.396973 0.188477 0.0751953 0.0820312 0.000219464
7 0.212891 0.95752 0.291016 0.0830078 0.00022006
10 0.978027 0.639648 0.0439453 0.166016 0.000221372
9 0.291016 0.531738 0.380859 0.143555 0.000221491
9 0.278809 0.983398 0.227539 0.0332031 0.000227451
9 0.597656 0.356934 0.376953 0.452148 0.000228405
9 0.873535 0.900391 0.235352 0.193359 0.000229239
9 0.249512 0.154785 0.0556641 0.0556641 0.000230908
11 0.921387 0.989746 0.120117 0.0205078 0.000236154
11 0.801758 0.961426 0.318359 0.0771484 0.000240207
9 0.406738 0.958496 0.375977 0.0830078 0.000241399
0 0.632324 0.303223 0.303711 0.37207 0.000243306
11 0.396973 0.0839844 0.182617 0.0878906 0.000247955
9 0.178223 0.901367 0.268555 0.193359 0.000248432
11 0.128906 0.973633 0.0507812 0.0507812 0.000252008
11 0.423828 0.0625 0.0625 0.0214844 0.000252962
11 0.116211 0.993652 0.0722656 0.0126953 0.000256538
8 0.416504 0.270996 0.0166016 0.0146484 0.000257254
13 0.253906 0.374512 0.0957031 0.0400391 0.000263691
10 0.272461 0.969727 0.341797 0.0605469 0.000271559
10 0.788574 0.956055 0.348633 0.0839844 0.000284433
7 0.224609 0.901367 0.339844 0.197266 0.000294209
8 0.435059 0.325195 0.0107422 0.00976562 0.000297546
2 0.471191 0.631836 0.0322266 0.0292969 0.000297785
8 0.282715 0.28418 0.0322266 0.0214844 0.0002985
13 0.412109 0.224609 0.078125 0.119141 0.000302076
9 0.6875 0.560547 0.382812 0.220703 0.000305891
9 0.262695 0.98584 0.125 0.0244141 0.000313044
13 0.253906 0.277832 0.0976562 0.0673828 0.000323296
9 0.0517578 0.0786133 0.0996094 0.155273 0.000324011
11 0.685547 0.0917969 0.144531 0.0859375 0.000334263
9 0.81543 0.77832 0.353516 0.423828 0.000339031
10 0.116211 0.993652 0.0722656 0.0126953 0.000341892
11 0.45459 0.0708008 0.114258 0.0361328 0.000350714
11 0.887695 0.980469 0.119141 0.0371094 0.000359774
3 0.624512 0.560547 0.43457 0.167969 0.000365019
11 0.943848 0.941895 0.108398 0.114258 0.00037384
3 0.615234 0.402832 0.412109 0.336914 0.000377417
2 0.285156 0.282227 0.0175781 0.015625 0.000383377
10 0.82666 0.900879 0.338867 0.192383 0.000406504
11 0.969238 0.586914 0.0576172 0.0996094 0.000419617
11 0.173828 0.966309 0.203125 0.0673828 0.000423908
7 0.257812 0.597656 0.371094 0.226562 0.000427723
13 0.269043 0.283691 0.0712891 0.0380859 0.00042963
10 0.946289 0.98291 0.0996094 0.0341797 0.000433683
11 0.674805 0.0625 0.0605469 0.0195312 0.000436068
6 0.633301 0.199707 0.125977 0.125977 0.000438213
9 0.883789 0.5625 0.207031 0.128906 0.000444651
9 0.285156 0.281738 0.015625 0.0146484 0.000457764
0 0.658691 0.21582 0.249023 0.189453 0.000466347
7 0.618164 0.488281 0.455078 0.164062 0.000466347
6 0.618164 0.488281 0.455078 0.164062 0.000466347
9 0.0302734 0.0166016 0.0605469 0.0332031 0.000476599
11 0.894043 0.96875 0.166992 0.0625 0.000485659
11 0.661621 0.0712891 0.0732422 0.0292969 0.000488758
11 0.751953 0.0830078 0.0800781 0.0488281 0.000496864
10 0.969238 0.586914 0.0576172 0.0996094 0.00050354
9 0.521973 0.991211 0.0341797 0.0175781 0.000504017
13 0.29248 0.288574 0.0361328 0.0322266 0.000506401
11 0.620117 0.489258 0.458984 0.164062 0.000507832
13 0.30127 0.296875 0.0576172 0.046875 0.000513077
11 0.354004 0.0864258 0.0888672 0.0498047 0.000534534
1 0.618164 0.488281 0.455078 0.164062 0.000538826
4 0.618164 0.488281 0.455078 0.164062 0.000549316
8 0.618164 0.488281 0.455078 0.164062 0.000559807
4 0.633301 0.199707 0.125977 0.125977 0.000560284
9 0.511719 0.943848 0.216797 0.112305 0.000561237
9 0.578125 0.22168 0.251953 0.181641 0.000572681
10 0.910156 0.989746 0.121094 0.0205078 0.000574589
11 0.438965 0.0561523 0.0751953 0.0205078 0.000580311
9 0.272461 0.969727 0.341797 0.0605469 0.000585079
13 0.285156 0.282715 0.0234375 0.0185547 0.000593185
2 0.618164 0.488281 0.455078 0.164062 0.000617027
12 0.618164 0.488281 0.455078 0.164062 0.000627041
9 0.791016 0.943359 0.357422 0.113281 0.00063324
9 0.512695 0.963379 0.154297 0.0712891 0.000638008
13 0.23291 0.368652 0.0693359 0.0224609 0.000640869
7 0.633301 0.199707 0.125977 0.125977 0.0006423
9 0.0214844 0.0825195 0.0429688 0.141602 0.000642776
13 0.620117 0.489258 0.458984 0.164062 0.000656128
5 0.633301 0.199707 0.125977 0.125977 0.000660419
12 0.633301 0.199707 0.125977 0.125977 0.00068903
11 0.0913086 0.98877 0.0634766 0.0224609 0.000692368
10 0.0932617 0.990234 0.0634766 0.0195312 0.000761509
1 0.633301 0.199707 0.125977 0.125977 0.000781059
11 0.633301 0.199707 0.125977 0.125977 0.000786304
7 0.79248 0.547363 0.356445 0.161133 0.000815868
13 0.633301 0.199707 0.125977 0.125977 0.000824451
9 0.73584 0.546387 0.231445 0.147461 0.00083971
9 0.872559 0.620117 0.233398 0.183594 0.000885963
10 0.12207 0.90625 0.158203 0.1875 0.000926018
10 0.620117 0.489258 0.458984 0.164062 0.000945568
10 0.935059 0.908691 0.12793 0.182617 0.000947475
5 0.82959 0.360352 0.325195 0.533203 0.000971794
10 0.195801 0.98291 0.229492 0.0322266 0.000976086
9 0.249512 0.937988 0.334961 0.124023 0.000999451
8 0.708496 0.330078 0.0419922 0.0332031 0.00100708
10 0.881836 0.943359 0.21875 0.113281 0.00101185
5 0.615723 0.474609 0.448242 0.167969 0.00102901
11 0.408691 0.0688477 0.0751953 0.0341797 0.00106716
9 0.470703 0.632324 0.0332031 0.0283203 0.00107098
7 0.485352 0.154785 0.0683594 0.166992 0.00108814
10 0.887695 0.980469 0.119141 0.0371094 0.00109577
10 0.633301 0.199707 0.125977 0.125977 0.00116158
10 0.21875 0.904785 0.333984 0.188477 0.00118828
9 0.485352 0.154785 0.0683594 0.166992 0.00118828
0 0.620117 0.489258 0.458984 0.164062 0.00119781
11 0.146484 0.981445 0.0996094 0.0371094 0.00125694
8 0.386719 0.310547 0.0214844 0.015625 0.00138283
2 0.634277 0.20166 0.12793 0.131836 0.00139713
9 0.840332 0.532227 0.12207 0.107422 0.00141621
11 0.46582 0.0581055 0.0898438 0.0224609 0.001441
10 0.173828 0.966309 0.203125 0.0673828 0.00148964
9 0.259766 0.763184 0.417969 0.473633 0.00154209
10 0.943359 0.963379 0.109375 0.0732422 0.00162601
13 0.725098 0.313965 0.0830078 0.0712891 0.00167656
11 0.383789 0.0786133 0.123047 0.0576172 0.00168991
10 0.852051 0.971191 0.243164 0.0576172 0.00169754
11 0.104004 0.981934 0.0830078 0.0361328 0.00170135
9 0.617188 0.48877 0.457031 0.155273 0.00193787
9 0.633301 0.199707 0.125977 0.125977 0.00205231
8 0.634766 0.206543 0.119141 0.141602 0.00206566
11 0.420898 0.0717773 0.128906 0.0478516 0.00213814
9 0.798828 0.648926 0.367188 0.254883 0.00229645
11 0.124512 0.987793 0.0732422 0.0244141 0.00245476
10 0.124512 0.987793 0.0732422 0.0244141 0.00256157
10 0.146484 0.981445 0.0996094 0.0371094 0.00283813
10 0.104004 0.981934 0.0830078 0.0361328 0.00304985
3 0.633301 0.196289 0.125977 0.119141 0.00381279
8 0.470703 0.632324 0.0332031 0.0283203 0.00388527
10 0.259766 0.763184 0.417969 0.473633 0.00427628
8 0.285156 0.281738 0.015625 0.0146484 0.00624847
11 0.717285 0.0756836 0.131836 0.0517578 0.0063324
11 0.123047 0.971191 0.111328 0.0576172 0.00653458
9 0.835938 0.52832 0.269531 0.134766 0.00661087
10 0.123047 0.971191 0.111328 0.0576172 0.00676346
9 0.241211 0.58252 0.345703 0.192383 0.0134888
0 0.571777 0.229492 0.243164 0.189453 0.0257874
9 0.814453 0.572266 0.349609 0.177734 0.0313416
11 0.439453 0.0620117 0.109375 0.0283203 0.0447388
11 0.688965 0.0664062 0.116211 0.03125 0.0447693
3 0.619629 0.489258 0.459961 0.146484 0.369629
0 0.633301 0.199707 0.125977 0.125977 0.588867
