13 0.0957031 0.165039 0.191406 0.330078 0.000100136
9 0.480469 0.330566 0.0214844 0.0166016 0.000100732
1 0.179199 0.132812 0.334961 0.255859 0.000100851
13 0.269531 0.421387 0.121094 0.131836 0.000100911
7 0.78418 0.423828 0.123047 0.224609 0.000102401
12 0.839355 0.155273 0.30957 0.273438 0.000102401
8 0.710938 0.569336 0.0683594 0.0683594 0.000102937
9 0.692383 0.249512 0.164062 0.0791016 0.000103235
10 0.787109 0.5625 0.142578 0.449219 0.000103414
9 0.380371 0.388184 0.0322266 0.0302734 0.000103593
2 0.817383 0.250488 0.365234 0.500977 0.000105858
13 0.644043 0.294922 0.110352 0.140625 0.000106394
6 0.574219 0.40625 0.105469 0.111328 0.000106692
8 0.193359 0.484375 0.0429688 0.0527344 0.000108004
5 0.299805 0.314453 0.0507812 0.0625 0.000109315
0 0.489258 0.0161133 0.289062 0.0322266 0.000109792
9 0.281738 0.318359 0.0498047 0.0625 0.00011003
11 0.179199 0.132812 0.334961 0.255859 0.00011152
13 0.90625 0.316406 0.1875 0.632812 0.00011158
9 0.202148 0.644531 0.175781 0.285156 0.00011158
2 0.982422 0.0112305 0.0195312 0.0185547 0.000111699
13 0.325684 0.273438 0.116211 0.109375 0.000112236
9 0.709473 0.570801 0.0400391 0.0302734 0.00011301
2 0.981445 0.221191 0.0371094 0.442383 0.000114024
11 0.26416 0.371094 0.129883 0.164062 0.000114143
8 0.179199 0.132812 0.334961 0.255859 0.000114202
12 0.671387 0.231445 0.112305 0.0234375 0.000114441
9 0.509277 0.392578 0.147461 0.21875 0.000114858
6 0.289551 0.349609 0.0927734 0.117188 0.000115395
7 0.698242 0.239746 0.123047 0.0419922 0.000117362
1 0.26416 0.371094 0.129883 0.164062 0.000118315
5 0.782227 0.540039 0.132812 0.167969 0.000118434
13 0.269043 0.339355 0.0205078 0.0166016 0.000118434
11 0.643555 0.239746 0.0722656 0.0302734 0.000122666
7 0.280762 0.318359 0.0498047 0.0625 0.000123143
5 0.229492 0.696777 0.130859 0.149414 0.000123858
9 0.475586 0.324707 0.078125 0.172852 0.000125527
13 0.674805 0.262207 0.117188 0.0771484 0.000126243
13 0.269043 0.339355 0.0322266 0.0302734 0.000127196
13 0.376465 0.328613 0.106445 0.0966797 0.000127435
11 0.817383 0.250488 0.365234 0.500977 0.000128031
13 0.385742 0.463867 0.0136719 0.0136719 0.000130415
4 0.848145 0.340332 0.303711 0.680664 0.000130773
4 0.574219 0.407715 0.103516 0.112305 0.000131488
8 0.480469 0.330566 0.0214844 0.0166016 0.000132322
0 0.538086 0.383301 0.148438 0.0888672 0.00013268
12 0.698242 0.239258 0.125 0.0429688 0.000133991
13 0.334961 0.39209 0.169922 0.200195 0.000134945
11 0.229004 0.543945 0.237305 0.492188 0.000135183
13 0.709473 0.570801 0.0400391 0.0302734 0.00013566
11 0.459961 0.271484 0.0664062 0.103516 0.000136256
13 0.782227 0.598145 0.0449219 0.0244141 0.000136495
13 0.645508 0.257812 0.0449219 0.0488281 0.000137687
8 0.746582 0.753418 0.0263672 0.0322266 0.000139236
10 0.813965 0.462891 0.37207 0.925781 0.000139356
8 0.384766 0.397949 0.0292969 0.0205078 0.000139594
11 0.404785 0.238281 0.0751953 0.0234375 0.000139832
9 0.744141 0.557129 0.285156 0.500977 0.000139952
9 0.182129 0.199707 0.360352 0.381836 0.000140786
12 0.397461 0.230957 0.109375 0.0302734 0.000140786
9 0.71875 0.308594 0.0273438 0.0273438 0.000140905
13 0.38916 0.231445 0.124023 0.0273438 0.000141263
7 0.813965 0.462891 0.37207 0.925781 0.00014174
8 0.228516 0.366699 0.0117188 0.0107422 0.000142217
8 0.833008 0.163086 0.332031 0.326172 0.000142694
1 0.844727 0.148438 0.292969 0.269531 0.00014329
13 0.742676 0.307617 0.0751953 0.0644531 0.000145316
5 0.778809 0.443848 0.133789 0.268555 0.000148058
7 0.288086 0.300781 0.0507812 0.0605469 0.000148296
13 0.797852 0.360352 0.0292969 0.0273438 0.000148296
0 0.576172 0.444336 0.09375 0.138672 0.000148773
2 0.19043 0.134277 0.380859 0.266602 0.000148773
7 0.245117 0.678223 0.173828 0.178711 0.000149012
3 0.555664 0.759277 0.357422 0.131836 0.000149369
7 0.285156 0.483887 0.164062 0.399414 0.000151157
13 0.297363 0.285645 0.0771484 0.0966797 0.000152588
7 0.280273 0.46582 0.117188 0.136719 0.000152588
13 0.682617 0.232422 0.109375 0.0273438 0.000153661
1 0.848633 0.341797 0.302734 0.683594 0.000154018
7 0.833008 0.163086 0.332031 0.326172 0.000154018
10 0.671387 0.231445 0.112305 0.0234375 0.000154495
5 0.828125 0.627441 0.111328 0.34668 0.000154614
11 0.845215 0.792969 0.0263672 0.0292969 0.00015521
11 0.914551 0.935059 0.170898 0.129883 0.000155449
10 0.397461 0.231445 0.107422 0.0253906 0.000156522
10 0.85498 0.862305 0.0263672 0.0410156 0.000157356
7 0.406738 0.232422 0.0908203 0.0253906 0.000157833
9 0.987793 0.012207 0.0224609 0.0244141 0.00016439
5 0.790527 0.681641 0.227539 0.296875 0.00016582
2 0.246094 0.543457 0.248047 0.50293 0.000168204
13 0.245605 0.42334 0.0751953 0.0478516 0.000172257
4 0.838867 0.161621 0.306641 0.323242 0.000173211
13 0.389648 0.366211 0.0566406 0.117188 0.000173569
11 0.313477 0.318359 0.0722656 0.101562 0.000175118
9 0.450195 0.461914 0.0683594 0.138672 0.000175476
9 0.0742188 0.901855 0.146484 0.19043 0.000177145
11 0.680176 0.237793 0.0751953 0.0224609 0.000177741
11 0.288574 0.300781 0.0458984 0.0527344 0.000182867
11 0.686035 0.221191 0.0927734 0.0263672 0.000183105
8 0.719727 0.575684 0.0136719 0.0107422 0.000186563
4 0.179199 0.132812 0.334961 0.255859 0.000188231
8 0.203125 0.460938 0.0390625 0.0527344 0.000188947
5 0.813965 0.462891 0.37207 0.925781 0.000189781
7 0.574219 0.40625 0.105469 0.111328 0.000190854
8 0.269043 0.336914 0.0263672 0.0292969 0.000191092
2 0.914551 0.935059 0.170898 0.129883 0.000192523
11 0.424316 0.235352 0.0400391 0.015625 0.000193238
13 0.967773 0.236816 0.0644531 0.473633 0.000193596
3 0.204102 0.246582 0.408203 0.276367 0.000194073
9 0.227539 0.427246 0.0566406 0.0380859 0.00019443
8 0.345215 0.366211 0.0146484 0.0136719 0.000198245
9 0.293945 0.307617 0.0332031 0.0371094 0.000198245
8 0.827637 0.702637 0.0146484 0.0126953 0.000198364
8 0.269531 0.34082 0.0839844 0.0878906 0.000200033
12 0.914551 0.935059 0.170898 0.129883 0.000200272
13 0.572266 0.408691 0.107422 0.114258 0.000200272
5 0.839355 0.155273 0.30957 0.273438 0.000202298
13 0.718262 0.309082 0.0263672 0.0244141 0.000202417
3 0.790039 0.584961 0.138672 0.410156 0.000207186
11 0.675293 0.227051 0.0498047 0.0166016 0.000208616
2 0.833008 0.163086 0.332031 0.326172 0.000210404
7 0.671387 0.231445 0.112305 0.0234375 0.00021112
11 0.854004 0.858887 0.0283203 0.0419922 0.000213385
12 0.574219 0.40625 0.105469 0.111328 0.000213742
2 0.480469 0.330078 0.0136719 0.0117188 0.000215888
11 0.838867 0.161621 0.306641 0.323242 0.00021708
13 0.79541 0.592773 0.139648 0.341797 0.000217199
1 0.299805 0.314453 0.0507812 0.0625 0.000218153
8 0.253906 0.365723 0.121094 0.15332 0.000219584
8 0.21582 0.445312 0.0507812 0.046875 0.000219703
1 0.388184 0.231445 0.124023 0.03125 0.000223041
6 0.270996 0.480957 0.133789 0.313477 0.00022316
7 0.280762 0.340332 0.0712891 0.100586 0.000225186
3 0.919434 0.911621 0.161133 0.176758 0.000227809
1 0.671387 0.231445 0.112305 0.0234375 0.000231743
1 0.574219 0.40625 0.105469 0.111328 0.000232816
1 0.698242 0.239746 0.123047 0.0419922 0.000233531
5 0.791992 0.609375 0.119141 0.183594 0.000234604
13 0.648438 0.250488 0.0917969 0.0537109 0.000236988
13 0.369141 0.303223 0.0742188 0.0947266 0.00023818
7 0.293945 0.307617 0.0332031 0.0371094 0.000239015
13 0.788574 0.593262 0.0810547 0.0302734 0.000239253
1 0.223633 0.542969 0.234375 0.488281 0.000249624
5 0.574219 0.407715 0.103516 0.112305 0.000253201
4 0.26416 0.371094 0.129883 0.164062 0.000254631
13 0.378906 0.385742 0.0332031 0.0351562 0.000254869
7 0.202148 0.644531 0.175781 0.285156 0.000255585
9 0.913086 0.894531 0.173828 0.210938 0.000256062
13 0.649414 0.23584 0.113281 0.0302734 0.000262022
11 0.28418 0.314941 0.0683594 0.0810547 0.000265837
1 0.914551 0.935059 0.170898 0.129883 0.000266314
7 0.179199 0.132812 0.334961 0.255859 0.000267267
11 0.735352 0.247559 0.0527344 0.0400391 0.000282764
6 0.836426 0.14502 0.327148 0.27832 0.000292301
9 0.795898 0.679688 0.123047 0.226562 0.000292778
13 0.266602 0.439941 0.150391 0.288086 0.000295162
8 0.297363 0.308594 0.0458984 0.0527344 0.000296831
5 0.228516 0.650391 0.1875 0.279297 0.000299931
8 0.200195 0.494629 0.0253906 0.0244141 0.000303984
8 0.226562 0.433105 0.0546875 0.0341797 0.000310421
8 0.574219 0.40625 0.105469 0.111328 0.000315666
8 0.825195 0.699219 0.0214844 0.0195312 0.000317335
11 0.574219 0.40625 0.105469 0.111328 0.000321865
11 0.62207 0.243164 0.0761719 0.0390625 0.00032258
12 0.246094 0.543457 0.248047 0.50293 0.000325203
9 0.509277 0.539551 0.202148 0.47168 0.000326872
9 0.307617 0.327637 0.0839844 0.0888672 0.000329494
11 0.412109 0.220703 0.0976562 0.0234375 0.000334263
4 0.914551 0.935059 0.170898 0.129883 0.000335455
11 0.297363 0.285645 0.0771484 0.0966797 0.000341415
8 0.223633 0.542969 0.234375 0.488281 0.000345945
2 0.573242 0.399902 0.105469 0.0966797 0.000345945
12 0.848633 0.341797 0.302734 0.683594 0.000358105
13 0.222168 0.432617 0.0517578 0.0371094 0.000363588
6 0.792969 0.678711 0.126953 0.228516 0.000380754
9 0.982422 0.0112305 0.0195312 0.0185547 0.000383139
13 0.728027 0.308105 0.0458984 0.0419922 0.000385523
9 0.385742 0.463867 0.0136719 0.0136719 0.000397205
11 0.642578 0.274414 0.0722656 0.0957031 0.000397682
9 0.979004 0.581543 0.0341797 0.15918 0.000402212
2 0.302246 0.316406 0.0517578 0.0664062 0.000405073
8 0.266602 0.336914 0.0195312 0.015625 0.000407696
13 0.333496 0.318848 0.135742 0.147461 0.000412703
5 0.279785 0.361328 0.133789 0.158203 0.000416994
9 0.245605 0.427246 0.180664 0.260742 0.000427485
2 0.385742 0.464355 0.0117188 0.0126953 0.000427961
13 0.789062 0.59375 0.105469 0.119141 0.000436544
11 0.663574 0.233398 0.0498047 0.0175781 0.000468731
2 0.603027 0.464844 0.0224609 0.0136719 0.000478506
6 0.179199 0.132812 0.334961 0.255859 0.00048089
11 0.370117 0.229492 0.0722656 0.0214844 0.000485182
10 0.574219 0.40625 0.105469 0.111328 0.000505447
11 0.428223 0.233887 0.0673828 0.0205078 0.000522614
11 0.758301 0.260742 0.0810547 0.0644531 0.000528336
8 0.60791 0.46875 0.0302734 0.03125 0.000528812
11 0.6875 0.22998 0.0507812 0.0166016 0.000540257
3 0.52002 0.443848 0.219727 0.178711 0.000549793
13 0.28125 0.339844 0.0742188 0.101562 0.000555515
7 0.795898 0.679688 0.123047 0.226562 0.000558376
11 0.304688 0.255371 0.0898438 0.0654297 0.000566483
13 0.246094 0.543457 0.248047 0.50293 0.000571251
13 0.382324 0.326172 0.0498047 0.0839844 0.000574112
9 0.50293 0.332031 0.0683594 0.201172 0.00060606
7 0.313477 0.33252 0.0703125 0.0869141 0.000614643
11 0.400879 0.228516 0.0615234 0.0195312 0.000621796
11 0.704102 0.233398 0.0722656 0.0253906 0.000665188
5 0.19043 0.134277 0.380859 0.266602 0.000681877
9 0.481445 0.328125 0.0136719 0.0117188 0.000702858
8 0.914551 0.935059 0.170898 0.129883 0.000714302
2 0.602051 0.467773 0.0302734 0.0234375 0.000729561
9 0.574219 0.40625 0.105469 0.111328 0.000737667
11 0.648438 0.250488 0.0917969 0.0537109 0.000742912
6 0.313477 0.33252 0.0703125 0.0869141 0.000751495
13 0.708496 0.473633 0.0517578 0.0292969 0.000756741
11 0.398438 0.246094 0.154297 0.0507812 0.000805378
10 0.229004 0.543945 0.237305 0.492188 0.000824451
13 0.286133 0.300781 0.046875 0.0566406 0.000837326
6 0.787109 0.5625 0.142578 0.449219 0.0008564
9 0.518066 0.448242 0.204102 0.193359 0.000875473
8 0.604492 0.465332 0.0214844 0.0146484 0.000882149
7 0.550781 0.694824 0.380859 0.186523 0.000917912
13 0.320312 0.29834 0.0859375 0.0771484 0.000920296
4 0.223633 0.542969 0.234375 0.488281 0.000924587
6 0.550781 0.694824 0.380859 0.186523 0.000939369
10 0.111816 0.852051 0.0302734 0.0400391 0.000956059
11 0.550781 0.694824 0.380859 0.186523 0.000957966
11 0.651855 0.222656 0.110352 0.0234375 0.000967979
8 0.381348 0.38916 0.0341797 0.0283203 0.000987053
11 0.334961 0.261719 0.138672 0.0976562 0.000992775
13 0.843262 0.170898 0.290039 0.322266 0.000993729
13 0.550781 0.694824 0.380859 0.186523 0.00101948
3 0.914551 0.935059 0.170898 0.129883 0.00102901
1 0.550781 0.694824 0.380859 0.186523 0.0010519
13 0.32373 0.350586 0.0927734 0.117188 0.00108719
8 0.550781 0.694824 0.380859 0.186523 0.00109386
2 0.549805 0.688477 0.378906 0.197266 0.00111008
11 0.299805 0.313965 0.0507812 0.0595703 0.00111771
4 0.550781 0.694824 0.380859 0.186523 0.00111961
8 0.718262 0.308594 0.0302734 0.0273438 0.00112057
11 0.380859 0.224609 0.125 0.0234375 0.0011282
11 0.692383 0.249512 0.164062 0.0791016 0.00115776
11 0.111816 0.852051 0.0302734 0.0400391 0.00116444
9 0.26416 0.371094 0.129883 0.164062 0.00117016
13 0.183594 0.147461 0.320312 0.269531 0.00118065
11 0.443848 0.249023 0.0888672 0.0566406 0.00119972
12 0.550781 0.694824 0.380859 0.186523 0.00121021
7 0.788086 0.527832 0.142578 0.450195 0.00121212
3 0.574219 0.40625 0.105469 0.111328 0.00121593
7 0.245605 0.427246 0.180664 0.260742 0.00125027
13 0.647949 0.285645 0.0673828 0.0986328 0.00127316
9 0.299805 0.314453 0.0507812 0.0625 0.00130463
5 0.266602 0.439941 0.150391 0.288086 0.00132275
5 0.744141 0.557129 0.285156 0.500977 0.00149441
9 0.787109 0.5625 0.142578 0.449219 0.00153923
9 0.988281 0.602539 0.0195312 0.148438 0.00154114
6 0.299805 0.314453 0.0507812 0.0625 0.00165558
0 0.549805 0.687012 0.376953 0.194336 0.00174618
10 0.550781 0.694824 0.380859 0.186523 0.00187111
8 0.706543 0.569336 0.0361328 0.0273438 0.00189877
5 0.550781 0.694824 0.380859 0.186523 0.00191402
6 0.265137 0.384766 0.133789 0.189453 0.00209808
0 0.914551 0.935059 0.170898 0.129883 0.00213242
8 0.480469 0.329102 0.0136719 0.0117188 0.00252151
9 0.550781 0.694824 0.380859 0.186523 0.00269318
7 0.299805 0.314453 0.0507812 0.0625 0.00279999
13 0.293945 0.307617 0.0332031 0.0371094 0.00282097
13 0.279785 0.361328 0.133789 0.158203 0.00290108
13 0.283691 0.320312 0.0537109 0.0625 0.00307655
6 0.246582 0.536133 0.225586 0.478516 0.00314522
7 0.26416 0.371094 0.129883 0.164062 0.00388718
11 0.427246 0.237305 0.0986328 0.0351562 0.00402451
5 0.802246 0.682617 0.118164 0.226562 0.00429153
11 0.643555 0.233398 0.117188 0.0332031 0.00664139
11 0.328613 0.244141 0.106445 0.0546875 0.00664902
11 0.73291 0.25 0.0966797 0.0566406 0.00688553
9 0.223633 0.542969 0.234375 0.488281 0.00734711
8 0.385742 0.463867 0.0136719 0.0136719 0.00847626
7 0.223633 0.542969 0.234375 0.488281 0.0112305
0 0.528809 0.438477 0.196289 0.169922 0.0162201
13 0.305176 0.326172 0.0693359 0.0976562 0.0196838
5 0.246094 0.543457 0.248047 0.50293 0.0234985
11 0.367676 0.23584 0.151367 0.0361328 0.0314026
11 0.69873 0.239258 0.118164 0.0410156 0.0388184
5 0.790039 0.584961 0.138672 0.410156 0.0415039
11 0.671387 0.231445 0.112305 0.0234375 0.0800781
11 0.397461 0.231445 0.107422 0.0253906 0.0866699
13 0.299805 0.313965 0.0507812 0.0595703 0.0927124
0 0.574219 0.400391 0.103516 0.0976562 0.32251
3 0.548828 0.689941 0.382812 0.188477 0.625488
