11 0.394531 0.28418 0.0625 0.0761719 0.000100195
7 0.644043 0.431641 0.0146484 0.0117188 0.000100672
11 0.822754 0.266602 0.104492 0.0273438 0.000101745
1 0.85791 0.718262 0.0712891 0.0595703 0.000102162
9 0.426758 0.180664 0.0371094 0.0292969 0.00010252
13 0.922363 0.172363 0.139648 0.161133 0.000102758
13 0.33252 0.596191 0.0927734 0.0302734 0.000103116
1 0.187988 0.143066 0.34668 0.286133 0.00010401
13 0.341309 0.338867 0.106445 0.0957031 0.000104845
9 0.455566 0.368164 0.0634766 0.142578 0.000105619
7 0.286133 0.344238 0.185547 0.198242 0.000106096
0 0.448242 0.0273438 0.103516 0.0527344 0.000107348
3 1 0.723633 0 0.443359 0.000107467
8 0.207031 0.592773 0.0175781 0.0117188 0.000108182
1 0.798828 0.45459 0.0976562 0.0576172 0.000108957
11 0.898926 0.708496 0.0419922 0.141602 0.000109076
13 0.15918 0.672852 0.0625 0.144531 0.000109315
8 0.187988 0.143066 0.34668 0.286133 0.000109315
13 0.218262 0.629395 0.0732422 0.0380859 0.000109375
13 0.360352 0.318359 0.0722656 0.09375 0.000109494
9 0.362305 0.111328 0.197266 0.207031 0.000112236
9 0.188477 0.661133 0.105469 0.134766 0.000112414
10 0.85791 0.718262 0.0712891 0.0595703 0.000112593
13 0.452148 0.290527 0.0566406 0.133789 0.000112653
9 0.652344 0.487305 0.0917969 0.123047 0.000113368
13 0.317871 0.628418 0.135742 0.108398 0.000113964
3 0.57666 0.43457 0.243164 0.189453 0.000115216
13 0.801758 0.466309 0.0625 0.0458984 0.000115693
10 0.612305 0.385254 0.0917969 0.0791016 0.00011605
7 0.646973 0.243652 0.0810547 0.0244141 0.000116169
3 0.613281 0.384277 0.0898438 0.0771484 0.000116646
10 0.454102 0.325684 0.0585938 0.170898 0.000117123
13 0.845703 0.73291 0.105469 0.0361328 0.000117719
9 0.400391 0.280273 0.0273438 0.0175781 0.000118375
3 0.143066 0.530273 0.286133 0.517578 0.000118911
12 0.158203 0.669922 0.0644531 0.142578 0.000119984
13 0.29248 0.374023 0.0380859 0.0234375 0.000120163
9 0.866211 0.738281 0.0742188 0.0566406 0.000121772
9 0.62207 0.00830078 0.0605469 0.0166016 0.000121891
1 0.15625 0.676758 0.0683594 0.146484 0.000126004
12 0.455566 0.3125 0.0615234 0.162109 0.000126362
7 0.282227 0.45752 0.0878906 0.0615234 0.000126481
11 0.61084 0.257324 0.0654297 0.0400391 0.000126958
11 0.645508 0.249023 0.0488281 0.0234375 0.000130177
11 0.187988 0.143066 0.34668 0.286133 0.000132084
7 0.852051 0.141113 0.295898 0.282227 0.000134826
11 0.371582 0.243164 0.0498047 0.0175781 0.000136137
11 0.272949 0.337402 0.147461 0.176758 0.000136375
9 0.864258 0.703125 0.0449219 0.0566406 0.000136375
0 0.647461 0.441406 0.0488281 0.0917969 0.000136852
11 0.665527 0.23584 0.112305 0.0458984 0.000137925
13 0.383789 0.41748 0.0839844 0.0810547 0.000138879
13 0.280762 0.441895 0.0732422 0.0595703 0.000138998
2 0.981445 0.0107422 0.0175781 0.0175781 0.000139117
8 0.3125 0.324707 0.0449219 0.0478516 0.000139356
0 0.623535 0.411621 0.0712891 0.0869141 0.000139713
4 0.157715 0.671875 0.0576172 0.148438 0.000140905
10 0.187988 0.143066 0.34668 0.286133 0.000141859
13 0.87207 0.708496 0.046875 0.0517578 0.000142217
13 0.31543 0.645996 0.0839844 0.0576172 0.000143766
13 0.819824 0.434082 0.0732422 0.0595703 0.000144601
9 0.444336 0.266602 0.0605469 0.0976562 0.000146389
7 0.863281 0.702637 0.0800781 0.12207 0.000146627
13 0.64502 0.244629 0.0791016 0.0263672 0.000148296
7 0.257324 0.440918 0.102539 0.0771484 0.000150084
3 0.857422 0.135742 0.285156 0.238281 0.000151515
11 0.396973 0.24707 0.12207 0.0429688 0.000152469
13 0.371094 0.366699 0.0683594 0.0673828 0.000152469
11 0.674316 0.230469 0.0888672 0.0214844 0.000152588
12 0.806152 0.451172 0.0712891 0.03125 0.000153661
11 0.438965 0.260742 0.0771484 0.0625 0.00015521
13 0.819336 0.481934 0.0820312 0.0712891 0.000155687
11 0.23291 0.340332 0.0556641 0.0556641 0.000155807
13 0.256836 0.457031 0.0917969 0.0449219 0.000156879
8 0.822266 0.503418 0.015625 0.0146484 0.000157833
13 0.314453 0.44873 0.111328 0.0810547 0.000161886
11 0.858887 0.718262 0.0712891 0.0595703 0.000162482
2 0.187988 0.143066 0.34668 0.286133 0.00016427
2 0.621094 0.394531 0.0742188 0.0917969 0.000165701
8 0.649902 0.339355 0.0185547 0.0146484 0.000165701
9 0.451172 0.0249023 0.111328 0.0478516 0.00016582
8 0.646973 0.322266 0.00878906 0.0078125 0.000167966
4 0.187988 0.143066 0.34668 0.286133 0.000168085
13 0.759766 0.442871 0.15625 0.0615234 0.0001688
12 0.857422 0.135742 0.285156 0.238281 0.000169158
9 0.374512 0.322266 0.12207 0.140625 0.000170231
9 0.286133 0.344238 0.185547 0.198242 0.000174403
8 0.403809 0.282227 0.0224609 0.015625 0.000176907
0 0.594727 0.395508 0.0605469 0.078125 0.000180483
10 0.64502 0.244629 0.0791016 0.0263672 0.000183105
2 0.798828 0.45459 0.0976562 0.0576172 0.000183463
0 0.644043 0.431641 0.0146484 0.0117188 0.000183702
13 0.797363 0.439453 0.12207 0.130859 0.00018549
1 0.646973 0.243652 0.0810547 0.0244141 0.000187039
9 0.150391 0.718262 0.0703125 0.176758 0.000187397
0 0.871094 0.13916 0.248047 0.219727 0.000188351
10 0.154785 0.675781 0.0634766 0.15625 0.000190616
1 0.454102 0.325684 0.0585938 0.170898 0.000190973
2 0.640625 0.435059 0.115234 0.178711 0.000194073
9 0.78125 0.364746 0.152344 0.198242 0.000194073
9 0.420898 0.27832 0.0957031 0.0996094 0.000201225
9 0.16748 0.628418 0.0498047 0.145508 0.000203013
13 0.833496 0.45459 0.0771484 0.0361328 0.000203252
7 0.78125 0.364746 0.152344 0.198242 0.00020349
11 0.420898 0.27832 0.0957031 0.0996094 0.000204325
11 0.909668 0.750488 0.0419922 0.0888672 0.000205994
9 0.883301 0.73291 0.0693359 0.0908203 0.000208616
0 0.638672 0.431641 0.03125 0.0351562 0.000209451
13 0.195801 0.617188 0.0341797 0.0214844 0.000210643
3 0.600586 0.739746 0.439453 0.172852 0.000211477
2 0.638672 0.431641 0.03125 0.0351562 0.000213265
13 0.388672 0.615234 0.046875 0.0410156 0.000215411
5 0.160156 0.672363 0.0585938 0.149414 0.000219226
9 0.433105 0.332031 0.106445 0.175781 0.000219703
5 0.186523 0.130371 0.324219 0.260742 0.000222087
5 0.858887 0.719238 0.0712891 0.0576172 0.000223756
7 0.864258 0.703125 0.0449219 0.0566406 0.000226617
13 0.409668 0.305664 0.0869141 0.117188 0.000230908
13 0.790039 0.458008 0.0507812 0.0253906 0.0002321
13 0.413574 0.367676 0.110352 0.155273 0.00023222
7 0.187988 0.143066 0.34668 0.286133 0.000234723
9 0.478516 0.327148 0.121094 0.195312 0.000243187
13 0.187988 0.143066 0.34668 0.286133 0.000251293
11 0.45752 0.257812 0.0654297 0.136719 0.000252008
7 0.38623 0.303223 0.0634766 0.0966797 0.000259876
4 0.857422 0.135742 0.285156 0.238281 0.000261307
7 0.446777 0.329102 0.135742 0.205078 0.000262022
5 0.798828 0.45459 0.0976562 0.0576172 0.000264168
8 0.674316 0.52002 0.0263672 0.0205078 0.000271797
13 0.348633 0.429199 0.0605469 0.0439453 0.000273943
13 0.380371 0.282227 0.0458984 0.0527344 0.000279427
11 0.163574 0.62207 0.0498047 0.154297 0.000281334
0 0.55957 0.37793 0.177734 0.09375 0.000281811
9 0.38623 0.303223 0.0634766 0.0966797 0.000298738
13 0.643555 0.431641 0.015625 0.0117188 0.000299454
3 0.728027 0.705566 0.241211 0.116211 0.000302315
2 0.644531 0.4375 0.0449219 0.0566406 0.000302792
11 0.616699 0.267578 0.0849609 0.0683594 0.000308037
5 0.804199 0.451172 0.0791016 0.03125 0.000309706
8 0.638672 0.431641 0.03125 0.0351562 0.000312805
7 0.415039 0.299316 0.0957031 0.114258 0.000315428
1 0.871094 0.13916 0.248047 0.219727 0.000320196
11 0.867188 0.144043 0.265625 0.237305 0.000328541
5 0.268066 0.516113 0.219727 0.40332 0.000333548
0 0.64502 0.498535 0.116211 0.12793 0.000338316
9 0.987793 0.012207 0.0224609 0.0244141 0.00033927
2 0.15918 0.669922 0.0625 0.142578 0.000339746
11 0.341309 0.251465 0.0791016 0.0439453 0.0003438
11 0.398438 0.273438 0.0371094 0.0332031 0.000344515
11 0.74707 0.266113 0.046875 0.0400391 0.000347614
13 0.376465 0.363281 0.0927734 0.111328 0.000347853
8 0.857422 0.135742 0.285156 0.238281 0.000355721
9 0.148926 0.672363 0.108398 0.194336 0.000355721
11 0.45459 0.30957 0.0576172 0.162109 0.000357628
6 0.45166 0.327148 0.0693359 0.173828 0.000362158
11 0.719727 0.25293 0.0761719 0.0429688 0.000365496
2 0.650391 0.44043 0.0664062 0.115234 0.000365734
8 0.856445 0.719238 0.0703125 0.0576172 0.000369549
6 0.187988 0.143066 0.34668 0.286133 0.000371695
9 0.582031 0.442383 0.203125 0.201172 0.00037241
6 0.790039 0.458984 0.105469 0.0605469 0.000393629
13 0.43457 0.328125 0.09375 0.167969 0.000401258
13 0.396484 0.290527 0.0585938 0.0771484 0.00041151
6 0.604004 0.402832 0.131836 0.118164 0.000424623
8 0.398438 0.498047 0.0136719 0.0117188 0.000425339
0 0.654785 0.456543 0.321289 0.245117 0.00042963
4 0.804199 0.451172 0.0791016 0.03125 0.000439882
9 0.981445 0.0107422 0.0175781 0.0175781 0.000476122
10 0.802734 0.452637 0.078125 0.0322266 0.000482798
8 0.644043 0.429199 0.0185547 0.0224609 0.000486135
3 0.614258 0.694824 0.220703 0.133789 0.000507832
7 0.883301 0.73291 0.0693359 0.0908203 0.000511169
4 0.855957 0.71875 0.0712891 0.0585938 0.000514507
7 0.452148 0.271484 0.0605469 0.125 0.000516891
0 0.570312 0.38916 0.0839844 0.0908203 0.000518799
6 0.857422 0.135742 0.285156 0.238281 0.000548363
4 0.604004 0.402832 0.131836 0.118164 0.000557899
8 0.157715 0.671875 0.0576172 0.148438 0.000561714
9 0.798828 0.45459 0.0976562 0.0576172 0.000561714
7 0.604004 0.402832 0.131836 0.118164 0.000562191
13 0.788086 0.4375 0.101562 0.0410156 0.000589371
11 0.657715 0.241699 0.0498047 0.0146484 0.000589371
2 0.871094 0.13916 0.248047 0.219727 0.000603199
8 0.210938 0.595215 0.0136719 0.00878906 0.000605106
8 0.454102 0.325684 0.0585938 0.170898 0.000610352
8 0.398926 0.276367 0.0322266 0.0253906 0.000634193
13 0.279785 0.445312 0.0498047 0.0351562 0.000649929
11 0.317871 0.260254 0.0595703 0.0478516 0.000667095
9 0.53125 0.194336 0.03125 0.03125 0.00067091
5 0.60498 0.405762 0.147461 0.120117 0.000678539
13 0.298828 0.172852 0.0644531 0.0898438 0.00067997
11 0.394531 0.241699 0.0546875 0.0146484 0.000697136
8 0.804199 0.451172 0.0791016 0.03125 0.000713348
7 0.798828 0.45459 0.0976562 0.0576172 0.000769615
4 0.454102 0.325684 0.0585938 0.170898 0.000777721
13 0.604004 0.402832 0.131836 0.118164 0.000805378
12 0.605957 0.405762 0.133789 0.125977 0.000842571
9 0.643555 0.431641 0.015625 0.0117188 0.000854492
1 0.604004 0.402832 0.131836 0.118164 0.000915527
13 0.780273 0.449219 0.0742188 0.0234375 0.000917435
13 0.857422 0.135742 0.285156 0.238281 0.000938416
7 0.396484 0.271973 0.0351562 0.0322266 0.000988007
11 0.604004 0.402832 0.131836 0.118164 0.000993729
13 0.374512 0.322266 0.12207 0.140625 0.00103569
1 0.804199 0.451172 0.0791016 0.03125 0.00111294
8 0.604004 0.402832 0.131836 0.118164 0.00111675
7 0.619141 0.68457 0.460938 0.148438 0.0011425
2 0.604004 0.402832 0.131836 0.118164 0.00117111
11 0.617676 0.683594 0.461914 0.148438 0.00122547
11 0.416016 0.246094 0.0722656 0.0253906 0.00122833
1 0.619141 0.68457 0.460938 0.148438 0.00124454
12 0.619141 0.68457 0.460938 0.148438 0.00127888
8 0.619141 0.68457 0.460938 0.148438 0.0013504
11 0.157227 0.67627 0.0683594 0.147461 0.00135136
6 0.619141 0.68457 0.460938 0.148438 0.00135612
13 0.787109 0.473633 0.105469 0.0703125 0.00135803
13 0.291504 0.456543 0.0634766 0.0556641 0.00136089
2 0.644043 0.432129 0.0244141 0.0205078 0.00136185
11 0.399414 0.257324 0.0761719 0.0380859 0.00137424
2 0.619141 0.68457 0.460938 0.148438 0.00137711
9 0.396484 0.271973 0.0351562 0.0322266 0.00140476
13 0.39502 0.275879 0.0341797 0.0341797 0.00145817
6 0.85791 0.718262 0.0712891 0.0595703 0.00147724
4 0.619141 0.68457 0.460938 0.148438 0.00147724
11 0.36377 0.245605 0.0947266 0.0302734 0.00151443
5 0.619141 0.68457 0.460938 0.148438 0.00159645
13 0.205566 0.620605 0.0517578 0.0302734 0.00160789
2 0.804199 0.451172 0.0791016 0.03125 0.00164223
13 0.617676 0.683594 0.461914 0.148438 0.001647
10 0.605957 0.405762 0.133789 0.125977 0.00178814
13 0.858887 0.719238 0.0712891 0.0576172 0.00181866
9 0.604004 0.402832 0.131836 0.118164 0.00183201
9 0.617676 0.683594 0.461914 0.148438 0.00197029
11 0.803711 0.452637 0.0800781 0.0341797 0.00206566
13 0.774902 0.450195 0.116211 0.0371094 0.00210381
10 0.617676 0.683594 0.461914 0.148438 0.00222969
9 0.804199 0.451172 0.0791016 0.03125 0.00239372
11 0.645996 0.250977 0.102539 0.0488281 0.00266075
11 0.648438 0.234863 0.0878906 0.0283203 0.00275421
0 0.617676 0.683594 0.461914 0.148438 0.00283623
11 0.628906 0.250977 0.0683594 0.03125 0.00309563
0 0.546387 0.438965 0.241211 0.196289 0.00314522
7 0.15918 0.672852 0.0625 0.144531 0.0032196
11 0.686035 0.246582 0.143555 0.0283203 0.0032196
11 0.668457 0.240234 0.0986328 0.0234375 0.00349808
6 0.804199 0.451172 0.0810547 0.03125 0.00354576
3 0.604004 0.402832 0.131836 0.118164 0.00362015
13 0.379395 0.303223 0.0634766 0.0947266 0.00406647
11 0.387207 0.243164 0.0986328 0.0195312 0.00415039
7 0.804199 0.451172 0.0791016 0.03125 0.0051918
9 0.452637 0.312988 0.0576172 0.161133 0.00670624
9 0.858887 0.719238 0.0712891 0.0576172 0.00677872
8 0.644043 0.431641 0.0146484 0.0117188 0.00952148
13 0.821777 0.446289 0.0654297 0.0292969 0.010231
7 0.454102 0.325684 0.0585938 0.170898 0.0109558
7 0.858887 0.718262 0.0712891 0.0595703 0.0124588
2 0.643555 0.431641 0.015625 0.0117188 0.0146484
0 0.623535 0.4375 0.147461 0.1875 0.0157013
0 0.614258 0.380859 0.078125 0.0703125 0.016571
13 0.798828 0.45459 0.0976562 0.0576172 0.0202179
9 0.160156 0.672363 0.0585938 0.149414 0.0463562
11 0.64502 0.244629 0.0791016 0.0263672 0.138306
13 0.804199 0.45166 0.0771484 0.0302734 0.407715
0 0.603516 0.397949 0.128906 0.108398 0.681152
3 0.618164 0.68457 0.46875 0.132812 0.805664
