13 0.567871 0.291016 0.104492 0.0839844 0.000100374
8 0.221191 0.708496 0.0185547 0.0205078 0.000100493
11 0.265137 0.114746 0.0595703 0.0498047 0.000100553
9 0.220215 0.627441 0.229492 0.227539 0.000100911
9 0.44873 0.168945 0.0166016 0.0214844 0.000100911
7 0.09375 0.778809 0.03125 0.0400391 0.000102282
9 0.12207 0.624023 0.0683594 0.224609 0.00010252
8 0.367188 0.279785 0.0878906 0.0810547 0.00010258
5 0.208496 0.62207 0.143555 0.119141 0.000102997
13 0.371582 0.250488 0.112305 0.131836 0.000103593
8 0.239258 0.246094 0.03125 0.03125 0.000103593
13 0.236816 0.557617 0.124023 0.126953 0.00010407
9 0.47168 0.725586 0.132812 0.302734 0.000104785
13 0.665039 0.229004 0.0390625 0.0576172 0.000104964
8 0.820312 0.240723 0.0253906 0.0283203 0.000105143
9 0.463379 0.366211 0.0302734 0.0332031 0.00010556
11 0.657227 0.164062 0.175781 0.111328 0.000105679
11 0.659668 0.121582 0.0595703 0.0146484 0.000106514
13 0.767578 0.326172 0.09375 0.103516 0.000106692
9 0.741699 0.285645 0.139648 0.157227 0.000108302
13 0.285645 0.581055 0.209961 0.146484 0.000109017
11 0.396484 0.161133 0.09375 0.0683594 0.000110626
3 0.777344 0.458008 0.232422 0.414062 0.000110865
8 0.110352 0.708008 0.0214844 0.0410156 0.000110924
11 0.118652 0.652832 0.0498047 0.145508 0.000110984
2 0.347168 0.40625 0.0302734 0.0253906 0.000111818
13 0.34668 0.403809 0.0332031 0.0224609 0.000112474
9 0.604492 0.688477 0.384766 0.0878906 0.000113666
8 0.740723 0.233398 0.0185547 0.015625 0.000114262
13 0.204102 0.584961 0.148438 0.183594 0.000114501
8 0.738281 0.465332 0.0136719 0.0126953 0.000114739
5 0.567871 0.291016 0.104492 0.0839844 0.000115037
8 0.712891 0.290527 0.0195312 0.0185547 0.000115037
13 0.775391 0.202148 0.0371094 0.0683594 0.000116467
11 0.711426 0.118652 0.106445 0.0556641 0.000117183
0 0.233887 0.518066 0.182617 0.286133 0.000117898
9 0.10791 0.699707 0.0283203 0.0986328 0.000118077
8 0.215332 0.619629 0.0107422 0.00878906 0.000118494
8 0.419434 0.382324 0.0166016 0.0146484 0.000119507
8 0.693848 0.204102 0.0556641 0.0449219 0.000119746
11 0.40332 0.125488 0.0605469 0.0166016 0.000121117
11 0.351562 0.122559 0.0898438 0.0166016 0.000121415
8 0.271484 0.577148 0.0195312 0.0175781 0.000122011
8 0.241699 0.592285 0.0166016 0.0146484 0.000122428
7 0.130859 0.643555 0.0234375 0.0292969 0.000122547
7 0.347168 0.542969 0.0556641 0.0449219 0.000122666
3 1 0.508789 0 0.732422 0.000123739
13 0.814453 0.240723 0.0234375 0.0205078 0.000124931
7 0.403809 0.22168 0.0302734 0.0292969 0.000127912
10 0.233887 0.518066 0.182617 0.286133 0.000128388
13 0.790039 0.250977 0.0722656 0.0507812 0.000129223
11 0.40332 0.219727 0.0292969 0.03125 0.00012958
2 0.132324 0.646973 0.0224609 0.0224609 0.000129938
10 0.602539 0.634277 0.435547 0.133789 0.000130177
10 0.159668 0.984375 0.0849609 0.0292969 0.000130415
2 0.462891 0.36377 0.0351562 0.0341797 0.000130653
10 0.736328 0.134277 0.0917969 0.0419922 0.000130653
11 0.151855 0.991211 0.0634766 0.0175781 0.000132322
7 0.776367 0.184082 0.0136719 0.0322266 0.000133753
13 0.339355 0.248047 0.0927734 0.103516 0.000134468
9 0.109375 0.707031 0.0234375 0.0488281 0.000134587
13 0.678223 0.339355 0.0693359 0.12207 0.000136137
0 0.558105 0.311523 0.12793 0.167969 0.000136733
11 0.396484 0.151367 0.0722656 0.0371094 0.000137091
11 0.35498 0.151855 0.180664 0.0673828 0.000137568
13 0.39502 0.48877 0.0732422 0.0458984 0.000137568
11 0.377441 0.120605 0.0537109 0.0126953 0.000138521
9 0.339844 0.498047 0.0488281 0.0488281 0.00014174
5 0.188965 0.464355 0.209961 0.583008 0.00014317
8 0.776855 0.183105 0.0126953 0.0341797 0.000143409
12 0.257812 0.457031 0.292969 0.46875 0.000144958
2 0.339844 0.527832 0.0273438 0.0244141 0.000145674
8 0.708496 0.431641 0.0146484 0.0136719 0.000145912
8 0.566895 0.293457 0.106445 0.0830078 0.000146627
8 0.46582 0.366699 0.03125 0.0322266 0.000150561
8 0.768555 0.478027 0.015625 0.0126953 0.000151753
13 0.393555 0.305176 0.046875 0.0458984 0.000154018
10 0.151855 0.991211 0.0634766 0.0175781 0.000154853
13 0.297363 0.305664 0.0224609 0.046875 0.000156522
8 0.352051 0.276855 0.0517578 0.0478516 0.00015676
3 1 0.65332 0 0.265625 0.000156879
2 0.567871 0.291016 0.104492 0.0839844 0.000157833
13 0.362305 0.314941 0.144531 0.235352 0.000159502
9 0.100098 0.718262 0.0400391 0.155273 0.000161409
11 0.776367 0.184082 0.0136719 0.0322266 0.000161648
8 0.350098 0.489258 0.0712891 0.0839844 0.000161648
8 0.380859 0.263184 0.0136719 0.0126953 0.000162482
13 0.706055 0.320801 0.115234 0.129883 0.000166535
7 0.601562 0.225098 0.046875 0.0458984 0.000166774
7 0.367188 0.279785 0.0878906 0.0810547 0.000169396
1 0.736328 0.134277 0.0898438 0.0419922 0.000169635
13 0.346191 0.539062 0.0537109 0.046875 0.000170112
13 0.652344 0.222656 0.117188 0.15625 0.000170469
9 0.461426 0.703125 0.110352 0.121094 0.000170469
11 0.611328 0.160156 0.0957031 0.0859375 0.000172019
9 0.109863 0.671387 0.0478516 0.15918 0.000174046
13 0.744629 0.365234 0.194336 0.363281 0.000175118
7 0.253906 0.506348 0.201172 0.301758 0.00017941
13 0.716797 0.262695 0.123047 0.0976562 0.000184417
2 0.340332 0.523438 0.0166016 0.0136719 0.000185609
13 0.755859 0.361328 0.103516 0.078125 0.000186086
13 0.672363 0.418945 0.0654297 0.0683594 0.000186801
9 0.146484 0.560059 0.0292969 0.0302734 0.000189543
13 0.723145 0.29248 0.0810547 0.0693359 0.000189781
9 0.80127 0.539062 0.151367 0.265625 0.000193357
11 0.344727 0.137695 0.0605469 0.015625 0.000194073
11 0.407227 0.131836 0.0761719 0.03125 0.000199437
13 0.759277 0.257324 0.0400391 0.0830078 0.000200629
9 0.81543 0.242188 0.0214844 0.0175781 0.000203133
8 0.301758 0.237305 0.015625 0.0117188 0.000206351
10 0.567383 0.290527 0.111328 0.0849609 0.000206351
9 0.602051 0.224609 0.0478516 0.0449219 0.000206709
9 0.447266 0.700195 0.078125 0.0703125 0.000206828
11 0.688965 0.118164 0.129883 0.0292969 0.000207663
11 0.37207 0.142578 0.0488281 0.0214844 0.000210881
13 0.350586 0.270508 0.0566406 0.0546875 0.000212669
5 0.230957 0.52002 0.143555 0.15918 0.000213981
9 0.609863 0.638672 0.415039 0.142578 0.000218749
8 0.34082 0.526855 0.0253906 0.0224609 0.000224352
13 0.398926 0.32959 0.0517578 0.0615234 0.000225425
13 0.254395 0.483398 0.268555 0.384766 0.000225425
8 0.133789 0.63623 0.0292969 0.0439453 0.000226974
8 0.128418 0.650391 0.0185547 0.015625 0.000231504
8 0.249512 0.23877 0.0361328 0.0341797 0.00023222
11 0.567871 0.291016 0.104492 0.0839844 0.000234008
8 0.401367 0.341797 0.0273438 0.0253906 0.000235319
8 0.592773 0.577637 0.0292969 0.0263672 0.000235915
8 0.351562 0.28418 0.0351562 0.0273438 0.000242114
8 0.702148 0.39502 0.0136719 0.0126953 0.00024724
5 0.82666 0.583984 0.12793 0.210938 0.000247478
7 0.146484 0.557617 0.0273438 0.0332031 0.000248671
8 0.342285 0.274902 0.0322266 0.0244141 0.000249147
9 0.346191 0.539062 0.0537109 0.046875 0.000250578
9 0.123535 0.637695 0.0419922 0.150391 0.000254393
8 0.347656 0.400391 0.0234375 0.0175781 0.000254869
8 0.839355 0.493652 0.00878906 0.00683594 0.000257492
11 0.297363 0.141113 0.0830078 0.0400391 0.000262737
3 0.232422 0.552246 0.164062 0.211914 0.000268221
9 0.404297 0.220703 0.03125 0.0292969 0.00026989
9 0.130371 0.630371 0.0283203 0.0634766 0.000270367
8 0.603027 0.216309 0.0341797 0.0302734 0.000290394
9 0.567383 0.290527 0.111328 0.0849609 0.000305891
13 0.712891 0.290527 0.0195312 0.0185547 0.000308275
9 0.76123 0.455566 0.249023 0.467773 0.000315905
11 0.103027 0.66748 0.0380859 0.151367 0.000325918
8 0.837891 0.493652 0.0117188 0.0107422 0.000345707
3 0.829102 0.40332 0.341797 0.806641 0.000346184
13 0.679199 0.240234 0.0439453 0.0625 0.000349045
2 0.776855 0.184082 0.0126953 0.0322266 0.00035882
6 0.249512 0.57959 0.135742 0.145508 0.000368595
5 0.253418 0.609375 0.241211 0.210938 0.000370264
11 0.646973 0.139648 0.147461 0.0527344 0.000372171
9 0.232422 0.711914 0.259766 0.148438 0.000375509
8 0.351074 0.287598 0.0244141 0.0166016 0.000375509
10 0.0957031 0.775879 0.0585938 0.0556641 0.00037837
6 0.254395 0.483398 0.268555 0.384766 0.000378609
9 0.367188 0.279785 0.0878906 0.0810547 0.000390053
3 0.606445 0.6875 0.396484 0.103516 0.000391483
11 0.705566 0.129883 0.0771484 0.0273438 0.000404596
3 0.233887 0.495605 0.249023 0.342773 0.000429392
11 0.758301 0.144531 0.0888672 0.0625 0.000432968
11 0.377441 0.125 0.0615234 0.0136719 0.000434637
8 0.339355 0.524414 0.0166016 0.0136719 0.000437021
8 0.491699 0.22168 0.0185547 0.015625 0.000440598
11 0.673828 0.124512 0.0605469 0.0166016 0.000441551
11 0.100098 0.718262 0.0400391 0.155273 0.000445366
13 0.774414 0.265625 0.0800781 0.0859375 0.000463247
2 0.114746 0.930664 0.0263672 0.0253906 0.000485182
9 0.130859 0.643555 0.0234375 0.0292969 0.000488043
9 0.261719 0.428223 0.324219 0.555664 0.000516415
9 0.352051 0.484863 0.0732422 0.0888672 0.000519276
9 0.776855 0.183105 0.0126953 0.0341797 0.000520229
13 0.381836 0.303223 0.078125 0.0732422 0.000570774
7 0.231934 0.569336 0.149414 0.171875 0.000597477
11 0.735352 0.132324 0.0527344 0.0322266 0.000621796
11 0.348633 0.131348 0.0917969 0.0224609 0.000647545
13 0.65332 0.213379 0.078125 0.0986328 0.000657082
5 0.733887 0.442871 0.293945 0.524414 0.000704765
13 0.777832 0.18457 0.0224609 0.0429688 0.000704765
13 0.378418 0.314941 0.100586 0.129883 0.000710964
8 0.600098 0.225098 0.0478516 0.0458984 0.000713825
11 0.588867 0.15332 0.0644531 0.0605469 0.000714779
0 0.591797 0.285156 0.0625 0.0664062 0.000718594
11 0.0927734 0.769043 0.0429688 0.0830078 0.00076437
5 0.818359 0.57666 0.09375 0.110352 0.000784874
8 0.149902 0.552246 0.0244141 0.0224609 0.000794411
13 0.693359 0.269531 0.136719 0.171875 0.000804901
5 0.193359 0.5625 0.148438 0.226562 0.000831127
11 0.645508 0.12207 0.107422 0.0214844 0.000840664
9 0.504883 0.67041 0.222656 0.31543 0.000852108
8 0.132812 0.645996 0.0253906 0.0224609 0.000855446
8 0.739746 0.545898 0.0107422 0.00976562 0.000900269
11 0.237305 0.175781 0.0410156 0.0332031 0.000929356
9 0.249023 0.485352 0.220703 0.367188 0.000937939
13 0.676758 0.267578 0.0625 0.130859 0.000959873
8 0.339355 0.497559 0.0478516 0.0478516 0.000971794
3 0.566895 0.291016 0.112305 0.0820312 0.000992775
2 0.346191 0.539062 0.0537109 0.046875 0.00104046
8 0.81543 0.242188 0.0214844 0.0175781 0.00106144
8 0.347168 0.40625 0.0302734 0.0253906 0.00109673
8 0.375977 0.611328 0.0214844 0.0175781 0.00110245
13 0.750977 0.294434 0.138672 0.151367 0.00112057
11 0.708008 0.138184 0.162109 0.0654297 0.00113487
13 0.238281 0.540039 0.162109 0.228516 0.00121117
11 0.316895 0.146973 0.155273 0.0458984 0.00121975
5 0.279785 0.552246 0.180664 0.194336 0.00130844
8 0.802246 0.46582 0.0146484 0.0136719 0.00131035
11 0.251465 0.164551 0.0751953 0.0595703 0.00141048
11 0.417969 0.151367 0.0683594 0.0605469 0.00146866
9 0.115234 0.930176 0.0253906 0.0263672 0.00163364
6 0.227539 0.539062 0.175781 0.244141 0.00175381
11 0.377441 0.128906 0.0849609 0.0234375 0.00175762
13 0.752441 0.276855 0.0615234 0.0986328 0.00192547
9 0.513672 0.443848 0.158203 0.469727 0.00197601
8 0.146484 0.560059 0.0292969 0.0302734 0.00204849
13 0.669922 0.230957 0.0527344 0.100586 0.00205231
8 0.40332 0.220703 0.03125 0.0292969 0.00236702
5 0.800293 0.533691 0.135742 0.213867 0.00245476
11 0.609375 0.138672 0.0839844 0.0429688 0.0028286
13 0.369141 0.282715 0.0898438 0.0791016 0.00288773
13 0.410645 0.479004 0.0517578 0.0400391 0.00308609
8 0.348633 0.541504 0.0488281 0.0419922 0.00329208
11 0.384277 0.14209 0.106445 0.0341797 0.00347328
13 0.776367 0.184082 0.0136719 0.0322266 0.00411987
9 0.232422 0.552246 0.164062 0.211914 0.00422668
11 0.274414 0.152832 0.0917969 0.0537109 0.00472641
9 0.493164 0.591309 0.148438 0.362305 0.00475693
5 0.794434 0.492188 0.172852 0.378906 0.00738525
11 0.333984 0.138184 0.125 0.0263672 0.00750732
11 0.674316 0.125488 0.108398 0.0224609 0.00757599
11 0.756836 0.141113 0.0683594 0.0361328 0.00993347
11 0.632324 0.130371 0.104492 0.0302734 0.0103378
10 0.09375 0.77832 0.03125 0.0390625 0.0149155
11 0.364258 0.137207 0.078125 0.0205078 0.0149841
11 0.09375 0.77832 0.03125 0.0390625 0.0180054
5 0.236816 0.575195 0.135742 0.152344 0.0205688
5 0.260742 0.448242 0.265625 0.441406 0.0220337
11 0.687988 0.130859 0.163086 0.0351562 0.0249634
3 0.606445 0.645508 0.427734 0.128906 0.0296173
11 0.736328 0.134277 0.0898438 0.0419922 0.0492859
5 0.233887 0.518066 0.182617 0.286133 0.104919
0 0.567383 0.290527 0.111328 0.0849609 0.152588
