10 0.845215 0.729004 0.15918 0.163086 0.000100315
3 0.947266 0.927734 0.105469 0.144531 0.00010103
10 0.136719 0.984375 0.105469 0.03125 0.000101209
13 0.166992 0.594727 0.144531 0.105469 0.000101984
11 0.205078 0.182129 0.386719 0.295898 0.000102282
2 0.364258 0.624512 0.0273438 0.0166016 0.000102699
8 0.316895 0.543457 0.114258 0.0712891 0.000102758
9 0.739258 0.959473 0.3125 0.0810547 0.000103593
1 0.232422 0.553711 0.339844 0.289062 0.000103951
9 0.53418 0.230957 0.0390625 0.0322266 0.000105262
9 0.76709 0.748047 0.327148 0.195312 0.000106215
5 0.649414 0.470215 0.253906 0.442383 0.000108302
11 0.322266 0.1875 0.271484 0.0664062 0.000109375
5 0.790039 0.591797 0.113281 0.130859 0.000109494
7 0.796875 0.634277 0.113281 0.116211 0.000109732
9 0.347168 0.624512 0.258789 0.108398 0.000109851
9 0.649414 0.443848 0.304688 0.43457 0.000109911
5 0.330078 0.625977 0.337891 0.138672 0.000109971
7 0.345215 0.494629 0.172852 0.268555 0.000110149
5 0.347656 0.540527 0.166016 0.116211 0.000110686
9 0.290039 0.64209 0.134766 0.0556641 0.000110984
9 0.389648 0.597168 0.269531 0.293945 0.000112236
11 0.860352 0.514648 0.0449219 0.0371094 0.000112534
7 0.864746 0.695312 0.116211 0.125 0.000112653
4 0.827148 0.63623 0.0644531 0.0498047 0.000114143
9 0.352051 0.190918 0.262695 0.100586 0.000114143
2 0.871094 0.53125 0.0488281 0.0507812 0.000114262
9 0.0932617 0.91748 0.0244141 0.0205078 0.000114441
2 0.715332 0.492188 0.0126953 0.00976562 0.000114501
13 0.365234 0.464355 0.175781 0.387695 0.00011462
2 0.614258 0.325195 0.0507812 0.0585938 0.000115871
5 0.275879 0.637207 0.325195 0.0830078 0.000116467
3 0.36084 0.98877 0.241211 0.0185547 0.000116467
5 0.5 0.454102 0.332031 0.464844 0.000117123
9 0.614746 0.325684 0.182617 0.202148 0.000117481
13 0.315918 0.523438 0.0927734 0.0390625 0.000117958
8 0.232422 0.553711 0.339844 0.289062 0.00011909
2 0.611816 0.3125 0.0693359 0.0976562 0.000119448
9 0.29541 0.310059 0.348633 0.30957 0.000120282
9 0.29834 0.967773 0.288086 0.0644531 0.000120938
9 0.156738 0.595215 0.135742 0.102539 0.000121415
7 0.745605 0.618652 0.325195 0.245117 0.000122547
9 0.401855 0.690918 0.674805 0.198242 0.000123739
3 0.595703 0.509766 0.476562 0.478516 0.000125051
8 0.329102 0.498535 0.144531 0.15918 0.000126004
5 0.27002 0.581543 0.149414 0.104492 0.000127912
5 0.258789 0.312988 0.291016 0.141602 0.000128031
9 0.628906 0.837402 0.544922 0.288086 0.000130296
11 0.705078 0.183105 0.134766 0.0283203 0.000130653
11 0.728516 0.197266 0.136719 0.03125 0.000131369
13 0.839355 0.666992 0.137695 0.121094 0.000131726
6 0.804199 0.62793 0.108398 0.115234 0.000131965
0 0.602539 0.339355 0.0644531 0.0673828 0.000132203
13 0.1875 0.505859 0.173828 0.0976562 0.000133157
10 0.838379 0.615234 0.291992 0.289062 0.000134468
2 0.603027 0.32666 0.0498047 0.0380859 0.000135779
0 0.519043 0.408203 0.223633 0.142578 0.000136256
9 0.351074 0.625977 0.229492 0.0429688 0.000136852
8 0.791992 0.57959 0.0117188 0.00878906 0.000137448
11 0.625488 0.21582 0.0947266 0.0898438 0.000138044
12 0.794922 0.649414 0.236328 0.15625 0.000140667
2 0.232422 0.553711 0.339844 0.289062 0.000141382
11 0.0654297 0.688477 0.09375 0.136719 0.000144005
9 0.125488 0.407715 0.250977 0.625977 0.000145078
9 0.560059 0.292969 0.239258 0.212891 0.000145555
9 0.463867 0.535156 0.525391 0.414062 0.000145793
7 0.324707 0.522949 0.137695 0.155273 0.000148535
9 0.487305 0.608887 0.300781 0.387695 0.000149012
3 0.410156 0.959473 0.410156 0.0791016 0.000149131
9 0.443359 0.947754 0.421875 0.104492 0.000149131
3 0.525879 0.354004 0.233398 0.182617 0.0001508
9 0.58252 0.390625 0.219727 0.234375 0.00015223
4 0.828125 0.637695 0.103516 0.0800781 0.000154376
9 0.787109 0.224121 0.328125 0.137695 0.000156283
9 0.756836 0.65918 0.298828 0.158203 0.000156403
9 0.815918 0.129395 0.362305 0.231445 0.000159502
5 0.305664 0.222656 0.345703 0.138672 0.000162601
13 0.295898 0.539062 0.0839844 0.0371094 0.000163555
2 0.60498 0.340332 0.110352 0.120117 0.000166893
5 0.322266 0.319824 0.277344 0.266602 0.000167131
3 0.816406 0.617188 0.158203 0.183594 0.000167251
11 0.821777 0.634277 0.0400391 0.0283203 0.000168085
10 0.866699 0.670898 0.0712891 0.0976562 0.000169516
9 0.401855 0.631348 0.458008 0.178711 0.000171065
13 0.86084 0.519043 0.0498047 0.0439453 0.00017488
11 0.806641 0.702148 0.21875 0.144531 0.000174999
11 0.400391 0.166504 0.109375 0.0224609 0.000174999
9 0.126953 0.618652 0.185547 0.239258 0.000176191
11 0.743164 0.463867 0.347656 0.568359 0.000176787
6 0.346191 0.509766 0.182617 0.308594 0.00017786
2 0.150391 0.580566 0.107422 0.0849609 0.000178337
10 0.827148 0.63623 0.0644531 0.0498047 0.000183821
9 0.710938 0.208008 0.259766 0.09375 0.000184774
0 0.232422 0.553711 0.339844 0.289062 0.000184894
6 0.817871 0.633789 0.0302734 0.0214844 0.00018549
5 0.711914 0.619141 0.392578 0.271484 0.000186443
9 0.625977 0.728516 0.53125 0.214844 0.000189781
9 0.421875 0.974121 0.400391 0.0517578 0.000193477
9 0.541016 0.167969 0.03125 0.0292969 0.000195622
9 0.487793 0.375 0.231445 0.271484 0.000196338
3 0.412598 0.765137 0.782227 0.366211 0.000197053
5 0.361328 0.494629 0.126953 0.172852 0.000198245
9 0.305664 0.222656 0.345703 0.138672 0.000200152
4 0.745605 0.46582 0.34668 0.548828 0.000202179
11 0.814453 0.246582 0.117188 0.12207 0.000202656
8 0.144043 0.562988 0.0126953 0.00878906 0.000203371
11 0.431152 0.216309 0.0498047 0.0224609 0.000203848
9 0.578125 0.350098 0.119141 0.0986328 0.000206113
9 0.191406 0.583008 0.21875 0.193359 0.000207186
12 0.232422 0.553711 0.339844 0.289062 0.000208497
5 0.132324 0.500977 0.256836 0.509766 0.000209928
7 0.793945 0.677734 0.246094 0.140625 0.000210166
10 0.0654297 0.688477 0.09375 0.136719 0.000214934
2 0.308594 0.542969 0.121094 0.0644531 0.000222445
11 0.270508 0.209473 0.3125 0.112305 0.000224829
11 0.26709 0.20752 0.168945 0.0888672 0.000227332
8 0.366211 0.421875 0.0253906 0.0195312 0.000232697
6 0.280762 0.553223 0.317383 0.108398 0.000232816
9 0.296875 0.575195 0.207031 0.138672 0.000233054
5 0.82373 0.634277 0.0322266 0.0244141 0.000233173
8 0.820312 0.63623 0.09375 0.0888672 0.000233293
5 0.138672 0.557617 0.169922 0.292969 0.000236273
9 0.681641 0.695801 0.404297 0.0947266 0.00023675
6 0.768555 0.597168 0.279297 0.272461 0.000237465
3 0.382324 0.618652 0.641602 0.245117 0.000240207
1 0.743164 0.463867 0.347656 0.568359 0.000243545
0 0.577148 0.383789 0.212891 0.144531 0.000249624
6 0.84082 0.65918 0.113281 0.123047 0.000252962
13 0.793457 0.568359 0.209961 0.304688 0.000256777
1 0.818848 0.643555 0.15918 0.146484 0.000263214
11 0.827148 0.63623 0.0644531 0.0498047 0.000263453
11 0.828125 0.637695 0.103516 0.0800781 0.000263691
8 0.631836 0.536133 0.0117188 0.0117188 0.000267267
3 0.585938 0.671875 0.441406 0.119141 0.000268221
9 0.742676 0.314453 0.303711 0.271484 0.000268936
10 0.232422 0.553711 0.339844 0.289062 0.000273705
8 0.820801 0.627441 0.12793 0.174805 0.00027442
9 0.383301 0.452148 0.254883 0.490234 0.000278473
11 0.244141 0.448242 0.451172 0.587891 0.000285387
7 0.232422 0.553711 0.339844 0.289062 0.000294685
10 0.82373 0.597168 0.166992 0.22168 0.000296831
8 0.745605 0.46582 0.34668 0.548828 0.000303268
6 0.821777 0.635254 0.0458984 0.0322266 0.000309706
9 0.253906 0.940918 0.361328 0.116211 0.000311136
11 0.336426 0.180664 0.137695 0.0253906 0.00031352
2 0.137207 0.571777 0.0712891 0.0556641 0.000322342
9 0.324219 0.522949 0.136719 0.15332 0.000323057
2 0.743164 0.463867 0.347656 0.568359 0.000325918
5 0.189941 0.505371 0.178711 0.110352 0.000326157
10 0.115723 0.662598 0.188477 0.21582 0.000329018
11 0.883789 0.715332 0.0859375 0.120117 0.000335455
9 0.239258 0.213867 0.449219 0.261719 0.000339031
0 0.861816 0.518555 0.0537109 0.046875 0.000343323
9 0.412109 0.268555 0.140625 0.197266 0.000346899
5 0.238281 0.45166 0.335938 0.227539 0.000353336
2 0.820312 0.63623 0.09375 0.0888672 0.000361204
4 0.244141 0.448242 0.451172 0.587891 0.000361919
9 0.466797 0.281738 0.273438 0.239258 0.00036478
13 0.324219 0.515625 0.105469 0.0820312 0.000365257
13 0.229004 0.579102 0.327148 0.222656 0.000369549
13 0.817871 0.633789 0.0302734 0.0214844 0.000376225
11 0.742676 0.219238 0.301758 0.114258 0.00037837
5 0.804199 0.62793 0.108398 0.115234 0.000381708
9 0.36377 0.622559 0.0126953 0.0107422 0.0003829
1 0.244141 0.448242 0.451172 0.587891 0.000385284
5 0.751953 0.470215 0.289062 0.225586 0.000386953
4 0.81543 0.633789 0.166016 0.1875 0.000388861
5 0.185547 0.496094 0.121094 0.0644531 0.000391245
11 0.361328 0.17041 0.167969 0.0341797 0.000394821
9 0.242676 0.745117 0.399414 0.236328 0.000400782
6 0.820312 0.630859 0.0625 0.0546875 0.000415564
10 0.882812 0.659668 0.125 0.182617 0.00041914
9 0.580566 0.585938 0.430664 0.240234 0.000435352
9 0.857422 0.673828 0.117188 0.123047 0.000446081
0 0.934082 0.908691 0.131836 0.182617 0.000448465
7 0.854492 0.651367 0.119141 0.128906 0.000467539
9 0.292969 0.658203 0.414062 0.111328 0.000473738
8 0.244141 0.448242 0.451172 0.587891 0.000481129
3 0.778809 0.664551 0.266602 0.149414 0.000487566
11 0.674316 0.176758 0.100586 0.0195312 0.000493526
9 0.346191 0.509766 0.182617 0.308594 0.000511169
2 0.820801 0.627441 0.12793 0.174805 0.000520706
7 0.743164 0.463867 0.347656 0.568359 0.000522614
0 0.745605 0.46582 0.34668 0.548828 0.00052309
2 0.244141 0.448242 0.451172 0.587891 0.000526428
2 0.819336 0.634277 0.0410156 0.0283203 0.000527382
9 0.0825195 0.970215 0.0166016 0.0283203 0.00053072
7 0.319824 0.54541 0.114258 0.0830078 0.000553131
5 0.254883 0.269531 0.462891 0.263672 0.000565529
6 0.320312 0.535645 0.134766 0.147461 0.000579357
2 0.820312 0.630859 0.0625 0.0546875 0.000581741
11 0.649902 0.20459 0.12207 0.0576172 0.000592709
10 0.743164 0.463867 0.347656 0.568359 0.000596046
5 0.60498 0.5625 0.512695 0.310547 0.000614166
5 0.304688 0.521973 0.179688 0.174805 0.000619411
8 0.859863 0.51709 0.0478516 0.0400391 0.000629425
0 0.537598 0.292969 0.235352 0.189453 0.000650883
9 0.86084 0.519043 0.0498047 0.0439453 0.000653267
2 0.60791 0.344238 0.0556641 0.0732422 0.000662804
0 0.244141 0.448242 0.451172 0.587891 0.000678062
5 0.756836 0.65918 0.298828 0.158203 0.000686169
11 0.288086 0.191406 0.119141 0.0546875 0.000690937
5 0.841797 0.658203 0.113281 0.125 0.000694752
11 0.816895 0.64209 0.15918 0.149414 0.000733376
13 0.291016 0.520508 0.291016 0.287109 0.000738621
9 0.789062 0.706055 0.244141 0.115234 0.000744343
10 0.244141 0.448242 0.451172 0.587891 0.000750065
10 0.844727 0.640625 0.117188 0.132812 0.00075388
3 0.77002 0.589844 0.274414 0.261719 0.000759602
9 0.820312 0.634766 0.03125 0.0214844 0.000775814
7 0.820801 0.634766 0.0341797 0.0253906 0.000786781
10 0.794922 0.706055 0.289062 0.162109 0.000802994
11 0.663574 0.182129 0.133789 0.0361328 0.000826359
5 0.343262 0.591309 0.297852 0.299805 0.000850201
8 0.820312 0.630859 0.0625 0.0546875 0.000855446
13 0.745605 0.46582 0.34668 0.548828 0.000859261
11 0.748535 0.209473 0.176758 0.0810547 0.000862122
5 0.383301 0.452148 0.254883 0.490234 0.000870228
7 0.244141 0.448242 0.451172 0.587891 0.000893593
6 0.232422 0.553711 0.339844 0.289062 0.0008955
3 0.232422 0.553711 0.339844 0.289062 0.000900269
11 0.335938 0.182617 0.181641 0.0429688 0.000920296
5 0.324707 0.533203 0.110352 0.0742188 0.000937462
9 0.793457 0.568359 0.209961 0.304688 0.000963211
9 0.293457 0.645508 0.24707 0.0683594 0.00100803
13 0.293945 0.562988 0.189453 0.0966797 0.00100899
5 0.235352 0.657227 0.363281 0.201172 0.00101089
13 0.172852 0.496094 0.0957031 0.0546875 0.00102234
5 0.15625 0.608887 0.142578 0.118164 0.001091
11 0.629883 0.210938 0.0722656 0.0410156 0.00109386
12 0.743164 0.463867 0.347656 0.568359 0.00115681
13 0.820312 0.62793 0.130859 0.15625 0.00118446
10 0.208496 0.66748 0.358398 0.168945 0.00119686
9 0.529785 0.351562 0.225586 0.160156 0.00123692
5 0.820312 0.630859 0.0625 0.0546875 0.00126171
9 0.318359 0.550781 0.113281 0.0820312 0.0013113
2 0.36377 0.623047 0.0126953 0.0117188 0.00134087
12 0.245605 0.425293 0.459961 0.583008 0.00146389
9 0.232422 0.553711 0.339844 0.289062 0.00147057
8 0.36377 0.622559 0.0126953 0.0107422 0.00149059
13 0.244141 0.448242 0.451172 0.587891 0.00158119
13 0.281738 0.542969 0.30957 0.130859 0.00161552
6 0.319336 0.54541 0.113281 0.0791016 0.00176334
11 0.688965 0.194336 0.206055 0.0449219 0.00182724
13 0.820801 0.63623 0.0947266 0.0791016 0.00188446
9 0.5 0.453613 0.306641 0.485352 0.00188446
9 0.820312 0.63623 0.09375 0.0888672 0.00196648
6 0.80957 0.623535 0.169922 0.180664 0.00196648
7 0.82959 0.637695 0.0986328 0.0839844 0.00196838
6 0.745605 0.46582 0.34668 0.548828 0.00198936
3 0.745605 0.46582 0.34668 0.548828 0.0020237
3 0.421387 0.981445 0.413086 0.0351562 0.00208092
7 0.827148 0.63623 0.0644531 0.0498047 0.00222778
8 0.650879 0.556641 0.0205078 0.015625 0.00227356
9 0.235352 0.657227 0.363281 0.201172 0.00238991
8 0.715332 0.492188 0.0126953 0.00976562 0.00249863
9 0.820312 0.630859 0.0625 0.0546875 0.00257492
13 0.324219 0.522949 0.136719 0.15332 0.00260162
11 0.859375 0.685547 0.111328 0.126953 0.00285339
0 0.513184 0.387207 0.270508 0.262695 0.00289154
10 0.868164 0.703613 0.0976562 0.120117 0.00290298
11 0.791992 0.221191 0.103516 0.0751953 0.00293922
0 0.579102 0.354492 0.123047 0.0996094 0.003088
9 0.821777 0.635254 0.0458984 0.0322266 0.00322533
9 0.818848 0.643555 0.15918 0.146484 0.00325203
13 0.821777 0.635254 0.0458984 0.0322266 0.00333214
5 0.263184 0.566895 0.260742 0.137695 0.0033741
5 0.742188 0.313477 0.283203 0.253906 0.0035305
6 0.244141 0.448242 0.451172 0.587891 0.00373077
9 0.244141 0.448242 0.451172 0.587891 0.00380325
9 0.743164 0.463867 0.347656 0.568359 0.00380707
5 0.188965 0.584473 0.209961 0.180664 0.00445938
3 0.244141 0.448242 0.451172 0.587891 0.00571442
7 0.81543 0.633789 0.166016 0.1875 0.0063591
5 0.346191 0.509766 0.182617 0.308594 0.00670242
2 0.86084 0.519043 0.0498047 0.0439453 0.0074501
10 0.793457 0.650391 0.233398 0.15625 0.00774384
5 0.309082 0.55957 0.135742 0.105469 0.0088501
5 0.80957 0.624023 0.166016 0.169922 0.0106735
3 0.581543 0.605469 0.454102 0.208984 0.0119629
8 0.820801 0.634766 0.0341797 0.0253906 0.0119705
13 0.317383 0.542969 0.113281 0.0703125 0.0149689
0 0.533691 0.351074 0.21582 0.145508 0.0216522
10 0.834473 0.677734 0.15332 0.126953 0.0243073
5 0.793457 0.568359 0.209961 0.304688 0.0322876
5 0.22998 0.555176 0.333008 0.268555 0.059021
5 0.745605 0.466797 0.348633 0.544922 0.117249
5 0.244141 0.448242 0.451172 0.587891 0.159424
