11 0.799805 0.452637 0.126953 0.362305 0.000999451
13 0.652832 0.20459 0.200195 0.125977 0.00100231
6 0.840332 0.671387 0.0791016 0.133789 0.00100327
13 0.589844 0.181641 0.0527344 0.0429688 0.00100517
11 0.842285 0.568359 0.0537109 0.0625 0.00100803
7 0.852539 0.694824 0.0507812 0.0751953 0.00100994
13 0.383301 0.360352 0.0693359 0.0625 0.00101376
9 0.85791 0.581543 0.0166016 0.0185547 0.00101852
13 0.627441 0.14502 0.139648 0.0341797 0.00102329
8 0.285645 0.430176 0.0224609 0.0146484 0.00104618
9 0.259766 0.57666 0.046875 0.0244141 0.0010519
12 0.277832 0.242188 0.131836 0.0878906 0.00106716
13 0.844238 0.711914 0.0537109 0.0761719 0.00107765
13 0.359863 0.205078 0.0712891 0.046875 0.00109673
13 0.863281 0.740234 0.0566406 0.101562 0.00109863
7 0.163574 0.78418 0.0517578 0.0605469 0.00109959
9 0.244141 0.333008 0.0585938 0.0839844 0.00110149
11 0.222656 0.709473 0.0332031 0.0263672 0.00110912
13 0.768066 0.399902 0.0537109 0.0322266 0.00111008
9 0.271484 0.334961 0.203125 0.222656 0.00111485
13 0.79834 0.34082 0.0380859 0.101562 0.00112247
6 0.254883 0.560547 0.152344 0.205078 0.00112438
13 0.310059 0.229492 0.276367 0.25 0.00113678
13 0.755371 0.405762 0.0439453 0.0283203 0.00113773
7 0.196777 0.648438 0.0966797 0.201172 0.00113964
1 0.324707 0.204102 0.174805 0.0898438 0.00114918
0 0.324219 0.276855 0.203125 0.208008 0.00115299
9 0.507812 0.442383 0.146484 0.443359 0.00115585
1 0.355957 0.272949 0.147461 0.192383 0.00115585
13 0.222656 0.716309 0.0625 0.0419922 0.00117779
11 0.837891 0.748047 0.109375 0.0917969 0.0011797
10 0.154297 0.796875 0.0488281 0.0644531 0.0011797
11 0.374512 0.196777 0.0751953 0.0517578 0.00119305
7 0.79834 0.337891 0.0244141 0.0371094 0.00120258
13 0.378418 0.598633 0.0947266 0.144531 0.00121021
8 0.740234 0.36377 0.0195312 0.0107422 0.00121403
7 0.368164 0.319824 0.101562 0.129883 0.00121498
12 0.324219 0.276855 0.203125 0.208008 0.0012188
7 0.852051 0.577637 0.0302734 0.0341797 0.00122452
3 0.324219 0.276855 0.203125 0.208008 0.00123215
11 0.871582 0.730469 0.0458984 0.0800781 0.00123405
7 0.782227 0.407715 0.111328 0.274414 0.00123978
7 0.291992 0.713867 0.261719 0.105469 0.00124168
12 0.632812 0.14502 0.142578 0.0361328 0.00124264
7 0.700684 0.526855 0.0205078 0.0146484 0.00126171
11 0.607422 0.171387 0.103516 0.0654297 0.00127029
7 0.824219 0.58252 0.0957031 0.0927734 0.00127125
7 0.632812 0.14502 0.142578 0.0361328 0.00127125
8 0.801758 0.488281 0.146484 0.414062 0.00127792
13 0.221191 0.708008 0.0322266 0.0253906 0.00128937
4 0.344727 0.188477 0.128906 0.0566406 0.00129318
13 0.754395 0.356445 0.202148 0.212891 0.00130653
8 0.80957 0.375488 0.0527344 0.110352 0.00131893
13 0.700684 0.297852 0.250977 0.228516 0.00132179
12 0.790527 0.352051 0.0849609 0.166992 0.00133705
8 0.84082 0.557617 0.0371094 0.03125 0.00133801
8 0.288086 0.677734 0.0722656 0.0546875 0.00134563
8 0.251465 0.494141 0.0380859 0.0332031 0.0013504
8 0.305664 0.236816 0.0800781 0.0615234 0.00135708
1 0.839844 0.627441 0.0800781 0.200195 0.00135899
6 0.368164 0.319824 0.101562 0.129883 0.00137806
10 0.211914 0.765137 0.164062 0.104492 0.00138664
12 0.345703 0.188477 0.126953 0.0566406 0.00139141
2 0.843262 0.571289 0.0458984 0.0546875 0.00139713
9 0.182617 0.62207 0.0332031 0.0332031 0.00140858
8 0.759766 0.402344 0.0410156 0.0332031 0.00141048
9 0.746094 0.494141 0.275391 0.505859 0.00141811
9 0.273926 0.480469 0.249023 0.472656 0.00141907
2 0.799805 0.452637 0.126953 0.362305 0.00142002
0 0.512207 0.318359 0.200195 0.140625 0.00143528
8 0.29541 0.52002 0.0166016 0.0126953 0.00144768
9 0.552246 0.311523 0.108398 0.115234 0.00146103
7 0.236816 0.57959 0.135742 0.0947266 0.00147247
0 0.875 0.760254 0.0566406 0.0830078 0.00147438
4 0.811035 0.630859 0.145508 0.212891 0.00147915
9 0.853027 0.690918 0.0537109 0.0673828 0.00148582
9 0.235352 0.57666 0.0996094 0.0498047 0.00151157
13 0.311035 0.23584 0.0791016 0.0654297 0.00151443
7 0.737305 0.617188 0.251953 0.224609 0.00152397
13 0.830566 0.674316 0.0888672 0.0400391 0.00153542
7 0.77832 0.319824 0.0917969 0.182617 0.00153923
11 0.243652 0.258789 0.100586 0.0917969 0.00155354
13 0.300781 0.41748 0.28125 0.493164 0.00155544
5 0.220215 0.354492 0.0966797 0.150391 0.00156498
9 0.79834 0.34082 0.0380859 0.101562 0.00156689
5 0.783691 0.353027 0.0888672 0.15918 0.0015707
7 0.85791 0.581055 0.0185547 0.0195312 0.00157928
6 0.288086 0.436035 0.261719 0.446289 0.00159264
7 0.178711 0.626953 0.0410156 0.0625 0.00159454
2 0.559082 0.210449 0.0380859 0.0322266 0.00163364
13 0.28125 0.562012 0.166016 0.114258 0.00163937
8 0.695312 0.510254 0.0253906 0.0185547 0.00166416
7 0.259766 0.57666 0.046875 0.0244141 0.00166893
13 0.256836 0.604492 0.164062 0.136719 0.00168991
11 0.153809 0.766602 0.0478516 0.0703125 0.00169086
6 0.236816 0.57959 0.135742 0.0947266 0.00169373
9 0.344727 0.189453 0.126953 0.0546875 0.00169849
8 0.55957 0.210938 0.0371094 0.0332031 0.00172043
13 0.316895 0.199707 0.0576172 0.0224609 0.0017252
7 0.788574 0.335449 0.0556641 0.129883 0.00174809
8 0.75 0.365723 0.0117188 0.00878906 0.00175762
1 0.304199 0.291992 0.223633 0.248047 0.00176525
1 0.280762 0.246094 0.114258 0.0800781 0.00183868
6 0.248047 0.331543 0.0625 0.0830078 0.00184822
8 0.762695 0.347168 0.015625 0.0126953 0.00187206
7 0.825195 0.563965 0.101562 0.262695 0.00187874
2 0.370605 0.505859 0.100586 0.109375 0.00190449
13 0.825195 0.563965 0.101562 0.262695 0.00190639
7 0.246582 0.499023 0.192383 0.470703 0.00191784
8 0.832031 0.579102 0.0371094 0.0332031 0.00193882
9 0.178711 0.626953 0.0410156 0.0625 0.00197411
11 0.848145 0.71582 0.0498047 0.0644531 0.00197983
7 0.22168 0.708984 0.03125 0.0234375 0.00200081
8 0.223633 0.710449 0.0449219 0.0380859 0.00201225
7 0.182617 0.619629 0.0332031 0.0283203 0.00208473
5 0.291016 0.435547 0.271484 0.474609 0.00209999
6 0.739746 0.634277 0.286133 0.25293 0.00209999
11 0.300293 0.295898 0.237305 0.251953 0.00212288
9 0.79834 0.340332 0.0283203 0.0380859 0.00212479
8 0.691895 0.519043 0.0361328 0.0341797 0.00213051
11 0.638184 0.167969 0.176758 0.0878906 0.00218773
9 0.520508 0.555664 0.216797 0.382812 0.00219917
5 0.228027 0.399414 0.135742 0.232422 0.0022068
13 0.317871 0.487305 0.198242 0.302734 0.00224304
13 0.334473 0.190918 0.0732422 0.0400391 0.00227547
13 0.35791 0.276367 0.112305 0.123047 0.00230408
10 0.324219 0.276855 0.203125 0.208008 0.0023098
13 0.210449 0.572266 0.0869141 0.0292969 0.0023365
11 0.624023 0.130859 0.132812 0.0429688 0.00234985
7 0.243652 0.333008 0.0634766 0.0859375 0.00237656
3 0.552246 0.311523 0.108398 0.115234 0.00239182
7 0.305176 0.240234 0.0869141 0.0644531 0.00239944
7 0.254883 0.560547 0.152344 0.205078 0.0024395
9 0.559082 0.210449 0.0380859 0.0322266 0.00256538
4 0.791016 0.36084 0.0957031 0.155273 0.00257683
11 0.312012 0.182617 0.108398 0.0527344 0.00260735
6 0.234863 0.577148 0.100586 0.0507812 0.0026989
11 0.835449 0.634766 0.0888672 0.195312 0.00270081
9 0.515137 0.719238 0.155273 0.477539 0.00272179
2 0.222656 0.709473 0.0332031 0.0263672 0.0027256
13 0.313477 0.46582 0.0917969 0.0507812 0.00279236
1 0.632812 0.145508 0.138672 0.0351562 0.00281143
2 0.341309 0.488281 0.106445 0.0820312 0.0028286
11 0.203125 0.744629 0.111328 0.0849609 0.00288391
8 0.786133 0.572754 0.0175781 0.0166016 0.00290489
13 0.782227 0.319824 0.0703125 0.125977 0.00297737
13 0.831055 0.578613 0.0390625 0.0361328 0.00299644
9 0.23291 0.356934 0.0888672 0.131836 0.00300217
8 0.835449 0.633789 0.0888672 0.197266 0.00301743
7 0.359375 0.286621 0.152344 0.206055 0.003088
2 0.850586 0.692383 0.0546875 0.078125 0.00311089
6 0.228027 0.399414 0.135742 0.232422 0.00318909
1 0.790039 0.366699 0.0839844 0.145508 0.00319481
13 0.238281 0.543457 0.15625 0.223633 0.00323486
6 0.825684 0.601074 0.0966797 0.12793 0.0032444
8 0.304688 0.257812 0.216797 0.166016 0.0032692
9 0.224609 0.727539 0.132812 0.0761719 0.0032959
11 0.85498 0.696289 0.0498047 0.0722656 0.00331688
11 0.810547 0.397461 0.0449219 0.0703125 0.00337982
8 0.85498 0.577637 0.0224609 0.0302734 0.00341606
8 0.263184 0.575684 0.0869141 0.0302734 0.00343895
8 0.304199 0.243164 0.143555 0.0839844 0.00347519
6 0.335449 0.214844 0.165039 0.107422 0.00348663
13 0.577148 0.193848 0.078125 0.0712891 0.00348663
11 0.229004 0.729004 0.0556641 0.0361328 0.00349236
13 0.601562 0.172363 0.0429688 0.0458984 0.00349617
13 0.824219 0.58252 0.0957031 0.0927734 0.00354004
13 0.373047 0.18457 0.0878906 0.0507812 0.00357056
8 0.811035 0.393555 0.0419922 0.0605469 0.00357056
13 0.660156 0.688965 0.0429688 0.0380859 0.0036602
9 0.338867 0.267578 0.167969 0.185547 0.0036869
13 0.348145 0.48584 0.0576172 0.0419922 0.00370979
9 0.281738 0.240234 0.143555 0.09375 0.00387764
6 0.344727 0.194336 0.121094 0.0546875 0.00395584
1 0.344727 0.189453 0.126953 0.0546875 0.0039711
13 0.813477 0.663086 0.105469 0.0351562 0.00403214
13 0.791504 0.515137 0.176758 0.428711 0.00408936
5 0.266113 0.361328 0.149414 0.160156 0.00412369
7 0.839355 0.617676 0.0771484 0.168945 0.00418854
7 0.235352 0.57666 0.0996094 0.0498047 0.00420761
9 0.22168 0.708984 0.03125 0.0234375 0.00421906
13 0.303711 0.470703 0.164062 0.152344 0.00423431
13 0.387207 0.546875 0.0966797 0.171875 0.00437546
13 0.351074 0.233887 0.116211 0.118164 0.0044632
9 0.765625 0.617676 0.236328 0.256836 0.00450134
13 0.854492 0.703125 0.0625 0.150391 0.00454712
13 0.267578 0.576172 0.03125 0.0214844 0.00459671
11 0.231445 0.729492 0.117188 0.0605469 0.00465012
13 0.856445 0.676758 0.0410156 0.0390625 0.004673
8 0.793457 0.359863 0.0830078 0.151367 0.00468445
2 0.338867 0.267578 0.167969 0.185547 0.00487137
11 0.382812 0.181152 0.0957031 0.0478516 0.00488281
9 0.231445 0.642578 0.160156 0.238281 0.00494766
2 0.789551 0.352051 0.0869141 0.168945 0.00498199
13 0.813965 0.661621 0.124023 0.0830078 0.0050621
11 0.270508 0.203125 0.0859375 0.0703125 0.00525665
4 0.842773 0.568848 0.0507812 0.0556641 0.0053215
7 0.335449 0.214844 0.165039 0.107422 0.00532913
5 0.23877 0.643066 0.168945 0.239258 0.00534439
4 0.293457 0.241211 0.147461 0.09375 0.00543213
13 0.559082 0.210449 0.0380859 0.0322266 0.00545502
11 0.62793 0.144043 0.0761719 0.0224609 0.00555038
10 0.865723 0.755371 0.0966797 0.0986328 0.00556946
7 0.769043 0.499512 0.202148 0.448242 0.00576401
10 0.862793 0.736816 0.0595703 0.0830078 0.00577545
7 0.23877 0.643066 0.168945 0.239258 0.00583649
13 0.211426 0.72998 0.108398 0.0693359 0.0059166
7 0.271484 0.334961 0.203125 0.222656 0.00594711
8 0.766113 0.348633 0.0107422 0.00976562 0.00606155
9 0.8125 0.396484 0.0410156 0.0722656 0.00608444
9 0.289062 0.722656 0.261719 0.0898438 0.00623703
9 0.801758 0.488281 0.146484 0.414062 0.00649261
13 0.23584 0.70459 0.165039 0.129883 0.00673294
13 0.256348 0.540039 0.211914 0.410156 0.00681686
13 0.269531 0.331055 0.117188 0.125 0.00689697
6 0.766602 0.518066 0.222656 0.424805 0.0069046
13 0.851074 0.711914 0.0361328 0.0429688 0.00725174
13 0.317871 0.199707 0.124023 0.0341797 0.00744629
13 0.267578 0.576172 0.0546875 0.0273438 0.00762558
7 0.808105 0.396484 0.0458984 0.0761719 0.00769806
11 0.591797 0.151855 0.113281 0.0322266 0.00770187
5 0.318359 0.288574 0.212891 0.219727 0.0079422
13 0.848145 0.671387 0.0595703 0.0634766 0.00803375
6 0.842773 0.568848 0.0507812 0.0556641 0.00834656
4 0.304688 0.257812 0.216797 0.166016 0.00836182
7 0.811035 0.630859 0.145508 0.212891 0.00857544
8 0.289062 0.680664 0.0273438 0.0253906 0.00866699
6 0.23877 0.643066 0.168945 0.239258 0.00899506
11 0.16748 0.774902 0.0966797 0.0908203 0.00912476
6 0.791016 0.36084 0.0957031 0.155273 0.00945282
10 0.16748 0.774902 0.0966797 0.0908203 0.00952148
11 0.320801 0.197266 0.176758 0.0976562 0.00952148
11 0.375 0.166016 0.0742188 0.0234375 0.00967407
7 0.224121 0.358398 0.108398 0.148438 0.0100555
13 0.370605 0.335449 0.0927734 0.114258 0.0104141
8 0.699219 0.525879 0.0292969 0.0224609 0.0106277
13 0.758301 0.614746 0.256836 0.264648 0.0106888
9 0.839355 0.571777 0.0458984 0.0556641 0.0108032
11 0.322754 0.242188 0.188477 0.140625 0.0109329
11 0.351562 0.161621 0.111328 0.0263672 0.0109634
13 0.324707 0.204102 0.174805 0.0898438 0.0111923
8 0.180176 0.627441 0.0400391 0.0478516 0.0113373
2 0.835938 0.634277 0.0878906 0.196289 0.0115356
6 0.293457 0.241211 0.147461 0.09375 0.0123444
9 0.835938 0.634277 0.0878906 0.196289 0.0125427
8 0.770508 0.430664 0.0136719 0.0117188 0.0131149
13 0.269043 0.588379 0.141602 0.0576172 0.0131989
6 0.23291 0.356934 0.0888672 0.131836 0.013298
5 0.817383 0.633301 0.128906 0.206055 0.0133133
11 0.857422 0.725586 0.0625 0.117188 0.0139694
5 0.746094 0.494141 0.275391 0.505859 0.014534
1 0.307617 0.242188 0.199219 0.125 0.014534
11 0.279297 0.244629 0.144531 0.100586 0.0146637
6 0.271484 0.334961 0.203125 0.222656 0.0172729
7 0.344727 0.188477 0.128906 0.0566406 0.0187683
7 0.789062 0.369629 0.0878906 0.139648 0.0188293
8 0.265137 0.576172 0.0263672 0.0195312 0.0196381
13 0.837891 0.572754 0.0546875 0.0615234 0.0203094
13 0.347656 0.495605 0.117188 0.0927734 0.0208893
9 0.793457 0.359863 0.0830078 0.151367 0.0237274
13 0.840332 0.671387 0.0791016 0.133789 0.0238953
13 0.238281 0.570801 0.128906 0.0771484 0.0239563
11 0.789551 0.352051 0.0869141 0.168945 0.0240021
10 0.879395 0.776855 0.0380859 0.0478516 0.0245209
8 0.842285 0.569824 0.0498047 0.0537109 0.024765
8 0.859375 0.581543 0.0175781 0.0205078 0.0267181
13 0.231445 0.63623 0.162109 0.239258 0.0295563
11 0.876465 0.775879 0.0400391 0.0517578 0.0344849
13 0.240234 0.343262 0.140625 0.182617 0.034668
6 0.811035 0.630859 0.145508 0.212891 0.035614
11 0.646484 0.155762 0.169922 0.0419922 0.0385132
7 0.277832 0.241699 0.133789 0.0888672 0.0387573
5 0.765625 0.617676 0.236328 0.256836 0.0400391
7 0.842773 0.568848 0.0507812 0.0556641 0.0408325
7 0.304688 0.257812 0.216797 0.166016 0.0427246
13 0.787109 0.359863 0.0957031 0.161133 0.0437622
13 0.29834 0.312988 0.237305 0.254883 0.0471191
13 0.839844 0.618164 0.0820312 0.154297 0.0477905
13 0.293457 0.241211 0.147461 0.09375 0.0488586
8 0.186035 0.620117 0.0302734 0.0253906 0.0489502
11 0.344727 0.189453 0.126953 0.0546875 0.0499878
13 0.344727 0.194336 0.121094 0.0546875 0.052887
8 0.22168 0.708984 0.03125 0.0234375 0.0607605
13 0.244141 0.333008 0.0585938 0.0839844 0.0633545
6 0.330566 0.271973 0.18457 0.192383 0.0679932
11 0.360352 0.171875 0.107422 0.0351562 0.0716553
13 0.23584 0.354004 0.0869141 0.131836 0.081665
8 0.700684 0.526855 0.0205078 0.0146484 0.0866089
9 0.501953 0.592773 0.138672 0.269531 0.0917358
13 0.331543 0.477539 0.0830078 0.0488281 0.0922852
13 0.853516 0.694336 0.0488281 0.0683594 0.0934448
10 0.873047 0.757324 0.0546875 0.0751953 0.104614
13 0.241699 0.576172 0.104492 0.0390625 0.108521
13 0.8125 0.634766 0.136719 0.210938 0.131104
10 0.162598 0.780273 0.0498047 0.0605469 0.140991
11 0.870605 0.755859 0.0576172 0.078125 0.161133
11 0.164551 0.782227 0.0537109 0.0644531 0.203003
13 0.338867 0.267578 0.167969 0.185547 0.247559
11 0.629395 0.145508 0.131836 0.0332031 0.45166
0 0.55127 0.305664 0.106445 0.103516 0.494385
