11 0.850098 0.192383 0.0595703 0.0488281 0.000100493
9 0.802246 0.349121 0.106445 0.0693359 0.000101388
12 0.161133 0.0942383 0.322266 0.170898 0.000101447
7 0.411621 0.552734 0.0673828 0.0625 0.000102937
13 0.822266 0.288086 0.109375 0.0585938 0.000104547
11 0.395508 0.126465 0.0605469 0.0166016 0.000104606
13 0.369141 0.352051 0.0449219 0.0205078 0.000106215
13 0.696777 0.591309 0.0810547 0.118164 0.000106752
13 0.202148 0.40625 0.0878906 0.0664062 0.000107288
8 0.309082 0.632324 0.0205078 0.0205078 0.000108182
8 0.0078125 0.369629 0.015625 0.0517578 0.000108302
9 0.405762 0.547852 0.0517578 0.0507812 0.00010854
9 0.394531 0.780762 0.181641 0.18457 0.000110567
2 0.465332 0.351562 0.0439453 0.0371094 0.000110805
3 0.151367 0.0976562 0.302734 0.183594 0.00011158
2 0.732422 0.629883 0.0351562 0.0410156 0.000111759
13 0.770996 0.273438 0.15332 0.0722656 0.000112116
8 0.429688 0.563965 0.0585938 0.0576172 0.000112414
2 0.359375 0.343262 0.138672 0.0712891 0.000116825
2 0.695801 0.271484 0.0751953 0.162109 0.000116885
11 0.609863 0.144043 0.0693359 0.0439453 0.000117362
11 0.111328 0.825684 0.0625 0.0712891 0.000117481
2 0.693359 0.382324 0.0410156 0.0283203 0.0001176
8 0.29834 0.318848 0.0419922 0.0146484 0.00011909
8 0.376953 0.356445 0.0351562 0.0332031 0.000119209
9 0.313477 0.373047 0.0175781 0.00976562 0.000119448
11 0.365723 0.130371 0.0517578 0.0166016 0.000120878
9 0.396484 0.460449 0.117188 0.168945 0.000122011
7 0.755371 0.13916 0.104492 0.0537109 0.000122547
11 0.664551 0.119629 0.15332 0.0283203 0.000122905
13 0.402832 0.498535 0.120117 0.0439453 0.000125885
9 0.0576172 0.497559 0.0488281 0.0419922 0.000127077
13 0.313477 0.373047 0.0175781 0.0117188 0.000128269
0 0.479004 0.42627 0.0302734 0.0283203 0.000128746
13 0.732422 0.629883 0.0351562 0.0410156 0.000131011
12 0.290527 0.460449 0.360352 0.633789 0.000133038
13 0.828125 0.370605 0.136719 0.0537109 0.000133038
9 0.757324 0.135742 0.0966797 0.0507812 0.000134706
8 0.312012 0.635742 0.0341797 0.03125 0.000136137
9 0.248047 0.269043 0.0546875 0.0400391 0.000136614
8 0.42627 0.564453 0.0966797 0.111328 0.000137329
0 0.101074 0.186523 0.202148 0.373047 0.000137568
5 0.84375 0.556152 0.166016 0.397461 0.000138402
0 0.161133 0.0942383 0.322266 0.170898 0.000139832
7 0.418457 0.5625 0.0908203 0.107422 0.000139832
0 0.10498 0.816895 0.0458984 0.0673828 0.000141978
13 0.368164 0.598633 0.138672 0.257812 0.000142813
8 0.282715 0.641602 0.0244141 0.0195312 0.000143051
0 0.565918 0.327637 0.0947266 0.0986328 0.00014472
0 0.758789 0.137207 0.0976562 0.0517578 0.000145078
13 0.366699 0.496094 0.114258 0.0664062 0.000148535
6 0.161133 0.0942383 0.322266 0.170898 0.000149369
7 0.248047 0.269043 0.0546875 0.0400391 0.000149608
9 0.68457 0.384766 0.0195312 0.015625 0.000150442
9 0.662598 0.487305 0.0966797 0.111328 0.000151157
13 0.731445 0.28125 0.134766 0.136719 0.000151277
11 0.433105 0.164551 0.0986328 0.0810547 0.000156522
13 0.227539 0.430664 0.125 0.0859375 0.000159502
8 0.25 0.267578 0.0507812 0.0351562 0.000160217
13 0.410156 0.478516 0.117188 0.046875 0.000163436
9 0.347656 0.342773 0.136719 0.0761719 0.000165701
13 0.758789 0.137207 0.0976562 0.0517578 0.000168204
8 0.369141 0.35498 0.0234375 0.0146484 0.000168324
10 0.76123 0.137695 0.0966797 0.0527344 0.000168681
13 0.754395 0.495117 0.0439453 0.046875 0.000169277
9 0.724609 0.279785 0.150391 0.192383 0.000171423
12 0.758789 0.136719 0.0976562 0.0527344 0.000172973
13 0.665039 0.481934 0.101562 0.104492 0.000174522
9 0.983398 0.361816 0.0332031 0.0400391 0.000174761
11 0.657715 0.125977 0.0498047 0.015625 0.000175476
13 0.101074 0.186523 0.202148 0.373047 0.000178337
13 0.291992 0.347168 0.150391 0.0712891 0.000180721
8 0.3125 0.372559 0.0175781 0.0166016 0.000181079
9 0.295898 0.704102 0.398438 0.257812 0.000183225
9 0.436035 0.609863 0.131836 0.241211 0.000190973
8 0.79541 0.703613 0.0439453 0.0380859 0.000195503
0 0.525879 0.327148 0.18457 0.132812 0.000196576
13 0.161133 0.0942383 0.322266 0.170898 0.000196695
11 0.669922 0.140137 0.183594 0.0498047 0.000202775
11 0.259766 0.15625 0.0527344 0.0390625 0.000205874
9 0.693848 0.273926 0.0634766 0.149414 0.000210643
13 0.797852 0.264648 0.0625 0.0371094 0.000213027
9 0.546387 0.642578 0.338867 0.294922 0.000219464
2 0.161133 0.0942383 0.322266 0.170898 0.000225663
9 0.418945 0.575684 0.09375 0.133789 0.00022614
13 0.375 0.347168 0.0976562 0.0498047 0.000226855
9 0.290527 0.460449 0.360352 0.633789 0.000226974
4 0.161133 0.0942383 0.322266 0.170898 0.000229955
13 0.382324 0.492676 0.137695 0.274414 0.000232697
8 0.727539 0.645996 0.0722656 0.0849609 0.000233173
11 0.245605 0.16748 0.114258 0.0693359 0.000235677
8 0.301758 0.321777 0.0234375 0.0146484 0.00023973
11 0.753418 0.140137 0.301758 0.176758 0.000240445
13 0.387207 0.487305 0.0771484 0.0253906 0.000245094
2 0.758789 0.137207 0.0976562 0.0517578 0.000245571
8 0.67334 0.510742 0.0400391 0.0371094 0.000246763
1 0.161133 0.0942383 0.322266 0.170898 0.000249147
13 0.349609 0.585449 0.0664062 0.157227 0.000251293
9 0.31543 0.32373 0.220703 0.108398 0.000254393
13 0.278809 0.306152 0.131836 0.0966797 0.000257015
13 0.375488 0.353516 0.0146484 0.0136719 0.000264406
8 0.730469 0.665527 0.0488281 0.0361328 0.000267744
9 0.76416 0.48291 0.344727 0.586914 0.000273228
3 0.160156 0.163574 0.320312 0.223633 0.000275373
8 0.379395 0.351562 0.0263672 0.0195312 0.000277996
11 0.746582 0.131836 0.0517578 0.0292969 0.000286579
8 0.161133 0.0942383 0.322266 0.170898 0.000289917
9 0.375488 0.353516 0.0146484 0.0136719 0.0003016
11 0.317383 0.149902 0.216797 0.0849609 0.000304699
10 0.953125 0.835938 0.046875 0.0742188 0.000305176
9 0.529297 0.463379 0.169922 0.520508 0.000307083
11 0.161133 0.0942383 0.322266 0.170898 0.000320911
1 0.757324 0.135742 0.0966797 0.0507812 0.000327587
5 0.276367 0.466797 0.361328 0.625 0.000334263
9 0.289062 0.836426 0.357422 0.272461 0.000337124
11 0.765625 0.154785 0.115234 0.0771484 0.000350475
11 0.366211 0.126953 0.144531 0.0332031 0.000374317
10 0.108887 0.810059 0.0634766 0.0634766 0.000384092
11 0.4375 0.156738 0.0722656 0.0400391 0.000384808
13 0.700684 0.625977 0.114258 0.185547 0.000392914
13 0.805664 0.275391 0.0820312 0.0351562 0.000406504
8 0.404297 0.545898 0.0449219 0.0429688 0.00042057
13 0.17627 0.442383 0.0458984 0.0214844 0.000429392
11 0.946289 0.833496 0.0449219 0.0712891 0.000432253
11 0.633301 0.149902 0.0927734 0.0771484 0.000434875
13 0.749512 0.321289 0.172852 0.136719 0.000456572
9 0.989746 0.356445 0.0205078 0.0273438 0.000475407
2 0.68457 0.384766 0.0195312 0.015625 0.000478983
13 0.703613 0.235352 0.0556641 0.136719 0.000498772
11 0.308594 0.13623 0.0976562 0.0244141 0.000513077
8 0.328613 0.481445 0.0185547 0.015625 0.000513554
13 0.39209 0.482422 0.118164 0.101562 0.000521183
8 0.410645 0.553223 0.0712891 0.0654297 0.000586033
8 0.643555 0.669434 0.0546875 0.0498047 0.00058794
11 0.660645 0.121582 0.0673828 0.0166016 0.000590801
13 0.802246 0.349121 0.106445 0.0693359 0.000642776
2 0.375488 0.353516 0.0146484 0.0136719 0.000652313
12 0.760254 0.474609 0.342773 0.642578 0.000682831
9 0.512695 0.737305 0.203125 0.498047 0.000705242
9 0.477539 0.425293 0.0253906 0.0283203 0.000726223
8 0.313477 0.373535 0.0136719 0.00878906 0.000743389
13 0.347168 0.335938 0.135742 0.0761719 0.000792027
11 0.335938 0.134277 0.103516 0.0166016 0.000815392
13 0.79248 0.35498 0.0634766 0.0439453 0.000823021
13 0.223145 0.41748 0.0869141 0.0556641 0.000843525
11 0.423828 0.126953 0.0820312 0.0175781 0.00093174
5 0.768555 0.48584 0.332031 0.581055 0.000944614
11 0.641113 0.118164 0.0849609 0.0214844 0.00096941
13 0.693359 0.268066 0.0449219 0.0712891 0.00101566
13 0.31543 0.32373 0.220703 0.108398 0.00101662
8 0.768555 0.571777 0.0390625 0.0361328 0.00102139
2 0.477539 0.425293 0.0253906 0.0283203 0.00113106
8 0.300293 0.320801 0.0126953 0.0107422 0.00113869
8 0.680664 0.449707 0.0488281 0.0341797 0.00121021
11 0.738281 0.123047 0.0546875 0.0253906 0.00129128
11 0.41748 0.147949 0.104492 0.0419922 0.00135231
13 0.69873 0.311035 0.0927734 0.147461 0.00141239
9 0.296387 0.752441 0.358398 0.12793 0.00144672
11 0.727051 0.141113 0.178711 0.0654297 0.00145149
8 0.68457 0.384766 0.0195312 0.015625 0.00147247
13 0.688965 0.26416 0.129883 0.198242 0.00160122
8 0.476562 0.425781 0.0253906 0.0273438 0.00175381
11 0.412598 0.131836 0.108398 0.03125 0.00214767
11 0.630371 0.134277 0.0869141 0.0341797 0.00220871
11 0.77832 0.145996 0.078125 0.0498047 0.00252533
8 0.734863 0.629883 0.0419922 0.03125 0.00268173
10 0.947754 0.828613 0.0341797 0.0400391 0.00325584
11 0.206055 0.195312 0.0507812 0.0429688 0.00344467
11 0.316895 0.145996 0.139648 0.0419922 0.00369453
13 0.383301 0.487305 0.125977 0.0351562 0.00389671
11 0.700195 0.122559 0.115234 0.0205078 0.00390625
11 0.947754 0.828613 0.0341797 0.0400391 0.00395203
11 0.387207 0.127441 0.120117 0.0205078 0.00489807
11 0.733887 0.125 0.0966797 0.0351562 0.00595093
13 0.693848 0.273926 0.0634766 0.149414 0.00656128
10 0.109375 0.8125 0.0390625 0.0449219 0.00740814
11 0.347168 0.137207 0.168945 0.0322266 0.00775528
8 0.375488 0.353516 0.0146484 0.0136719 0.00811768
11 0.110352 0.8125 0.0390625 0.046875 0.00917816
11 0.647949 0.126465 0.0947266 0.0263672 0.0126877
11 0.278809 0.149414 0.0810547 0.0449219 0.0127716
11 0.703125 0.129395 0.177734 0.0341797 0.0253448
11 0.756348 0.135254 0.0947266 0.0498047 0.109619
