13 0.651367 0.371582 0.0390625 0.0478516 0.000226378
9 0.539062 0.703613 0.46875 0.383789 0.000227213
6 0.596191 0.726074 0.422852 0.211914 0.000229478
3 0.670898 0.77832 0.126953 0.134766 0.000229836
7 0.394043 0.652832 0.135742 0.399414 0.000232458
3 0.668945 0.779785 0.0625 0.0908203 0.000234723
8 0.51416 0.370117 0.196289 0.173828 0.0002352
11 0.38916 0.541992 0.163086 0.330078 0.000235438
11 0.469727 0.812988 0.130859 0.0888672 0.000237942
11 0.382324 0.250488 0.141602 0.112305 0.000238061
11 0.42041 0.575684 0.0908203 0.266602 0.000238419
11 0.870605 0.904785 0.0439453 0.0615234 0.000238895
0 0.572266 0.433594 0.228516 0.160156 0.000240564
13 0.407715 0.678711 0.0478516 0.0761719 0.00024116
9 0.247559 0.878906 0.0458984 0.0507812 0.00024128
7 0.816406 0.83252 0.03125 0.0458984 0.000242829
0 0.633301 0.330078 0.0712891 0.0546875 0.000245333
1 0.864258 0.887695 0.0449219 0.0507812 0.000248432
11 0.405762 0.360352 0.188477 0.224609 0.000249863
9 0.468262 0.238281 0.102539 0.134766 0.000250101
9 0.501953 0.821777 0.169922 0.102539 0.00025034
7 0.432617 0.751953 0.078125 0.181641 0.000250816
11 0.431152 0.21582 0.0595703 0.0175781 0.000250816
1 0.453613 0.380371 0.110352 0.213867 0.00025177
11 0.633789 0.191406 0.0644531 0.0195312 0.000255585
0 0.864258 0.887695 0.0449219 0.0507812 0.000259399
9 0.505371 0.366211 0.163086 0.240234 0.000261545
0 0.613281 0.470215 0.136719 0.163086 0.000261784
13 0.46582 0.261719 0.0683594 0.119141 0.000264168
7 0.421875 0.552246 0.0976562 0.338867 0.000264168
9 0.494141 0.167969 0.302734 0.335938 0.000264645
13 0.440918 0.313965 0.0986328 0.237305 0.000264645
11 0.774902 0.260742 0.0283203 0.0273438 0.00026536
9 0.602051 0.242676 0.0712891 0.12793 0.000265598
13 0.4375 0.775879 0.0644531 0.0966797 0.000267267
3 0.412598 0.632812 0.133789 0.412109 0.000267267
10 0.345215 0.87793 0.249023 0.0839844 0.000274658
13 0.596191 0.726074 0.422852 0.211914 0.000282049
11 0.696777 0.83252 0.0712891 0.0810547 0.000282288
3 0.247559 0.876465 0.0458984 0.0498047 0.000282288
11 0.632812 0.209473 0.0488281 0.0283203 0.000285625
7 0.42627 0.221191 0.106445 0.0380859 0.000290632
13 0.820801 0.841309 0.0966797 0.141602 0.000291824
12 0.38916 0.541992 0.163086 0.330078 0.000294685
13 0.684082 0.801758 0.0498047 0.0800781 0.000296831
11 0.270996 0.854004 0.0927734 0.100586 0.000297546
3 0.532227 0.429199 0.283203 0.305664 0.0002985
10 0.544434 0.387207 0.266602 0.192383 0.000299931
3 0.665039 0.782227 0.279297 0.169922 0.000301838
11 0.645508 0.368164 0.0566406 0.0761719 0.000302076
1 0.423828 0.222168 0.107422 0.0361328 0.000305414
11 0.44043 0.275391 0.0800781 0.179688 0.000305891
9 0.644531 0.484375 0.0449219 0.0371094 0.000308275
9 0.405273 0.724121 0.101562 0.213867 0.000310183
2 0.405273 0.724121 0.101562 0.213867 0.000310659
12 0.544434 0.387207 0.266602 0.192383 0.000311852
11 0.596191 0.726074 0.422852 0.211914 0.000313282
1 0.247559 0.878906 0.0458984 0.0507812 0.000319719
1 0.596191 0.726074 0.422852 0.211914 0.000320673
9 0.461914 0.80127 0.121094 0.106445 0.000324965
7 0.864258 0.887695 0.0429688 0.0488281 0.00032568
13 0.430664 0.716309 0.0664062 0.0830078 0.000327826
7 0.475586 0.459473 0.152344 0.383789 0.000332594
6 0.43457 0.748535 0.0957031 0.19043 0.000333548
7 0.412109 0.407227 0.203125 0.291016 0.000334501
9 0.81543 0.833984 0.03125 0.0429688 0.000335217
2 0.596191 0.726074 0.422852 0.211914 0.00033617
4 0.587891 0.369629 0.201172 0.170898 0.00033617
2 0.633789 0.347656 0.0507812 0.0703125 0.000337362
0 0.462402 0.39502 0.116211 0.237305 0.000339508
4 0.596191 0.726074 0.422852 0.211914 0.000341177
8 0.596191 0.726074 0.422852 0.211914 0.000342607
7 0.596191 0.726074 0.422852 0.211914 0.0003438
9 0.513672 0.221191 0.113281 0.323242 0.000353813
6 0.530273 0.555664 0.298828 0.560547 0.00035429
8 0.59375 0.00634766 0.0292969 0.0126953 0.000354767
2 0.463867 0.353516 0.0722656 0.162109 0.000357151
12 0.367676 0.434082 0.274414 0.323242 0.000359058
11 0.38623 0.25293 0.235352 0.160156 0.000362158
1 0.42041 0.682129 0.0927734 0.299805 0.000362396
2 0.655762 0.342773 0.0380859 0.0761719 0.000362635
13 0.245605 0.878418 0.0419922 0.0478516 0.000363111
9 0.508789 0.524902 0.207031 0.229492 0.000365496
9 0.699219 0.547363 0.341797 0.637695 0.000371695
9 0.581543 0.818848 0.291992 0.362305 0.000373125
9 0.650879 0.844727 0.12207 0.132812 0.000377893
13 0.38916 0.722656 0.131836 0.158203 0.000383139
9 0.468262 0.412598 0.0908203 0.157227 0.000384808
13 0.484375 0.567383 0.300781 0.626953 0.000388861
9 0.645508 0.368164 0.0566406 0.0761719 0.00039196
12 0.596191 0.726074 0.422852 0.211914 0.000395536
9 0.585449 0.161621 0.0361328 0.168945 0.000399828
8 0.430176 0.675781 0.0888672 0.326172 0.000403166
1 0.587891 0.369629 0.201172 0.170898 0.000403166
11 0.372559 0.799316 0.254883 0.19043 0.000406027
5 0.621582 0.370605 0.114258 0.147461 0.000413179
11 0.345703 0.256836 0.0664062 0.0625 0.000415564
8 0.808105 0.710449 0.0146484 0.0146484 0.000416994
9 0.437012 0.494629 0.108398 0.180664 0.00041914
10 0.420898 0.219238 0.105469 0.0341797 0.000423908
8 0.587891 0.369629 0.201172 0.170898 0.000426054
0 0.244629 0.875 0.0458984 0.0664062 0.000430107
9 0.366211 0.730469 0.253906 0.339844 0.000431061
13 0.452637 0.696289 0.120117 0.273438 0.000433207
2 0.634277 0.399414 0.0498047 0.0507812 0.000433922
10 0.621094 0.366699 0.113281 0.137695 0.000439405
1 0.541016 0.563477 0.330078 0.583984 0.000440359
1 0.421875 0.458496 0.160156 0.381836 0.000440359
2 0.65625 0.393066 0.125 0.192383 0.00044632
11 0.73584 0.243164 0.102539 0.0742188 0.000455379
11 0.415039 0.230957 0.0742188 0.0419922 0.000461102
9 0.483398 0.783691 0.197266 0.192383 0.000468493
11 0.437012 0.412109 0.0771484 0.242188 0.000470638
7 0.551758 0.384766 0.269531 0.191406 0.000473022
13 0.404297 0.645508 0.0585938 0.140625 0.000473976
8 0.646973 0.484863 0.0400391 0.0419922 0.000476599
0 0.634766 0.390625 0.0800781 0.0800781 0.000481844
9 0.504883 0.869141 0.306641 0.201172 0.000481844
4 0.52002 0.567871 0.276367 0.573242 0.000482082
11 0.591797 0.231445 0.0703125 0.152344 0.000482559
10 0.694824 0.820312 0.0615234 0.0742188 0.000488281
10 0.27002 0.853516 0.0908203 0.101562 0.000492096
13 0.444824 0.733887 0.225586 0.241211 0.000496387
11 0.373047 0.436035 0.246094 0.305664 0.000498295
11 0.286621 0.878906 0.129883 0.0742188 0.000504971
11 0.60498 0.209961 0.0419922 0.0546875 0.000507832
7 0.43457 0.698242 0.109375 0.275391 0.000511646
13 0.414062 0.69873 0.0703125 0.135742 0.000529289
9 0.680176 0.828125 0.0830078 0.103516 0.000538826
2 0.620605 0.328613 0.0595703 0.0478516 0.000539303
5 0.596191 0.726074 0.422852 0.211914 0.000544071
6 0.446777 0.580566 0.131836 0.543945 0.000545025
3 0.587891 0.369629 0.201172 0.170898 0.000553608
7 0.248047 0.878906 0.0449219 0.0507812 0.000557899
11 0.657715 0.199707 0.0595703 0.0185547 0.000560284
2 0.436035 0.423828 0.0869141 0.177734 0.00057745
9 0.557129 0.260742 0.188477 0.369141 0.000583649
9 0.47168 0.465332 0.126953 0.172852 0.00058651
10 0.451172 0.550293 0.130859 0.520508 0.000599861
9 0.450195 0.677734 0.208984 0.373047 0.000607491
11 0.495117 0.581055 0.228516 0.578125 0.000612736
11 0.662598 0.229004 0.165039 0.0908203 0.000624657
0 0.596191 0.726074 0.422852 0.211914 0.000627518
5 0.449707 0.554688 0.129883 0.523438 0.000628948
11 0.86377 0.89209 0.0615234 0.112305 0.000632763
13 0.463379 0.342285 0.0654297 0.149414 0.000659943
6 0.418457 0.682617 0.0927734 0.300781 0.000661373
10 0.596191 0.726074 0.422852 0.211914 0.000680923
2 0.579102 0.381348 0.197266 0.168945 0.000687599
11 0.472656 0.27832 0.0664062 0.169922 0.000691414
0 0.61377 0.337891 0.0966797 0.0800781 0.000697613
2 0.631348 0.397949 0.0283203 0.0244141 0.00072813
13 0.446289 0.39209 0.117188 0.237305 0.000730991
13 0.799316 0.812988 0.0908203 0.0908203 0.000736237
3 0.385254 0.588867 0.237305 0.537109 0.000740528
13 0.645508 0.368164 0.0566406 0.0761719 0.000745773
11 0.592773 0.367676 0.224609 0.180664 0.000748158
0 0.385254 0.588867 0.237305 0.537109 0.000757217
5 0.358398 0.556152 0.261719 0.594727 0.000770092
8 0.532715 0.568359 0.30957 0.587891 0.000786781
11 0.432617 0.751953 0.078125 0.181641 0.00079298
2 0.526855 0.557129 0.264648 0.62793 0.00079298
0 0.455566 0.54541 0.141602 0.573242 0.000806808
9 0.920898 0.327637 0.0175781 0.0146484 0.000839233
8 0.449219 0.404785 0.119141 0.262695 0.000840664
11 0.239258 0.891602 0.0410156 0.0507812 0.000853539
7 0.452637 0.341797 0.0712891 0.150391 0.000890255
9 0.38916 0.837402 0.31543 0.133789 0.000912666
6 0.358398 0.556152 0.261719 0.594727 0.000913143
9 0.42627 0.346191 0.131836 0.192383 0.000929356
13 0.805664 0.842285 0.0390625 0.0458984 0.000929832
11 0.708008 0.809082 0.123047 0.0966797 0.000953197
11 0.456055 0.348145 0.0917969 0.172852 0.000966549
11 0.678711 0.787598 0.0390625 0.0537109 0.000986099
13 0.42334 0.750488 0.0615234 0.0888672 0.000992775
6 0.621094 0.366699 0.113281 0.137695 0.00099659
9 0.385742 0.95459 0.0292969 0.0283203 0.00100422
10 0.286621 0.878418 0.12793 0.0732422 0.0010519
3 0.683105 0.810059 0.0947266 0.0986328 0.00107002
9 0.419434 0.59375 0.0830078 0.265625 0.00107098
9 0.57666 0.197754 0.0595703 0.213867 0.0010891
12 0.447266 0.435547 0.121094 0.349609 0.00109863
2 0.375 0.496582 0.251953 0.522461 0.0011425
4 0.428711 0.547852 0.144531 0.560547 0.00115871
0 0.652344 0.366699 0.0429688 0.0654297 0.0011797
11 0.453125 0.439941 0.121094 0.358398 0.00118828
12 0.62207 0.367188 0.113281 0.134766 0.00119972
13 0.421875 0.458496 0.160156 0.381836 0.00123882
2 0.684082 0.801758 0.0498047 0.0800781 0.00124836
10 0.85791 0.87793 0.0576172 0.0976562 0.00125504
3 0.455566 0.54541 0.141602 0.573242 0.00125885
13 0.371582 0.718262 0.194336 0.276367 0.00127029
11 0.374512 0.23291 0.0634766 0.0478516 0.00128269
0 0.544434 0.560059 0.331055 0.592773 0.00130081
10 0.523438 0.552246 0.28125 0.571289 0.00130939
2 0.414062 0.58252 0.0898438 0.370117 0.00132942
11 0.418457 0.679688 0.114258 0.300781 0.00133801
11 0.615234 0.200684 0.046875 0.0302734 0.00135231
9 0.386719 0.561035 0.158203 0.274414 0.00135422
11 0.421875 0.20752 0.0917969 0.0283203 0.00137329
13 0.837891 0.852539 0.0683594 0.0859375 0.00140095
2 0.618652 0.336426 0.0927734 0.0712891 0.00142574
9 0.436035 0.437988 0.0908203 0.145508 0.00142956
9 0.432617 0.751953 0.078125 0.181641 0.00146484
8 0.359375 0.593262 0.240234 0.504883 0.00148392
11 0.816406 0.833496 0.0273438 0.0419922 0.00149822
7 0.453613 0.380371 0.110352 0.213867 0.00158787
4 0.356934 0.591309 0.249023 0.524414 0.00171947
11 0.428711 0.23877 0.126953 0.0966797 0.00180721
11 0.40918 0.220215 0.0605469 0.0224609 0.00183964
4 0.623535 0.366211 0.112305 0.136719 0.00183964
2 0.644531 0.486328 0.046875 0.046875 0.0018568
11 0.705078 0.218262 0.0527344 0.0400391 0.00186157
9 0.687012 0.808594 0.0537109 0.0800781 0.00188637
8 0.645508 0.368164 0.0566406 0.0761719 0.00190449
13 0.819336 0.84375 0.0410156 0.0527344 0.00196838
9 0.59668 0.730469 0.421875 0.208984 0.00198364
13 0.822754 0.819824 0.0361328 0.0576172 0.00206947
1 0.359375 0.593262 0.240234 0.504883 0.00211716
9 0.38623 0.41748 0.243164 0.313477 0.00216866
7 0.623535 0.366211 0.112305 0.136719 0.00218391
1 0.44873 0.578125 0.133789 0.542969 0.00218773
12 0.4375 0.574707 0.123047 0.46582 0.00230408
13 0.587891 0.369629 0.201172 0.170898 0.00232506
7 0.503418 0.555664 0.229492 0.599609 0.00236893
2 0.430664 0.752441 0.0722656 0.180664 0.00239563
5 0.528809 0.553711 0.295898 0.583984 0.00245667
13 0.452148 0.586914 0.150391 0.5625 0.00245667
9 0.544922 0.165039 0.128906 0.291016 0.00260162
9 0.220703 0.340332 0.03125 0.0283203 0.00272751
9 0.594238 0.415039 0.176758 0.248047 0.00275612
3 0.623535 0.366211 0.112305 0.136719 0.00300407
11 0.606445 0.233887 0.0585938 0.0986328 0.00301552
11 0.628906 0.212891 0.0761719 0.046875 0.00306129
9 0.463867 0.353516 0.0722656 0.162109 0.00314903
9 0.45166 0.560547 0.12207 0.25 0.00321198
0 0.544434 0.419434 0.293945 0.286133 0.00329399
2 0.612305 0.321289 0.0371094 0.0371094 0.00331306
3 0.568848 0.580566 0.418945 0.532227 0.00333977
0 0.644531 0.413086 0.177734 0.246094 0.00365067
8 0.428711 0.547852 0.144531 0.560547 0.00372124
3 0.118164 0.751465 0.236328 0.243164 0.00374603
12 0.501465 0.578125 0.241211 0.59375 0.00379753
10 0.351074 0.586426 0.245117 0.536133 0.00384331
13 0.80957 0.813965 0.0410156 0.0771484 0.00391388
2 0.430176 0.675781 0.0888672 0.326172 0.00411987
2 0.64502 0.387695 0.0478516 0.0507812 0.00413132
7 0.428711 0.547852 0.144531 0.560547 0.00414658
11 0.359375 0.593262 0.240234 0.504883 0.00426102
11 0.685547 0.217773 0.119141 0.0546875 0.00437927
11 0.443848 0.22168 0.0556641 0.0253906 0.00438309
13 0.821289 0.835938 0.0683594 0.0878906 0.0044136
13 0.436523 0.774902 0.0859375 0.165039 0.00444412
2 0.451172 0.438965 0.121094 0.362305 0.00450897
1 0.623535 0.366211 0.112305 0.136719 0.00453186
11 0.845215 0.869629 0.0712891 0.0849609 0.00456238
13 0.385742 0.584473 0.210938 0.540039 0.00510788
13 0.405762 0.64502 0.0732422 0.299805 0.00607681
11 0.635254 0.199707 0.0615234 0.0205078 0.00661469
2 0.634766 0.390625 0.0800781 0.0800781 0.00686264
9 0.431641 0.67627 0.09375 0.323242 0.00690079
11 0.460449 0.24707 0.0732422 0.0898438 0.0070076
9 0.62207 0.367188 0.113281 0.134766 0.00817871
7 0.359375 0.593262 0.240234 0.504883 0.00853729
11 0.439453 0.575195 0.123047 0.462891 0.0089035
11 0.368164 0.241699 0.0957031 0.0712891 0.00892639
11 0.650391 0.204102 0.103516 0.0292969 0.00919342
11 0.251953 0.873535 0.0625 0.0947266 0.00994873
10 0.251953 0.873535 0.0625 0.0947266 0.0103989
2 0.654297 0.371094 0.0332031 0.0449219 0.0108414
0 0.641602 0.35498 0.0703125 0.100586 0.0109711
11 0.623535 0.366211 0.112305 0.136719 0.0117416
8 0.623535 0.366211 0.112305 0.136719 0.0147018
11 0.687012 0.808594 0.0537109 0.0800781 0.0158386
11 0.39209 0.224121 0.0673828 0.0341797 0.0171661
11 0.446289 0.229004 0.078125 0.0458984 0.0175476
11 0.717285 0.226562 0.0869141 0.0644531 0.020874
11 0.401367 0.231934 0.130859 0.0595703 0.0211029
13 0.416504 0.652832 0.124023 0.399414 0.0231628
2 0.421875 0.583008 0.142578 0.523438 0.0258179
13 0.81543 0.830566 0.0292969 0.0458984 0.027832
13 0.625 0.359863 0.109375 0.12207 0.0301208
12 0.359375 0.593262 0.240234 0.504883 0.0333862
9 0.418945 0.576172 0.126953 0.431641 0.0409241
9 0.515625 0.427246 0.236328 0.303711 0.041687
0 0.567383 0.373535 0.220703 0.15918 0.0444641
13 0.420898 0.725586 0.0976562 0.226562 0.0444946
2 0.646484 0.368164 0.0546875 0.0722656 0.0516357
9 0.449219 0.404785 0.119141 0.262695 0.0596008
10 0.864258 0.887695 0.0429688 0.0507812 0.0605164
10 0.24707 0.880371 0.0449219 0.0556641 0.0767212
9 0.358887 0.559082 0.254883 0.579102 0.0810547
11 0.864258 0.887695 0.0429688 0.0488281 0.0924683
11 0.247559 0.878906 0.0458984 0.0507812 0.109497
11 0.420898 0.219238 0.105469 0.0341797 0.133667
3 0.59668 0.730469 0.421875 0.208984 0.136353
9 0.532715 0.568359 0.30957 0.587891 0.159912
2 0.622559 0.36377 0.110352 0.133789 0.225708
9 0.455566 0.54541 0.141602 0.573242 0.348877
0 0.623535 0.371582 0.112305 0.143555 0.402344
