11 0.128418 0.978516 0.0693359 0.0429688 0.000102043
11 0.337891 0.1875 0.0703125 0.0351562 0.000102162
13 0.369141 0.325195 0.0234375 0.0214844 0.000102997
11 0.429199 0.165527 0.100586 0.0224609 0.000103533
3 0.153809 0.553711 0.307617 0.564453 0.000105321
8 0.655273 0.485352 0.132812 0.169922 0.000106752
13 0.964355 0.0791016 0.0712891 0.158203 0.000107348
9 0.297852 0.799316 0.396484 0.209961 0.000107825
2 0.604004 0.472168 0.0458984 0.0458984 0.000108242
8 0.414062 0.482422 0.0429688 0.0390625 0.000108361
8 0.662109 0.549805 0.0078125 0.00976562 0.000109673
11 0.557129 0.00732422 0.110352 0.0146484 0.000110686
11 0.148438 0.93457 0.113281 0.130859 0.000111341
1 0.689941 0.522949 0.0732422 0.0634766 0.000111699
2 0.578125 0.370605 0.09375 0.0849609 0.000113368
11 0.607422 0.261719 0.03125 0.0351562 0.000114918
2 0.652344 0.539551 0.101562 0.0771484 0.000117779
8 0.71582 0.70752 0.0410156 0.0400391 0.000117779
13 0.365234 0.771484 0.0488281 0.107422 0.000118434
1 0.318848 0.196777 0.0830078 0.0439453 0.000118494
10 0.194336 0.97168 0.166016 0.0566406 0.000118971
11 0.637207 0.1875 0.0712891 0.0214844 0.000119805
5 0.689941 0.522949 0.0732422 0.0634766 0.000120699
5 0.816895 0.60791 0.198242 0.40918 0.000122011
8 0.700684 0.583008 0.0341797 0.0351562 0.000122786
7 0.438477 0.366699 0.0820312 0.141602 0.000123501
13 0.374023 0.366211 0.164062 0.15625 0.000125051
11 0.703613 0.191895 0.0458984 0.0146484 0.000125051
13 0.852051 0.499512 0.0693359 0.0244141 0.000126123
9 0.059082 0.560059 0.0224609 0.0302734 0.000127316
5 0.223145 0.649902 0.225586 0.46582 0.000129104
11 0.658691 0.196289 0.0615234 0.0195312 0.000130534
11 0.772461 0.228516 0.0683594 0.0546875 0.000131011
11 0.657715 0.212402 0.141602 0.0791016 0.000131249
9 0.34668 0.23584 0.0390625 0.0322266 0.000134468
11 0.40918 0.169922 0.0566406 0.0136719 0.000139236
13 0.688965 0.512695 0.114258 0.205078 0.000139356
12 0.757324 0.555664 0.333008 0.666016 0.00014019
13 0.682129 0.399902 0.108398 0.217773 0.000141263
13 0.644043 0.297852 0.106445 0.148438 0.000146031
11 0.578125 0.370605 0.0957031 0.0869141 0.00014627
11 0.431641 0.187012 0.105469 0.0517578 0.000146747
9 0.388672 0.558105 0.140625 0.393555 0.000147581
11 0.701172 0.211914 0.175781 0.0507812 0.000153542
10 0.316406 0.195801 0.0742188 0.0361328 0.000153899
8 0.347656 0.236816 0.0371094 0.0302734 0.000158072
11 0.390625 0.177246 0.0820312 0.0185547 0.000159979
9 0.511719 0.749023 0.230469 0.439453 0.000163555
8 0.332031 0.493652 0.0625 0.0400391 0.000179529
13 0.408691 0.445312 0.0849609 0.0878906 0.00018239
8 0.369141 0.324219 0.0234375 0.0195312 0.000183582
9 0.441895 0.833008 0.223633 0.193359 0.000184655
8 0.375488 0.671875 0.0126953 0.0117188 0.00018692
13 0.969727 0.0424805 0.0605469 0.0849609 0.000188231
13 0.84082 0.490234 0.09375 0.0390625 0.000191689
11 0.170898 0.97998 0.103516 0.0380859 0.000191927
9 0.757324 0.555664 0.333008 0.666016 0.00020206
10 0.148438 0.93457 0.113281 0.130859 0.000203013
11 0.437988 0.19873 0.0751953 0.0439453 0.000207782
0 0.678223 0.507812 0.106445 0.103516 0.000213742
9 0.471191 0.45459 0.129883 0.37793 0.000216126
8 0.618652 0.523926 0.0380859 0.0341797 0.000216246
9 0.976074 0.0419922 0.0478516 0.0839844 0.000217199
7 0.689941 0.522461 0.0712891 0.0683594 0.000222445
0 0.586914 0.351562 0.0703125 0.046875 0.000225186
2 0.688965 0.512695 0.114258 0.205078 0.000236034
11 0.651367 0.204102 0.0722656 0.03125 0.000239253
8 0.674805 0.533203 0.0527344 0.046875 0.000240803
2 0.62207 0.526367 0.0371094 0.0351562 0.000242352
8 0.0229492 0.314453 0.0400391 0.0703125 0.000254869
9 0.44043 0.35498 0.0761719 0.149414 0.000257254
13 0.378906 0.799805 0.0839844 0.111328 0.000258923
10 0.148926 0.98877 0.0693359 0.0224609 0.000270605
11 0.614746 0.230957 0.0830078 0.110352 0.000275612
9 0.578125 0.369141 0.0957031 0.0839844 0.000279903
13 0.615723 0.270996 0.0498047 0.0673828 0.000281811
11 0.379395 0.181641 0.0791016 0.0136719 0.00029254
8 0.742676 0.645996 0.0224609 0.0166016 0.000327826
3 0.689941 0.522949 0.0732422 0.0634766 0.000328779
13 0.404297 0.449707 0.0605469 0.0556641 0.000335217
0 0.648438 0.469727 0.144531 0.193359 0.000338078
11 0.148926 0.98877 0.0693359 0.0224609 0.000348568
3 0.578613 0.364258 0.0927734 0.0722656 0.000377655
13 0.684082 0.505371 0.0947266 0.108398 0.000398874
11 0.384277 0.182617 0.135742 0.0273438 0.000430584
13 0.624512 0.268555 0.0732422 0.128906 0.000438929
9 0.351074 0.822754 0.266602 0.124023 0.0004673
12 0.286621 0.513672 0.385742 0.65625 0.000473738
8 0.678223 0.507812 0.106445 0.103516 0.000477791
9 0.286621 0.513672 0.385742 0.65625 0.000481129
10 0.947754 0.932129 0.0400391 0.0615234 0.00050354
10 0.170898 0.97998 0.103516 0.0380859 0.000511169
9 0.653809 0.48584 0.139648 0.170898 0.000535965
0 0.554688 0.394531 0.140625 0.144531 0.00055027
11 0.947754 0.932129 0.0400391 0.0615234 0.000558853
9 0.678223 0.507812 0.106445 0.103516 0.000581264
11 0.689941 0.522949 0.0732422 0.0634766 0.000596523
13 0.669922 0.341309 0.0996094 0.145508 0.000606537
9 0.456543 0.39209 0.112305 0.19043 0.000613689
9 0.506348 0.407227 0.176758 0.222656 0.00063467
2 0.675293 0.533203 0.0537109 0.046875 0.000684738
11 0.640137 0.219238 0.0439453 0.0341797 0.000729084
11 0.646484 0.182129 0.078125 0.0146484 0.00074625
11 0.421875 0.189453 0.0820312 0.0273438 0.000762463
9 0.29834 0.871094 0.34082 0.212891 0.000804424
5 0.774414 0.554199 0.316406 0.616211 0.000807285
11 0.40918 0.170898 0.09375 0.0195312 0.000826836
11 0.321777 0.197266 0.100586 0.0625 0.000890255
11 0.695801 0.192871 0.102539 0.0185547 0.000923634
8 0.825684 0.666504 0.0224609 0.0205078 0.000975132
11 0.692383 0.188965 0.0644531 0.0146484 0.00101662
11 0.302246 0.204102 0.0498047 0.0332031 0.00104237
11 0.728027 0.20459 0.0927734 0.0419922 0.00107861
2 0.678223 0.507812 0.106445 0.103516 0.00109863
11 0.438965 0.172363 0.0888672 0.0205078 0.00126743
10 0.147461 0.969238 0.0917969 0.0615234 0.00131989
9 0.406738 0.806152 0.114258 0.0908203 0.00138378
13 0.119629 0.772949 0.0341797 0.0400391 0.0014677
11 0.358887 0.192871 0.145508 0.0322266 0.00151157
11 0.147461 0.969238 0.0917969 0.0615234 0.00153065
10 0.951172 0.910156 0.0390625 0.0625 0.00155926
0 0.690918 0.522949 0.0732422 0.0634766 0.00157833
11 0.671387 0.1875 0.104492 0.0214844 0.00163651
10 0.111816 0.915039 0.0458984 0.0761719 0.00174046
11 0.951172 0.910156 0.0390625 0.0625 0.00186253
11 0.686035 0.19873 0.149414 0.0283203 0.0019722
10 0.12207 0.942871 0.0546875 0.0888672 0.0019989
11 0.111816 0.915039 0.0458984 0.0761719 0.00219154
5 0.272461 0.548828 0.380859 0.654297 0.00220871
11 0.12207 0.942871 0.0546875 0.0888672 0.00266075
13 0.690918 0.524414 0.0712891 0.0644531 0.00274849
11 0.40332 0.185547 0.0742188 0.0195312 0.00364113
13 0.610352 0.26416 0.0332031 0.0380859 0.0045433
11 0.753906 0.217285 0.0820312 0.0556641 0.00469589
9 0.691406 0.523926 0.0703125 0.0634766 0.00471115
9 0.51416 0.513184 0.168945 0.536133 0.00506592
11 0.634766 0.205566 0.09375 0.0498047 0.00529099
11 0.416992 0.178223 0.0957031 0.0283203 0.00667953
8 0.690918 0.524414 0.0712891 0.0644531 0.00846863
11 0.647949 0.194336 0.0986328 0.0292969 0.0116272
11 0.316406 0.195801 0.0742188 0.0361328 0.0555115
0 0.578125 0.370605 0.0957031 0.0869141 0.0559998
2 0.690918 0.524414 0.0712891 0.0644531 0.06604
