1 0.791016 0.157715 0.404297 0.31543 0.000100374
9 0.76123 0.395996 0.0380859 0.0146484 0.000101388
8 0.147461 0.583496 0.0253906 0.0166016 0.00010252
13 0.164062 0.384766 0.0371094 0.0664062 0.000102699
8 0.807617 0.210449 0.0253906 0.0166016 0.000102758
11 0.681641 0.189941 0.136719 0.0927734 0.000102878
10 0.487793 0.378418 0.239258 0.188477 0.00010401
3 0.539551 0.706055 0.331055 0.109375 0.000105023
10 0.838379 0.789551 0.0693359 0.0947266 0.000105739
8 0.775879 0.5625 0.00878906 0.0078125 0.00010699
7 0.139648 0.146484 0.279297 0.292969 0.000107706
11 0.29834 0.611816 0.166992 0.149414 0.000108361
13 0.64209 0.480957 0.0419922 0.0322266 0.000108421
2 0.819824 0.499023 0.360352 0.525391 0.00010848
10 0.29834 0.611816 0.166992 0.149414 0.000109136
12 0.139648 0.146484 0.279297 0.292969 0.000109315
11 0.532227 0.220215 0.0742188 0.120117 0.000109613
13 0.331055 0.302734 0.123047 0.191406 0.000111401
7 0.26416 0.540039 0.211914 0.238281 0.000111878
3 0.254395 0.615723 0.225586 0.18457 0.000112116
8 0.791016 0.157715 0.404297 0.31543 0.00011307
1 0.518066 0.656738 0.352539 0.124023 0.000114381
9 0.452637 0.711426 0.0556641 0.0419922 0.000114441
8 0.172363 0.720215 0.0146484 0.0166016 0.00011462
8 0.171875 0.6875 0.0136719 0.0117188 0.000115097
13 0.369141 0.352051 0.0429688 0.108398 0.000115871
9 0.896973 0.712402 0.0966797 0.112305 0.000116169
8 0.729004 0.506348 0.0224609 0.0166016 0.000116944
11 0.518066 0.656738 0.352539 0.124023 0.000117064
5 0.240234 0.669922 0.253906 0.25 0.000117421
12 0.362793 0.268066 0.0712891 0.198242 0.000118673
13 0.70459 0.410156 0.0654297 0.046875 0.000120819
11 0.306641 0.175781 0.121094 0.0292969 0.000120938
4 0.139648 0.146484 0.279297 0.292969 0.00012207
7 0.726562 0.512695 0.0234375 0.0214844 0.000123978
8 0.518066 0.656738 0.352539 0.124023 0.000124574
9 0.679199 0.858398 0.319336 0.283203 0.000125885
9 0.382812 0.327148 0.0429688 0.0546875 0.000126481
11 0.574707 0.162109 0.0478516 0.0117188 0.000128269
13 0.244141 0.497559 0.134766 0.0439453 0.000128984
9 0.728027 0.518555 0.0341797 0.0371094 0.000130177
8 0.37793 0.540039 0.00976562 0.0078125 0.000130773
4 0.791016 0.157715 0.404297 0.31543 0.000133872
8 0.138672 0.132812 0.277344 0.265625 0.000137329
7 0.364258 0.215332 0.0664062 0.0927734 0.000137568
2 0.518066 0.656738 0.352539 0.124023 0.000137925
12 0.843262 0.494629 0.313477 0.366211 0.000137925
9 0.761719 0.396973 0.0078125 0.00878906 0.000138044
13 0.70459 0.384766 0.0966797 0.0585938 0.000139117
13 0.302734 0.621582 0.164062 0.137695 0.000139236
2 0.982422 0.0112305 0.0195312 0.0185547 0.000139475
0 0.843262 0.494629 0.313477 0.366211 0.000139713
12 0.518066 0.656738 0.352539 0.124023 0.000141263
10 0.117676 0.817871 0.0419922 0.0791016 0.000141382
0 0.314941 0.00634766 0.120117 0.0126953 0.000141859
7 0.791016 0.157715 0.404297 0.31543 0.000143528
9 0.236328 0.524902 0.25 0.286133 0.000143886
13 0.236816 0.503906 0.0615234 0.0195312 0.000145078
9 0.0756836 0.67334 0.0341797 0.0400391 0.000147462
9 0.172852 0.677246 0.0234375 0.0224609 0.000148773
9 0.98877 0.012207 0.0224609 0.0244141 0.000149012
11 0.34668 0.198242 0.0878906 0.0488281 0.000149369
7 0.457031 0.714844 0.0195312 0.0175781 0.000151038
9 0.27002 0.870117 0.282227 0.25 0.000151873
11 0.695801 0.226562 0.0283203 0.0234375 0.000151992
5 0.522949 0.649902 0.342773 0.131836 0.000153422
13 0.691406 0.424805 0.0644531 0.0371094 0.000153542
11 0.833984 0.785645 0.0742188 0.108398 0.000156641
10 0.518066 0.656738 0.352539 0.124023 0.000156879
2 0.791016 0.157715 0.404297 0.31543 0.000157118
0 0.55957 0.394531 0.101562 0.197266 0.000160217
11 0.791016 0.157715 0.404297 0.31543 0.000163078
1 0.138672 0.132812 0.277344 0.265625 0.00016439
9 0.0683594 0.660645 0.0332031 0.0634766 0.00016439
10 0.946777 0.862305 0.106445 0.275391 0.000164509
13 0.685059 0.695801 0.0419922 0.0498047 0.000165224
11 0.573242 0.168945 0.0722656 0.0253906 0.000167131
3 0.877441 0.448242 0.245117 0.330078 0.000171661
13 0.457031 0.714844 0.0195312 0.0175781 0.000172257
0 0.456543 0.715332 0.0185547 0.0166016 0.000172377
3 0.589355 0.963867 0.46582 0.0722656 0.000174046
9 0.0864258 0.42041 0.0556641 0.0673828 0.000176549
13 0.375 0.35498 0.0390625 0.0537109 0.000177503
11 0.457031 0.714844 0.0195312 0.0175781 0.000180483
0 0.518066 0.656738 0.352539 0.124023 0.000181317
9 0.748047 0.453125 0.126953 0.21875 0.00018239
11 0.608887 0.166504 0.0595703 0.0185547 0.000183702
13 0.32666 0.342773 0.0478516 0.0371094 0.000184774
8 0.457031 0.715332 0.03125 0.0263672 0.000185132
3 0.487793 0.378418 0.239258 0.188477 0.000193596
0 0.499512 0.333496 0.161133 0.0908203 0.000195622
9 0.742676 0.535156 0.0478516 0.0214844 0.000196099
7 0.383301 0.312988 0.0517578 0.161133 0.000197172
1 0.29834 0.611816 0.166992 0.149414 0.000200868
8 0.172363 0.651855 0.0107422 0.0107422 0.000207543
13 0.715332 0.36377 0.0322266 0.0361328 0.000210404
12 0.243164 0.614258 0.234375 0.193359 0.000213027
9 0.435547 0.706055 0.078125 0.0566406 0.000214219
7 0.214355 0.568848 0.165039 0.168945 0.000216603
2 0.138672 0.132812 0.277344 0.265625 0.00022769
3 0.527344 0.646973 0.357422 0.258789 0.000228763
9 0.172363 0.651855 0.0107422 0.0107422 0.000237823
11 0.557617 0.200195 0.105469 0.0878906 0.000238538
10 0.0991211 0.836914 0.0517578 0.0703125 0.00024581
8 0.762207 0.396484 0.0107422 0.00976562 0.00024581
11 0.117676 0.817871 0.0419922 0.0791016 0.000247002
3 0.0512695 0.782227 0.102539 0.0800781 0.000247955
11 0.139648 0.146484 0.279297 0.292969 0.000248432
6 0.138672 0.132812 0.277344 0.265625 0.000259161
2 0.243164 0.614258 0.234375 0.193359 0.000263929
0 0.523438 0.350098 0.078125 0.0986328 0.000267267
9 0.803223 0.632324 0.0224609 0.0341797 0.000270128
9 0.751953 0.506836 0.0800781 0.0800781 0.000277281
7 0.753418 0.505371 0.0791016 0.0771484 0.000278234
10 0.820801 0.773438 0.0439453 0.078125 0.000282288
11 0.278809 0.194824 0.12793 0.0458984 0.000299692
11 0.324707 0.174316 0.0966797 0.0166016 0.000315189
13 0.20459 0.493164 0.118164 0.0429688 0.000320911
7 0.370117 0.275879 0.0722656 0.194336 0.000324726
13 0.724609 0.383789 0.0546875 0.0332031 0.000330448
6 0.797852 0.137207 0.392578 0.274414 0.000336885
11 0.36377 0.211914 0.0673828 0.0898438 0.000342846
9 0.0922852 0.434082 0.0400391 0.0361328 0.000344276
6 0.310547 0.623535 0.140625 0.131836 0.000358343
9 0.0683594 0.657715 0.0214844 0.0439453 0.000365019
0 0.55957 0.373535 0.238281 0.180664 0.000375032
9 0.727051 0.512207 0.0224609 0.0205078 0.000389338
11 0.223633 0.210938 0.0703125 0.0488281 0.000398636
13 0.316406 0.34082 0.0625 0.0605469 0.000401258
7 0.337402 0.628906 0.110352 0.113281 0.000408411
11 0.567383 0.157715 0.119141 0.0263672 0.000411749
5 0.800781 0.134277 0.398438 0.24707 0.000427723
13 0.327637 0.360352 0.0810547 0.09375 0.000435591
13 0.791016 0.157715 0.404297 0.31543 0.000450611
6 0.532715 0.356934 0.129883 0.125977 0.000458002
9 0.481445 0.397461 0.234375 0.199219 0.000459909
8 0.29834 0.611816 0.166992 0.149414 0.000460625
9 0.154297 0.650879 0.0546875 0.0419922 0.000468731
11 0.821289 0.773438 0.0449219 0.078125 0.000469685
9 0.982422 0.0112305 0.0195312 0.0185547 0.000473499
0 0.318848 0.0175781 0.133789 0.0351562 0.000481844
9 0.362793 0.268066 0.0712891 0.198242 0.000483513
8 0.694824 0.223633 0.0185547 0.0175781 0.000520706
11 0.101562 0.83252 0.0566406 0.0751953 0.000520706
11 0.243164 0.614258 0.234375 0.193359 0.000529766
4 0.530762 0.364258 0.133789 0.138672 0.000601292
7 0.532715 0.356934 0.129883 0.125977 0.000620842
9 0.817871 0.632812 0.0458984 0.0410156 0.000629902
2 0.457031 0.715332 0.03125 0.0263672 0.000647068
13 0.37207 0.348633 0.0253906 0.0332031 0.000652313
11 0.332031 0.183594 0.101562 0.0214844 0.0006814
13 0.138672 0.132812 0.277344 0.265625 0.000698566
9 0.0698242 0.663086 0.0126953 0.0136719 0.000699997
11 0.672363 0.189941 0.0673828 0.0517578 0.000733852
9 0.524902 0.65918 0.34082 0.121094 0.000745773
11 0.53418 0.186035 0.078125 0.0556641 0.000758171
9 0.0737305 0.669922 0.0224609 0.0273438 0.000766754
11 0.243164 0.198242 0.0644531 0.0371094 0.000771523
9 0.383301 0.312988 0.0517578 0.161133 0.000779152
5 0.532227 0.359375 0.130859 0.132812 0.000795841
11 0.626465 0.166992 0.0908203 0.03125 0.000808239
9 0.29834 0.611816 0.166992 0.149414 0.000814438
13 0.532715 0.356934 0.129883 0.125977 0.000819206
3 0.96875 0.656738 0.0625 0.19043 0.000879288
1 0.532715 0.356934 0.129883 0.125977 0.000909805
12 0.532227 0.359375 0.130859 0.132812 0.000934124
9 0.102051 0.431152 0.0185547 0.0244141 0.000935078
8 0.172852 0.679688 0.0234375 0.0214844 0.000946045
11 0.590332 0.162598 0.0751953 0.0166016 0.000954151
11 0.532227 0.361816 0.132812 0.135742 0.000980377
3 0.819336 0.371094 0.361328 0.660156 0.00100422
11 0.60498 0.183594 0.182617 0.0820312 0.00100899
10 0.243652 0.615723 0.241211 0.223633 0.00104141
1 0.243164 0.614258 0.234375 0.193359 0.00105381
11 0.350586 0.189941 0.0644531 0.0302734 0.0011301
8 0.745117 0.557129 0.00976562 0.00878906 0.00113201
7 0.740723 0.522949 0.0537109 0.0419922 0.00123405
2 0.533691 0.358887 0.133789 0.133789 0.00126362
8 0.532715 0.356934 0.129883 0.125977 0.00128269
4 0.29834 0.611816 0.166992 0.149414 0.00139141
9 0.457031 0.715332 0.03125 0.0263672 0.00139713
5 0.274414 0.602539 0.201172 0.173828 0.00141525
8 0.242676 0.614258 0.235352 0.197266 0.00185966
9 0.532715 0.356934 0.129883 0.125977 0.001894
10 0.532227 0.361816 0.132812 0.135742 0.00194645
8 0.726562 0.512695 0.0234375 0.0214844 0.00210762
8 0.740234 0.522949 0.0527344 0.0419922 0.00227165
13 0.249023 0.610352 0.232422 0.179688 0.00245667
11 0.311035 0.190918 0.135742 0.0283203 0.00287437
11 0.556152 0.171387 0.110352 0.0400391 0.00296211
9 0.0629883 0.642578 0.0322266 0.0566406 0.00320625
9 0.741699 0.524414 0.0576172 0.0410156 0.00325203
3 0.532715 0.356934 0.129883 0.125977 0.00343513
2 0.457031 0.714844 0.0195312 0.0175781 0.00395966
11 0.645508 0.183105 0.107422 0.0576172 0.00444412
8 0.455566 0.714844 0.0185547 0.0175781 0.00484085
4 0.243164 0.614258 0.234375 0.193359 0.00718307
9 0.243164 0.614258 0.234375 0.193359 0.00817108
0 0.479004 0.392578 0.233398 0.193359 0.0101013
11 0.589844 0.164551 0.125 0.0244141 0.0102692
0 0.552246 0.337891 0.0888672 0.0859375 0.0111008
6 0.249023 0.610352 0.232422 0.179688 0.0113449
7 0.29834 0.611816 0.166992 0.149414 0.0135498
11 0.611328 0.172363 0.150391 0.0400391 0.0146713
9 0.457031 0.714844 0.0195312 0.0175781 0.0161896
7 0.243164 0.614258 0.234375 0.193359 0.0651245
3 0.518555 0.661133 0.353516 0.119141 0.114807
0 0.532227 0.359375 0.130859 0.132812 0.758301
