8 0.227539 0.220215 0.0175781 0.0166016 0.000100195
9 0.737793 0.604004 0.282227 0.625977 0.000100374
2 0.277832 0.328613 0.0888672 0.0693359 0.000100553
13 0.61084 0.618652 0.0556641 0.0478516 0.000103354
13 0.321289 0.395508 0.0488281 0.0507812 0.000103652
11 0.407715 0.293457 0.0478516 0.0224609 0.000103712
2 0.380371 0.290527 0.0693359 0.0224609 0.000103772
3 0.84375 0.157715 0.3125 0.28418 0.000105739
11 0.345703 0.279785 0.113281 0.0419922 0.000105977
9 0.351074 0.333496 0.239258 0.15332 0.000107765
13 0.652832 0.320312 0.163086 0.0664062 0.000108302
1 0.341797 0.303711 0.138672 0.0507812 0.000109196
9 0.777344 0.909668 0.230469 0.110352 0.000109613
9 0.209961 0.193848 0.419922 0.387695 0.000110269
9 0.227051 0.223633 0.0361328 0.0644531 0.000110865
8 0.27002 0.429688 0.0224609 0.0214844 0.000111103
11 0.38916 0.296875 0.0419922 0.0136719 0.000112176
9 0.443848 0.411133 0.0927734 0.167969 0.000112832
9 0.277344 0.328613 0.0898438 0.0693359 0.000113606
13 0.705566 0.862305 0.104492 0.109375 0.000114083
7 0.377441 0.302246 0.0693359 0.0400391 0.000114799
13 0.328125 0.506836 0.101562 0.0742188 0.000115752
13 0.671387 0.444824 0.110352 0.135742 0.000116289
7 0.683105 0.312012 0.12207 0.0615234 0.000117123
9 0.782715 0.863281 0.0166016 0.0117188 0.0001176
11 0.672363 0.289551 0.114258 0.0419922 0.000118315
9 0.361816 0.38623 0.139648 0.186523 0.000118494
10 0.828125 0.155273 0.324219 0.310547 0.000119328
5 0.710449 0.597656 0.331055 0.658203 0.000119746
9 0.661133 0.320801 0.185547 0.0966797 0.000120521
0 0.537598 0.468262 0.0634766 0.0791016 0.000122786
11 0.708496 0.314941 0.0986328 0.0498047 0.000123978
9 0.500488 0.251953 0.274414 0.503906 0.000126958
3 0.216309 0.145996 0.432617 0.262695 0.000127435
13 0.353027 0.520996 0.0556641 0.0458984 0.00012815
2 0.78418 0.863281 0.0136719 0.0117188 0.000129342
2 0.289062 0.341797 0.195312 0.158203 0.0001297
1 0.374023 0.289551 0.0683594 0.0224609 0.000129819
3 0.801758 0.0600586 0.34375 0.102539 0.000130057
9 0.377441 0.302246 0.0693359 0.0400391 0.000130177
13 0.442871 0.418457 0.143555 0.288086 0.000130534
9 0.98877 0.012207 0.0224609 0.0244141 0.000134826
7 0.22168 0.570312 0.234375 0.505859 0.000139594
13 0.626465 0.466797 0.0263672 0.144531 0.000140667
13 0.308105 0.481445 0.0439453 0.0351562 0.000142217
10 0.277344 0.328613 0.0898438 0.0693359 0.000142455
13 0.289062 0.503418 0.0820312 0.0244141 0.000145912
1 0.289062 0.341797 0.195312 0.158203 0.000146985
13 0.646484 0.473633 0.078125 0.105469 0.000147104
3 0.890625 0.356445 0.21875 0.253906 0.000147343
5 0.773926 0.581055 0.133789 0.326172 0.000149727
11 0.0908203 0.883301 0.0332031 0.0380859 0.0001508
11 0.336914 0.29248 0.0585938 0.0224609 0.000151515
9 0.706055 0.869141 0.0996094 0.078125 0.00015378
10 0.081543 0.883789 0.0380859 0.0683594 0.000154138
13 0.30957 0.391113 0.0429688 0.0361328 0.000156522
13 0.349609 0.365723 0.134766 0.168945 0.000157833
3 0.183594 0.581543 0.367188 0.610352 0.00015986
13 0.383789 0.341797 0.0585938 0.0566406 0.000161409
13 0.384277 0.399902 0.0869141 0.211914 0.000161648
11 0.227051 0.384766 0.137695 0.167969 0.000163674
7 0.423828 0.394531 0.0644531 0.191406 0.000163913
7 0.398926 0.346191 0.102539 0.147461 0.000169516
13 0.723145 0.381836 0.0576172 0.0488281 0.000169992
3 0.880371 0.581543 0.239258 0.797852 0.000173688
9 0.652344 0.878418 0.175781 0.0595703 0.00017488
8 0.827637 0.14502 0.317383 0.290039 0.000176072
9 0.49707 0.656738 0.283203 0.567383 0.000176311
9 0.365723 0.289551 0.0810547 0.0205078 0.000182152
0 0.566406 0.463379 0.0644531 0.0830078 0.000183105
11 0.411133 0.365234 0.0800781 0.207031 0.000184417
9 0.500488 0.229492 0.0322266 0.0292969 0.000188351
7 0.338867 0.304199 0.136719 0.0478516 0.000189781
9 0.371094 0.35498 0.0742188 0.125977 0.000192761
7 0.421875 0.42041 0.0996094 0.329102 0.000197768
1 0.277344 0.328613 0.0898438 0.0693359 0.000199676
6 0.542969 0.476562 0.117188 0.113281 0.000200391
7 0.649902 0.36377 0.149414 0.12207 0.000202537
9 0.407715 0.538086 0.0654297 0.224609 0.000202775
4 0.312012 0.318359 0.178711 0.0878906 0.000203013
13 0.62793 0.325195 0.0839844 0.0546875 0.000207305
13 0.654785 0.349121 0.186523 0.131836 0.000211
7 0.367676 0.289062 0.0712891 0.0234375 0.000211
9 0.820801 0.169922 0.358398 0.328125 0.000217199
7 0.361816 0.38623 0.139648 0.186523 0.000219941
11 0.827637 0.14502 0.317383 0.290039 0.000225663
11 0.377441 0.296387 0.0478516 0.0205078 0.000227451
2 0.827637 0.14502 0.317383 0.290039 0.000233531
13 0.310059 0.388184 0.0224609 0.0224609 0.000240922
9 0.220215 0.241211 0.0166016 0.0175781 0.000242352
13 0.294922 0.492188 0.0839844 0.0527344 0.000244141
9 0.981445 0.0107422 0.015625 0.0175781 0.000256062
4 0.827637 0.14502 0.317383 0.290039 0.000258207
7 0.70459 0.334473 0.135742 0.104492 0.000258446
11 0.36377 0.312012 0.0712891 0.0537109 0.000260592
13 0.385742 0.294434 0.0761719 0.0244141 0.000262737
7 0.827637 0.14502 0.317383 0.290039 0.000266075
11 0.652832 0.297363 0.0595703 0.0224609 0.000266552
11 0.324219 0.306641 0.0761719 0.0429688 0.000272036
9 0.391602 0.470215 0.0976562 0.342773 0.000274658
7 0.371094 0.35498 0.0742188 0.125977 0.000276089
10 0.0883789 0.880859 0.0283203 0.0390625 0.000276566
4 0.543945 0.478027 0.115234 0.116211 0.000277996
5 0.828125 0.155273 0.324219 0.310547 0.00027895
8 0.78418 0.863281 0.0117188 0.0117188 0.000282764
13 0.305176 0.387695 0.0126953 0.0117188 0.000287771
9 0.223633 0.570312 0.251953 0.507812 0.000290155
8 0.312012 0.318359 0.178711 0.0878906 0.000296831
11 0.644043 0.320801 0.165039 0.0908203 0.00030899
10 0.884766 0.944824 0.0390625 0.0673828 0.000322104
11 0.614258 0.325684 0.0957031 0.0634766 0.000323534
13 0.542969 0.476562 0.117188 0.113281 0.000324965
7 0.543945 0.478027 0.115234 0.116211 0.000325203
11 0.398438 0.304199 0.078125 0.0439453 0.000333548
9 0.720703 0.864746 0.046875 0.108398 0.000340939
11 0.276367 0.325684 0.0527344 0.0419922 0.00034833
13 0.720703 0.862793 0.046875 0.108398 0.000358343
8 0.262695 0.511719 0.00976562 0.0078125 0.000373125
12 0.543945 0.478027 0.115234 0.116211 0.00037837
11 0.655273 0.35791 0.171875 0.124023 0.000380754
11 0.0820312 0.881348 0.0332031 0.0537109 0.000384808
3 0.313965 0.305176 0.168945 0.0810547 0.000385284
8 0.647949 0.528809 0.0185547 0.0166016 0.000390768
11 0.679199 0.30127 0.0732422 0.0380859 0.000395536
5 0.543945 0.478027 0.115234 0.116211 0.000407696
1 0.542969 0.476562 0.117188 0.113281 0.00043726
8 0.36084 0.589355 0.0439453 0.0341797 0.000448465
11 0.625488 0.290039 0.0986328 0.0253906 0.000452042
3 0.543457 0.806152 0.375977 0.172852 0.000452518
0 0.313965 0.305176 0.168945 0.0810547 0.000459909
11 0.60791 0.298828 0.0732422 0.0292969 0.000460386
13 0.183594 0.141602 0.324219 0.257812 0.0004673
9 0.472168 0.429688 0.288086 0.369141 0.000500679
11 0.38916 0.317383 0.0908203 0.0859375 0.000501156
9 0.227539 0.220215 0.0175781 0.0166016 0.000502586
11 0.734375 0.349121 0.0878906 0.0888672 0.000511646
11 0.542969 0.476562 0.117188 0.113281 0.000535488
11 0.734863 0.359375 0.133789 0.132812 0.000540733
5 0.194824 0.67041 0.163086 0.260742 0.000545025
12 0.828125 0.155273 0.324219 0.310547 0.000545025
11 0.884766 0.944824 0.0390625 0.0673828 0.000547886
13 0.612305 0.36377 0.103516 0.125977 0.00054884
2 0.314453 0.314453 0.173828 0.0859375 0.000549316
8 0.542969 0.476562 0.117188 0.113281 0.000570297
9 0.318848 0.312012 0.170898 0.0849609 0.000574589
2 0.542969 0.476562 0.117188 0.113281 0.00057888
8 0.305176 0.387695 0.0126953 0.0117188 0.000585079
1 0.828125 0.155273 0.324219 0.310547 0.000607967
11 0.344238 0.338379 0.12207 0.110352 0.000619888
11 0.264648 0.335938 0.0527344 0.0507812 0.000635624
11 0.626465 0.295898 0.0693359 0.0195312 0.000647068
0 0.488281 0.507324 0.214844 0.276367 0.000649929
9 0.420898 0.441406 0.0566406 0.193359 0.000693798
11 0.587402 0.334961 0.106445 0.117188 0.00071907
5 0.771484 0.605469 0.183594 0.535156 0.000721931
13 0.369141 0.325195 0.0585938 0.0644531 0.000747681
13 0.365234 0.304199 0.078125 0.0439453 0.000767231
11 0.366211 0.280762 0.0761719 0.0263672 0.000798225
10 0.542969 0.476562 0.117188 0.113281 0.000828743
13 0.36377 0.291504 0.0849609 0.0224609 0.000838757
13 0.312012 0.318359 0.178711 0.0878906 0.000944138
6 0.828125 0.155273 0.324219 0.310547 0.000967503
12 0.312012 0.318359 0.178711 0.0878906 0.000971794
10 0.312988 0.31543 0.15332 0.0820312 0.000973701
5 0.228516 0.602051 0.277344 0.555664 0.000981331
7 0.312012 0.318359 0.178711 0.0878906 0.000985146
9 0.41748 0.375 0.102539 0.193359 0.00101376
11 0.323242 0.293945 0.125 0.0488281 0.00109005
11 0.313965 0.328125 0.19043 0.158203 0.00109386
9 0.544434 0.480957 0.114258 0.12207 0.00118065
11 0.296387 0.315918 0.0791016 0.0576172 0.00142479
11 0.36377 0.301758 0.124023 0.0644531 0.00146389
11 0.579102 0.322266 0.0683594 0.078125 0.00175953
10 0.883301 0.954102 0.0302734 0.0390625 0.00177193
0 0.532715 0.492676 0.19043 0.161133 0.00177193
11 0.358887 0.293457 0.0595703 0.0205078 0.00178814
9 0.494629 0.533203 0.180664 0.306641 0.00180912
11 0.265137 0.348145 0.135742 0.137695 0.00196266
1 0.314453 0.314453 0.173828 0.0859375 0.00196266
13 0.828125 0.155273 0.324219 0.310547 0.00198936
3 0.542969 0.476562 0.117188 0.113281 0.0021553
11 0.39209 0.291016 0.0849609 0.0332031 0.00233269
11 0.883301 0.954102 0.0302734 0.0371094 0.00236893
9 0.470215 0.375977 0.15332 0.25 0.0024395
11 0.619141 0.304688 0.115234 0.046875 0.00247765
11 0.374512 0.298828 0.0791016 0.03125 0.0026741
13 0.371094 0.35498 0.0742188 0.125977 0.00273514
11 0.257812 0.344238 0.0820312 0.0732422 0.00286484
11 0.592285 0.310547 0.0693359 0.046875 0.00297928
9 0.417969 0.520996 0.0917969 0.362305 0.00319481
11 0.391113 0.291504 0.0517578 0.0166016 0.00343513
11 0.702637 0.327637 0.129883 0.0927734 0.00474167
10 0.0825195 0.888184 0.0244141 0.0322266 0.00477219
11 0.667969 0.307617 0.142578 0.0527344 0.00782776
11 0.0825195 0.888184 0.0244141 0.0322266 0.00860596
11 0.646973 0.296875 0.110352 0.0292969 0.00962067
9 0.441895 0.444824 0.12207 0.31543 0.021225
9 0.45459 0.541016 0.168945 0.564453 0.0243683
11 0.348633 0.294434 0.107422 0.0302734 0.026123
11 0.277344 0.328613 0.0898438 0.0693359 0.0491333
11 0.374023 0.289551 0.0683594 0.0224609 0.0513916
11 0.312988 0.31543 0.15332 0.0820312 0.0914917
0 0.543945 0.472656 0.115234 0.103516 0.409668
