4 0.390137 0.369629 0.0439453 0.0380859 0.00010103
3 0.989258 0.722656 0.0214844 0.314453 0.000101388
11 0.910645 0.78418 0.0302734 0.0429688 0.000102043
6 0.397461 0.36377 0.0742188 0.0556641 0.000102162
6 0.646484 0.367188 0.078125 0.0527344 0.000102937
10 0.844727 0.161133 0.310547 0.298828 0.000103652
9 0.780762 0.757324 0.270508 0.106445 0.000103951
6 0.410645 0.291504 0.120117 0.0439453 0.00010407
13 0.654785 0.487793 0.0498047 0.0458984 0.000105023
2 0.183594 0.138672 0.355469 0.277344 0.000105202
9 0.527344 0.425293 0.179688 0.149414 0.000106335
9 0.307617 0.245117 0.0292969 0.0410156 0.00010705
13 0.722168 0.489258 0.125977 0.0449219 0.000107229
9 0.311523 0.539551 0.267578 0.389648 0.000108123
13 0.343262 0.442383 0.108398 0.0351562 0.00011003
0 0.439453 0.0136719 0.179688 0.0273438 0.000112057
8 0.724609 0.620605 0.0292969 0.0205078 0.00011456
8 0.706055 0.60791 0.0117188 0.00878906 0.000115275
9 0.272949 0.477051 0.0517578 0.0283203 0.000115812
11 0.576172 0.421875 0.107422 0.101562 0.000118017
0 0.585938 0.459473 0.0878906 0.118164 0.000118911
2 0.578613 0.419922 0.102539 0.09375 0.000119567
9 0.451172 0.322754 0.0742188 0.114258 0.000120401
11 0.393555 0.29541 0.0566406 0.0283203 0.000122786
11 0.258301 0.304199 0.108398 0.0322266 0.000123024
9 0.408691 0.311035 0.0576172 0.0517578 0.000123978
7 0.284668 0.466309 0.0595703 0.0458984 0.000124216
2 0.982422 0.0107422 0.0175781 0.0175781 0.000124931
2 0.188477 0.509277 0.376953 0.483398 0.000124931
13 0.29541 0.441895 0.114258 0.0966797 0.000126004
8 0.695801 0.507812 0.0107422 0.0078125 0.000126004
9 0.37207 0.315918 0.109375 0.0908203 0.000126958
11 0.721191 0.318848 0.0771484 0.0595703 0.000129104
2 0.382812 0.352051 0.0722656 0.0771484 0.000131845
10 0.20166 0.178223 0.40332 0.338867 0.000132203
7 0.412598 0.309082 0.0595703 0.0439453 0.000132561
11 0.634766 0.290527 0.0742188 0.0263672 0.000134587
9 0.786621 0.246582 0.0478516 0.0361328 0.000136614
13 0.396973 0.45459 0.0810547 0.0908203 0.000137329
11 0.436523 0.26709 0.0488281 0.0146484 0.000137329
10 0.578613 0.427734 0.102539 0.113281 0.000139356
9 0.98877 0.0117188 0.0224609 0.0234375 0.000141978
13 0.330078 0.422852 0.113281 0.0957031 0.000142336
8 0.837891 0.174805 0.324219 0.349609 0.00014317
13 0.183594 0.138672 0.355469 0.277344 0.000146389
13 0.439453 0.351074 0.0878906 0.143555 0.000146627
11 0.634277 0.325195 0.0908203 0.0878906 0.000146747
9 0.86377 0.750977 0.0908203 0.0761719 0.000147462
7 0.376953 0.286621 0.0761719 0.0380859 0.000147462
7 0.203613 0.175781 0.407227 0.351562 0.000148177
3 0.571777 0.677246 0.31543 0.112305 0.000148654
11 0.895508 0.720215 0.0449219 0.133789 0.000149727
12 0.369629 0.291504 0.104492 0.0576172 0.000150561
8 0.838379 0.714844 0.0283203 0.0195312 0.000152588
13 0.354004 0.395508 0.213867 0.185547 0.000154734
13 0.31543 0.431152 0.046875 0.0400391 0.000156641
9 0.381836 0.283203 0.0898438 0.0410156 0.000158787
6 0.370117 0.376465 0.144531 0.172852 0.000159025
13 0.838379 0.714844 0.0283203 0.0195312 0.000159264
7 0.398438 0.301758 0.158203 0.0917969 0.00015986
13 0.756348 0.479004 0.0537109 0.0341797 0.00015986
11 0.45459 0.274414 0.0693359 0.0253906 0.000163674
12 0.862305 0.17041 0.275391 0.34082 0.000163674
7 0.370117 0.376465 0.144531 0.172852 0.000164151
7 0.661133 0.302246 0.150391 0.0439453 0.00016439
11 0.637207 0.274902 0.0908203 0.0263672 0.000166893
1 0.839355 0.150391 0.321289 0.300781 0.000167012
9 0.299805 0.383301 0.0253906 0.0302734 0.000168562
5 0.291992 0.623535 0.179688 0.137695 0.00016892
6 0.408203 0.330566 0.117188 0.110352 0.0001719
9 0.337891 0.412598 0.158203 0.145508 0.000172853
13 0.766602 0.451172 0.0605469 0.0234375 0.000173688
11 0.138672 0.786133 0.0234375 0.0429688 0.000176072
8 0.285645 0.46875 0.0517578 0.0371094 0.000177026
13 0.849609 0.70459 0.0664062 0.0498047 0.000177503
9 0.370117 0.376465 0.144531 0.172852 0.000182509
11 0.32959 0.317383 0.0478516 0.0371094 0.000182509
8 0.767578 0.737793 0.0292969 0.0224609 0.000183463
9 0.181152 0.174316 0.360352 0.323242 0.000183582
5 0.844727 0.161133 0.310547 0.298828 0.000184774
1 0.410645 0.291504 0.118164 0.0400391 0.000186682
11 0.837891 0.174805 0.324219 0.349609 0.000187039
13 0.408203 0.296387 0.0527344 0.0244141 0.000187397
9 0.649902 0.371582 0.0712891 0.0439453 0.000188708
8 0.383301 0.359375 0.0654297 0.0605469 0.000191808
8 0.67627 0.38916 0.0263672 0.0166016 0.000196338
11 0.431152 0.287598 0.0751953 0.0283203 0.000198126
0 0.179199 0.506348 0.358398 0.381836 0.00019896
12 0.410156 0.282715 0.125 0.0439453 0.000201344
11 0.444336 0.327637 0.0996094 0.12207 0.000201702
13 0.332031 0.398438 0.0800781 0.0722656 0.000203729
6 0.38916 0.370117 0.0458984 0.0390625 0.000204206
9 0.282227 0.241699 0.0410156 0.0888672 0.000204206
12 0.188477 0.509277 0.376953 0.483398 0.000213146
4 0.839355 0.150391 0.321289 0.300781 0.0002141
11 0.34082 0.312012 0.0800781 0.0537109 0.000214815
7 0.611816 0.319824 0.0732422 0.0810547 0.000218272
2 0.837891 0.174805 0.324219 0.349609 0.000220418
9 0.628906 0.229004 0.0429688 0.0341797 0.000223517
5 0.337891 0.412598 0.158203 0.145508 0.000224233
2 0.387695 0.367188 0.0507812 0.0429688 0.000229955
6 0.183594 0.138672 0.355469 0.277344 0.000239134
0 0.4375 0.0214844 0.261719 0.0410156 0.000239968
11 0.654785 0.294434 0.0732422 0.0224609 0.00024271
8 0.651855 0.373047 0.0615234 0.0410156 0.000245094
9 0.388184 0.291992 0.143555 0.0625 0.000246525
3 0.179199 0.506348 0.358398 0.381836 0.000252485
8 0.646973 0.350586 0.0400391 0.0292969 0.000252724
13 0.638184 0.353516 0.0869141 0.0722656 0.000252962
11 0.88916 0.687988 0.0400391 0.102539 0.000253677
7 0.844727 0.161133 0.310547 0.298828 0.000260115
9 0.282227 0.468262 0.0566406 0.0419922 0.00026536
11 0.422363 0.275879 0.0595703 0.0185547 0.000270128
11 0.352051 0.322754 0.116211 0.100586 0.000270844
5 0.177246 0.133301 0.323242 0.260742 0.000270844
13 0.393555 0.473145 0.0585938 0.0595703 0.000271797
9 0.408203 0.330566 0.117188 0.110352 0.000272512
9 0.422363 0.30127 0.0986328 0.0537109 0.000273466
11 0.400391 0.271484 0.115234 0.046875 0.000274658
10 0.199219 0.977539 0.111328 0.0390625 0.000279188
1 0.377441 0.287598 0.100586 0.0517578 0.00028491
13 0.292969 0.459961 0.0625 0.0605469 0.000285149
7 0.451172 0.322754 0.0742188 0.114258 0.000286579
7 0.646484 0.367188 0.0761719 0.0527344 0.000287056
13 0.410645 0.304199 0.135742 0.0849609 0.000302315
13 0.666504 0.415527 0.0673828 0.0908203 0.000310183
11 0.446777 0.287109 0.0830078 0.0429688 0.000311136
13 0.364258 0.375488 0.107422 0.0966797 0.000315428
8 0.428223 0.449707 0.0185547 0.0166016 0.000319242
13 0.744141 0.490723 0.0644531 0.0224609 0.000320196
13 0.314941 0.4375 0.0791016 0.0625 0.000321627
9 0.577148 0.433594 0.101562 0.123047 0.000331879
5 0.370117 0.376465 0.144531 0.172852 0.000335217
9 0.528809 0.515137 0.172852 0.303711 0.000341415
6 0.378418 0.349121 0.0810547 0.0791016 0.000352621
11 0.372559 0.294922 0.0595703 0.0390625 0.000357389
3 0.579102 0.413086 0.0996094 0.0820312 0.000372648
11 0.412598 0.309082 0.0595703 0.0439453 0.000376463
3 0.203613 0.175781 0.407227 0.316406 0.000377655
7 0.400391 0.298828 0.126953 0.0449219 0.000384569
8 0.64502 0.48291 0.0498047 0.0439453 0.00039959
7 0.364746 0.29834 0.114258 0.0654297 0.000406027
9 0.430664 0.283203 0.0996094 0.0390625 0.000421762
13 0.413086 0.401855 0.0664062 0.0673828 0.00042963
6 0.846191 0.156738 0.307617 0.299805 0.000430584
13 0.656738 0.373535 0.0595703 0.0400391 0.000437021
13 0.66748 0.503906 0.0693359 0.0859375 0.000442028
9 0.982422 0.0107422 0.0175781 0.0175781 0.000454664
13 0.65332 0.383301 0.0839844 0.0791016 0.000454664
13 0.412598 0.309082 0.0595703 0.0439453 0.000481606
11 0.400391 0.28418 0.0585938 0.0273438 0.000491142
11 0.383301 0.287598 0.0517578 0.0263672 0.000506878
8 0.473145 0.304688 0.0185547 0.015625 0.000519753
13 0.346191 0.45166 0.139648 0.0771484 0.000524998
13 0.387695 0.344238 0.164062 0.151367 0.000528336
13 0.396484 0.287109 0.125 0.0449219 0.000548363
13 0.371582 0.316406 0.110352 0.09375 0.000636578
8 0.367676 0.555664 0.0146484 0.0117188 0.000640869
9 0.769531 0.24707 0.0683594 0.0488281 0.000648022
13 0.396973 0.380371 0.0771484 0.0810547 0.000697136
9 0.382812 0.352051 0.0722656 0.0771484 0.00069809
11 0.680664 0.295898 0.0742188 0.0273438 0.00078249
7 0.378418 0.349121 0.0810547 0.0791016 0.000785351
13 0.846191 0.156738 0.307617 0.299805 0.000787258
5 0.311523 0.539551 0.267578 0.389648 0.000833035
11 0.393555 0.33252 0.105469 0.104492 0.000842571
7 0.388184 0.367188 0.0498047 0.0429688 0.000867844
7 0.408203 0.330566 0.117188 0.110352 0.000890255
9 0.387695 0.367188 0.0507812 0.0429688 0.000960827
13 0.408691 0.336914 0.102539 0.107422 0.00114632
11 0.67334 0.305176 0.155273 0.0732422 0.00120735
13 0.753418 0.487305 0.0400391 0.015625 0.00125027
13 0.411621 0.299805 0.0927734 0.0449219 0.0012598
7 0.410156 0.282715 0.126953 0.0439453 0.00127983
7 0.431152 0.302734 0.0986328 0.0625 0.00137138
11 0.398438 0.301758 0.158203 0.0917969 0.00143337
13 0.369141 0.412109 0.136719 0.126953 0.00156593
11 0.435059 0.270508 0.0791016 0.0175781 0.00169659
9 0.240234 0.26416 0.046875 0.0478516 0.00202751
13 0.673828 0.499512 0.0527344 0.0498047 0.00229073
13 0.387695 0.367188 0.0507812 0.0429688 0.00244331
11 0.614258 0.311035 0.0761719 0.0732422 0.00245285
11 0.431152 0.302734 0.0986328 0.0625 0.00255966
0 0.533203 0.447266 0.193359 0.142578 0.00274467
11 0.694824 0.299316 0.0947266 0.0498047 0.00290489
11 0.618652 0.297363 0.0673828 0.0341797 0.00295258
11 0.646973 0.283691 0.12207 0.0341797 0.00360107
8 0.389648 0.371094 0.0410156 0.0351562 0.00387001
13 0.382812 0.348145 0.0820312 0.0830078 0.00582886
11 0.421875 0.276367 0.0996094 0.0273438 0.00585175
11 0.362305 0.296387 0.109375 0.0654297 0.00840759
11 0.405273 0.291992 0.119141 0.0410156 0.009552
11 0.661621 0.293945 0.133789 0.0351562 0.0321045
11 0.381836 0.283203 0.0898438 0.0410156 0.0396423
0 0.579102 0.419434 0.101562 0.0927734 0.114319
