7 0.254883 0.484863 0.205078 0.137695 0.000102639
5 0.745605 0.334473 0.379883 0.459961 0.000103354
3 0.749512 0.45752 0.293945 0.30957 0.000103354
7 0.615723 0.361328 0.0908203 0.0839844 0.00010407
6 0.552734 0.502441 0.392578 0.180664 0.000104368
9 0.651855 0.383789 0.166992 0.216797 0.000105321
11 0.560547 0.191895 0.0878906 0.108398 0.000105619
4 0.676758 0.488281 0.216797 0.207031 0.000107646
9 0.310547 0.17627 0.1875 0.0947266 0.000107825
9 0.0263672 0.410156 0.0507812 0.251953 0.000108182
11 0.887695 0.543457 0.0527344 0.112305 0.000109732
11 0.282715 0.180664 0.223633 0.101562 0.00011003
0 0.535156 0.288086 0.123047 0.138672 0.000111282
10 0.817383 0.415527 0.275391 0.368164 0.000114918
8 0.683594 0.316406 0.0351562 0.0292969 0.000115812
11 0.749512 0.45752 0.293945 0.30957 0.00011754
7 0.634766 0.404785 0.146484 0.137695 0.000117719
10 0.743652 0.819824 0.383789 0.344727 0.000118017
9 0.941406 0.407227 0.113281 0.556641 0.000118613
3 0.339355 0.963379 0.456055 0.0732422 0.000118732
9 0.287598 0.789551 0.411133 0.395508 0.000119209
7 0.668457 0.432129 0.110352 0.0751953 0.000119627
2 0.749512 0.45752 0.293945 0.30957 0.000120699
5 0.96875 0.500488 0.0585938 0.442383 0.000122666
9 0.269531 0.955566 0.333984 0.0849609 0.000124454
11 0.624512 0.142578 0.0732422 0.0234375 0.0001266
13 0.694336 0.379395 0.240234 0.256836 0.000128031
1 0.552734 0.502441 0.392578 0.180664 0.00013113
7 0.79248 0.542969 0.274414 0.220703 0.000132799
11 0.328613 0.173828 0.0576172 0.0136719 0.000132918
11 0.665039 0.168945 0.21875 0.0976562 0.000133038
13 0.54248 0.506836 0.387695 0.169922 0.000134587
3 0.421875 0.980469 0.427734 0.0351562 0.000134826
10 0.657227 0.449219 0.173828 0.121094 0.000136971
8 0.749512 0.45752 0.293945 0.30957 0.000140429
0 0.474609 0.36377 0.193359 0.24707 0.000140548
12 0.749512 0.45752 0.293945 0.30957 0.000142097
13 0.647949 0.316895 0.157227 0.21582 0.000142932
9 0.745605 0.780762 0.381836 0.374023 0.00014329
5 0.252441 0.539062 0.329102 0.421875 0.000144005
9 0.632324 0.153809 0.188477 0.0849609 0.000144005
3 0.469727 0.945312 0.253906 0.0996094 0.000146151
11 0.552734 0.502441 0.392578 0.180664 0.00014782
11 0.374512 0.181641 0.0634766 0.03125 0.000147939
1 0.749512 0.45752 0.293945 0.30957 0.000151753
2 0.648438 0.446289 0.175781 0.115234 0.000152349
8 0.599121 0.43457 0.100586 0.0820312 0.000153422
8 0.78125 0.450195 0.181641 0.224609 0.000154614
13 0.660645 0.291016 0.0439453 0.0683594 0.000157237
10 0.244629 0.863281 0.360352 0.273438 0.000159025
4 0.552734 0.502441 0.392578 0.180664 0.000160456
9 0.976074 0.584961 0.0419922 0.521484 0.000160575
2 0.552734 0.502441 0.392578 0.180664 0.00016284
8 0.552734 0.504395 0.390625 0.170898 0.000163198
9 0.487305 0.0766602 0.400391 0.143555 0.000166297
8 0.645508 0.450195 0.03125 0.0273438 0.000167847
0 0.648438 0.446289 0.175781 0.115234 0.000175238
13 0.639648 0.299805 0.107422 0.117188 0.000180125
11 0.248535 0.201172 0.0791016 0.0664062 0.000181198
9 0.662598 0.431152 0.100586 0.0712891 0.000183463
10 0.786133 0.458496 0.1875 0.204102 0.000185966
11 0.57959 0.130859 0.120117 0.0371094 0.000186443
11 0.634766 0.148926 0.0722656 0.0205078 0.000189543
9 0.833496 0.367188 0.333008 0.511719 0.000191927
12 0.54248 0.506836 0.387695 0.169922 0.000192285
10 0.736816 0.958496 0.344727 0.0830078 0.000195265
7 0.552734 0.502441 0.392578 0.180664 0.000203848
10 0.887695 0.562988 0.0722656 0.12207 0.000204682
9 0.644043 0.521484 0.27832 0.287109 0.000207067
10 0.244141 0.97998 0.302734 0.0380859 0.000208735
9 0.266113 0.89209 0.364258 0.202148 0.000222087
0 0.549316 0.519043 0.391602 0.168945 0.000223756
9 0.618164 0.361816 0.0859375 0.0771484 0.000228643
11 0.0175781 0.304199 0.0351562 0.0517578 0.000228763
8 0.655762 0.479004 0.178711 0.178711 0.000230193
12 0.648438 0.446289 0.175781 0.115234 0.000231862
3 0.252441 0.410156 0.282227 0.339844 0.000232339
5 0.727051 0.374023 0.192383 0.152344 0.000244379
10 0.77002 0.604004 0.325195 0.141602 0.000247717
9 0.710449 0.457031 0.260742 0.265625 0.000249624
7 0.749023 0.373535 0.179688 0.178711 0.000250816
6 0.693848 0.379395 0.231445 0.25293 0.000256538
11 0.637207 0.13623 0.124023 0.0400391 0.000263453
10 0.549316 0.519043 0.391602 0.168945 0.000264168
11 0.35791 0.170898 0.0927734 0.0234375 0.000264168
3 0.512207 0.967285 0.459961 0.0654297 0.000265837
10 0.819824 0.546387 0.239258 0.213867 0.000276089
11 0.870605 0.561523 0.100586 0.126953 0.000286341
5 0.54248 0.506836 0.387695 0.169922 0.000297785
11 0.567383 0.165039 0.0722656 0.046875 0.000302076
13 0.648438 0.4375 0.166016 0.105469 0.000309229
13 0.329102 0.275391 0.0996094 0.117188 0.000313282
13 0.749512 0.45752 0.293945 0.30957 0.000318766
11 0.648438 0.446289 0.175781 0.115234 0.000320196
9 0.838867 0.577637 0.193359 0.166992 0.000320196
3 0.56543 0.573242 0.421875 0.173828 0.000323772
4 0.749512 0.45752 0.293945 0.30957 0.000324965
11 0.583496 0.170898 0.110352 0.0898438 0.000327826
4 0.78125 0.450195 0.181641 0.224609 0.000332355
1 0.648438 0.446289 0.175781 0.115234 0.000344992
11 0.32959 0.160156 0.116211 0.0351562 0.00034523
13 0.243652 0.419922 0.229492 0.289062 0.000349045
9 0.487305 0.310059 0.171875 0.125977 0.000357389
9 0.965332 0.450195 0.0654297 0.388672 0.000368834
7 0.693848 0.379395 0.231445 0.25293 0.000405073
9 0.771973 0.63623 0.327148 0.186523 0.000418425
5 0.648438 0.4375 0.166016 0.105469 0.000441551
11 0.333496 0.182617 0.139648 0.03125 0.00044775
11 0.308105 0.173828 0.0615234 0.015625 0.000451565
9 0.665039 0.578613 0.160156 0.102539 0.000455856
9 0.812988 0.491699 0.202148 0.237305 0.000491142
7 0.615234 0.430176 0.105469 0.0830078 0.000522614
9 0.489746 0.400391 0.186523 0.351562 0.000526428
8 0.641602 0.452148 0.0214844 0.0175781 0.000535011
11 0.664551 0.155273 0.0888672 0.03125 0.000545979
5 0.77002 0.445801 0.18457 0.198242 0.000660896
6 0.786133 0.458496 0.1875 0.204102 0.00067234
11 0.319336 0.173828 0.144531 0.0625 0.000682831
3 0.648438 0.446289 0.175781 0.115234 0.000700474
10 0.290527 0.924316 0.366211 0.151367 0.000761986
10 0.865234 0.557129 0.125 0.157227 0.00076437
9 0.615234 0.42334 0.105469 0.0849609 0.000775814
7 0.676758 0.488281 0.216797 0.207031 0.000853539
10 0.747559 0.488281 0.319336 0.285156 0.000867844
6 0.648438 0.4375 0.166016 0.105469 0.000899315
5 0.250488 0.482422 0.178711 0.160156 0.000912666
6 0.749512 0.45752 0.293945 0.30957 0.00100613
3 0.185547 0.162598 0.371094 0.299805 0.00104618
11 0.60791 0.148438 0.0673828 0.0273438 0.00106525
9 0.246582 0.41748 0.231445 0.293945 0.00108242
10 0.272949 0.963867 0.334961 0.0722656 0.00111485
11 0.615234 0.154297 0.154297 0.0722656 0.00115013
5 0.693848 0.379395 0.231445 0.25293 0.00117302
11 0.273438 0.188477 0.0996094 0.0527344 0.00123215
7 0.243652 0.419922 0.229492 0.289062 0.00127697
9 0.547363 0.512695 0.389648 0.158203 0.00135136
11 0.697266 0.171875 0.0898438 0.0605469 0.00139999
4 0.648438 0.446289 0.175781 0.115234 0.00142288
9 0.645508 0.460449 0.197266 0.186523 0.00148964
9 0.708008 0.595703 0.298828 0.113281 0.0015192
8 0.641602 0.435059 0.158203 0.0947266 0.00169563
6 0.243652 0.419922 0.229492 0.289062 0.00180626
11 0.603027 0.14209 0.12793 0.0361328 0.00234985
7 0.749512 0.45752 0.293945 0.30957 0.00236893
11 0.591797 0.157715 0.115234 0.0439453 0.00239563
9 0.74707 0.539062 0.337891 0.232422 0.00240135
9 0.780762 0.42041 0.188477 0.293945 0.00241661
11 0.663086 0.162109 0.134766 0.046875 0.00272369
11 0.292969 0.178223 0.0839844 0.0322266 0.00396729
5 0.749512 0.45752 0.293945 0.30957 0.00443649
0 0.529785 0.286133 0.0927734 0.078125 0.00526047
7 0.78125 0.450195 0.181641 0.224609 0.00599289
0 0.487305 0.310059 0.171875 0.125977 0.00640488
7 0.648438 0.446289 0.175781 0.115234 0.00849152
11 0.326172 0.171875 0.119141 0.0292969 0.0110474
11 0.631348 0.150391 0.139648 0.0351562 0.0193481
9 0.650391 0.437988 0.162109 0.100586 0.0207062
5 0.243652 0.419922 0.229492 0.289062 0.0209503
3 0.547363 0.514648 0.385742 0.144531 0.112671
