13 0.194336 0.455078 0.0664062 0.0234375 0.000100136
8 0.734863 0.597168 0.0322266 0.0322266 0.000102222
13 0.803711 0.34082 0.0527344 0.0488281 0.000103354
5 0.135742 0.635742 0.126953 0.201172 0.000104249
11 0.0532227 0.771973 0.0595703 0.0634766 0.000106096
13 0.722168 0.193359 0.172852 0.123047 0.000106156
11 0.283691 0.166504 0.0537109 0.0361328 0.000107527
9 0.0791016 0.955078 0.154297 0.0859375 0.000107884
8 0.665039 0.0849609 0.0136719 0.0136719 0.00011009
11 0.653809 0.142578 0.0576172 0.0175781 0.000110328
2 0.65332 0.342285 0.0449219 0.0498047 0.000110388
13 0.290527 0.283691 0.120117 0.0986328 0.000112176
11 0.404785 0.134277 0.0693359 0.0185547 0.00011301
13 0.228027 0.476074 0.168945 0.200195 0.00011313
11 0.364258 0.130859 0.113281 0.0371094 0.000115156
2 0.697754 0.201172 0.0888672 0.09375 0.000115752
11 0.98877 0.0908203 0.0224609 0.0507812 0.00011611
11 0.451172 0.139648 0.0820312 0.0273438 0.000117242
13 0.271484 0.349121 0.03125 0.0244141 0.0001176
13 0.708984 0.239746 0.0546875 0.125977 0.000118673
7 0.731445 0.161621 0.121094 0.0537109 0.00012058
10 0.965332 0.813965 0.0654297 0.131836 0.000121415
9 0.652344 0.342285 0.0195312 0.0341797 0.000121951
0 0.621582 0.384277 0.198242 0.196289 0.00012207
9 0.186035 0.558105 0.188477 0.24707 0.0001266
10 0.938965 0.76123 0.0439453 0.0673828 0.000128984
10 0.0224609 0.773438 0.0449219 0.119141 0.000130773
3 0.586426 0.722656 0.43457 0.316406 0.000135064
9 0.833008 0.557129 0.236328 0.338867 0.000135899
9 0.463379 0.70166 0.0205078 0.0185547 0.000137925
2 0.640625 0.359863 0.0253906 0.0322266 0.000138521
13 0.386719 0.307129 0.0664062 0.0849609 0.000141025
9 0.722656 0.168457 0.0800781 0.0498047 0.000141859
13 0.615723 0.253906 0.0517578 0.03125 0.00014782
13 0.693848 0.296387 0.100586 0.0986328 0.000148296
11 0.386719 0.149902 0.173828 0.0673828 0.000149131
13 0.36377 0.237793 0.0869141 0.108398 0.000151873
13 0.40625 0.211914 0.0976562 0.125 0.000155807
8 0.419434 0.338867 0.0302734 0.0273438 0.000157237
13 0.373047 0.223633 0.0507812 0.0859375 0.000158429
9 0.612793 0.360352 0.196289 0.158203 0.000159025
13 0.353027 0.328613 0.0947266 0.0966797 0.000159264
11 0.364746 0.145508 0.0869141 0.0390625 0.000162482
3 0.203125 0.960449 0.40625 0.0791016 0.000163436
6 0.597656 0.643555 0.429688 0.158203 0.000169754
13 0.267578 0.346191 0.0488281 0.0400391 0.000172734
3 0.612793 0.360352 0.196289 0.158203 0.000172973
5 0.246094 0.480469 0.142578 0.0585938 0.000174046
13 0.20166 0.46582 0.0966797 0.0449219 0.000177264
5 0.774902 0.490234 0.290039 0.53125 0.000178218
8 0.394043 0.381836 0.0185547 0.0136719 0.000180006
11 0.681641 0.13916 0.0507812 0.0126953 0.000184655
11 0.0185547 0.805664 0.0371094 0.0742188 0.00018549
13 0.289062 0.493652 0.150391 0.0400391 0.000185966
11 0.709961 0.187988 0.0878906 0.0810547 0.000186443
11 0.65332 0.342285 0.0136719 0.0244141 0.000190496
7 0.597656 0.643555 0.429688 0.158203 0.000191569
11 0.0131836 0.788574 0.0263672 0.0576172 0.000195503
9 0.506348 0.536133 0.204102 0.402344 0.000196338
2 0.653809 0.344727 0.0205078 0.0371094 0.000197291
10 0.949707 0.778809 0.0595703 0.104492 0.000199437
8 0.664062 0.528809 0.0332031 0.0302734 0.000200033
4 0.597656 0.643555 0.429688 0.158203 0.000201583
9 0.551758 0.0507812 0.205078 0.101562 0.000208735
9 0.491699 0.69873 0.129883 0.186523 0.000210762
11 0.943359 0.76416 0.0507812 0.0966797 0.000214934
11 0.705566 0.142578 0.0712891 0.0175781 0.000216961
11 0.597656 0.643555 0.429688 0.158203 0.000217795
9 0.69873 0.202637 0.0830078 0.0947266 0.000218153
9 0.25293 0.504395 0.353516 0.444336 0.000220776
8 0.597656 0.643555 0.429688 0.158203 0.00022471
1 0.597656 0.643555 0.429688 0.158203 0.00022471
13 0.306152 0.497559 0.102539 0.0244141 0.000229001
13 0.689941 0.205078 0.0595703 0.0625 0.000235915
9 0.220215 0.82959 0.352539 0.19043 0.000236869
0 0.64502 0.351074 0.0322266 0.0478516 0.000237465
13 0.597656 0.643555 0.429688 0.158203 0.000262499
11 0.39502 0.128418 0.106445 0.0283203 0.000262737
8 0.120117 0.663086 0.015625 0.0117188 0.000264645
11 0.732422 0.17627 0.0800781 0.0517578 0.000268221
3 0.506348 0.980469 0.428711 0.0371094 0.000268221
12 0.597656 0.643555 0.429688 0.158203 0.000271797
2 0.59668 0.652832 0.431641 0.139648 0.000276804
11 0.44043 0.166016 0.0957031 0.0859375 0.000286102
2 0.646973 0.40332 0.0185547 0.0136719 0.000290155
0 0.612793 0.3125 0.0908203 0.046875 0.000291348
9 0.508789 0.716309 0.0703125 0.0556641 0.000296116
11 0.325195 0.161133 0.185547 0.0898438 0.000299215
9 0.665039 0.0849609 0.0136719 0.0136719 0.000306845
13 0.803223 0.339844 0.0341797 0.0292969 0.000308037
6 0.605469 0.34668 0.115234 0.115234 0.000314951
13 0.383301 0.235352 0.0439453 0.0507812 0.000315189
11 0.696289 0.154785 0.0722656 0.0185547 0.000317097
9 0.493652 0.709473 0.0947266 0.0908203 0.000324726
13 0.707031 0.162109 0.0585938 0.0273438 0.000329733
13 0.390625 0.26416 0.113281 0.188477 0.000341892
11 0.647461 0.350586 0.0253906 0.0429688 0.000346899
9 0.255371 0.0961914 0.0517578 0.0556641 0.000348806
13 0.303711 0.319336 0.154297 0.117188 0.000360012
11 0.726074 0.157227 0.0712891 0.0410156 0.000360966
9 0.830566 0.416992 0.0615234 0.0488281 0.000366449
11 0.985352 0.108398 0.0292969 0.078125 0.00036788
13 0.65332 0.342285 0.0136719 0.0244141 0.0003829
8 0.361328 0.294922 0.0117188 0.00976562 0.000386238
10 0.598145 0.655762 0.432617 0.157227 0.000398636
11 0.0234375 0.814941 0.046875 0.116211 0.000400543
13 0.71875 0.250977 0.119141 0.171875 0.000411034
5 0.597656 0.643555 0.429688 0.158203 0.000413418
10 0.0356445 0.77832 0.0498047 0.0644531 0.00041604
8 0.645996 0.403809 0.0185547 0.0146484 0.000420094
7 0.605469 0.34668 0.115234 0.115234 0.000427008
4 0.605469 0.34668 0.115234 0.115234 0.000430584
0 0.632812 0.341309 0.0527344 0.0791016 0.000437975
13 0.381836 0.32373 0.101562 0.124023 0.000454664
8 0.736816 0.668945 0.0126953 0.0117188 0.000457048
5 0.869629 0.630371 0.149414 0.194336 0.000458717
8 0.65332 0.342285 0.0136719 0.0224609 0.000459433
0 0.598145 0.655762 0.432617 0.157227 0.0004673
0 0.608398 0.382812 0.103516 0.160156 0.000488281
11 0.73291 0.166016 0.170898 0.0839844 0.000504017
8 0.37207 0.619629 0.0214844 0.0185547 0.000522137
8 0.647461 0.349609 0.0234375 0.0410156 0.000533581
11 0.67334 0.144043 0.0615234 0.0185547 0.000535488
5 0.167969 0.560547 0.160156 0.25 0.000536919
10 0.0234375 0.814941 0.046875 0.116211 0.000540733
13 0.605469 0.34668 0.115234 0.115234 0.00055027
11 0.677734 0.154297 0.142578 0.0585938 0.000561714
5 0.271973 0.584961 0.168945 0.162109 0.000571728
11 0.288574 0.169922 0.0830078 0.0527344 0.000586987
13 0.246094 0.480469 0.142578 0.0585938 0.000596046
5 0.236328 0.481934 0.164062 0.124023 0.000602245
5 0.60498 0.352051 0.114258 0.125977 0.000608444
9 0.653809 0.342285 0.0126953 0.0224609 0.000613213
3 0.591797 0.69873 0.423828 0.129883 0.000626087
12 0.605469 0.34668 0.115234 0.115234 0.000630856
5 0.228516 0.48877 0.195312 0.235352 0.000646114
9 0.539062 0.422852 0.207031 0.283203 0.000650406
11 0.975586 0.125 0.0488281 0.078125 0.000669956
0 0.602539 0.33252 0.0625 0.0751953 0.000676632
0 0.539062 0.412598 0.224609 0.274414 0.00070715
11 0.422852 0.134277 0.0898438 0.0283203 0.00070858
1 0.605469 0.34668 0.115234 0.115234 0.000714779
9 0.178223 0.403809 0.0576172 0.0517578 0.000723362
13 0.696289 0.154785 0.111328 0.0302734 0.000726223
13 0.647461 0.350586 0.0253906 0.0429688 0.00073576
9 0.647461 0.350586 0.0253906 0.0429688 0.000766754
13 0.387695 0.248047 0.0585938 0.117188 0.000784874
11 0.0356445 0.77832 0.0498047 0.0644531 0.000788689
8 0.605469 0.34668 0.115234 0.115234 0.000794411
13 0.602539 0.24707 0.0332031 0.0390625 0.000821114
11 0.632812 0.15918 0.0683594 0.0449219 0.000840664
11 0.679688 0.150879 0.0722656 0.0166016 0.000848293
11 0.716797 0.146973 0.0996094 0.0302734 0.000858307
11 0.605469 0.34668 0.115234 0.115234 0.000861645
2 0.635254 0.349121 0.0478516 0.0576172 0.000863552
11 0.33252 0.150879 0.133789 0.0537109 0.000905037
2 0.605469 0.34668 0.115234 0.115234 0.000917912
8 0.727051 0.40332 0.0185547 0.0175781 0.000934124
13 0.274902 0.305664 0.0810547 0.0878906 0.000979424
13 0.722656 0.168457 0.0800781 0.0498047 0.00102997
9 0.507812 0.709473 0.0507812 0.0341797 0.00110054
3 0.437988 0.967773 0.540039 0.0644531 0.00110245
13 0.681152 0.23291 0.100586 0.131836 0.00113297
8 0.436035 0.44043 0.0126953 0.0117188 0.00117588
13 0.713867 0.189941 0.0625 0.0634766 0.00121117
13 0.258301 0.28418 0.0556641 0.0625 0.00137615
9 0.605469 0.34668 0.115234 0.115234 0.00146484
9 0.48877 0.639648 0.180664 0.244141 0.00157261
11 0.437012 0.155273 0.0751953 0.0488281 0.00164604
10 0.605469 0.34668 0.115234 0.115234 0.00165844
9 0.59082 0.646484 0.443359 0.146484 0.00172138
11 0.267578 0.183594 0.0703125 0.0585938 0.00184727
11 0.696289 0.154785 0.111328 0.0302734 0.0019331
10 0.0483398 0.775391 0.0302734 0.0488281 0.00196457
11 0.395508 0.139648 0.132812 0.0351562 0.00203896
5 0.836426 0.557129 0.209961 0.323242 0.0021286
11 0.761719 0.17041 0.0996094 0.0556641 0.00222206
5 0.262695 0.46582 0.363281 0.568359 0.00231743
11 0.0483398 0.775391 0.0302734 0.0488281 0.00270462
5 0.219727 0.557129 0.279297 0.323242 0.00292015
11 0.681641 0.137695 0.0859375 0.0175781 0.00310516
3 0.603027 0.345215 0.118164 0.112305 0.00364494
13 0.269043 0.296875 0.0458984 0.0585938 0.00403976
11 0.653809 0.149902 0.0908203 0.0322266 0.00447845
0 0.563965 0.355957 0.196289 0.139648 0.00473022
9 0.479004 0.76709 0.182617 0.399414 0.00473785
11 0.731934 0.161621 0.120117 0.0537109 0.0059967
13 0.697754 0.201172 0.0888672 0.09375 0.00883484
11 0.42627 0.144043 0.0732422 0.0322266 0.011673
11 0.683594 0.146484 0.105469 0.0253906 0.0144653
2 0.65332 0.342285 0.0136719 0.0244141 0.0202637
2 0.647461 0.350586 0.0253906 0.0429688 0.0362244
3 0.59668 0.648438 0.429688 0.134766 0.206299
0 0.606445 0.335938 0.111328 0.09375 0.665527
