9 0.492188 0.661133 0.185547 0.171875 0.000100255
9 0.878906 0.723633 0.0996094 0.167969 0.00010103
8 0.67041 0.401855 0.0400391 0.0361328 0.000101566
8 0.251465 0.723633 0.319336 0.152344 0.00010246
2 0.369141 0.595215 0.0136719 0.0107422 0.00010258
9 0.646484 0.690918 0.101562 0.0439453 0.000103533
9 0.979492 0.0180664 0.0410156 0.0361328 0.000104487
8 0.830078 0.48584 0.0234375 0.0205078 0.00010556
9 0.26709 0.459473 0.344727 0.463867 0.000105798
8 0.716309 0.640137 0.0146484 0.0107422 0.000105858
7 0.185547 0.689453 0.230469 0.09375 0.000106335
11 0.0844727 0.73584 0.0419922 0.0576172 0.000106633
5 0.577148 0.315918 0.0957031 0.0791016 0.00010711
9 0.229492 0.586914 0.308594 0.287109 0.000107825
10 0.577148 0.315918 0.0957031 0.0791016 0.000108778
8 0.687988 0.628418 0.0537109 0.0478516 0.000109076
8 0.489258 0.52002 0.150391 0.430664 0.000109732
13 0.792969 0.652832 0.253906 0.161133 0.000109971
10 0.914551 0.994629 0.0419922 0.0107422 0.000110388
5 0.789062 0.45166 0.167969 0.317383 0.000110447
11 0.293945 0.179688 0.0878906 0.0449219 0.000110865
7 0.182129 0.991211 0.106445 0.0175781 0.000110865
7 0.775879 0.687988 0.217773 0.0595703 0.000111938
1 0.811035 0.718262 0.213867 0.114258 0.000112116
9 0.340332 0.737305 0.34668 0.230469 0.000112832
10 0.492188 0.640625 0.193359 0.384766 0.00011307
11 0.436523 0.154297 0.0878906 0.0175781 0.000113487
3 0.832031 0.0908203 0.335938 0.181641 0.000114143
13 0.819824 0.141602 0.360352 0.283203 0.000114977
10 0.489258 0.52002 0.150391 0.430664 0.000115037
11 0.736328 0.170898 0.0507812 0.0371094 0.000115097
5 0.841797 0.530273 0.0859375 0.0957031 0.00011605
10 0.869629 0.747559 0.0732422 0.0849609 0.000116765
0 0.0957031 0.743164 0.046875 0.0703125 0.000117242
9 0.825684 0.721191 0.219727 0.176758 0.000117302
0 0.832031 0.0908203 0.335938 0.181641 0.000117481
13 0.757812 0.553223 0.0429688 0.0185547 0.000117898
0 0.575684 0.310547 0.114258 0.179688 0.000118017
12 0.0976562 0.73877 0.0546875 0.0810547 0.000118136
5 0.245605 0.723145 0.30957 0.143555 0.000118196
2 0.577148 0.315918 0.0957031 0.0791016 0.000118554
12 0.743652 0.463379 0.28418 0.491211 0.000118911
9 0.790527 0.439453 0.19043 0.410156 0.00011903
13 0.841797 0.678711 0.0625 0.0664062 0.000119328
10 0.833984 0.682129 0.0683594 0.0634766 0.000120819
0 0.492188 0.640625 0.193359 0.384766 0.00012219
11 0.00927734 0.991699 0.0185547 0.0166016 0.000125766
9 0.54834 0.355469 0.149414 0.181641 0.000126004
12 0.492188 0.640625 0.193359 0.384766 0.000128984
3 0.09375 0.73584 0.0527344 0.0908203 0.000129819
9 0.425293 0.743652 0.19043 0.352539 0.000130773
8 0.405273 0.430176 0.0117188 0.00878906 0.000131011
9 0.970703 0.0424805 0.0585938 0.0849609 0.000131249
11 0.819824 0.141602 0.360352 0.283203 0.000132442
5 0.774414 0.67334 0.222656 0.0693359 0.000134826
2 0.873535 0.719238 0.100586 0.133789 0.000135303
10 0.888184 0.76123 0.0537109 0.0673828 0.000135541
7 0.700195 0.588379 0.220703 0.243164 0.000138283
9 0.594238 0.723633 0.387695 0.306641 0.000138521
11 0.602051 0.17041 0.0791016 0.0830078 0.00013876
13 0.967285 0.0449219 0.0654297 0.0878906 0.000140905
11 0.787598 0.200684 0.0458984 0.0341797 0.00014174
6 0.836914 0.64209 0.158203 0.18457 0.000142574
13 0.854004 0.351562 0.0341797 0.0136719 0.000143051
8 0.660156 0.544434 0.0332031 0.0322266 0.000143409
11 0.877441 0.985352 0.0888672 0.0292969 0.000143886
9 0.18457 0.991211 0.107422 0.0175781 0.000144005
3 0.597168 0.524414 0.385742 0.378906 0.000144124
9 0.629395 0.68457 0.0537109 0.0410156 0.000144958
11 0.888184 0.76123 0.0537109 0.0673828 0.000145316
9 0.116699 0.686523 0.0947266 0.0546875 0.000146031
8 0.697266 0.608887 0.0273438 0.0224609 0.000146031
0 0.59375 0.339355 0.0976562 0.112305 0.000147223
13 0.422363 0.446289 0.0595703 0.0410156 0.000147581
10 0.828125 0.742188 0.273438 0.09375 0.00014782
7 0.828125 0.67627 0.09375 0.0751953 0.000148416
10 0.802246 0.705078 0.161133 0.0566406 0.000148654
12 0.882324 0.732422 0.0830078 0.0898438 0.000150442
13 0.0966797 0.742188 0.0546875 0.0878906 0.000151753
8 0.830566 0.460449 0.0205078 0.0107422 0.000152349
6 0.80127 0.700195 0.21582 0.111328 0.000153422
12 0.223633 0.858887 0.339844 0.270508 0.000154734
13 0.78125 0.102051 0.15625 0.131836 0.000154853
9 0.847656 0.597168 0.130859 0.233398 0.000155807
13 0.969727 0.168945 0.0605469 0.337891 0.000157595
11 0.681152 0.146973 0.0830078 0.0166016 0.000157952
10 0.898926 0.991211 0.0693359 0.0175781 0.000158548
10 0.120605 0.706055 0.0986328 0.0605469 0.000158787
3 0.478516 0.68457 0.189453 0.390625 0.000158906
0 0.491699 0.484375 0.147461 0.455078 0.000159025
6 0.598145 0.611328 0.405273 0.171875 0.000160694
11 0.577148 0.315918 0.0957031 0.0791016 0.000163198
13 0.680664 0.265137 0.0566406 0.102539 0.000163794
11 0.868164 0.756348 0.0976562 0.102539 0.000164986
8 0.266602 0.134277 0.0410156 0.0263672 0.000165582
12 0.491699 0.484375 0.147461 0.455078 0.000167251
11 0.467285 0.168457 0.0439453 0.0263672 0.000167727
9 0.396973 0.828125 0.319336 0.314453 0.000170469
5 0.494141 0.618652 0.1875 0.422852 0.000171304
11 0.631348 0.154297 0.0869141 0.0429688 0.000171304
13 0.78125 0.109375 0.0644531 0.0625 0.000172019
7 0.489258 0.52002 0.150391 0.430664 0.000172615
3 0.604492 0.67334 0.400391 0.170898 0.000173569
6 0.832031 0.0908203 0.335938 0.181641 0.000174403
13 0.372559 0.432617 0.0712891 0.0429688 0.00018394
13 0.828613 0.532715 0.104492 0.137695 0.000187039
5 0.729492 0.685547 0.382812 0.078125 0.000188589
8 0.316406 0.670898 0.0449219 0.0371094 0.000189304
4 0.598145 0.611328 0.405273 0.171875 0.000195861
0 0.54834 0.355469 0.149414 0.181641 0.000197172
10 0.900391 0.707031 0.152344 0.121094 0.000197291
4 0.832031 0.0908203 0.335938 0.181641 0.000198841
13 0.676758 0.235352 0.0273438 0.0195312 0.00019896
0 0.880859 0.72168 0.0878906 0.0957031 0.000199199
3 0.496582 0.478027 0.151367 0.479492 0.000199556
11 0.401855 0.158203 0.0595703 0.015625 0.000203252
2 0.832031 0.0908203 0.335938 0.181641 0.00020504
13 0.825195 0.549316 0.0488281 0.0322266 0.000207424
7 0.598145 0.611328 0.405273 0.171875 0.000210166
5 0.491699 0.484375 0.147461 0.455078 0.000210524
8 0.668457 0.523926 0.0244141 0.0166016 0.000212193
1 0.832031 0.0908203 0.335938 0.181641 0.000217676
8 0.746094 0.433594 0.0175781 0.0117188 0.000217795
11 0.10498 0.715332 0.0576172 0.0693359 0.000217795
9 0.746582 0.592773 0.245117 0.255859 0.000219822
6 0.771973 0.524902 0.264648 0.370117 0.000222683
8 0.598145 0.611328 0.405273 0.171875 0.000223637
10 0.251465 0.723633 0.319336 0.152344 0.00022459
8 0.832031 0.0908203 0.335938 0.181641 0.000225782
7 0.807617 0.509766 0.136719 0.25 0.000226617
9 0.498535 0.0527344 0.280273 0.101562 0.000226617
11 0.598145 0.611328 0.405273 0.171875 0.000227094
1 0.598145 0.611328 0.405273 0.171875 0.000228882
9 0.850586 0.697266 0.0625 0.0703125 0.000229359
2 0.598145 0.611328 0.405273 0.171875 0.000232458
13 0.832031 0.0908203 0.335938 0.181641 0.000232697
9 0.113281 0.713379 0.0898438 0.0888672 0.000234127
13 0.668457 0.345703 0.0908203 0.142578 0.000237226
10 0.830566 0.68457 0.133789 0.0859375 0.000237346
5 0.792969 0.652832 0.253906 0.161133 0.000239611
9 0.705078 0.740234 0.386719 0.140625 0.000240326
13 0.80127 0.700195 0.21582 0.111328 0.00024116
13 0.877441 0.711914 0.0908203 0.0917969 0.000243545
9 0.577637 0.315918 0.0966797 0.0810547 0.000244856
7 0.842773 0.689941 0.0566406 0.0693359 0.000247478
13 0.666504 0.33252 0.0517578 0.0751953 0.000248194
11 0.914551 0.994629 0.0419922 0.0107422 0.000248671
3 0.87793 0.722168 0.0976562 0.106445 0.000251293
8 0.270508 0.596191 0.015625 0.0126953 0.000252485
7 0.77002 0.553711 0.241211 0.304688 0.0002563
13 0.598145 0.611328 0.405273 0.171875 0.000261307
11 0.650391 0.149902 0.0703125 0.0185547 0.000262976
11 0.116699 0.695801 0.0927734 0.0595703 0.000265837
2 0.36084 0.0429688 0.0341797 0.0410156 0.000272036
9 0.664062 0.43457 0.113281 0.128906 0.000272512
9 0.792969 0.652832 0.253906 0.161133 0.000273705
1 0.876953 0.708984 0.105469 0.126953 0.000274897
11 0.358398 0.158691 0.0605469 0.0166016 0.000288963
11 0.398926 0.165527 0.141602 0.0341797 0.000290394
10 0.0898438 0.700684 0.0488281 0.0751953 0.000291348
13 0.80957 0.674805 0.126953 0.0722656 0.000295401
8 0.181152 0.509766 0.0498047 0.0390625 0.000297546
11 0.832031 0.0908203 0.335938 0.181641 0.000299454
10 0.793457 0.717773 0.260742 0.205078 0.000302553
9 0.591309 0.680664 0.295898 0.0722656 0.000304461
12 0.598145 0.611328 0.405273 0.171875 0.000309944
2 0.884277 0.723145 0.0712891 0.0810547 0.000317812
10 0.140137 0.728516 0.147461 0.105469 0.000319481
9 0.617188 0.683105 0.113281 0.0517578 0.000320435
11 0.796875 0.719727 0.263672 0.0878906 0.000322819
9 0.416016 0.0600586 0.169922 0.120117 0.000324249
1 0.0966797 0.742188 0.0546875 0.0878906 0.00033617
7 0.792969 0.652832 0.253906 0.161133 0.000337601
5 0.829102 0.535645 0.117188 0.168945 0.000355244
11 0.898926 0.991211 0.0693359 0.0175781 0.000355244
7 0.862305 0.700684 0.0996094 0.0947266 0.00037241
10 0.89502 0.717773 0.0517578 0.0683594 0.00037837
11 0.447266 0.165039 0.078125 0.0273438 0.0003829
12 0.251465 0.723633 0.319336 0.152344 0.000385523
11 0.90625 0.710449 0.0722656 0.108398 0.000389576
5 0.598145 0.611328 0.405273 0.171875 0.000389576
10 0.773438 0.700195 0.275391 0.09375 0.000398159
5 0.26709 0.459473 0.344727 0.463867 0.000405788
9 0.775879 0.687988 0.217773 0.0595703 0.000410318
10 0.858398 0.697754 0.148438 0.194336 0.000411034
11 0.319824 0.168945 0.0751953 0.0390625 0.000418663
8 0.677246 0.233887 0.0263672 0.0166016 0.000423908
2 0.0966797 0.742188 0.0546875 0.0878906 0.000426531
10 0.0952148 0.773926 0.0478516 0.0869141 0.000431061
13 0.848145 0.527832 0.0673828 0.0693359 0.000449896
11 0.82373 0.681152 0.0927734 0.0712891 0.000450134
10 0.598145 0.611328 0.405273 0.171875 0.000453234
7 0.854492 0.70166 0.138672 0.157227 0.000458241
11 0.0898438 0.700684 0.0488281 0.0751953 0.00046587
10 0.90625 0.710449 0.0722656 0.108398 0.000466347
11 0.89502 0.717773 0.0517578 0.0683594 0.000471354
0 0.598145 0.611328 0.405273 0.171875 0.000476837
9 0.63916 0.683594 0.458008 0.132812 0.000486135
13 0.32666 0.400879 0.0595703 0.0458984 0.000507832
9 0.703613 0.464355 0.225586 0.405273 0.000515938
10 0.870117 0.68457 0.0996094 0.117188 0.000519276
10 0.843262 0.695312 0.0458984 0.0546875 0.000528812
13 0.815918 0.574707 0.176758 0.243164 0.00053215
11 0.609375 0.156738 0.0507812 0.0361328 0.000536442
9 0.141113 0.729004 0.151367 0.102539 0.00053978
0 0.414062 0.0415039 0.150391 0.0810547 0.000552177
5 0.84082 0.60498 0.132812 0.229492 0.000555992
11 0.141113 0.729004 0.151367 0.102539 0.000591278
9 0.181152 0.753418 0.233398 0.12793 0.000635147
11 0.350098 0.165039 0.110352 0.0390625 0.000640392
1 0.882812 0.723145 0.0742188 0.0791016 0.000658035
7 0.0976562 0.73877 0.0546875 0.0810547 0.000685215
3 0.577148 0.315918 0.0957031 0.0791016 0.000694752
10 0.856934 0.743164 0.120117 0.115234 0.000720024
11 0.72168 0.161621 0.0585938 0.0380859 0.000724316
9 0.504883 0.769043 0.240234 0.450195 0.000741482
9 0.882812 0.723145 0.0742188 0.0791016 0.000751495
5 0.73584 0.585938 0.239258 0.246094 0.000761986
7 0.882324 0.731445 0.0830078 0.0917969 0.000771523
9 0.0966797 0.742188 0.0546875 0.0878906 0.000784397
9 0.480469 0.541992 0.107422 0.269531 0.000784874
11 0.81543 0.691895 0.175781 0.0908203 0.000785351
11 0.378418 0.15625 0.0712891 0.015625 0.000792027
11 0.700684 0.15625 0.0869141 0.0332031 0.000795841
9 0.85498 0.708984 0.12207 0.101562 0.00080061
3 0.519531 0.59668 0.21875 0.25 0.000834465
0 0.421387 0.0146484 0.143555 0.0292969 0.000872135
9 0.808594 0.55127 0.177734 0.299805 0.000890732
7 0.80127 0.700195 0.21582 0.111328 0.000900745
10 0.104004 0.73291 0.0751953 0.139648 0.0009408
13 0.669922 0.402344 0.0449219 0.0371094 0.000942707
5 0.230469 0.548828 0.267578 0.261719 0.000974655
9 0.706543 0.686035 0.393555 0.0751953 0.00103951
9 0.14502 0.698242 0.147461 0.0527344 0.00110817
11 0.0942383 0.765625 0.0478516 0.078125 0.00117683
9 0.25 0.834961 0.347656 0.302734 0.0011797
6 0.815918 0.574707 0.176758 0.243164 0.00119495
11 0.647461 0.143066 0.09375 0.0224609 0.0012331
7 0.251465 0.723633 0.319336 0.152344 0.00123692
11 0.898438 0.748047 0.0820312 0.103516 0.00134087
9 0.48877 0.421387 0.100586 0.379883 0.00149059
10 0.898438 0.748047 0.0820312 0.103516 0.00152683
11 0.104004 0.73291 0.0751953 0.139648 0.00154781
13 0.674805 0.307129 0.0683594 0.12793 0.0015831
9 0.535645 0.478027 0.28418 0.493164 0.00160217
0 0.402344 0.0078125 0.111328 0.015625 0.00161171
7 0.822266 0.592773 0.15625 0.228516 0.00180626
11 0.854004 0.714355 0.131836 0.137695 0.00190639
13 0.837891 0.541992 0.0585938 0.0449219 0.00199699
11 0.666016 0.152344 0.119141 0.0253906 0.00200844
9 0.178711 0.706055 0.193359 0.111328 0.00229454
11 0.340332 0.162109 0.0654297 0.0253906 0.00243568
10 0.848145 0.700195 0.0751953 0.0820312 0.00282669
9 0.787109 0.717773 0.279297 0.0917969 0.00309563
8 0.369141 0.595215 0.0136719 0.0107422 0.00319481
10 0.836426 0.716797 0.180664 0.0996094 0.00336266
11 0.625 0.147949 0.0625 0.0263672 0.00344086
11 0.419434 0.159668 0.108398 0.0205078 0.00367355
11 0.84375 0.694336 0.0507812 0.0566406 0.00369263
5 0.76416 0.48584 0.274414 0.450195 0.00466537
11 0.849121 0.701172 0.0849609 0.0878906 0.00540924
11 0.375977 0.15918 0.115234 0.0214844 0.00920868
10 0.887207 0.737793 0.0595703 0.0634766 0.0114212
9 0.56543 0.609863 0.296875 0.19043 0.0145645
5 0.808594 0.55127 0.177734 0.299805 0.0194397
11 0.887207 0.737793 0.0595703 0.0634766 0.0197144
9 0.486816 0.674805 0.165039 0.361328 0.0240784
9 0.251465 0.723633 0.319336 0.152344 0.0262756
10 0.0952148 0.73877 0.0517578 0.0810547 0.0387878
10 0.880859 0.72168 0.0878906 0.0957031 0.0567322
9 0.489258 0.52002 0.150391 0.430664 0.0596313
11 0.0976562 0.73877 0.0546875 0.0810547 0.0668335
11 0.880859 0.72168 0.0878906 0.09375 0.079895
0 0.577148 0.315918 0.0957031 0.0791016 0.11853
3 0.597168 0.610352 0.40332 0.164062 0.122742
