9 0.742676 0.260254 0.137695 0.178711 0.000100851
13 0.777832 0.230469 0.0849609 0.09375 0.000100851
11 0.337891 0.102539 0.0976562 0.0234375 0.000100911
1 0.277344 0.288086 0.148438 0.195312 0.000101209
13 0.676758 0.450684 0.0996094 0.0810547 0.000101268
8 0.73584 0.0576172 0.0439453 0.03125 0.000102699
5 0.380859 0.599609 0.103516 0.152344 0.000103951
8 0.689941 0.680664 0.0283203 0.0253906 0.000104189
8 0.372559 0.222656 0.0537109 0.0449219 0.000105619
11 0.790527 0.130859 0.0771484 0.0566406 0.000105619
9 0.415527 0.0532227 0.0693359 0.0791016 0.000107646
9 0.23584 0.261719 0.0556641 0.0664062 0.000108123
4 0.277344 0.288086 0.148438 0.195312 0.0001086
8 0.40918 0.60791 0.0292969 0.0244141 0.000108659
6 0.591309 0.319824 0.124023 0.114258 0.000111878
8 0.277344 0.288086 0.148438 0.195312 0.000112891
8 0.333008 0.333496 0.0175781 0.0146484 0.000112951
8 0.380371 0.351562 0.0634766 0.0585938 0.000113428
8 0.84375 0.37793 0.046875 0.0332031 0.000114143
13 0.312012 0.210449 0.0224609 0.0205078 0.000114381
3 0.622559 0.571777 0.40332 0.325195 0.00011462
9 0.373047 0.344727 0.0429688 0.0410156 0.000115275
13 0.746582 0.282227 0.0595703 0.0898438 0.000115633
9 0.310059 0.3125 0.299805 0.292969 0.000116408
9 0.0126953 0.658691 0.0234375 0.163086 0.000116408
0 0.539551 0.369629 0.186523 0.241211 0.000116646
9 0.614258 0.643066 0.394531 0.174805 0.000118077
6 0.189941 0.586426 0.194336 0.260742 0.000118315
13 0.601562 0.180176 0.0585938 0.125977 0.000119209
8 0.272949 0.326172 0.0830078 0.0488281 0.000122428
5 0.330078 0.294922 0.171875 0.160156 0.000122428
13 0.825684 0.378906 0.0908203 0.0410156 0.000122428
8 0.438477 0.302734 0.0195312 0.0195312 0.000123024
3 0.258789 0.930664 0.355469 0.134766 0.00012362
9 0.173828 0.632324 0.166016 0.25293 0.000123739
3 0.202148 0.545898 0.248047 0.353516 0.000124216
13 0.0917969 0.173828 0.183594 0.347656 0.000124216
8 0.8125 0.461426 0.0214844 0.0146484 0.000124574
13 0.219238 0.519043 0.211914 0.370117 0.000126123
6 0.84375 0.55957 0.222656 0.365234 0.000126362
7 0.206543 0.51123 0.217773 0.352539 0.000127673
2 0.428711 0.632812 0.0175781 0.015625 0.000129461
8 0.816406 0.23584 0.0371094 0.0302734 0.000130177
13 0.836426 0.470215 0.0849609 0.0244141 0.000130177
13 0.805664 0.460449 0.0351562 0.0146484 0.000133991
8 0.357422 0.313477 0.0253906 0.0175781 0.000134587
13 0.759766 0.23584 0.0429688 0.0771484 0.000134945
11 0.945801 0.791992 0.0439453 0.0800781 0.000134945
8 0.316406 0.655762 0.0429688 0.0341797 0.000135899
6 0.313965 0.273926 0.297852 0.27832 0.000136256
9 0.904297 0.161133 0.0488281 0.0585938 0.000137687
8 0.177734 0.500488 0.0390625 0.0322266 0.000138164
5 0.273438 0.449219 0.244141 0.222656 0.000139236
0 0.0917969 0.173828 0.183594 0.347656 0.000141382
5 0.154297 0.487305 0.160156 0.457031 0.000141859
5 0.845703 0.506836 0.138672 0.15625 0.000143886
8 0.400879 0.669922 0.0205078 0.015625 0.000144601
8 0.72168 0.51416 0.015625 0.0126953 0.000146151
8 0.270508 0.388672 0.0136719 0.0117188 0.000147939
8 0.748535 0.270996 0.0244141 0.0185547 0.000148773
4 0.591309 0.319824 0.124023 0.114258 0.000148773
11 0.32666 0.121582 0.15332 0.0673828 0.000151873
13 0.276855 0.32666 0.0478516 0.0341797 0.000152111
13 0.592285 0.185059 0.0302734 0.0791016 0.000152588
13 0.864746 0.58252 0.165039 0.288086 0.000152707
13 0.242188 0.494141 0.115234 0.0859375 0.000153422
2 0.277344 0.288086 0.148438 0.195312 0.000154257
9 0.00732422 0.664551 0.0146484 0.124023 0.00015676
13 0.74707 0.264648 0.0371094 0.0429688 0.000157833
9 0.898438 0.676758 0.0996094 0.0957031 0.000159144
5 0.23291 0.509766 0.186523 0.179688 0.000159502
8 0.23584 0.269043 0.0537109 0.0595703 0.000161409
13 0.920898 0.405273 0.03125 0.0117188 0.000161648
8 0.426758 0.632812 0.0195312 0.0136719 0.000162005
9 0.220215 0.627441 0.290039 0.331055 0.000166059
11 0.0791016 0.781738 0.0507812 0.0966797 0.00016737
6 0.896484 0.677246 0.101562 0.0927734 0.000167847
11 0.344238 0.108398 0.0615234 0.0175781 0.000168681
13 0.752441 0.248535 0.0322266 0.0419922 0.000169396
13 0.374512 0.273926 0.165039 0.208008 0.000172615
13 0.840332 0.456055 0.108398 0.0605469 0.000173211
11 0.731445 0.108398 0.0761719 0.0234375 0.000175118
9 0.0180664 0.700195 0.0322266 0.109375 0.000175357
5 0.242676 0.486328 0.116211 0.105469 0.000179529
7 0.373047 0.344727 0.0429688 0.0410156 0.000181913
8 0.733887 0.492676 0.0322266 0.0263672 0.000185132
9 0.358887 0.627441 0.131836 0.108398 0.000188231
13 0.85498 0.464844 0.100586 0.0253906 0.000188351
13 0.313965 0.273926 0.297852 0.27832 0.000192165
13 0.700195 0.278809 0.0703125 0.165039 0.000195026
13 0.849609 0.372559 0.0273438 0.0224609 0.000195742
9 0.0180664 0.644531 0.0322266 0.259766 0.000197768
5 0.837891 0.460938 0.0976562 0.0429688 0.000197768
11 0.260254 0.450684 0.364258 0.53418 0.000207305
9 0.378418 0.584961 0.106445 0.167969 0.000208616
8 0.341797 0.23584 0.015625 0.0146484 0.000210166
7 0.591309 0.319824 0.124023 0.114258 0.000210524
8 0.356934 0.475586 0.0146484 0.0117188 0.000211358
13 0.591309 0.319824 0.124023 0.114258 0.000211358
8 0.734375 0.480469 0.0292969 0.0273438 0.000211477
9 0.89209 0.639648 0.125977 0.205078 0.000213742
5 0.227051 0.341309 0.129883 0.157227 0.000214219
13 0.223633 0.269043 0.0253906 0.0205078 0.000220895
5 0.843262 0.666992 0.239258 0.269531 0.00022161
11 0.624512 0.109375 0.0595703 0.0214844 0.000222683
13 0.769531 0.293457 0.101562 0.137695 0.000226617
5 0.240723 0.258301 0.0810547 0.112305 0.000226855
6 0.23584 0.263672 0.0576172 0.0683594 0.000226974
11 0.71582 0.0996094 0.0488281 0.0117188 0.000228405
11 0.269043 0.135254 0.0849609 0.0595703 0.000228763
9 0.533691 0.826172 0.182617 0.347656 0.000229716
7 0.878906 0.597656 0.144531 0.263672 0.000233889
9 0.245117 0.248535 0.0761719 0.110352 0.000237823
6 0.236328 0.376465 0.195312 0.331055 0.000238061
13 0.699219 0.305176 0.146484 0.176758 0.000238419
12 0.591309 0.319824 0.124023 0.114258 0.000239491
0 0.60791 0.300293 0.0849609 0.0693359 0.000239849
5 0.160645 0.638672 0.129883 0.15625 0.000240445
7 0.888672 0.655762 0.119141 0.135742 0.000245571
1 0.591309 0.319824 0.124023 0.114258 0.000250101
8 0.0219727 0.3125 0.0400391 0.0527344 0.000250816
9 0.530273 0.349609 0.199219 0.199219 0.000252008
9 0.794922 0.463867 0.320312 0.623047 0.000254869
9 0.145508 0.758301 0.0214844 0.0634766 0.000258684
9 0.222656 0.739746 0.291016 0.135742 0.000259876
13 0.371582 0.34375 0.0419922 0.0371094 0.000264883
11 0.709473 0.0952148 0.0693359 0.0185547 0.000266075
8 0.21875 0.589844 0.015625 0.015625 0.000266314
11 0.325195 0.111816 0.0742188 0.0263672 0.000266314
4 0.260254 0.450684 0.364258 0.53418 0.000270128
13 0.266113 0.371582 0.213867 0.317383 0.000276089
6 0.875977 0.620117 0.150391 0.238281 0.000276566
1 0.260254 0.450684 0.364258 0.53418 0.000281096
6 0.22168 0.506348 0.244141 0.34082 0.000281096
11 0.609375 0.121094 0.0625 0.0390625 0.000284195
13 0.268555 0.236816 0.123047 0.131836 0.000293016
7 0.23584 0.263672 0.0576172 0.0683594 0.000293732
5 0.591309 0.319824 0.124023 0.114258 0.000299215
3 0.116699 0.939453 0.233398 0.121094 0.000301123
8 0.591309 0.319824 0.124023 0.114258 0.000302792
11 0.652344 0.102539 0.0527344 0.0117188 0.000304937
13 0.228027 0.269043 0.0380859 0.0322266 0.00030756
3 0.849609 0.595703 0.214844 0.306641 0.000315905
13 0.263672 0.220703 0.0644531 0.0664062 0.000329733
5 0.329102 0.580078 0.205078 0.224609 0.000332355
13 0.859375 0.37207 0.0546875 0.0234375 0.000342846
2 0.591309 0.319824 0.124023 0.114258 0.000357866
8 0.276855 0.32666 0.0478516 0.0341797 0.00035882
8 0.260254 0.450684 0.364258 0.53418 0.000360489
11 0.70459 0.106445 0.104492 0.0390625 0.000361443
2 0.260254 0.450684 0.364258 0.53418 0.00036335
11 0.591309 0.319824 0.124023 0.114258 0.000365019
6 0.240723 0.260254 0.0791016 0.112305 0.000365734
9 0.236816 0.373047 0.180664 0.308594 0.000368595
13 0.75 0.253906 0.0488281 0.0761719 0.000368595
8 0.106445 0.641602 0.03125 0.0410156 0.000370979
11 0.673828 0.102051 0.0605469 0.0126953 0.000372171
5 0.24707 0.580566 0.171875 0.188477 0.000372887
5 0.305664 0.23584 0.224609 0.237305 0.000378847
8 0.228027 0.269043 0.0380859 0.0322266 0.000383615
7 0.379395 0.616699 0.102539 0.125977 0.000386
7 0.240723 0.260254 0.0791016 0.112305 0.000410318
9 0.498047 0.0488281 0.341797 0.0917969 0.000412703
9 0.240723 0.319824 0.135742 0.166992 0.000419855
11 0.385742 0.107422 0.0722656 0.0175781 0.000427723
13 0.200195 0.378906 0.0644531 0.0234375 0.000454426
13 0.69873 0.225586 0.125977 0.169922 0.000461817
13 0.822754 0.459473 0.0693359 0.0185547 0.00047183
13 0.314941 0.279297 0.102539 0.107422 0.00047493
8 0.734375 0.474121 0.0195312 0.0126953 0.000505447
10 0.591309 0.319824 0.124023 0.114258 0.000528336
13 0.314453 0.253906 0.158203 0.162109 0.000545502
0 0.260254 0.450684 0.364258 0.53418 0.000559807
5 0.845215 0.46875 0.168945 0.363281 0.000564575
7 0.905762 0.67627 0.0908203 0.0791016 0.000594139
9 0.20752 0.515625 0.225586 0.378906 0.00059557
11 0.413086 0.106445 0.0839844 0.0195312 0.000636101
10 0.260254 0.450684 0.364258 0.53418 0.000641346
8 0.224121 0.269043 0.0244141 0.0185547 0.000666142
13 0.700684 0.282227 0.0322266 0.0722656 0.000670433
7 0.260254 0.450684 0.364258 0.53418 0.000685215
13 0.694336 0.229004 0.0585938 0.137695 0.000688553
13 0.756836 0.251953 0.0761719 0.142578 0.000697613
11 0.627441 0.111816 0.0888672 0.0361328 0.000701427
9 0.864746 0.58252 0.165039 0.288086 0.00070858
8 0.312012 0.210449 0.0224609 0.0205078 0.000710011
5 0.251465 0.632812 0.374023 0.349609 0.000714302
13 0.254883 0.209473 0.0390625 0.0439453 0.000725269
5 0.243652 0.29541 0.114258 0.141602 0.000758171
13 0.722168 0.296387 0.0751953 0.110352 0.000788212
12 0.260254 0.453613 0.387695 0.581055 0.000798225
11 0.663086 0.105957 0.128906 0.0322266 0.000803471
13 0.844727 0.376465 0.0507812 0.0322266 0.000863075
7 0.240723 0.319824 0.135742 0.166992 0.000881672
13 0.828125 0.458984 0.0976562 0.03125 0.000888824
9 0.591309 0.319824 0.124023 0.114258 0.000890255
10 0.945312 0.806641 0.0371094 0.0527344 0.000891209
8 0.275879 0.328125 0.0224609 0.0175781 0.00090456
10 0.0859375 0.807129 0.0429688 0.0693359 0.000940323
13 0.696289 0.318848 0.0488281 0.12793 0.00094986
11 0.382324 0.11377 0.15918 0.0498047 0.000955105
11 0.943848 0.807129 0.0341797 0.0458984 0.00096035
5 0.896484 0.677246 0.101562 0.0927734 0.000964165
9 0.0102539 0.693359 0.0205078 0.0859375 0.00109959
11 0.376465 0.100098 0.125977 0.0263672 0.00112247
6 0.240723 0.319824 0.137695 0.165039 0.0011301
11 0.696289 0.0996094 0.0585938 0.0136719 0.00120068
7 0.277344 0.288086 0.148438 0.195312 0.00122452
13 0.254395 0.445801 0.333008 0.540039 0.00124359
5 0.310059 0.3125 0.299805 0.292969 0.00125217
13 0.240723 0.319824 0.135742 0.166992 0.00126457
3 0.591309 0.319824 0.124023 0.114258 0.00129223
0 0.582031 0.333984 0.189453 0.160156 0.00135231
13 0.742676 0.260254 0.137695 0.178711 0.00141621
8 0.372559 0.343262 0.0400391 0.0361328 0.00144196
5 0.886719 0.664551 0.132812 0.174805 0.00155735
9 0.277344 0.288086 0.148438 0.195312 0.00158882
5 0.185059 0.591309 0.18457 0.301758 0.00160694
13 0.24707 0.236816 0.0742188 0.0966797 0.00170231
8 0.175781 0.497559 0.0234375 0.0205078 0.00172329
11 0.439941 0.119629 0.0634766 0.0361328 0.00180531
11 0.0859375 0.807129 0.0429688 0.0693359 0.00187492
5 0.810059 0.55127 0.28418 0.40918 0.00189877
13 0.700195 0.279297 0.0429688 0.119141 0.00189972
3 0.260254 0.453613 0.387695 0.581055 0.00213242
11 0.29248 0.124512 0.0830078 0.0498047 0.00215149
11 0.359863 0.104004 0.0732422 0.0166016 0.00216675
11 0.736328 0.111328 0.115234 0.0371094 0.00235939
13 0.23584 0.263672 0.0595703 0.0703125 0.00236702
11 0.771484 0.119629 0.0683594 0.0439453 0.00237846
6 0.260254 0.450684 0.364258 0.53418 0.00277328
9 0.260254 0.450684 0.364258 0.53418 0.0031147
3 0.613281 0.654785 0.382812 0.139648 0.00333786
13 0.249512 0.278809 0.0947266 0.129883 0.00357246
11 0.638672 0.103516 0.0800781 0.0214844 0.00378418
6 0.277344 0.288086 0.148438 0.195312 0.00387955
11 0.401855 0.111328 0.133789 0.0273438 0.00431824
9 0.527832 0.473145 0.155273 0.461914 0.00443649
11 0.332031 0.114746 0.128906 0.0341797 0.00636673
10 0.0869141 0.812988 0.03125 0.0419922 0.00639343
11 0.716797 0.102539 0.0800781 0.0214844 0.00762558
5 0.236816 0.373047 0.180664 0.308594 0.00775146
13 0.277344 0.288086 0.148438 0.195312 0.00833893
11 0.0869141 0.812988 0.03125 0.0419922 0.00853729
5 0.223633 0.508789 0.224609 0.363281 0.0145416
5 0.859863 0.583008 0.172852 0.28125 0.0191193
11 0.684082 0.102051 0.106445 0.0185547 0.0214081
5 0.277832 0.29541 0.157227 0.196289 0.0352173
11 0.363281 0.10791 0.123047 0.0263672 0.0369568
5 0.259277 0.450195 0.354492 0.527344 0.157593
0 0.59082 0.316895 0.121094 0.106445 0.250977
