5 0.347168 0.458496 0.145508 0.25293 0.000100851
8 0.64502 0.398438 0.0107422 0.00976562 0.000101686
11 0.295898 0.290039 0.0644531 0.0878906 0.00010246
9 0.313965 0.637695 0.0537109 0.0507812 0.000102639
11 0.858398 0.680664 0.0625 0.0800781 0.000102818
13 0.493652 0.291504 0.0615234 0.204102 0.000103116
12 0.665527 0.213867 0.155273 0.078125 0.000103354
13 0.425781 0.59082 0.046875 0.0117188 0.000103712
13 0.687012 0.273926 0.0537109 0.141602 0.000106394
11 0.695801 0.23877 0.0908203 0.0908203 0.000106931
8 0.555664 0.394531 0.255859 0.191406 0.000107467
11 0.646973 0.208496 0.0498047 0.0224609 0.000110745
9 0.823242 0.236816 0.308594 0.370117 0.000110984
0 0.524902 0.360352 0.12793 0.195312 0.000111401
0 0.1875 0.241211 0.375 0.482422 0.000111699
11 0.00927734 0.865234 0.0146484 0.0488281 0.000112176
10 0.00732422 0.720215 0.0146484 0.0810547 0.000112176
6 0.166016 0.229004 0.332031 0.458008 0.000112176
13 0.380371 0.375977 0.12207 0.0976562 0.000113785
9 0.64502 0.400391 0.0126953 0.015625 0.000114381
11 0.012207 0.604004 0.0185547 0.0361328 0.000114441
9 0.743652 0.678711 0.27832 0.117188 0.000114679
8 0.308594 0.64502 0.0332031 0.0341797 0.000116169
3 0.253418 0.00878906 0.174805 0.0136719 0.000116885
13 0.953613 0.222656 0.0927734 0.40625 0.00011766
10 0.00683594 0.792969 0.0136719 0.0917969 0.000117958
10 0.00634766 0.760254 0.0107422 0.0771484 0.000118613
8 0.662598 0.437012 0.0458984 0.0419922 0.000118673
10 0.00634766 0.97168 0.0126953 0.0527344 0.000119269
10 0.0288086 0.0102539 0.0576172 0.0205078 0.000119328
0 0.608398 0.383301 0.0605469 0.0751953 0.000119507
13 0.804688 0.666016 0.0566406 0.0390625 0.000121117
11 0.814453 0.667969 0.0488281 0.0351562 0.000121176
11 0.00634766 0.979004 0.0126953 0.0419922 0.000122428
10 0.00927734 0.603027 0.0166016 0.0439453 0.0001266
9 0.665527 0.213867 0.155273 0.078125 0.000126719
2 0.64502 0.398926 0.00878906 0.00878906 0.000129104
2 0.954102 0.150879 0.0917969 0.170898 0.000129342
8 0.939453 0.434082 0.0429688 0.0498047 0.000130057
7 0.811035 0.668457 0.0498047 0.0361328 0.000131369
11 0.456543 0.258301 0.131836 0.143555 0.000132203
10 0.555664 0.394531 0.255859 0.191406 0.000132799
0 0.674316 0.373047 0.172852 0.189453 0.000133038
9 0.20166 0.621582 0.0439453 0.114258 0.000134706
0 0.621094 0.461426 0.1875 0.303711 0.000134826
10 0.0078125 0.00683594 0.015625 0.0117188 0.00013566
10 0.665039 0.217773 0.152344 0.0683594 0.000136375
10 0.0634766 0.00927734 0.125 0.0166016 0.000137568
13 0.661621 0.206543 0.131836 0.0361328 0.000138164
10 0.00683594 0.993164 0.0117188 0.0136719 0.000138402
0 0.660645 0.410645 0.336914 0.250977 0.000141144
10 0.197266 0.64502 0.0273438 0.0634766 0.000141144
0 0.536621 0.992188 0.0869141 0.0117188 0.00014174
11 0.64502 0.200684 0.0615234 0.0185547 0.00014174
1 0.67041 0.214355 0.155273 0.0791016 0.000142694
2 0.63916 0.392578 0.0673828 0.113281 0.000143051
13 0.418945 0.555664 0.0644531 0.0644531 0.000143528
3 1 0.617676 0 0.536133 0.000147343
0 0.587402 0.351562 0.149414 0.107422 0.000147939
11 0.0078125 0.00683594 0.015625 0.0117188 0.000148296
10 0.179688 0.258789 0.359375 0.517578 0.000151515
11 0.65918 0.246094 0.119141 0.119141 0.000151634
9 0.814453 0.654785 0.0488281 0.0439453 0.000153661
9 0.320801 0.62207 0.110352 0.0957031 0.000155807
11 0.00683594 0.993164 0.0117188 0.0136719 0.000156641
3 0.986816 0.544922 0.0263672 0.810547 0.000157475
8 0.321289 0.62207 0.0410156 0.0410156 0.000157595
11 0.476562 0.21875 0.0625 0.0507812 0.000157952
11 0.485352 0.234863 0.0585938 0.0986328 0.000158906
11 0.645508 0.230957 0.0449219 0.0576172 0.000162721
11 0.196289 0.626953 0.03125 0.101562 0.00016582
10 0.00732422 0.829102 0.0146484 0.0605469 0.000165939
0 0.384277 0.21582 0.0849609 0.046875 0.000166178
11 0.312988 0.26709 0.0673828 0.0927734 0.000167012
13 0.166016 0.229004 0.332031 0.458008 0.000167847
8 0.327637 0.602051 0.0498047 0.0302734 0.000168443
10 0.00927734 0.849609 0.0166016 0.0703125 0.000170827
11 0.300781 0.287598 0.0410156 0.0478516 0.000171423
11 0.00683594 0.822266 0.0136719 0.0664062 0.000171661
13 0.442871 0.541016 0.0205078 0.015625 0.000177026
8 0.811035 0.669922 0.0498047 0.0351562 0.000180364
13 0.380371 0.216797 0.0830078 0.046875 0.000181437
3 0.114746 0.0102539 0.229492 0.0205078 0.000181675
9 0.819336 0.670898 0.0820312 0.0546875 0.000182033
9 0.341797 0.695801 0.259766 0.196289 0.00018692
3 0.555664 0.394531 0.255859 0.191406 0.000187755
9 0.479492 0.27832 0.0761719 0.181641 0.000189185
13 0.94043 0.275879 0.119141 0.551758 0.000193238
9 0.489258 0.335938 0.0527344 0.175781 0.000193477
2 0.64502 0.393555 0.0302734 0.0390625 0.00019455
9 0.321289 0.62207 0.0410156 0.0410156 0.000195026
9 0.400391 0.73291 0.164062 0.231445 0.000198007
3 0.611816 0.654297 0.338867 0.113281 0.00019896
13 0.824219 0.209961 0.351562 0.402344 0.000200391
9 0.418457 0.219727 0.168945 0.0800781 0.000203252
12 0.375977 0.217285 0.0703125 0.0458984 0.000205398
7 0.386719 0.21875 0.103516 0.0566406 0.000207901
12 0.408203 0.217285 0.142578 0.0537109 0.000212431
6 0.61377 0.61084 0.334961 0.102539 0.000214458
11 0.00830078 0.842773 0.0146484 0.0449219 0.000223756
12 0.661621 0.206543 0.131836 0.0361328 0.000224948
9 0.376953 0.21875 0.0839844 0.0527344 0.000225544
0 0.566406 0.991699 0.0703125 0.0126953 0.000227809
9 0.79248 0.625488 0.0849609 0.0771484 0.000232935
11 0.456543 0.225586 0.112305 0.0742188 0.000238776
0 0.954102 0.150879 0.0917969 0.170898 0.00024271
7 0.61377 0.61084 0.334961 0.102539 0.000243783
4 0.61377 0.61084 0.334961 0.102539 0.000249624
2 0.649414 0.401367 0.0214844 0.0253906 0.000254631
11 0.40918 0.23291 0.175781 0.129883 0.000257015
8 0.31543 0.611328 0.185547 0.0957031 0.00025773
9 0.513672 0.306152 0.0449219 0.178711 0.000262737
11 0.438965 0.196289 0.12207 0.0292969 0.000273705
8 0.316406 0.702637 0.0488281 0.0439453 0.000277519
0 0.625488 0.400879 0.0751953 0.0888672 0.000281572
10 0.191406 0.65918 0.0273438 0.0566406 0.000281811
9 0.316406 0.702637 0.0488281 0.0439453 0.00028348
1 0.61377 0.61084 0.334961 0.102539 0.000285149
0 0.530273 0.442383 0.148438 0.197266 0.000285625
10 0.00634766 0.0283203 0.0126953 0.0449219 0.000300646
8 0.61377 0.61084 0.334961 0.102539 0.000302315
2 0.644043 0.402344 0.0458984 0.0605469 0.000312567
11 0.00634766 0.0283203 0.0126953 0.0449219 0.000316858
7 0.661621 0.206543 0.131836 0.0361328 0.000316858
8 0.325684 0.611328 0.0869141 0.0625 0.000317812
13 0.615234 0.609375 0.335938 0.101562 0.000318527
12 0.61377 0.61084 0.333008 0.102539 0.000321388
1 0.408203 0.217285 0.140625 0.0537109 0.00032258
9 0.242188 0.618652 0.117188 0.112305 0.000324726
10 0.37793 0.215332 0.0761719 0.0458984 0.000336647
13 0.41748 0.414062 0.0615234 0.0585938 0.00033927
11 0.612305 0.217285 0.0527344 0.0380859 0.000339508
10 0.874512 0.685547 0.0341797 0.0664062 0.000340939
11 0.687012 0.205078 0.0615234 0.0273438 0.000341415
8 0.670898 0.429199 0.0273438 0.0244141 0.000343561
13 0.398926 0.400879 0.0830078 0.0556641 0.000344276
7 0.312988 0.599609 0.196289 0.078125 0.000344992
10 0.661621 0.206543 0.131836 0.0361328 0.000348091
11 0.37793 0.232422 0.0976562 0.0703125 0.000352144
11 0.685547 0.198242 0.0996094 0.0253906 0.000357866
2 0.61377 0.61084 0.334961 0.102539 0.000377655
9 0.541992 0.351074 0.140625 0.149414 0.000384569
2 0.377441 0.217773 0.0830078 0.0527344 0.000388861
2 0.645508 0.394531 0.0175781 0.0195312 0.000398397
8 0.441406 0.791992 0.0585938 0.0429688 0.000404835
5 0.61377 0.61084 0.334961 0.102539 0.000416279
0 0.63623 0.427246 0.124023 0.206055 0.000420332
11 0.613281 0.609863 0.333984 0.116211 0.000420809
1 0.375 0.217285 0.0703125 0.0458984 0.000420809
10 0.61377 0.61084 0.334961 0.102539 0.000448465
9 0.811035 0.668457 0.0498047 0.0361328 0.000465631
8 0.324707 0.622559 0.0244141 0.0205078 0.000469446
11 0.874512 0.685547 0.0341797 0.0664062 0.000475168
10 0.423828 0.217285 0.166016 0.0498047 0.000482082
1 0.661621 0.206543 0.131836 0.0361328 0.000488043
3 0.864746 0.207031 0.270508 0.318359 0.000517845
3 0.238281 0.00878906 0.341797 0.0175781 0.000521183
13 0.657715 0.271484 0.0673828 0.128906 0.000525475
11 0.489746 0.281738 0.0634766 0.18457 0.000543594
8 0.421387 0.378418 0.0107422 0.00878906 0.000556946
11 0.192871 0.653809 0.0263672 0.0576172 0.00055933
6 0.613281 0.391113 0.117188 0.135742 0.000566483
11 0.415527 0.201172 0.0615234 0.0195312 0.000566959
8 0.643555 0.398926 0.015625 0.0166016 0.000608921
8 0.329102 0.601562 0.0214844 0.0214844 0.000611305
11 0.393066 0.208008 0.0615234 0.0292969 0.000620365
9 0.533691 0.324219 0.0791016 0.232422 0.000647545
0 0.61377 0.61084 0.334961 0.102539 0.000654697
7 0.487305 0.30127 0.0664062 0.211914 0.000679493
3 0.831055 0.00732422 0.160156 0.0107422 0.000701427
8 0.446777 0.542969 0.0146484 0.0117188 0.000750542
4 0.611816 0.389648 0.120117 0.134766 0.000772953
7 0.611816 0.389648 0.120117 0.134766 0.000785351
5 0.613281 0.391113 0.117188 0.135742 0.000804901
11 0.612793 0.388672 0.118164 0.142578 0.000849247
9 0.578125 0.408691 0.197266 0.186523 0.000854015
9 0.614258 0.60791 0.333984 0.124023 0.000867367
12 0.611816 0.389648 0.120117 0.134766 0.000932217
11 0.637695 0.226562 0.09375 0.0664062 0.000947475
1 0.611816 0.389648 0.120117 0.134766 0.000961781
11 0.664062 0.205078 0.0742188 0.0234375 0.000970364
9 0.320801 0.631348 0.264648 0.143555 0.000989914
11 0.726074 0.224121 0.0478516 0.0380859 0.00101948
0 0.624023 0.364258 0.0859375 0.0859375 0.00107574
9 0.505859 0.303711 0.0859375 0.21875 0.00121212
13 0.613281 0.391113 0.117188 0.135742 0.00123692
2 0.611328 0.391113 0.123047 0.137695 0.00135899
11 0.355957 0.225586 0.0751953 0.0449219 0.00143147
11 0.449707 0.211426 0.116211 0.0361328 0.00150394
10 0.611816 0.389648 0.120117 0.134766 0.00151157
8 0.611328 0.388184 0.123047 0.135742 0.00158882
11 0.652344 0.196777 0.105469 0.0302734 0.00163078
3 0.617676 0.602051 0.350586 0.254883 0.00184822
11 0.0102539 0.015625 0.0166016 0.0273438 0.00196648
13 0.672852 0.300293 0.0605469 0.131836 0.00198746
2 0.64502 0.400391 0.0126953 0.015625 0.00206375
9 0.314453 0.599609 0.195312 0.0761719 0.00211906
10 0.0107422 0.015625 0.0175781 0.0273438 0.00214195
9 0.611816 0.389648 0.120117 0.134766 0.0021553
3 0.84082 0.00878906 0.294922 0.0175781 0.00295258
11 0.630371 0.210449 0.0791016 0.0322266 0.00333977
11 0.347168 0.245605 0.118164 0.0947266 0.003685
11 0.665527 0.213867 0.155273 0.078125 0.0039711
3 0.611816 0.389648 0.120117 0.134766 0.00419235
11 0.306641 0.272949 0.0507812 0.0498047 0.00621414
11 0.700195 0.212402 0.0878906 0.0458984 0.0109329
11 0.421875 0.204102 0.105469 0.0234375 0.0116272
11 0.409668 0.219727 0.15332 0.0664062 0.0136566
0 0.578125 0.408691 0.197266 0.186523 0.0249023
11 0.402832 0.210449 0.112305 0.0400391 0.0453796
11 0.375 0.217285 0.0703125 0.0458984 0.115173
11 0.664062 0.206543 0.138672 0.0361328 0.116272
3 0.615234 0.609375 0.335938 0.101562 0.427734
0 0.611816 0.389648 0.120117 0.134766 0.730957
