9 0.251465 0.741699 0.286133 0.243164 0.000100076
9 0.0639648 0.554199 0.0302734 0.0478516 0.000101686
8 0.295898 0.655762 0.130859 0.0966797 0.000103176
3 0.0483398 0.882324 0.0966797 0.231445 0.000104189
9 0.708008 0.718262 0.304688 0.12207 0.000104249
13 0.342773 0.292969 0.0410156 0.0703125 0.000105262
13 0.355469 0.370605 0.09375 0.0927734 0.000112295
11 0.651367 0.223145 0.0722656 0.0205078 0.000114024
11 0.342285 0.233887 0.0732422 0.0263672 0.000117242
9 0.683594 0.249512 0.160156 0.0791016 0.000117362
0 0.833496 0.046875 0.333008 0.09375 0.000117838
9 0.593262 0.19873 0.0126953 0.00878906 0.000118136
7 0.331543 0.52002 0.0712891 0.0576172 0.000123739
11 0.625488 0.237793 0.0751953 0.0263672 0.000124216
7 0.295898 0.655762 0.130859 0.0966797 0.000124812
7 0.272461 0.384277 0.0507812 0.0615234 0.000124931
13 0.711914 0.409668 0.0429688 0.0439453 0.000128269
11 0.386719 0.256348 0.111328 0.0966797 0.000128388
7 0.387207 0.224121 0.106445 0.0302734 0.000129461
7 0.384277 0.612305 0.147461 0.191406 0.000134349
1 0.387695 0.224609 0.109375 0.0371094 0.000135303
9 0.687012 0.643555 0.235352 0.160156 0.000136971
13 0.658203 0.34082 0.09375 0.0800781 0.000137091
0 0.532715 0.492676 0.336914 0.286133 0.000139356
3 0.221191 0.146973 0.442383 0.108398 0.000141859
13 0.334473 0.296875 0.0205078 0.0605469 0.000141978
8 0.237305 0.610352 0.0292969 0.0234375 0.000154972
13 0.299316 0.567871 0.0966797 0.0751953 0.000156879
9 0.367188 0.500977 0.0859375 0.0976562 0.000159264
8 0.270508 0.70166 0.0410156 0.0361328 0.000159979
0 0.447754 0.466309 0.165039 0.170898 0.000162005
4 0.496094 0.433105 0.248047 0.19043 0.000162482
0 0.588867 0.41748 0.193359 0.168945 0.000163317
9 0.272461 0.384277 0.0507812 0.0615234 0.000163555
13 0.505371 0.422363 0.21582 0.174805 0.000164032
11 0.339844 0.262207 0.132812 0.0791016 0.000164509
11 0.299805 0.241211 0.0527344 0.0332031 0.000165224
10 0.21582 0.967285 0.169922 0.0615234 0.000165343
9 0.191895 0.693359 0.0322266 0.03125 0.000165343
5 0.494629 0.431152 0.243164 0.182617 0.000165701
13 0.314941 0.387695 0.137695 0.0996094 0.000166059
11 0.366699 0.219727 0.0595703 0.0195312 0.000169277
7 0.776855 0.551758 0.15918 0.349609 0.000169396
11 0.496094 0.433105 0.248047 0.19043 0.000172138
11 0.27832 0.254883 0.0878906 0.0703125 0.000174522
11 0.722168 0.24707 0.0517578 0.0449219 0.000178456
1 0.496582 0.425293 0.24707 0.18457 0.000179529
3 0.541016 0.646973 0.228516 0.131836 0.000181675
5 0.785645 0.651855 0.157227 0.163086 0.000182033
8 0.191895 0.693848 0.0322266 0.0341797 0.000182748
12 0.496582 0.425293 0.24707 0.18457 0.000182986
0 0.59082 0.410645 0.0878906 0.151367 0.000185132
11 0.578613 0.262695 0.0751953 0.09375 0.000186205
8 0.804688 0.455078 0.0117188 0.0117188 0.000190735
13 0.35791 0.377441 0.0322266 0.0712891 0.000191212
7 0.496582 0.425293 0.24707 0.18457 0.000197053
2 0.496582 0.425293 0.24707 0.18457 0.000200152
13 0.108398 0.185547 0.216797 0.371094 0.000204802
6 0.785645 0.651855 0.157227 0.163086 0.000205755
11 0.70459 0.240723 0.0634766 0.0439453 0.000208974
11 0.37207 0.229004 0.046875 0.0126953 0.000211477
11 0.632324 0.26123 0.12207 0.0908203 0.000211954
11 0.600098 0.234375 0.0693359 0.0332031 0.000213265
3 0.401855 0.959961 0.31543 0.0664062 0.000226736
0 0.108398 0.185547 0.216797 0.371094 0.000228286
13 0.248535 0.601562 0.0751953 0.0292969 0.00023067
11 0.736816 0.274414 0.0927734 0.103516 0.0002321
0 0.538574 0.364258 0.133789 0.078125 0.000234842
9 0.457031 0.315918 0.0683594 0.213867 0.000243545
0 0.506348 0.37793 0.213867 0.109375 0.000246048
7 0.375488 0.484863 0.104492 0.141602 0.000250816
7 0.691895 0.640625 0.223633 0.166016 0.000255108
5 0.742676 0.51123 0.192383 0.374023 0.000263453
9 0.297852 0.660645 0.164062 0.102539 0.000263929
0 0.552246 0.389648 0.0615234 0.0800781 0.000267029
9 0.716309 0.161133 0.0244141 0.0214844 0.000274658
9 0.350586 0.520996 0.0546875 0.0576172 0.000282764
7 0.253906 0.666992 0.248047 0.115234 0.000283241
11 0.29541 0.276855 0.0400391 0.0439453 0.000311852
8 0.496582 0.425293 0.24707 0.18457 0.00031805
8 0.821777 0.535645 0.0146484 0.0126953 0.000319481
9 0.743652 0.674805 0.245117 0.140625 0.000323296
9 0.373047 0.641113 0.113281 0.133789 0.000324488
11 0.419922 0.241699 0.0605469 0.0361328 0.00033164
9 0.790527 0.652344 0.133789 0.138672 0.000368834
11 0.666016 0.222656 0.121094 0.0332031 0.000396013
6 0.557129 0.396973 0.120117 0.12207 0.000396252
10 0.496582 0.425293 0.24707 0.18457 0.000409603
7 0.402832 0.466797 0.0693359 0.150391 0.000416279
13 0.259277 0.369141 0.0517578 0.0585938 0.000427485
8 0.633789 0.486328 0.0234375 0.015625 0.000478029
7 0.355957 0.508301 0.0673828 0.0830078 0.000478268
11 0.367188 0.216309 0.113281 0.0302734 0.000542641
4 0.555176 0.394043 0.124023 0.118164 0.000546455
8 0.593262 0.19873 0.0126953 0.00878906 0.000552177
7 0.557129 0.396973 0.120117 0.12207 0.000566959
11 0.308594 0.273926 0.0742188 0.0634766 0.000592709
11 0.633789 0.226074 0.0507812 0.0146484 0.000610828
5 0.557129 0.400391 0.120117 0.130859 0.000718117
9 0.465332 0.369141 0.116211 0.277344 0.000750065
13 0.557129 0.396973 0.120117 0.12207 0.000756741
12 0.557129 0.400391 0.120117 0.130859 0.000770092
13 0.313477 0.508789 0.0390625 0.0332031 0.000788212
3 0.490723 0.442871 0.235352 0.186523 0.000791073
8 0.681641 0.480957 0.0214844 0.0185547 0.000805855
1 0.557129 0.396973 0.120117 0.12207 0.000818253
9 0.411133 0.458984 0.105469 0.179688 0.000916958
8 0.350586 0.520508 0.0566406 0.0605469 0.000919819
11 0.557129 0.396973 0.120117 0.12207 0.000960827
13 0.277832 0.583984 0.106445 0.0488281 0.000971317
7 0.54541 0.628906 0.432617 0.154297 0.0010252
8 0.557129 0.396973 0.120117 0.12207 0.00104237
7 0.298828 0.279297 0.046875 0.046875 0.00104809
3 0.550781 0.571289 0.433594 0.119141 0.00105095
11 0.545898 0.623535 0.435547 0.155273 0.00108528
9 0.297852 0.279297 0.0449219 0.0449219 0.00111866
1 0.54541 0.628906 0.432617 0.154297 0.00112152
2 0.557129 0.396973 0.120117 0.12207 0.0011673
12 0.545898 0.623535 0.435547 0.155273 0.00117397
8 0.54541 0.628906 0.432617 0.154297 0.00117493
13 0.282715 0.397461 0.0478516 0.0585938 0.00118446
11 0.386719 0.223633 0.0605469 0.0214844 0.00121212
6 0.545898 0.623535 0.435547 0.155273 0.00121498
4 0.54541 0.628906 0.432617 0.154297 0.00126553
8 0.296387 0.27832 0.0439453 0.046875 0.00131798
2 0.545898 0.623535 0.435547 0.155273 0.00132847
11 0.662598 0.233398 0.100586 0.0292969 0.00133133
9 0.242676 0.67627 0.239258 0.12793 0.0013876
3 0.552734 0.6875 0.451172 0.160156 0.00142193
7 0.785645 0.651855 0.157227 0.163086 0.00148582
13 0.545898 0.623535 0.435547 0.155273 0.00154114
5 0.545898 0.623535 0.435547 0.155273 0.00155258
13 0.277344 0.390137 0.078125 0.0791016 0.00160027
10 0.557129 0.396973 0.120117 0.12207 0.00167084
11 0.70459 0.257324 0.143555 0.0869141 0.00172138
11 0.627441 0.220703 0.0947266 0.0253906 0.00175285
9 0.545898 0.623535 0.435547 0.155273 0.00197601
9 0.557129 0.396973 0.120117 0.12207 0.00198936
10 0.54541 0.628906 0.432617 0.154297 0.00200844
11 0.580078 0.240723 0.0585938 0.0498047 0.00210571
8 0.23877 0.607422 0.0205078 0.0136719 0.00220871
13 0.331543 0.519531 0.0673828 0.0585938 0.00229836
0 0.54541 0.628906 0.432617 0.154297 0.00242043
9 0.490723 0.418457 0.233398 0.174805 0.0025959
0 0.577148 0.378418 0.0761719 0.0830078 0.00272179
9 0.0649414 0.53418 0.0400391 0.0742188 0.00300026
11 0.644043 0.230469 0.0595703 0.0195312 0.00342941
3 0.555176 0.394043 0.124023 0.118164 0.00383186
11 0.280762 0.251465 0.0537109 0.0439453 0.00383759
11 0.400879 0.234863 0.0947266 0.0400391 0.00434113
11 0.723633 0.251953 0.0820312 0.0644531 0.0055542
11 0.618652 0.22998 0.118164 0.0478516 0.00589371
11 0.366699 0.22998 0.102539 0.0185547 0.0083313
13 0.271973 0.385254 0.0439453 0.0634766 0.0132217
11 0.336914 0.238281 0.164062 0.0585938 0.0134888
11 0.669434 0.23877 0.155273 0.0458984 0.0145111
11 0.300781 0.242676 0.0839844 0.0478516 0.021347
11 0.360352 0.231934 0.154297 0.0322266 0.0355225
11 0.631348 0.230957 0.104492 0.0263672 0.0495605
0 0.496582 0.425293 0.24707 0.18457 0.0639038
11 0.387207 0.223633 0.102539 0.0292969 0.0668945
0 0.556152 0.396484 0.120117 0.121094 0.654297
3 0.551758 0.628906 0.441406 0.142578 0.746582
