8 0.658691 0.537598 0.0185547 0.0166016 0.000100255
13 0.77832 0.330566 0.078125 0.112305 0.000100374
8 0.740234 0.586426 0.0488281 0.0361328 0.000101745
0 0.581543 0.390137 0.125977 0.163086 0.000101924
2 0.630371 0.576172 0.0166016 0.00976562 0.000105679
8 0.98291 0.0112305 0.0185547 0.0185547 0.000106633
9 0.806641 0.393066 0.015625 0.0107422 0.000106633
13 0.80957 0.390137 0.0332031 0.0244141 0.000106633
12 0.671387 0.192383 0.116211 0.0234375 0.000107825
13 0.344727 0.339844 0.126953 0.115234 0.000111222
13 0.306641 0.47168 0.0800781 0.0527344 0.000112772
4 0.176758 0.121582 0.332031 0.243164 0.000113249
9 0.679688 0.302246 0.0585938 0.0458984 0.000113487
13 0.805664 0.385254 0.0332031 0.0478516 0.000113785
13 0.378906 0.516113 0.0898438 0.0361328 0.000115454
0 0.559082 0.339844 0.0634766 0.0800781 0.000115871
11 0.203125 0.219727 0.0859375 0.0371094 0.00011611
8 0.79541 0.529785 0.0126953 0.00878906 0.000117004
5 0.177734 0.614258 0.144531 0.154297 0.000117004
13 0.782715 0.50293 0.0439453 0.0449219 0.000118077
13 0.369141 0.396973 0.0703125 0.0439453 0.000120223
10 0.177246 0.163086 0.354492 0.326172 0.000120938
13 0.222656 0.375488 0.0351562 0.0126953 0.000121891
6 0.562988 0.347168 0.116211 0.112305 0.000124454
13 0.328613 0.477539 0.0634766 0.0527344 0.000124574
13 0.771484 0.531738 0.0546875 0.0205078 0.000126123
3 0.462891 0.967773 0.464844 0.0644531 0.00012815
11 0.716797 0.199707 0.0507812 0.0283203 0.000128627
7 0.176758 0.121582 0.332031 0.243164 0.000130415
6 0.55957 0.657715 0.416016 0.180664 0.000131488
8 0.663574 0.308594 0.0224609 0.0214844 0.000134826
8 0.192871 0.480957 0.0107422 0.00878906 0.000136971
5 0.173828 0.123047 0.322266 0.236328 0.000138044
2 0.78125 0.492676 0.0214844 0.0185547 0.000138521
11 0.741699 0.212402 0.0732422 0.0498047 0.000140548
13 0.383789 0.374512 0.0957031 0.0888672 0.000140786
8 0.382812 0.600586 0.00976562 0.0078125 0.000141501
11 0.347656 0.185059 0.0507812 0.0146484 0.000142455
13 0.777344 0.36377 0.0800781 0.0537109 0.000142694
0 0.310547 0.202148 0.164062 0.0742188 0.000143647
11 0.256348 0.20752 0.149414 0.0771484 0.000147223
11 0.657715 0.185059 0.0498047 0.0146484 0.000147223
13 0.300293 0.608887 0.0615234 0.0341797 0.000148177
13 0.24707 0.300293 0.0136719 0.0107422 0.000149965
7 0.759277 0.267578 0.0224609 0.0195312 0.000150561
7 0.225586 0.588379 0.207031 0.196289 0.000151515
0 0.621094 0.00634766 0.111328 0.0126953 0.000154257
9 0.81543 0.503906 0.169922 0.380859 0.000154495
3 0.309082 0.200684 0.166992 0.0771484 0.000154495
8 0.720215 0.333984 0.0107422 0.00976562 0.000156164
9 0.260742 0.588379 0.205078 0.188477 0.000156403
2 0.77832 0.491699 0.0351562 0.0244141 0.000157475
2 0.98291 0.0112305 0.0185547 0.0185547 0.000161886
13 0.80957 0.398926 0.0429688 0.0361328 0.000163317
4 0.55957 0.657715 0.416016 0.180664 0.000163555
10 0.325684 0.192871 0.120117 0.0400391 0.000163913
4 0.562988 0.347168 0.116211 0.112305 0.000165462
13 0.76416 0.34375 0.0517578 0.0585938 0.000166178
3 0.575195 0.715332 0.384766 0.100586 0.000167251
11 0.283691 0.200195 0.0517578 0.0371094 0.000168443
13 0.366211 0.345215 0.0566406 0.0478516 0.000169039
13 0.662109 0.189941 0.113281 0.0205078 0.000169158
8 0.620117 0.462402 0.0332031 0.0205078 0.000169754
13 0.8125 0.414062 0.0527344 0.0527344 0.0001719
13 0.205078 0.123047 0.398438 0.234375 0.000172496
13 0.806641 0.393066 0.015625 0.0107422 0.000172853
7 0.663574 0.191895 0.104492 0.0205078 0.000178576
6 0.260742 0.588379 0.205078 0.188477 0.000180602
8 0.254395 0.26709 0.0185547 0.0146484 0.000181317
7 0.561035 0.663086 0.407227 0.162109 0.000183225
1 0.325684 0.192871 0.120117 0.0400391 0.000184894
13 0.291504 0.662109 0.100586 0.0507812 0.000185251
7 0.296875 0.202148 0.123047 0.0585938 0.00019002
13 0.266602 0.65332 0.0605469 0.0214844 0.000192404
1 0.561035 0.663086 0.407227 0.162109 0.000194311
13 0.779785 0.529297 0.0576172 0.0351562 0.000195265
9 0.987793 0.012207 0.0224609 0.0244141 0.00019753
9 0.78125 0.492676 0.0214844 0.0185547 0.000198126
6 0.173828 0.123047 0.322266 0.236328 0.000203252
11 0.561035 0.663086 0.407227 0.162109 0.000207543
13 0.562988 0.347168 0.116211 0.112305 0.000214815
7 0.562988 0.347168 0.116211 0.112305 0.000215769
10 0.671387 0.192383 0.116211 0.0234375 0.000219345
9 0.29834 0.85498 0.416992 0.28418 0.000222683
8 0.805176 0.388672 0.0224609 0.015625 0.000224233
2 0.310547 0.202148 0.164062 0.0742188 0.000227332
13 0.561035 0.663086 0.407227 0.162109 0.000234246
9 0.310547 0.202148 0.164062 0.0742188 0.000235438
11 0.382812 0.186035 0.0996094 0.0205078 0.00024116
9 0.504395 0.441406 0.174805 0.314453 0.000241876
8 0.827637 0.57666 0.0166016 0.0146484 0.000241995
11 0.409668 0.204102 0.0810547 0.0566406 0.000242352
9 0.225098 0.495117 0.282227 0.416016 0.000245333
1 0.662109 0.189941 0.113281 0.0205078 0.000250101
13 0.380371 0.321777 0.0927734 0.118164 0.000251293
12 0.562988 0.347168 0.116211 0.112305 0.000252247
8 0.24707 0.300293 0.0136719 0.0107422 0.000258684
8 0.669922 0.311035 0.0371094 0.0302734 0.00026083
12 0.561035 0.663086 0.407227 0.162109 0.000261307
8 0.561035 0.663086 0.407227 0.162109 0.000261307
13 0.79834 0.39502 0.0673828 0.0927734 0.000266075
13 0.756348 0.355469 0.0849609 0.078125 0.000268459
2 0.561035 0.663086 0.407227 0.162109 0.000273705
13 0.412598 0.413574 0.0595703 0.0283203 0.000279427
10 0.561035 0.663086 0.407227 0.162109 0.000282526
13 0.789062 0.730469 0.0507812 0.0605469 0.000284195
1 0.562988 0.347168 0.116211 0.112305 0.000285625
13 0.750488 0.364746 0.0537109 0.0498047 0.000287056
10 0.298828 0.203125 0.125 0.0644531 0.000288963
9 0.759766 0.266602 0.0234375 0.0214844 0.000289917
5 0.561035 0.663086 0.407227 0.162109 0.000291586
5 0.562988 0.347168 0.116211 0.112305 0.000293732
13 0.795898 0.368164 0.0332031 0.0136719 0.000295639
3 0.19043 0.175781 0.380859 0.300781 0.000295639
8 0.347656 0.384766 0.0195312 0.015625 0.000301123
8 0.699219 0.40918 0.0195312 0.0195312 0.000302553
13 0.310547 0.202148 0.164062 0.0742188 0.000309229
11 0.67334 0.192871 0.0615234 0.0166016 0.000317335
0 0.499023 0.418945 0.189453 0.248047 0.000319004
11 0.318848 0.188477 0.0517578 0.0234375 0.000321627
13 0.785645 0.529785 0.0439453 0.0146484 0.000325441
13 0.684082 0.365723 0.118164 0.102539 0.000328302
8 0.631836 0.57666 0.0273438 0.0166016 0.000329018
8 0.562988 0.347168 0.116211 0.112305 0.000329971
0 0.55957 0.657715 0.416016 0.180664 0.000333786
13 0.658203 0.38916 0.0410156 0.0634766 0.00034976
0 0.585449 0.333984 0.0673828 0.0742188 0.000353575
5 0.821289 0.649414 0.126953 0.185547 0.000353813
2 0.562988 0.347168 0.116211 0.112305 0.00037241
13 0.323242 0.47168 0.0351562 0.0410156 0.000375509
13 0.268555 0.655273 0.09375 0.0351562 0.000392437
13 0.391602 0.406738 0.0878906 0.0283203 0.000393152
13 0.29834 0.589844 0.149414 0.175781 0.000393152
11 0.562988 0.347168 0.116211 0.112305 0.000394821
12 0.310547 0.202148 0.164062 0.0742188 0.000407934
11 0.677246 0.200684 0.163086 0.0654297 0.000408411
13 0.780273 0.71582 0.0488281 0.03125 0.000417471
5 0.827637 0.119629 0.333008 0.239258 0.000417709
13 0.315918 0.376465 0.0673828 0.0361328 0.000426292
8 0.213379 0.455566 0.0107422 0.00878906 0.000426531
11 0.634766 0.194824 0.0742188 0.0185547 0.000431538
11 0.297363 0.20752 0.147461 0.110352 0.00043273
13 0.79834 0.375488 0.0361328 0.0380859 0.000439644
11 0.635254 0.186523 0.0751953 0.0214844 0.000460148
8 0.291016 0.376953 0.0136719 0.0117188 0.000465155
11 0.421387 0.203613 0.0556641 0.0361328 0.000468493
8 0.197266 0.591797 0.0117188 0.00976562 0.000471354
6 0.831055 0.0976562 0.335938 0.171875 0.000484705
13 0.793945 0.405273 0.0527344 0.0410156 0.000489235
8 0.621094 0.462402 0.0175781 0.0126953 0.00051403
11 0.694336 0.193359 0.0722656 0.0234375 0.000523567
5 0.172363 0.547852 0.170898 0.289062 0.000528336
13 0.776367 0.490234 0.03125 0.0214844 0.000536919
8 0.777832 0.490723 0.0322266 0.0224609 0.000540733
1 0.310547 0.202148 0.164062 0.0742188 0.000545979
9 0.98291 0.0112305 0.0185547 0.0185547 0.000602722
10 0.562988 0.347168 0.116211 0.112305 0.00060606
8 0.679688 0.302246 0.0585938 0.0458984 0.000639439
11 0.610352 0.201172 0.0878906 0.0390625 0.000687599
13 0.29834 0.626953 0.114258 0.101562 0.00073719
13 0.361816 0.293457 0.0771484 0.0927734 0.000757217
11 0.383789 0.173828 0.103516 0.0234375 0.000769615
13 0.794922 0.293945 0.03125 0.0390625 0.000785351
0 0.525879 0.358887 0.198242 0.145508 0.000851154
9 0.562988 0.347168 0.116211 0.112305 0.00086689
13 0.805664 0.393066 0.0234375 0.0146484 0.000895023
8 0.806641 0.39209 0.015625 0.0107422 0.00096035
13 0.831055 0.0976562 0.335938 0.171875 0.000997543
11 0.387695 0.191406 0.121094 0.0449219 0.00101757
11 0.341309 0.18457 0.0751953 0.0214844 0.00102615
13 0.799316 0.395996 0.0361328 0.0224609 0.00110149
11 0.26709 0.210449 0.0869141 0.0556641 0.00111771
9 0.561035 0.663086 0.407227 0.162109 0.00113583
13 0.288574 0.659668 0.0908203 0.0224609 0.00121117
11 0.719238 0.203613 0.0908203 0.0419922 0.0012207
8 0.630371 0.576172 0.0166016 0.00976562 0.00126934
5 0.260742 0.588379 0.205078 0.188477 0.00131226
13 0.661621 0.376953 0.0615234 0.0957031 0.00135326
5 0.826172 0.553223 0.144531 0.352539 0.00148487
3 0.562988 0.347168 0.116211 0.112305 0.00156975
11 0.587402 0.208496 0.0517578 0.0341797 0.00178909
13 0.42334 0.40625 0.0498047 0.0253906 0.00197029
11 0.653809 0.189941 0.0732422 0.0146484 0.00230026
5 0.225098 0.495117 0.282227 0.416016 0.00247192
11 0.307617 0.193848 0.0761719 0.0361328 0.00290871
11 0.339355 0.194336 0.172852 0.0605469 0.00336075
11 0.360352 0.179688 0.132812 0.0273438 0.00363541
8 0.759277 0.267578 0.0224609 0.0195312 0.00481796
11 0.661133 0.183105 0.121094 0.0244141 0.0057106
11 0.69043 0.196777 0.119141 0.0341797 0.0121307
11 0.638672 0.193848 0.132812 0.0400391 0.0134964
11 0.337402 0.187012 0.120117 0.0302734 0.0563965
11 0.296875 0.202148 0.123047 0.0585938 0.0612488
11 0.663086 0.191406 0.115234 0.0214844 0.142944
3 0.561035 0.67041 0.407227 0.149414 0.160645
0 0.563477 0.342773 0.113281 0.0996094 0.361328
