6 0.793945 0.669922 0.0742188 0.136719 0.00010103
9 0.34668 0.44043 0.0546875 0.03125 0.000102401
3 0.219238 0.144531 0.438477 0.251953 0.000102639
5 0.633789 0.485352 0.210938 0.332031 0.000104368
11 0.240234 0.210938 0.478516 0.421875 0.000106633
8 0.54834 0.412598 0.202148 0.15918 0.000107527
3 0.189941 0.249512 0.379883 0.416992 0.000109732
9 0.395508 0.390137 0.0214844 0.0263672 0.000110388
7 0.834473 0.547363 0.331055 0.563477 0.000110865
11 0.44873 0.230957 0.100586 0.0302734 0.000111341
3 0.546387 0.408203 0.18457 0.142578 0.000111461
11 0.823242 0.757324 0.0625 0.100586 0.000111997
11 0.680176 0.00732422 0.0537109 0.0146484 0.000112534
2 0.816895 0.18457 0.354492 0.361328 0.000112772
0 0.592773 0.394531 0.0527344 0.0664062 0.00011456
8 0.13623 0.664062 0.272461 0.474609 0.000114679
11 0.381836 0.253418 0.0957031 0.114258 0.000115097
3 0.854004 0.541016 0.291992 0.408203 0.000115633
4 0.13623 0.664062 0.272461 0.474609 0.000116765
1 0.379883 0.253906 0.0761719 0.0585938 0.000118911
5 0.559082 0.42041 0.168945 0.166992 0.000119328
11 0.559082 0.42041 0.168945 0.166992 0.000119805
9 0.219238 0.144531 0.438477 0.251953 0.00012064
10 0.830078 0.447266 0.339844 0.894531 0.000122666
10 0.54834 0.412598 0.202148 0.15918 0.000122666
7 0.342285 0.429199 0.0908203 0.106445 0.000123024
11 0.625977 0.240234 0.0644531 0.0273438 0.000123739
3 0.897949 0.719727 0.204102 0.560547 0.000123978
13 0.730469 0.413086 0.0507812 0.0351562 0.000123978
0 0.219238 0.144531 0.438477 0.251953 0.000124097
3 0.0849609 0.76709 0.169922 0.237305 0.000126362
9 0.663086 0.344238 0.0332031 0.0283203 0.000126481
11 0.614258 0.256836 0.0605469 0.0566406 0.000127792
8 0.736328 0.408203 0.0292969 0.0214844 0.000127792
13 0.390625 0.387207 0.0195312 0.0283203 0.000130177
13 0.559082 0.42041 0.168945 0.166992 0.000130534
7 0.360352 0.55957 0.240234 0.367188 0.000132561
11 0.46582 0.259277 0.0859375 0.0791016 0.000132561
11 0.816895 0.18457 0.354492 0.361328 0.00013423
3 0.956055 0.756348 0.0878906 0.299805 0.000136614
11 0.479492 0.251465 0.0507812 0.0576172 0.000138402
9 0.936035 0.964844 0.0986328 0.0703125 0.000141978
13 0.378906 0.378418 0.0429688 0.0419922 0.00014317
10 0.379395 0.253418 0.0771484 0.0576172 0.000143886
13 0.356934 0.435059 0.0771484 0.0322266 0.000144124
6 0.858887 0.179199 0.282227 0.352539 0.000145793
13 0.341797 0.379395 0.0292969 0.0283203 0.000150681
9 0.653809 0.345703 0.0537109 0.0390625 0.000154376
1 0.35498 0.635742 0.202148 0.181641 0.000154972
1 0.854004 0.541016 0.291992 0.408203 0.000159979
11 0.645508 0.244629 0.0585938 0.0146484 0.000162721
5 0.819824 0.425781 0.360352 0.851562 0.000163436
10 0.232422 0.819336 0.0292969 0.0566406 0.000164509
11 0.428711 0.238281 0.0605469 0.0195312 0.000169873
12 0.847656 0.17627 0.304688 0.352539 0.000171304
9 0.360352 0.55957 0.240234 0.367188 0.000172257
11 0.679688 0.249023 0.078125 0.0390625 0.000175595
9 0.514648 0.672363 0.119141 0.202148 0.000176907
3 0.138184 0.856934 0.276367 0.286133 0.000177503
2 0.554688 0.412598 0.171875 0.147461 0.000179768
8 0.334961 0.449707 0.0566406 0.0478516 0.00018084
0 0.618164 0.409668 0.0859375 0.137695 0.000181317
3 0.545898 0.492188 0.173828 0.318359 0.000182629
9 0.792969 0.666992 0.0820312 0.140625 0.000184298
4 0.854004 0.541016 0.291992 0.408203 0.000185251
9 0.654297 0.541504 0.300781 0.389648 0.000189662
3 0.110352 0.79541 0.214844 0.40918 0.000192523
11 0.834473 0.547363 0.331055 0.563477 0.000192642
5 0.338379 0.449219 0.0615234 0.0546875 0.000198245
2 0.834473 0.547363 0.331055 0.563477 0.000204921
8 0.854004 0.541016 0.291992 0.408203 0.000207543
13 0.442383 0.375488 0.0546875 0.0869141 0.000208259
13 0.69873 0.697754 0.0654297 0.0732422 0.000208855
3 0.626465 0.705566 0.321289 0.139648 0.000209332
9 0.819824 0.425781 0.360352 0.851562 0.000216484
5 0.788574 0.660645 0.0888672 0.155273 0.000225544
6 0.610352 0.646973 0.316406 0.15332 0.000225902
12 0.854004 0.541016 0.291992 0.408203 0.00022769
11 0.23291 0.812988 0.0283203 0.0595703 0.000238538
10 0.353027 0.640137 0.209961 0.211914 0.000241876
13 0.388672 0.385254 0.0351562 0.0380859 0.000245571
9 0.785645 0.632324 0.0302734 0.0322266 0.000256538
11 0.362305 0.266602 0.0859375 0.0761719 0.000257254
3 0.630371 0.563477 0.329102 0.380859 0.00026536
6 0.335449 0.449707 0.0556641 0.0478516 0.000267029
8 0.35498 0.635742 0.202148 0.181641 0.000268698
7 0.608887 0.655273 0.313477 0.128906 0.000273228
7 0.785645 0.632324 0.0302734 0.0322266 0.000273705
11 0.446289 0.249512 0.0800781 0.0361328 0.000275135
3 0.13623 0.664062 0.272461 0.474609 0.000280142
1 0.609863 0.651855 0.313477 0.135742 0.000285387
4 0.610352 0.646973 0.316406 0.15332 0.000287533
0 0.854004 0.541016 0.291992 0.408203 0.00028944
11 0.631836 0.25 0.0800781 0.0351562 0.000291348
7 0.379883 0.570801 0.166016 0.227539 0.000292301
9 0.206055 0.32666 0.175781 0.21582 0.0002985
0 0.537598 0.425781 0.276367 0.236328 0.000308752
13 0.610352 0.655273 0.314453 0.132812 0.00031352
12 0.609863 0.651855 0.313477 0.135742 0.000315666
10 0.106445 0.747559 0.212891 0.219727 0.000318766
11 0.703125 0.259277 0.0683594 0.0498047 0.000320911
6 0.59082 0.396973 0.0996094 0.114258 0.000320911
13 0.240234 0.210938 0.478516 0.421875 0.000326633
2 0.609863 0.651855 0.313477 0.135742 0.000356436
8 0.652832 0.343262 0.0556641 0.0380859 0.000371218
13 0.346191 0.42041 0.0869141 0.106445 0.000372887
13 0.816895 0.18457 0.354492 0.361328 0.000384808
13 0.35498 0.635742 0.202148 0.181641 0.00038743
8 0.609863 0.651855 0.313477 0.135742 0.000388145
10 0.830078 0.758301 0.0449219 0.0634766 0.000402212
13 0.45166 0.398438 0.0537109 0.0996094 0.000403881
3 0.925781 0.70752 0.148438 0.348633 0.000404596
11 0.60791 0.654297 0.319336 0.130859 0.000405312
9 0.551758 0.428711 0.177734 0.189453 0.000407934
5 0.738281 0.649902 0.164062 0.178711 0.000409842
4 0.59082 0.396973 0.0996094 0.114258 0.00041008
11 0.83252 0.758789 0.0380859 0.0625 0.000412941
10 0.609863 0.651855 0.313477 0.135742 0.000486851
7 0.59082 0.396973 0.0996094 0.114258 0.000496864
3 0.131836 0.791992 0.263672 0.267578 0.000497341
13 0.321289 0.552734 0.0449219 0.0234375 0.000504017
12 0.59082 0.396973 0.0996094 0.114258 0.000504494
11 0.418945 0.243164 0.134766 0.0644531 0.000522137
9 0.352539 0.732422 0.228516 0.169922 0.000529289
5 0.610352 0.654785 0.314453 0.129883 0.000541687
8 0.663574 0.34375 0.0322266 0.0292969 0.000553131
0 0.610352 0.655273 0.314453 0.132812 0.000580311
0 0.601074 0.374023 0.0712891 0.0625 0.000580788
9 0.338867 0.45166 0.0664062 0.0478516 0.000583649
5 0.589844 0.400391 0.101562 0.117188 0.000608444
1 0.59082 0.396973 0.0996094 0.114258 0.000627518
0 0.624023 0.435059 0.164062 0.202148 0.000654221
7 0.793945 0.669922 0.0742188 0.136719 0.000688553
13 0.589844 0.400391 0.101562 0.117188 0.00077486
11 0.59082 0.396973 0.0996094 0.114258 0.000812054
13 0.691406 0.69043 0.0351562 0.0625 0.00082922
8 0.59082 0.396973 0.0996094 0.114258 0.000844002
13 0.342773 0.453125 0.0664062 0.0507812 0.000860691
7 0.334961 0.449707 0.0566406 0.0478516 0.000861168
4 0.35498 0.635742 0.202148 0.181641 0.000872135
5 0.361816 0.518555 0.176758 0.375 0.000910759
0 0.540039 0.493164 0.160156 0.332031 0.000974178
10 0.59082 0.396973 0.0996094 0.114258 0.00100136
8 0.351074 0.484375 0.0107422 0.00976562 0.00100803
2 0.59082 0.396973 0.0996094 0.114258 0.00103378
8 0.785156 0.632812 0.03125 0.03125 0.00117779
13 0.73584 0.407715 0.0283203 0.0224609 0.00135517
5 0.35498 0.635742 0.202148 0.181641 0.00140476
11 0.400879 0.243164 0.0693359 0.0390625 0.00142956
11 0.466309 0.241211 0.0712891 0.0332031 0.00148487
11 0.65332 0.243652 0.09375 0.0205078 0.00149441
9 0.59082 0.396973 0.0996094 0.114258 0.00151348
3 0.81543 0.473145 0.369141 0.68457 0.00169945
9 0.565918 0.648438 0.225586 0.181641 0.00174618
3 0.59082 0.396973 0.0996094 0.114258 0.00245094
9 0.532715 0.536621 0.139648 0.426758 0.00268745
6 0.35498 0.635742 0.202148 0.181641 0.00273132
9 0.35498 0.635742 0.202148 0.181641 0.00275993
13 0.34082 0.441406 0.0527344 0.03125 0.00289536
5 0.703125 0.538086 0.193359 0.378906 0.0033474
7 0.35498 0.635742 0.202148 0.181641 0.0117798
11 0.433105 0.239746 0.120117 0.0283203 0.0135803
11 0.380371 0.25293 0.0810547 0.0585938 0.0209198
0 0.554688 0.412598 0.171875 0.147461 0.0591125
3 0.609375 0.656738 0.314453 0.125977 0.301514
0 0.591797 0.393555 0.0957031 0.103516 0.541504
