9 0.911621 0.810059 0.176758 0.379883 0.000100553
3 0.762695 0.946289 0.191406 0.0859375 0.000102043
11 0.388672 0.165527 0.0449219 0.0498047 0.000102162
3 0.563965 0.27002 0.0458984 0.0458984 0.000103056
9 0.931152 0.646973 0.12793 0.65918 0.000103116
10 0.931641 0.650391 0.136719 0.699219 0.000103354
0 0.578125 0.264648 0.0429688 0.0527344 0.000103414
7 0.288574 0.36084 0.15332 0.180664 0.000105977
12 0.828125 0.408691 0.34375 0.817383 0.000106752
3 0.48584 0.957031 0.110352 0.0742188 0.000107229
11 0.368652 0.150391 0.0693359 0.0292969 0.000108182
0 0.602539 0.161621 0.101562 0.0361328 0.000110507
13 0.276855 0.429688 0.104492 0.0527344 0.000110984
10 0.986816 0.716309 0.0263672 0.407227 0.000111461
5 0.318359 0.365234 0.140625 0.171875 0.000111818
13 0.327148 0.442383 0.0976562 0.0390625 0.00011307
13 0.360352 0.299805 0.0839844 0.111328 0.000113428
9 0.466797 0.236328 0.0625 0.199219 0.000117183
7 0.381836 0.145996 0.113281 0.0322266 0.000119388
13 0.307617 0.409668 0.142578 0.0576172 0.000119746
7 0.372559 0.429199 0.0400391 0.0537109 0.000121176
7 0.408691 0.166504 0.0791016 0.0712891 0.000123024
13 0.321289 0.30127 0.115234 0.131836 0.000123262
9 0.189453 0.897949 0.0390625 0.0302734 0.000123739
9 0.506348 0.376465 0.290039 0.364258 0.000124335
7 0.712402 0.366211 0.129883 0.189453 0.000125051
9 0.378906 0.157715 0.101562 0.0478516 0.000133276
8 0.883301 0.243164 0.0634766 0.0566406 0.000133514
13 0.30127 0.352539 0.0400391 0.0292969 0.000135183
9 0.653809 0.0883789 0.0205078 0.0244141 0.000135779
7 0.563965 0.27002 0.0439453 0.0400391 0.000136137
9 0.681641 0.424316 0.191406 0.194336 0.000136256
9 0.115234 0.554688 0.0449219 0.181641 0.000136852
9 0.518066 0.273926 0.198242 0.161133 0.000138044
13 0.345215 0.261719 0.12793 0.193359 0.000144362
7 0.246094 0.408203 0.0234375 0.015625 0.000144482
13 0.364258 0.333496 0.0625 0.0712891 0.000145555
13 0.391602 0.438965 0.0332031 0.0380859 0.000152946
13 0.373535 0.268555 0.0400391 0.0566406 0.000156879
13 0.393555 0.197754 0.0664062 0.116211 0.000156879
13 0.316895 0.255859 0.0458984 0.03125 0.000158191
9 0.140137 0.489746 0.0830078 0.223633 0.000158429
9 0.494629 0.209473 0.0751953 0.151367 0.000158906
13 0.931152 0.646973 0.12793 0.65918 0.000164151
11 0.625488 0.15332 0.0693359 0.0214844 0.000164628
3 0.580566 0.383789 0.327148 0.201172 0.00016737
11 0.769531 0.475098 0.0507812 0.110352 0.000171304
13 0.375 0.373535 0.046875 0.0498047 0.0001719
13 0.32373 0.20459 0.0361328 0.0166016 0.000172615
9 0.61084 0.160645 0.116211 0.0361328 0.000175714
13 0.293457 0.307129 0.0673828 0.0634766 0.000177503
9 0.193359 0.893555 0.0234375 0.0253906 0.00017786
9 0.464355 0.376465 0.0654297 0.250977 0.000183344
10 0.0297852 0.635254 0.0595703 0.313477 0.000184894
2 0.603027 0.161621 0.106445 0.0380859 0.000186086
13 0.347656 0.408691 0.09375 0.12207 0.000198245
11 0.374512 0.168457 0.0908203 0.0732422 0.000201702
8 0.313477 0.200195 0.0371094 0.0273438 0.000202537
0 0.57373 0.240723 0.0888672 0.0830078 0.000209808
13 0.614258 0.243164 0.0449219 0.0605469 0.000211596
11 0.674805 0.169434 0.0722656 0.0615234 0.000226021
11 0.399414 0.140625 0.0898438 0.0234375 0.000226259
2 0.569824 0.277832 0.0283203 0.0283203 0.000226498
9 0.378418 0.431641 0.0419922 0.0527344 0.000229955
9 0.115723 0.516113 0.0615234 0.420898 0.000235796
10 0.769531 0.475098 0.0507812 0.110352 0.000242233
6 0.931152 0.644043 0.133789 0.65332 0.000259638
13 0.626465 0.276367 0.108398 0.119141 0.000276566
7 0.681641 0.424316 0.191406 0.194336 0.000276566
8 0.561035 0.26416 0.0654297 0.0615234 0.000278711
9 0.389648 0.162109 0.046875 0.0507812 0.000282049
0 0.55127 0.248047 0.0517578 0.0644531 0.000285625
2 0.246094 0.407715 0.0273438 0.0185547 0.00028801
13 0.595703 0.161133 0.0917969 0.0351562 0.000290155
3 0.933594 0.716309 0.132812 0.381836 0.000294209
9 0.0566406 0.649902 0.113281 0.65332 0.000295639
4 0.549316 0.267578 0.104492 0.115234 0.00029707
0 0.493164 0.31543 0.183594 0.234375 0.000298262
11 0.561035 0.267578 0.0732422 0.0703125 0.000298977
9 0.474609 0.277344 0.0996094 0.220703 0.0003016
12 0.61084 0.160645 0.116211 0.0361328 0.000305653
7 0.547852 0.268066 0.105469 0.114258 0.000313282
7 0.317871 0.205566 0.0205078 0.0126953 0.000317812
7 0.3125 0.196777 0.0390625 0.0341797 0.000319958
10 0.933594 0.716309 0.132812 0.381836 0.000321865
10 0.602539 0.161133 0.0976562 0.03125 0.00032568
11 0.563965 0.27002 0.0439453 0.0400391 0.000327349
13 0.374512 0.276855 0.0556641 0.0966797 0.000345469
6 0.549316 0.267578 0.104492 0.115234 0.000356913
8 0.245117 0.407715 0.0234375 0.0185547 0.000364542
2 0.575684 0.275391 0.0458984 0.0605469 0.000375271
7 0.384766 0.158203 0.0703125 0.0488281 0.000379324
13 0.353027 0.240723 0.0888672 0.112305 0.000401258
13 0.255859 0.413086 0.0507812 0.0234375 0.000423193
9 0.317871 0.205566 0.0205078 0.0126953 0.000429869
13 0.333984 0.370117 0.107422 0.119141 0.000433207
13 0.351562 0.440918 0.0566406 0.0517578 0.000467539
13 0.370605 0.397949 0.0478516 0.0947266 0.00048089
13 0.317871 0.205566 0.0205078 0.0126953 0.00049305
5 0.547852 0.268066 0.105469 0.114258 0.000500202
13 0.319336 0.431152 0.126953 0.0712891 0.000500679
13 0.31543 0.203125 0.0390625 0.0273438 0.000508785
11 0.586914 0.164062 0.0527344 0.0273438 0.000520229
9 0.509277 0.416992 0.211914 0.183594 0.00053215
11 0.613281 0.149414 0.115234 0.03125 0.000535965
13 0.62793 0.29248 0.0507812 0.0947266 0.000551701
11 0.376465 0.135254 0.0947266 0.0224609 0.000562191
11 0.347168 0.144531 0.0498047 0.0195312 0.000575066
5 0.931152 0.644043 0.133789 0.65332 0.000580788
1 0.603027 0.161133 0.104492 0.0371094 0.000600815
12 0.549316 0.267578 0.104492 0.115234 0.000623226
9 0.561035 0.267578 0.0732422 0.0703125 0.000638008
9 0.507324 0.240723 0.118164 0.161133 0.000654697
7 0.616699 0.161621 0.125977 0.0361328 0.000656605
13 0.561035 0.267578 0.0732422 0.0703125 0.000673771
13 0.312012 0.32666 0.0810547 0.0908203 0.000686169
1 0.549316 0.267578 0.104492 0.115234 0.000714302
9 0.3125 0.196777 0.0390625 0.0341797 0.000748158
10 0.547852 0.268066 0.105469 0.114258 0.000783443
11 0.59668 0.18457 0.119141 0.0878906 0.000796795
11 0.34668 0.151367 0.115234 0.0566406 0.00080061
13 0.342285 0.352051 0.0947266 0.0537109 0.00086689
11 0.325684 0.154297 0.0751953 0.0390625 0.000882626
8 0.552734 0.262695 0.0996094 0.0957031 0.000886917
8 0.563965 0.27002 0.0439453 0.0400391 0.000892639
11 0.364746 0.140137 0.0595703 0.0166016 0.000947475
13 0.329102 0.421387 0.0917969 0.0439453 0.00100994
11 0.579102 0.443359 0.382812 0.148438 0.00101089
1 0.579102 0.443359 0.382812 0.148438 0.0010767
13 0.623535 0.30127 0.0380859 0.0537109 0.00108719
7 0.579102 0.443359 0.382812 0.148438 0.0010891
13 0.564941 0.270508 0.0400391 0.0410156 0.00113392
2 0.57666 0.444336 0.381836 0.148438 0.00114536
12 0.579102 0.443359 0.382812 0.148438 0.00116348
13 0.382324 0.428223 0.0419922 0.0576172 0.00116634
0 0.569336 0.285645 0.0839844 0.125977 0.0011673
6 0.579102 0.443359 0.382812 0.148438 0.00117683
8 0.57666 0.444336 0.381836 0.148438 0.0011816
0 0.555176 0.270508 0.182617 0.134766 0.00120068
9 0.568359 0.27002 0.0351562 0.0380859 0.00122356
11 0.40918 0.158691 0.0800781 0.0556641 0.00124931
9 0.246094 0.407715 0.0273438 0.0185547 0.00128078
4 0.579102 0.443359 0.382812 0.148438 0.00128174
13 0.579102 0.443359 0.382812 0.148438 0.00141811
5 0.579102 0.443359 0.382812 0.148438 0.00143051
11 0.607422 0.159668 0.0605469 0.0224609 0.00162792
13 0.275391 0.414551 0.0917969 0.0322266 0.001647
11 0.549316 0.267578 0.104492 0.115234 0.00167561
13 0.362305 0.359863 0.0546875 0.0458984 0.00190639
9 0.549316 0.267578 0.104492 0.115234 0.00192738
10 0.579102 0.443359 0.382812 0.148438 0.00197983
11 0.382812 0.148926 0.117188 0.0400391 0.00207138
9 0.577148 0.446777 0.386719 0.12793 0.00209808
13 0.549316 0.267578 0.104492 0.115234 0.00211525
3 0.581543 0.493164 0.401367 0.125 0.00218964
13 0.352539 0.421875 0.0703125 0.0722656 0.00221634
11 0.63916 0.158203 0.114258 0.0273438 0.00226593
9 0.126465 0.518066 0.0458984 0.192383 0.00240517
0 0.57666 0.444336 0.381836 0.148438 0.00248528
3 0.547852 0.268066 0.105469 0.114258 0.00265312
13 0.246094 0.407715 0.0273438 0.0185547 0.00291061
11 0.58252 0.168945 0.0810547 0.0429688 0.00389481
8 0.317871 0.205566 0.0205078 0.0126953 0.00392914
13 0.367188 0.425781 0.0371094 0.0566406 0.00648499
0 0.563965 0.27002 0.0439453 0.0400391 0.00852203
9 0.472168 0.351562 0.137695 0.328125 0.0103531
11 0.678711 0.167969 0.0546875 0.0351562 0.015007
0 0.561035 0.26416 0.0654297 0.0615234 0.0155106
11 0.627441 0.166016 0.15332 0.046875 0.0185394
11 0.364746 0.141602 0.0966797 0.0234375 0.0207977
2 0.563477 0.263184 0.0644531 0.0634766 0.030777
11 0.339844 0.146484 0.0742188 0.0292969 0.0451965
2 0.553223 0.262695 0.0986328 0.0957031 0.0526123
2 0.563965 0.27002 0.0439453 0.0400391 0.0794067
11 0.602539 0.161133 0.0976562 0.03125 0.143555
0 0.550293 0.258301 0.102539 0.0908203 0.675781
3 0.576172 0.444336 0.376953 0.128906 0.809082
