13 0.312012 0.614746 0.104492 0.125977 0.000112295
9 0.946289 0.598633 0.103516 0.513672 0.000113547
8 0.209473 0.568359 0.0634766 0.0546875 0.000114501
11 0.0483398 0.765625 0.0458984 0.0820312 0.00011462
10 0.953125 0.740234 0.0898438 0.472656 0.000118136
7 0.0224609 0.328125 0.0351562 0.03125 0.000118613
9 0.201172 0.665039 0.0195312 0.0195312 0.00011903
2 0.186523 0.668945 0.0546875 0.0371094 0.000119209
10 0.0483398 0.757812 0.0615234 0.117188 0.000120997
9 0.494629 0.45752 0.0673828 0.0595703 0.000121474
3 0.963379 0.628906 0.0732422 0.5625 0.000121534
6 0.226562 0.615234 0.113281 0.136719 0.000122786
9 0.954102 0.833008 0.0878906 0.333984 0.000123143
7 0.230469 0.635254 0.212891 0.163086 0.000123978
12 0.756836 0.499023 0.322266 0.65625 0.000124335
9 0.46875 0.228516 0.0996094 0.183594 0.000124335
9 0.205566 0.100586 0.411133 0.181641 0.000124454
3 0.488281 0.966309 0.513672 0.0673828 0.000124574
8 0.846191 0.991699 0.0458984 0.0146484 0.000124812
9 0.594238 0.822266 0.475586 0.314453 0.000125766
7 0.468262 0.193848 0.0966797 0.114258 0.000126243
11 0.442871 0.140625 0.0517578 0.0195312 0.000126243
11 0.956543 0.990723 0.0830078 0.0185547 0.0001266
3 0.510254 0.524414 0.208008 0.566406 0.000127435
13 0.474121 0.206543 0.0810547 0.129883 0.000127435
3 0.840332 0.96582 0.206055 0.0683594 0.00012815
11 0.433594 0.134277 0.113281 0.0400391 0.00012815
11 0.652344 0.148438 0.0898438 0.03125 0.000130773
11 0.193848 0.668945 0.0341797 0.0253906 0.000131726
10 0.553711 0.508301 0.269531 0.549805 0.000132322
11 0.386719 0.150879 0.0625 0.0224609 0.000132918
9 0.990234 0.359863 0.0175781 0.0693359 0.000134826
10 0.965332 0.923828 0.0693359 0.148438 0.000139356
11 0.34375 0.15625 0.0605469 0.03125 0.00014174
13 0.380859 0.159668 0.177734 0.0791016 0.000142097
2 0.978516 0.97998 0.0429688 0.0380859 0.000142336
13 0.726562 0.265625 0.107422 0.132812 0.000142574
2 0.330566 0.577148 0.0791016 0.0703125 0.000143528
9 0.345215 0.257324 0.0458984 0.0712891 0.000143647
12 0.387695 0.160156 0.1875 0.0800781 0.000145674
8 0.397949 0.518555 0.0380859 0.0332031 0.000145793
11 0.407715 0.157227 0.0498047 0.0371094 0.000145912
2 0.183594 0.669922 0.0273438 0.0195312 0.000146031
13 0.361328 0.269043 0.0585938 0.0791016 0.000148535
4 0.366699 0.583496 0.0361328 0.0361328 0.000148892
8 0.303223 0.573242 0.0888672 0.0488281 0.000149488
5 0.780273 0.458008 0.148438 0.158203 0.000153184
7 0.355957 0.580078 0.0595703 0.0507812 0.000153899
9 0.558594 0.596191 0.179688 0.405273 0.000154376
9 0.200195 0.950684 0.388672 0.0986328 0.000154495
8 0.978516 0.97998 0.0429688 0.0380859 0.000155687
8 0.389648 0.621094 0.0117188 0.0117188 0.000156283
3 0.205566 0.100586 0.411133 0.181641 0.000156283
8 0.413086 0.289062 0.03125 0.0273438 0.000157237
8 0.331055 0.638672 0.0214844 0.0214844 0.000158548
13 0.447266 0.248047 0.101562 0.1875 0.000158668
8 0.325195 0.549805 0.0292969 0.0234375 0.000159144
7 0.258301 0.495117 0.198242 0.40625 0.000159264
9 0.217773 0.60498 0.109375 0.155273 0.000161171
13 0.321777 0.578125 0.0498047 0.0410156 0.00016129
9 0.107422 0.493652 0.0527344 0.0498047 0.000161886
2 0.00878906 0.188477 0.0175781 0.0703125 0.000162244
8 0.818359 0.530762 0.0136719 0.0107422 0.000162363
11 0.351562 0.297363 0.0859375 0.149414 0.000163674
12 0.303223 0.455078 0.321289 0.515625 0.000163674
13 0.34668 0.315918 0.248047 0.237305 0.000164628
7 0.347168 0.281738 0.0595703 0.118164 0.000164628
8 0.37207 0.498535 0.0136719 0.0126953 0.000165343
2 0.663574 0.573242 0.0224609 0.015625 0.000165582
11 0.0600586 0.751465 0.0517578 0.0869141 0.000165939
11 0.696777 0.144531 0.108398 0.0234375 0.000167012
9 0.488281 0.438965 0.132812 0.250977 0.000167608
3 0.95459 0.891602 0.0888672 0.216797 0.000168443
3 0.654297 0.371582 0.244141 0.209961 0.000174284
2 0.643555 0.446777 0.103516 0.100586 0.000175238
10 0.975586 0.603516 0.0488281 0.519531 0.000175953
9 0.100098 0.475586 0.0380859 0.0546875 0.000176072
9 0.0224609 0.328125 0.0351562 0.03125 0.000177145
11 0.395996 0.173828 0.0908203 0.0761719 0.000180125
8 0.27002 0.642578 0.0517578 0.0410156 0.000180364
10 0.956543 0.960938 0.0869141 0.078125 0.000180602
8 0.290527 0.504395 0.0205078 0.0166016 0.000181079
5 0.214355 0.490234 0.163086 0.337891 0.000181437
3 0.84668 0.98877 0.078125 0.0185547 0.000182748
6 0.346191 0.265625 0.0517578 0.0859375 0.000184417
6 0.567383 0.37207 0.255859 0.212891 0.000184417
3 0.579102 0.687012 0.226562 0.15918 0.000184655
9 0.964844 0.965332 0.0683594 0.0693359 0.000186801
11 0.390137 0.137695 0.110352 0.03125 0.000188351
6 0.756836 0.499023 0.322266 0.65625 0.000191689
12 0.553711 0.508301 0.269531 0.549805 0.000193477
4 0.3125 0.580078 0.0351562 0.0273438 0.000193715
11 0.430664 0.152832 0.0605469 0.0244141 0.000198007
13 0.359863 0.221191 0.147461 0.163086 0.000199318
8 0.369141 0.543945 0.03125 0.0253906 0.000200033
9 0.246582 0.700684 0.307617 0.227539 0.000200987
11 0.705566 0.154297 0.0751953 0.0175781 0.000202656
0 0.641602 0.446777 0.105469 0.0986328 0.000205517
2 0.345703 0.263672 0.0527344 0.09375 0.000207782
8 0.32959 0.55957 0.0556641 0.0527344 0.000207782
8 0.325195 0.503418 0.0175781 0.0146484 0.000208259
5 0.314941 0.539062 0.149414 0.230469 0.000208735
8 0.197266 0.573242 0.0449219 0.0390625 0.000211596
3 0.677734 0.961914 0.503906 0.0761719 0.00021255
11 0.974609 0.994629 0.046875 0.00878906 0.00021553
13 0.303223 0.455078 0.321289 0.515625 0.000216126
9 0.230469 0.635254 0.212891 0.163086 0.000216722
1 0.387695 0.160156 0.1875 0.0800781 0.000217557
7 0.567383 0.37207 0.255859 0.212891 0.000222206
11 0.702637 0.172363 0.161133 0.0654297 0.000225544
9 0.20166 0.831543 0.362305 0.280273 0.00022614
3 0.786621 0.555664 0.245117 0.416016 0.000226855
9 0.493652 0.467285 0.0986328 0.131836 0.000226855
7 0.460449 0.656738 0.225586 0.391602 0.000235915
7 0.336914 0.575195 0.0859375 0.0878906 0.000239968
8 0.20459 0.514648 0.0185547 0.015625 0.000240684
11 0.378418 0.144043 0.0751953 0.0244141 0.000244141
11 0.741211 0.157227 0.0703125 0.0273438 0.000244379
8 0.316895 0.575684 0.0517578 0.0380859 0.000248671
9 0.00976562 0.183594 0.0195312 0.0507812 0.000248671
7 0.225586 0.615234 0.111328 0.134766 0.000248671
9 0.354492 0.304199 0.125 0.168945 0.000251532
4 0.567383 0.37207 0.255859 0.212891 0.000257254
10 0.0141602 0.45459 0.0283203 0.0400391 0.000260115
13 0.0556641 0.235352 0.111328 0.0683594 0.000260592
8 0.848145 0.678711 0.0185547 0.015625 0.000263453
6 0.350586 0.293945 0.0742188 0.134766 0.000265837
11 0.637207 0.172852 0.0595703 0.0488281 0.00026679
9 0.980469 0.989258 0.0371094 0.0214844 0.00026679
8 0.185547 0.669922 0.0195312 0.015625 0.00026679
8 0.662598 0.57373 0.0283203 0.0205078 0.000283957
8 0.195312 0.668457 0.0527344 0.0380859 0.000287056
9 0.396484 0.156738 0.1875 0.0791016 0.000287056
9 0.605957 0.348145 0.233398 0.198242 0.000287294
8 0.280762 0.525879 0.0263672 0.0205078 0.000290632
1 0.567383 0.37207 0.255859 0.212891 0.00029254
13 0.397949 0.269043 0.145508 0.192383 0.000294209
3 0.570801 0.53125 0.452148 0.527344 0.000295401
9 0.186523 0.689941 0.150391 0.0849609 0.000295401
3 0.265137 0.505371 0.227539 0.385742 0.000295639
10 0.953125 0.552734 0.0878906 0.509766 0.000301123
13 0.974609 0.979004 0.0507812 0.0400391 0.000314713
5 0.553711 0.508301 0.269531 0.549805 0.000317812
10 0.202148 0.950684 0.404297 0.0966797 0.000324726
5 0.362793 0.461914 0.280273 0.550781 0.000324726
2 0.57373 0.379883 0.245117 0.224609 0.000327826
8 0.199219 0.468262 0.03125 0.0263672 0.00033164
9 0.788574 0.554688 0.231445 0.396484 0.000333786
8 0.666992 0.571777 0.015625 0.0126953 0.000334263
5 0.792969 0.393555 0.207031 0.380859 0.000337124
8 0.635742 0.596191 0.0273438 0.0224609 0.0003407
5 0.562012 0.388672 0.268555 0.234375 0.000344038
12 0.567383 0.37207 0.255859 0.212891 0.000344038
6 0.303223 0.455078 0.321289 0.515625 0.000366926
11 0.679199 0.155273 0.124023 0.0410156 0.000369072
11 0.962891 0.973145 0.0742188 0.0517578 0.000378847
0 0.530273 0.431641 0.205078 0.220703 0.000380278
11 0.567383 0.37207 0.255859 0.212891 0.000380278
13 0.350586 0.288086 0.0546875 0.0839844 0.000390291
8 0.567383 0.37207 0.255859 0.212891 0.000392199
3 0.202148 0.950684 0.404297 0.0966797 0.000393391
5 0.34375 0.34668 0.167969 0.244141 0.000395775
13 0.324707 0.253906 0.0732422 0.0703125 0.000397444
9 0.333496 0.568359 0.0830078 0.0859375 0.000397682
8 0.79834 0.642578 0.0166016 0.015625 0.000430346
7 0.193359 0.66748 0.0351562 0.0244141 0.00043273
9 0.414062 0.691406 0.154297 0.251953 0.00043726
10 0.961914 0.97998 0.0761719 0.0400391 0.000447989
9 0.983398 0.966797 0.0332031 0.0625 0.000454187
11 0.645996 0.181641 0.0869141 0.078125 0.000461578
9 0.570801 0.53125 0.452148 0.527344 0.000462294
11 0.415039 0.156738 0.0917969 0.0478516 0.000473022
2 0.351562 0.297363 0.0859375 0.149414 0.000478745
5 0.815918 0.495605 0.166992 0.256836 0.000483751
13 0.708496 0.249023 0.0634766 0.103516 0.000491619
10 0.979004 0.953125 0.0419922 0.09375 0.000511646
11 0.687012 0.150879 0.0673828 0.0166016 0.000517845
11 0.46875 0.194824 0.0917969 0.116211 0.000518799
13 0.371094 0.27002 0.09375 0.12793 0.000535965
10 0.0576172 0.751953 0.0351562 0.0566406 0.000543118
7 0.3125 0.580078 0.0351562 0.0273438 0.000555038
6 0.628418 0.347168 0.124023 0.151367 0.000557899
4 0.628418 0.347168 0.124023 0.151367 0.000557899
11 0.765137 0.170898 0.0986328 0.0566406 0.000572205
9 0.365723 0.583984 0.0361328 0.0351562 0.000580311
11 0.0141602 0.45459 0.0283203 0.0400391 0.000588417
9 0.205566 0.680664 0.110352 0.046875 0.000589371
7 0.978516 0.97168 0.0429688 0.0546875 0.000589848
13 0.193848 0.668945 0.0341797 0.0253906 0.000590324
9 0.838867 0.991699 0.0371094 0.0166016 0.000591278
10 0.567383 0.37207 0.255859 0.212891 0.000608921
5 0.821289 0.609863 0.146484 0.272461 0.000613213
9 0.756836 0.499023 0.322266 0.65625 0.00062418
0 0.587891 0.318848 0.210938 0.12207 0.000628471
7 0.643555 0.446777 0.103516 0.100586 0.000630856
13 0.311035 0.580078 0.0322266 0.0253906 0.000657082
9 0.231934 0.705566 0.194336 0.0791016 0.000664234
0 0.637207 0.433594 0.12793 0.207031 0.000677109
2 0.097168 0.489746 0.0341797 0.0322266 0.000687599
11 0.415527 0.147461 0.149414 0.0605469 0.000689983
7 0.628418 0.347168 0.124023 0.151367 0.000697136
11 0.396973 0.193848 0.194336 0.129883 0.000703812
13 0.335449 0.578613 0.0849609 0.0966797 0.000714302
8 0.310547 0.367676 0.0214844 0.0166016 0.000715733
9 0.637207 0.433594 0.12793 0.207031 0.000721455
9 0.347168 0.281738 0.0595703 0.118164 0.00073576
7 0.580078 0.691406 0.484375 0.167969 0.00073719
13 0.365723 0.583984 0.0361328 0.0351562 0.000751019
0 0.675293 0.429199 0.229492 0.354492 0.0007658
2 0.365723 0.583984 0.0361328 0.0351562 0.000773907
12 0.628418 0.352051 0.12207 0.161133 0.000774384
7 0.365723 0.583984 0.0361328 0.0351562 0.000775337
6 0.581543 0.691895 0.483398 0.165039 0.000785351
2 0.311035 0.580078 0.0322266 0.0253906 0.000786304
13 0.604492 0.360352 0.1875 0.189453 0.000788212
11 0.580078 0.691406 0.484375 0.167969 0.000790596
13 0.356445 0.584961 0.0605469 0.0488281 0.000792503
8 0.356934 0.57959 0.0576172 0.0498047 0.000804901
1 0.628418 0.347168 0.124023 0.151367 0.000818253
1 0.581543 0.691895 0.483398 0.165039 0.000823021
9 0.311035 0.580078 0.0322266 0.0253906 0.00083828
8 0.581543 0.691895 0.483398 0.165039 0.000855446
5 0.624023 0.359375 0.132812 0.177734 0.00086832
4 0.580078 0.691406 0.484375 0.167969 0.000895023
9 0.273438 0.463867 0.261719 0.484375 0.000897884
8 0.284668 0.641602 0.0283203 0.0292969 0.000916958
11 0.624512 0.358887 0.131836 0.172852 0.000945568
11 0.0551758 0.755859 0.0302734 0.0527344 0.000952244
11 0.97998 0.961426 0.0400391 0.0751953 0.000953197
2 0.581543 0.691895 0.483398 0.165039 0.000961304
12 0.581543 0.691895 0.483398 0.165039 0.000976562
9 0.45166 0.792969 0.178711 0.324219 0.00100613
8 0.202148 0.665039 0.0195312 0.0175781 0.00101185
13 0.317383 0.299805 0.0996094 0.142578 0.00101948
13 0.580078 0.691406 0.484375 0.167969 0.00102997
11 0.46875 0.166504 0.078125 0.0517578 0.00104332
3 0.557617 0.379883 0.273438 0.224609 0.0010643
8 0.63916 0.450195 0.106445 0.101562 0.00110435
5 0.72998 0.535156 0.344727 0.617188 0.00110817
13 0.251953 0.57373 0.164062 0.219727 0.00115871
11 0.453125 0.142578 0.0878906 0.0273438 0.00121403
10 0.62793 0.353516 0.126953 0.164062 0.00125122
13 0.630371 0.338379 0.120117 0.131836 0.00131035
11 0.974609 0.984375 0.0488281 0.0292969 0.00133801
3 0.533691 0.630859 0.34668 0.287109 0.00137043
5 0.581543 0.691895 0.483398 0.165039 0.00138569
10 0.580078 0.691406 0.484375 0.167969 0.00148392
9 0.251953 0.57373 0.164062 0.219727 0.00152683
0 0.580078 0.691406 0.484375 0.167969 0.0015316
0 0.0966797 0.489746 0.0332031 0.0322266 0.00153923
9 0.490723 0.561523 0.129883 0.369141 0.00154495
11 0.442383 0.166016 0.119141 0.0742188 0.0016346
9 0.973145 0.980957 0.0517578 0.0380859 0.00164318
7 0.237305 0.577148 0.158203 0.207031 0.00178337
11 0.40332 0.145508 0.0742188 0.0195312 0.00186634
0 0.557617 0.485352 0.275391 0.519531 0.00190449
11 0.65332 0.163086 0.0800781 0.0390625 0.00193119
11 0.731934 0.161133 0.125977 0.0429688 0.0019722
8 0.329102 0.577148 0.0742188 0.0644531 0.00197601
13 0.340332 0.257812 0.0732422 0.119141 0.00198174
2 0.626465 0.340332 0.124023 0.135742 0.00208664
8 0.832031 0.991699 0.0292969 0.0166016 0.00209808
9 0.552734 0.410645 0.273438 0.288086 0.00213242
9 0.219238 0.696777 0.15918 0.0439453 0.00213623
8 0.632812 0.356934 0.125 0.170898 0.00214767
9 0.628418 0.347168 0.124023 0.151367 0.00221825
5 0.228516 0.602539 0.125 0.164062 0.00224686
8 0.0224609 0.328125 0.0351562 0.03125 0.0023365
6 0.251953 0.57373 0.164062 0.219727 0.00237274
0 0.644043 0.325195 0.0908203 0.103516 0.00261688
9 0.203613 0.732422 0.286133 0.115234 0.00265312
13 0.364746 0.306641 0.133789 0.171875 0.0030117
9 0.643555 0.446777 0.103516 0.100586 0.00301933
2 0.193848 0.668945 0.0341797 0.0253906 0.00313759
3 0.628418 0.352051 0.12207 0.161133 0.00327301
13 0.336914 0.242188 0.0429688 0.0722656 0.00349617
9 0.191895 0.66748 0.0380859 0.0244141 0.00364113
9 0.583496 0.684082 0.493164 0.19043 0.00431442
11 0.669922 0.154785 0.0839844 0.0244141 0.00484085
3 0.585938 0.74707 0.486328 0.183594 0.00548935
11 0.443359 0.152832 0.0996094 0.0341797 0.00593948
11 0.331055 0.163574 0.0839844 0.0517578 0.00596619
11 0.706543 0.152344 0.12793 0.0253906 0.00654984
8 0.193359 0.66748 0.0351562 0.0244141 0.00719452
9 0.0976562 0.489258 0.0332031 0.03125 0.00872803
9 0.459961 0.665527 0.208984 0.389648 0.00939941
11 0.370605 0.160156 0.151367 0.0605469 0.0105972
11 0.415039 0.144531 0.125 0.0273438 0.0108032
9 0.510254 0.524414 0.208008 0.566406 0.0127716
5 0.789062 0.553223 0.238281 0.40918 0.0128174
5 0.27832 0.476074 0.257812 0.448242 0.016861
8 0.366211 0.583496 0.0371094 0.0322266 0.0190887
5 0.256836 0.551758 0.177734 0.28125 0.0243835
13 0.344238 0.262207 0.0478516 0.0771484 0.0327148
13 0.350586 0.293945 0.0742188 0.134766 0.0368652
8 0.311035 0.580078 0.0322266 0.0253906 0.0380249
11 0.384277 0.149902 0.12207 0.0322266 0.0452271
0 0.57373 0.379883 0.245117 0.224609 0.130371
3 0.580566 0.68457 0.504883 0.152344 0.618652
0 0.625977 0.353027 0.128906 0.166992 0.62793
