0 0.558594 0.996094 0.046875 0.0078125 0.000100136
0 0.399902 0.996094 0.0595703 0.0078125 0.000101089
6 0.302246 0.387695 0.180664 0.21875 0.000102997
13 0.701172 0.317383 0.0507812 0.0234375 0.000105262
13 0.328613 0.209961 0.0888672 0.0761719 0.000106394
3 0.51123 0.448242 0.18457 0.201172 0.000106454
8 0.232422 0.259766 0.0136719 0.0136719 0.000106752
13 0.864746 0.101562 0.270508 0.197266 0.000107646
12 0.779785 0.268555 0.44043 0.537109 0.000107765
13 0.36377 0.238281 0.112305 0.0566406 0.000107944
5 0.280273 0.42041 0.138672 0.124023 0.000108123
13 0.744141 0.283203 0.0488281 0.0195312 0.000110447
9 0.552734 0.48584 0.287109 0.118164 0.000112295
9 0.499512 0.927734 0.100586 0.119141 0.000115514
9 0.500977 0.446777 0.154297 0.209961 0.000115693
9 0.0219727 0.822266 0.0419922 0.328125 0.000117064
11 0.424316 0.0986328 0.0576172 0.0214844 0.000117302
7 0.300781 0.478516 0.109375 0.0390625 0.00011766
7 0.884766 0.698242 0.230469 0.603516 0.000117838
10 0.0356445 0.947266 0.0712891 0.0996094 0.000118852
0 0.48584 0.996094 0.0498047 0.0078125 0.000120342
9 0.293945 0.553223 0.246094 0.12793 0.000121057
6 0.302734 0.466797 0.132812 0.0546875 0.000121593
4 0.620605 0.133301 0.0361328 0.0224609 0.000123501
13 0.270508 0.349609 0.0332031 0.0136719 0.000124097
5 0.782715 0.327148 0.43457 0.654297 0.000124335
13 0.69043 0.236816 0.0761719 0.0673828 0.000125408
0 0.515137 0.265137 0.114258 0.112305 0.0001266
0 0.529297 0.975098 0.046875 0.0400391 0.000127673
7 0.280273 0.42041 0.138672 0.125977 0.000129342
13 0.328125 0.304199 0.0527344 0.0439453 0.000129461
8 0.214355 0.739746 0.0146484 0.0166016 0.000130534
6 0.905273 0.703125 0.189453 0.546875 0.000132203
9 0.263672 0.450195 0.113281 0.0976562 0.000135303
13 0.320801 0.046875 0.22168 0.0820312 0.000136137
7 0.527344 0.964355 0.0507812 0.0537109 0.000138402
1 0.317871 0.445312 0.19043 0.103516 0.000142932
13 0.325684 0.233887 0.0537109 0.0361328 0.000143528
9 0.224609 0.321289 0.0234375 0.0351562 0.000145555
5 0.706055 0.370605 0.109375 0.192383 0.000149727
11 0.609375 0.113281 0.046875 0.0117188 0.000149965
3 0.77832 0.22998 0.443359 0.459961 0.000150323
9 0.782715 0.327148 0.43457 0.654297 0.000150442
7 0.370605 0.441895 0.106445 0.143555 0.000152707
8 0.224121 0.319824 0.0166016 0.0244141 0.000155807
6 0.708984 0.382812 0.128906 0.306641 0.000157475
8 0.371094 0.415527 0.015625 0.0146484 0.00016284
8 0.714844 0.504883 0.0175781 0.0175781 0.000163317
13 0.671387 0.266113 0.129883 0.137695 0.00016439
13 0.293945 0.28125 0.0976562 0.0683594 0.000166416
3 0.527832 0.966797 0.0439453 0.0507812 0.000167489
3 0.397461 0.954102 0.201172 0.0683594 0.000171065
7 0.708984 0.382812 0.128906 0.306641 0.000172019
9 0.820312 0.446777 0.0117188 0.0341797 0.000174999
11 0.437012 0.115234 0.0693359 0.046875 0.000175118
9 0.621582 0.131836 0.0595703 0.03125 0.000175357
8 0.315918 0.440918 0.19043 0.110352 0.000177979
13 0.666016 0.391602 0.0292969 0.0253906 0.000180006
9 0.0229492 0.642578 0.0439453 0.146484 0.000180244
5 0.899414 0.716309 0.201172 0.567383 0.000182271
1 0.62207 0.133301 0.046875 0.0224609 0.000183463
11 0.598633 0.137695 0.078125 0.0253906 0.000190854
10 0.317871 0.445312 0.19043 0.103516 0.000198722
11 0.333984 0.112305 0.0546875 0.0351562 0.00020206
4 0.358398 0.45752 0.109375 0.0751953 0.000206947
9 0.333984 0.473633 0.164062 0.0527344 0.000211239
13 0.434082 0.261719 0.0439453 0.0429688 0.00021553
8 0.287109 0.386719 0.0136719 0.0117188 0.000216722
3 0.185547 0.10791 0.371094 0.204102 0.000219703
0 0.579102 0.996094 0.0585938 0.0078125 0.000225186
7 0.279785 0.461914 0.12207 0.078125 0.000227213
0 0.507324 0.996094 0.0498047 0.0078125 0.000227451
5 0.310547 0.384766 0.195312 0.234375 0.000238895
8 0.311523 0.378418 0.0195312 0.0146484 0.000254631
11 0.389648 0.102051 0.0917969 0.0205078 0.000262737
13 0.382812 0.364258 0.0585938 0.0566406 0.000267982
9 0.716797 0.113281 0.0136719 0.0136719 0.000273228
13 0.399414 0.196777 0.0253906 0.0380859 0.000281811
8 0.527344 0.964355 0.0507812 0.0537109 0.000282764
7 0.621582 0.131836 0.0595703 0.03125 0.000289917
8 0.336914 0.314453 0.00976562 0.0078125 0.000290632
9 0.213379 0.797852 0.0166016 0.0253906 0.000291348
7 0.498535 0.927246 0.0986328 0.124023 0.000299931
9 0.708984 0.382812 0.128906 0.306641 0.000311136
9 0.306152 0.386719 0.180664 0.21875 0.000318527
13 0.623535 0.224121 0.0615234 0.0908203 0.000328541
8 0.377441 0.466797 0.0771484 0.0644531 0.000329256
8 0.387207 0.296875 0.0126953 0.00976562 0.000334501
9 0.918945 0.203125 0.0371094 0.0527344 0.000338554
8 0.297363 0.476562 0.0439453 0.0273438 0.000355005
8 0.38916 0.447754 0.0322266 0.0244141 0.000356674
7 0.234375 0.964355 0.117188 0.0576172 0.000377417
13 0.620605 0.134277 0.0400391 0.0224609 0.000385761
10 0.186035 0.546875 0.0263672 0.0371094 0.000392437
13 0.368652 0.458008 0.0927734 0.0820312 0.0004282
7 0.378906 0.472168 0.0742188 0.0556641 0.000431299
9 0.0717773 0.728027 0.118164 0.543945 0.000451565
11 0.352051 0.10498 0.0615234 0.0302734 0.00049305
8 0.22998 0.444824 0.0146484 0.0126953 0.000545025
10 0.884766 0.698242 0.230469 0.603516 0.000547409
4 0.317871 0.445312 0.19043 0.103516 0.000554085
5 0.675293 0.296387 0.139648 0.198242 0.000556946
6 0.358398 0.45752 0.109375 0.0751953 0.000576496
11 0.65625 0.135254 0.113281 0.0400391 0.000582218
8 0.341309 0.382324 0.0146484 0.0107422 0.000590324
11 0.579102 0.123535 0.0625 0.0361328 0.000602245
11 0.451172 0.10791 0.0429688 0.0322266 0.00060606
8 0.390137 0.322754 0.0146484 0.0126953 0.000619888
13 0.64502 0.241211 0.100586 0.111328 0.000626087
11 0.186035 0.546875 0.0263672 0.0371094 0.000687599
7 0.328125 0.478027 0.166016 0.0595703 0.000694752
7 0.302246 0.387695 0.180664 0.21875 0.000733376
9 0.527344 0.964355 0.0507812 0.0537109 0.000750065
8 0.600098 0.255371 0.0185547 0.0146484 0.000760078
0 0.534668 0.25293 0.0791016 0.0742188 0.000761509
9 0.369629 0.460938 0.0888672 0.0742188 0.000781059
13 0.317871 0.445312 0.19043 0.103516 0.000808716
8 0.225586 0.398926 0.00976562 0.0107422 0.000833988
9 0.217285 0.825684 0.0107422 0.0146484 0.00097847
11 0.626953 0.124023 0.0683594 0.0175781 0.00104332
9 0.0229492 0.696777 0.0458984 0.321289 0.00105381
9 0.621094 0.134277 0.0351562 0.0224609 0.00109768
9 0.214355 0.808105 0.0224609 0.0439453 0.0011692
9 0.234863 0.964355 0.118164 0.0576172 0.00119686
11 0.611816 0.116211 0.0830078 0.0214844 0.00129604
5 0.724609 0.42334 0.119141 0.21582 0.00144577
11 0.365723 0.102539 0.0634766 0.015625 0.00145149
9 0.216309 0.820801 0.0126953 0.0302734 0.00148582
9 0.214355 0.739746 0.0146484 0.0166016 0.00151443
7 0.620605 0.134766 0.0400391 0.0214844 0.00158596
11 0.591797 0.112793 0.046875 0.0126953 0.0017128
9 0.317871 0.445312 0.19043 0.103516 0.00177383
9 0.0400391 0.760742 0.078125 0.4375 0.00200653
11 0.437988 0.103027 0.0576172 0.0244141 0.00203896
5 0.317871 0.445312 0.19043 0.103516 0.00226402
9 0.486328 0.355957 0.107422 0.352539 0.0027523
13 0.31543 0.294922 0.0625 0.0488281 0.0032177
7 0.358398 0.45752 0.109375 0.0751953 0.00326729
6 0.317871 0.445312 0.19043 0.103516 0.00359344
5 0.696777 0.369141 0.15918 0.333984 0.00387192
11 0.630859 0.129883 0.0898438 0.0273438 0.00391388
11 0.60498 0.126465 0.0771484 0.0322266 0.00414658
3 0.552734 0.48584 0.287109 0.118164 0.00634003
8 0.621094 0.134277 0.0351562 0.0224609 0.00634766
11 0.344727 0.106445 0.0410156 0.0195312 0.0103302
7 0.317871 0.445312 0.19043 0.103516 0.0104599
11 0.62207 0.133301 0.046875 0.0224609 0.015976
