1 0.229492 0.0761719 0.458984 0.152344 0.000100374
12 0.792969 0.0854492 0.414062 0.170898 0.000101984
13 0.708984 0.362793 0.0371094 0.0400391 0.000104249
9 0.742676 0.391113 0.12207 0.0830078 0.000106275
13 0.617188 0.42627 0.09375 0.114258 0.000106514
9 0.654785 0.25293 0.0751953 0.109375 0.000106573
11 0.680176 0.15332 0.0732422 0.0195312 0.000107348
3 0.0556641 0.908691 0.111328 0.182617 0.000107467
8 0.57666 0.291016 0.0185547 0.0234375 0.000109613
9 0.54541 0.311523 0.0849609 0.0898438 0.00011003
9 0.738281 0.361816 0.160156 0.15332 0.000111103
9 0.84375 0.954102 0.0175781 0.0234375 0.000114143
13 0.0732422 0.185547 0.146484 0.371094 0.000114739
2 0.59668 0.539062 0.015625 0.00976562 0.000115812
13 0.792969 0.0854492 0.414062 0.170898 0.000116289
13 0.736816 0.280273 0.0576172 0.0488281 0.000119627
3 0.422363 0.983398 0.37793 0.03125 0.000121355
11 0.394531 0.191406 0.0917969 0.0898438 0.000124693
8 0.36377 0.370117 0.0341797 0.0332031 0.000129461
6 0.776367 0.40625 0.0625 0.0371094 0.000130415
6 0.792969 0.0854492 0.414062 0.170898 0.000131488
9 0.36084 0.245117 0.0673828 0.115234 0.000131488
13 0.793457 0.396973 0.0732422 0.0400391 0.000132561
8 0.251953 0.181152 0.142578 0.0830078 0.000134587
11 0.98584 0.166504 0.0283203 0.0751953 0.000134706
8 0.669922 0.388184 0.0273438 0.0205078 0.000138402
9 0.769531 0.401367 0.0859375 0.0625 0.000139713
13 0.185547 0.325684 0.078125 0.0224609 0.000140667
12 0.249512 0.444336 0.362305 0.617188 0.000140905
12 0.730469 0.50293 0.300781 0.560547 0.000143886
10 0.870605 0.809082 0.0380859 0.0732422 0.000149012
13 0.824219 0.427246 0.0351562 0.0146484 0.00014925
13 0.789551 0.320312 0.0322266 0.0234375 0.000151515
13 0.386719 0.236328 0.0878906 0.123047 0.000153184
13 0.63916 0.480957 0.0458984 0.0517578 0.000155449
13 0.705566 0.365723 0.198242 0.141602 0.00015974
9 0.48291 0.625977 0.223633 0.408203 0.000160575
11 0.407227 0.209961 0.0644531 0.0683594 0.000161648
13 0.746582 0.388184 0.12207 0.0927734 0.000161767
11 0.705566 0.163574 0.0517578 0.0283203 0.000163317
11 0.229492 0.0761719 0.458984 0.152344 0.000165701
9 0.730469 0.50293 0.300781 0.560547 0.000165701
13 0.353516 0.46875 0.09375 0.119141 0.000169992
9 0.668457 0.277344 0.125977 0.167969 0.00017035
2 0.792969 0.0854492 0.414062 0.170898 0.000171304
5 0.236816 0.464355 0.348633 0.538086 0.000172973
9 0.254395 0.459473 0.348633 0.541992 0.00017643
11 0.980469 0.192383 0.0390625 0.0488281 0.000179768
13 0.817871 0.427246 0.0517578 0.0224609 0.000183582
1 0.792969 0.0854492 0.414062 0.170898 0.000185013
8 0.792969 0.0854492 0.414062 0.170898 0.000186324
8 0.680664 0.666504 0.0351562 0.0322266 0.000186443
11 0.196777 0.162109 0.0439453 0.0292969 0.000189662
1 0.224609 0.192871 0.0917969 0.0712891 0.000192523
4 0.792969 0.0854492 0.414062 0.170898 0.000194311
10 0.21875 0.197266 0.0859375 0.0722656 0.000195622
11 0.870605 0.809082 0.0380859 0.0732422 0.000196338
11 0.321777 0.148926 0.0615234 0.0166016 0.000196695
8 0.599121 0.536133 0.0224609 0.0117188 0.00019753
13 0.661621 0.29541 0.0791016 0.0712891 0.000205398
7 0.770996 0.407227 0.0693359 0.0390625 0.000206232
13 0.700195 0.275391 0.0761719 0.0625 0.000208259
11 0.404785 0.208984 0.0400391 0.0292969 0.000210643
13 0.799805 0.414062 0.103516 0.046875 0.000225186
13 0.687988 0.251953 0.112305 0.101562 0.000230432
11 0.241211 0.182617 0.0527344 0.0449219 0.000239134
11 0.792969 0.0854492 0.414062 0.170898 0.000244856
13 0.357422 0.219238 0.0429688 0.120117 0.00024724
11 0.374023 0.145996 0.121094 0.0244141 0.000247478
9 0.777832 0.403809 0.0595703 0.0361328 0.000247717
7 0.250977 0.180176 0.132812 0.0791016 0.000249863
0 0.0585938 0.910156 0.117188 0.179688 0.000265837
11 0.358887 0.160156 0.174805 0.0429688 0.000279903
9 0.250977 0.178711 0.154297 0.0839844 0.000283003
13 0.67334 0.336914 0.118164 0.119141 0.000291824
13 0.761719 0.413086 0.0625 0.0390625 0.0003016
3 0.792969 0.0854492 0.414062 0.170898 0.000306368
13 0.647461 0.338867 0.126953 0.185547 0.000311136
11 0.312988 0.169922 0.188477 0.0664062 0.000313997
11 0.416504 0.15918 0.0615234 0.0332031 0.000318527
11 0.276367 0.185059 0.191406 0.129883 0.00033474
13 0.147461 0.0844727 0.287109 0.15918 0.000346184
11 0.669922 0.168457 0.15625 0.0498047 0.000350952
9 0.623535 0.707031 0.137695 0.0332031 0.000371933
3 0.250977 0.178711 0.154297 0.0839844 0.000371933
13 0.371582 0.291016 0.0751953 0.121094 0.000384808
9 0.57666 0.291016 0.0185547 0.0234375 0.000398397
2 0.252441 0.180176 0.133789 0.0830078 0.000408173
0 0.54541 0.311035 0.0849609 0.0830078 0.000427723
10 0.0668945 0.776855 0.0322266 0.0419922 0.000432491
11 0.228027 0.191895 0.0517578 0.0458984 0.000455141
11 0.638184 0.15332 0.104492 0.0195312 0.000468254
11 0.601074 0.159668 0.0595703 0.0244141 0.000473499
11 0.405762 0.17041 0.0830078 0.0556641 0.000476599
11 0.0668945 0.776855 0.0322266 0.0419922 0.000476837
13 0.251953 0.181152 0.142578 0.0830078 0.000505924
13 0.68457 0.300293 0.173828 0.182617 0.000536919
12 0.250977 0.178711 0.154297 0.0839844 0.000551701
9 0.0947266 0.959961 0.0195312 0.0253906 0.000555515
0 0.251953 0.181152 0.142578 0.0830078 0.000607014
13 0.362305 0.25293 0.142578 0.171875 0.00061655
13 0.651367 0.306641 0.046875 0.0566406 0.000624657
11 0.34668 0.145508 0.09375 0.015625 0.000630856
13 0.328125 0.603516 0.0566406 0.125 0.000650883
10 0.252441 0.180176 0.133789 0.0830078 0.000710964
11 0.741699 0.181641 0.104492 0.0703125 0.000768185
13 0.650391 0.241211 0.0664062 0.0917969 0.000774384
11 0.397949 0.152344 0.0849609 0.0273438 0.00086689
2 0.57666 0.291016 0.0185547 0.0234375 0.00102139
8 0.59668 0.539062 0.015625 0.00976562 0.00104713
9 0.487305 0.48877 0.140625 0.506836 0.00105572
1 0.253418 0.179199 0.151367 0.0849609 0.00109577
13 0.333984 0.620117 0.03125 0.09375 0.00124168
11 0.310547 0.157227 0.105469 0.0449219 0.00147057
11 0.283691 0.158203 0.0634766 0.0332031 0.0015316
10 0.873535 0.804199 0.0283203 0.0400391 0.00218582
11 0.205078 0.207031 0.0644531 0.0527344 0.00254631
13 0.65918 0.272949 0.0878906 0.145508 0.00268173
13 0.769531 0.401367 0.0859375 0.0625 0.00270271
11 0.873535 0.804199 0.0283203 0.0400391 0.00282288
13 0.649902 0.319824 0.0654297 0.0947266 0.00325775
13 0.36084 0.245117 0.0673828 0.115234 0.00405502
11 0.669922 0.158203 0.119141 0.0273438 0.00411606
11 0.723633 0.172852 0.0683594 0.0449219 0.00434875
11 0.341309 0.150391 0.135742 0.0253906 0.00965881
11 0.274902 0.165527 0.0947266 0.0537109 0.00999451
11 0.704102 0.164551 0.0878906 0.0380859 0.0121765
13 0.776855 0.403809 0.0556641 0.0322266 0.0170898
11 0.302734 0.15332 0.0703125 0.0273438 0.0276794
11 0.222656 0.195312 0.0859375 0.0683594 0.0336914
11 0.250977 0.180176 0.132812 0.0791016 0.0836182
