13 0.265625 0.261719 0.0507812 0.0488281 0.000100255
5 0.256348 0.398926 0.291992 0.34082 0.000100374
5 0.226074 0.802246 0.327148 0.166992 0.00010258
9 0.979004 0.608398 0.0380859 0.542969 0.000103951
7 0.274414 0.169434 0.0878906 0.0732422 0.000104606
0 0.594238 0.322266 0.0634766 0.0722656 0.000105143
13 0.407227 0.184082 0.078125 0.112305 0.000106096
13 0.766602 0.77832 0.0625 0.0800781 0.000106215
7 0.745605 0.493652 0.40332 0.790039 0.000107467
13 0.344238 0.446777 0.0595703 0.0419922 0.000108719
9 0.466797 0.829102 0.21875 0.300781 0.000108719
13 0.616211 0.582031 0.0742188 0.0175781 0.000109375
9 0.275879 0.71582 0.250977 0.115234 0.000109553
13 0.403809 0.173828 0.0556641 0.0703125 0.00011003
3 0.404297 0.734375 0.486328 0.275391 0.000110269
11 0.583008 0.15332 0.0878906 0.0820312 0.00011152
9 0.867676 0.818848 0.170898 0.131836 0.000111759
10 0.235352 0.837891 0.34375 0.195312 0.000113249
11 0.625977 0.125488 0.0703125 0.0185547 0.000114679
9 0.349121 0.768066 0.182617 0.0595703 0.000114918
2 0.616699 0.361816 0.0185547 0.0205078 0.000115812
5 0.702637 0.3125 0.311523 0.392578 0.000115991
9 0.807617 0.462891 0.384766 0.830078 0.000117064
13 0.573242 0.334961 0.103516 0.0957031 0.000118136
3 0.0595703 0.936523 0.119141 0.126953 0.000118256
1 0.274414 0.169434 0.0878906 0.0732422 0.000118434
5 0.266113 0.56543 0.364258 0.328125 0.000119686
12 0.510254 0.510742 0.217773 0.607422 0.000121772
13 0.342773 0.59082 0.269531 0.488281 0.000121891
10 0.92627 0.883301 0.147461 0.233398 0.000122428
2 0.420898 0.604004 0.0703125 0.0791016 0.000122428
5 0.573242 0.334961 0.103516 0.0957031 0.000122905
8 0.270996 0.708008 0.0732422 0.0546875 0.00012362
9 0.0644531 0.914551 0.128906 0.170898 0.000125408
13 0.764648 0.782227 0.173828 0.101562 0.000128031
13 0.271973 0.259277 0.0302734 0.0322266 0.000128508
2 0.410645 0.598633 0.0341797 0.03125 0.000129223
13 0.745605 0.493652 0.40332 0.790039 0.00012958
11 0.416504 0.148438 0.0693359 0.0527344 0.000130773
8 0.575195 0.333008 0.0976562 0.0898438 0.000131369
3 0.178711 0.510254 0.357422 0.797852 0.000132203
11 0.251953 0.506348 0.443359 0.727539 0.000134349
9 0.395508 0.655762 0.259766 0.366211 0.000137091
11 0.364746 0.131348 0.129883 0.0283203 0.00013864
11 0.626465 0.118164 0.118164 0.0234375 0.000138879
9 0.677734 0.79834 0.433594 0.0888672 0.000140548
9 0.42041 0.603027 0.0810547 0.0791016 0.000140667
0 0.065918 0.936035 0.131836 0.12793 0.000141144
9 0.744629 0.865234 0.389648 0.185547 0.000142455
5 0.794434 0.776367 0.301758 0.167969 0.000143886
10 0.745605 0.493652 0.40332 0.790039 0.000144362
13 0.0200195 0.317871 0.0380859 0.157227 0.000145912
9 0.98584 0.609863 0.0263672 0.182617 0.000147104
10 0.274414 0.169434 0.0878906 0.0732422 0.000148296
11 0.57373 0.144531 0.0556641 0.0429688 0.000151873
5 0.643555 0.700684 0.490234 0.319336 0.000158429
13 0.617188 0.671387 0.0820312 0.0361328 0.000161767
4 0.254395 0.595703 0.44043 0.669922 0.000162721
11 0.572754 0.334961 0.106445 0.0957031 0.000164747
0 0.422852 0.601562 0.0527344 0.0410156 0.000170231
13 0.37793 0.194336 0.101562 0.130859 0.000172496
2 0.273926 0.718262 0.151367 0.0966797 0.000172973
10 0.82373 0.881348 0.352539 0.227539 0.00017345
9 0.254395 0.759766 0.428711 0.158203 0.000176191
9 0.354492 0.507812 0.240234 0.669922 0.000178099
9 0.262695 0.708984 0.0253906 0.0214844 0.000180364
1 0.251953 0.506348 0.443359 0.727539 0.000182748
11 0.271484 0.165039 0.107422 0.138672 0.000184536
5 0.52002 0.546387 0.231445 0.598633 0.000186563
3 0.235352 0.713379 0.367188 0.334961 0.000194788
9 0.0224609 0.274902 0.0449219 0.266602 0.000197053
5 0.348145 0.460938 0.288086 0.71875 0.000200748
2 0.276367 0.705566 0.267578 0.192383 0.000206113
11 0.0888672 0.853027 0.0800781 0.0791016 0.000207186
7 0.433105 0.268555 0.0810547 0.220703 0.000211358
13 0.41748 0.244141 0.0908203 0.222656 0.000211716
11 0.591797 0.13623 0.0859375 0.0400391 0.000215411
3 0.509766 0.541016 0.21875 0.605469 0.000222087
2 0.257812 0.708496 0.0917969 0.0517578 0.000222445
0 0.57959 0.379883 0.118164 0.222656 0.00022316
8 0.70459 0.533691 0.0185547 0.0166016 0.000223994
8 0.254395 0.595703 0.44043 0.669922 0.000224948
9 0.343262 0.788086 0.459961 0.273438 0.00022614
13 0.400879 0.324707 0.0751953 0.174805 0.000255346
0 0.254395 0.595703 0.44043 0.669922 0.000262737
2 0.254395 0.595703 0.44043 0.669922 0.000263691
8 0.339844 0.450195 0.0585938 0.0410156 0.000266075
9 0.226074 0.370605 0.452148 0.59668 0.000272751
9 0.775391 0.740723 0.34375 0.256836 0.000276566
9 0.13623 0.800293 0.15918 0.172852 0.000279903
2 0.267578 0.713379 0.046875 0.0439453 0.000280142
12 0.80957 0.439941 0.380859 0.87793 0.000284433
13 0.394043 0.283691 0.0439453 0.157227 0.000293255
2 0.583984 0.331055 0.0839844 0.0878906 0.000298262
9 0.575195 0.333984 0.101562 0.0957031 0.00031662
9 0.418457 0.238281 0.104492 0.203125 0.000319242
11 0.644043 0.120117 0.0732422 0.015625 0.00032568
12 0.745605 0.551758 0.395508 0.699219 0.000335217
6 0.745605 0.493652 0.40332 0.790039 0.000337839
8 0.671875 0.665527 0.0273438 0.0283203 0.000339985
3 0.643555 0.700684 0.490234 0.319336 0.000351667
11 0.710938 0.141113 0.0898438 0.0654297 0.000370026
11 0.251953 0.185547 0.0722656 0.0605469 0.00037837
9 0.527832 0.344238 0.204102 0.145508 0.000391245
3 0.576172 0.333984 0.101562 0.09375 0.00039649
8 0.744141 0.237793 0.0136719 0.0107422 0.000405312
13 0.382324 0.181641 0.0673828 0.0859375 0.000411034
9 0.538574 0.643066 0.331055 0.459961 0.000413418
3 0.832031 0.510254 0.335938 0.807617 0.00041461
7 0.251953 0.506348 0.443359 0.727539 0.000423193
11 0.6875 0.123535 0.0664062 0.0341797 0.000430107
9 0.285156 0.867676 0.419922 0.219727 0.000456095
10 0.251953 0.506348 0.443359 0.727539 0.000457287
11 0.662598 0.120117 0.0869141 0.0234375 0.000464916
11 0.975586 0.0712891 0.0488281 0.0546875 0.000483274
5 0.783203 0.666992 0.324219 0.412109 0.000487804
3 0.745605 0.493652 0.40332 0.790039 0.000495911
8 0.422852 0.598633 0.0507812 0.0390625 0.000497818
9 0.491211 0.733887 0.222656 0.31543 0.000499249
2 0.262695 0.708984 0.0253906 0.0214844 0.00050211
13 0.418945 0.600098 0.0527344 0.0439453 0.000502586
13 0.254395 0.595703 0.44043 0.669922 0.000629902
9 0.235352 0.713379 0.367188 0.334961 0.000649929
0 0.51123 0.398438 0.237305 0.355469 0.000664234
11 0.378906 0.144043 0.123047 0.0400391 0.000680923
11 0.685059 0.132324 0.104492 0.0458984 0.000750542
13 0.386719 0.272949 0.0722656 0.22168 0.000761032
11 0.351074 0.137207 0.0751953 0.0185547 0.000775337
11 0.604492 0.125488 0.0996094 0.0322266 0.000868797
8 0.635254 0.447754 0.0283203 0.0263672 0.000913143
9 0.77832 0.818848 0.332031 0.116211 0.000974655
9 0.745605 0.493652 0.40332 0.790039 0.00102997
12 0.251953 0.506348 0.443359 0.727539 0.00103664
5 0.226074 0.370605 0.452148 0.59668 0.00109863
10 0.0825195 0.861328 0.0517578 0.0625 0.00118256
8 0.263184 0.70752 0.0185547 0.0146484 0.00126457
11 0.316406 0.145508 0.0996094 0.0429688 0.00128555
11 0.314453 0.160156 0.15625 0.0742188 0.00129795
6 0.254395 0.595703 0.44043 0.669922 0.00143719
9 0.422852 0.601562 0.0527344 0.0410156 0.00162315
11 0.0844727 0.862793 0.0458984 0.0517578 0.00177574
3 0.254395 0.595703 0.44043 0.669922 0.00185871
5 0.235352 0.713379 0.367188 0.334961 0.00203896
9 0.254395 0.595703 0.44043 0.669922 0.00241089
11 0.647461 0.126465 0.142578 0.0263672 0.00311279
11 0.291992 0.155762 0.0839844 0.0556641 0.00325012
2 0.422852 0.601562 0.0527344 0.0410156 0.00329018
9 0.237305 0.809082 0.345703 0.147461 0.00352287
0 0.527832 0.344238 0.204102 0.145508 0.00513077
11 0.347656 0.139648 0.128906 0.0273438 0.00860596
9 0.509766 0.540527 0.191406 0.606445 0.0108032
11 0.274414 0.169434 0.0878906 0.0732422 0.0181122
5 0.745605 0.493652 0.40332 0.790039 0.020752
5 0.254395 0.595703 0.44043 0.669922 0.0656128
0 0.573242 0.334961 0.103516 0.0957031 0.106567
