8 0.680664 0.590332 0.0351562 0.0341797 0.000101149
8 0.663086 0.450195 0.115234 0.0683594 0.000101209
9 0.513672 0.214844 0.236328 0.429688 0.000101745
2 0.681152 0.470215 0.118164 0.209961 0.000105143
3 0.20459 0.167969 0.40918 0.222656 0.000105381
8 0.679199 0.575195 0.0302734 0.03125 0.000106215
9 0.464355 0.399902 0.125977 0.24707 0.000106275
8 0.69043 0.275879 0.0351562 0.0341797 0.000109017
13 0.39502 0.530762 0.106445 0.0595703 0.000110626
7 0.703125 0.262695 0.0761719 0.0878906 0.000110686
9 0.200684 0.872559 0.186523 0.145508 0.000111759
9 0.408203 0.0629883 0.226562 0.125977 0.000112176
10 0.113281 0.858887 0.0566406 0.0673828 0.000112832
8 0.678711 0.460449 0.0175781 0.0126953 0.000112891
3 0.653809 0.93457 0.65918 0.119141 0.000113964
9 0.462402 0.413086 0.0302734 0.0332031 0.000114441
7 0.807617 0.710449 0.0371094 0.0302734 0.000114739
11 0.133301 0.82666 0.0576172 0.0634766 0.000119686
11 0.814453 0.713379 0.0820312 0.0830078 0.000120223
11 0.146973 0.878906 0.0830078 0.0976562 0.000121295
9 0.297363 0.413086 0.342773 0.412109 0.000121713
9 0.741699 0.322266 0.301758 0.257812 0.00012207
12 0.297363 0.413086 0.342773 0.412109 0.000123739
11 0.620117 0.199707 0.0839844 0.0478516 0.000124097
8 0.476074 0.354492 0.0302734 0.0332031 0.000125766
10 0.133301 0.82666 0.0576172 0.0634766 0.000126362
9 0.791504 0.766113 0.342773 0.114258 0.000126958
11 0.333496 0.253418 0.258789 0.147461 0.000127554
9 0.501953 0.0522461 0.195312 0.104492 0.000127792
8 0.314453 0.61084 0.0234375 0.0185547 0.000129938
4 0.152832 0.113281 0.305664 0.226562 0.00013113
3 0.65918 0.981445 0.421875 0.0351562 0.000132203
8 0.626465 0.565918 0.0341797 0.0283203 0.000132442
2 0.00830078 0.206543 0.0166016 0.0283203 0.000133872
9 0.34082 0.209961 0.185547 0.0800781 0.000134587
8 0.152832 0.113281 0.305664 0.226562 0.000135183
1 0.152832 0.113281 0.305664 0.226562 0.000135422
0 0.591797 0.399902 0.164062 0.186523 0.000136018
9 0.671387 0.316406 0.182617 0.208984 0.000136733
9 0.493652 0.380859 0.100586 0.109375 0.00014174
9 0.64502 0.450684 0.0751953 0.0419922 0.000142336
0 0.51416 0.430664 0.186523 0.357422 0.000142455
13 0.328125 0.380859 0.0664062 0.0585938 0.000142813
2 0.123535 0.844727 0.0458984 0.0703125 0.000143409
11 0.419434 0.686035 0.0517578 0.0439453 0.000143409
2 0.152832 0.113281 0.305664 0.226562 0.000145197
0 0.652832 0.431152 0.163086 0.237305 0.000146031
9 0.507324 0.472168 0.135742 0.268555 0.00014627
0 0.404297 0.0498047 0.212891 0.0996094 0.000151157
8 0.665039 0.493652 0.0292969 0.0185547 0.000152588
13 0.123047 0.842285 0.0429688 0.0556641 0.000153184
11 0.152832 0.113281 0.305664 0.226562 0.000155926
13 0.810547 0.712402 0.0390625 0.0341797 0.000157475
9 0.858398 0.756836 0.144531 0.107422 0.000166655
0 0.0957031 0.204102 0.191406 0.408203 0.000166774
10 0.159668 0.866699 0.125977 0.143555 0.000170469
13 0.0957031 0.204102 0.191406 0.408203 0.000171185
9 0.335449 0.83252 0.446289 0.262695 0.000173092
13 0.680664 0.659668 0.0410156 0.108398 0.000179768
3 0.614258 0.70166 0.400391 0.116211 0.000184894
9 0.675293 0.423828 0.0185547 0.015625 0.000185013
9 0.59668 0.634766 0.386719 0.1875 0.000185847
11 0.828613 0.725586 0.0595703 0.0488281 0.000193357
11 0.150879 0.836426 0.116211 0.139648 0.000194907
9 0.393555 0.700195 0.103516 0.0722656 0.000195622
2 0.807617 0.710938 0.0371094 0.0351562 0.000198722
3 0.124023 0.842285 0.0449219 0.0576172 0.000202298
0 0.560547 0.371582 0.126953 0.114258 0.000204444
1 0.124023 0.842285 0.046875 0.0595703 0.000206709
2 0.836914 0.742676 0.0722656 0.0732422 0.00020802
6 0.152832 0.113281 0.305664 0.226562 0.000208974
8 0.640625 0.454102 0.0664062 0.0371094 0.000209928
9 0.70166 0.266602 0.0849609 0.0800781 0.000212669
2 0.663086 0.495117 0.0351562 0.0253906 0.000216484
2 0.417969 0.687988 0.0585938 0.0693359 0.000217438
12 0.757324 0.310059 0.342773 0.250977 0.000228643
9 0.473633 0.355469 0.0292969 0.0351562 0.000233173
13 0.685059 0.599609 0.0791016 0.251953 0.000236869
8 0.637207 0.560059 0.0517578 0.0400391 0.000239253
11 0.796387 0.702148 0.0732422 0.0566406 0.000240326
7 0.704102 0.277832 0.0585938 0.0498047 0.000244141
13 0.155273 0.496582 0.0488281 0.0224609 0.000244856
9 0.75293 0.72998 0.322266 0.0673828 0.000245333
13 0.144043 0.177246 0.288086 0.354492 0.00025773
2 0.463379 0.392578 0.0380859 0.078125 0.000262499
9 0.818848 0.718262 0.0966797 0.0732422 0.000265121
9 0.464355 0.383789 0.0537109 0.0957031 0.000267744
5 0.273438 0.55127 0.380859 0.676758 0.000273943
7 0.124023 0.842285 0.0449219 0.0595703 0.000275612
10 0.956543 0.808105 0.0478516 0.0830078 0.000276566
11 0.429688 0.209473 0.0683594 0.0439453 0.000286102
13 0.82666 0.722168 0.0556641 0.0537109 0.000287056
11 0.342773 0.201172 0.0761719 0.0234375 0.000288248
9 0.123535 0.844727 0.0458984 0.0703125 0.000293732
2 0.461426 0.412109 0.0302734 0.03125 0.000297785
2 0.645996 0.452637 0.0791016 0.0458984 0.000299215
11 0.830566 0.73877 0.0830078 0.0771484 0.000300646
13 0.80127 0.689941 0.0869141 0.0908203 0.000311852
8 0.419922 0.686035 0.0488281 0.0439453 0.000314236
2 0.818359 0.718262 0.0527344 0.0517578 0.000330925
13 0.691406 0.425293 0.0898438 0.131836 0.000334024
11 0.650879 0.222656 0.0673828 0.0214844 0.000344276
11 0.700195 0.19873 0.203125 0.0830078 0.000353336
9 0.204102 0.81543 0.191406 0.144531 0.000353575
10 0.119141 0.827637 0.0566406 0.110352 0.000355244
8 0.739258 0.665039 0.0332031 0.0273438 0.000358105
13 0.830566 0.738281 0.0791016 0.0761719 0.000392199
0 0.123047 0.844727 0.0449219 0.0683594 0.000394106
9 0.67041 0.436523 0.149414 0.248047 0.000400543
13 0.394531 0.699707 0.103516 0.0654297 0.000405788
11 0.273926 0.22998 0.0673828 0.0556641 0.000409365
8 0.691406 0.425293 0.0898438 0.131836 0.000444889
11 0.682617 0.172363 0.0976562 0.0205078 0.000449896
11 0.956543 0.808105 0.0478516 0.0830078 0.00046277
2 0.664062 0.449219 0.115234 0.0761719 0.000465155
9 0.70459 0.276855 0.0556641 0.0458984 0.000475407
12 0.297363 0.763184 0.37793 0.225586 0.000478268
11 0.700684 0.187012 0.139648 0.0478516 0.000522137
11 0.376465 0.196777 0.0693359 0.0205078 0.000524998
9 0.840332 0.748535 0.0732422 0.0751953 0.000526905
11 0.119141 0.827637 0.0566406 0.110352 0.000534058
11 0.349609 0.191406 0.123047 0.0253906 0.000576019
9 0.820312 0.717773 0.0566406 0.0527344 0.000595093
9 0.694336 0.423828 0.0859375 0.128906 0.000632763
9 0.523438 0.642578 0.224609 0.3125 0.000657558
9 0.777832 0.453613 0.383789 0.530273 0.000668049
2 0.474609 0.355957 0.0292969 0.0341797 0.000668526
9 0.269531 0.591309 0.390625 0.682617 0.000676155
9 0.810547 0.710449 0.0390625 0.0322266 0.000687122
9 0.51709 0.389648 0.161133 0.189453 0.000732422
9 0.419434 0.686035 0.0517578 0.0439453 0.000753403
11 0.390137 0.189941 0.110352 0.0244141 0.000754833
2 0.674805 0.425293 0.0175781 0.0146484 0.000771523
11 0.640137 0.186035 0.0927734 0.0400391 0.000844955
8 0.0209961 0.413574 0.0400391 0.0498047 0.000874043
0 0.519043 0.367676 0.163086 0.155273 0.000966072
11 0.768555 0.20166 0.0742188 0.0537109 0.00105858
2 0.691406 0.425293 0.0898438 0.131836 0.00107288
8 0.70459 0.276855 0.0556641 0.0478516 0.00113583
10 0.808594 0.710449 0.0351562 0.0322266 0.00145912
10 0.132812 0.858887 0.0605469 0.0771484 0.00156498
12 0.269531 0.591309 0.390625 0.682617 0.00157356
13 0.417969 0.686035 0.0488281 0.0439453 0.00162792
11 0.34082 0.209961 0.185547 0.0800781 0.00163174
9 0.269531 0.784668 0.314453 0.15918 0.00181866
11 0.70752 0.177246 0.0869141 0.0263672 0.00191689
12 0.777832 0.453613 0.383789 0.530273 0.00193119
8 0.673828 0.598633 0.0234375 0.0214844 0.00204849
11 0.401855 0.202637 0.118164 0.0419922 0.00208282
11 0.815918 0.713867 0.0517578 0.0507812 0.00214386
11 0.132812 0.858887 0.0605469 0.0771484 0.00240326
2 0.42334 0.685547 0.0400391 0.0351562 0.00242615
3 0.604492 0.651855 0.416016 0.149414 0.00390053
8 0.675293 0.423828 0.0185547 0.015625 0.00403595
11 0.744141 0.192383 0.109375 0.0546875 0.00432968
11 0.672852 0.182129 0.121094 0.0302734 0.00491333
11 0.286621 0.215332 0.0791016 0.0615234 0.00550461
11 0.345215 0.20459 0.147461 0.0400391 0.0103149
9 0.512695 0.510742 0.171875 0.474609 0.011673
11 0.375488 0.197266 0.124023 0.0273438 0.0135956
11 0.807617 0.710449 0.0371094 0.0322266 0.0397644
10 0.124023 0.842285 0.0449219 0.0595703 0.046875
11 0.124023 0.842285 0.0449219 0.0595703 0.0703735
