10 0.131836 0.820801 0.0410156 0.0732422 0.000100791
13 0.246094 0.244629 0.0820312 0.0283203 0.000101566
4 0.841309 0.0664062 0.317383 0.132812 0.000101626
9 0.0952148 0.477539 0.0263672 0.0292969 0.000101626
13 0.84375 0.059082 0.3125 0.108398 0.000103414
11 0.728027 0.129395 0.118164 0.116211 0.00010407
9 0.27832 0.126465 0.0507812 0.0380859 0.000104487
9 0.552734 0.989746 0.199219 0.0205078 0.000104904
2 0.569336 0.302734 0.0898438 0.09375 0.000105321
9 0.100098 0.489258 0.00878906 0.00976562 0.000106037
5 0.775879 0.475098 0.213867 0.415039 0.000108182
0 0.868164 0.839844 0.0371094 0.0488281 0.000109792
8 0.0551758 0.155273 0.110352 0.310547 0.000109851
9 0.395508 0.3125 0.0878906 0.101562 0.000109851
11 0.659668 0.313477 0.0361328 0.0390625 0.000109971
9 0.321777 0.263184 0.219727 0.145508 0.000111103
10 0.86377 0.857422 0.0517578 0.0625 0.000111341
3 0.896973 0.912598 0.206055 0.174805 0.00011152
11 0.345703 0.147949 0.125 0.0791016 0.000111938
8 0.553711 0.992188 0.0351562 0.015625 0.00011313
11 0.516113 0.988281 0.186523 0.0234375 0.00011313
13 0.24707 0.256348 0.09375 0.0595703 0.000113487
2 0.841309 0.0664062 0.317383 0.132812 0.000115097
8 0.409668 0.471191 0.0107422 0.0107422 0.000115335
9 0.944824 0.687012 0.0537109 0.139648 0.00011611
11 0.432617 0.654297 0.0625 0.0566406 0.000116289
8 0.37207 0.574707 0.0371094 0.0302734 0.000116467
0 0.841309 0.0664062 0.317383 0.132812 0.000116587
10 0.0175781 0.98584 0.0332031 0.0283203 0.000116587
2 0.990234 0.154297 0.0195312 0.308594 0.000117242
10 0.86377 0.841309 0.0751953 0.0791016 0.000118971
9 0.302734 0.833496 0.373047 0.286133 0.000120044
13 0.706543 0.16748 0.0205078 0.0244141 0.000121117
11 0.634277 0.081543 0.0712891 0.0166016 0.000121593
13 0.707031 0.288086 0.144531 0.169922 0.000121891
11 0.389648 0.424316 0.0761719 0.0771484 0.000122428
11 0.21582 0.0654297 0.431641 0.130859 0.000123382
8 0.841309 0.0664062 0.317383 0.132812 0.000123501
2 0.405273 0.397949 0.0683594 0.0634766 0.000123739
9 0.483398 0.203613 0.119141 0.262695 0.000126362
13 0.329102 0.291992 0.216797 0.150391 0.000126362
12 0.296875 0.719727 0.363281 0.150391 0.000126839
8 0.100586 0.489258 0.0078125 0.0078125 0.000127316
13 0.852539 0.219727 0.294922 0.439453 0.000128269
1 0.841309 0.0664062 0.317383 0.132812 0.000128508
9 0.449707 0.0131836 0.0439453 0.0263672 0.000128865
0 0.0551758 0.155273 0.110352 0.310547 0.000134468
9 0.529297 0.566406 0.273438 0.589844 0.000135064
9 0.459473 0.769531 0.133789 0.298828 0.000136495
11 0.79541 0.102539 0.325195 0.132812 0.000138879
11 0.699707 0.130859 0.12793 0.0742188 0.000141263
9 0.46875 0.408203 0.15625 0.5 0.000142694
13 0.364746 0.260254 0.0810547 0.112305 0.000142813
13 0.679199 0.185059 0.104492 0.12207 0.000143647
2 0.405273 0.402344 0.0273438 0.0214844 0.000144839
9 0.458496 0.612305 0.0419922 0.0429688 0.00014627
9 0.444824 0.262695 0.135742 0.181641 0.000146627
2 0.683594 0.25 0.117188 0.166016 0.000146985
9 0.294434 0.650879 0.387695 0.379883 0.000151992
9 0.389648 0.273926 0.117188 0.15332 0.000151992
8 0.239746 0.470215 0.0478516 0.0302734 0.000156641
3 0.519531 0.450195 0.150391 0.613281 0.000158072
9 0.958984 0.649414 0.0722656 0.216797 0.00015831
13 0.640137 0.228027 0.112305 0.124023 0.000159621
2 0.391113 0.41748 0.102539 0.15918 0.00015986
13 0.674316 0.21875 0.0693359 0.130859 0.000160575
13 0.70752 0.162598 0.0517578 0.0673828 0.000162363
10 0.276367 0.126465 0.0527344 0.0419922 0.00016427
8 0.666504 0.672363 0.0126953 0.0107422 0.00016582
11 0.358398 0.10791 0.0722656 0.0224609 0.000166059
8 0.700684 0.34668 0.0322266 0.0253906 0.000166655
13 0.439453 0.639648 0.0742188 0.0859375 0.000166893
11 0.0175781 0.98584 0.0332031 0.0283203 0.000169754
8 0.407715 0.398926 0.0537109 0.0498047 0.000170946
9 0.129395 0.737305 0.0322266 0.136719 0.000172377
13 0.974609 0.165527 0.0507812 0.331055 0.000174999
13 0.279785 0.232422 0.110352 0.0800781 0.00017643
10 0.863281 0.853516 0.03125 0.0449219 0.000176787
13 0.730469 0.112793 0.0917969 0.0576172 0.000180244
9 0.441895 0.634766 0.0751953 0.0917969 0.000181794
9 0.342773 0.439453 0.210938 0.533203 0.000186205
2 0.0551758 0.155273 0.110352 0.310547 0.000187039
13 0.689453 0.178223 0.179688 0.161133 0.000188112
12 0.342773 0.439453 0.210938 0.533203 0.00019002
13 0.132324 0.736816 0.0341797 0.129883 0.000190258
12 0.294434 0.650879 0.387695 0.379883 0.000196218
5 0.296875 0.442383 0.3125 0.605469 0.000196457
3 0.289551 0.92334 0.325195 0.145508 0.000200629
7 0.27832 0.126465 0.0507812 0.0380859 0.000201344
13 0.383789 0.283691 0.0761719 0.0888672 0.000204086
8 0.738281 0.543945 0.00976562 0.0078125 0.000204563
9 0.52002 0.505859 0.133789 0.25 0.000206232
13 0.268066 0.244141 0.0830078 0.046875 0.000207543
9 0.39209 0.433105 0.125977 0.34668 0.000210285
9 0.605957 0.708496 0.0849609 0.0419922 0.00022006
0 0.389648 0.424316 0.0761719 0.0771484 0.000223517
13 0.0551758 0.155273 0.110352 0.310547 0.00022471
13 0.23584 0.471191 0.0498047 0.0283203 0.000225544
11 0.00976562 0.991699 0.0175781 0.0166016 0.000226021
9 0.680176 0.271973 0.0771484 0.133789 0.000226855
11 0.128418 0.755859 0.0439453 0.109375 0.000228643
13 0.604492 0.23877 0.0683594 0.0732422 0.000228882
11 0.351074 0.0996094 0.0986328 0.0234375 0.000230551
11 0.638672 0.0908203 0.111328 0.0292969 0.000230551
12 0.515625 0.464844 0.152344 0.617188 0.000231504
2 0.657715 0.395508 0.0439453 0.0449219 0.000234604
8 0.595215 0.467285 0.0244141 0.0224609 0.000237465
11 0.734375 0.109375 0.0507812 0.03125 0.000237584
10 0.869141 0.824219 0.0488281 0.0664062 0.000238895
11 0.320801 0.131348 0.198242 0.0888672 0.000241637
9 0.081543 0.915527 0.163086 0.168945 0.000245333
13 0.304688 0.220215 0.0820312 0.0673828 0.000246763
4 0.659668 0.313477 0.0361328 0.0390625 0.000249624
9 0.493652 0.98584 0.178711 0.0283203 0.000256062
3 0.0927734 0.924805 0.185547 0.148438 0.0002563
13 0.660156 0.289062 0.121094 0.208984 0.0002563
11 0.863281 0.853516 0.03125 0.0449219 0.000257015
10 0.137207 0.77832 0.0517578 0.0566406 0.000257015
11 0.621582 0.132324 0.0908203 0.0634766 0.000258207
7 0.657715 0.395508 0.0439453 0.0449219 0.000258684
5 0.515625 0.464844 0.152344 0.617188 0.000259876
9 0.567383 0.302246 0.0898438 0.0927734 0.000260353
2 0.458008 0.613281 0.0429688 0.0449219 0.000269175
13 0.270996 0.269043 0.0966797 0.0888672 0.000272274
2 0.568359 0.267578 0.0234375 0.0253906 0.000290871
11 0.130371 0.808594 0.0498047 0.0976562 0.000294924
9 0.475586 0.862793 0.160156 0.264648 0.000295401
9 0.495605 0.624023 0.131836 0.355469 0.000303268
11 0.421875 0.123535 0.0820312 0.0439453 0.00030756
5 0.742188 0.5 0.335938 0.658203 0.000314236
8 0.313477 0.526367 0.0253906 0.0195312 0.000319719
9 0.277344 0.928223 0.302734 0.139648 0.000321627
9 0.685059 0.23584 0.124023 0.174805 0.000330925
0 0.536621 0.298828 0.15332 0.121094 0.000331402
13 0.327637 0.544434 0.104492 0.0810547 0.000332117
13 0.393066 0.424805 0.0849609 0.0878906 0.000337362
13 0.396973 0.355957 0.102539 0.217773 0.000340462
13 0.324707 0.219727 0.135742 0.103516 0.000357389
13 0.6875 0.399902 0.105469 0.0693359 0.000361681
6 0.659668 0.313477 0.0361328 0.0390625 0.000370264
9 0.743164 0.458496 0.330078 0.717773 0.000374317
13 0.731934 0.245117 0.202148 0.123047 0.000375986
2 0.408203 0.400391 0.046875 0.0371094 0.000392437
13 0.350098 0.248535 0.15332 0.135742 0.000397682
9 0.657715 0.395508 0.0419922 0.0449219 0.000399113
11 0.314941 0.110352 0.0615234 0.0253906 0.000400543
11 0.84375 0.059082 0.3125 0.108398 0.000408411
2 0.661133 0.314453 0.0371094 0.0410156 0.000418186
9 0.51416 0.264648 0.161133 0.443359 0.000439644
11 0.635742 0.138672 0.0722656 0.0292969 0.000460863
11 0.405273 0.102539 0.0859375 0.0273438 0.000462294
13 0.663574 0.295898 0.0693359 0.0957031 0.00047636
12 0.743164 0.458496 0.330078 0.717773 0.000477791
8 0.406738 0.402832 0.0283203 0.0224609 0.000478268
10 0.12793 0.793457 0.0488281 0.100586 0.000506401
11 0.757812 0.124023 0.09375 0.0644531 0.00051403
9 0.943848 0.711914 0.0400391 0.0761719 0.000520229
9 0.517578 0.266113 0.144531 0.208008 0.000573635
11 0.264648 0.136719 0.0644531 0.0488281 0.000578403
8 0.587402 0.464355 0.0400391 0.0322266 0.000593662
13 0.651855 0.421875 0.0673828 0.0898438 0.000672817
9 0.390137 0.425293 0.0849609 0.0947266 0.000678062
8 0.393066 0.424805 0.0849609 0.0878906 0.000701904
8 0.646973 0.288574 0.0126953 0.0107422 0.000730038
9 0.490723 0.269531 0.0888672 0.140625 0.000852108
11 0.346191 0.120117 0.186523 0.0449219 0.000880718
3 0.84375 0.059082 0.3125 0.108398 0.000964165
13 0.658203 0.408203 0.046875 0.0507812 0.0010252
9 0.292969 0.734375 0.349609 0.134766 0.00103092
11 0.621094 0.108887 0.0957031 0.0458984 0.00103188
11 0.133301 0.774902 0.0419922 0.0595703 0.0011425
11 0.68457 0.11084 0.1875 0.0830078 0.00118732
11 0.288086 0.116699 0.0605469 0.0380859 0.00126553
13 0.389648 0.273926 0.117188 0.15332 0.00136185
13 0.597656 0.240723 0.03125 0.0595703 0.00137043
9 0.660156 0.314453 0.0351562 0.0390625 0.00139236
7 0.659668 0.313965 0.0380859 0.0400391 0.00142193
11 0.710449 0.0996094 0.0498047 0.0214844 0.00147438
11 0.870605 0.837402 0.0498047 0.0791016 0.0014925
11 0.400391 0.11377 0.113281 0.0400391 0.00225067
11 0.693848 0.0952148 0.0849609 0.0263672 0.00228882
11 0.33252 0.10498 0.0810547 0.0224609 0.0026741
13 0.395508 0.312012 0.0917969 0.102539 0.0027256
2 0.390137 0.423828 0.0751953 0.0761719 0.00322533
13 0.680176 0.271973 0.0771484 0.133789 0.00365257
13 0.685059 0.23584 0.124023 0.174805 0.00404358
11 0.662598 0.101074 0.15332 0.0283203 0.00432587
11 0.36377 0.10791 0.139648 0.0302734 0.00457382
13 0.661133 0.314453 0.0371094 0.0410156 0.00469589
11 0.291992 0.124023 0.0996094 0.0546875 0.00491333
0 0.567871 0.299805 0.0908203 0.0917969 0.00592804
8 0.658691 0.394531 0.0439453 0.0449219 0.00640488
9 0.504395 0.739258 0.180664 0.5 0.00767517
10 0.125977 0.790039 0.0390625 0.0527344 0.0104523
8 0.659668 0.314453 0.0361328 0.0390625 0.0119553
11 0.324707 0.112305 0.114258 0.0332031 0.0137787
11 0.125977 0.790039 0.0390625 0.0527344 0.0149002
10 0.868164 0.839844 0.0371094 0.0488281 0.0199127
11 0.737305 0.111328 0.0800781 0.0507812 0.0233459
11 0.868164 0.840332 0.0371094 0.0478516 0.0236969
9 0.51709 0.461914 0.149414 0.603516 0.0303955
11 0.711426 0.103027 0.0849609 0.0361328 0.0321655
11 0.276367 0.126465 0.0527344 0.0419922 0.0347595
